0.971279 0.811233 0.536078 0.191634 0.568073
0.968434 0.811172 0.536507 0.189910 0.568205
0.960814 0.810635 0.537676 0.185239 0.568557
0.949846 0.808900 0.539395 0.178384 0.569056
0.936995 0.805289 0.541478 0.170101 0.569626
0.924022 0.799165 0.543912 0.160988 0.570265
0.911712 0.791249 0.546293 0.151944 0.570829
0.901498 0.781987 0.548639 0.143508 0.571341
0.893468 0.773348 0.550505 0.136614 0.571693
0.888549 0.766665 0.551868 0.131845 0.571904
0.886910 0.764013 0.552408 0.130054 0.572032
0.880549 0.761306 0.552491 0.126988 0.571195
0.863378 0.753056 0.552756 0.118381 0.569022
0.837965 0.738865 0.553056 0.105132 0.565930
0.807305 0.718338 0.553248 0.088235 0.562368
0.775425 0.691362 0.553444 0.068698 0.558806
0.745500 0.659705 0.553551 0.048137 0.555536
0.720236 0.626483 0.990130 0.428475 0.985206
0.701272 0.596198 0.990132 0.421436 0.983103
0.689314 0.574174 0.990093 0.416328 0.981725
0.685337 0.565703 0.990126 0.414366 0.981270
0.685059 0.568592 0.989823 0.415035 0.981179
0.684754 0.575946 0.989104 0.416739 0.980953
0.684197 0.586259 0.987991 0.419130 0.980521
0.683846 0.597649 0.986678 0.421773 0.979897
0.683751 0.608753 0.985264 0.424353 0.979086
0.684114 0.618414 0.983912 0.426600 0.978157
0.684745 0.626055 0.982696 0.428380 0.977183
0.685506 0.631465 0.981722 0.429642 0.976298
0.686136 0.634675 0.981074 0.430392 0.975653
0.686391 0.635762 0.980838 0.430646 0.975406
0.685503 0.635765 0.980925 0.430645 0.975285
0.682958 0.635739 0.981176 0.430635 0.974952
0.678934 0.635587 0.981575 0.430594 0.974456
0.673619 0.635230 0.982105 0.430504 0.973858
0.667232 0.634493 0.982758 0.430325 0.973217
0.660030 0.633252 0.983520 0.430028 0.972583
0.652264 0.631421 0.984367 0.429596 0.971986
0.644312 0.628823 0.985305 0.428988 0.971450
0.636497 0.625415 0.986313 0.428193 0.970967
0.629131 0.621214 0.987367 0.427217 0.970509
0.620908 0.616960 0.988089 0.426231 0.969723
0.580140 0.625304 0.981194 0.428168 0.962528
0.540114 0.631523 0.974379 0.429613 0.955482
0.502711 0.635428 0.967988 0.430520 0.948912
0.468922 0.637346 0.962180 0.430966 0.942976
0.439469 0.637812 0.957069 0.431075 0.937794
0.415299 0.637312 0.952839 0.430960 0.933532
0.396787 0.636537 0.949556 0.430780 0.930256
0.385500 0.635677 0.947560 0.430580 0.928259
