6.430130 3.179351 -49.383545 -7.505605 22.260592 4.913613 -9.320758 -0.336091 2.352227 35.269211 6.269314 -12.115499 -55.742313 -22.318186 6.670361 -16.003212 1.654325 0.531596 17.009789 27.622335 2.325428 -3.363264 -44.896709 -7.941445 7.346145 13.958615 5.643762 -10.882745 23.108757 34.074894
6.585783 2.838598 -49.643448 -7.535079 21.982855 4.978136 -9.439880 -0.393479 2.343322 34.983009 6.815064 -12.352075 -55.830849 -22.316072 6.393024 -15.882051 1.564032 0.525605 17.156887 27.042744 2.731678 -3.656469 -44.905849 -7.966222 7.096675 14.137053 5.492778 -11.013404 23.029993 33.879448
7.104278 2.276274 -49.912369 -7.488449 21.543282 5.037775 -9.567006 -0.550024 2.256241 34.465256 7.584388 -12.835795 -55.907978 -22.350605 5.944610 -15.711632 1.404494 0.333046 17.215355 26.276892 3.592705 -4.184499 -44.903217 -7.865706 6.737181 14.432611 5.124842 -11.316092 22.931404 33.540974
7.684458 1.445064 -50.227524 -7.472161 21.046839 5.162718 -9.780758 -0.837595 2.272434 33.387314 8.847979 -13.221065 -56.043282 -22.321716 5.435281 -15.394775 1.356666 0.012511 17.151928 25.034277 4.555899 -4.973515 -44.900555 -7.794219 6.311568 14.841527 4.737274 -11.564469 22.825871 32.987415
8.314178 0.126922 -50.882259 -7.364233 20.312870 5.234101 -9.838690 -1.038006 2.303775 32.284081 10.439830 -14.038291 -56.178635 -22.400230 4.732260 -14.890471 1.135084 -0.444111 17.206036 23.082695 5.698487 -6.188635 -44.829220 -7.629962 5.826002 15.313260 4.194011 -11.978518 22.610987 32.240582
9.324976 -1.377200 -51.724537 -7.045822 19.720900 5.333792 -10.059776 -1.433920 2.401989 30.667604 11.825666 -14.643080 -56.381771 -22.754009 3.717283 -14.604425 0.988005 -0.738822 17.390106 21.750586 7.058682 -7.592109 -45.109360 -7.420046 5.182074 15.681543 3.733970 -12.405706 22.426250 31.413355
10.226303 -2.526313 -52.718300 -6.762797 19.015306 5.021230 -9.978632 -2.048280 2.619025 29.168604 13.257238 -15.236492 -56.114807 -23.234869 2.723125 -14.098268 0.537484 -1.183994 17.461147 20.104702 8.498260 -9.136193 -44.970360 -7.311515 4.568444 16.014894 3.323472 -13.092601 22.070175 30.103043
10.964896 -4.115807 -53.570515 -6.502091 18.422836 4.785800 -9.909845 -2.779940 2.939055 26.823133 15.185738 -15.813957 -55.509926 -23.741581 1.470927 -13.716273 0.066058 -1.816839 17.519552 18.238424 9.477020 -10.921659 -44.825649 -7.354744 3.978768 16.412018 2.796270 -13.642597 21.636976 29.014160
11.598205 -5.574106 -54.347382 -6.145216 17.933254 4.376798 -9.568804 -3.386462 3.396953 24.483923 16.674339 -16.097511 -55.000191 -24.325037 0.297503 -13.302647 -0.272570 -2.345750 17.608505 16.454863 10.891937 -12.333320 -44.558353 -7.215755 3.509180 16.705528 2.398457 -14.329012 21.186050 27.579418
12.567459 -6.545288 -54.753242 -5.731905 17.557621 3.784123 -9.072277 -4.114760 3.650860 22.468822 18.423113 -16.544271 -54.152328 -24.730413 -0.639783 -13.042836 -0.433768 -3.098495 17.537626 14.437383 12.739155 -13.767206 -43.910839 -6.972418 3.282992 16.685602 2.405016 -15.160500 20.795067 25.463409
13.463593 -7.314606 -54.853729 -5.488212 17.227028 3.259245 -8.707159 -4.837440 3.759560 20.681282 19.747192 -16.856792 -53.136761 -25.066015 -1.296569 -12.828166 -0.628597 -4.107412 17.248482 12.597419 14.098425 -14.859542 -43.158058 -6.888134 3.219799 16.581177 2.429647 -15.912493 20.425066 23.593700
14.554648 -8.286669 -54.724236 -5.056014 17.283710 2.734594 -8.300016 -5.453030 4.035869 18.314659 21.106403 -17.182951 -52.062366 -25.308332 -1.825703 -12.434484 -1.172842 -5.235444 16.822708 10.544248 15.932356 -15.843099 -42.083271 -6.754668 3.152322 16.567209 2.594976 -16.534470 19.898243 21.505623
15.411143 -9.036404 -54.642170 -4.754275 17.297611 2.305258 -7.954946 -5.866150 4.327041 16.519228 22.212769 -17.200756 -51.153015 -25.389627 -1.921080 -11.780468 -1.654920 -6.189739 16.276014 8.605103 17.227137 -16.462698 -40.987156 -6.556104 3.461044 16.629272 2.690956 -16.921303 19.492023 19.715500
15.812074 -9.578671 -54.804272 -4.658242 17.175177 1.992003 -7.753602 -6.412263 4.655343 15.045420 23.700901 -17.120945 -50.315327 -25.477739 -2.239279 -11.447643 -1.623838 -7.153688 15.684661 6.691036 18.680254 -17.031115 -39.981216 -6.549749 3.400964 16.766781 2.834200 -17.391474 18.972332 18.163609
16.262705 -10.032193 -54.770817 -4.483150 17.213133 1.779890 -7.569753 -6.807967 4.933544 13.734186 24.508101 -17.173616 -49.384861 -25.499748 -2.314768 -11.143259 -1.833923 -7.847029 15.162576 5.346486 19.544180 -17.310953 -39.125465 -6.477764 3.665068 17.039946 2.841093 -17.445238 18.742199 16.865925
16.923464 -10.461675 -54.508793 -4.454630 16.993429 1.387643 -7.279168 -7.158419 5.008744 12.543435 25.474030 -17.242109 -48.472908 -25.459984 -2.432187 -10.977494 -1.942712 -8.233501 14.776961 4.391503 20.698143 -17.683578 -38.039566 -6.477452 3.698655 17.067331 3.035111 -17.465086 18.307362 15.774571
17.090582 -10.779828 -54.362125 -4.452084 16.960190 1.244415 -7.189175 -7.334454 5.176331 11.700707 25.714558 -17.214392 -48.028294 -25.487236 -2.423643 -10.663131 -2.329874 -8.539159 14.591226 3.707934 21.059015 -17.858166 -37.460835 -6.495746 3.832872 17.265799 2.985290 -17.444407 18.151592 15.023198
17.243937 -10.962252 -54.215874 -4.400657 16.992517 1.156885 -7.106205 -7.413505 5.343282 11.143134 25.954819 -17.222675 -47.635063 -25.482481 -2.370539 -10.372357 -2.585698 -8.690111 14.406592 3.168964 21.109768 -17.940224 -37.145142 -6.486028 3.992132 17.403734 2.899910 -17.417187 18.146711 14.541930
17.261486 -11.026706 -53.835712 -4.389904 17.168486 1.153816 -7.187924 -7.448524 5.439476 10.749963 25.988953 -17.226696 -47.413597 -25.455406 -2.282788 -10.122327 -2.899549 -8.678372 14.361779 2.956177 21.183098 -17.990068 -36.820148 -6.379049 4.227631 17.485973 2.786095 -17.289503 18.185867 14.189932
17.321613 -11.043949 -53.799500 -4.389103 17.145063 1.097320 -7.131858 -7.466158 5.444180 10.666888 26.136024 -17.243208 -47.377758 -25.424204 -2.314728 -10.124052 -2.869177 -8.676096 14.346965 2.870748 21.233856 -18.034180 -36.785759 -6.400478 4.190979 17.515451 2.793033 -17.272532 18.147488 14.139743
16.665091 -10.810297 -53.785934 -4.475662 17.434895 1.227893 -7.216856 -7.370086 5.625473 10.963025 25.340254 -17.105742 -47.523087 -25.581671 -2.143593 -10.284331 -2.862631 -8.637202 14.567151 3.315744 20.707048 -17.729906 -36.996559 -6.522778 4.283915 17.498133 2.765123 -17.245358 18.363628 14.375075
14.988082 -9.925186 -53.692451 -4.300946 18.731934 1.725648 -7.805910 -7.086587 6.506388 11.754610 22.942888 -16.720463 -48.190865 -26.021282 -1.570795 -10.364845 -3.187066 -8.361064 15.311604 4.404769 19.154192 -16.892929 -37.958294 -6.292825 5.052464 17.440826 2.448017 -17.047382 19.427937 14.876266
13.036057 -8.569552 -53.518646 -4.235108 20.331112 2.408036 -8.609621 -6.638644 7.596268 12.568833 19.620451 -16.254635 -49.601505 -26.801270 -0.848579 -10.264937 -3.510811 -7.924286 16.319881 5.775012 16.910398 -15.235210 -39.018166 -5.934482 6.390109 17.463614 1.896629 -16.585728 21.029068 15.467134
10.339610 -6.243991 -52.746887 -4.193557 22.757126 3.238433 -9.698196 -5.807691 9.460063 13.329612 15.277272 -14.807645 -51.098488 -27.693586 0.684907 -9.496498 -3.543534 -7.957011 16.487125 6.822087 13.100868 -12.856553 -39.438644 -6.174883 8.524427 16.962122 2.223012 -16.298473 22.164446 16.189123
6.643086 -2.644971 -52.089115 -4.625771 25.130602 2.938444 -9.222178 -4.997727 11.793336 14.256771 9.759720 -12.359417 -51.377357 -28.201042 3.391582 -9.084002 -2.824824 -9.127463 14.903003 9.065952 7.670732 -9.946366 -39.733322 -7.997648 9.775369 16.158281 3.559875 -16.480345 22.880074 17.421625
2.120892 0.291753 -50.525124 -4.357079 28.221611 1.325748 -7.122416 -5.213646 13.671173 16.172590 5.007873 -9.225693 -49.821602 -30.278347 3.827268 -10.126660 -0.713553 -10.759252 13.426680 12.362967 1.516505 -8.151178 -39.294884 -10.939955 10.591596 13.955149 6.564467 -17.384462 22.621933 18.692413
-2.472744 1.774755 -48.570141 -4.761289 30.811262 -0.034007 -4.537228 -5.378597 14.592512 17.282812 0.230927 -5.372945 -47.215584 -34.043179 3.640236 -11.156343 1.879054 -11.724398 13.504805 12.974477 -4.893453 -7.322518 -38.026989 -15.208205 9.957555 11.817568 9.690857 -19.407797 21.250994 19.974607
-7.544576 3.857485 -48.186142 -8.200933 30.329056 -1.876280 -1.428532 -5.933100 15.231478 16.473259 -3.685553 -0.467809 -44.030636 -37.106091 3.895186 -13.092183 5.498956 -13.426110 13.680128 11.981139 -10.449119 -6.446693 -36.698200 -18.967121 9.969435 8.939885 13.162112 -21.319672 20.422611 19.589088
-11.683465 6.995339 -46.395435 -12.925901 29.391853 -3.067478 2.286638 -7.574684 13.383846 13.660522 -7.175312 5.708314 -41.612438 -37.665871 6.444996 -14.284120 7.729446 -14.367699 13.670424 12.172517 -13.975148 -5.516201 -35.070793 -20.607536 11.184789 6.063676 15.213581 -23.078493 20.389046 18.973490
-14.260068 10.251491 -43.201015 -17.117878 28.437611 -4.877424 4.643894 -9.680379 11.953289 10.946842 -10.227868 10.544066 -35.681812 -38.133511 10.224450 -15.250747 8.537578 -15.799826 12.517917 11.547568 -16.132801 -3.302091 -30.250326 -21.862566 13.556425 2.645596 16.914534 -25.450224 19.684538 17.310879
-16.237524 12.621446 -39.592621 -20.500839 28.336557 -6.853970 6.534550 -12.909607 9.784852 8.316043 -11.391370 14.966292 -29.780836 -38.970348 14.116907 -13.900206 8.866324 -18.274942 10.075000 6.963830 -16.381500 -0.094481 -24.251688 -22.329605 16.578794 0.764043 17.884764 -27.328909 18.538317 14.598701
-18.126286 13.248096 -34.784206 -23.461914 28.734598 -9.011918 8.374670 -15.986875 7.888474 5.552034 -11.978265 17.365093 -25.733047 -40.823944 15.083395 -12.562533 9.335533 -21.087835 6.852487 4.539585 -16.480970 1.951045 -18.555880 -22.952168 19.322037 -1.283896 18.960014 -29.595003 17.242188 11.449713
-20.134331 11.303529 -30.333900 -25.843502 29.018517 -10.312688 9.106796 -18.665756 6.463541 1.463013 -12.228974 18.822767 -20.822393 -41.920979 15.729415 -11.758305 8.909533 -24.287622 3.688403 2.056717 -16.046322 1.661873 -13.088674 -24.383776 20.567234 -1.961642 18.799461 -31.756163 15.577950 7.983414
-21.797325 9.510811 -26.082802 -28.365419 29.023504 -11.890456 10.147169 -21.027676 4.670866 -1.268729 -12.498682 19.112202 -15.890500 -43.248463 16.603384 -10.420327 8.544365 -26.871538 0.797361 -0.830280 -17.066177 0.702477 -9.057262 -26.200800 21.957052 -3.170188 19.641640 -32.800053 14.290053 5.807248
-22.221012 7.324703 -22.147118 -30.160906 28.980461 -12.708191 10.673167 -23.544416 2.086059 -4.101556 -12.164901 18.388609 -11.319075 -43.856686 17.712900 -9.356587 8.211959 -28.621029 -1.554013 -3.551651 -17.375551 -1.640373 -5.208974 -28.001200 22.719261 -3.358350 20.165234 -34.568439 12.006707 3.327497
-21.961744 5.643474 -19.518055 -31.011765 29.013718 -12.946692 10.192567 -25.565701 0.432559 -6.499225 -12.387670 17.247133 -7.744481 -44.900318 18.408989 -8.995288 8.341931 -29.790779 -2.700298 -5.389247 -16.817694 -3.160954 -1.893651 -29.277292 23.199638 -2.630240 19.854403 -36.264965 10.224687 0.798224
-21.521147 5.004474 -16.914474 -31.758049 29.417875 -13.552532 9.973127 -26.880705 -0.609559 -8.448155 -12.271271 16.433617 -4.175771 -45.964828 19.345411 -8.624980 8.422490 -30.701691 -3.908919 -7.043990 -16.255190 -3.891691 1.487608 -30.173744 23.987473 -2.253782 19.510437 -36.672531 8.953650 -0.594453
-20.867525 4.571380 -15.127078 -32.445789 29.493105 -14.020057 9.901584 -27.948145 -1.355939 -10.242742 -11.808582 15.843637 -1.662840 -46.540993 20.028168 -8.433143 8.447648 -31.237938 -4.590185 -8.425443 -15.776326 -4.002199 4.373354 -30.926661 24.705021 -1.770000 19.304996 -36.832771 7.918437 -1.632055
-20.167412 4.273571 -13.938513 -32.765560 29.525997 -14.360470 9.804930 -28.626394 -1.839254 -11.347074 -11.271806 15.454975 -0.349455 -46.631733 20.345486 -8.320937 8.206294 -31.567934 -4.792892 -9.402535 -15.270007 -4.256652 5.440463 -31.285440 24.553421 -1.287304 19.131342 -36.788754 7.372111 -1.922809
-19.881670 4.032439 -13.966722 -32.870808 29.231722 -14.260351 9.520180 -28.814447 -1.964840 -11.754371 -11.045044 15.257953 0.016867 -46.628761 20.402815 -8.269477 8.068492 -31.712732 -4.813070 -9.805087 -15.103912 -4.453275 5.761374 -31.392164 24.474434 -1.049225 19.051924 -36.758369 7.241742 -2.178215
-19.978525 3.994434 -13.683284 -32.958485 29.374449 -14.319857 9.561161 -28.913433 -2.011215 -11.870820 -11.105540 15.256495 0.263060 -46.676346 20.529535 -8.255864 8.034981 -31.761406 -4.806451 -9.922233 -15.150725 -4.522292 6.027215 -31.480110 24.559258 -1.020327 19.033613 -36.796551 7.142864 -2.273545
-20.091940 3.919740 -13.386412 -33.073242 29.477671 -14.410094 9.499935 -29.072018 -1.993933 -11.974072 -11.205752 15.234495 0.738295 -46.867496 20.631962 -8.296765 7.969798 -31.877764 -4.723389 -10.156964 -15.328919 -4.607329 6.544373 -31.730272 24.701786 -1.000967 19.040606 -36.893986 6.975542 -2.387534
-20.411295 3.802795 -12.716082 -33.341145 29.715574 -14.514183 9.407776 -29.389784 -2.081702 -12.325713 -11.502817 15.235508 1.471797 -47.059296 21.054193 -8.383847 7.891242 -31.954584 -4.534015 -10.461077 -15.721507 -4.769022 7.418174 -32.052670 25.095503 -0.965202 19.030859 -36.972294 6.732680 -2.696408
-20.723122 3.607148 -11.895287 -33.579811 30.000643 -14.746104 9.282561 -29.797930 -2.131821 -12.637965 -11.882798 15.189354 2.325882 -47.328430 21.428797 -8.536343 7.809620 -31.949398 -4.277013 -10.744517 -16.285818 -5.000338 8.261196 -32.464798 25.471664 -0.856099 18.937666 -37.089611 6.558408 -2.959641
-21.236799 3.304292 -11.366448 -33.972843 30.054596 -14.893004 9.019611 -30.334780 -2.073704 -13.187947 -12.224701 15.057761 3.288112 -47.670212 21.789772 -8.617855 7.544586 -32.057159 -3.846501 -11.436688 -16.781994 -5.306516 9.400400 -33.021973 25.887274 -0.753826 18.799171 -37.445091 6.523659 -3.681299
-21.483690 2.780773 -10.423620 -34.108021 30.343710 -14.920986 8.408795 -30.887787 -2.061205 -14.006764 -12.719649 14.936283 4.848393 -48.020298 22.675421 -8.482495 7.331918 -31.797249 -3.612911 -12.163090 -17.581461 -5.521118 10.712122 -33.722931 26.586901 -0.684964 18.957785 -37.311249 6.432550 -4.261244
-21.992676 2.101495 -9.640255 -34.193016 30.564308 -15.106277 8.042724 -31.174314 -1.704987 -14.464934 -13.075995 14.707737 6.047515 -48.238564 23.269745 -8.288857 6.875120 -31.617874 -3.219697 -12.936490 -18.091681 -5.438711 11.792903 -34.187756 26.796412 -0.315863 18.586143 -37.405319 6.447456 -4.472166
-22.836672 1.580260 -8.202505 -34.561913 31.470238 -15.138054 7.939079 -31.101490 -1.315265 -15.421754 -13.467054 14.276525 7.863439 -48.620770 24.083221 -7.960083 6.044918 -31.327303 -2.760246 -13.948417 -19.051165 -5.300579 13.234583 -34.609718 27.665871 -0.067329 18.487827 -37.036678 6.588916 -5.153865
-23.498163 0.512447 -6.680164 -34.768028 32.663151 -14.991270 7.975292 -30.714010 -0.756239 -16.741318 -13.749713 14.233680 9.834814 -48.781345 25.099455 -7.638217 5.092200 -31.093306 -2.417708 -14.687631 -19.780876 -4.689183 14.899752 -34.808945 28.879679 0.355010 18.086452 -36.771671 6.580700 -5.585725
-23.387239 -0.834420 -6.109705 -34.496010 33.578224 -14.377313 7.637989 -30.366985 -0.200526 -18.246153 -13.884774 14.136260 10.771549 -48.781471 25.742142 -7.104199 3.976833 -31.019093 -2.081170 -15.332028 -19.865368 -4.477359 16.243515 -34.847565 29.737034 1.418117 17.180384 -36.473785 6.479871 -6.407151
-24.030363 -2.051833 -5.058843 -34.406628 34.953838 -14.136073 7.979325 -30.029434 0.334024 -19.341225 -14.218426 13.978339 12.052181 -48.876099 26.459892 -6.693627 2.793796 -31.398409 -1.873119 -15.899509 -20.461363 -4.159407 18.217569 -35.014553 31.302559 2.108980 16.508591 -36.401020 6.229821 -7.354067
-24.079998 -3.042825 -4.785261 -34.017334 35.531483 -13.709410 7.524036 -29.672153 1.015872 -20.314995 -14.246297 13.750964 13.325399 -48.654236 27.233116 -6.094835 1.336026 -31.930368 -1.878303 -16.585257 -20.810701 -4.078653 18.954397 -34.787830 32.247990 3.102650 15.480314 -36.149612 6.495666 -8.177729
-23.916254 -3.943249 -3.878926 -33.650578 36.701214 -13.280177 7.374160 -29.273565 1.763716 -21.776201 -14.240328 13.661763 14.253533 -48.487743 28.022636 -5.529362 0.086902 -32.142197 -1.679558 -17.224621 -21.724001 -3.843552 19.442619 -34.900681 33.051697 3.994490 14.530108 -35.781433 7.015270 -8.592535
-23.723312 -4.845622 -3.450607 -33.182247 37.344078 -12.912347 6.977548 -28.809317 2.424954 -22.718874 -14.168435 13.352072 14.606211 -48.106007 28.524405 -5.008016 -1.188823 -31.996508 -1.237844 -17.835604 -22.231298 -3.912167 20.084846 -34.874245 33.771423 4.973306 13.443693 -35.296394 7.474578 -9.335430
-23.715923 -5.948664 -3.021315 -32.811150 37.936184 -12.685634 6.706180 -28.305319 3.227666 -23.682775 -14.185539 12.787951 15.170588 -47.674377 29.155634 -4.645596 -2.526244 -31.793560 -0.775525 -18.353748 -22.952646 -3.794397 21.099255 -34.954098 34.696480 5.655282 12.585973 -34.957268 7.677533 -9.878309
-23.508369 -7.190029 -2.522814 -32.624115 38.463551 -12.299444 5.990142 -27.978558 3.995217 -25.019426 -14.350488 12.242578 16.284916 -47.497051 30.103205 -4.219411 -4.072365 -31.789463 -0.287460 -19.064505 -23.423903 -3.738945 22.532701 -35.224754 35.359734 6.436727 11.616043 -34.775658 7.807451 -10.625488
-23.527376 -8.140118 -1.844993 -32.505356 39.143837 -12.025120 5.677427 -27.767450 4.519107 -26.223227 -14.452624 11.838799 17.326414 -47.313740 30.935280 -3.994465 -5.135965 -31.801310 0.047751 -19.693205 -23.861689 -3.593057 23.870077 -35.540707 35.884956 6.975478 10.940341 -34.743935 7.712360 -11.162725
-23.489201 -8.948919 -1.677450 -32.331764 39.491447 -11.688245 5.347882 -27.452757 5.025752 -27.199705 -14.416443 11.304449 17.815344 -47.083294 31.478962 -3.672299 -6.040740 -31.583282 0.404265 -20.323433 -23.893530 -3.815494 24.506218 -35.647778 35.875568 7.532368 10.302068 -34.760704 7.641178 -11.676204
-23.380743 -9.557524 -1.626927 -32.225826 39.727592 -11.395551 5.142376 -27.261318 5.273752 -27.964962 -14.265560 10.890823 18.042835 -46.898788 31.734043 -3.449051 -6.643660 -31.503733 0.638139 -20.856798 -23.781538 -4.009480 24.960941 -35.761013 35.715046 8.038469 9.787938 -34.910629 7.552838 -12.172145
-23.317446 -9.718000 -1.582446 -32.190628 39.815498 -11.309569 5.050194 -27.226442 5.371731 -28.272097 -14.324542 10.776290 18.265766 -46.899296 31.890411 -3.422325 -6.811959 -31.447227 0.755122 -21.008926 -23.871155 -4.017508 25.155025 -35.843594 35.726578 8.177043 9.621552 -34.896160 7.584283 -12.295787
-23.317322 -9.720175 -1.580356 -32.190529 39.815765 -11.309241 5.051421 -27.226082 5.370692 -28.270372 -14.324232 10.772761 18.267670 -46.897945 31.891998 -3.421649 -6.811319 -31.446203 0.754398 -21.007872 -23.871214 -4.018118 25.154512 -35.843277 35.726734 8.175926 9.622294 -34.895958 7.584494 -12.295650
-23.317322 -9.720175 -1.580356 -32.190529 39.815765 -11.309241 5.051421 -27.226082 5.370692 -28.270372 -14.324232 10.772761 18.267670 -46.897945 31.891998 -3.421649 -6.811319 -31.446203 0.754398 -21.007872 -23.871214 -4.018118 25.154512 -35.843277 35.726734 8.175926 9.622294 -34.895958 7.584494 -12.295650
-23.317322 -9.720175 -1.580356 -32.190529 39.815765 -11.309241 5.051421 -27.226082 5.370692 -28.270372 -14.324232 10.772761 18.267670 -46.897945 31.891998 -3.421649 -6.811319 -31.446203 0.754398 -21.007872 -23.871214 -4.018118 25.154512 -35.843277 35.726734 8.175926 9.622294 -34.895958 7.584494 -12.295650
-23.317322 -9.720175 -1.580356 -32.190529 39.815765 -11.309241 5.051421 -27.226082 5.370692 -28.270372 -14.324232 10.772761 18.267670 -46.897945 31.891998 -3.421649 -6.811319 -31.446203 0.754398 -21.007872 -23.871214 -4.018118 25.154512 -35.843277 35.726734 8.175926 9.622294 -34.895958 7.584494 -12.295650
-23.317322 -9.720175 -1.580356 -32.190529 39.815765 -11.309241 5.051421 -27.226082 5.370692 -28.270372 -14.324232 10.772761 18.267670 -46.897945 31.891998 -3.421649 -6.811319 -31.446203 0.754398 -21.007872 -23.871214 -4.018118 25.154512 -35.843277 35.726734 8.175926 9.622294 -34.895958 7.584494 -12.295650
-23.319088 -9.718837 -1.581517 -32.191097 39.814884 -11.309406 5.052908 -27.226322 5.372737 -28.271084 -14.325807 10.775272 18.265753 -46.899723 31.889915 -3.421884 -6.809567 -31.446960 0.757113 -21.008390 -23.871166 -4.017563 25.154846 -35.842957 35.726402 8.176722 9.622671 -34.896164 7.585708 -12.295803
-23.319101 -9.718348 -1.581699 -32.191994 39.814743 -11.309047 5.052255 -27.225811 5.371610 -28.271053 -14.325971 10.775158 18.266291 -46.899265 31.890430 -3.422225 -6.810949 -31.447989 0.755946 -21.007652 -23.871452 -4.017494 25.155533 -35.842804 35.726448 8.176865 9.622845 -34.897026 7.585766 -12.294830
-23.319101 -9.718348 -1.581699 -32.191994 39.814743 -11.309047 5.052255 -27.225811 5.371610 -28.271053 -14.325971 10.775158 18.266291 -46.899265 31.890430 -3.422225 -6.810949 -31.447989 0.755946 -21.007652 -23.871452 -4.017494 25.155533 -35.842804 35.726448 8.176865 9.622845 -34.897026 7.585766 -12.294830
-23.318150 -9.718260 -1.582423 -32.190838 39.816795 -11.310006 5.050453 -27.224693 5.371957 -28.272797 -14.325799 10.777376 18.265570 -46.900021 31.889662 -3.423155 -6.810831 -31.448421 0.756098 -21.009039 -23.870792 -4.016792 25.155533 -35.842777 35.726086 8.176203 9.623323 -34.898399 7.586397 -12.296273
-23.318150 -9.718260 -1.582423 -32.190838 39.816795 -11.310006 5.050453 -27.224693 5.371957 -28.272797 -14.325799 10.777376 18.265570 -46.900021 31.889662 -3.423155 -6.810831 -31.448421 0.756098 -21.009039 -23.870792 -4.016792 25.155533 -35.842777 35.726086 8.176203 9.623323 -34.898399 7.586397 -12.296273
-23.318150 -9.718260 -1.582423 -32.190838 39.816795 -11.310006 5.050453 -27.224693 5.371957 -28.272797 -14.325799 10.777376 18.265570 -46.900021 31.889662 -3.423155 -6.810831 -31.448421 0.756098 -21.009039 -23.870792 -4.016792 25.155533 -35.842777 35.726086 8.176203 9.623323 -34.898399 7.586397 -12.296273
-23.318216 -9.718523 -1.582174 -32.190598 39.817017 -11.310147 5.050721 -27.225111 5.372366 -28.273767 -14.326085 10.777411 18.264618 -46.900360 31.888979 -3.423802 -6.809742 -31.448286 0.756708 -21.008814 -23.870792 -4.017882 25.156170 -35.842613 35.725975 8.175370 9.623486 -34.899982 7.585485 -12.294976
-23.318216 -9.718523 -1.582174 -32.190598 39.817017 -11.310147 5.050721 -27.225111 5.372366 -28.273767 -14.326085 10.777411 18.264618 -46.900360 31.888979 -3.423802 -6.809742 -31.448286 0.756708 -21.008814 -23.870792 -4.017882 25.156170 -35.842613 35.725975 8.175370 9.623486 -34.899982 7.585485 -12.294976
-23.319374 -9.715554 -1.583879 -32.192657 39.813053 -11.308598 5.052219 -27.226469 5.373937 -28.273062 -14.326646 10.777489 18.264515 -46.900234 31.888550 -3.422272 -6.809790 -31.448227 0.758444 -21.007811 -23.871159 -4.017919 25.156937 -35.842834 35.726036 8.176953 9.622764 -34.899017 7.584934 -12.293344
-21.460783 -7.345803 -2.683827 -28.278858 43.848186 -8.220870 7.904918 -25.258848 5.970020 -31.898237 -15.687324 1.787147 23.197598 -49.444305 28.850866 -9.200690 -7.364933 -26.482111 8.296689 -18.034359 -25.026451 -3.194221 21.387028 -36.478096 35.669544 10.412945 14.091188 -32.510532 5.960358 -15.905097
-21.460783 -7.345803 -2.683827 -28.278858 43.848186 -8.220870 7.904918 -25.258848 5.970020 -31.898237 -15.687324 1.787147 23.197598 -49.444305 28.850866 -9.200690 -7.364933 -26.482111 8.296689 -18.034359 -25.026451 -3.194221 21.387028 -36.478096 35.669544 10.412945 14.091188 -32.510532 5.960358 -15.905097
-21.460783 -7.345803 -2.683827 -28.278858 43.848186 -8.220870 7.904918 -25.258848 5.970020 -31.898237 -15.687324 1.787147 23.197598 -49.444305 28.850866 -9.200690 -7.364933 -26.482111 8.296689 -18.034359 -25.026451 -3.194221 21.387028 -36.478096 35.669544 10.412945 14.091188 -32.510532 5.960358 -15.905097
-21.460783 -7.345803 -2.683827 -28.278858 43.848186 -8.220870 7.904918 -25.258848 5.970020 -31.898237 -15.687324 1.787147 23.197598 -49.444305 28.850866 -9.200690 -7.364933 -26.482111 8.296689 -18.034359 -25.026451 -3.194221 21.387028 -36.478096 35.669544 10.412945 14.091188 -32.510532 5.960358 -15.905097
-21.460783 -7.345803 -2.683827 -28.278858 43.848186 -8.220870 7.904918 -25.258848 5.970020 -31.898237 -15.687324 1.787147 23.197598 -49.444305 28.850866 -9.200690 -7.364933 -26.482111 8.296689 -18.034359 -25.026451 -3.194221 21.387028 -36.478096 35.669544 10.412945 14.091188 -32.510532 5.960358 -15.905097
-21.882391 -6.849673 -3.834331 -29.504107 43.457127 -7.976802 8.547453 -25.130709 4.236466 -32.065323 -17.384752 0.187138 22.314362 -51.395950 27.290445 -9.138701 -6.461964 -28.362669 4.750902 -16.859390 -25.681740 -4.699173 20.651489 -36.006962 36.521179 10.123490 14.670029 -32.690319 5.651403 -15.977237
-21.947327 -6.855378 -3.737063 -29.665363 43.283920 -7.926974 8.602445 -25.214684 4.278206 -32.027199 -17.562662 -0.022850 22.297594 -51.275024 27.354670 -9.048978 -6.353211 -28.697004 4.533996 -16.638607 -25.617083 -4.590718 20.778973 -36.217587 36.349586 10.046658 14.708697 -32.693531 5.720295 -16.142694
-21.996367 -6.924444 -3.716397 -29.665840 43.326912 -8.008849 8.648174 -25.215412 4.290671 -32.043949 -17.645945 -0.079988 22.312086 -51.291500 27.313238 -9.115603 -6.468650 -28.693272 4.590584 -16.455263 -25.612974 -4.604703 20.909344 -36.309933 36.307228 10.024799 14.667877 -32.710289 5.591573 -16.073704
-22.003107 -6.895752 -3.726539 -29.715401 43.293434 -8.037224 8.647369 -25.238441 4.198608 -32.056011 -17.657116 -0.083139 22.282223 -51.297741 27.292923 -9.150629 -6.513453 -28.717934 4.569373 -16.428602 -25.598818 -4.615242 20.971849 -36.254002 36.273830 10.096987 14.738217 -32.779530 5.633554 -16.033514
-22.004442 -6.885173 -3.732006 -29.739017 43.271420 -8.040003 8.649720 -25.242195 4.172541 -32.056606 -17.657850 -0.083527 22.271177 -51.303043 27.299227 -9.155207 -6.526701 -28.700378 4.563663 -16.422831 -25.591074 -4.611635 20.978252 -36.256779 36.262199 10.108250 14.744669 -32.784595 5.637852 -16.031765
-22.003986 -6.884470 -3.732252 -29.737770 43.272591 -8.039446 8.650482 -25.240891 4.173343 -32.056339 -17.656355 -0.082265 22.270895 -51.302086 27.299007 -9.154393 -6.527962 -28.700964 4.562978 -16.422846 -25.592867 -4.612754 20.976702 -36.254982 36.264130 10.107843 14.746889 -32.783119 5.637742 -16.031168
-22.005791 -6.881723 -3.733551 -29.743170 43.268017 -8.038857 8.652097 -25.240376 4.171338 -32.056007 -17.657280 -0.088336 22.272121 -51.295475 27.298407 -9.156345 -6.533540 -28.706591 4.562516 -16.414667 -25.592813 -4.611814 20.976608 -36.256760 36.263622 10.104407 14.750385 -32.781727 5.639555 -16.035242
-22.008276 -6.886846 -3.732386 -29.744623 43.266479 -8.041632 8.650860 -25.240330 4.173521 -32.054970 -17.656725 -0.089746 22.270327 -51.299484 27.296610 -9.153934 -6.533660 -28.706089 4.559747 -16.416868 -25.591621 -4.614205 20.984020 -36.258442 36.263939 10.102236 14.748568 -32.781429 5.640074 -16.036171
-22.008251 -6.886822 -3.732108 -29.744093 43.266697 -8.041221 8.650758 -25.240416 4.174436 -32.055321 -17.657173 -0.088953 22.270010 -51.299747 27.295723 -9.153494 -6.532491 -28.706144 4.561345 -16.417255 -25.591644 -4.613962 20.983452 -36.258663 36.263714 10.101813 14.748738 -32.781219 5.640224 -16.036545
-22.006609 -6.862498 -3.734150 -29.768265 43.245365 -8.033687 8.648161 -25.244610 4.157153 -32.057522 -17.652201 -0.090882 22.267992 -51.284077 27.295420 -9.151790 -6.555956 -28.723616 4.550292 -16.405867 -25.593481 -4.598779 20.975351 -36.266121 36.254684 10.112576 14.760124 -32.775352 5.666122 -16.055849
-22.008226 -6.876251 -3.737879 -29.744799 43.266750 -8.040279 8.643527 -25.240992 4.173772 -32.051041 -17.660833 -0.088629 22.265877 -51.300922 27.296507 -9.155308 -6.535668 -28.706343 4.561945 -16.419203 -25.589302 -4.593632 20.974781 -36.266773 36.257641 10.111284 14.754695 -32.774521 5.658885 -16.055885
-22.009174 -6.880399 -3.737129 -29.743044 43.267761 -8.040586 8.644359 -25.241682 4.174975 -32.050331 -17.662455 -0.087337 22.264454 -51.302937 27.295097 -9.157222 -6.531128 -28.704536 4.564355 -16.419519 -25.589888 -4.593635 20.977453 -36.266842 36.257530 10.114477 14.753173 -32.774117 5.657546 -16.051994
-22.008596 -6.880547 -3.737138 -29.742737 43.268963 -8.040675 8.643620 -25.240423 4.175365 -32.051346 -17.660570 -0.086148 22.264830 -51.302048 27.294960 -9.156615 -6.531275 -28.704685 4.565196 -16.421461 -25.589327 -4.593272 20.977533 -36.266579 36.257401 10.115002 14.753616 -32.774662 5.657993 -16.052950
-22.008684 -6.880791 -3.737299 -29.742256 43.268955 -8.041162 8.643912 -25.240845 4.175644 -32.051010 -17.660532 -0.086455 22.265322 -51.301365 27.296089 -9.155814 -6.530484 -28.704208 4.564223 -16.421412 -25.589050 -4.592546 20.978556 -36.264664 36.257622 10.116611 14.754289 -32.774925 5.660335 -16.052402
-22.009550 -6.879639 -3.735858 -29.744839 43.268219 -8.041866 8.644336 -25.238447 4.178647 -32.052265 -17.660460 -0.089008 22.266321 -51.300438 27.297293 -9.155776 -6.529965 -28.703880 4.563912 -16.420835 -25.588564 -4.592564 20.979712 -36.265343 36.256828 10.115273 14.753607 -32.773869 5.663783 -16.054495
-22.008577 -6.868251 -3.732359 -29.756977 43.254517 -8.036459 8.647282 -25.244703 4.170906 -32.057121 -17.654652 -0.084463 22.267645 -51.290955 27.295006 -9.146169 -6.548696 -28.714388 4.560691 -16.410166 -25.587673 -4.588929 20.976286 -36.269268 36.251331 10.113317 14.759468 -32.776669 5.667041 -16.062475
-22.007584 -6.863559 -3.734620 -29.759634 43.250446 -8.037587 8.644941 -25.247381 4.164596 -32.055138 -17.657791 -0.088520 22.266678 -51.290684 27.295298 -9.153210 -6.549433 -28.719681 4.555494 -16.408234 -25.588282 -4.586530 20.975557 -36.270573 36.251083 10.113562 14.758730 -32.775276 5.667665 -16.064104
-22.007988 -6.864534 -3.734277 -29.759123 43.251049 -8.037749 8.645773 -25.247433 4.165131 -32.054947 -17.658018 -0.089120 22.266897 -51.290497 27.295214 -9.153301 -6.548957 -28.720163 4.555079 -16.407793 -25.587032 -4.587484 20.974804 -36.271847 36.250591 10.111984 14.758920 -32.776379 5.665405 -16.065495
-22.010202 -6.867835 -3.740958 -29.753723 43.257530 -8.038203 8.646164 -25.241922 4.177023 -32.057762 -17.658754 -0.085298 22.261635 -51.296963 27.294203 -9.150178 -6.541366 -28.709543 4.563193 -16.414293 -25.587049 -4.596268 20.977983 -36.266155 36.255291 10.109746 14.758293 -32.777077 5.662637 -16.057207
-22.010340 -6.867980 -3.740946 -29.753878 43.257668 -8.038095 8.646118 -25.241810 4.176920 -32.058125 -17.659035 -0.084499 22.260881 -51.297382 27.293678 -9.150350 -6.541578 -28.709873 4.563218 -16.414221 -25.587601 -4.596720 20.977888 -36.266293 36.255188 10.109399 14.758025 -32.777634 5.662128 -16.056679
-22.010403 -6.868515 -3.740465 -29.753357 43.256886 -8.037535 8.646888 -25.242554 4.177773 -32.056915 -17.658009 -0.086072 22.262384 -51.296631 27.293779 -9.149453 -6.539245 -28.709105 4.564324 -16.414976 -25.586725 -4.596453 20.977921 -36.265541 36.255489 10.109497 14.758562 -32.777054 5.663193 -16.057096
