28.674520 -32.918270 -11.129729 -22.999861 22.512747 10.992484 4.455643 31.500910 4.732135 9.639172 36.074070 -30.482742 -11.833150 -11.685465 23.318871 32.305729 10.272326 22.687487 5.940262 9.770999 26.181944 -32.570751 -5.687483 -6.756083 25.764103 21.533226 6.265744 29.210398 19.263554 11.245284
28.245882 -34.004009 -10.569195 -23.028072 22.746088 10.811829 4.440329 30.664278 4.131022 9.338614 36.000275 -30.939148 -11.004218 -12.412222 23.266127 33.070049 10.240798 22.305737 4.853188 9.247705 25.981081 -33.474201 -5.203208 -7.335419 25.623741 21.565025 6.675757 28.908432 18.650839 10.706552
27.372393 -36.050945 -10.053043 -22.937628 22.934559 10.077220 4.764471 29.087555 3.140693 8.889265 35.811157 -31.564455 -9.218407 -13.794391 22.808834 33.657200 10.762632 20.731998 2.907152 7.981477 26.059538 -35.162739 -3.718412 -8.665535 25.269453 21.266735 7.800236 27.806866 17.060593 9.346618
26.574907 -38.741825 -9.237947 -22.730545 23.233767 8.883568 5.110376 26.658417 1.751079 7.751297 35.586578 -32.499947 -7.040938 -14.928781 22.557840 34.205498 11.181890 18.880482 1.112614 6.451381 26.117350 -37.194904 -1.587759 -10.332023 25.108088 20.540245 9.367503 26.068037 15.072572 7.146124
25.592297 -41.781300 -7.885344 -23.057621 23.353289 7.784454 5.244860 23.339468 0.312040 5.406202 35.673840 -33.451885 -4.329741 -15.982662 22.100367 34.546555 11.795561 16.670437 -0.591655 4.704700 25.109087 -39.399990 0.611480 -12.080598 25.706745 19.816483 10.618794 24.373323 13.317946 4.451624
25.151646 -44.423920 -6.688738 -23.090219 23.729826 6.844893 5.439420 20.620325 -0.421384 2.663593 35.300735 -34.295349 -1.811226 -16.609280 22.421902 34.808273 11.638504 14.088976 -2.237896 3.127751 25.110321 -41.954567 2.683218 -13.266209 26.009565 19.060429 11.342519 22.050663 11.390929 1.853935
25.128283 -46.124569 -5.463667 -22.612621 23.900246 5.392971 5.233139 17.609518 -1.334401 0.628246 34.541283 -34.781719 0.757523 -17.321957 22.742630 35.230713 11.617784 11.222474 -3.966293 1.227056 25.033089 -43.483059 4.271865 -13.991182 25.920902 17.978811 12.113028 19.843563 9.964255 0.169773
24.517773 -47.261230 -4.465160 -22.033621 24.277449 4.002347 5.113717 15.004874 -1.772356 -1.093044 34.321251 -34.345978 2.473485 -18.010406 22.546400 35.458260 11.484138 8.898058 -5.490853 0.178655 24.880816 -44.209286 5.565492 -14.573672 25.783619 17.203833 12.388326 17.731861 8.942302 -1.241013
23.494461 -47.965618 -3.916508 -21.806463 24.808414 2.990690 5.099401 13.220057 -2.076012 -2.034770 33.280781 -33.875164 4.224854 -18.820675 22.698483 35.448372 11.753015 7.112934 -6.729222 -0.393600 24.710144 -44.442982 6.819276 -15.059278 26.261093 16.268148 12.967333 16.487389 8.334983 -2.564722
23.115032 -48.485870 -3.393384 -21.439342 25.334164 2.812696 4.719412 12.571047 -2.236010 -2.199286 33.027035 -33.584408 5.023540 -19.112425 22.780531 35.608604 11.683952 6.424966 -7.203217 -0.638134 24.605167 -44.518112 7.160357 -15.201357 26.341915 15.997473 13.164380 15.978482 8.092605 -2.909290
23.116793 -48.140800 -2.510397 -21.398188 25.717873 2.471526 4.909370 12.339891 -2.396238 -2.059725 32.712524 -33.159420 5.479348 -19.249861 23.027969 35.683979 11.461087 6.484571 -7.387563 -0.218514 24.528542 -44.134235 7.670995 -15.469370 26.324043 15.963556 13.368093 16.067829 7.713039 -2.720034
23.504045 -45.299412 1.875396 -21.380083 26.909008 -0.447090 7.001738 10.744967 -3.684563 -0.321441 32.390663 -28.501486 9.213073 -20.037565 23.711451 34.966106 11.121611 6.807034 -9.360142 3.112406 24.762619 -39.847439 11.700136 -17.573864 26.074461 14.823381 15.249501 16.302740 5.468151 -1.079030
22.956594 -35.237274 9.618848 -22.162704 28.878376 -6.379659 10.779592 10.134329 -6.224404 7.522867 31.735064 -18.593559 16.115675 -21.994307 24.989347 29.389788 12.538569 7.868084 -13.037019 11.757847 25.026810 -27.509169 16.172773 -21.209642 26.022758 10.209320 18.510908 18.952206 3.190772 4.759338
19.291777 -17.932087 17.739014 -25.765936 30.449276 -12.494981 17.403656 10.396339 -6.677670 15.638122 29.436626 -5.535771 24.409369 -20.767649 30.525745 19.202604 10.892740 9.055013 -14.450183 21.478289 20.740286 -6.611342 19.180141 -21.783337 31.555872 2.374988 19.069891 22.932659 2.781060 14.764129
15.199878 2.802638 21.767502 -28.879707 27.316048 -13.185946 16.571585 5.294934 -6.908660 30.118456 21.778273 3.780896 22.010710 -16.179302 34.727150 0.395027 13.884433 4.513431 -9.660864 31.630791 15.730433 9.813890 20.545496 -23.632055 31.959356 -8.502749 15.447529 13.575131 0.433286 24.592459
18.323069 14.894904 12.425075 -27.169523 17.875864 -15.519572 8.665007 -6.063673 -7.690577 40.037064 20.936228 8.233075 14.060138 -11.990175 32.894276 -11.741781 14.074565 -7.079671 -6.046685 28.660799 18.206434 20.262224 15.572949 -22.365105 26.786253 -15.025874 11.440692 -0.934182 1.844170 29.178535
31.680714 18.676952 8.668766 -23.027061 10.625442 -16.692356 1.798460 -18.980688 -7.667954 27.824795 31.881233 8.078156 12.017883 -6.260452 26.924101 -17.089930 13.583018 -19.222851 -3.988113 20.364195 27.065805 19.419865 11.221202 -17.896082 20.985992 -14.721424 5.648968 -14.415325 1.338962 27.975174
39.620705 16.265158 -3.905857 -19.744392 3.116008 -15.735738 -0.701686 -28.414867 -9.218888 13.803752 41.926430 7.653872 9.082909 -1.994577 18.891893 -19.563787 11.419302 -31.085302 0.678559 10.418294 38.295494 14.178961 5.073173 -11.057486 15.536602 -11.440345 1.583314 -26.824774 0.466206 19.029379
45.440556 7.767741 -11.817855 -17.259211 -1.644162 -13.844486 -4.109638 -32.632336 -10.934256 4.692162 52.534359 0.710446 6.734437 -0.044999 13.112371 -18.821302 10.341499 -33.119682 2.281757 0.763508 49.894398 6.533892 1.941503 -7.734411 10.053518 -8.418561 0.933889 -31.122772 -0.896080 10.567206
49.152691 3.100639 -12.444988 -16.000629 -2.268832 -12.245103 -6.452314 -33.377975 -11.364437 0.770201 57.376324 -4.235804 5.684247 0.129503 12.269688 -15.857063 10.053158 -32.782890 1.665735 -5.383814 56.248810 2.892699 2.428589 -6.724262 8.228920 -5.991152 -0.182293 -32.329967 -2.401883 5.896164
49.151577 2.608271 -12.363025 -15.942842 -2.257465 -12.117080 -6.898809 -33.927826 -11.582642 0.387975 57.633766 -4.786880 5.439209 0.164986 12.077024 -15.710856 10.018530 -33.072701 1.327331 -5.801582 56.655113 2.593173 2.765718 -7.009543 7.892375 -5.493498 -0.376521 -32.566250 -2.894899 5.500872
48.472404 3.145614 -12.434916 -16.274624 -2.501212 -12.714712 -5.977208 -34.026150 -11.842122 1.078241 56.697369 -3.739594 5.788321 -0.541747 11.784662 -16.604784 10.662881 -33.389950 1.485385 -5.463574 55.572819 3.243235 2.837701 -7.444798 7.913959 -6.266764 0.035474 -32.950226 -2.979466 6.213506
45.862419 4.184690 -12.248782 -17.122372 -2.422699 -13.604280 -4.671673 -34.706367 -12.634597 2.971503 54.048767 -2.686390 6.281481 -1.511166 11.512150 -18.378538 11.653363 -34.319286 1.186553 -4.139104 52.593994 4.581112 3.555360 -9.380216 7.685657 -7.632863 1.102287 -33.790493 -3.477157 7.774305
43.086433 5.321985 -12.909397 -17.851974 -3.122964 -15.428697 -3.518270 -36.500370 -13.522713 5.132309 50.558304 -1.022557 6.342903 -3.498309 10.817093 -20.719166 13.415683 -36.110588 -0.079620 -2.305911 49.154900 5.206360 4.008609 -11.203452 7.679711 -9.778424 1.678198 -35.253429 -4.219440 9.651240
40.257935 7.098132 -12.953411 -18.863026 -3.572389 -17.196743 -1.914005 -37.947613 -14.426744 6.633991 47.594219 -0.087600 7.187677 -4.510853 10.832406 -22.961952 14.420802 -37.726494 -1.781245 0.303228 45.801376 5.863379 5.049176 -13.103637 7.820605 -11.478024 2.347028 -37.073891 -5.909106 11.685998
37.152668 8.929652 -12.726245 -20.518190 -3.876938 -18.572758 -0.224335 -39.260986 -15.294538 7.625847 43.778767 1.381625 7.701651 -5.617983 11.097915 -25.412796 15.483007 -40.215691 -3.105090 2.341418 42.894386 7.122414 6.326990 -14.344773 8.391637 -12.738147 2.980299 -39.076427 -7.037354 13.228874
34.861759 10.192803 -12.303717 -21.783321 -4.408619 -19.860231 1.404865 -40.320236 -15.640744 8.059013 40.596439 2.786828 8.377677 -6.336593 11.007059 -27.289749 16.274607 -43.205605 -4.486164 4.172526 40.575153 7.402345 8.361437 -15.755510 8.999622 -13.870096 2.778502 -41.431252 -8.801400 14.415876
33.007408 11.247521 -11.931084 -22.919701 -4.996909 -21.184565 2.536192 -41.951527 -16.352224 8.367244 38.542198 3.278781 8.919505 -6.715347 10.364764 -28.785404 16.771923 -46.176277 -6.225929 5.728687 39.470196 7.228475 10.889624 -17.115900 9.027709 -14.733609 2.301576 -43.821709 -10.938609 15.544397
31.473680 12.098880 -11.914903 -23.836548 -5.717628 -21.879622 3.400519 -42.857437 -16.830929 8.710859 36.852566 3.774006 9.074735 -7.404716 10.010729 -29.301357 17.066050 -47.517296 -7.337924 6.828167 38.351376 7.059262 12.057067 -17.998777 8.763390 -15.287053 2.173573 -44.993324 -12.011994 16.556019
30.983313 12.314335 -11.873235 -24.198652 -6.131629 -22.237183 3.737514 -43.298916 -16.996077 8.778146 36.245995 3.780391 9.049619 -7.594334 9.805322 -29.508751 17.358564 -47.952579 -7.842390 7.228074 37.688156 6.614395 12.472266 -18.187412 8.945315 -15.826384 2.118925 -45.187111 -12.333667 16.931280
30.920694 12.262070 -11.910507 -24.247622 -6.214391 -22.240078 3.780539 -43.351734 -17.034012 8.800560 36.193226 3.702355 9.017719 -7.584613 9.814284 -29.513447 17.373240 -47.975590 -7.890913 7.245276 37.666965 6.594382 12.524874 -18.235186 8.884765 -15.821708 2.106673 -45.302906 -12.410361 16.974991
30.922604 12.263318 -11.909496 -24.245523 -6.214250 -22.239046 3.779902 -43.353558 -17.031750 8.800700 36.192093 3.700625 9.018171 -7.584710 9.815063 -29.512421 17.374990 -47.974648 -7.889777 7.246016 37.664337 6.586394 12.525079 -18.236788 8.885629 -15.823746 2.106439 -45.301117 -12.416636 16.977379
30.922535 12.255745 -11.907857 -24.256266 -6.220658 -22.232136 3.784900 -43.354687 -17.042326 8.801215 36.194721 3.702271 9.020533 -7.582281 9.814046 -29.506470 17.375753 -47.975048 -7.885039 7.247077 37.666271 6.593628 12.529222 -18.233175 8.883547 -15.816422 2.107567 -45.302582 -12.409108 16.980888
30.922480 12.255228 -11.906757 -24.257286 -6.222631 -22.230978 3.786514 -43.356129 -17.043146 8.802234 36.195362 3.702557 9.020516 -7.581863 9.813292 -29.506811 17.374872 -47.976368 -7.886254 7.247153 37.668911 6.598238 12.530478 -18.230927 8.883392 -15.815091 2.106684 -45.305344 -12.405949 16.980206
30.923210 12.256473 -11.906724 -24.255716 -6.221886 -22.231199 3.785439 -43.356567 -17.040777 8.801560 36.192719 3.698847 9.018823 -7.583695 9.816476 -29.512726 17.373158 -47.974377 -7.890768 7.247272 37.666180 6.589551 12.526875 -18.236662 8.884850 -15.821775 2.104140 -45.302052 -12.417262 16.979258
30.922585 12.255939 -11.907340 -24.255182 -6.221403 -22.231583 3.786007 -43.355961 -17.040028 8.801335 36.192719 3.698847 9.018823 -7.583695 9.816476 -29.512726 17.373158 -47.974377 -7.890768 7.247272 37.666180 6.589551 12.526875 -18.236662 8.884850 -15.821775 2.104140 -45.302052 -12.417262 16.979258
30.922729 12.255477 -11.906511 -24.256992 -6.222515 -22.230415 3.786745 -43.355988 -17.041861 8.801913 36.192970 3.700231 9.018529 -7.583155 9.816207 -29.513657 17.371769 -47.975204 -7.891354 7.246941 37.668568 6.595780 12.527152 -18.233456 8.885501 -15.820722 2.102722 -45.303757 -12.411958 16.977024
27.489559 9.027205 -17.839676 -19.941933 1.945968 -30.997051 2.852430 -38.855782 -17.386141 6.594933 35.461174 1.373196 11.938489 -3.218934 8.434930 -24.792580 17.409513 -51.799206 -5.288526 13.025914 36.937611 2.469507 16.260365 -13.861405 10.024949 -13.110478 5.250858 -47.500778 -9.959834 21.782030
27.489559 9.027205 -17.839676 -19.941933 1.945968 -30.997051 2.852430 -38.855782 -17.386141 6.594933 35.461174 1.373196 11.938489 -3.218934 8.434930 -24.792580 17.409513 -51.799206 -5.288526 13.025914 36.937611 2.469507 16.260365 -13.861405 10.024949 -13.110478 5.250858 -47.500778 -9.959834 21.782030
27.489559 9.027205 -17.839676 -19.941933 1.945968 -30.997051 2.852430 -38.855782 -17.386141 6.594933 35.461174 1.373196 11.938489 -3.218934 8.434930 -24.792580 17.409513 -51.799206 -5.288526 13.025914 36.937611 2.469507 16.260365 -13.861405 10.024949 -13.110478 5.250858 -47.500778 -9.959834 21.782030
27.895384 9.387165 -17.538036 -20.005831 1.920653 -30.569904 2.846583 -39.007744 -17.697632 6.535487 35.316952 1.567272 11.619979 -3.604247 8.244071 -24.792908 17.780672 -51.389992 -5.133093 12.496842 36.980911 2.550108 15.808279 -13.841487 10.178328 -13.458360 5.366619 -47.565876 -9.855330 21.084120
27.852655 9.295781 -17.557182 -20.094790 1.851675 -30.687059 2.777944 -38.937004 -17.599794 6.619943 35.366489 1.539229 11.705015 -3.476531 8.286621 -24.655508 17.770203 -51.449844 -5.100970 12.581069 36.999767 2.423607 16.005919 -13.885980 10.147818 -13.445480 5.376493 -47.488712 -9.619508 21.178799
27.849218 9.291997 -17.558718 -20.109415 1.838474 -30.691658 2.781386 -38.931702 -17.607494 6.619695 35.367741 1.541762 11.713668 -3.471028 8.285722 -24.650139 17.767834 -51.456467 -5.099364 12.591304 36.996895 2.417925 16.016008 -13.888048 10.142701 -13.446616 5.377084 -47.489708 -9.617818 21.196552
27.849638 9.295782 -17.558260 -20.114260 1.834867 -30.689051 2.780165 -38.929970 -17.604155 6.619790 35.365555 1.542504 11.712458 -3.472418 8.287186 -24.651649 17.769407 -51.452862 -5.098781 12.589108 36.996914 2.420616 16.014572 -13.890481 10.141301 -13.446019 5.380047 -47.485603 -9.609634 21.187201
27.858381 9.303384 -17.543907 -20.122969 1.823433 -30.673782 2.779624 -38.935230 -17.609451 6.623322 35.365807 1.533166 11.726567 -3.460188 8.292783 -24.631416 17.767540 -51.443951 -5.085792 12.598227 36.993473 2.415356 16.005560 -13.885230 10.144320 -13.448541 5.396847 -47.477543 -9.589011 21.171753
27.851780 9.294520 -17.552168 -20.117067 1.832461 -30.684559 2.781269 -38.932423 -17.608101 6.622966 35.363758 1.543206 11.711306 -3.468418 8.288736 -24.642757 17.766956 -51.447277 -5.094914 12.589614 36.996445 2.426460 16.006001 -13.890579 10.140549 -13.450545 5.390107 -47.480888 -9.594547 21.169636
27.851461 9.294069 -17.553083 -20.116346 1.833589 -30.685377 2.781289 -38.931713 -17.607735 6.622307 35.364376 1.544297 11.712452 -3.468255 8.286583 -24.640821 17.767317 -51.450165 -5.095093 12.589249 36.997589 2.426251 16.008331 -13.890738 10.139979 -13.449554 5.389872 -47.483662 -9.595948 21.170399
27.854382 9.301204 -17.547491 -20.121584 1.825842 -30.680496 2.779602 -38.937687 -17.610834 6.622111 35.363121 1.543672 11.715178 -3.468697 8.288988 -24.641527 17.763863 -51.446632 -5.095208 12.591719 36.995216 2.425872 16.001650 -13.890096 10.139993 -13.453597 5.393025 -47.479549 -9.591883 21.167553
27.856661 9.301356 -17.543926 -20.122248 1.825156 -30.677383 2.778551 -38.937775 -17.611664 6.623811 35.363022 1.544426 11.715807 -3.469420 8.287691 -24.639635 17.765461 -51.446976 -5.094646 12.590769 36.994949 2.426617 16.000500 -13.890181 10.139799 -13.455509 5.394612 -47.479931 -9.590663 21.165636
27.853924 9.301238 -17.551003 -20.119064 1.830393 -30.681540 2.778964 -38.933208 -17.606821 6.620873 35.361954 1.543712 11.715141 -3.469021 8.287327 -24.646915 17.772310 -51.448898 -5.091195 12.590692 36.993153 2.421350 16.003220 -13.888353 10.140886 -13.454881 5.394868 -47.481594 -9.592146 21.172548
