37.619244 13.482094 -4.247118 -11.522165 5.090517 -19.107815 39.242748 -9.704896 0.117329 28.177229 40.908287 15.441751 3.661982 -21.532280 12.665158 -24.842218 30.588356 2.990963 -16.087650 32.168026 34.011135 12.622490 -3.587225 -24.911579 10.694849 -32.443027 24.121531 6.925655 1.052291 25.411865
37.040066 12.964272 -4.157921 -11.649942 5.389082 -18.374269 39.797749 -8.907996 0.898451 28.427298 40.601799 15.665655 2.874678 -21.819504 12.819196 -23.988285 30.028862 3.961740 -15.824531 32.580730 33.589901 12.848338 -3.997217 -25.251379 10.673925 -32.044083 24.326248 7.446422 1.530051 25.216881
35.444141 12.361407 -4.365546 -12.057054 6.115658 -17.022964 40.584061 -7.309683 2.295291 28.795858 39.597309 16.213446 1.252494 -22.361673 13.015965 -22.616129 28.828110 5.148434 -15.383683 33.388435 31.940590 13.034472 -5.022406 -26.124380 10.627979 -31.228424 24.600840 8.519505 1.853762 25.516592
33.411503 11.984995 -4.999431 -12.664537 7.011784 -15.212748 40.916859 -5.310380 4.011461 28.775450 38.294792 16.526827 -0.460362 -23.004255 13.481748 -20.981953 27.501732 6.400142 -14.921533 33.521027 29.190908 13.145545 -6.646446 -27.787846 10.331601 -29.998932 24.868441 9.986398 2.206230 25.550411
30.722900 11.297703 -5.478971 -13.152347 8.210742 -13.616888 41.778358 -3.520205 6.135856 28.480814 36.142021 17.268438 -2.442382 -24.174612 13.938917 -18.898716 25.734045 8.063350 -14.479833 34.195980 26.217964 13.780478 -8.234967 -29.651962 9.922568 -28.295227 25.421555 11.491216 3.023433 25.834167
27.447834 10.507339 -6.114801 -13.544235 9.368644 -11.724558 42.563099 -1.823586 8.398685 28.542641 33.206913 19.103651 -4.665159 -25.599874 14.372628 -16.823769 23.876158 9.927913 -13.409587 34.958542 22.876785 14.260746 -9.584898 -31.669615 9.412604 -26.797956 26.339825 12.908088 3.881019 25.793648
24.744246 10.009665 -6.366623 -14.718413 9.754133 -9.839625 44.111393 -0.317783 9.783184 28.211470 30.356514 20.297356 -6.403795 -26.896851 14.632396 -14.991394 22.079458 11.062675 -12.963929 35.762833 19.617952 14.005643 -10.891701 -33.067589 9.628997 -25.256275 26.575899 14.583408 4.476255 26.194353
23.103043 10.176097 -6.510880 -15.844234 9.962751 -8.257617 44.723003 0.890971 10.883282 26.928558 29.011608 21.539183 -7.603774 -27.776764 14.866714 -13.705094 20.655951 11.499004 -12.555072 35.537804 17.204443 13.556992 -12.024524 -33.533436 10.066732 -24.429214 26.428730 15.436226 5.179491 25.989510
21.816500 10.543371 -6.823978 -16.535473 10.563416 -7.228502 44.955349 1.842850 11.746497 26.144009 27.692896 22.979303 -8.804640 -28.528545 14.972816 -12.802006 19.636110 11.617406 -11.856329 35.169884 15.109204 13.504529 -13.015871 -34.344658 9.956496 -23.779062 26.324991 15.786216 5.659540 26.021595
20.984169 10.521152 -7.011589 -16.881374 10.774359 -6.813213 45.291679 2.239241 11.994693 26.040960 27.139095 23.633190 -9.206743 -28.742273 15.146487 -12.450562 19.097242 11.711973 -11.458323 35.067142 14.081579 13.720472 -13.459145 -34.691395 9.936698 -23.390654 26.080751 15.752192 5.923411 26.154894
20.802029 10.219855 -6.022757 -16.854637 11.361212 -6.684278 44.954536 2.060902 11.653679 26.131048 27.115173 23.637863 -8.209968 -28.721811 15.590987 -11.837152 18.520046 11.567532 -11.843294 34.931816 14.101230 13.980563 -12.624008 -34.917393 10.059608 -22.794054 25.798840 15.779703 5.570925 26.138706
21.346279 8.130813 0.688668 -17.371239 14.562568 -6.644150 42.729736 1.429127 7.916100 25.814529 28.400352 22.391151 -1.056153 -28.737360 17.928020 -8.374227 15.860232 10.905710 -15.462913 33.837429 15.533496 13.784833 -6.874193 -35.859180 11.266794 -18.911901 24.267532 16.794054 2.687533 25.098000
22.626263 6.365255 10.077348 -19.225378 19.467627 -5.605237 37.661182 0.104012 0.484467 23.291019 29.576900 18.375710 7.483137 -27.446190 23.047171 -3.259415 9.528114 9.888535 -20.471882 32.549438 16.290556 11.240445 2.047537 -35.761761 16.188118 -13.446649 21.002804 18.676035 -2.364520 24.583019
22.691626 -3.154553 19.386276 -19.100527 27.742302 -2.931028 30.720123 0.098100 -6.258817 20.020172 27.676414 5.131183 15.669390 -26.550035 30.827795 1.945235 10.775496 13.012238 -20.669804 25.790525 17.679644 5.236217 8.949869 -29.297337 26.916683 -8.753281 17.592112 23.837446 -0.670666 18.425203
15.324950 -11.473756 22.562704 -17.705156 38.071175 -0.241757 22.444845 2.608569 -8.780531 20.287449 18.053972 -9.944172 21.419453 -22.992840 41.081730 5.568187 13.840855 15.352949 -15.120553 21.042885 11.950932 -2.956599 13.440976 -20.666431 40.909115 -6.901327 14.122842 25.602425 2.869050 12.042472
6.207819 -13.630799 24.434229 -18.763224 44.133617 5.367935 19.195242 6.267768 -2.983336 19.908628 8.293767 -13.143055 21.634327 -18.094296 50.470535 9.531507 6.924321 14.971634 -7.750175 20.514803 3.655100 -10.079004 14.568259 -14.827614 50.206055 -3.914873 9.440567 25.404758 6.377812 12.291131
1.777838 -7.686592 22.356703 -23.467096 45.801292 9.446525 19.772915 11.577902 1.990435 12.092558 1.691880 -9.168721 18.006193 -15.920156 54.786060 12.641814 -0.003516 15.222408 0.731562 20.917164 -2.951715 -5.038115 15.247715 -14.758654 53.188168 2.686667 3.419415 23.480322 10.692517 12.235950
0.780495 1.257921 20.177647 -27.377584 44.406719 12.504167 15.754992 10.983080 4.162791 6.876501 0.884183 -2.023010 16.834501 -17.896070 53.886101 16.266272 -5.180226 12.265807 2.169582 17.109144 -4.304198 0.999776 16.082821 -17.160240 51.551662 9.460201 -1.975471 20.343292 12.535672 10.363779
3.640343 7.890908 19.373989 -26.869675 43.911865 13.737638 10.865536 7.437384 6.379858 2.814886 3.200598 4.135509 18.180056 -19.559443 51.194935 18.220938 -6.088223 7.230919 1.158123 12.102657 -2.531364 5.630793 17.111666 -19.060596 48.578728 13.333744 -4.830452 15.010011 10.919168 7.346096
5.531175 9.737601 19.834749 -26.224365 43.814346 14.115048 7.921879 5.612334 6.519978 1.735781 4.889370 7.994433 18.233826 -20.737949 49.818783 20.098219 -7.769489 5.852207 1.165428 9.911389 -1.333401 7.761621 17.066656 -20.012457 46.680115 15.450815 -5.901230 12.611249 9.781921 6.256754
5.877246 10.003044 19.983734 -25.895332 44.032883 14.214928 7.485785 5.462569 6.741854 1.669808 5.060919 8.746246 17.949717 -20.999123 49.306427 20.438902 -8.047223 5.531725 1.061265 9.766309 -1.206717 8.152375 17.068077 -20.152334 46.287487 15.767403 -5.929988 12.229348 9.612895 6.330564
5.881751 10.798628 19.432314 -25.413475 44.171474 14.418018 7.377327 5.552109 7.493394 2.151322 4.627465 8.969729 17.265060 -20.740807 49.172401 20.386948 -7.786036 5.793024 1.624892 10.485909 -1.873637 8.801861 16.886631 -20.389059 45.828648 15.699968 -5.832337 12.198195 10.143146 7.449180
6.234088 12.285555 17.855682 -24.609064 44.152557 15.106850 7.046597 6.634211 8.504496 3.525505 3.703784 9.414961 14.441166 -20.305845 48.906105 20.062098 -7.230738 7.294261 3.169412 11.754761 -2.603909 9.497471 14.695567 -20.476028 44.221619 15.682648 -5.421458 12.658402 11.617053 9.086076
6.888574 13.858806 16.368961 -23.773699 44.394833 16.415260 5.720486 8.531533 9.374123 6.494782 3.099079 11.201233 11.009032 -19.673613 48.572803 20.677267 -7.681953 9.869235 6.150354 13.557182 -3.209167 10.182695 12.699664 -21.002296 41.826931 16.117008 -4.648716 13.667463 13.522672 11.858974
7.585314 13.835210 13.506190 -21.793793 44.473404 17.095490 5.463643 10.223573 10.957216 9.362624 3.503935 12.735840 7.301689 -18.611706 47.693356 20.952888 -7.744697 12.032048 9.193667 15.394425 -3.165581 11.671908 10.474467 -21.281027 39.543102 16.887653 -4.153241 14.913522 16.091644 14.340529
8.365115 14.847886 12.341561 -20.261894 44.425213 18.161400 4.755322 11.457563 12.218838 13.045529 4.098009 13.992355 4.842052 -17.794687 46.730713 20.806820 -7.395926 13.464647 11.170665 17.485895 -2.764047 13.203140 8.874599 -21.658085 37.322567 17.315100 -4.124890 16.050516 17.696735 17.463882
9.417345 17.431049 11.122263 -18.900927 43.977596 18.627747 3.326204 12.162384 12.914859 16.683643 4.929293 15.005016 2.659799 -17.037525 46.499645 20.297840 -7.846506 15.613743 13.175366 18.757568 -1.744805 15.616518 7.311689 -21.956656 35.219776 17.677876 -4.174799 17.270475 18.829222 20.274418
10.764339 19.761309 9.836040 -17.526619 43.728832 18.992094 1.713156 13.346671 13.350788 20.132162 6.035545 17.311655 0.313442 -15.942146 46.549717 19.876001 -9.069772 17.746168 15.652534 19.816219 -0.428922 18.141115 6.499099 -22.338251 33.468803 18.250072 -4.290772 17.944778 19.537430 21.817211
12.944881 22.251873 10.407507 -16.013868 44.813538 19.872856 -0.319612 14.964632 14.642942 21.790442 6.956982 20.228539 -1.132864 -14.951148 47.128006 20.122681 -11.132915 20.006588 17.789562 20.736101 0.896783 21.806965 6.360743 -22.590902 32.172569 19.887825 -5.299000 18.688776 20.474291 23.330067
14.047943 22.964178 10.391098 -14.351286 46.098534 19.943884 -1.424797 15.947863 15.771473 22.501844 7.556128 21.529097 -1.615921 -14.470295 47.456062 20.248896 -12.321890 20.689753 18.353594 20.946207 1.661036 23.762333 6.183989 -22.752584 31.603024 20.592140 -5.898952 19.255924 20.894081 23.858356
14.324491 23.157778 10.475530 -14.177588 46.200672 20.039188 -1.651960 16.040745 15.843836 22.639463 7.652208 21.640923 -1.739833 -14.331569 47.486950 20.245926 -12.567480 20.726877 18.368126 21.060461 1.815221 24.020050 6.077239 -22.636370 31.572624 20.679457 -6.108849 19.375134 21.003365 24.031258
14.325438 23.157623 10.478744 -14.179522 46.199318 20.042912 -1.652119 16.041279 15.844918 22.639153 7.650853 21.641026 -1.739609 -14.332242 47.488083 20.248722 -12.573658 20.728197 18.365116 21.064188 1.814474 24.021339 6.076285 -22.637774 31.571705 20.679935 -6.111577 19.373686 21.001255 24.035751
14.325438 23.157623 10.478744 -14.179522 46.199318 20.042912 -1.652119 16.041279 15.844918 22.639153 7.650853 21.641026 -1.739609 -14.332242 47.488083 20.248722 -12.573658 20.728197 18.365116 21.064188 1.814474 24.021339 6.076285 -22.637774 31.571705 20.679935 -6.111577 19.373686 21.001255 24.035751
14.325539 23.157135 10.478940 -14.179546 46.198895 20.043297 -1.651771 16.040882 15.845469 22.639032 7.650853 21.641026 -1.739609 -14.332242 47.488083 20.248722 -12.573658 20.728197 18.365116 21.064188 1.814474 24.021339 6.076285 -22.637774 31.571705 20.679935 -6.111577 19.373686 21.001255 24.035751
14.321772 23.157103 10.475636 -14.176819 46.203091 20.038954 -1.648864 16.044176 15.847070 22.641748 7.659168 21.645935 -1.737028 -14.326117 47.494251 20.251188 -12.569023 20.729683 18.376917 21.057009 1.816472 24.022154 6.081344 -22.639704 31.568331 20.682261 -6.100491 19.373617 21.005331 24.022461
14.319415 23.156157 10.471538 -14.173667 46.206783 20.033020 -1.650000 16.044405 15.844260 22.642881 7.658442 21.643085 -1.730959 -14.322947 47.501270 20.251377 -12.565098 20.734844 18.384731 21.055952 1.817118 24.024626 6.085949 -22.644901 31.562450 20.688122 -6.096611 19.375744 21.004993 24.018990
14.319979 23.156033 10.472997 -14.175621 46.205563 20.034348 -1.649282 16.044340 15.843789 22.642431 7.659866 21.647455 -1.736438 -14.325306 47.493576 20.252085 -12.569871 20.728495 18.376747 21.057093 1.817395 24.023960 6.082447 -22.639889 31.567541 20.683144 -6.100005 19.371647 21.005489 24.022352
13.974841 20.564264 13.769762 -10.316035 43.103710 23.809362 1.441193 11.001657 24.011774 23.748253 6.352509 19.969435 -5.309978 -16.972588 45.886440 16.346786 -16.111692 19.609173 10.981473 23.581537 -0.061583 21.616426 3.564749 -26.013824 29.980324 17.962494 -9.542084 19.211052 15.435254 26.099915
13.974841 20.564264 13.769762 -10.316035 43.103710 23.809362 1.441193 11.001657 24.011774 23.748253 6.352509 19.969435 -5.309978 -16.972588 45.886440 16.346786 -16.111692 19.609173 10.981473 23.581537 -0.061583 21.616426 3.564749 -26.013824 29.980324 17.962494 -9.542084 19.211052 15.435254 26.099915
13.974841 20.564264 13.769762 -10.316035 43.103710 23.809362 1.441193 11.001657 24.011774 23.748253 6.352509 19.969435 -5.309978 -16.972588 45.886440 16.346786 -16.111692 19.609173 10.981473 23.581537 -0.061583 21.616426 3.564749 -26.013824 29.980324 17.962494 -9.542084 19.211052 15.435254 26.099915
14.193758 20.758099 14.200648 -10.367536 42.684174 25.085907 2.442407 10.750708 24.520983 23.267952 6.523299 20.004705 -5.755206 -16.711689 46.560055 15.903535 -16.080013 19.524261 10.324645 23.036921 0.339718 22.270720 3.066379 -26.067179 30.648808 17.763306 -9.640359 19.508633 14.032072 25.553730
14.205575 20.876741 14.159260 -10.543643 42.637157 24.991024 2.283292 10.774402 24.382528 23.339308 6.450164 19.865738 -5.765099 -16.861677 46.493671 15.775551 -16.027834 19.578211 10.265651 23.077930 0.382212 22.184202 3.057002 -26.119387 30.650787 17.653316 -9.695110 19.477423 14.122602 25.477037
14.216351 20.873278 14.158882 -10.538200 42.646938 24.978699 2.271454 10.772277 24.370127 23.340673 6.449492 19.859903 -5.771544 -16.862400 46.486248 15.771189 -16.035021 19.566494 10.247910 23.091742 0.374994 22.155422 3.049917 -26.124840 30.641239 17.641005 -9.697875 19.471245 14.102805 25.495846
14.213700 20.870375 14.159654 -10.541701 42.648319 24.974594 2.268261 10.780428 24.376488 23.338959 6.447513 19.847298 -5.769321 -16.865923 46.485100 15.764980 -16.034426 19.567114 10.243172 23.092203 0.370482 22.149471 3.050098 -26.129082 30.639297 17.636312 -9.699143 19.475973 14.111394 25.491360
14.230222 20.884089 14.166442 -10.533789 42.673862 24.969664 2.245452 10.790919 24.380951 23.329851 6.448113 19.832920 -5.776035 -16.872837 46.496506 15.734654 -16.044596 19.565536 10.212476 23.084286 0.367672 22.153267 3.030070 -26.141922 30.639526 17.622850 -9.710630 19.478504 14.094886 25.483057
14.226311 20.883272 14.169151 -10.525682 42.671566 24.983891 2.264735 10.803086 24.405851 23.329735 6.447595 19.857172 -5.774349 -16.866320 46.491802 15.765789 -16.047905 19.573229 10.241857 23.093523 0.368355 22.160313 3.045934 -26.138659 30.632744 17.639141 -9.703348 19.474951 14.111055 25.489265
14.225452 20.880342 14.170346 -10.525431 42.670776 24.985296 2.268010 10.805335 24.407885 23.331396 6.450334 19.857988 -5.772123 -16.863602 46.495090 15.766201 -16.046661 19.576544 10.247010 23.089529 0.370576 22.161026 3.047170 -26.134806 30.638083 17.637383 -9.702677 19.473558 14.111279 25.485374
14.229212 20.879015 14.169339 -10.518314 42.673267 24.973701 2.259431 10.792726 24.402800 23.334646 6.449203 19.849329 -5.773526 -16.866997 46.492653 15.754050 -16.048922 19.569742 10.231709 23.092756 0.367722 22.156229 3.038972 -26.136604 30.637281 17.630793 -9.705829 19.476086 14.104341 25.486629
14.229292 20.880846 14.168559 -10.517077 42.676430 24.973286 2.258729 10.795787 24.404947 23.333229 6.448145 19.846960 -5.770851 -16.863960 46.492344 15.756860 -16.048975 19.565094 10.232260 23.095491 0.366896 22.154793 3.042318 -26.137135 30.631971 17.634777 -9.702581 19.469900 14.103219 25.492796
14.231381 20.880606 14.168299 -10.518541 42.674736 24.971600 2.255393 10.793338 24.400490 23.331556 6.447935 19.847208 -5.773188 -16.865837 46.492416 15.757566 -16.045832 19.570621 10.235682 23.093718 0.367606 22.153696 3.041421 -26.133699 30.636944 17.633284 -9.702953 19.471523 14.108608 25.487984
