-25.026037 -13.686714 10.528371 -36.762989 23.556190 -3.820667 8.285444 -33.179123 25.034616 -18.201471 -17.618538 1.700569 26.437000 -30.211554 34.901245 11.666978 8.685235 -39.085133 11.465365 -13.495455 -25.235634 -3.818596 16.170418 -51.038792 31.756655 -7.420081 -2.691601 -21.202776 4.445070 -17.813465
-25.144661 -12.028659 10.220267 -36.920773 23.097128 -4.297672 8.825233 -33.659489 24.209364 -16.531902 -17.931107 2.741416 25.613100 -30.581148 34.286705 11.105720 10.345956 -39.279934 10.898929 -12.278186 -25.261667 -3.335767 14.974119 -50.665611 32.113827 -8.429899 -1.395942 -21.109478 4.378449 -16.907078
-25.237299 -9.451577 8.884108 -37.018475 22.075226 -4.696974 9.997128 -34.112568 22.739985 -14.072855 -17.769669 3.852735 23.198145 -30.857779 32.653900 10.507381 12.942727 -39.162067 10.279467 -10.975223 -24.235672 -3.389999 12.256718 -49.935150 31.135954 -9.581355 0.339699 -21.545666 4.007948 -15.809363
-25.298035 -7.048445 7.893711 -37.482964 21.298725 -4.856579 11.000164 -35.078331 20.775463 -12.188625 -17.893686 4.954093 21.953152 -31.571329 31.513775 9.625546 15.423714 -39.556137 9.576657 -9.920510 -23.054281 -3.075915 10.192935 -49.450012 30.154455 -11.081017 2.652408 -22.472107 2.927300 -14.885566
-25.353758 -4.775904 6.707941 -37.642426 20.365988 -5.244982 12.080359 -36.242702 18.607748 -10.073834 -17.506575 5.459458 19.573332 -31.814930 30.058683 8.838357 18.052965 -39.349533 8.907519 -8.825303 -22.068869 -3.007971 8.238787 -48.907444 29.088846 -12.518273 4.621567 -23.219154 1.595458 -13.540009
-24.679043 -2.202057 5.115661 -37.367245 18.717281 -5.878009 12.299804 -37.151402 17.112617 -7.463861 -16.839813 6.359680 17.067595 -31.941973 28.211515 8.144206 20.435040 -38.954330 8.259964 -7.629094 -21.493011 -3.628284 4.896133 -48.412891 27.194731 -14.075208 6.429185 -23.738022 1.466609 -12.185437
-23.358742 -1.117123 2.314317 -36.834789 16.528646 -6.299007 12.248352 -37.740997 16.416649 -5.391984 -16.278330 7.193850 13.260011 -31.830811 25.827003 7.495716 21.927946 -39.024185 7.998781 -5.575082 -19.841021 -4.353292 1.650681 -47.712425 25.097691 -14.861829 6.973694 -24.429445 1.471648 -11.013023
-22.590412 -0.026705 0.686126 -36.503162 15.859312 -6.269484 13.060305 -37.231823 15.939263 -3.861056 -15.476879 7.587526 11.094912 -31.482248 24.300257 6.997262 22.172798 -39.241955 7.778348 -3.929670 -18.667704 -4.422564 -0.879941 -46.523392 24.260759 -15.563130 7.236093 -24.288994 1.761932 -9.926383
-21.774782 0.347334 -0.732427 -35.892311 15.459851 -5.916716 13.479395 -36.342140 15.816039 -2.935047 -14.591900 7.751332 9.310260 -31.047092 23.273003 6.881115 22.423279 -38.923592 7.469623 -2.760463 -17.625219 -3.957083 -2.761835 -45.477623 23.716438 -16.004791 7.571008 -23.806644 1.901281 -8.928949
-21.283249 0.538314 -1.748248 -35.509686 15.089898 -5.714761 13.650428 -35.893364 15.779470 -2.459581 -14.208722 7.758260 8.152248 -30.736094 22.711916 6.820148 22.577589 -38.631191 7.368343 -1.996751 -16.970430 -3.641093 -4.085649 -44.891476 23.186022 -16.052992 7.493171 -23.724771 2.317671 -8.539792
-21.403826 0.824439 -2.032791 -35.329849 15.231512 -5.716052 13.929556 -35.628113 15.866476 -1.986433 -14.398569 8.003863 7.591916 -30.744392 22.547419 6.665729 22.863523 -38.409592 7.429089 -1.403730 -17.132292 -3.353935 -4.750147 -44.715778 23.132524 -16.303310 7.633935 -23.680342 2.578013 -8.164863
-22.384682 1.891391 -5.216075 -34.188221 14.997571 -4.774480 14.089997 -33.995762 16.765503 0.724078 -15.299116 9.232467 4.530124 -30.780279 21.508209 6.157400 23.283239 -37.278458 8.862447 0.586826 -18.145269 -3.048659 -8.458004 -43.877735 22.113831 -16.959646 8.006480 -23.691582 3.966065 -6.859674
-22.564064 4.588568 -10.857121 -31.884220 14.383583 -3.408364 14.969721 -31.965668 18.170725 4.139265 -14.903167 11.286749 -2.361327 -28.386654 20.363029 5.934558 22.813932 -36.137188 10.884847 2.919837 -18.091106 0.531748 -14.361398 -41.603771 20.679592 -16.511230 7.972298 -23.513937 5.693794 -4.100141
-21.427019 7.363820 -18.053394 -29.752913 12.805112 -2.627373 11.132473 -25.710619 25.484207 11.390068 -14.575062 12.795162 -11.947568 -26.051497 18.654364 4.276371 23.209068 -32.189682 14.941260 8.653272 -17.472359 2.590446 -20.594458 -39.023216 18.199352 -16.753172 5.499672 -19.843975 11.172427 1.767639
-17.682652 8.179679 -25.939466 -24.540140 12.105111 0.115571 8.053725 -21.262871 28.139406 18.645838 -12.454341 11.753360 -22.846399 -22.572582 16.433596 3.213065 23.828194 -26.673447 20.373373 13.814940 -17.231771 0.206214 -31.152796 -37.043041 12.964737 -14.686707 3.089661 -15.861997 14.590737 10.508306
-12.766015 1.975380 -32.640987 -15.241635 13.797009 3.969655 3.091304 -17.610538 31.272987 24.734655 -6.900769 6.348054 -34.012707 -20.393236 10.934103 4.399945 22.733843 -23.406820 23.399677 15.661283 -13.620442 -4.403836 -40.355896 -33.984730 8.779804 -8.849822 -1.778934 -14.345487 14.717444 15.778645
-2.705208 -3.122371 -34.302952 -6.501844 15.745572 7.758774 -4.581403 -16.661247 31.350643 27.132639 0.939621 -3.540853 -41.785450 -15.990212 8.762174 8.958268 16.185579 -18.855135 24.528107 15.982046 -3.924504 -4.730288 -43.383526 -27.816156 7.907315 -2.604832 -7.914699 -11.297499 15.749526 16.099350
5.799408 -8.143013 -38.005287 -5.722184 10.449475 10.182405 -8.893756 -16.465691 28.683315 25.020609 10.403525 -9.807589 -45.710682 -10.306639 8.300435 10.677647 11.167013 -16.217171 26.324329 13.008340 9.218927 -6.900464 -44.416706 -20.477859 8.073992 1.889244 -14.207142 -8.866701 17.315510 12.947156
12.040967 -14.338689 -39.160408 -6.671258 4.645533 8.974670 -8.700508 -17.885370 25.212969 23.287735 20.929321 -12.681551 -45.543354 -6.807159 5.947739 10.325749 10.859333 -16.441694 26.128883 8.760125 18.543028 -12.764762 -43.138504 -18.555216 4.749023 2.447506 -16.261169 -8.739316 16.091576 11.123495
15.601756 -16.919395 -39.225853 -6.679440 1.938563 7.867256 -7.150258 -19.326712 22.645353 21.512705 26.572742 -13.372538 -43.527000 -5.915638 4.307977 10.426435 11.517947 -17.007187 24.490623 6.292747 22.390295 -15.479798 -41.292561 -19.185730 2.516816 2.485252 -15.442507 -9.432474 13.434062 9.837445
16.179842 -17.126575 -39.256268 -6.584274 1.693482 7.794314 -7.117312 -19.452560 22.432924 21.272924 27.243811 -13.454705 -43.404697 -5.836892 4.118322 10.600068 11.456209 -17.028667 24.308899 5.892892 22.857706 -15.744916 -41.129307 -19.043421 2.444191 2.476067 -15.428210 -9.491221 13.231732 9.691401
15.939889 -16.825602 -39.735851 -6.732247 1.439460 7.837886 -7.159058 -19.256763 22.259651 22.326696 26.978994 -13.456126 -43.992180 -5.861421 3.999593 10.063526 12.050702 -16.880985 24.505795 6.614397 22.716732 -15.638232 -41.728210 -19.177206 2.033077 2.198401 -15.270242 -9.638868 13.232537 10.607152
15.066113 -16.063826 -40.194382 -6.888215 1.571353 8.267529 -7.592459 -18.467541 22.298069 24.551775 25.830647 -13.409112 -45.326797 -5.850490 4.108679 9.589834 12.539427 -16.179558 25.057625 8.166847 21.219296 -15.116393 -43.331837 -19.209860 1.868082 1.934518 -15.378205 -9.554218 13.842144 12.462420
14.229292 -14.871955 -39.978119 -7.255562 1.681100 8.682384 -8.165689 -17.128681 22.089331 27.573572 23.615950 -13.434068 -47.107021 -5.690012 4.508458 8.858863 12.669579 -14.507092 26.204781 11.379392 18.956503 -14.297447 -45.088322 -19.325151 1.692046 1.536542 -15.499230 -8.997973 14.600751 15.290460
12.205328 -12.952047 -40.332546 -8.106135 1.601761 9.659200 -8.963329 -15.693040 21.807285 31.820276 21.072477 -13.337614 -48.956978 -5.420729 5.009187 7.540200 13.362339 -12.431393 27.539867 15.472614 15.735476 -12.479022 -47.413326 -19.579674 1.464815 1.727971 -15.664368 -8.022279 15.359563 19.087444
10.368338 -11.130651 -40.121571 -8.426457 2.437505 10.933574 -9.782196 -14.340688 21.247654 35.487076 17.804018 -12.798868 -50.448219 -5.170777 6.199548 6.748351 13.535460 -10.372426 28.543674 19.552179 12.290675 -9.517269 -49.097382 -19.669157 1.989660 1.986842 -15.401852 -6.428418 15.742546 23.087744
8.967596 -8.122285 -38.524784 -8.797935 3.769431 11.669860 -9.990097 -13.005160 20.389376 39.924828 14.200379 -12.090885 -51.115822 -4.974791 7.723189 5.702195 14.145113 -8.618070 29.107454 23.737406 9.748750 -6.128528 -49.595554 -19.860325 2.871758 1.409776 -14.453423 -5.137687 16.565989 25.809790
7.095511 -5.574158 -36.543217 -9.120829 5.391983 11.904050 -9.569909 -12.109559 19.957678 42.834656 11.357807 -11.105944 -50.711594 -4.962678 8.908166 4.900369 14.582056 -7.584691 29.096550 26.990900 6.830230 -2.991553 -49.569176 -20.377522 3.871335 0.718158 -13.446097 -4.160283 17.181116 27.911488
5.971790 -3.348658 -35.596764 -9.090086 6.754991 11.773705 -9.175151 -11.805835 19.728811 44.836815 8.449716 -10.120387 -50.360073 -5.187243 9.890760 4.188291 14.861745 -6.679541 29.088570 30.179853 4.792631 -1.032777 -49.778820 -20.515148 4.796658 -0.022680 -12.540910 -3.538966 17.414459 29.305782
5.284132 -2.378205 -35.067539 -9.042899 7.573508 11.745657 -8.868189 -11.704465 19.665068 45.567566 7.073843 -9.585353 -50.063679 -5.448027 10.373878 3.938945 15.124903 -6.351955 28.961643 31.500786 3.587257 -0.238044 -49.789490 -20.597109 5.389566 -0.413767 -12.030213 -3.125621 17.530449 29.853184
5.099282 -2.160083 -34.903229 -9.010904 7.795114 11.758220 -8.819915 -11.748785 19.638000 45.676811 6.721187 -9.427771 -49.981186 -5.543233 10.483788 3.881632 15.185727 -6.375371 28.943405 31.705420 3.307578 -0.022076 -49.723503 -20.593319 5.572347 -0.491104 -11.960686 -3.113262 17.551849 29.876268
4.212186 -1.487759 -34.254925 -8.725373 8.881824 11.888806 -8.913511 -11.780467 19.954081 46.090469 5.288646 -8.833090 -49.658039 -5.893188 10.972882 3.864875 15.025515 -6.594090 29.013454 32.196213 2.027031 0.539971 -49.486946 -20.489086 6.446846 -0.757958 -12.038877 -3.120633 17.893036 29.978531
2.090181 -0.120453 -32.791122 -8.487573 11.040213 11.858603 -8.845033 -11.900066 20.720682 46.725533 2.953989 -7.546513 -48.452232 -6.456060 12.146156 3.947047 14.603127 -7.311922 28.913052 32.566422 -0.367227 1.679331 -49.051907 -20.058805 8.582994 -1.998687 -11.814917 -3.280687 18.850319 29.954512
-0.486170 1.912208 -30.113924 -8.628783 13.698886 11.366177 -8.534998 -12.005281 21.893867 47.235493 -0.360063 -5.116596 -45.882526 -7.590238 13.785103 4.197704 14.043074 -8.391178 28.247177 33.287750 -2.957361 3.466994 -47.960911 -19.532557 11.454181 -4.336846 -11.033613 -3.461806 20.164143 29.809399
-2.902661 4.141383 -27.176380 -9.273969 16.118824 10.549729 -7.632902 -12.382024 22.828077 46.742077 -4.050277 -2.010767 -42.674671 -8.939676 16.140873 4.465909 13.798588 -8.811137 27.896915 33.841080 -5.710233 5.041737 -45.733753 -18.964357 15.075881 -6.674142 -10.147710 -3.549480 20.862007 29.153296
-5.330082 6.470480 -25.153656 -10.193242 17.754332 9.082649 -5.066355 -13.407235 23.402426 45.122372 -7.263020 1.310686 -39.283550 -10.764247 18.367342 4.531238 14.683461 -8.434000 27.449499 34.145573 -8.145780 6.676326 -42.808231 -18.635122 18.880436 -8.862280 -8.675975 -3.875903 20.869083 27.672466
-7.602185 9.369146 -22.259018 -11.570961 19.556017 7.214458 -2.166330 -14.266780 24.111364 42.753292 -9.694862 4.872443 -35.479790 -12.451440 20.877190 4.965982 15.066504 -7.330929 27.392620 33.836540 -10.169494 8.406594 -39.656326 -18.467613 22.387054 -11.568301 -6.629144 -4.014975 21.150288 25.888348
-9.306624 16.030125 -18.005859 -17.203217 19.332565 4.261642 -2.123363 -11.043338 27.546747 40.074276 -12.238901 7.999644 -29.518072 -12.353719 25.443472 3.817169 13.864895 -6.992208 26.705376 34.420441 -11.762513 11.954570 -34.615067 -19.615543 23.367512 -13.569298 -3.202538 -1.934838 26.103786 24.143631
-13.218067 20.304531 -11.805500 -20.204277 22.270020 1.752555 0.141640 -12.452849 28.325039 37.671860 -15.255145 12.551577 -21.557114 -15.068020 28.982615 3.785313 14.752559 -7.892753 25.166744 33.929405 -14.565878 14.715549 -29.259460 -21.118784 26.976171 -16.175755 -1.117040 -2.069992 26.411701 22.686205
-15.992488 22.165228 -5.246865 -22.870491 24.920855 -0.487619 3.173263 -13.826194 27.949278 34.081581 -18.236332 15.887866 -14.486269 -17.353374 32.025101 4.118665 15.188220 -9.593818 23.348682 32.639801 -18.084890 17.079580 -22.397291 -24.176048 30.428444 -18.407188 1.261643 -3.231167 24.862183 20.616575
-20.626135 19.914890 0.088896 -24.725555 27.451643 -2.119578 9.012966 -16.217070 26.740961 30.188995 -21.992617 17.133186 -8.161979 -21.478188 32.785019 5.837460 17.514114 -12.217048 19.436052 30.626596 -22.132170 16.950354 -16.845272 -27.368376 35.462753 -20.713451 2.549388 -3.918159 19.846903 17.266899
-23.401859 18.106617 4.274987 -26.850708 28.768248 -3.084992 10.305133 -19.061699 25.710957 24.543356 -24.023682 17.669436 -1.805786 -23.533543 34.315739 6.948388 16.750622 -15.719934 17.085144 27.345842 -24.160429 16.212442 -11.523193 -30.268328 37.664745 -19.988680 3.279257 -5.741423 17.310532 12.571111
-24.920427 15.538275 7.482759 -28.548878 29.449568 -3.680011 10.438570 -21.345379 24.914869 19.702377 -24.316015 16.927078 3.859685 -24.874243 35.586319 8.507432 15.205759 -18.245802 14.733194 23.372663 -26.217663 14.801365 -7.092536 -33.187347 39.010902 -19.862329 4.485259 -6.844830 14.886045 9.262464
-26.542114 13.437727 9.780396 -30.173090 29.703844 -4.462250 10.509651 -23.642744 24.497667 15.622155 -25.563223 16.528114 8.203541 -26.408400 36.770847 8.861620 15.414696 -19.476212 13.281566 20.973989 -28.452848 13.613582 -3.769047 -36.062511 39.706017 -20.062853 5.858302 -7.606501 13.055097 6.577143
-26.664989 11.422189 12.111661 -30.798624 30.246017 -5.198517 10.849082 -25.687746 23.819834 11.868844 -26.633862 15.754504 11.664761 -27.582331 37.516350 8.932995 15.808966 -20.926920 12.268179 18.493290 -29.320694 12.086302 -0.664358 -37.866505 40.125431 -20.040840 6.362670 -9.082116 10.978672 3.983663
-27.297781 10.020544 13.665370 -31.250223 30.830238 -5.497465 11.139207 -26.856045 23.726927 8.815124 -26.836456 14.871762 14.368117 -28.391014 37.561989 8.823586 16.050804 -22.899242 11.544939 15.640084 -29.722832 11.069486 2.046543 -39.151600 40.755989 -19.947063 6.735807 -10.508684 9.671609 1.435814
-27.217190 8.262910 14.442340 -31.522352 30.352369 -5.698316 11.055120 -28.392277 23.133457 5.784911 -26.933834 14.024239 17.096470 -29.213015 37.871960 8.947727 16.222788 -24.453674 11.023084 12.738756 -29.350529 9.963663 4.505302 -40.187542 40.954922 -19.530239 6.864628 -11.865665 8.698075 -1.185322
-27.359985 6.674649 15.405875 -32.025085 30.233812 -5.828492 11.093120 -29.107800 23.064419 3.549386 -26.389286 13.222717 18.977575 -29.704744 37.954342 9.003151 16.375113 -25.600302 10.687984 10.360782 -28.624462 9.089603 6.351143 -40.735859 41.066021 -19.086191 6.853147 -12.617549 7.743968 -3.066721
-27.400547 5.265331 16.603455 -32.570274 30.541227 -5.954661 11.534464 -29.329805 23.028095 1.666845 -26.090126 12.631155 20.546766 -29.939344 38.337189 9.165106 16.079664 -26.178919 10.423633 8.992936 -27.966326 8.379636 7.847213 -40.970142 41.322964 -18.489164 6.655798 -12.854690 6.925699 -4.437975
-27.297665 4.566969 16.902462 -32.798737 30.607121 -5.893462 11.727232 -29.272936 23.003164 0.921944 -25.794024 12.355904 21.149954 -29.933149 38.520733 9.344630 15.819544 -26.391369 10.269003 8.372645 -27.577908 7.925318 8.400424 -41.006355 41.444828 -18.153349 6.542994 -12.881411 6.600354 -5.163472
