-21.005640 -7.716334 6.222146 -27.946951 32.383434 5.116203 14.461547 -36.297779 15.035700 -25.123329 -18.483665 -1.990764 32.336327 -41.471367 22.085157 7.897873 2.684855 -35.484753 20.808287 -9.036101 -25.235634 -3.818596 16.170418 -51.038792 31.756655 -7.420081 -2.691601 -21.202776 4.445070 -17.813465
-21.261559 -7.148700 6.142719 -28.143202 32.086861 4.812383 14.666269 -36.450878 14.815706 -24.278139 -18.699305 -1.549252 32.063480 -41.600132 21.957087 7.658892 3.351151 -35.570969 20.553125 -8.472563 -25.300827 -3.572293 15.674554 -50.846725 32.005760 -7.875718 -2.124319 -21.126513 4.398090 -17.399727
-21.428068 -6.259106 5.960602 -28.397272 31.703674 4.470967 14.977548 -36.701221 14.423380 -23.281025 -18.832201 -0.912096 31.549168 -41.747509 21.589031 7.299291 4.353789 -35.737217 20.240032 -7.813409 -25.261667 -3.335767 14.974119 -50.665611 32.113827 -8.429899 -1.395942 -21.109478 4.378449 -16.907078
-21.467350 -5.116385 5.196326 -28.521544 30.994019 4.241446 15.288279 -36.864952 13.958544 -22.062979 -18.758190 -0.353705 30.505810 -41.743141 21.010742 7.031693 5.409669 -35.757801 19.961388 -7.234220 -24.741369 -3.398514 13.611684 -50.284817 31.658188 -8.859792 -0.682976 -21.205114 4.366412 -16.519497
-21.692110 -3.691040 4.696443 -28.701275 30.512259 3.836867 16.037113 -37.069668 13.285294 -20.635092 -18.511572 0.415974 29.233801 -41.737293 20.210665 6.649483 6.920638 -35.812943 19.477314 -6.664046 -24.235672 -3.389999 12.256718 -49.935150 31.135954 -9.581355 0.339699 -21.545666 4.007948 -15.809363
-21.633959 -2.341215 4.234079 -29.028982 29.981247 3.674785 16.302515 -37.465698 12.569752 -19.701712 -18.476969 1.210773 28.448065 -41.892437 19.794086 6.284028 8.334504 -36.093494 18.963465 -6.181969 -23.478144 -3.351922 11.155132 -49.664894 30.507578 -10.211713 1.340749 -21.965925 3.592705 -15.456081
-21.801392 -1.230526 3.785214 -29.438656 29.435474 3.395308 16.808336 -37.876389 11.855160 -18.789942 -18.540958 1.807324 27.807341 -41.948120 19.650808 5.915239 9.737991 -36.416039 18.284433 -5.746906 -23.054281 -3.075915 10.192935 -49.450012 30.154455 -11.081017 2.652408 -22.472107 2.927300 -14.885566
-21.909742 -0.173379 2.833973 -29.676693 28.427355 3.089398 17.041258 -38.258125 11.016546 -17.354252 -18.567257 2.010655 26.485947 -41.730152 19.233974 5.543649 11.075333 -36.551891 17.750851 -5.274501 -22.256128 -3.031543 9.276950 -49.014050 29.646204 -11.688297 3.531351 -22.947554 2.176271 -14.423041
-21.930836 0.883678 2.493981 -30.015112 27.980171 2.753350 17.588825 -38.700760 10.226456 -16.468779 -18.708809 2.153218 25.114180 -41.511780 18.840221 5.031161 12.460351 -36.579266 17.202269 -4.494496 -22.068869 -3.007971 8.238787 -48.907444 29.088846 -12.518273 4.621567 -23.219154 1.595458 -13.540009
-21.380613 2.101786 1.276330 -30.122572 26.624075 2.606541 17.270725 -39.132774 9.616568 -15.501431 -18.438267 2.326498 23.688276 -41.150234 18.349005 4.723480 13.582495 -36.488159 16.626686 -3.794461 -21.572920 -3.359657 6.267868 -48.617390 27.810091 -13.109524 5.400301 -23.364996 1.621203 -12.809835
-21.419947 3.448327 0.703487 -30.407026 25.732393 2.051536 17.655006 -39.571522 8.958385 -14.011453 -18.356833 2.674251 22.211901 -40.964249 17.701529 4.253477 14.888149 -36.451481 16.196215 -2.928069 -21.493011 -3.628284 4.896133 -48.412891 27.194731 -14.075208 6.429185 -23.738022 1.466609 -12.185437
-20.781599 4.345340 -0.691616 -30.318134 24.419672 1.700364 17.560900 -39.870743 8.593674 -12.598472 -18.168369 2.833300 20.194702 -40.851597 16.636160 3.920812 15.834348 -36.653877 15.836492 -2.030562 -20.730974 -4.204838 3.177721 -48.144379 25.965750 -14.494389 6.835000 -24.129194 1.448711 -11.826096
-19.950005 4.807734 -2.151121 -30.117756 23.306978 1.593800 17.566063 -39.839954 8.380808 -11.533628 -17.855812 3.229254 18.460236 -40.579178 15.836243 3.639616 16.560820 -36.868828 15.451907 -0.980752 -19.841021 -4.353292 1.650681 -47.712425 25.097691 -14.861829 6.973694 -24.429445 1.471648 -11.013023
-19.641834 5.336236 -2.780087 -30.308584 23.004341 1.616669 17.954601 -39.505291 8.201149 -11.123576 -17.471035 3.287565 17.498203 -40.334888 15.323489 3.442433 16.764994 -37.098423 15.072112 -0.241764 -19.324183 -4.513583 0.612343 -47.296097 24.784977 -15.311411 7.281276 -24.338846 1.557724 -10.671510
-19.502123 5.734499 -3.694304 -30.352411 22.363176 1.358843 18.403751 -39.136639 8.295685 -10.183208 -17.002789 3.394875 16.099796 -39.983673 14.532416 3.154501 16.982849 -37.303432 14.941306 0.551044 -18.667704 -4.422564 -0.879941 -46.523392 24.260759 -15.563130 7.236093 -24.288994 1.761932 -9.926383
-19.161297 5.793249 -4.215738 -30.144205 22.046198 1.255083 18.617899 -38.695038 8.367056 -9.575863 -16.578056 3.519843 15.125934 -39.722054 14.069536 3.081158 17.248322 -37.082260 14.654222 1.311866 -18.129574 -4.168799 -1.932838 -45.938335 23.947880 -15.781598 7.411063 -23.930338 1.748809 -9.265027
-18.934534 5.685174 -4.998049 -29.990948 21.571205 1.237328 18.648935 -38.302284 8.553136 -9.055244 -16.133755 3.516678 14.312373 -39.470879 13.664981 3.127301 17.267845 -37.078342 14.508038 1.634957 -17.625219 -3.957083 -2.761835 -45.477623 23.716438 -16.004791 7.571008 -23.806644 1.901281 -8.928949
-18.760284 5.537025 -5.607766 -29.835459 21.122391 1.047444 18.664680 -38.044315 8.824329 -8.608940 -15.778738 3.555958 13.628025 -39.265087 13.269086 3.125085 17.251957 -36.967224 14.445309 2.008545 -17.188158 -3.742944 -3.615022 -45.134861 23.339834 -16.047630 7.548667 -23.784681 2.146145 -8.633433
-18.671986 5.526032 -5.833099 -29.767666 21.002274 1.081789 18.678810 -37.876518 8.845141 -8.460946 -15.662312 3.603333 13.208762 -39.102806 13.141629 3.102988 17.261816 -36.861683 14.433911 2.269968 -16.970430 -3.641093 -4.085649 -44.891476 23.186022 -16.052992 7.493171 -23.724771 2.317671 -8.539792
-18.568853 5.525517 -6.046298 -29.691448 20.905752 1.122700 18.629013 -37.775070 8.902986 -8.371320 -15.578186 3.627130 12.979465 -39.056423 13.017301 3.064990 17.264694 -36.801117 14.463748 2.413059 -16.930613 -3.552551 -4.337982 -44.805744 23.104382 -16.109068 7.506680 -23.692354 2.428717 -8.431671
-18.788631 5.720249 -6.012294 -29.580307 21.171490 1.063944 18.857830 -37.595211 8.997159 -7.994120 -15.747253 3.843770 12.530996 -39.037102 12.953581 2.997212 17.461443 -36.644054 14.501214 2.791867 -17.132292 -3.353935 -4.750147 -44.715778 23.132524 -16.303310 7.633935 -23.680342 2.578013 -8.164863
-19.190416 5.749834 -6.997221 -29.138466 21.176262 1.434859 18.608011 -36.939369 9.478251 -6.999049 -16.145945 4.345662 11.299796 -39.060619 12.633331 2.889555 17.710781 -36.271671 14.827968 3.578192 -17.788465 -3.146164 -5.934665 -44.448910 23.086651 -16.677790 7.884897 -23.622486 3.163512 -7.808423
-19.672297 6.125304 -9.002995 -28.508827 20.879416 1.871355 18.364254 -35.717823 10.520012 -5.200803 -16.439617 5.515942 9.131371 -38.804115 12.071166 2.951788 17.757076 -35.597122 15.724336 4.475968 -18.145269 -3.048659 -8.458004 -43.877735 22.113831 -16.959646 8.006480 -23.691582 3.966065 -6.859674
-19.813936 6.999346 -11.832745 -27.181732 20.651508 2.432248 18.709475 -34.516727 11.320894 -3.076140 -16.413723 7.154049 5.962251 -37.547752 11.589135 3.112947 17.767986 -35.330791 16.264828 5.685757 -18.146757 -1.645628 -11.182659 -42.911839 21.370113 -16.531666 8.163515 -24.219454 4.115571 -5.907546
-19.914204 8.572480 -14.328144 -25.811653 20.840574 2.723418 19.501051 -33.289314 12.330515 -1.255926 -15.949902 8.668259 2.295444 -36.219639 11.031574 2.916706 17.446129 -34.225719 17.319620 7.507814 -18.091106 0.531748 -14.361398 -41.603771 20.679592 -16.511230 7.972298 -23.513937 5.693794 -4.100141
-19.583878 10.400971 -18.248020 -23.738752 20.889999 3.371685 19.331446 -31.508957 14.318638 1.682808 -16.024929 9.341865 -2.409024 -35.970055 9.471597 2.099671 17.699612 -32.124954 19.711029 10.125819 -17.660086 2.607957 -17.594763 -40.263939 19.525717 -16.511324 6.968510 -21.896946 8.343637 -1.380082
-18.115532 11.211650 -22.215210 -21.353968 20.493210 4.226059 18.028198 -29.276134 16.174465 5.726774 -15.775461 9.043612 -7.166410 -35.671108 7.845542 0.908800 17.591856 -28.677977 23.678804 12.581928 -17.472359 2.590446 -20.594458 -39.023216 18.199352 -16.753172 5.499672 -19.843975 11.172427 1.767639
-16.722870 12.327022 -26.328480 -19.172647 20.114897 5.122028 17.381397 -26.679716 17.505270 10.654418 -15.106760 8.603155 -12.583401 -34.500462 6.651328 0.542990 17.927193 -26.163092 26.122620 15.098189 -17.540405 1.887901 -25.923044 -37.813572 16.008070 -16.430931 4.874159 -17.423014 13.374831 6.251532
-15.471189 12.030200 -30.828844 -17.349768 18.927816 6.756498 15.364938 -23.374802 19.947340 13.913693 -13.994217 7.929998 -17.901955 -31.830948 5.906158 0.252545 17.669069 -24.392389 28.051785 17.544085 -17.231771 0.206214 -31.152796 -37.043041 12.964737 -14.686707 3.089661 -15.861997 14.590737 10.508306
-13.394573 10.124144 -34.444885 -14.885654 18.202631 8.741567 12.633843 -19.579559 23.060564 16.913647 -11.881619 6.387441 -23.852480 -29.671877 3.622171 0.581445 17.730806 -23.811401 28.542969 19.723852 -16.367184 -2.349094 -36.673527 -35.878452 10.570547 -12.197647 1.519053 -15.560665 14.332891 13.401625
-10.379480 7.155249 -37.390450 -11.604574 18.164818 10.596926 9.195182 -17.188337 24.972763 19.593180 -8.418260 2.863170 -30.083626 -28.132309 0.765827 2.058814 16.659765 -23.438814 28.585236 20.042789 -13.620442 -4.403836 -40.355896 -33.984730 8.779804 -8.849822 -1.778934 -14.345487 14.717444 15.778645
-5.839910 4.819582 -38.921665 -8.312812 18.081644 12.150850 4.553666 -15.504218 26.710167 21.665129 -4.517390 -2.048543 -33.860718 -26.064779 -0.661090 4.276475 14.212083 -23.134851 27.425064 19.546690 -9.791522 -5.066427 -42.058720 -31.724895 7.790754 -5.706596 -4.584736 -12.874208 14.627185 16.590712
-0.332670 3.170226 -38.976910 -5.820706 17.812595 14.026287 0.025858 -14.604147 26.856184 22.129457 -0.561138 -6.591394 -37.353012 -22.530727 -0.396152 6.730742 10.166922 -21.262152 27.244694 20.258558 -3.924504 -4.730288 -43.383526 -27.816156 7.907315 -2.604832 -7.914699 -11.297499 15.749526 16.099350
3.702775 1.401557 -40.640312 -5.251727 15.555813 14.758882 -2.318989 -14.249142 26.416332 21.774824 4.059468 -10.678822 -40.105503 -18.897085 -0.408444 7.662207 7.680297 -20.219351 27.256241 19.860819 2.892249 -5.113438 -44.015923 -23.512705 8.771986 -0.434606 -11.126928 -9.793393 16.840536 14.639954
8.099985 -1.416309 -42.166794 -5.523364 12.449284 16.329315 -4.558895 -13.867910 24.758293 20.139978 8.893702 -13.510242 -41.912228 -16.223860 -0.668799 8.638926 5.251770 -19.496094 27.987701 17.112299 9.218927 -6.900464 -44.416706 -20.477859 8.073992 1.889244 -14.207142 -8.866701 17.315510 12.947156
12.092621 -4.452471 -42.946842 -5.444165 9.801028 17.001944 -5.655962 -14.423923 22.653105 18.741915 14.718042 -15.461942 -42.298290 -14.533999 -2.171347 8.646610 4.994409 -19.074135 28.482431 14.430782 14.561317 -9.678004 -44.231026 -18.498320 6.967656 2.573078 -15.849036 -8.635590 17.062553 11.653989
14.815333 -7.166559 -43.897633 -5.292137 7.478340 16.190605 -4.452753 -15.185139 20.843977 17.962854 19.047312 -17.091286 -40.375938 -13.917052 -3.869036 7.808992 5.066570 -18.956966 28.268551 13.456152 18.543028 -12.764762 -43.138504 -18.555216 4.749023 2.447506 -16.261169 -8.739316 16.091576 11.123495
16.665113 -8.843534 -44.151424 -5.178361 5.966497 15.435283 -3.417644 -15.647013 19.766035 17.233950 22.224401 -17.745743 -38.993019 -13.012756 -4.432230 7.684549 5.477406 -19.280966 27.363659 12.070650 20.861385 -14.605029 -42.121670 -18.953609 3.321008 2.390979 -15.770114 -9.203641 14.527549 10.388439
18.328659 -9.818156 -44.199287 -5.260637 4.758689 14.963156 -2.776994 -16.020439 18.815470 16.366043 24.612822 -18.092434 -38.213734 -12.560112 -4.967729 7.761189 5.792459 -19.644814 26.530468 10.925895 22.390295 -15.479798 -41.292561 -19.185730 2.516816 2.485252 -15.442507 -9.432474 13.434062 9.837445
18.992332 -10.050817 -44.207413 -5.156125 4.487977 14.838656 -2.690197 -16.139380 18.621687 16.046528 25.386204 -18.197655 -38.064777 -12.423416 -5.166945 7.915797 5.789921 -19.699965 26.308311 10.473948 22.899496 -15.797308 -41.097889 -19.060760 2.405936 2.514812 -15.418577 -9.479280 13.174456 9.655969
18.917450 -10.031555 -44.235291 -5.163875 4.514303 14.894745 -2.738521 -16.123835 18.613256 16.131912 25.237911 -18.192671 -38.093815 -12.452429 -5.129712 7.914401 5.753240 -19.705357 26.316914 10.561547 22.857706 -15.744916 -41.129307 -19.043421 2.444191 2.476067 -15.428210 -9.491221 13.231732 9.691401
18.870716 -9.930208 -44.585419 -5.205629 4.331285 14.885763 -2.665018 -16.095613 18.521450 16.522882 25.205753 -18.185947 -38.323040 -12.481785 -5.217689 7.671428 6.068741 -19.703815 26.363180 10.771544 22.762466 -15.728453 -41.450695 -19.153955 2.192398 2.378556 -15.330640 -9.609345 13.206905 10.100603
18.686295 -9.703673 -44.714939 -5.288243 4.293118 14.977217 -2.736117 -16.007458 18.345358 17.108038 24.962439 -18.197741 -38.732895 -12.476645 -5.263119 7.388012 6.307673 -19.531912 26.563072 11.324075 22.716732 -15.638232 -41.728210 -19.177206 2.033077 2.198401 -15.270242 -9.638868 13.232537 10.607152
18.510201 -9.340666 -44.885674 -5.351357 4.261064 15.113955 -2.846483 -15.809052 18.200762 17.984198 24.731819 -18.220287 -39.198265 -12.453954 -5.279492 7.089562 6.683847 -19.215004 26.735249 12.011687 22.384592 -15.461570 -42.238892 -19.163084 1.926687 1.979439 -15.216052 -9.652029 13.390910 11.361193
17.862419 -8.911343 -45.156189 -5.378473 4.482266 15.500188 -3.146076 -15.429825 18.148067 19.185682 23.782068 -18.161942 -40.153748 -12.513663 -5.185975 6.924104 6.808988 -18.784033 27.130871 12.976397 21.219296 -15.116393 -43.331837 -19.209860 1.868082 1.934518 -15.378205 -9.554218 13.842144 12.462420
17.450281 -8.365372 -45.212864 -5.579517 4.423201 15.748563 -3.381766 -15.002503 17.883539 20.501019 22.998312 -18.116013 -41.096680 -12.564548 -5.168575 6.566353 6.998840 -18.074606 27.707939 14.337393 20.431396 -14.808944 -44.134727 -19.322515 1.609438 1.704555 -15.327526 -9.476085 14.049320 13.679976
17.118929 -7.698521 -45.053658 -5.707455 4.540204 16.119293 -3.681986 -14.432061 17.564428 21.951208 21.572575 -18.203798 -41.976761 -12.496995 -4.909956 6.206701 6.881362 -17.102644 28.351456 16.279226 18.956503 -14.297447 -45.088322 -19.325151 1.692046 1.536542 -15.499230 -8.997973 14.600751 15.290460
16.386011 -6.778611 -45.129810 -6.055714 4.484745 16.602087 -4.169088 -14.009352 17.292177 23.740284 20.578222 -18.078098 -42.925594 -12.422650 -4.846245 5.590328 7.305146 -16.174438 28.839518 18.183126 17.612398 -13.689111 -46.239120 -19.500984 1.382524 1.540997 -15.596076 -8.558416 15.014840 17.072159
15.401746 -5.643484 -45.243027 -6.542144 4.378415 17.172747 -4.692980 -13.436973 17.006771 26.052263 19.278349 -17.659225 -44.124737 -12.160495 -4.336764 5.269312 7.895936 -15.064267 29.126392 20.236139 15.735476 -12.479022 -47.413326 -19.579674 1.464815 1.727971 -15.664368 -8.022279 15.359563 19.087444
14.618315 -4.763652 -45.157307 -6.800192 4.646435 17.726881 -5.147512 -12.748223 16.910706 27.775587 17.950689 -17.325718 -45.273174 -11.712657 -3.620860 5.063763 8.131622 -14.137863 29.335640 22.073423 14.208398 -11.133808 -48.292767 -19.566921 1.609846 1.849321 -15.520026 -7.246414 15.539630 21.088963
13.617944 -3.790903 -44.727688 -7.238010 4.984792 18.252825 -5.588744 -11.987946 16.655500 29.862337 16.134842 -16.944117 -46.295036 -11.221636 -2.608574 4.755474 8.308470 -13.337593 29.559345 24.072592 12.290675 -9.517269 -49.097382 -19.669157 1.989660 1.986842 -15.401852 -6.428418 15.742546 23.087744
12.893238 -2.350889 -43.830090 -7.640860 5.463565 18.536015 -5.896460 -11.400459 16.195196 32.323635 14.538324 -16.724621 -46.789013 -10.810342 -1.538173 4.268231 8.649228 -12.557055 29.810133 25.878412 10.847969 -8.071980 -49.370247 -19.814709 2.438080 1.734151 -14.989711 -5.667903 16.166649 24.553619
12.077495 -0.876585 -42.892368 -7.861242 6.123076 18.668133 -5.905989 -10.727832 15.880428 34.729328 12.551394 -16.279140 -47.250038 -10.605479 -0.627701 3.769709 8.930575 -11.697261 30.116982 27.892630 9.748750 -6.128528 -49.595554 -19.860325 2.871758 1.409776 -14.453423 -5.137687 16.565989 25.809790
11.098293 0.105207 -41.841999 -7.987741 6.958779 18.872131 -5.817233 -10.200211 15.617770 36.335289 11.118416 -15.766941 -47.264423 -10.491329 0.042815 3.180309 9.337318 -11.031606 30.277500 29.609426 8.166362 -4.467400 -49.839130 -20.140257 3.274069 1.079544 -13.942372 -4.512157 17.014730 27.082443
9.971896 1.433177 -40.939510 -8.147521 7.677599 18.643641 -5.415558 -9.901217 15.469078 38.111351 9.684824 -15.234488 -46.827785 -10.454964 0.756533 2.819747 9.402203 -10.574961 30.274826 31.017477 6.830230 -2.991553 -49.569176 -20.377522 3.871335 0.718158 -13.446097 -4.160283 17.181116 27.911488
9.264580 2.624760 -40.260921 -8.149200 8.499901 18.495913 -5.238326 -9.777597 15.375883 39.292393 8.099520 -14.578234 -46.619537 -10.505842 1.279739 2.382734 9.482190 -10.096201 30.270735 32.824951 5.715991 -1.800642 -49.734371 -20.486902 4.354171 0.298519 -12.886613 -3.767506 17.356804 28.698519
8.650990 3.427105 -39.950359 -8.139742 9.012178 18.358177 -4.957228 -9.538197 15.301779 40.402103 6.780416 -14.216851 -46.465878 -10.570910 1.786262 2.061895 9.547738 -9.755703 30.344139 34.046265 4.792631 -1.032777 -49.778820 -20.515148 4.796658 -0.022680 -12.540910 -3.538966 17.414459 29.305782
8.106939 3.955478 -39.688408 -8.169618 9.476011 18.296183 -4.795472 -9.387950 15.375484 40.942917 5.917111 -13.758950 -46.256626 -10.702473 2.162469 1.864643 9.721109 -9.508903 30.333551 34.834679 3.970570 -0.513435 -49.822155 -20.592062 5.156773 -0.246644 -12.186721 -3.241993 17.477522 29.657043
7.985073 4.225318 -39.422569 -8.118096 9.756011 18.214577 -4.662304 -9.351184 15.351895 41.202301 5.351450 -13.542850 -46.128494 -10.804092 2.392804 1.715661 9.843040 -9.390492 30.312111 35.359055 3.587257 -0.238044 -49.789490 -20.597109 5.389566 -0.413767 -12.030213 -3.125621 17.530449 29.853184
7.910102 4.294456 -39.324429 -8.105098 9.859729 18.189726 -4.608890 -9.356434 15.321516 41.305225 5.172739 -13.452255 -46.106804 -10.859859 2.443705 1.681998 9.907467 -9.385006 30.279457 35.494598 3.442548 -0.139098 -49.765907 -20.601879 5.478180 -0.456358 -11.975162 -3.109734 17.528366 29.878223
7.813937 4.378420 -39.264156 -8.085678 9.960888 18.199581 -4.623621 -9.351811 15.376747 41.334805 5.010334 -13.307604 -46.039883 -10.895219 2.530098 1.665720 9.936293 -9.430823 30.268188 35.519608 3.307578 -0.022076 -49.723503 -20.593319 5.572347 -0.491104 -11.960686 -3.113262 17.551849 29.876268
7.474460 4.613122 -39.019039 -7.995341 10.373624 18.246634 -4.726712 -9.351166 15.581520 41.433537 4.398923 -13.074236 -45.953144 -11.043969 2.713465 1.674577 9.842694 -9.539179 30.330269 35.693558 2.782357 0.172306 -49.633701 -20.562326 5.912395 -0.566832 -12.045004 -3.125012 17.738567 29.898132
6.977285 5.044109 -38.585320 -7.857825 11.001838 18.251915 -4.743231 -9.328812 15.819658 41.671036 3.609624 -12.620019 -45.817406 -11.273479 2.942544 1.709980 9.786286 -9.693153 30.336052 35.954430 2.027031 0.539971 -49.486946 -20.489086 6.446846 -0.757958 -12.038877 -3.120633 17.893036 29.978531
6.059614 5.607139 -37.965248 -7.814861 11.919467 18.270023 -4.837229 -9.418660 16.198999 41.779007 2.484676 -12.025626 -45.436874 -11.612631 3.362478 1.770164 9.604451 -10.139594 30.325706 36.059059 0.893143 1.073262 -49.262554 -20.325214 7.399494 -1.234225 -11.971406 -3.180644 18.309383 29.920450
4.930120 6.420017 -37.122536 -7.714539 13.118638 18.252785 -4.800119 -9.449654 16.663660 42.036270 1.174564 -11.042921 -44.618168 -11.980627 4.050721 1.813943 9.470547 -10.605989 30.163151 36.349792 -0.367227 1.679331 -49.051907 -20.058805 8.582994 -1.998687 -11.814917 -3.280687 18.850319 29.954512
3.582913 7.324908 -35.944927 -7.641466 14.544092 18.141546 -4.723734 -9.527394 17.217995 42.185707 -0.409294 -9.882555 -43.383995 -12.761984 4.632896 1.925601 9.132995 -10.926860 30.208879 36.617683 -1.737582 2.467158 -48.695366 -19.790106 9.954248 -3.057187 -11.532489 -3.374909 19.573685 30.051262
2.312931 8.547674 -34.622204 -7.647001 15.930020 17.776175 -4.339725 -9.745780 17.668526 42.393990 -2.184000 -8.465777 -41.897266 -13.720683 5.288152 1.943317 8.949740 -10.932701 30.303288 37.118778 -2.957361 3.466994 -47.960911 -19.532557 11.454181 -4.336846 -11.033613 -3.461806 20.164143 29.809399
1.174318 9.745468 -33.307793 -7.785492 17.191538 17.460861 -4.001588 -10.063521 18.089239 42.187134 -4.082177 -7.033118 -40.128925 -14.703412 6.166521 2.017620 8.740461 -10.877256 30.349052 37.613106 -4.235191 4.305606 -47.072079 -19.324360 12.998950 -5.527098 -10.531823 -3.548083 20.598581 29.532642
-0.039891 10.976990 -31.729832 -8.280931 18.406893 17.153198 -3.487695 -10.402159 18.302717 41.467606 -6.002380 -5.686868 -38.347351 -15.618012 7.162819 2.081424 8.718784 -10.888488 30.205866 38.031734 -5.710233 5.041737 -45.733753 -18.964357 15.075881 -6.674142 -10.147710 -3.549480 20.862007 29.153296
-1.287122 12.437377 -30.322395 -8.835684 19.376907 16.471844 -2.437515 -10.894672 18.536848 40.798195 -7.669156 -4.195786 -36.697601 -16.539934 8.128049 2.176390 9.024557 -10.995279 29.760338 38.268982 -7.037671 5.959394 -44.284977 -18.716702 17.142754 -7.869818 -9.431156 -3.786337 20.851587 28.458557
-2.389631 13.533066 -29.375727 -9.415593 19.955263 15.635116 -1.145832 -11.221379 18.928450 39.844326 -9.335189 -2.576725 -34.797840 -17.569921 9.099425 2.176347 9.312216 -10.686489 29.610916 38.610264 -8.145780 6.676326 -42.808231 -18.635122 18.880436 -8.862280 -8.675975 -3.875903 20.869083 27.672466
-3.554382 14.648388 -28.288511 -9.960242 20.847708 14.937497 0.253222 -11.581918 19.229620 38.757851 -10.672925 -0.983156 -32.666332 -18.317055 10.446311 2.313195 9.347786 -10.437579 29.448215 38.500248 -9.228345 7.403381 -41.313442 -18.502388 20.702166 -10.163850 -7.677457 -3.944071 20.945486 26.738918
-4.582505 15.967536 -26.683458 -10.451750 22.026432 14.098280 1.580577 -11.958675 19.618719 37.490376 -11.855898 1.111912 -30.395597 -19.105404 11.772777 2.253119 9.509799 -9.965977 29.479881 38.460510 -10.169494 8.406594 -39.656326 -18.467613 22.387054 -11.568301 -6.629144 -4.014975 21.150288 25.888348
-5.689563 17.625534 -25.095758 -11.227939 23.001019 13.300766 2.831323 -12.223537 19.808895 36.558701 -13.197397 2.938926 -28.335634 -19.883936 13.201290 2.485041 9.396893 -9.455130 29.619640 38.308727 -10.958409 9.594456 -37.823299 -18.580648 23.966324 -12.707133 -5.737897 -4.046850 21.292982 25.036924
-6.759099 19.044010 -21.473482 -9.244928 26.608170 10.751171 3.371953 -14.522188 18.350710 36.839909 -12.715830 4.880896 -24.565847 -20.982265 14.893147 0.639421 8.358898 -4.475510 34.462231 37.710159 -11.762513 11.954570 -34.615067 -19.615543 23.367512 -13.569298 -3.202538 -1.934838 26.103786 24.143631
-8.832064 21.442160 -18.925806 -10.514977 28.085657 9.503768 5.056297 -15.077721 18.637150 36.113113 -14.066712 7.172198 -21.003752 -22.414780 16.378210 0.475186 9.029826 -4.647003 33.928677 37.414124 -13.080873 13.193047 -32.135387 -20.352005 24.883907 -14.992533 -2.096300 -1.833799 26.408859 23.514488
-10.661151 23.377913 -15.660710 -11.879523 29.874451 8.430089 6.471513 -16.144484 18.524136 34.346970 -15.792391 9.373055 -16.256193 -23.774965 18.678303 0.465721 9.221045 -5.013054 33.206257 36.910378 -14.565878 14.715549 -29.259460 -21.118784 26.976171 -16.175755 -1.117040 -2.069992 26.411701 22.686205
-12.095857 24.583733 -12.363897 -13.093219 31.502857 7.376200 8.111743 -16.893806 18.206621 32.495007 -17.345451 11.153785 -12.220861 -25.149431 20.338436 0.599938 9.186808 -5.413198 32.604164 36.368111 -16.634514 16.034052 -25.896677 -22.722210 28.681154 -17.586405 0.109888 -2.673144 26.003136 21.920334
-13.536094 25.421501 -9.028177 -14.433037 33.004444 6.342482 9.896047 -17.886747 17.711081 30.134733 -18.624704 12.600797 -9.097464 -26.449106 21.313974 0.879980 9.492474 -6.220507 31.717007 35.531162 -18.084890 17.079580 -22.397291 -24.176048 30.428444 -18.407188 1.261643 -3.231167 24.862183 20.616575
-15.970544 24.083027 -6.959879 -15.956703 33.548012 5.667882 13.593022 -18.656712 17.311750 28.328281 -21.148504 12.801481 -6.118933 -29.954803 20.276302 1.990995 11.882788 -8.249759 28.707045 34.710289 -20.581835 16.225483 -20.398525 -26.163992 33.153698 -20.386438 1.848075 -3.247974 21.220062 18.944582
-17.762209 23.532923 -3.893543 -17.100477 34.692852 4.634170 15.271200 -19.732889 17.255980 25.625973 -22.713434 13.397228 -2.679329 -31.040709 21.614115 2.236548 11.942586 -9.204336 27.708073 33.850620 -22.132170 16.950354 -16.845272 -27.368376 35.462753 -20.713451 2.549388 -3.918159 19.846903 17.266899
-19.310534 22.891834 -1.530308 -18.268839 35.687256 4.143353 16.033649 -20.820442 16.882414 22.574869 -24.075392 13.763445 0.420207 -32.202114 22.382490 2.607557 11.510368 -10.624144 26.696875 32.771454 -23.059469 16.918251 -13.975592 -28.830994 36.626656 -20.401934 2.853991 -4.666340 18.714554 15.023400
-20.563557 21.755722 0.417498 -19.133268 36.271408 3.859280 16.509611 -22.370829 16.368374 19.679983 -24.930862 14.028605 3.603862 -33.314720 23.116350 3.391334 11.074346 -12.499892 25.586466 30.693676 -24.160429 16.212442 -11.523193 -30.268328 37.664745 -19.988680 3.279257 -5.741423 17.310532 12.571111
-21.287292 20.286489 2.260125 -19.826460 36.833202 3.573669 16.840200 -23.660318 15.655544 17.071926 -24.805578 13.668226 6.792583 -34.004440 23.747086 4.377450 10.031735 -14.109975 24.263828 28.332106 -25.182270 15.437721 -9.020794 -31.698477 38.542690 -19.748898 3.735427 -6.372753 16.013105 10.609169
-22.227245 19.164520 3.569418 -20.575512 37.249073 3.386636 16.991035 -24.704769 15.320164 14.832712 -25.253119 13.312712 9.106264 -34.618759 24.355408 5.004200 9.419919 -15.007551 23.398682 26.839277 -26.217663 14.801365 -7.092536 -33.187347 39.010902 -19.862329 4.485259 -6.844830 14.886045 9.262464
-23.343306 18.065559 4.512400 -21.451603 37.490227 3.188826 17.145294 -25.813637 15.184496 12.637168 -25.775476 12.994956 11.316105 -35.384087 24.861620 5.287042 9.317672 -15.734131 22.639000 25.641771 -27.636429 14.258730 -5.606742 -34.757961 39.380642 -20.026323 5.328021 -7.037890 14.155481 7.968047
-24.020231 17.048443 5.782746 -22.207924 37.589798 2.724777 17.215124 -27.053600 14.848252 10.523196 -26.440899 12.758309 13.322249 -36.126110 25.401522 5.392951 9.651897 -16.292496 21.859747 24.649263 -28.452848 13.613582 -3.769047 -36.062511 39.706017 -20.062853 5.858302 -7.606501 13.055097 6.577143
-24.151585 15.979400 7.200790 -22.656374 37.757420 2.299036 17.195370 -28.191158 14.491859 8.537429 -26.729998 12.120513 15.008337 -36.558247 25.798183 5.462498 9.711802 -16.850792 21.236855 23.450418 -28.891579 12.755835 -2.165504 -37.022121 39.790516 -19.928902 6.029570 -8.314136 11.972747 5.205649
-24.456861 14.976175 7.921025 -23.050661 37.905033 2.025711 17.581383 -29.060406 14.282995 6.826151 -27.333349 11.776119 16.764849 -37.240166 26.100147 5.400467 10.113353 -17.674608 20.675396 22.349878 -29.320694 12.086302 -0.664358 -37.866505 40.125431 -20.040840 6.362670 -9.082116 10.978672 3.983663
-24.759466 14.162600 8.928082 -23.311216 38.323460 1.937712 17.626764 -29.769165 14.180692 5.101003 -27.431709 11.488103 18.419144 -37.823772 26.130621 5.325439 10.179853 -18.619461 20.364697 20.858324 -29.592978 11.566276 0.859776 -38.585796 40.527538 -20.040655 6.611860 -9.723529 10.190410 2.725686
-24.923206 13.639079 9.474936 -23.511196 38.391636 1.899891 17.742790 -30.370752 13.981302 3.719293 -27.642897 11.203797 19.835072 -38.351059 26.266710 5.239053 10.444366 -19.509584 20.122108 19.416492 -29.722832 11.069486 2.046543 -39.151600 40.755989 -19.947063 6.735807 -10.508684 9.671609 1.435814
-24.763313 12.954415 9.867007 -23.619501 38.224419 1.835197 17.686703 -31.242029 13.588535 2.099198 -27.735258 10.878536 21.215519 -38.882744 26.395126 5.293173 10.622485 -20.395414 19.884264 17.806871 -29.593487 10.487370 3.251763 -39.696945 40.849762 -19.687263 6.788215 -11.286326 9.206903 -0.006115
-24.546465 12.173327 10.218184 -23.721273 37.944065 1.781993 17.456554 -31.854548 13.469675 0.650260 -27.792091 10.438386 22.470261 -39.217674 26.557850 5.350538 10.659263 -21.022917 19.703522 16.513906 -29.350529 9.963663 4.505302 -40.187542 40.954922 -19.530239 6.864628 -11.865665 8.698075 -1.185322
-24.560190 11.433380 10.609020 -24.046474 37.814434 1.789600 17.368397 -32.273251 13.483637 -0.745935 -27.403723 9.982243 23.537390 -39.469227 26.532137 5.414883 10.760290 -21.766375 19.499023 14.958151 -28.958521 9.460406 5.646613 -40.562916 41.033840 -19.327410 6.883129 -12.439954 8.111404 -2.335939
-24.572390 10.905773 11.068977 -24.267801 37.888905 1.784407 17.439890 -32.469990 13.530462 -1.725304 -27.210169 9.659652 24.371655 -39.628357 26.634169 5.396537 10.794826 -22.216305 19.350246 14.065837 -28.624462 9.089603 6.351143 -40.735859 41.066021 -19.086191 6.853147 -12.617549 7.743968 -3.066721
-24.577677 10.244556 11.765562 -24.538553 38.104511 1.752382 17.624620 -32.614185 13.490999 -2.820286 -27.068417 9.406722 25.251907 -39.719009 26.922432 5.479515 10.626129 -22.507280 19.194252 13.344916 -28.244596 8.750740 7.242024 -40.869129 41.234138 -18.785461 6.771383 -12.739756 7.224212 -3.776501
-24.667749 9.683491 12.212012 -24.823380 38.253269 1.717638 17.882730 -32.642151 13.534647 -3.545312 -26.870720 9.069347 26.031469 -39.817661 27.038799 5.522785 10.472057 -22.873743 19.061148 12.625482 -27.966326 8.379636 7.847213 -40.970142 41.322964 -18.489164 6.655798 -12.854690 6.925699 -4.437975
-24.612284 9.262302 12.504743 -25.007702 38.390697 1.763469 17.991713 -32.658234 13.497135 -4.051015 -26.687405 8.867046 26.434189 -39.816574 27.159508 5.627805 10.329923 -23.027447 18.954556 12.211194 -27.726662 8.106381 8.159523 -41.006798 41.377327 -18.262424 6.563720 -12.887690 6.759447 -4.905779
-24.557196 9.013271 12.529563 -25.049559 38.318386 1.791652 18.045475 -32.601379 13.503866 -4.331575 -26.603273 8.779902 26.644159 -39.813885 27.223087 5.681064 10.246247 -23.077269 18.904909 12.016597 -27.577908 7.925318 8.400424 -41.006355 41.444828 -18.153349 6.542994 -12.881411 6.600354 -5.163472
-24.568371 8.927052 12.662251 -25.118479 38.363338 1.759283 18.098967 -32.629787 13.508104 -4.469409 -26.557480 8.729674 26.800117 -39.816559 27.271088 5.710211 10.160487 -23.150448 18.883209 11.895180 -27.571680 7.876113 8.594878 -41.056629 41.519779 -18.153360 6.570349 -12.914748 6.520900 -5.270175
