35.827713 10.353199 -0.072928 -18.297693 -1.553854 -25.423330 32.855221 -7.482843 8.167264 31.865801 40.616085 13.428463 11.845812 -12.259346 8.991673 -11.698371 34.468433 -3.708034 -4.747132 39.946556 34.011135 12.622490 -3.587225 -24.911579 10.694849 -32.443027 24.121531 6.925655 1.052291 25.411865
35.259197 9.838951 0.040404 -18.423698 -1.233914 -24.704227 33.387115 -6.673465 8.980550 32.099113 40.265255 13.545614 11.269767 -12.366343 9.026364 -10.435754 34.267078 -2.888558 -4.132852 40.365742 33.589901 12.848338 -3.997217 -25.251379 10.673925 -32.044083 24.326248 7.446422 1.530051 25.216881
33.667858 9.239331 -0.146923 -18.830511 -0.488829 -23.367041 34.150288 -5.033066 10.429620 32.461060 39.199532 13.830432 9.935270 -12.693154 9.038177 -8.374454 33.927105 -1.776393 -2.847208 40.818184 31.940590 13.034472 -5.022406 -26.124380 10.627979 -31.228424 24.600840 8.519505 1.853762 25.516592
31.591877 8.837453 -0.737525 -19.443827 0.453451 -21.611954 34.503292 -2.958308 12.241171 32.412701 37.874527 13.755177 8.617311 -12.973853 9.508791 -6.143239 33.512756 -0.491200 -1.402091 40.682579 29.190908 13.145545 -6.646446 -27.787846 10.331601 -29.998932 24.868441 9.986398 2.206230 25.550411
28.855762 8.030427 -1.135379 -19.977228 1.670057 -20.115038 35.391933 -1.089441 14.494210 32.070732 35.751545 14.562535 6.949893 -13.932868 9.949287 -3.711478 32.330013 1.300614 -0.069203 41.213188 26.217964 13.780478 -8.234967 -29.651962 9.922568 -28.295227 25.421555 11.491216 3.023433 25.834167
25.438086 7.125605 -1.755668 -20.472685 2.789829 -18.325647 36.234261 0.792231 16.962894 32.174553 32.775215 16.629526 5.057185 -15.133016 10.255631 -1.093446 30.787485 3.072407 1.704314 42.135429 22.876785 14.260746 -9.584898 -31.669615 9.412604 -26.797956 26.339825 12.908088 3.881019 25.793648
22.566488 6.511356 -2.030446 -21.761513 3.112434 -16.522182 37.866314 2.489758 18.542654 31.897709 29.817663 17.755148 3.495185 -16.252670 10.596680 1.260990 29.560413 4.724391 2.869459 42.974537 19.617952 14.005643 -10.891701 -33.067589 9.628997 -25.256275 26.575899 14.583408 4.476255 26.194353
20.851784 6.646834 -2.179143 -22.916945 3.297160 -14.992310 38.521236 3.775665 19.725267 30.685907 28.422812 18.898121 2.443237 -17.021320 10.517331 3.056084 28.520060 4.946605 3.436045 42.837479 17.204443 13.556992 -12.024524 -33.533436 10.066732 -24.429214 26.428730 15.436226 5.179491 25.989510
19.555588 7.002156 -2.474912 -23.609814 3.905790 -13.998606 38.733685 4.771678 20.666555 29.926142 27.103874 20.311417 1.299555 -17.651966 10.436707 4.206883 27.642334 4.850553 4.269704 42.448711 15.109204 13.504529 -13.015871 -34.344658 9.956496 -23.779062 26.324991 15.786216 5.659540 26.021595
18.722973 6.984206 -2.651704 -23.945675 4.133325 -13.596217 39.061584 5.169687 20.943092 29.823652 26.575745 21.071539 0.872317 -17.848913 10.529255 4.695720 27.080198 4.955417 4.746944 42.375553 14.081579 13.720472 -13.459145 -34.691395 9.936698 -23.390654 26.080751 15.752192 5.923411 26.154894
18.560194 6.703789 -1.643698 -23.894699 4.736874 -13.462899 38.732872 4.943383 20.549711 29.898073 26.565763 21.072172 1.862109 -17.881767 11.085388 5.174524 26.485863 4.906115 4.304570 42.195850 14.101230 13.980563 -12.624008 -34.917393 10.059608 -22.794054 25.798840 15.779703 5.570925 26.138706
19.421312 4.975558 5.071100 -24.141743 8.133698 -13.090670 36.577499 3.799039 16.138983 29.268950 27.827644 19.754822 8.552572 -18.333933 13.728816 7.318708 23.270159 4.217166 -0.186391 40.734863 15.533496 13.784833 -6.874193 -35.859180 11.266794 -18.911901 24.267532 16.794054 2.687533 25.098000
20.924284 3.488060 14.335964 -25.838526 13.222008 -11.755076 31.545736 2.429367 8.628005 26.333254 29.581902 16.564789 15.617181 -17.998631 19.259518 9.510287 14.396483 3.202204 -8.407771 38.957066 16.290556 11.240445 2.047537 -35.761761 16.188118 -13.446649 21.002804 18.676035 -2.364520 24.583019
20.804052 -6.364476 23.277504 -25.675772 21.302086 -9.030097 24.813080 2.595977 1.791762 23.548454 27.376862 2.154148 21.192152 -17.969933 28.002804 10.841596 10.101183 5.422908 -14.961189 34.166817 17.679644 5.236217 8.949869 -29.297337 26.916683 -8.753281 17.592112 23.837446 -0.670666 18.425203
13.653128 -14.113344 26.456085 -23.937191 31.936138 -5.995644 16.704226 4.793830 -1.012465 23.412397 17.683079 -9.654225 21.309195 -18.979820 38.146725 11.072287 7.012538 9.586429 -15.752760 29.062212 11.950932 -2.956599 13.440976 -20.666431 40.909115 -6.901327 14.122842 25.602425 2.869050 12.042472
5.057190 -15.974616 28.149752 -24.289730 38.781765 0.450996 13.990246 8.109324 3.645598 22.236231 7.916351 -12.647591 20.513662 -16.368454 46.520351 12.153962 2.255350 10.027857 -10.494832 27.748201 3.655100 -10.079004 14.568259 -14.827614 50.206055 -3.914873 9.440567 25.404758 6.377812 12.291131
0.338212 -10.118275 25.936869 -29.183884 40.293175 4.393233 14.551185 13.532470 8.718911 14.639669 0.688277 -10.440628 17.145794 -15.315178 52.176682 14.012215 -4.831933 11.230417 -5.314816 27.633633 -2.951715 -5.038115 15.247715 -14.758654 53.188168 2.686667 3.419415 23.480322 10.692517 12.235950
-0.811547 -1.038785 23.960106 -33.172707 39.001690 7.258218 10.475189 12.979041 11.145532 9.442173 -1.227678 -4.550082 15.511255 -18.119413 51.233269 16.303728 -7.544078 8.233027 -4.187765 22.475023 -4.304198 0.999776 16.082821 -17.160240 51.551662 9.460201 -1.975471 20.343292 12.535672 10.363779
2.614781 5.893560 22.491125 -32.556423 38.515327 8.960368 6.229493 9.014058 12.258646 4.593691 0.916376 1.347020 16.710434 -19.227354 48.608017 18.813108 -8.405901 3.084349 -4.272976 17.909121 -2.531364 5.630793 17.111666 -19.060596 48.578728 13.333744 -4.830452 15.010011 10.919168 7.346096
5.206756 7.817825 22.417585 -30.845263 39.157814 10.380863 3.874881 7.069339 11.336287 3.260758 2.490449 5.132370 16.802021 -20.347290 47.262295 21.050697 -10.231703 1.664883 -4.230757 15.986303 -1.333401 7.761621 17.066656 -20.012457 46.680115 15.450815 -5.901230 12.611249 9.781921 6.256754
5.652027 8.119815 22.527582 -30.393057 39.434196 10.560507 3.416600 6.929379 11.528894 3.252214 2.643143 5.827273 16.453524 -20.557629 46.754269 21.240423 -10.407370 1.310780 -4.234951 15.846868 -1.206717 8.152375 17.068077 -20.152334 46.287487 15.767403 -5.929988 12.229348 9.612895 6.330564
5.379440 9.063224 22.186495 -30.357040 39.365120 10.551675 3.317708 7.035264 12.442427 3.634299 2.172056 6.226929 15.588442 -20.279240 46.641922 21.042330 -10.217202 1.591155 -3.343988 16.646589 -1.873637 8.801861 16.886631 -20.389059 45.828648 15.699968 -5.832337 12.198195 10.143146 7.449180
5.321182 10.350959 20.965784 -30.031803 39.118626 10.878897 2.423091 8.293478 14.175915 5.009112 1.374477 7.236723 12.606643 -19.885965 46.566071 20.926714 -10.398515 3.346710 -1.528421 18.135426 -2.603909 9.497471 14.695567 -20.476028 44.221619 15.682648 -5.421458 12.658402 11.617053 9.086076
5.706709 11.774033 19.703043 -29.497187 39.114014 11.752558 0.963459 10.128112 15.448866 8.229884 1.000816 8.873884 9.620031 -18.914562 46.518658 21.689037 -11.001081 5.589739 1.409928 19.924177 -3.209167 10.182695 12.699664 -21.002296 41.826931 16.117008 -4.648716 13.667463 13.522672 11.858974
5.906763 11.275077 17.222925 -27.878557 38.894417 11.766826 0.265761 12.445344 18.093145 12.053971 1.463844 9.939912 6.374772 -17.747944 45.954842 21.526999 -10.629732 7.465249 3.963884 21.542650 -3.165581 11.671908 10.474467 -21.281027 39.543102 16.887653 -4.153241 14.913522 16.091644 14.340529
6.399235 12.013570 16.280634 -26.688448 38.508186 12.394478 -0.778751 13.984486 19.956318 16.376966 2.085259 11.119209 3.947542 -16.924734 44.944828 21.375957 -10.985078 8.294865 5.313601 24.168547 -2.764047 13.203140 8.874599 -21.658085 37.322567 17.315100 -4.124890 16.050516 17.696735 17.463882
7.373033 14.418929 15.135015 -25.515280 37.823627 12.616029 -2.475296 14.735515 20.987974 20.209696 3.056738 13.130898 1.519619 -16.225798 44.299942 21.605274 -12.331617 10.394755 7.471615 25.939901 -1.744805 15.616518 7.311689 -21.956656 35.219776 17.677876 -4.174799 17.270475 18.829222 20.274418
8.713149 16.740551 13.944168 -24.239998 37.452023 12.843901 -4.318800 15.909961 21.647041 23.744398 4.045355 14.781737 -0.525068 -15.326300 43.955318 21.368429 -12.926877 12.493631 9.554738 27.021452 -0.428922 18.141115 6.499099 -22.338251 33.468803 18.250072 -4.290772 17.944778 19.537430 21.817211
10.858393 19.149189 14.573455 -22.847797 38.406410 13.654425 -6.478610 17.607441 23.082006 25.508932 5.077252 17.677645 -1.816373 -14.486671 44.477318 21.283428 -14.608834 15.077296 11.847516 27.660799 0.896783 21.806965 6.360743 -22.590902 32.172569 19.887825 -5.299000 18.688776 20.474291 23.330067
11.967237 19.832489 14.594271 -21.207211 39.667488 13.698580 -7.630761 18.604292 24.237711 26.265318 5.510077 18.882360 -2.651107 -14.228313 44.338596 21.257853 -15.410749 15.803611 12.456563 27.818125 1.661036 23.762333 6.183989 -22.752584 31.603024 20.592140 -5.898952 19.255924 20.894081 23.858356
12.242682 20.008087 14.697380 -21.037956 39.764427 13.784720 -7.874049 18.696421 24.318474 26.409281 5.637415 19.052561 -2.765031 -14.105927 44.343273 21.310892 -15.687712 15.824721 12.466138 27.924532 1.815221 24.020050 6.077239 -22.636370 31.572624 20.679457 -6.108849 19.375134 21.003365 24.031258
12.243619 20.007917 14.700593 -21.039885 39.763107 13.788438 -7.874206 18.696959 24.319559 26.408972 5.637614 19.053843 -2.765478 -14.107056 44.342686 21.311708 -15.688911 15.824952 12.464858 27.924788 1.814474 24.021339 6.076285 -22.637774 31.571705 20.679935 -6.111577 19.373686 21.001255 24.035751
12.243619 20.007917 14.700593 -21.039885 39.763107 13.788438 -7.874206 18.696959 24.319559 26.408972 5.637614 19.053843 -2.765478 -14.107056 44.342686 21.311708 -15.688911 15.824952 12.464858 27.924788 1.814474 24.021339 6.076285 -22.637774 31.571705 20.679935 -6.111577 19.373686 21.001255 24.035751
12.243731 20.007435 14.700784 -21.039923 39.762650 13.788828 -7.873857 18.696566 24.320110 26.408854 5.637684 19.053934 -2.765407 -14.106957 44.342464 21.311804 -15.688702 15.824733 12.464848 27.924738 1.814474 24.021339 6.076285 -22.637774 31.571705 20.679935 -6.111577 19.373686 21.001255 24.035751
12.239959 20.007418 14.697482 -21.037188 39.766846 13.784485 -7.870951 18.699858 24.321711 26.411572 5.643592 19.066925 -2.763984 -14.105727 44.342442 21.319324 -15.698840 15.821613 12.466128 27.923744 1.816472 24.022154 6.081344 -22.639704 31.568331 20.682261 -6.100491 19.373617 21.005331 24.022461
12.237608 20.006453 14.693389 -21.034039 39.770542 13.778551 -7.872088 18.700090 24.318899 26.412704 5.640843 19.061642 -2.765770 -14.106157 44.339336 21.315321 -15.693558 15.818541 12.463696 27.923456 1.817118 24.024626 6.085949 -22.644901 31.562450 20.688122 -6.096611 19.375744 21.004993 24.018990
12.238177 20.006332 14.694843 -21.035997 39.769302 13.779881 -7.871368 18.700020 24.318434 26.412252 5.640360 19.059746 -2.765428 -14.105954 44.341019 21.315166 -15.692489 15.820486 12.465667 27.924078 1.817395 24.023960 6.082447 -22.639889 31.567541 20.683144 -6.100005 19.371647 21.005489 24.022352
11.920377 17.925198 17.620523 -17.986347 36.071877 17.649839 -4.730124 14.117141 32.827988 27.135422 6.187067 18.920858 2.754271 -8.890815 43.149406 28.686867 -10.265905 14.523294 23.867451 27.997480 -0.061583 21.616426 3.564749 -26.013824 29.980324 17.962494 -9.542084 19.211052 15.435254 26.099915
11.920377 17.925198 17.620523 -17.986347 36.071877 17.649839 -4.730124 14.117141 32.827988 27.135422 6.187067 18.920858 2.754271 -8.890815 43.149406 28.686867 -10.265905 14.523294 23.867451 27.997480 -0.061583 21.616426 3.564749 -26.013824 29.980324 17.962494 -9.542084 19.211052 15.435254 26.099915
11.920377 17.925198 17.620523 -17.986347 36.071877 17.649839 -4.730124 14.117141 32.827988 27.135422 6.187067 18.920858 2.754271 -8.890815 43.149406 28.686867 -10.265905 14.523294 23.867451 27.997480 -0.061583 21.616426 3.564749 -26.013824 29.980324 17.962494 -9.542084 19.211052 15.435254 26.099915
12.094110 17.689499 18.330128 -17.229582 36.282612 18.852264 -3.557932 13.502367 32.970257 27.085680 6.253374 18.713734 2.605658 -8.613190 43.368446 29.344820 -9.311488 14.710864 24.060926 27.809103 0.339718 22.270720 3.066379 -26.067179 30.648808 17.763306 -9.640359 19.508633 14.032072 25.553730
12.147959 17.758444 18.383015 -17.383743 36.226318 18.751694 -3.928200 13.408507 32.821667 27.089046 6.201101 18.667122 2.635935 -8.742042 43.313492 29.254919 -9.309224 14.757148 24.004408 27.857889 0.382212 22.184202 3.057002 -26.119387 30.650787 17.653316 -9.695110 19.477423 14.122602 25.477037
12.156060 17.751511 18.381929 -17.378479 36.236347 18.739107 -3.940028 13.407218 32.809547 27.095472 6.208286 18.672455 2.647022 -8.732933 43.314468 29.259218 -9.305400 14.750517 24.011368 27.854767 0.374994 22.155422 3.049917 -26.124840 30.641239 17.641005 -9.697875 19.471245 14.102805 25.495846
12.155879 17.753035 18.381781 -17.387087 36.231121 18.732571 -3.951932 13.415774 32.822891 27.091055 6.206267 18.663502 2.646723 -8.736812 43.315586 29.252337 -9.303330 14.762198 24.014044 27.855055 0.370482 22.149471 3.050098 -26.129082 30.639297 17.636312 -9.699143 19.475973 14.111394 25.491360
12.173058 17.768177 18.388531 -17.382578 36.253326 18.726795 -3.975454 13.426623 32.827755 27.081152 6.205088 18.663570 2.655752 -8.739376 43.315777 29.256489 -9.284038 14.765650 24.019222 27.850204 0.367672 22.153267 3.030070 -26.141922 30.639526 17.622850 -9.710630 19.478504 14.094886 25.483057
12.167598 17.766876 18.392849 -17.376177 36.250362 18.739540 -3.956988 13.440013 32.855915 27.081003 6.201189 18.669561 2.641629 -8.742983 43.308502 29.263077 -9.301607 14.763886 24.012531 27.858606 0.368355 22.160313 3.045934 -26.138659 30.632744 17.639141 -9.703348 19.474951 14.111055 25.489265
12.167221 17.764324 18.393440 -17.375763 36.249985 18.742031 -3.953203 13.443282 32.858063 27.081503 6.202084 18.670839 2.641008 -8.742682 43.308918 29.264887 -9.303719 14.766193 24.012951 27.859358 0.370576 22.161026 3.047170 -26.134806 30.638083 17.637383 -9.702677 19.473558 14.111279 25.485374
12.171993 17.762960 18.391451 -17.367090 36.252716 18.730812 -3.961515 13.428382 32.849602 27.086033 6.205783 18.669523 2.653783 -8.733595 43.315395 29.259422 -9.295928 14.762961 24.021564 27.858606 0.367722 22.156229 3.038972 -26.136604 30.637281 17.630793 -9.705829 19.476086 14.104341 25.486629
12.172126 17.764935 18.390646 -17.365862 36.255894 18.730417 -3.962175 13.431492 32.851757 27.084524 6.206595 18.674025 2.654403 -8.735854 43.311607 29.262436 -9.295625 14.759503 24.021069 27.856592 0.366896 22.154793 3.042318 -26.137135 30.631971 17.634777 -9.702581 19.469900 14.103219 25.492796
12.174165 17.764551 18.390419 -17.367313 36.254166 18.728720 -3.965557 13.428996 32.847298 27.082949 6.206180 18.667236 2.653437 -8.735850 43.312973 29.257689 -9.292768 14.765152 24.019508 27.856487 0.367606 22.153696 3.041421 -26.133699 30.636944 17.633284 -9.702953 19.471523 14.108608 25.487984
