29.266119 -34.504040 -1.986637 -20.968946 12.961583 22.838488 9.806791 21.213848 14.758553 15.725043 36.074070 -30.482742 -11.833150 -11.685465 23.318871 32.305729 10.272326 22.687487 5.940262 9.770999 26.715370 -27.351456 -16.419523 -16.833067 25.770548 11.393197 -4.094220 35.624908 7.495791 3.852037
28.877228 -35.588402 -1.390016 -21.051825 13.154428 22.743967 9.761564 20.406326 14.140356 15.410763 36.000275 -30.939148 -11.004218 -12.412222 23.266127 33.070049 10.240798 22.305737 4.853188 9.247705 26.490946 -28.239143 -15.997497 -17.433746 25.670078 11.408919 -3.643940 35.399170 6.950174 3.246594
28.061472 -37.614403 -0.845191 -21.114532 13.216818 22.160461 9.934338 18.750183 12.999659 14.890164 35.811157 -31.564455 -9.218407 -13.794391 22.808834 33.657200 10.762632 20.731998 2.907152 7.981477 26.592648 -29.848732 -14.589242 -18.798485 25.432762 11.119904 -2.593318 34.502899 5.417918 1.764865
27.355003 -40.373009 0.074008 -21.074755 13.351181 21.119974 10.203218 16.136541 11.321854 13.770821 35.586578 -32.499947 -7.040938 -14.928781 22.557840 34.205498 11.181890 18.880482 1.112614 6.451381 26.769096 -31.835253 -12.547665 -20.381775 25.416618 10.320316 -1.183852 32.877563 3.412423 -0.607741
26.484684 -43.336540 1.484094 -21.362846 13.475810 20.092903 10.311073 12.869829 9.908937 11.535624 35.673840 -33.451885 -4.329741 -15.982662 22.100367 34.546555 11.795561 16.670437 -0.591655 4.704700 25.921005 -34.132576 -10.373081 -21.963419 26.109333 9.545503 -0.041804 31.142506 1.612229 -3.409342
26.052671 -46.015022 2.622182 -21.377415 13.689727 19.160879 10.637286 10.180637 9.292145 8.886508 35.300735 -34.295349 -1.811226 -16.609280 22.421902 34.808273 11.638504 14.088976 -2.237896 3.127751 26.044357 -36.598270 -8.186486 -22.995651 26.511391 8.698731 0.607368 28.676741 -0.279616 -5.969690
25.996952 -47.716740 3.922972 -20.922760 13.656378 17.664165 10.512772 6.855289 8.433773 6.875638 34.541283 -34.781719 0.757523 -17.321957 22.742630 35.230713 11.617784 11.222474 -3.966293 1.227056 25.895420 -38.122131 -6.758820 -23.767302 26.413134 7.523377 1.346889 26.563103 -1.713821 -7.606667
25.400919 -48.694756 4.957600 -20.454895 13.858560 16.306665 10.376089 4.062104 8.057806 5.065989 34.321251 -34.345978 2.473485 -18.010406 22.546400 35.458260 11.484138 8.898058 -5.490853 0.178655 25.646292 -38.931931 -5.583149 -24.317877 26.240406 6.618479 1.709291 24.422754 -2.714634 -8.889141
24.382845 -49.313465 5.505944 -20.206360 14.396794 15.287346 10.383396 2.248028 7.829310 4.109314 33.280781 -33.875164 4.224854 -18.820675 22.698483 35.448372 11.753015 7.112934 -6.729222 -0.393600 25.461052 -39.249557 -4.271490 -24.703100 26.805279 5.608034 2.366379 23.133924 -3.330420 -10.177052
23.992584 -49.813618 6.000698 -19.826786 14.893415 15.103693 10.045308 1.568417 7.688118 3.968726 33.027035 -33.584408 5.023540 -19.112425 22.780531 35.608604 11.683952 6.424966 -7.203217 -0.638134 25.360533 -39.329216 -3.905643 -24.826635 26.853212 5.333024 2.592370 22.550457 -3.555190 -10.502684
23.906067 -49.489735 6.813483 -19.782568 15.262117 14.685678 10.282590 1.285925 7.478785 4.144275 32.712524 -33.159420 5.479348 -19.249861 23.027969 35.683979 11.461087 6.484571 -7.387563 -0.218514 25.304579 -38.939323 -3.294290 -25.076675 26.853539 5.352437 2.781617 22.575993 -3.958173 -10.258155
24.426266 -46.373238 11.367249 -19.764629 16.680126 11.533973 11.982179 -0.437750 5.924222 5.668405 32.390663 -28.501486 9.213073 -20.037565 23.711451 34.966106 11.121611 6.807034 -9.360142 3.112406 25.670321 -34.714794 1.222265 -26.993811 26.901373 4.574747 4.534964 22.788546 -6.315634 -8.338942
23.271778 -36.924320 17.888639 -19.618328 20.091434 3.958304 16.027117 -0.275500 3.468342 13.024745 31.735064 -18.593559 16.115675 -21.994307 24.989347 29.389788 12.538569 7.868084 -13.037019 11.757847 25.269949 -23.721317 6.436136 -29.383261 26.823090 0.690431 8.712580 24.453098 -7.855719 -0.810909
19.786863 -21.471640 23.503946 -20.445011 26.136660 -6.248272 21.627459 2.437228 2.704337 19.766878 29.436626 -5.535771 24.409369 -20.767649 30.525745 19.202604 10.892740 9.055013 -14.450183 21.478289 18.718725 -7.480465 11.049547 -28.519402 30.577314 -4.604696 12.168550 25.417768 -8.045624 14.650515
15.412827 -3.509817 25.603285 -19.276409 28.859871 -12.528694 18.612503 -1.125490 1.284667 33.192192 21.778273 3.780896 22.010710 -16.179302 34.727150 0.395027 13.884433 4.513431 -9.660864 31.630791 11.777204 3.324061 14.714869 -25.243608 31.204296 -11.964169 10.511695 13.055913 -7.796198 31.141788
16.393278 8.699883 12.733081 -16.572235 21.682749 -16.394020 10.172606 -9.291897 1.220829 41.750717 20.936228 8.233075 14.060138 -11.990175 32.894276 -11.741781 14.074565 -7.079671 -6.046685 28.660799 14.401477 9.814193 12.798635 -20.065571 28.362211 -17.495388 8.148132 -2.502872 -3.845019 37.210320
29.044310 13.073341 7.912889 -13.934955 14.996721 -18.952547 3.795580 -20.429136 -0.404933 28.819311 31.881233 8.078156 12.017883 -6.260452 26.924101 -17.089930 13.583018 -19.222851 -3.988113 20.364195 24.406168 10.631022 10.323328 -13.621689 24.602041 -17.388414 2.951002 -15.400149 -1.586026 35.071888
37.382771 10.767387 -3.713079 -11.218239 7.711432 -17.976992 1.554419 -29.449730 -1.839429 14.577675 41.926430 7.653872 9.082909 -1.994577 18.891893 -19.563787 11.419302 -31.085302 0.678559 10.418294 35.777668 6.082227 4.035072 -6.828220 19.266375 -14.404837 -0.712951 -28.076830 -2.344554 26.339272
44.116631 2.571330 -10.679313 -8.250119 3.591083 -16.239594 -3.103793 -34.370556 -3.943465 5.942333 52.534359 0.710446 6.734437 -0.044999 13.112371 -18.821302 10.341499 -33.119682 2.281757 0.763508 46.458359 -2.010389 -0.491693 -3.007722 14.504944 -11.828404 -1.115410 -30.870560 -2.315838 17.553900
47.780418 -2.145029 -11.347733 -6.979609 2.966609 -14.355388 -5.575090 -35.230049 -4.177096 2.040468 57.376324 -4.235804 5.684247 0.129503 12.269688 -15.857063 10.053158 -32.782890 1.665735 -5.383814 52.797928 -5.788417 -0.389879 -1.783048 12.753900 -9.525346 -1.993881 -31.931196 -3.190534 12.484624
47.747322 -2.655452 -11.316757 -6.951102 2.920475 -14.208276 -5.977635 -35.814102 -4.361331 1.642035 57.633766 -4.786880 5.439209 0.164986 12.077024 -15.710856 10.018530 -33.072701 1.327331 -5.801582 53.216003 -6.129320 -0.013508 -2.073802 12.409369 -9.025108 -2.132632 -32.201134 -3.682725 12.061099
47.141064 -1.949541 -11.430269 -7.596838 2.356428 -14.813258 -5.070222 -36.073524 -4.899875 2.310899 56.697369 -3.739594 5.788321 -0.541747 11.784662 -16.604784 10.662881 -33.389950 1.485385 -5.463574 52.088570 -5.564455 -0.007220 -2.529551 12.488840 -9.828746 -1.656411 -32.510387 -3.771251 12.567611
44.561989 -0.740868 -11.346401 -8.956293 1.849710 -15.578577 -3.646445 -36.852966 -5.921885 4.143349 54.048767 -2.686390 6.281481 -1.511166 11.512150 -18.378538 11.653363 -34.319286 1.186553 -4.139104 49.020973 -4.467000 0.709666 -4.629776 12.191928 -11.207715 -0.421577 -33.315502 -4.499873 13.834997
41.509121 0.400360 -12.322087 -10.418315 0.794750 -17.140821 -2.361881 -38.319710 -7.084059 6.101666 50.558304 -1.022557 6.342903 -3.498309 10.817093 -20.719166 13.415683 -36.110588 -0.079620 -2.305911 46.079544 -3.098784 1.561368 -6.648043 11.636596 -12.606096 0.339547 -35.201195 -5.353991 15.661145
39.000416 2.733343 -12.187121 -12.025468 0.031384 -18.614740 -1.145192 -39.992283 -8.400017 7.579113 47.594219 -0.087600 7.187677 -4.510853 10.832406 -22.961952 14.420802 -37.726494 -1.781245 0.303228 43.206089 -1.741411 3.265058 -8.800531 11.701809 -14.009958 1.057675 -37.133675 -7.190966 17.342693
35.737286 4.842993 -12.029016 -14.003877 -0.612893 -20.115942 0.698200 -41.659267 -9.711563 8.887298 43.778767 1.381625 7.701651 -5.617983 11.097915 -25.412796 15.483007 -40.215691 -3.105090 2.341418 40.636410 -0.006508 5.079877 -10.228278 12.478821 -15.482633 1.586961 -38.822987 -8.441325 18.431192
33.219021 6.256251 -11.703253 -15.802900 -1.182757 -21.607115 2.193966 -42.757759 -10.881352 9.551677 40.596439 2.786828 8.377677 -6.336593 11.007059 -27.289749 16.274607 -43.205605 -4.486164 4.172526 38.359119 0.311623 7.389662 -11.772055 13.045799 -16.629387 1.383237 -40.930374 -10.454624 19.441769
31.355495 7.634151 -11.391788 -17.408617 -1.925735 -23.058390 3.097096 -44.468269 -12.337206 9.923377 38.542198 3.278781 8.919505 -6.715347 10.364764 -28.785404 16.771923 -46.176277 -6.225929 5.728687 37.570099 0.613587 10.031365 -13.351142 12.812269 -17.338303 1.145635 -43.460915 -12.540620 20.142433
29.697268 8.623225 -11.481612 -18.627092 -2.832842 -23.753107 4.018457 -45.278404 -13.198925 10.345820 36.852566 3.774006 9.074735 -7.404716 10.010729 -29.301357 17.066050 -47.517296 -7.337924 6.828167 36.536976 0.692001 11.072028 -14.430091 12.373480 -17.797401 1.170287 -44.458298 -13.420933 20.711807
29.200153 8.993920 -11.535391 -19.214792 -3.421004 -23.990873 4.376492 -45.584408 -13.519014 10.394662 36.245995 3.780391 9.049619 -7.594334 9.805322 -29.508751 17.358564 -47.952579 -7.842390 7.228074 36.142307 0.630157 11.513303 -14.839276 12.269591 -18.115524 1.164299 -44.769718 -13.707932 20.768278
29.148705 8.962687 -11.567621 -19.280411 -3.517779 -23.980661 4.409389 -45.629265 -13.574609 10.421189 36.193226 3.702355 9.017719 -7.584613 9.814284 -29.513447 17.373240 -47.975590 -7.890913 7.245276 36.142975 0.624021 11.562734 -14.915155 12.185593 -18.103714 1.152596 -44.879761 -13.793959 20.770340
29.146935 8.962766 -11.566649 -19.285057 -3.519953 -23.981056 4.409753 -45.631790 -13.582422 10.423885 36.192093 3.700625 9.018171 -7.584710 9.815063 -29.512421 17.374990 -47.974648 -7.889777 7.246016 36.143654 0.628435 11.564032 -14.914259 12.184850 -18.101797 1.152303 -44.880783 -13.792230 20.771292
29.148760 8.963620 -11.565247 -19.279266 -3.519817 -23.982605 4.410686 -45.636776 -13.578042 10.424790 36.194721 3.702271 9.020533 -7.582281 9.814046 -29.506470 17.375753 -47.975048 -7.885039 7.247077 36.136749 0.612580 11.562912 -14.917623 12.185350 -18.101246 1.154949 -44.877991 -13.799290 20.777987
29.150192 8.963469 -11.565031 -19.277298 -3.519942 -23.981726 4.410627 -45.637180 -13.574925 10.423766 36.195362 3.702557 9.020516 -7.581863 9.813292 -29.506811 17.374872 -47.976368 -7.886254 7.247153 36.135864 0.609315 11.563187 -14.918180 12.185840 -18.101818 1.154860 -44.878044 -13.801717 20.779991
29.148039 8.963574 -11.566724 -19.284737 -3.520828 -23.981062 4.409936 -45.632996 -13.581827 10.422580 36.192719 3.698847 9.018823 -7.583695 9.816476 -29.512726 17.373158 -47.974377 -7.890768 7.247272 36.136326 0.613172 11.563313 -14.917467 12.185197 -18.100845 1.155060 -44.878021 -13.798841 20.779011
29.148039 8.963574 -11.566724 -19.284737 -3.520828 -23.981062 4.409936 -45.632996 -13.581827 10.422580 36.192719 3.698847 9.018823 -7.583695 9.816476 -29.512726 17.373158 -47.974377 -7.890768 7.247272 36.136292 0.613305 11.562710 -14.917727 12.185146 -18.101357 1.155101 -44.877781 -13.798710 20.778286
29.148689 8.963243 -11.568180 -19.281439 -3.519120 -23.980373 4.409791 -45.630199 -13.576195 10.420089 36.192970 3.700231 9.018529 -7.583155 9.816207 -29.513657 17.371769 -47.975204 -7.891354 7.246941 36.135471 0.610177 11.562624 -14.917598 12.186110 -18.101151 1.155073 -44.877304 -13.799725 20.779387
31.000662 11.008251 -7.584223 -21.978842 -9.934558 -17.572351 6.344080 -48.861813 -11.205095 10.961711 35.461174 1.373196 11.938489 -3.218934 8.434930 -24.792580 17.409513 -51.799206 -5.288526 13.025914 37.064941 7.710631 6.288563 -21.141642 10.571173 -22.121284 -3.158040 -41.060539 -17.604919 14.190360
31.000662 11.008251 -7.584223 -21.978842 -9.934558 -17.572351 6.344080 -48.861813 -11.205095 10.961711 35.461174 1.373196 11.938489 -3.218934 8.434930 -24.792580 17.409513 -51.799206 -5.288526 13.025914 37.064941 7.710631 6.288563 -21.141642 10.571173 -22.121284 -3.158040 -41.060539 -17.604919 14.190360
31.000662 11.008251 -7.584223 -21.978842 -9.934558 -17.572351 6.344080 -48.861813 -11.205095 10.961711 35.461174 1.373196 11.938489 -3.218934 8.434930 -24.792580 17.409513 -51.799206 -5.288526 13.025914 37.064941 7.710631 6.288563 -21.141642 10.571173 -22.121284 -3.158040 -41.060539 -17.604919 14.190360
30.455925 11.000692 -8.129788 -21.860987 -9.711432 -17.524548 6.722257 -48.439594 -11.078185 11.270827 35.316952 1.567272 11.619979 -3.604247 8.244071 -24.792908 17.780672 -51.389992 -5.133093 12.496842 37.352680 7.984684 6.505109 -21.147682 10.825812 -21.657532 -3.902722 -41.034958 -18.208588 14.357993
30.480745 10.971698 -7.975031 -21.984869 -9.911500 -17.476948 6.655020 -48.497105 -10.949221 11.416480 35.367619 1.541248 11.706143 -3.475768 8.285532 -24.651943 17.767046 -51.452805 -5.101719 12.582110 37.326534 7.901991 6.534726 -21.251215 10.774833 -21.798708 -3.901662 -40.891022 -17.989660 14.349677
30.488741 10.971286 -7.961450 -21.987196 -9.927194 -17.472929 6.653189 -48.513817 -10.946210 11.422656 35.367741 1.541762 11.713668 -3.471028 8.285722 -24.650139 17.767834 -51.456467 -5.099364 12.591304 37.313210 7.878894 6.537889 -21.253353 10.774422 -21.812824 -3.897587 -40.886425 -18.000107 14.383946
30.485912 10.973520 -7.965145 -21.989801 -9.925920 -17.475777 6.653035 -48.507511 -10.942579 11.422641 35.365555 1.542504 11.712458 -3.472418 8.287186 -24.651649 17.769407 -51.452862 -5.098781 12.589108 37.313335 7.877657 6.539013 -21.252602 10.773433 -21.810369 -3.894408 -40.886230 -17.991554 14.378675
30.480318 10.964723 -7.964674 -21.976614 -9.916954 -17.474554 6.665062 -48.500481 -10.923958 11.424739 35.365807 1.533166 11.726567 -3.460188 8.292783 -24.631416 17.767540 -51.443951 -5.085792 12.598227 37.317936 7.863254 6.549219 -21.248674 10.779583 -21.803131 -3.904797 -40.880665 -18.011829 14.397206
30.485134 10.968138 -7.968622 -21.979431 -9.911116 -17.477356 6.652435 -48.496750 -10.931923 11.418988 35.363758 1.543206 11.711306 -3.468418 8.288736 -24.642757 17.766956 -51.447277 -5.094914 12.589614 37.312622 7.866445 6.540025 -21.249949 10.779675 -21.811302 -3.897346 -40.879868 -17.997501 14.383096
30.485203 10.967083 -7.968353 -21.978683 -9.909783 -17.476162 6.651950 -48.494911 -10.930879 11.418698 35.364376 1.544297 11.712452 -3.468255 8.286583 -24.640821 17.767317 -51.450165 -5.095093 12.589249 37.312859 7.866561 6.538989 -21.249910 10.779957 -21.811768 -3.898001 -40.879520 -17.997185 14.381847
30.482397 10.965673 -7.968907 -21.976784 -9.911892 -17.480646 6.657697 -48.497616 -10.930796 11.422661 35.363121 1.543672 11.715178 -3.468697 8.288988 -24.641527 17.763863 -51.446632 -5.095208 12.591719 37.312904 7.866956 6.544200 -21.248915 10.778341 -21.808187 -3.897636 -40.882595 -18.001167 14.393826
30.481777 10.965382 -7.969079 -21.975374 -9.911110 -17.481340 6.657503 -48.497612 -10.929142 11.423099 35.363022 1.544426 11.715807 -3.469420 8.287691 -24.639635 17.765461 -51.446976 -5.094646 12.590769 37.313347 7.866818 6.546847 -21.249338 10.777659 -21.806892 -3.896540 -40.883354 -18.003521 14.396089
30.484135 10.970818 -7.965270 -21.982134 -9.918759 -17.475668 6.658045 -48.500938 -10.930220 11.423317 35.361954 1.543712 11.715141 -3.469021 8.287327 -24.646915 17.772310 -51.448898 -5.091195 12.590692 37.311749 7.869644 6.542422 -21.248480 10.776546 -21.808054 -3.895494 -40.885761 -17.994385 14.388215
