34.729454 11.673594 -13.767116 -10.630775 15.304815 -31.212202 36.416016 -0.876416 -5.473211 22.919287 40.616085 13.428463 11.845812 -12.259346 8.991673 -11.698371 34.468433 -3.708034 -4.747132 39.946556 34.011135 12.622490 -3.587225 -24.911579 10.694849 -32.443027 24.121531 6.925655 1.052291 25.411865
34.518806 11.519696 -13.739184 -10.750288 15.481680 -30.978148 36.540115 -0.500825 -5.302001 22.969248 40.474777 13.460946 11.780106 -12.251679 9.054488 -11.230937 34.423527 -3.452494 -4.506352 40.047859 33.870037 12.688133 -3.729716 -25.123468 10.658673 -32.379868 24.340405 7.106291 1.206085 25.211958
34.246471 11.360538 -13.798344 -11.052152 15.632648 -30.521511 36.697060 0.118978 -5.096858 23.010204 40.265255 13.545614 11.269767 -12.366343 9.026364 -10.435754 34.267078 -2.888558 -4.132852 40.365742 33.589901 12.848338 -3.997217 -25.251379 10.673925 -32.044083 24.326248 7.446422 1.530051 25.216881
33.581554 11.258337 -13.893628 -11.449628 15.951478 -30.012817 36.846233 0.836734 -4.804320 23.127134 39.746590 13.699969 10.877204 -12.530544 9.060325 -9.523408 34.234020 -2.441284 -3.550113 40.630295 32.842773 13.004161 -4.421827 -25.667702 10.605715 -31.727976 24.506678 7.834019 1.736498 25.365669
32.817997 11.160921 -14.115088 -11.944753 16.356945 -29.280165 37.051655 1.996301 -4.454920 23.270189 39.199532 13.830432 9.935270 -12.693154 9.038177 -8.374454 33.927105 -1.776393 -2.847208 40.818184 31.940590 13.034472 -5.022406 -26.124380 10.627979 -31.228424 24.600840 8.519505 1.853762 25.516592
31.908442 11.133085 -14.440779 -12.464496 16.740589 -28.476582 37.196747 3.106059 -3.898725 23.233324 38.450432 13.795809 9.446927 -12.877069 9.302254 -7.379072 33.801891 -1.285782 -2.140533 40.773449 30.595224 13.137823 -5.880767 -26.815655 10.563152 -30.647993 24.648121 9.221385 2.114235 25.551441
30.881832 11.065946 -14.833546 -12.968105 17.173672 -27.515646 37.157722 4.238104 -3.343367 23.165232 37.874527 13.755177 8.617311 -12.973853 9.508791 -6.143239 33.512756 -0.491200 -1.402091 40.682579 29.190908 13.145545 -6.646446 -27.787846 10.331601 -29.998932 24.868441 9.986398 2.206230 25.550411
29.775492 10.979623 -15.299785 -13.379478 17.737083 -26.591129 37.199905 5.399608 -2.476175 22.814024 37.146534 13.950400 7.821386 -13.267986 9.652212 -4.944393 33.027775 0.278928 -0.623564 40.721008 27.744205 13.386081 -7.500426 -28.830721 9.999444 -29.131348 25.239397 10.792096 2.611672 25.503016
28.337664 10.690878 -15.588919 -13.887197 18.350971 -25.945225 37.827389 6.469352 -1.711909 22.488930 35.751545 14.562535 6.949893 -13.932868 9.949287 -3.711478 32.330013 1.300614 -0.069203 41.213188 26.217964 13.780478 -8.234967 -29.651962 9.922568 -28.295227 25.421555 11.491216 3.023433 25.834167
26.855267 10.538443 -16.264477 -14.463652 18.841230 -25.031168 38.302326 7.798508 -0.871024 22.334343 34.355762 15.557029 6.009022 -14.600274 10.143740 -2.329235 31.593006 2.399904 0.706532 41.844913 24.551376 14.003165 -9.020969 -30.694551 9.645963 -27.581861 25.926622 12.279375 3.403361 26.084059
25.344481 10.508943 -16.601665 -14.718538 19.649618 -24.305182 38.342834 8.654480 -0.287562 22.141554 32.775215 16.629526 5.057185 -15.133016 10.255631 -1.093446 30.787485 3.072407 1.704314 42.135429 22.876785 14.260746 -9.584898 -31.669615 9.412604 -26.797956 26.339825 12.908088 3.881019 25.793648
23.774879 10.348812 -17.034784 -15.645965 20.011936 -23.418827 38.936142 9.817190 0.038584 21.956057 30.888548 17.162066 4.085952 -15.703946 10.545499 0.151836 30.108444 3.940040 2.594468 42.659237 21.398087 14.110513 -10.005748 -32.417191 9.551054 -25.957994 26.472612 13.796518 4.094995 25.866171
22.729866 10.298199 -17.282307 -16.262371 20.389395 -22.669834 39.343029 10.675242 0.378340 21.394640 29.817663 17.755148 3.495185 -16.252670 10.596680 1.260990 29.560413 4.724391 2.869459 42.974537 19.617952 14.005643 -10.891701 -33.067589 9.628997 -25.256275 26.575899 14.583408 4.476255 26.194353
21.825979 10.351697 -17.367893 -16.824589 20.617857 -22.024092 39.613766 11.335051 0.710083 20.832602 29.034199 18.408049 2.984142 -16.639185 10.562190 2.049150 29.042143 4.818920 3.131568 43.111004 18.405148 13.636395 -11.621787 -33.416264 9.752601 -24.996220 26.800203 15.154810 4.782482 26.091553
21.064892 10.563320 -17.436146 -17.415112 20.750694 -21.347321 39.736263 11.906367 1.047691 20.205296 28.422812 18.898121 2.443237 -17.021320 10.517331 3.056084 28.520060 4.946605 3.436045 42.837479 17.204443 13.556992 -12.024524 -33.533436 10.066732 -24.429214 26.428730 15.436226 5.179491 25.989510
20.314337 10.789533 -17.508924 -17.775620 21.123497 -20.856367 39.842144 12.377192 1.430895 19.859961 27.643330 19.605885 1.835934 -17.382877 10.581519 3.656296 28.049540 4.940393 3.805135 42.648159 16.048706 13.632791 -12.543990 -33.946621 10.111045 -24.104233 26.405029 15.690507 5.530340 25.971247
19.756689 10.956048 -17.650015 -18.075098 21.396297 -20.491905 39.908310 12.753835 1.727823 19.572683 27.103874 20.311417 1.299555 -17.651966 10.436707 4.206883 27.642334 4.850553 4.269704 42.448711 15.109204 13.504529 -13.015871 -34.344658 9.956496 -23.779062 26.324991 15.786216 5.659540 26.021595
19.252323 11.007515 -17.736517 -18.320505 21.531029 -20.343040 40.191708 12.993752 1.881259 19.480921 26.766884 20.852791 1.016458 -17.764366 10.483518 4.478129 27.268822 4.872373 4.614888 42.395363 14.405560 13.668176 -13.340549 -34.551689 9.930380 -23.543203 26.160904 15.794126 5.853646 26.214935
18.922764 10.981202 -17.826847 -18.449770 21.667168 -20.173817 40.196964 13.175859 1.868929 19.504524 26.575745 21.071539 0.872317 -17.848913 10.529255 4.695720 27.080198 4.955417 4.746944 42.375553 14.081579 13.720472 -13.459145 -34.691395 9.936698 -23.390654 26.080751 15.752192 5.923411 26.154894
18.821857 10.927908 -17.844727 -18.516462 21.698462 -20.134188 40.213779 13.208691 1.878255 19.390200 26.453537 21.129580 0.835597 -17.910553 10.566407 4.755831 26.998795 4.919914 4.770821 42.285477 13.919495 13.701302 -13.495397 -34.778912 9.923585 -23.360970 26.098921 15.744117 5.914888 26.111973
18.741926 10.646276 -16.842297 -18.417749 22.240391 -19.985352 39.880489 13.000433 1.570362 19.561562 26.565763 21.072172 1.862109 -17.881767 11.085388 5.174524 26.485863 4.906115 4.304570 42.195850 14.101230 13.980563 -12.624008 -34.917393 10.059608 -22.794054 25.798840 15.779703 5.570925 26.138706
18.807190 9.698902 -13.941387 -18.360777 23.610415 -19.699337 38.937149 12.344666 0.382475 19.709911 26.725786 20.587118 4.505262 -18.282213 12.283399 6.321981 25.559322 5.186443 2.618061 41.951809 14.597649 14.328722 -10.308995 -35.297363 10.548455 -21.456400 25.326942 16.140707 4.583549 25.897339
19.325678 8.011673 -9.518187 -18.535498 25.097105 -19.293627 38.054554 11.771295 -1.233753 19.632626 27.827644 19.754822 8.552572 -18.333933 13.728816 7.318708 23.270159 4.217166 -0.186391 40.734863 15.533496 13.784833 -6.874193 -35.859180 11.266794 -18.911901 24.267532 16.794054 2.687533 25.098000
19.392715 7.275744 -4.231923 -19.109221 26.786858 -18.481663 36.837177 10.297299 -3.440055 18.985474 29.057688 18.773659 12.578655 -18.415623 16.333355 8.832066 19.301268 3.981793 -4.198263 39.625607 16.654150 13.264390 -2.037496 -35.920643 13.225784 -16.273823 22.176315 17.108717 -0.451543 24.949944
20.184561 5.164161 1.407956 -19.313749 28.881290 -16.604349 34.844891 8.834525 -5.768277 18.149174 29.581902 16.564789 15.617181 -17.998631 19.259518 9.510287 14.396483 3.202204 -8.407771 38.957066 16.290556 11.240445 2.047537 -35.761761 16.188118 -13.446649 21.002804 18.676035 -2.364520 24.583019
21.170414 0.863680 7.021712 -17.993361 31.857534 -14.238666 32.139709 7.115179 -7.238090 15.996678 29.955231 11.148014 19.508427 -17.935633 23.591608 11.247431 10.688990 4.240980 -11.698990 35.962242 17.581200 8.335227 5.688041 -33.727276 20.152870 -10.492781 19.479103 20.932735 -2.356611 21.758087
19.897026 -5.370487 12.592462 -16.695801 36.142700 -11.759181 29.726755 6.606236 -7.951632 15.504548 27.376862 2.154148 21.192152 -17.969933 28.002804 10.841596 10.101183 5.422908 -14.961189 34.166817 17.679644 5.236217 8.949869 -29.297337 26.916683 -8.753281 17.592112 23.837446 -0.670666 18.425203
17.487690 -10.729825 17.153818 -14.643456 40.835686 -8.972919 26.457682 6.170933 -7.217530 16.427801 23.279608 -4.884367 22.228004 -18.795963 33.088177 11.288134 8.458855 7.396504 -17.134388 31.417114 16.237942 1.468499 11.909409 -24.226337 34.351025 -7.508611 16.309706 25.245802 1.242534 14.475571
12.398041 -15.559040 19.368101 -13.287462 44.701496 -5.474365 24.481688 5.931549 -4.913113 17.699011 17.683079 -9.654225 21.309195 -18.979820 38.146725 11.072287 7.012538 9.586429 -15.752760 29.062212 11.950932 -2.956599 13.440976 -20.666431 40.909115 -6.901327 14.122842 25.602425 2.869050 12.042472
7.252038 -17.570335 20.961006 -13.794967 46.589622 -1.128176 24.067152 6.981464 -0.568003 17.692947 12.903095 -11.555817 21.148941 -17.433298 42.606968 12.274665 4.117181 9.897038 -12.852988 28.891605 8.451321 -7.493675 14.546704 -17.379562 46.158901 -6.291996 11.918810 24.875452 4.290869 10.791505
3.075847 -16.117294 20.697327 -16.444679 46.699699 1.688417 23.966789 8.338645 2.431564 16.003971 7.916351 -12.647591 20.513662 -16.368454 46.520351 12.153962 2.255350 10.027857 -10.494832 27.748201 3.655100 -10.079004 14.568259 -14.827614 50.206055 -3.914873 9.440567 25.404758 6.377812 12.291131
0.929884 -12.979038 20.288332 -20.280499 46.662392 4.357454 23.913118 9.643806 3.276113 11.959657 3.129951 -12.337101 18.783981 -15.864182 50.059486 13.075634 -1.446654 10.534766 -7.738342 27.656935 -0.408634 -8.807354 15.345197 -13.815681 52.183235 -1.004971 6.797742 23.780857 8.433433 13.306586
0.941704 -9.297743 20.037373 -22.198206 47.922962 6.958083 21.775797 11.823486 5.125945 7.309832 0.688277 -10.440628 17.145794 -15.315178 52.176682 14.012215 -4.831933 11.230417 -5.314816 27.633633 -2.951715 -5.038115 15.247715 -14.758654 53.188168 2.686667 3.419415 23.480322 10.692517 12.235950
0.650523 -4.631124 18.984388 -23.526068 48.091702 8.818855 18.807777 12.685936 7.417149 4.922442 -0.910392 -6.797828 15.687203 -16.835094 52.155174 15.382794 -7.100807 10.624110 -4.109643 25.362732 -4.026472 -1.690056 15.476704 -16.027102 52.687641 6.186848 0.322253 22.417032 12.280479 10.959918
1.937775 -0.376436 19.102331 -24.131096 48.154419 10.618379 15.931544 12.101988 9.063818 1.854466 -1.227678 -4.550082 15.511255 -18.119413 51.233269 16.303728 -7.544078 8.233027 -4.187765 22.475023 -4.304198 0.999776 16.082821 -17.160240 51.551662 9.460201 -1.975471 20.343292 12.535672 10.363779
3.293783 4.491690 18.646631 -24.371387 47.472206 11.637254 13.011036 10.163764 10.243698 -0.325829 0.027948 -0.407082 15.983762 -18.780647 49.622341 17.718180 -8.413993 5.468599 -3.596764 19.861727 -3.384380 3.507187 17.080915 -18.096554 50.126484 11.534973 -3.931994 17.262644 11.853436 8.889815
4.452128 7.927961 17.970642 -23.689816 47.142326 12.033834 10.926121 8.467177 11.318563 -1.546868 0.916376 1.347020 16.710434 -19.227354 48.608017 18.813108 -8.405901 3.084349 -4.272976 17.909121 -2.531364 5.630793 17.111666 -19.060596 48.578728 13.333744 -4.830452 15.010011 10.919168 7.346096
5.591117 9.446492 18.115452 -23.145439 47.460640 12.403455 9.502726 8.120625 12.178349 -2.617157 1.942371 3.441512 16.892601 -19.837984 47.766079 20.096239 -9.288149 1.995054 -4.396071 16.501486 -1.891625 6.902345 16.999817 -19.548983 47.613499 14.677631 -5.726111 13.728139 10.282205 6.752182
6.279691 10.274064 18.128813 -22.646326 47.467476 12.584044 8.476233 7.625443 12.656094 -2.812196 2.490449 5.132370 16.802021 -20.347290 47.262295 21.050697 -10.231703 1.664883 -4.230757 15.986303 -1.333401 7.761621 17.066656 -20.012457 46.680115 15.450815 -5.901230 12.611249 9.781921 6.256754
6.462974 10.451756 18.136326 -22.595390 47.350605 12.666611 8.102250 7.345608 12.593510 -2.897287 2.674595 5.693326 16.543789 -20.599981 46.787807 21.272686 -10.471091 1.299623 -4.348486 15.783929 -1.161855 7.964040 17.125935 -20.147114 46.374737 15.720830 -5.944286 12.192836 9.492391 6.172366
6.481449 10.603130 18.077087 -22.456484 47.421436 12.679236 8.043203 7.393010 12.726633 -2.769882 2.643143 5.827273 16.453524 -20.557629 46.754269 21.240423 -10.407370 1.310780 -4.234951 15.846868 -1.206717 8.152375 17.068077 -20.152334 46.287487 15.767403 -5.929988 12.229348 9.612895 6.330564
6.362088 10.753430 17.864967 -22.277039 47.424828 12.652885 8.032953 7.399508 12.899372 -2.441455 2.440984 5.889214 16.220039 -20.503361 46.608852 21.066565 -10.163165 1.211249 -4.076267 16.118956 -1.331729 8.405901 16.957510 -20.249975 46.044018 15.680153 -5.858114 12.232856 9.760076 6.685207
6.153265 11.057653 17.473055 -22.138567 47.297260 12.898090 8.066446 7.479549 13.107045 -1.867711 2.172056 6.226929 15.588442 -20.279240 46.641922 21.042330 -10.217202 1.591155 -3.343988 16.646589 -1.873637 8.801861 16.886631 -20.389059 45.828648 15.699968 -5.832337 12.198195 10.143146 7.449180
6.110414 11.528860 16.814640 -21.920113 47.041737 13.066031 8.303915 7.780123 13.371107 -1.178027 1.594727 6.490563 14.174935 -20.133223 46.593124 20.774710 -10.074415 2.439191 -2.472914 17.387730 -2.289604 9.262432 15.823337 -20.388517 45.052246 15.597260 -5.627110 12.270943 10.855855 8.367040
5.982821 11.646263 15.924768 -21.503714 46.884747 13.484311 8.532055 8.430325 13.780391 -0.066196 1.374477 7.236723 12.606643 -19.885965 46.566071 20.926714 -10.398515 3.346710 -1.528421 18.135426 -2.603909 9.497471 14.695567 -20.476028 44.221619 15.682648 -5.421458 12.658402 11.617053 9.086076
5.770659 11.869320 14.831344 -21.043022 46.781055 13.866584 8.635127 9.177351 14.291859 1.330779 1.168799 8.043156 11.098458 -19.365690 46.518982 21.450029 -10.887319 4.305271 -0.241751 19.194960 -2.799802 9.669249 13.619513 -20.642122 43.082195 15.782059 -5.115963 13.091035 12.489530 10.293490
5.978886 12.273010 14.078012 -20.206604 47.033489 14.288533 8.497072 10.128124 15.246491 2.904806 1.000816 8.873884 9.620031 -18.914562 46.518658 21.689037 -11.001081 5.589739 1.409928 19.924177 -3.209167 10.182695 12.699664 -21.002296 41.826931 16.117008 -4.648716 13.667463 13.522672 11.858974
6.560749 12.503274 12.981581 -19.281458 46.966145 14.994660 8.049344 10.782565 16.022934 4.139400 1.497188 9.623803 8.011822 -18.125126 46.157887 22.162811 -11.098762 6.593288 2.965154 20.626131 -2.962493 10.808750 11.545132 -20.993210 40.555511 16.671534 -4.411406 14.166617 14.855271 12.973718
6.697734 12.660214 11.617964 -18.479811 47.018272 15.508863 7.800356 11.900553 16.820486 6.124005 1.463844 9.939912 6.374772 -17.747944 45.954842 21.526999 -10.629732 7.465249 3.963884 21.542650 -3.165581 11.671908 10.474467 -21.281027 39.543102 16.887653 -4.153241 14.913522 16.091644 14.340529
6.903510 13.025814 10.566335 -17.563574 47.030701 15.961558 7.401335 12.717994 17.549082 8.280200 1.873513 10.780182 5.345519 -17.145599 45.467663 21.613480 -10.714540 7.851550 4.858685 22.856825 -3.125222 12.428063 9.682667 -21.415237 38.507160 16.993410 -4.116849 15.410213 17.062157 15.973551
7.252682 13.648604 9.862103 -16.851831 47.101929 16.229231 6.750938 13.342081 18.166548 9.749247 2.085259 11.119209 3.947542 -16.924734 44.944828 21.375957 -10.985078 8.294865 5.313601 24.168547 -2.764047 13.203140 8.874599 -21.658085 37.322567 17.315100 -4.124890 16.050516 17.696735 17.463882
7.833976 14.725888 9.114864 -15.815157 47.164356 16.170328 6.151593 13.778821 18.962654 11.596584 2.600605 12.336625 2.860828 -16.753227 44.657505 21.777527 -11.974280 9.548164 6.381645 25.371304 -2.265553 14.452014 8.125047 -21.917133 36.100433 17.596178 -4.105893 16.646360 18.239613 19.172024
8.387860 15.651894 8.350390 -14.977025 47.278469 16.108236 5.680784 14.480546 19.601299 13.020090 3.056738 13.130898 1.519619 -16.225798 44.299942 21.605274 -12.331617 10.394755 7.471615 25.939901 -1.744805 15.616518 7.311689 -21.956656 35.219776 17.677876 -4.174799 17.270475 18.829222 20.274418
9.093843 16.515581 7.481027 -13.999012 47.337311 16.153463 5.065428 15.135805 20.080515 14.339665 3.520125 13.527710 0.475903 -15.681348 44.031479 21.514612 -12.546456 11.099464 8.306136 26.639004 -0.956050 16.716875 6.800199 -22.203846 34.179214 17.960270 -4.239646 17.557503 19.093487 21.036928
9.678648 17.690218 7.163817 -13.178426 47.776592 16.068928 4.424449 15.811437 20.607351 15.400306 4.045355 14.781737 -0.525068 -15.326300 43.955318 21.368429 -12.926877 12.493631 9.554738 27.021452 -0.428922 18.141115 6.499099 -22.338251 33.468803 18.250072 -4.290772 17.944778 19.537430 21.817211
10.680426 19.063717 7.079034 -12.035966 48.451195 16.331322 3.267930 16.497839 21.420908 16.232313 4.634706 16.406639 -1.398736 -14.951203 44.022240 21.340124 -13.723882 13.919903 10.762444 27.369715 0.202010 20.081861 6.417584 -22.492939 32.687527 19.137999 -4.719716 18.276693 20.128139 22.620728
12.054019 20.278967 7.460621 -10.831920 49.431042 16.769773 1.839632 17.387224 22.244791 16.813791 5.077252 17.677645 -1.816373 -14.486671 44.477318 21.283428 -14.608834 15.077296 11.847516 27.660799 0.896783 21.806965 6.360743 -22.590902 32.172569 19.887825 -5.299000 18.688776 20.474291 23.330067
13.058929 20.958824 7.641893 -9.824370 50.353870 16.940855 0.776197 18.224186 22.832787 17.213049 5.338216 18.436848 -2.396368 -14.305488 44.375011 21.176239 -15.024714 15.588839 12.319650 27.708612 1.390614 23.068167 6.223578 -22.757467 31.709177 20.357212 -5.628510 19.000624 20.716124 23.635986
13.540591 21.236099 7.721992 -9.409632 50.783367 17.018806 0.293294 18.677610 23.052675 17.336977 5.510077 18.882360 -2.651107 -14.228313 44.338596 21.257853 -15.410749 15.803611 12.456563 27.818125 1.661036 23.762333 6.183989 -22.752584 31.603024 20.592140 -5.898952 19.255924 20.894081 23.858356
13.757174 21.345751 7.746840 -9.224247 50.914730 17.068609 0.094283 18.815275 23.104836 17.441853 5.637415 19.052561 -2.765031 -14.105927 44.343273 21.310892 -15.687712 15.824721 12.466138 27.924532 1.815221 24.020050 6.077239 -22.636370 31.572624 20.679457 -6.108849 19.375134 21.003365 24.031258
13.757174 21.345751 7.746840 -9.224247 50.914730 17.068609 0.094283 18.815275 23.104836 17.441853 5.637415 19.052561 -2.765031 -14.105927 44.343273 21.310892 -15.687712 15.824721 12.466138 27.924532 1.815221 24.020050 6.077239 -22.636370 31.572624 20.679457 -6.108849 19.375134 21.003365 24.031258
13.755083 21.344690 7.750206 -9.226738 50.911728 17.071407 0.094040 18.812454 23.103371 17.446037 5.638695 19.056808 -2.765065 -14.106427 44.341827 21.314308 -15.690821 15.824679 12.465569 27.925163 1.814130 24.021282 6.075902 -22.637510 31.572529 20.679441 -6.111748 19.374636 21.001793 24.035368
13.754679 21.343691 7.749524 -9.226611 50.910957 17.071161 0.094189 18.811495 23.102724 17.446661 5.637614 19.053843 -2.765478 -14.107056 44.342686 21.311708 -15.688911 15.824952 12.464858 27.924788 1.814474 24.021339 6.076285 -22.637774 31.571705 20.679935 -6.111577 19.373686 21.001255 24.035751
13.754679 21.343691 7.749524 -9.226611 50.910957 17.071161 0.094189 18.811495 23.102724 17.446661 5.637614 19.053843 -2.765478 -14.107056 44.342686 21.311708 -15.688911 15.824952 12.464858 27.924788 1.814474 24.021339 6.076285 -22.637774 31.571705 20.679935 -6.111577 19.373686 21.001255 24.035751
13.754679 21.343691 7.749524 -9.226611 50.910957 17.071161 0.094189 18.811495 23.102724 17.446661 5.637614 19.053843 -2.765478 -14.107056 44.342686 21.311708 -15.688911 15.824952 12.464858 27.924788 1.814474 24.021339 6.076285 -22.637774 31.571705 20.679935 -6.111577 19.373686 21.001255 24.035751
13.754679 21.343691 7.749524 -9.226611 50.910957 17.071161 0.094189 18.811495 23.102724 17.446661 5.637614 19.053843 -2.765478 -14.107056 44.342686 21.311708 -15.688911 15.824952 12.464858 27.924788 1.814474 24.021339 6.076285 -22.637774 31.571705 20.679935 -6.111577 19.373686 21.001255 24.035751
13.754679 21.343691 7.749524 -9.226611 50.910957 17.071161 0.094189 18.811495 23.102724 17.446661 5.637684 19.053934 -2.765407 -14.106957 44.342464 21.311804 -15.688702 15.824733 12.464848 27.924738 1.814474 24.021339 6.076285 -22.637774 31.571705 20.679935 -6.111577 19.373686 21.001255 24.035751
13.757811 21.338083 7.745281 -9.223093 50.918312 17.066828 0.095494 18.821583 23.104160 17.439957 5.640414 19.059875 -2.765267 -14.106655 44.341103 21.315033 -15.693887 15.819782 12.463769 27.923895 1.817380 24.023664 6.082769 -22.640284 31.568214 20.683563 -6.100195 19.372929 21.004963 24.020781
13.757731 21.342056 7.745646 -9.224245 50.915356 17.067390 0.096599 18.818830 23.104467 17.441233 5.643592 19.066925 -2.763984 -14.105727 44.342442 21.319324 -15.698840 15.821613 12.466128 27.923744 1.816472 24.022154 6.081344 -22.639704 31.568331 20.682261 -6.100491 19.373617 21.005331 24.022461
13.758144 21.341686 7.745331 -9.223363 50.915024 17.066475 0.095982 18.817312 23.104128 17.441256 5.641400 19.062180 -2.764525 -14.106232 44.342068 21.316475 -15.694916 15.821845 12.466281 27.923679 1.817398 24.023983 6.082225 -22.638952 31.567982 20.682892 -6.100249 19.371861 21.005423 24.022785
13.751631 21.334337 7.736601 -9.224336 50.915371 17.064413 0.100770 18.823553 23.106264 17.435665 5.640843 19.061642 -2.765770 -14.106157 44.339336 21.315321 -15.693558 15.818541 12.463696 27.923456 1.817118 24.024626 6.085949 -22.644901 31.562450 20.688122 -6.096611 19.375744 21.004993 24.018990
13.759252 21.340065 7.745964 -9.222243 50.917244 17.066652 0.093855 18.817511 23.102747 17.440502 5.640431 19.060530 -2.765417 -14.106353 44.341381 21.314943 -15.692273 15.821131 12.466240 27.923168 1.817848 24.025375 6.082778 -22.641026 31.567099 20.683563 -6.100034 19.372330 21.005577 24.021652
13.759010 21.340363 7.746151 -9.222726 50.915993 17.067270 0.094316 18.816488 23.102827 17.441059 5.640360 19.059746 -2.765428 -14.105954 44.341019 21.315166 -15.692489 15.820486 12.465667 27.924078 1.817395 24.023960 6.082447 -22.639889 31.567541 20.683144 -6.100005 19.371647 21.005489 24.022352
13.759010 21.340363 7.746151 -9.222726 50.915993 17.067270 0.094316 18.816488 23.102827 17.441059 5.640360 19.059746 -2.765428 -14.105954 44.341019 21.315166 -15.692489 15.820486 12.465667 27.924078 1.817395 24.023960 6.082447 -22.639889 31.567541 20.683144 -6.100005 19.371647 21.005489 24.022352
13.612536 22.432688 6.940491 -12.958136 49.416279 15.463621 -2.839203 19.038670 16.083998 18.575178 6.187067 18.920858 2.754271 -8.890815 43.149406 28.686867 -10.265905 14.523294 23.867451 27.997480 -0.061583 21.616426 3.564749 -26.013824 29.980324 17.962494 -9.542084 19.211052 15.435254 26.099915
13.612536 22.432688 6.940491 -12.958136 49.416279 15.463621 -2.839203 19.038670 16.083998 18.575178 6.187067 18.920858 2.754271 -8.890815 43.149406 28.686867 -10.265905 14.523294 23.867451 27.997480 -0.061583 21.616426 3.564749 -26.013824 29.980324 17.962494 -9.542084 19.211052 15.435254 26.099915
13.612536 22.432688 6.940491 -12.958136 49.416279 15.463621 -2.839203 19.038670 16.083998 18.575178 6.187067 18.920858 2.754271 -8.890815 43.149406 28.686867 -10.265905 14.523294 23.867451 27.997480 -0.061583 21.616426 3.564749 -26.013824 29.980324 17.962494 -9.542084 19.211052 15.435254 26.099915
13.612536 22.432688 6.940491 -12.958136 49.416279 15.463621 -2.839203 19.038670 16.083998 18.575178 6.187067 18.920858 2.754271 -8.890815 43.149406 28.686867 -10.265905 14.523294 23.867451 27.997480 -0.061583 21.616426 3.564749 -26.013824 29.980324 17.962494 -9.542084 19.211052 15.435254 26.099915
13.612536 22.432688 6.940491 -12.958136 49.416279 15.463621 -2.839203 19.038670 16.083998 18.575178 6.187067 18.920858 2.754271 -8.890815 43.149406 28.686867 -10.265905 14.523294 23.867451 27.997480 -0.061583 21.616426 3.564749 -26.013824 29.980324 17.962494 -9.542084 19.211052 15.435254 26.099915
13.567885 22.269146 6.388363 -12.730534 49.985420 15.640567 -2.448766 19.321278 15.367349 18.295479 6.294845 18.989595 2.552493 -8.659231 43.373398 29.450350 -9.550021 14.428527 23.751213 27.673416 0.245013 22.134802 2.938391 -26.198250 30.430653 17.603027 -9.617830 19.618925 14.051043 25.670162
13.513864 22.170345 6.396936 -12.667918 50.010822 15.586200 -2.351172 19.426764 15.540038 18.505083 6.253374 18.713734 2.605658 -8.613190 43.368446 29.344820 -9.311488 14.710864 24.060926 27.809103 0.339718 22.270720 3.066379 -26.067179 30.648808 17.763306 -9.640359 19.508633 14.032072 25.553730
13.464272 22.181667 6.304116 -12.721986 49.970921 15.474714 -2.316218 19.484909 15.615686 18.506620 6.191677 18.654058 2.616132 -8.748082 43.300167 29.287638 -9.313910 14.789460 24.016384 27.887613 0.404744 22.282442 3.079272 -26.099110 30.651808 17.722628 -9.652096 19.515203 14.261672 25.413534
13.484100 22.234283 6.282555 -12.798437 49.922256 15.465871 -2.336077 19.471491 15.519894 18.449883 6.200572 18.664904 2.634263 -8.742387 43.314911 29.251320 -9.307137 14.761074 24.005276 27.856894 0.382231 22.184044 3.058251 -26.118233 30.651445 17.654572 -9.694505 19.476570 14.123951 25.477474
13.493300 22.243383 6.282272 -12.814720 49.900879 15.475340 -2.346885 19.458014 15.502687 18.444374 6.207988 18.671606 2.648857 -8.732284 43.314392 29.258862 -9.304136 14.748356 24.011362 27.855360 0.373223 22.154936 3.050392 -26.126335 30.639896 17.641232 -9.697749 19.471729 14.102864 25.498064
13.492101 22.240601 6.280441 -12.813575 49.902279 15.473314 -2.345651 19.460094 15.504704 18.443909 6.208286 18.672455 2.647022 -8.732933 43.314468 29.259218 -9.305400 14.750517 24.011368 27.854767 0.374994 22.155422 3.049917 -26.124840 30.641239 17.641005 -9.697875 19.471245 14.102805 25.495846
13.489795 22.240894 6.280643 -12.820936 49.898773 15.473372 -2.345476 19.465296 15.505053 18.443113 6.206892 18.665375 2.646700 -8.732701 43.318943 29.252882 -9.303988 14.759937 24.014507 27.855330 0.374071 22.153036 3.051089 -26.127226 30.641062 17.640158 -9.700395 19.472767 14.109824 25.490152
13.489022 22.240421 6.281031 -12.823574 49.896992 15.472069 -2.346414 19.467022 15.506758 18.443996 6.206267 18.663502 2.646723 -8.736812 43.315586 29.252337 -9.303330 14.762198 24.014044 27.855055 0.370482 22.149471 3.050098 -26.129082 30.639297 17.636312 -9.699143 19.475973 14.111394 25.491360
13.488895 22.240633 6.281665 -12.822270 49.898323 15.472519 -2.346431 19.467634 15.508428 18.443968 6.206060 18.664885 2.646505 -8.737133 43.314426 29.253935 -9.303702 14.761105 24.014418 27.855043 0.370239 22.150686 3.049865 -26.129387 30.638502 17.637108 -9.698749 19.477081 14.112612 25.490950
13.490296 22.239967 6.267304 -12.832223 49.897160 15.461571 -2.352869 19.473196 15.486930 18.439638 6.205088 18.663570 2.655752 -8.739376 43.315777 29.256489 -9.284038 14.765650 24.019222 27.850204 0.367672 22.153267 3.030070 -26.141922 30.639526 17.622850 -9.710630 19.478504 14.094886 25.483057
13.493738 22.246000 6.278702 -12.821489 49.901127 15.471099 -2.357487 19.466709 15.498669 18.450750 6.203188 18.672134 2.645525 -8.739250 43.309189 29.263222 -9.300829 14.760900 24.015400 27.858547 0.369002 22.162340 3.043496 -26.138828 30.635260 17.636654 -9.706113 19.477709 14.110883 25.486231
13.496036 22.251560 6.281611 -12.825240 49.897270 15.476362 -2.360619 19.465185 15.496672 18.453297 6.201189 18.669561 2.641629 -8.742983 43.308502 29.263077 -9.301607 14.763886 24.012531 27.858606 0.368355 22.160313 3.045934 -26.138659 30.632744 17.639141 -9.703348 19.474951 14.111055 25.489265
13.493763 22.248581 6.280179 -12.824087 49.901722 15.473301 -2.357250 19.470201 15.498310 18.451439 6.201740 18.670343 2.640567 -8.742939 43.308834 29.263145 -9.302673 14.764794 24.012104 27.858412 0.370535 22.160700 3.047696 -26.134613 30.638649 17.636967 -9.703723 19.473833 14.109833 25.486748
13.493516 22.247467 6.279722 -12.823184 49.901768 15.472781 -2.356676 19.469458 15.498983 18.451241 6.202084 18.670839 2.641008 -8.742682 43.308918 29.264887 -9.303719 14.766193 24.012951 27.859358 0.370576 22.161026 3.047170 -26.134806 30.638083 17.637383 -9.702677 19.473558 14.111279 25.485374
13.492443 22.247265 6.280449 -12.823655 49.902382 15.472485 -2.357160 19.471243 15.502768 18.449877 6.201692 18.671385 2.642560 -8.743296 43.308762 29.265112 -9.305123 14.765986 24.014042 27.858929 0.370344 22.161249 3.046614 -26.134974 30.637564 17.637869 -9.702714 19.473665 14.110787 25.485863
13.490040 22.238667 6.278049 -12.826124 49.898354 15.469029 -2.350318 19.470623 15.499640 18.443007 6.205783 18.669523 2.653783 -8.733595 43.315395 29.259422 -9.295928 14.762961 24.021564 27.858606 0.367722 22.156229 3.038972 -26.136604 30.637281 17.630793 -9.705829 19.476086 14.104341 25.486629
13.495704 22.249317 6.281772 -12.831251 49.894043 15.474514 -2.357766 19.467323 15.492952 18.446974 6.205663 18.674391 2.652061 -8.735849 43.311810 29.262222 -9.296399 14.761250 24.021935 27.857576 0.367680 22.153793 3.041723 -26.135897 30.636341 17.630735 -9.706737 19.469952 14.100146 25.491234
13.494091 22.245420 6.280978 -12.829625 49.893570 15.473355 -2.355219 19.465254 15.494667 18.445745 6.206595 18.674025 2.654403 -8.735854 43.311607 29.262436 -9.295625 14.759503 24.021069 27.856592 0.366896 22.154793 3.042318 -26.137135 30.631971 17.634777 -9.702581 19.469900 14.103219 25.492796
13.489478 22.244083 6.274661 -12.827125 49.895840 15.471237 -2.351650 19.470881 15.501495 18.446867 6.206285 18.667509 2.653365 -8.736315 43.312523 29.258696 -9.293193 14.765152 24.019342 27.857439 0.367563 22.155672 3.039469 -26.135149 30.636398 17.633978 -9.703516 19.474331 14.109446 25.486488
13.489621 22.245180 6.275577 -12.828902 49.894325 15.472795 -2.351218 19.470222 15.501022 18.446547 6.206180 18.667236 2.653437 -8.735850 43.312973 29.257689 -9.292768 14.765152 24.019508 27.856487 0.367606 22.153696 3.041421 -26.133699 30.636944 17.633284 -9.702953 19.471523 14.108608 25.487984
13.488323 22.243399 6.274852 -12.827228 49.893665 15.472349 -2.350051 19.468191 15.502547 18.447561 6.206153 18.667141 2.653871 -8.735745 43.312618 29.258825 -9.292787 14.765623 24.020641 27.857618 0.367745 22.155048 3.040368 -26.134668 30.634483 17.634743 -9.701410 19.471546 14.111148 25.486439
