3.919444 0.047688 -45.755211 -14.225437 16.041935 -1.335821 -14.926575 2.406691 10.696606 38.790924 7.006479 -9.935814 -50.927532 -4.399504 10.548128 4.279551 15.271435 -8.401838 26.510635 32.008644 3.217993 1.899867 -56.028713 -17.893524 8.016032 3.301547 -5.791831 -3.774369 10.853092 26.189411
4.080419 -0.328449 -45.964123 -14.369243 15.653045 -1.344519 -15.152954 2.447550 10.823792 38.523827 7.549322 -10.141534 -51.008747 -4.306195 10.361870 4.389614 15.180863 -8.513722 26.532581 31.473322 3.623750 1.612986 -56.044155 -17.924604 7.762623 3.480790 -5.936169 -3.897704 10.785541 25.974094
4.558274 -1.040057 -46.241047 -14.366216 15.142789 -1.365825 -15.332312 2.344375 10.860782 38.058334 8.321051 -10.507819 -51.196953 -4.157229 10.061975 4.544997 15.042783 -8.788471 26.529808 30.698935 4.486547 1.089392 -56.039661 -17.824789 7.402648 3.778723 -6.304564 -4.197732 10.686480 25.637733
5.096509 -1.976125 -46.517727 -14.375715 14.627747 -1.283191 -15.595466 2.013503 10.899618 36.975098 9.541911 -10.861133 -51.289181 -4.072315 9.585285 4.843771 14.989445 -9.220934 26.380438 29.483656 5.449308 0.294390 -56.039131 -17.751156 6.979501 4.181740 -6.692476 -4.446352 10.577493 25.091118
5.695526 -3.360490 -47.041550 -14.570375 13.629411 -1.330803 -15.876265 1.857985 11.044624 35.937233 11.078115 -11.636557 -51.484520 -3.980161 9.065963 5.278750 14.898226 -9.755780 26.276417 27.604727 6.596169 -0.911611 -55.960819 -17.588749 6.490208 4.668879 -7.232350 -4.860755 10.372502 24.335798
6.743736 -4.879466 -47.622082 -14.827767 12.520723 -1.460775 -16.571789 1.615848 11.444594 34.370331 12.365122 -12.226442 -51.841072 -4.044571 8.374770 5.585467 14.967670 -10.165144 26.214537 26.221790 7.953896 -2.324125 -56.235004 -17.371065 5.849799 5.043671 -7.699896 -5.289605 10.181176 23.529922
7.618119 -5.966990 -48.399860 -14.975134 11.435847 -2.044801 -16.812469 1.055290 11.890753 33.032585 13.699599 -12.734408 -51.758305 -4.203190 7.724844 6.197134 14.714714 -10.780859 25.953314 24.449335 9.394497 -3.866408 -56.092743 -17.265072 5.234025 5.380805 -8.110601 -5.973643 9.823014 22.224361
8.302967 -7.644825 -49.018166 -15.219737 10.371337 -2.613674 -17.147024 0.508440 12.566407 31.093393 15.584542 -13.181773 -51.268402 -4.419150 6.897747 6.737414 14.614886 -11.565306 25.522970 22.358824 10.372991 -5.650692 -55.950783 -17.309879 4.642981 5.776526 -8.632308 -6.521487 9.395088 21.133114
8.781394 -9.136938 -49.582409 -15.116668 9.798603 -3.312999 -16.865316 0.048674 13.325340 29.180267 17.034855 -13.402233 -50.793396 -4.789324 5.915617 7.232003 14.298434 -12.314362 25.218416 20.647463 11.798179 -7.057575 -55.692211 -17.173769 4.172988 6.054379 -9.010130 -7.198452 8.960755 19.673105
9.688173 -10.197379 -49.891079 -14.823345 9.373056 -4.067454 -16.392380 -0.658107 13.735706 27.395727 18.768311 -13.905596 -49.996014 -4.977610 5.197238 7.528867 14.198330 -13.245639 24.866425 18.605888 13.641375 -8.496263 -55.054420 -16.931635 3.949952 6.027799 -9.002821 -8.025402 8.573359 17.559732
10.533180 -11.066360 -49.933125 -14.594925 9.127473 -4.572125 -15.915525 -1.473976 13.737640 25.604353 20.161537 -14.154840 -49.060352 -5.188213 4.643510 7.815041 14.073151 -14.350356 24.362747 16.719046 14.999911 -9.587016 -54.314026 -16.846577 3.894525 5.912379 -8.980725 -8.777986 8.212195 15.675576
11.627452 -12.172338 -49.783749 -14.101406 9.234556 -5.078046 -15.486403 -2.108441 14.006231 23.238440 21.589628 -14.337910 -48.120422 -5.318752 4.233585 8.319527 13.673202 -15.544003 23.756849 14.603991 16.832783 -10.566619 -53.249104 -16.713419 3.832990 5.891729 -8.819298 -9.398606 7.692503 13.576737
12.473389 -12.950627 -49.739231 -13.723698 9.285021 -5.453086 -15.019855 -2.709753 14.096096 21.332355 22.716970 -14.322310 -47.264584 -5.379866 4.160381 9.035598 13.219167 -16.479342 23.204683 12.677672 18.127197 -11.182361 -52.157101 -16.515839 4.144724 5.950394 -8.726232 -9.785384 7.289743 11.781698
12.842561 -13.530733 -49.958263 -13.551839 9.179795 -5.734926 -14.671808 -3.458594 14.221762 19.725012 24.209965 -14.273397 -46.506989 -5.431912 3.890882 9.402481 13.237093 -17.402803 22.689365 10.756167 19.585705 -11.740321 -51.148689 -16.515146 4.082791 6.088987 -8.588099 -10.256157 6.768114 10.216108
13.268664 -14.042961 -49.983833 -13.376646 9.149256 -5.945747 -14.431560 -3.978563 14.409911 18.292475 24.991812 -14.317518 -45.627254 -5.433619 3.827939 9.744616 13.042940 -18.098614 22.207109 9.422452 20.446852 -12.019918 -50.296127 -16.442675 4.347090 6.357290 -8.582644 -10.312337 6.535095 8.917658
13.947327 -14.465868 -49.752743 -13.315075 8.922941 -6.304279 -14.104239 -4.428138 14.386068 16.999479 25.927259 -14.424938 -44.748669 -5.372129 3.745322 9.902719 12.939371 -18.460381 21.833206 8.516148 21.610270 -12.368869 -49.207653 -16.445456 4.380146 6.390340 -8.395341 -10.334610 6.109895 7.794670
14.118796 -14.755798 -49.599323 -13.278127 8.936727 -6.434248 -13.947171 -4.700667 14.473757 16.051699 26.145008 -14.413849 -44.352631 -5.384485 3.757407 10.222314 12.559791 -18.745462 21.681612 7.881009 21.963617 -12.559795 -48.627575 -16.460154 4.513820 6.590187 -8.450850 -10.318976 5.939672 7.059812
14.301788 -14.948967 -49.495396 -13.192684 8.971527 -6.513322 -13.825536 -4.829400 14.607381 15.409499 26.379333 -14.431647 -43.996593 -5.369952 3.811588 10.511681 12.290064 -18.882957 21.530809 7.353893 22.014366 -12.640837 -48.309780 -16.448793 4.671471 6.730968 -8.534217 -10.295279 5.936800 6.574233
14.361176 -15.035329 -49.153732 -13.150424 9.144043 -6.493396 -13.894961 -4.874362 14.680174 14.983275 26.408030 -14.436559 -43.802799 -5.329860 3.894385 10.761431 11.970632 -18.877003 21.487244 7.174350 22.087355 -12.689751 -47.983772 -16.341841 4.905932 6.814334 -8.649896 -10.169572 5.974203 6.221409
14.437797 -15.057089 -49.136303 -13.148439 9.103361 -6.544197 -13.848077 -4.892887 14.685341 14.887387 26.554689 -14.453212 -43.773525 -5.295685 3.864384 10.759225 11.998577 -18.874607 21.475513 7.091269 22.137913 -12.733861 -47.949425 -16.363335 4.869067 6.843911 -8.643391 -10.153123 5.935447 6.170727
13.796236 -14.877670 -49.146008 -13.232965 9.370913 -6.399789 -13.949561 -4.767890 14.865541 15.197741 25.745377 -14.330351 -43.913914 -5.430842 4.065799 10.584540 12.031724 -18.864103 21.664885 7.560577 21.610374 -12.430599 -48.161377 -16.486401 4.962405 6.824997 -8.673276 -10.126096 6.149422 6.406900
12.181051 -14.060366 -49.136379 -13.110514 10.558798 -5.888427 -14.635620 -4.285435 15.876358 16.103222 23.329659 -13.911605 -44.556705 -5.813950 4.701016 10.478942 11.732823 -18.724039 22.317997 8.633500 20.059708 -11.590716 -49.120293 -16.254517 5.731296 6.770039 -8.988969 -9.928622 7.215671 6.903549
10.289848 -12.647383 -48.904556 -13.154887 12.094331 -5.243299 -15.659024 -3.550846 17.265020 17.012117 19.932152 -13.510427 -45.872265 -6.532135 5.559499 10.525500 11.477327 -18.386362 23.211996 9.987336 17.819145 -9.920009 -50.183975 -15.900485 7.067472 6.790312 -9.542349 -9.466087 8.823152 7.481988
7.850379 -9.968969 -48.269131 -12.748554 14.753861 -4.086732 -16.725195 -2.764606 18.850737 17.493608 15.589749 -12.216420 -46.714241 -7.838788 6.758143 11.165657 11.212933 -18.047531 23.684336 11.317274 14.006824 -7.537605 -50.605145 -16.144327 9.195775 6.286857 -9.215783 -9.183444 9.955531 8.204148
4.340315 -6.139420 -48.411072 -11.173351 18.848932 -3.178728 -15.013660 -2.315917 19.971766 17.911556 10.140860 -10.079121 -46.733967 -9.312987 8.322562 11.272537 11.188478 -18.379589 23.602215 13.719031 8.579754 -4.617467 -50.902031 -17.971407 10.444510 5.478012 -7.876201 -9.363708 10.675572 9.426831
0.355976 -2.763934 -46.827621 -10.226607 22.464960 -4.240990 -13.077575 -3.186156 21.034216 19.547895 4.970237 -7.830607 -45.155449 -12.073832 8.318424 10.261759 13.597070 -19.205235 22.703564 16.632261 2.424813 -2.823465 -50.460930 -20.914297 11.258202 3.274931 -4.870552 -10.270041 10.413775 10.702714
-4.242919 -1.118309 -44.534821 -11.250160 24.559511 -6.118284 -10.547723 -3.167588 22.489431 20.495754 0.071437 -4.159519 -41.816944 -15.802176 8.638911 9.041390 16.317509 -20.654980 22.297632 17.030247 -3.993300 -2.026357 -49.180954 -25.168547 10.629691 1.153118 -1.754843 -12.296498 9.022943 12.025669
-9.542408 0.685651 -44.719154 -14.415441 24.487072 -7.161655 -6.760425 -3.410109 22.725691 19.329542 -3.551041 0.707985 -38.008816 -19.510908 8.037140 6.423824 19.894060 -22.755196 22.903414 15.804441 -9.542358 -1.133095 -47.859165 -28.937271 10.639321 -1.737061 1.728259 -14.204796 8.208310 11.614808
-13.262730 4.925629 -43.999634 -19.034788 23.623219 -7.578834 -3.152983 -4.383405 21.104269 16.223537 -7.163670 5.683643 -33.581379 -20.997997 9.686591 4.155586 21.330635 -24.599628 23.268597 16.126177 -13.070223 -0.201855 -46.234585 -30.579887 11.852674 -4.615455 3.779535 -15.964219 8.174170 11.001000
-15.358957 9.628101 -41.526051 -22.972795 23.226124 -8.119565 -0.012915 -6.336006 18.555033 12.383257 -10.281451 9.624571 -26.830748 -22.203068 12.295799 2.709053 21.013439 -26.238810 22.832384 16.269695 -15.233253 2.002117 -41.416607 -31.833342 14.230465 -8.039490 5.466366 -18.338923 7.451703 9.345393
-16.723116 14.370275 -38.846760 -26.873724 23.267324 -8.945093 3.465079 -8.799604 15.822567 7.474332 -12.543118 11.398324 -21.241690 -23.486961 14.774326 2.413578 20.781874 -27.968311 21.604029 14.423396 -15.478443 5.207543 -35.413609 -32.298668 17.255270 -9.916515 6.440317 -20.215170 6.309235 6.633161
-17.693521 17.317499 -34.979767 -29.932684 23.920469 -10.103945 5.757718 -11.006942 14.319796 2.515200 -13.935657 11.513655 -15.937793 -25.505280 15.374824 2.502825 20.762335 -30.694221 18.960329 12.962136 -15.572103 7.271613 -29.715237 -32.924435 19.988756 -11.955394 7.524834 -22.481831 5.030361 3.467839
-18.950565 16.516094 -30.860964 -31.704659 24.573629 -11.003965 7.065599 -13.958887 12.407907 -2.986017 -14.942702 11.246209 -10.320322 -27.183859 16.045340 2.775029 20.263905 -33.537228 16.376965 11.007329 -15.132373 6.993785 -24.248703 -34.356915 21.234869 -12.632096 7.364341 -24.638336 3.374441 -0.011882
-20.184673 16.102873 -27.101414 -33.623981 25.259005 -11.591213 9.383161 -16.733461 9.368837 -7.113761 -15.632761 10.143620 -5.043673 -28.758368 16.394072 3.274745 20.024605 -36.331379 13.921138 8.819679 -16.156837 6.021599 -20.214897 -36.169361 22.626842 -13.835501 8.204346 -25.682970 2.080324 -2.171361
-20.039099 14.159244 -23.666515 -35.071358 25.303377 -11.923958 10.405562 -18.775795 6.480973 -10.369328 -15.441430 8.602080 -0.166661 -29.759975 17.085897 3.895465 19.635893 -37.939880 12.145734 6.306795 -16.459808 3.694654 -16.367907 -37.973621 23.383400 -14.030555 8.732627 -27.457157 -0.190720 -4.671521
-19.273577 13.256823 -21.491465 -35.983089 25.753582 -11.359580 9.880072 -19.855459 4.865491 -12.707301 -15.672408 7.373976 3.086522 -30.856905 17.647900 4.068130 20.113325 -38.660587 11.252123 4.569409 -15.904842 2.163326 -13.050299 -39.249641 23.865648 -13.300722 8.418944 -29.153208 -1.987580 -7.187982
-18.517109 12.872518 -18.694582 -36.764580 26.638895 -11.498862 9.600874 -21.116684 3.657061 -15.279168 -15.684800 6.483793 6.104300 -31.788416 18.461746 4.347620 20.228008 -39.306171 10.219979 3.237904 -15.342366 1.433058 -9.668876 -40.145798 24.653360 -12.923609 8.075039 -29.561184 -3.257708 -8.580802
-17.750784 12.461555 -16.868843 -37.400410 26.847372 -11.867941 9.489732 -22.214540 2.843017 -17.202240 -15.276251 5.613885 8.131944 -32.089649 18.869774 4.459648 20.211960 -39.922489 9.470081 2.050685 -14.863025 1.329143 -6.787473 -40.899258 25.372749 -12.439654 7.871281 -29.714403 -4.282662 -9.628640
-17.221172 12.130911 -15.782476 -37.829357 26.792505 -12.245465 9.516323 -22.814476 2.487175 -18.298643 -14.774842 5.074951 9.444876 -32.079384 19.176077 4.599655 19.844255 -40.342815 9.158718 1.123101 -14.356565 1.075915 -5.719677 -41.258064 25.219925 -11.956431 7.698583 -29.672226 -4.827747 -9.918288
-16.951321 11.906067 -15.791826 -37.902710 26.555384 -12.127995 9.238661 -22.984598 2.384552 -18.691807 -14.548046 4.842869 9.862701 -32.065605 19.233873 4.672843 19.625540 -40.528294 9.135324 0.661703 -14.201112 0.850338 -5.393053 -41.356255 25.144083 -11.711875 7.611569 -29.644262 -4.980844 -10.133319
-17.004772 11.944731 -15.554222 -37.956795 26.711628 -12.131601 9.274113 -23.092831 2.298121 -18.822020 -14.603697 4.837068 10.116318 -32.104713 19.348845 4.700312 19.569479 -40.607681 9.112411 0.523594 -14.239265 0.797821 -5.129549 -41.449150 25.228949 -11.686874 7.599351 -29.680273 -5.064928 -10.257976
-17.109327 11.984663 -15.282371 -38.094837 26.836670 -12.152125 9.242482 -23.247881 2.265847 -18.982023 -14.677580 4.792733 10.586661 -32.256134 19.460577 4.688990 19.474518 -40.776062 9.155996 0.231046 -14.422851 0.699356 -4.608999 -41.695061 25.371252 -11.664668 7.604255 -29.781963 -5.242839 -10.352610
-17.340887 12.099399 -14.649831 -38.265297 27.290331 -12.024757 9.203003 -23.544306 2.040038 -19.385866 -14.970277 4.746001 11.327760 -32.439274 19.840031 4.634519 19.385164 -40.973740 9.274049 -0.187743 -14.810087 0.551961 -3.738878 -42.021923 25.765165 -11.631861 7.595856 -29.856100 -5.475355 -10.680970
-17.594767 12.063213 -13.878381 -38.439472 27.700920 -12.111312 9.138091 -23.928185 1.915582 -19.733227 -15.389191 4.624152 12.142194 -32.732395 20.187010 4.535909 19.340590 -41.068447 9.477921 -0.574760 -15.374357 0.319743 -2.895567 -42.433819 26.141357 -11.522673 7.503449 -29.973314 -5.649374 -10.944079
-17.997856 11.912073 -13.358667 -38.722519 27.923485 -12.102296 8.880177 -24.394627 1.879506 -20.271942 -15.816594 4.295514 13.054120 -33.053715 20.584328 4.573461 19.015263 -41.274910 9.825365 -1.359475 -15.870543 0.013610 -1.756397 -42.990982 26.556990 -11.420394 7.364869 -30.328831 -5.684117 -11.665782
-18.268143 11.608466 -12.521445 -38.882610 28.369860 -11.963619 8.404637 -24.733395 1.910056 -21.173134 -16.443193 4.029396 14.600410 -33.420727 21.469528 4.694606 18.850864 -41.109062 10.045755 -2.086479 -16.669996 -0.200911 -0.444735 -43.691910 27.256683 -11.351552 7.523391 -30.195021 -5.775181 -12.245842
-19.093172 10.890637 -11.744287 -39.127625 28.704870 -12.168964 8.242920 -24.907286 2.388768 -21.728533 -16.902397 3.803034 15.688325 -33.631329 22.050936 4.804654 18.570080 -40.912891 10.338773 -2.661382 -17.180235 -0.118539 0.635874 -44.156704 27.466322 -10.982606 7.151764 -30.289003 -5.760167 -12.457013
-19.917049 10.382274 -10.379737 -39.477364 29.573380 -12.181600 8.140327 -24.897701 2.691686 -22.603045 -17.329624 3.499949 17.393362 -33.974995 22.860538 5.081460 17.863806 -40.641094 10.676902 -3.547935 -18.139692 0.019606 2.077369 -44.578514 28.335968 -10.734280 7.053438 -29.920345 -5.618564 -13.138988
-20.379288 9.560882 -9.031805 -39.688725 30.628801 -12.004872 8.182380 -24.764273 3.058485 -23.824984 -17.644409 3.366620 19.630793 -34.114101 24.142950 5.391411 16.834814 -40.492527 10.930617 -4.401099 -18.869448 0.630823 3.742025 -44.777607 29.550180 -10.312394 6.652164 -29.655121 -5.626392 -13.571598
-20.326660 8.226043 -8.457511 -39.494976 31.503332 -11.419346 7.790926 -24.356247 3.747792 -25.365736 -17.745140 3.206028 20.916243 -34.018475 25.142443 5.944762 15.533626 -40.695118 11.157470 -5.223098 -18.953890 0.842772 5.085505 -44.816128 30.407820 -9.249426 5.746031 -29.357086 -5.726886 -14.393333
-21.060780 6.976232 -7.370146 -39.534031 32.909977 -11.137406 8.212413 -23.906755 4.362881 -26.717503 -18.041502 3.129525 22.028275 -33.990723 25.987379 6.408466 14.425975 -41.079067 11.368353 -5.830799 -19.549847 1.160301 7.059212 -44.983177 31.973635 -8.559041 5.074904 -29.283789 -5.976488 -15.340428
-21.136564 5.952022 -7.049926 -39.210796 33.516941 -10.681732 7.811565 -23.436871 5.085697 -27.787722 -18.122070 2.990607 23.167549 -33.794598 26.731308 7.027391 13.040406 -41.390511 11.469303 -6.493887 -19.900873 1.242191 7.793147 -44.759090 32.916077 -7.569560 4.047619 -29.034386 -5.711810 -16.162918
-20.903566 4.973684 -6.108583 -38.838715 34.695259 -10.284444 7.692907 -23.013985 5.821691 -29.246346 -18.114777 2.938294 24.086954 -33.655632 27.428385 7.533981 11.870681 -41.592171 11.643691 -7.027592 -20.813475 1.477417 8.280786 -44.871368 33.721020 -6.678239 3.096841 -28.664444 -5.191938 -16.577061
-20.719559 3.969282 -5.613070 -38.295578 35.399025 -9.972792 7.352855 -22.599964 6.422546 -30.138313 -17.993752 2.669856 24.519041 -33.295078 27.872395 8.062791 10.607349 -41.542347 11.910102 -7.560715 -21.320694 1.408158 8.923104 -44.844986 34.440853 -5.699391 2.011267 -28.178656 -4.732313 -17.318548
-20.697931 2.829709 -5.125364 -37.862930 36.026459 -9.789114 7.098896 -22.185696 7.135139 -31.073189 -17.931404 2.179106 25.158054 -32.861958 28.497786 8.499033 9.249043 -41.435535 12.203210 -8.126367 -22.041712 1.525151 9.937938 -44.924980 35.365967 -5.017083 1.155158 -27.837854 -4.528663 -17.858658
-20.469614 1.596396 -4.551083 -37.667572 36.551117 -9.456660 6.378964 -21.988823 7.784904 -32.371620 -18.072258 1.639222 26.371204 -32.619869 29.546495 8.913021 7.736853 -41.491974 12.499066 -8.752343 -22.512884 1.580217 11.372014 -45.195763 36.029037 -4.235135 0.186472 -27.655102 -4.398425 -18.604042
-20.459711 0.735315 -3.792958 -37.522289 37.270103 -9.211975 6.045793 -21.854010 8.214187 -33.471409 -18.076187 1.236679 27.432520 -32.352066 30.407793 9.213078 6.600646 -41.591293 12.660450 -9.330041 -22.948025 1.728946 12.712810 -45.512825 36.552616 -3.694969 -0.489498 -27.627739 -4.494610 -19.142323
-20.410622 -0.075612 -3.590692 -37.290421 37.648026 -8.890669 5.730317 -21.639189 8.608255 -34.390011 -17.989805 0.735127 27.881618 -32.082020 30.969175 9.586466 5.668232 -41.394157 12.921931 -9.898522 -22.979937 1.506082 13.349682 -45.620293 36.543201 -3.136926 -1.127946 -27.644102 -4.566104 -19.653961
-20.330919 -0.687701 -3.529843 -37.180172 37.897339 -8.594961 5.541081 -21.471252 8.807155 -35.109077 -17.802055 0.335882 28.114759 -31.888069 31.221430 9.828413 5.030989 -41.324940 13.134643 -10.431563 -22.867683 1.312008 13.805137 -45.733597 36.382465 -2.630386 -1.641893 -27.793945 -4.654982 -20.149122
-20.301435 -0.861438 -3.486024 -37.166466 37.960995 -8.520397 5.447126 -21.454214 8.889967 -35.380135 -17.829226 0.235624 28.300217 -31.871874 31.371223 9.879696 4.829519 -41.275932 13.238452 -10.575453 -22.953444 1.314245 13.998356 -45.817566 36.393005 -2.492138 -1.805715 -27.777956 -4.615112 -20.284477
-20.301321 -0.863616 -3.483932 -37.166355 37.961269 -8.520070 5.448352 -21.453850 8.888924 -35.378414 -17.829306 0.233078 28.301445 -31.870975 31.372688 9.878705 4.831392 -41.274940 13.238786 -10.575580 -22.953619 1.313051 13.998070 -45.817200 36.393791 -2.492645 -1.805865 -27.776758 -4.615692 -20.284225
-20.301321 -0.863616 -3.483932 -37.166355 37.961269 -8.520070 5.448352 -21.453850 8.888924 -35.378414 -17.829306 0.233078 28.301445 -31.870975 31.372688 9.878705 4.831392 -41.274940 13.238786 -10.575580 -22.953619 1.313051 13.998070 -45.817200 36.393791 -2.492645 -1.805865 -27.776758 -4.615692 -20.284225
-20.301321 -0.863616 -3.483932 -37.166355 37.961269 -8.520070 5.448352 -21.453850 8.888924 -35.378414 -17.829306 0.233078 28.301445 -31.870975 31.372688 9.878705 4.831392 -41.274940 13.238786 -10.575580 -22.953619 1.313051 13.998070 -45.817200 36.393791 -2.492645 -1.805865 -27.776758 -4.615692 -20.284225
-20.301321 -0.863616 -3.483932 -37.166355 37.961269 -8.520070 5.448352 -21.453850 8.888924 -35.378414 -17.829306 0.233078 28.301445 -31.870975 31.372688 9.878705 4.831392 -41.274940 13.238786 -10.575580 -22.953619 1.313051 13.998070 -45.817200 36.393791 -2.492645 -1.805865 -27.776758 -4.615692 -20.284225
-20.301321 -0.863616 -3.483932 -37.166355 37.961269 -8.520070 5.448352 -21.453850 8.888924 -35.378414 -17.829306 0.233078 28.301445 -31.870975 31.372688 9.878705 4.831392 -41.274940 13.238786 -10.575580 -22.953619 1.313051 13.998070 -45.817200 36.393791 -2.492645 -1.805865 -27.776758 -4.615692 -20.284225
-20.303093 -0.862277 -3.485096 -37.166958 37.960407 -8.520235 5.449850 -21.454081 8.890970 -35.379124 -17.829973 0.234970 28.300053 -31.871994 31.371359 9.878734 4.831431 -41.275288 13.239313 -10.575355 -22.954660 1.312734 13.998502 -45.816429 36.393444 -2.492139 -1.805249 -27.777920 -4.613897 -20.284170
-20.303093 -0.861789 -3.485278 -37.167854 37.960251 -8.519866 5.449187 -21.453560 8.889848 -35.379093 -17.830357 0.235225 28.300066 -31.872110 31.370874 9.878586 4.831930 -41.276493 13.239760 -10.575315 -22.955576 1.311626 13.999132 -45.816601 36.394123 -2.492849 -1.806192 -27.778049 -4.615893 -20.282799
-20.303093 -0.861789 -3.485278 -37.167854 37.960251 -8.519866 5.449187 -21.453560 8.889848 -35.379093 -17.830357 0.235225 28.300066 -31.872110 31.370874 9.878586 4.831930 -41.276493 13.239760 -10.575315 -22.955576 1.311626 13.999132 -45.816601 36.394123 -2.492849 -1.806192 -27.778049 -4.615893 -20.282799
-20.302155 -0.861703 -3.486000 -37.166672 37.962299 -8.520831 5.447385 -21.452450 8.890191 -35.380840 -17.829821 0.235763 28.300760 -31.871700 31.370461 9.878994 4.832434 -41.277260 13.240533 -10.576128 -22.954527 1.313435 13.998998 -45.817333 36.393459 -2.492894 -1.806501 -27.778666 -4.615549 -20.285208
-20.302155 -0.861703 -3.486000 -37.166672 37.962299 -8.520831 5.447385 -21.452450 8.890191 -35.380840 -17.829821 0.235763 28.300760 -31.871700 31.370461 9.878994 4.832434 -41.277260 13.240533 -10.576128 -22.954527 1.313435 13.998998 -45.817333 36.393459 -2.492894 -1.806501 -27.778666 -4.615549 -20.285208
-20.302155 -0.861703 -3.486000 -37.166672 37.962299 -8.520831 5.447385 -21.452450 8.890191 -35.380840 -17.829821 0.235763 28.300760 -31.871700 31.370461 9.878994 4.832434 -41.277260 13.240533 -10.576128 -22.954527 1.313435 13.998998 -45.817333 36.393459 -2.492894 -1.806501 -27.778666 -4.615549 -20.285208
-20.302227 -0.861968 -3.485747 -37.166458 37.962517 -8.520970 5.447659 -21.452868 8.890601 -35.381813 -17.830139 0.235908 28.300076 -31.871954 31.369806 9.878632 4.832083 -41.278049 13.239733 -10.575297 -22.954172 1.313879 13.999189 -45.817089 36.393494 -2.492510 -1.806150 -27.778675 -4.614708 -20.285854
-20.302227 -0.861968 -3.485747 -37.166458 37.962517 -8.520970 5.447659 -21.452868 8.890601 -35.381813 -17.830139 0.235908 28.300076 -31.871954 31.369806 9.878632 4.832083 -41.278049 13.239733 -10.575297 -22.954172 1.313879 13.999189 -45.817089 36.393494 -2.492510 -1.806150 -27.778675 -4.614708 -20.285854
-20.303381 -0.858991 -3.487452 -37.168488 37.958546 -8.519425 5.449150 -21.454224 8.892172 -35.381111 -17.830429 0.236249 28.299606 -31.872150 31.369818 9.879813 4.829981 -41.278023 13.238736 -10.573775 -22.955269 1.313462 13.999307 -45.816067 36.393501 -2.491879 -1.804954 -27.779469 -4.612705 -20.283989
-25.253248 -12.152546 1.393368 -37.807610 34.633278 -17.078810 1.760482 -21.643997 16.429972 -25.504999 -16.504812 2.510857 27.252977 -28.874891 36.457188 10.809424 6.525516 -38.014084 13.034789 -13.823070 -23.933191 1.633215 11.145542 -45.252991 36.430252 0.649694 3.940849 -25.865963 -4.697510 -23.409784
-25.253248 -12.152546 1.393368 -37.807610 34.633278 -17.078810 1.760482 -21.643997 16.429972 -25.504999 -16.504812 2.510857 27.252977 -28.874891 36.457188 10.809424 6.525516 -38.014084 13.034789 -13.823070 -23.933191 1.633215 11.145542 -45.252991 36.430252 0.649694 3.940849 -25.865963 -4.697510 -23.409784
-25.253248 -12.152546 1.393368 -37.807610 34.633278 -17.078810 1.760482 -21.643997 16.429972 -25.504999 -16.504812 2.510857 27.252977 -28.874891 36.457188 10.809424 6.525516 -38.014084 13.034789 -13.823070 -23.933191 1.633215 11.145542 -45.252991 36.430252 0.649694 3.940849 -25.865963 -4.697510 -23.409784
-25.253248 -12.152546 1.393368 -37.807610 34.633278 -17.078810 1.760482 -21.643997 16.429972 -25.504999 -16.504812 2.510857 27.252977 -28.874891 36.457188 10.809424 6.525516 -38.014084 13.034789 -13.823070 -23.933191 1.633215 11.145542 -45.252991 36.430252 0.649694 3.940849 -25.865963 -4.697510 -23.409784
-25.253248 -12.152546 1.393368 -37.807610 34.633278 -17.078810 1.760482 -21.643997 16.429972 -25.504999 -16.504812 2.510857 27.252977 -28.874891 36.457188 10.809424 6.525516 -38.014084 13.034789 -13.823070 -23.933191 1.633215 11.145542 -45.252991 36.430252 0.649694 3.940849 -25.865963 -4.697510 -23.409784
-26.248093 -13.020499 0.563080 -38.739380 34.363602 -17.299665 2.403401 -21.888613 14.685663 -25.058233 -17.614902 1.699762 26.481470 -30.017258 35.298729 11.677230 8.119609 -39.265240 11.387530 -13.727318 -24.780825 0.621870 9.515773 -45.998108 37.135841 -0.526243 3.327239 -25.583448 -6.525486 -23.951740
-26.172230 -12.905260 0.588630 -38.565327 34.472672 -16.938501 2.580037 -22.022219 14.360956 -25.040701 -17.553581 1.627013 26.522661 -30.154432 35.153385 11.634356 8.416769 -38.971592 11.556350 -13.816236 -24.699100 0.721433 9.745578 -46.130718 37.054871 -0.515505 3.305887 -25.618965 -6.461329 -24.113935
-26.075056 -12.905089 0.600471 -38.538517 34.462749 -16.965130 2.451886 -22.108364 14.314116 -25.089483 -17.639482 1.563409 26.623394 -30.243269 35.074535 11.604362 8.454398 -39.023151 11.485179 -13.694614 -24.642992 0.792422 9.836106 -46.236881 36.951752 -0.549622 3.325426 -25.633795 -6.477985 -24.136789
-26.082108 -12.875631 0.587627 -38.589340 34.438236 -16.986073 2.476247 -22.105555 14.228598 -25.104273 -17.654690 1.571628 26.650904 -30.215355 35.038830 11.666811 8.462336 -39.086517 11.532915 -13.661433 -24.674210 0.716927 9.830799 -46.222195 36.944557 -0.556606 3.312462 -25.664478 -6.561714 -24.031891
-26.091913 -12.875628 0.586414 -38.613415 34.417332 -16.993767 2.480205 -22.108015 14.206596 -25.097664 -17.654673 1.580948 26.647881 -30.210636 35.028751 11.682248 8.461374 -39.094681 11.542499 -13.655942 -24.689241 0.691214 9.823809 -46.221031 36.934139 -0.550430 3.314171 -25.659729 -6.574958 -23.990871
-26.090048 -12.874318 0.586288 -38.612133 34.417797 -16.993053 2.479479 -22.109947 14.205204 -25.098402 -17.654001 1.582199 26.646923 -30.211201 35.027988 11.682647 8.462113 -39.091713 11.542894 -13.655048 -24.690521 0.692032 9.821827 -46.220737 36.935112 -0.551257 3.316911 -25.657883 -6.574324 -23.991943
-26.090052 -12.868076 0.580901 -38.624130 34.408066 -16.991163 2.477183 -22.105947 14.207215 -25.101765 -17.654510 1.580807 26.646624 -30.213789 35.030487 11.677814 8.468033 -39.084030 11.545999 -13.657754 -24.691683 0.687162 9.824033 -46.215988 36.938389 -0.550964 3.317963 -25.659964 -6.570665 -23.990377
-26.092051 -12.872640 0.582700 -38.627686 34.403744 -16.996534 2.468663 -22.103090 14.218363 -25.100218 -17.653852 1.577253 26.646967 -30.218081 35.021702 11.679054 8.464803 -39.085243 11.545226 -13.655063 -24.691357 0.683065 9.831407 -46.219097 36.937744 -0.554471 3.316750 -25.659727 -6.573162 -23.989483
-26.092035 -12.872607 0.582978 -38.627159 34.403957 -16.996113 2.468556 -22.103168 14.219277 -25.100565 -17.654062 1.577881 26.646303 -30.218271 35.021156 11.679699 8.464164 -39.085476 11.545239 -13.654827 -24.691214 0.683478 9.831431 -46.219147 36.937336 -0.554258 3.317089 -25.659901 -6.572626 -23.989742
-26.089851 -12.846301 0.580041 -38.653183 34.380508 -16.988594 2.464420 -22.108070 14.202142 -25.103409 -17.651300 1.592733 26.652582 -30.210894 35.018433 11.714240 8.481976 -39.060944 11.590726 -13.657754 -24.695120 0.673766 9.829035 -46.220272 36.939999 -0.558266 3.296831 -25.665379 -6.596860 -23.958298
-26.092089 -12.857761 0.576717 -38.631805 34.401035 -16.995775 2.461164 -22.101645 14.222110 -25.098291 -17.652388 1.596675 26.646364 -30.214941 35.021141 11.703290 8.473217 -39.063313 11.576138 -13.659461 -24.694105 0.688561 9.826160 -46.225060 36.936214 -0.556438 3.309130 -25.666529 -6.580936 -23.981632
-26.093630 -12.862500 0.578378 -38.630890 34.401669 -16.996864 2.461025 -22.102478 14.224439 -25.097498 -17.652256 1.597247 26.645428 -30.214989 35.020798 11.704916 8.471005 -39.063103 11.575833 -13.658069 -24.693005 0.689035 9.825008 -46.224785 36.937344 -0.557466 3.310540 -25.665344 -6.577780 -23.987003
-26.092478 -12.862537 0.578490 -38.630825 34.402737 -16.996798 2.460300 -22.100595 14.225150 -25.098860 -17.650610 1.598437 26.646183 -30.214525 35.020725 11.705521 8.471417 -39.063946 11.576296 -13.659553 -24.692308 0.689536 9.824473 -46.224789 36.937622 -0.557306 3.309921 -25.665148 -6.577855 -23.987881
-26.092772 -12.862584 0.577742 -38.629887 34.403202 -16.996790 2.460925 -22.101234 14.224996 -25.098877 -17.650236 1.597942 26.646364 -30.213903 35.020840 11.706469 8.470770 -39.063263 11.575740 -13.658784 -24.692307 0.689775 9.824265 -46.224617 36.937515 -0.557260 3.310649 -25.665073 -6.576798 -23.988449
-26.092779 -12.863572 0.577885 -38.629723 34.403492 -16.996796 2.461170 -22.100935 14.224268 -25.098042 -17.650270 1.597273 26.646770 -30.215055 35.019184 11.706598 8.470375 -39.063328 11.577277 -13.659299 -24.691803 0.689789 9.825361 -46.225082 36.936886 -0.558339 3.309895 -25.663656 -6.573131 -23.990486
-26.091793 -12.852182 0.581381 -38.641857 34.389797 -16.991369 2.464112 -22.107168 14.216529 -25.102903 -17.650229 1.602636 26.646387 -30.217037 35.017887 11.708751 8.476559 -39.057598 11.584032 -13.661510 -24.696392 0.679829 9.827256 -46.220642 36.936852 -0.555597 3.309022 -25.665743 -6.579962 -23.972830
-26.090813 -12.847493 0.579120 -38.644485 34.385731 -16.992504 2.461769 -22.109859 14.210217 -25.100920 -17.649652 1.604552 26.645519 -30.216597 35.018436 11.709226 8.472676 -39.057934 11.582683 -13.661119 -24.697586 0.679989 9.825829 -46.221600 36.935551 -0.557787 3.306988 -25.667513 -6.584444 -23.966686
-26.091219 -12.848463 0.579469 -38.644016 34.386337 -16.992670 2.462607 -22.109903 14.210749 -25.100725 -17.649775 1.601814 26.646978 -30.217285 35.018841 11.710218 8.474718 -39.057301 11.582316 -13.661125 -24.697802 0.680402 9.827795 -46.222069 36.934925 -0.556828 3.306970 -25.667645 -6.585751 -23.964758
-26.093428 -12.851768 0.572781 -38.638573 34.392826 -16.993122 2.462991 -22.104403 14.222645 -25.103546 -17.651894 1.593780 26.648500 -30.216093 35.019844 11.701594 8.481886 -39.058796 11.581128 -13.662754 -24.696276 0.684493 9.826219 -46.219845 36.936218 -0.553205 3.312538 -25.668142 -6.569711 -23.981508
-26.093573 -12.851909 0.572795 -38.638756 34.392956 -16.993025 2.462944 -22.104288 14.222541 -25.103901 -17.652168 1.593118 26.648684 -30.215908 35.019913 11.701145 8.482354 -39.059536 11.581006 -13.662755 -24.696434 0.684177 9.826269 -46.219948 36.936260 -0.553277 3.312330 -25.668110 -6.570181 -23.981298
-26.093636 -12.852443 0.573274 -38.638214 34.392166 -16.992455 2.463716 -22.105038 14.223392 -25.102697 -17.652378 1.593539 26.648157 -30.216141 35.019619 11.702250 8.481936 -39.058872 11.581740 -13.662392 -24.695812 0.685534 9.826808 -46.219418 36.935905 -0.552357 3.313302 -25.668230 -6.568348 -23.981651
