11.180654 18.996016 10.408335 -19.832441 43.396126 9.167530 -8.304117 22.039431 23.959761 22.011541 6.098810 18.614071 2.736822 -8.913292 43.265602 29.263645 -9.117420 14.719762 23.945040 27.712509 -0.372358 18.354439 11.487643 -19.327131 30.061066 25.491907 -0.806025 14.644042 22.829006 31.194248
9.827141 18.251318 9.983629 -21.325514 42.349861 8.808874 -6.597802 21.367357 23.179422 21.076887 5.495215 17.431885 3.068342 -9.586318 43.029308 28.938770 -8.017856 14.287750 23.268950 27.259317 -1.001699 16.783989 11.615448 -19.364580 30.630072 24.852148 -0.306023 14.381819 22.474121 30.297926
7.344647 15.954475 9.063213 -23.800348 40.836868 8.165421 -3.783867 20.335140 21.466455 19.061529 4.485577 14.899477 3.759478 -10.888790 42.475208 28.099701 -6.222440 12.651566 20.897236 26.265955 -2.043393 13.601139 11.449657 -19.069542 32.020836 23.247650 0.483946 13.967415 21.761940 28.416904
6.260585 14.453185 9.566463 -25.885908 40.451492 7.931325 -2.396550 19.486639 19.787992 16.272619 3.440789 13.525350 5.356399 -13.431381 42.584637 27.615854 -5.068255 11.749069 17.684673 24.210947 -2.969850 11.378374 11.467477 -19.153522 33.838497 21.698067 0.437204 13.548049 20.783773 25.845150
5.608405 13.037746 10.729589 -27.928923 40.544659 7.950910 -1.428121 18.419456 17.556297 12.475575 2.317839 12.065067 7.289961 -15.298452 42.761745 27.475986 -3.513741 10.324004 15.362356 22.338072 -3.494177 9.442934 12.706509 -19.381634 36.155067 20.731255 0.006255 12.756261 19.052425 22.370665
4.847420 11.602655 12.033927 -29.422348 41.206261 7.270662 -0.114026 16.926855 14.941919 8.238842 1.628528 10.223460 9.940300 -16.480768 43.719841 26.982874 -2.959645 9.049810 12.838757 19.865368 -3.834850 7.816196 13.979643 -19.155977 38.559925 19.631535 -0.184890 11.522134 17.395330 18.843573
4.266212 11.066696 13.644176 -30.628223 41.706108 6.406651 1.296805 14.521721 12.313007 4.045489 1.323451 8.304350 13.665268 -17.598318 44.649883 26.667187 -3.294684 6.414284 8.971941 18.379549 -3.636775 5.905281 15.980918 -18.857645 41.177547 18.268951 -0.798885 10.329403 14.968974 15.499444
4.006390 9.487988 14.979671 -31.411446 42.036747 5.631814 2.124378 12.842847 10.374830 0.904453 2.112342 5.927927 17.175810 -18.252199 45.509369 25.631315 -3.623636 3.747610 5.002878 16.386065 -3.103467 4.609931 17.958141 -18.543018 43.598969 17.639526 -1.271451 9.643955 12.959168 12.202693
4.124305 8.368820 16.044540 -31.657227 42.831779 5.090042 2.718849 11.699529 8.810667 -1.043332 2.754794 5.154765 19.952177 -18.713482 45.620834 25.893845 -4.366956 1.710864 2.913362 15.542646 -2.477349 3.216865 20.374540 -18.446215 45.235447 17.502165 -1.499702 9.032071 11.191663 10.698285
4.551463 7.410109 16.523693 -31.429678 43.318127 4.908400 2.752392 11.536126 8.161589 -1.804309 2.951723 4.790468 20.618694 -19.093981 45.776337 25.888494 -4.598979 1.443671 2.258521 14.965999 -1.761757 2.461612 20.684589 -18.162788 45.733513 17.459181 -1.640135 8.962547 10.513570 9.669333
4.215735 7.089334 16.657146 -31.701908 43.293266 4.663170 3.176278 11.643004 8.079924 -1.826167 2.626512 3.863304 20.770266 -18.834808 46.227745 25.472519 -4.248642 1.742440 2.340468 15.298104 -1.906360 2.062364 20.703890 -17.977228 46.185925 17.067665 -1.657765 9.353566 10.627225 9.695522
2.013269 4.794033 17.802496 -32.873158 43.138359 3.189363 4.874460 12.795798 8.777769 -0.141245 1.152486 -0.001797 20.587612 -17.471678 48.083282 22.856604 -3.220114 3.094925 2.162658 17.232321 -2.961188 0.010270 20.905201 -16.718575 48.653191 14.415641 -0.884643 11.809667 11.544783 10.801553
-0.489735 -2.560335 20.248140 -32.601810 44.806538 1.198722 8.197552 16.630709 8.256708 4.611475 -0.629097 -6.253488 19.406782 -15.981191 51.166271 19.824654 -2.020741 8.039867 2.669681 20.584297 -4.474982 -3.788198 18.895430 -14.942682 51.438061 9.921868 0.423833 16.367157 12.232499 13.875054
0.611327 -9.944278 21.853970 -30.555792 44.974972 -1.506519 11.542863 17.481325 4.279234 11.308974 0.330264 -12.953084 19.627474 -13.713016 51.983986 16.209444 1.532625 10.951571 0.425066 25.618723 -3.736119 -10.792711 18.106438 -11.269403 53.559807 3.631954 5.227103 19.184855 10.327905 17.619301
4.192579 -13.055881 23.810366 -27.929562 40.615032 -4.828099 13.111953 12.811901 -1.493939 20.595198 8.858048 -12.673138 23.492496 -15.474943 47.187546 13.482531 10.492694 12.657866 -3.178997 23.579161 5.550793 -12.307611 17.719925 -11.209103 49.808746 -1.759179 10.395835 20.975744 7.443809 15.845476
12.932189 -11.986606 25.135031 -27.683310 32.262722 -9.386011 15.126715 5.021340 -7.113782 23.676485 19.131096 -8.066076 22.392599 -19.633408 38.242680 10.565166 12.838700 13.085582 -10.307076 24.476370 13.649420 -2.744967 16.286877 -18.775602 39.319443 -2.382329 13.668619 23.432497 3.192979 16.691494
18.288778 -6.325993 19.493443 -28.314806 21.845243 -13.570228 23.771166 1.841252 -4.290201 25.094894 30.135221 6.385450 19.242634 -17.538916 32.488277 6.038805 7.619397 11.944879 -12.294768 30.001001 18.397968 4.734937 11.275265 -24.453979 26.749775 -3.777479 18.647583 22.292713 2.759912 23.470501
17.759157 0.144060 7.911834 -26.911665 15.578507 -17.990950 31.621841 3.507837 3.899907 26.037432 33.500587 21.026787 12.840714 -15.844113 26.976175 2.234124 7.366750 10.884812 -6.641020 35.462822 17.702881 12.689949 5.200556 -28.018105 17.554483 -6.281681 22.252451 18.743271 5.241985 31.350723
17.786207 2.549890 -2.007670 -25.355442 11.700515 -20.386690 34.376511 6.885561 9.608261 28.726465 32.333069 26.549669 4.990394 -16.446514 21.778620 -1.701236 12.984728 11.925147 -0.008868 37.886894 16.371733 15.524666 -2.301142 -27.292875 13.313676 -10.684052 25.473667 16.746525 10.813416 33.261406
17.123142 4.180039 -8.795688 -24.844904 9.339841 -21.234074 35.644230 9.065502 12.837097 29.518167 30.719147 27.890823 -2.044547 -17.342428 19.124264 -4.654076 16.270559 12.496830 3.189557 38.519836 14.707019 15.811848 -8.315336 -26.667179 11.425582 -15.893343 27.794069 15.055897 14.016809 33.453354
17.243280 4.381565 -9.851033 -24.851276 8.797750 -21.415709 35.981201 9.364326 13.198607 29.463734 30.586815 27.796684 -3.008454 -17.603737 18.584179 -5.295614 17.066925 12.490022 3.325131 38.606823 14.654326 15.497151 -9.224715 -26.538523 11.105481 -16.748966 28.156826 14.771388 14.276704 33.375824
18.130058 4.431548 -9.619710 -24.459188 8.652676 -21.613365 35.517700 9.032437 13.094069 29.499170 31.236395 27.305115 -2.788126 -17.140703 18.448330 -5.480358 17.333656 12.532094 3.266339 38.819695 15.604163 15.300824 -9.043045 -26.119453 11.229040 -17.097197 28.425356 14.915895 14.294177 33.158672
19.433294 4.405099 -9.295673 -23.818424 8.106776 -22.218925 35.166519 8.194210 12.587881 29.979843 32.564079 25.875845 -1.624117 -16.282730 18.500000 -6.452508 18.142193 12.493855 2.642395 39.198875 17.449051 15.371122 -8.381922 -25.307396 11.329162 -17.645992 28.712284 14.645894 14.206767 33.269871
20.982908 4.159659 -9.198739 -22.735592 7.755290 -23.471989 34.623928 6.794848 11.835859 31.017803 33.791382 24.228083 -0.076608 -15.411776 18.253036 -8.017338 19.725796 11.638304 1.845607 39.459267 20.015451 16.013235 -7.061329 -24.356747 11.399490 -18.454884 28.773859 14.054687 13.779942 33.851429
23.750887 4.089202 -8.694530 -20.891336 7.175928 -25.312473 33.433372 4.507745 10.910242 31.672567 36.800591 22.735369 1.787396 -13.772581 18.089979 -10.187144 21.546522 10.487204 1.559796 38.448425 23.522572 16.071190 -5.817584 -22.841829 11.584871 -20.212723 28.618317 12.876268 13.248532 33.104916
26.731150 4.250427 -8.331979 -19.670784 6.130853 -26.591774 32.441067 2.509645 9.341847 32.196564 39.471275 21.200184 3.952869 -13.159628 17.212538 -12.440612 23.786251 8.720056 -0.209217 37.556725 27.118153 15.622229 -4.224448 -21.019339 12.022021 -21.889772 27.945591 11.526664 12.325631 32.573116
29.030342 4.242486 -8.271029 -18.636419 5.059424 -27.545868 31.416384 0.559845 7.638133 32.982159 41.849998 20.412903 5.977004 -12.550444 16.297073 -14.372682 25.675940 7.192123 -1.544615 36.614815 30.154758 15.032439 -2.595935 -19.169312 12.311584 -23.499846 27.293003 9.868537 11.371728 32.175362
30.698345 4.244549 -8.200081 -17.892103 4.098190 -28.690372 31.097019 -1.226614 6.407739 33.123825 43.170643 20.186424 7.663365 -12.050321 15.716962 -16.294411 27.086117 5.932611 -2.430631 36.652031 33.038589 14.865093 -0.940805 -17.732838 12.500796 -24.793434 26.863392 8.406741 10.627119 32.029182
31.628609 4.299606 -8.104953 -17.574703 3.033220 -29.801748 31.199673 -3.104631 5.483901 32.728203 43.938759 19.124670 9.277457 -11.485135 15.664224 -17.963058 28.053057 4.461053 -3.460139 36.201324 34.814953 14.628423 0.158635 -16.967922 12.507451 -25.570299 26.410767 7.371263 9.952600 31.773317
32.003056 4.540052 -7.955708 -17.340240 2.604500 -30.455242 31.127403 -4.143531 4.915608 32.709732 44.015728 18.478622 10.032950 -11.250337 15.774695 -19.040482 28.482958 3.425471 -4.012126 35.951084 35.467850 14.391444 0.977927 -16.498280 12.729773 -26.154755 25.953423 6.686543 9.196277 31.901997
32.106846 4.449149 -7.814207 -17.283424 2.664732 -30.547672 31.114367 -4.175251 4.767588 32.727913 44.145023 18.268610 10.193450 -11.218382 15.858011 -19.035799 28.411343 3.468843 -4.204312 35.903675 35.626087 14.348651 1.128262 -16.473648 12.728571 -26.088303 25.858528 6.711644 9.019688 31.960629
32.441006 3.620789 -7.079486 -17.424578 3.101324 -29.986765 30.840509 -3.552840 3.987135 32.904091 44.949207 17.703024 10.573824 -10.762289 16.565781 -18.257513 27.101322 4.427345 -4.701098 36.268597 36.088848 13.957664 1.484436 -16.389372 13.057675 -25.326433 25.466097 7.399328 8.538534 32.121548
32.996750 1.987525 -5.661411 -17.524000 4.097636 -28.987053 30.386442 -2.152957 2.927984 33.079575 46.367180 16.356730 11.058736 -10.043173 17.664551 -16.872614 24.953484 5.913900 -5.453345 36.286236 36.887012 13.295435 1.922102 -16.512568 13.275167 -23.600775 24.917742 8.999694 7.855668 31.925825
33.473255 -0.226240 -3.231925 -17.741550 5.483476 -27.844830 29.858107 -0.698106 1.283554 33.460339 47.490993 14.926370 11.597863 -9.674450 18.720041 -14.548498 22.081829 7.397214 -6.305882 36.230377 37.645264 11.881876 2.522743 -16.293694 14.155111 -21.961172 24.367373 11.180582 7.199881 31.609514
33.568569 -2.391767 -0.995891 -18.587437 6.914913 -25.887123 28.896797 1.143129 -0.359829 33.129429 48.674828 13.545440 11.282864 -9.356351 19.626629 -12.372965 19.280767 9.468846 -6.955881 35.726711 38.206577 10.360219 2.833933 -16.036440 15.557262 -19.727247 22.864174 14.172442 6.467621 30.553989
34.263905 -5.503770 1.048671 -19.114296 8.661388 -23.918137 28.255537 3.940531 -1.887555 31.939711 49.361816 11.182218 11.050385 -9.082848 21.324757 -10.637390 16.704029 12.122355 -7.395752 35.147148 38.682434 8.657969 4.055885 -15.419465 17.839298 -17.846308 20.869318 16.815815 5.437645 29.661592
35.036942 -9.169828 4.028698 -19.397213 10.976376 -21.767696 27.281586 6.284099 -3.431465 30.172335 49.802208 7.268264 10.378571 -9.036182 22.874640 -7.949947 14.384526 15.105601 -7.762280 34.057899 39.925232 5.985278 4.498392 -13.601071 20.275124 -14.772955 17.888866 19.983965 5.133634 29.136066
37.173107 -10.678473 6.859630 -16.636843 19.691784 -23.089390 25.296772 15.183993 1.592780 20.503584 45.260113 -4.620833 10.895551 -12.222271 18.716818 1.701463 17.586124 13.274357 -10.956817 35.559891 39.496525 -2.782601 9.903733 -13.609353 20.861376 -9.073099 18.458368 21.133108 4.326451 26.611073
38.193169 -14.592692 6.974272 -16.416737 21.305351 -18.763290 22.712807 18.871483 2.494966 18.133402 45.266636 -8.247518 9.479547 -13.484522 19.367302 5.838106 17.547464 16.773695 -9.814357 31.449974 40.044094 -4.686930 9.078086 -11.299168 23.618643 -5.210497 16.854618 25.873165 7.158004 24.139423
38.330868 -17.961073 6.660623 -16.821148 22.773563 -14.471194 20.035513 22.104460 2.935428 16.520494 44.813816 -11.503484 9.282856 -13.612606 20.139902 10.939833 17.530226 18.858709 -6.780732 27.243811 39.742405 -7.600063 6.955333 -9.790006 24.887342 -2.128865 15.550570 27.976542 10.019483 19.973555
37.626205 -22.710527 4.507992 -17.370142 23.430538 -10.197907 17.964281 23.239012 0.522719 15.704394 44.162621 -14.359540 8.335891 -14.308734 20.620087 17.839985 17.736668 19.823727 -6.106509 23.079615 38.174870 -15.014627 4.692718 -7.519435 28.110775 -1.047473 15.775824 28.604883 10.800322 15.614139
36.639103 -26.762882 4.289456 -17.765862 24.483183 -7.102650 15.494765 24.121342 0.432329 13.998566 43.539394 -16.455965 7.752408 -12.726636 22.222275 22.990467 14.529150 20.354996 -3.450073 21.228020 36.747757 -19.726843 4.748007 -4.408803 30.472635 2.663960 14.419774 29.005219 12.916580 14.788974
36.249729 -30.395363 2.198168 -17.748060 24.966200 -3.484470 13.812152 26.084743 1.845773 12.311242 43.585899 -19.105776 5.429146 -11.535166 22.425192 28.166868 11.330398 21.123348 -2.179807 20.295877 36.044903 -24.346716 4.093889 -2.376566 30.787857 6.668332 13.257889 29.328455 14.419382 13.955714
35.782635 -33.044254 0.024807 -18.239738 24.679186 0.234909 11.942372 27.498501 2.785978 10.636992 42.764202 -23.158146 2.347519 -10.876966 22.843336 31.244219 9.000428 21.544558 -1.225127 18.824446 34.646286 -28.000519 3.179960 -1.763644 30.620209 10.765481 11.265676 29.377068 15.213161 13.745337
34.410282 -33.842056 -2.705564 -19.393654 24.095329 3.250147 9.993203 28.861849 3.087492 10.322306 41.473881 -26.506039 -0.723826 -10.994498 23.242861 32.673500 8.249077 22.168682 -0.076699 16.479059 33.165951 -30.176895 1.511397 -2.639281 29.629189 14.379051 9.067295 29.647985 15.876078 12.976457
33.625210 -34.079853 -5.596270 -20.248283 23.222048 5.947221 7.994798 29.842775 3.316381 9.874287 40.793461 -28.557123 -4.354029 -11.295400 22.822111 33.426914 7.863975 22.658077 1.242434 14.138625 31.980850 -31.776340 -0.583655 -3.714312 28.426361 17.074087 7.731200 29.833952 16.584652 12.099766
32.712711 -33.945671 -7.401158 -21.146545 22.923773 8.118626 6.635250 30.730480 3.457794 9.524996 39.728729 -29.624550 -7.021340 -11.398155 22.940937 33.415596 8.285361 22.760616 2.514556 12.317904 30.250622 -32.816330 -2.629864 -4.777826 27.269306 19.155397 6.870838 29.850590 17.233212 12.027857
30.890823 -33.532509 -8.988556 -21.964605 23.004274 9.793006 5.404400 31.406954 4.027474 9.548682 37.891338 -30.103189 -9.076500 -11.501994 23.313410 32.857262 9.205012 22.845280 4.235731 11.017655 28.164890 -32.712090 -4.091806 -5.533062 26.815771 20.337315 6.348606 29.590233 18.202135 11.698689
29.441732 -32.967949 -10.278857 -22.654762 22.757250 10.654692 4.717872 31.630569 4.487826 9.735550 36.623459 -30.377781 -10.773234 -11.419994 23.505959 32.409698 9.725557 22.761028 5.457041 10.302110 26.938797 -32.560219 -5.101843 -6.174499 26.253969 21.088526 6.213789 29.345327 18.937313 11.415120
28.752766 -32.819031 -11.102921 -22.950216 22.562674 10.981300 4.478484 31.636932 4.804441 9.699750 36.157368 -30.441912 -11.787728 -11.547492 23.374083 32.243519 10.186765 22.744574 6.008287 9.887462 26.238359 -32.463474 -5.651998 -6.617870 25.892429 21.489965 6.215964 29.295450 19.304630 11.348848
