11.180654 18.996016 10.408335 -19.832441 43.396126 9.167530 -8.304117 22.039431 23.959761 22.011541 6.349320 19.791924 -5.684710 -17.040728 46.431934 15.797776 -15.876545 19.536829 10.169952 22.979300 -0.199659 21.153795 5.395109 -14.930148 34.533001 30.251303 4.772147 11.801961 13.500795 27.295628
9.827141 18.251318 9.983629 -21.325514 42.349861 8.808874 -6.597802 21.367357 23.179422 21.076887 5.802936 18.527153 -4.985932 -17.687731 46.300018 15.846033 -15.082376 18.945539 9.215973 22.625996 -0.826967 19.597795 5.574843 -14.997672 35.060284 29.558882 5.244617 11.525605 13.170308 26.431190
7.344647 15.954475 9.063213 -23.800348 40.836868 8.165421 -3.783867 20.335140 21.466455 19.061529 4.639449 15.574399 -3.483202 -18.799273 45.986050 15.566086 -13.364191 17.132338 7.042140 21.856836 -1.866971 16.408218 5.485720 -14.774414 36.308052 27.829258 5.943520 11.112292 12.596993 24.644266
6.260585 14.453185 9.566463 -25.885908 40.451492 7.931325 -2.396550 19.486639 19.787992 16.272619 3.550735 13.264093 -1.328313 -20.003262 46.363663 15.394249 -12.770851 15.275624 4.224155 20.798376 -2.814013 14.119985 5.596805 -14.996211 37.919285 26.086094 5.776957 10.716705 11.853761 22.237074
5.608405 13.037746 10.729589 -27.928923 40.544659 7.950910 -1.428121 18.419456 17.556297 12.475575 2.948302 11.828735 0.844684 -20.860779 47.117638 15.101804 -12.705167 13.151225 1.426931 19.493139 -3.365259 12.015279 6.851380 -15.326619 40.089527 24.884136 5.259288 10.034312 10.450833 18.863617
4.847420 11.602655 12.033927 -29.422348 41.206261 7.270662 -0.114026 16.926855 14.941919 8.238842 2.460226 10.396716 3.256245 -21.949953 47.984104 15.168913 -12.615838 11.600302 -1.054483 17.173801 -3.820367 10.054517 8.322340 -15.266606 42.369846 23.499636 4.853374 9.142689 9.418567 15.600850
4.266212 11.066696 13.644176 -30.628223 41.706108 6.406651 1.296805 14.521721 12.313007 4.045489 2.083788 8.980099 6.696554 -23.216547 48.938400 14.658213 -12.347811 9.588950 -4.271183 15.040250 -3.821848 7.687041 10.682073 -15.093594 44.975842 21.596230 4.058835 8.175313 7.548645 12.703420
4.006390 9.487988 14.979671 -31.411446 42.036747 5.631814 2.124378 12.842847 10.374830 0.904453 2.654690 7.325811 9.981681 -24.258368 49.547878 13.683321 -11.510817 7.609727 -7.166711 12.499650 -3.371393 5.970943 13.279350 -15.097234 47.314949 20.534058 3.368247 7.626163 5.808021 9.870105
4.124305 8.368820 16.044540 -31.657227 42.831779 5.090042 2.718849 11.699529 8.810667 -1.043332 3.365396 6.929728 12.440385 -25.208597 49.713779 13.215223 -11.494067 6.296259 -8.942590 10.572054 -2.979378 4.416932 15.909963 -15.243908 48.802593 20.222393 2.969215 7.228587 4.460848 8.532502
4.551463 7.410109 16.523693 -31.429678 43.318127 4.908400 2.752392 11.536126 8.161589 -1.804309 3.508307 6.497976 13.010295 -25.706461 49.730522 12.947492 -11.386695 5.964406 -9.612461 9.671550 -2.433789 3.475426 16.360817 -15.185453 49.197128 19.894459 2.871096 7.367047 4.039263 7.767985
4.215735 7.089334 16.657146 -31.701908 43.293266 4.663170 3.176278 11.643004 8.079924 -1.826167 3.253461 5.755059 13.254129 -25.557312 50.082642 12.613277 -10.898520 6.219987 -9.458112 9.754160 -2.509347 3.139105 16.312067 -14.909094 49.645596 19.639456 2.815141 7.659139 4.025025 7.829499
2.013269 4.794033 17.802496 -32.873158 43.138359 3.189363 4.874460 12.795798 8.777769 -0.141245 1.823183 2.363718 13.134646 -24.399677 51.716026 10.457509 -8.838827 8.263520 -8.530362 11.323802 -3.154009 1.983678 15.940353 -12.930594 52.479698 17.922445 3.764338 9.587689 4.089151 8.350162
-0.489735 -2.560335 20.248140 -32.601810 44.806538 1.198722 8.197552 16.630709 8.256708 4.611475 0.054914 -2.472851 12.312886 -23.610210 53.977730 9.118117 -7.600914 13.659068 -7.104208 15.156608 -4.567170 -1.359002 13.712001 -11.162051 55.014973 13.584274 5.464563 14.081075 4.278094 11.509114
0.611327 -9.944278 21.853970 -30.555792 44.974972 -1.506519 11.542863 17.481325 4.279234 11.308974 1.948992 -8.987942 13.690787 -20.634878 54.958679 6.310762 -5.811573 15.886357 -9.928525 20.987989 -4.009205 -8.638941 12.961740 -7.964678 57.056198 7.183414 10.590702 17.013786 2.576019 15.246186
4.192579 -13.055881 23.810366 -27.929562 40.615032 -4.828099 13.111953 12.811901 -1.493939 20.595198 8.187189 -11.413267 16.974304 -19.720064 48.809528 3.738013 0.347487 12.315372 -15.688457 24.893942 5.191277 -10.178999 12.738082 -7.783040 53.435593 1.551033 15.412984 18.698303 -0.242723 13.554135
12.932189 -11.986606 25.135031 -27.683310 32.262722 -9.386011 15.126715 5.021340 -7.113782 23.676485 17.718096 -7.464797 20.418314 -23.378868 37.735111 6.498768 6.992319 8.628407 -21.167887 26.489491 13.266435 -0.793973 10.544520 -14.802155 43.367687 1.279852 19.054943 21.151569 -5.188831 14.315929
18.288778 -6.325993 19.493443 -28.314806 21.845243 -13.570228 23.771166 1.841252 -4.290201 25.094894 25.493477 4.741699 18.954771 -24.675438 26.050259 6.400085 12.129755 4.026528 -21.018887 31.533712 17.966562 7.019197 5.245973 -20.244377 30.981026 0.344093 24.023228 20.025778 -6.016049 21.077076
17.759157 0.144060 7.911834 -26.911665 15.578507 -17.990950 31.621841 3.507837 3.899907 26.037432 27.193354 16.568096 11.950211 -25.584906 17.392550 4.284754 16.919182 2.833249 -15.408141 36.628147 17.458506 15.469350 -0.897705 -23.581463 21.854151 -1.847311 27.575842 16.079411 -4.026231 28.841335
17.786207 2.549890 -2.007670 -25.355442 11.700515 -20.386690 34.376511 6.885561 9.608261 28.726465 27.514790 20.136801 3.814433 -26.198017 13.233918 0.413631 22.877777 5.796541 -9.437322 37.216564 16.206507 18.477982 -8.289682 -22.835558 17.696737 -6.171628 31.002234 13.730637 1.064817 30.716291
17.123142 4.180039 -8.795688 -24.844904 9.339841 -21.234074 35.644230 9.065502 12.837097 29.518167 26.762545 21.547997 -2.831146 -25.951908 11.146169 -2.518627 25.253105 7.143572 -5.640747 38.190697 14.600980 18.791590 -14.532088 -22.126102 15.872034 -11.262798 33.460739 12.091534 4.128283 30.788815
17.243280 4.381565 -9.851033 -24.851276 8.797750 -21.415709 35.981201 9.364326 13.198607 29.463734 26.804962 21.535501 -3.739981 -26.051481 10.640241 -3.094052 25.914667 7.257417 -5.373888 38.268646 14.555122 18.476940 -15.480219 -21.987354 15.553311 -12.107303 33.835617 11.827178 4.396622 30.695120
18.130058 4.431548 -9.619710 -24.459188 8.652676 -21.613365 35.517700 9.032437 13.094069 29.499170 27.367126 20.922434 -3.377913 -25.820612 10.627769 -3.289549 26.285591 7.464901 -5.674583 38.432461 15.502164 18.269833 -15.308702 -21.574949 15.653407 -12.467243 34.084370 11.988484 4.439390 30.523653
19.433294 4.405099 -9.295673 -23.818424 8.106776 -22.218925 35.166519 8.194210 12.587881 29.979843 28.529951 19.665560 -2.362472 -25.100407 10.863460 -4.122493 27.042425 7.728655 -6.045606 38.879189 17.310061 18.308783 -14.583112 -20.805981 15.721174 -13.084094 34.339283 11.734467 4.392976 30.722408
20.982908 4.159659 -9.198739 -22.735592 7.755290 -23.471989 34.623928 6.794848 11.835859 31.017803 29.554499 18.528883 -1.226889 -24.275410 11.098925 -5.560200 28.398354 7.491676 -6.191457 39.156921 19.818600 18.887072 -13.316416 -19.854353 15.792946 -13.931635 34.399643 11.256063 4.070946 31.304451
23.750887 4.089202 -8.694530 -20.891336 7.175928 -25.312473 33.433372 4.507745 10.910242 31.672567 32.007797 17.205885 -0.017985 -23.040386 10.981668 -7.462955 30.093765 6.537379 -6.342302 38.343315 23.289310 18.890007 -12.203784 -18.302378 16.007366 -15.680165 34.282356 10.220096 3.644771 30.454998
26.731150 4.250427 -8.331979 -19.670784 6.130853 -26.591774 32.441067 2.509645 9.341847 32.196564 35.033653 15.220812 1.819337 -21.728634 10.452452 -9.566935 32.118435 4.998875 -7.392277 37.409531 26.854511 18.390379 -10.672856 -16.477856 16.450199 -17.366711 33.622692 8.969752 2.814361 29.852942
29.030342 4.242486 -8.271029 -18.636419 5.059424 -27.545868 31.416384 0.559845 7.638133 32.982159 37.175728 14.180154 3.196721 -21.029825 9.280082 -11.839518 34.346260 2.828593 -8.188834 36.229286 29.894192 17.768986 -9.117510 -14.574982 16.799183 -18.946848 32.996986 7.364029 1.924716 29.317547
30.698345 4.244549 -8.200081 -17.892103 4.098190 -28.690372 31.097019 -1.226614 6.407739 33.123825 38.371178 14.043084 4.627459 -20.621666 8.734907 -13.552881 35.592499 1.587968 -8.916692 36.285370 32.805546 17.617405 -7.406496 -13.154122 16.994789 -20.259644 32.582626 5.883916 1.161212 29.157951
31.628609 4.299606 -8.104953 -17.574703 3.033220 -29.801748 31.199673 -3.104631 5.483901 32.728203 39.467281 13.413150 6.253789 -20.117489 8.538207 -14.954693 36.555969 0.348806 -9.758636 35.649792 34.605896 17.406256 -6.259694 -12.407494 17.004631 -21.031994 32.154541 4.822140 0.452413 28.877682
32.003056 4.540052 -7.955708 -17.340240 2.604500 -30.455242 31.127403 -4.143531 4.915608 32.709732 39.848122 13.062515 7.053729 -19.786167 8.445827 -15.968627 37.056133 -0.574292 -10.154300 35.355217 35.282764 17.196802 -5.411642 -11.941164 17.248455 -21.602468 31.726122 4.115059 -0.339026 28.960602
32.106846 4.449149 -7.814207 -17.283424 2.664732 -30.547672 31.114367 -4.175251 4.767588 32.727913 39.933167 12.916404 7.114621 -19.830196 8.426697 -15.939180 37.018860 -0.535420 -10.375653 35.321396 35.442654 17.153532 -5.252305 -11.923338 17.238064 -21.540255 31.625298 4.138134 -0.511575 29.026035
32.441006 3.620789 -7.079486 -17.424578 3.101324 -29.986765 30.840509 -3.552840 3.987135 32.904091 40.360840 12.368813 7.227224 -19.945864 8.571064 -15.006992 36.184402 -0.019975 -11.205946 35.627121 35.896347 16.737364 -4.928042 -11.834616 17.555281 -20.778727 31.184896 4.866704 -0.926616 29.187750
32.996750 1.987525 -5.661411 -17.524000 4.097636 -28.987053 30.386442 -2.152957 2.927984 33.079575 41.197788 11.040250 7.348619 -20.077042 8.809138 -13.403262 34.787083 0.812922 -12.514071 35.688416 36.691437 16.045177 -4.489840 -11.972437 17.726686 -19.047600 30.551735 6.487082 -1.524716 29.020224
33.473255 -0.226240 -3.231925 -17.741550 5.483476 -27.844830 29.858107 -0.698106 1.283554 33.460339 41.777668 9.492109 7.649895 -20.175800 9.273959 -10.978703 32.198795 1.636856 -13.848923 35.728760 37.436207 14.570271 -3.882399 -11.779391 18.534233 -17.426495 29.864439 8.694155 -2.066878 28.793816
33.568569 -2.391767 -0.995891 -18.587437 6.914913 -25.887123 28.896797 1.143129 -0.359829 33.129429 42.534721 7.690844 7.535668 -20.381645 9.538215 -8.452685 29.477182 2.854594 -15.356547 35.045731 38.018745 13.025000 -3.476395 -11.562726 19.894455 -15.224851 28.253132 11.657957 -2.735976 27.790394
34.263905 -5.503770 1.048671 -19.114296 8.661388 -23.918137 28.255537 3.940531 -1.887555 31.939711 42.830872 4.959363 7.847096 -20.862389 10.987307 -6.103286 26.811459 5.272896 -17.251659 34.587456 38.509129 11.306239 -2.136666 -11.012644 22.133999 -13.359522 26.191620 14.273987 -3.704765 26.904835
35.036942 -9.169828 4.028698 -19.397213 10.976376 -21.767696 27.281586 6.284099 -3.431465 30.172335 43.017845 1.093377 7.917641 -21.319139 12.797485 -3.093939 24.180033 8.392428 -18.582167 33.672943 39.794834 8.622382 -1.614555 -9.215670 24.556467 -10.290128 23.141306 17.430920 -3.945333 26.352268
37.173107 -10.678473 6.859630 -16.636843 19.691784 -23.089390 25.296772 15.183993 1.592780 20.503584 45.609432 -1.475325 6.425364 -19.391296 20.241966 -5.966025 16.685780 17.891941 -16.880421 28.630796 39.179062 -0.962766 4.121037 -9.228569 25.488537 -5.303680 23.635460 18.602427 -4.638566 23.933670
38.193169 -14.592692 6.974272 -16.416737 21.305351 -18.763290 22.712807 18.871483 2.494966 18.133402 45.906929 -6.052206 5.342078 -18.821505 21.765282 -2.063613 14.570838 20.567244 -16.199348 26.462683 39.688362 -2.935839 3.310523 -7.072611 28.093742 -1.533461 22.024172 23.465288 -1.624479 21.505093
38.330868 -17.961073 6.660623 -16.821148 22.773563 -14.471194 20.035513 22.104460 2.935428 16.520494 45.628670 -9.656861 4.460821 -18.308678 23.627346 1.881174 11.222099 22.282095 -15.752719 23.877405 39.404819 -5.894565 1.114265 -5.572525 29.287218 1.458117 20.717276 25.671419 1.397895 17.383413
37.626205 -22.710527 4.507992 -17.370142 23.430538 -10.197907 17.964281 23.239012 0.522719 15.704394 44.432087 -13.277753 1.272882 -19.412930 23.649000 7.449627 8.164363 22.110720 -18.786343 21.503653 38.104584 -12.362460 -1.448988 -3.303303 32.202282 3.210403 21.028061 26.314373 2.413797 12.698680
36.638535 -26.762737 4.289474 -17.766218 24.483139 -7.102858 15.495780 24.120930 0.431502 13.998505 43.525711 -15.822302 -0.732404 -19.727173 25.544781 10.269306 4.855169 23.549189 -18.476425 18.424181 36.870117 -16.935022 -1.216188 -0.347393 34.279331 6.873116 19.647566 26.733139 4.625944 11.845851
36.249729 -30.395363 2.198168 -17.748060 24.966200 -3.484470 13.812152 26.084743 1.845773 12.311242 43.608879 -18.810381 -3.777235 -20.077171 26.316359 13.214261 3.216241 25.866045 -17.788668 15.340670 36.198994 -21.515648 -1.882587 1.630732 34.423256 10.805547 18.378685 27.184633 6.431961 11.004992
35.782635 -33.044254 0.024807 -18.239738 24.679186 0.234909 11.942372 27.498501 2.785978 10.636992 43.319134 -21.647598 -6.802667 -19.992636 27.098913 15.729785 1.217304 27.356319 -16.413591 12.341727 34.835258 -25.085579 -2.564378 2.116587 34.099453 14.827600 16.342896 27.156467 7.334917 10.845049
34.410282 -33.842056 -2.705564 -19.393654 24.095329 3.250147 9.993203 28.861849 3.087492 10.322306 42.076351 -24.520149 -9.943304 -20.042164 27.842491 17.302856 0.095989 28.328869 -14.967290 9.704827 33.285542 -27.172722 -4.152654 1.146367 33.018467 18.436094 14.230764 27.460884 8.013638 10.114639
33.625210 -34.079853 -5.596270 -20.248283 23.222048 5.947221 7.994798 29.842775 3.316381 9.874287 41.274181 -26.648172 -13.747163 -20.251568 27.614216 18.088779 -0.353329 28.928959 -13.496236 7.375914 32.041798 -28.807693 -6.370987 0.001465 31.739788 21.116621 12.973307 27.617220 8.782389 9.310660
32.712711 -33.945671 -7.401158 -21.146545 22.923773 8.118626 6.635250 30.730480 3.457794 9.524996 40.230515 -27.791399 -16.401558 -20.014643 27.894075 18.072550 -0.352969 28.899839 -12.189692 5.932309 30.133507 -29.775688 -8.419780 -1.175963 30.531885 23.220512 12.148129 27.677048 9.477768 9.290998
30.890823 -33.532509 -8.988556 -21.964605 23.004274 9.793006 5.404400 31.406954 4.027474 9.548682 38.456123 -28.339138 -18.320395 -19.886747 28.353687 17.332184 0.321738 28.878466 -10.518357 4.864969 27.945520 -29.614496 -9.848599 -1.968439 30.104034 24.383705 11.656399 27.391088 10.449680 8.939041
29.441732 -32.967949 -10.278857 -22.654762 22.757250 10.654692 4.717872 31.630569 4.487826 9.735550 37.159882 -28.718063 -19.949762 -19.724087 28.499746 16.884052 0.803519 28.648001 -9.353790 4.288538 26.735285 -29.510656 -10.799152 -2.579947 29.568176 25.134880 11.473963 27.059408 11.143199 8.642841
28.752766 -32.819031 -11.102921 -22.950216 22.562674 10.981300 4.478484 31.636932 4.804441 9.699750 36.688450 -28.853354 -20.946283 -19.820908 28.331514 16.718260 1.254250 28.559143 -8.845441 3.931602 26.034370 -29.435408 -11.350743 -3.025886 29.192667 25.535278 11.474793 26.991001 11.489390 8.592023
