-25.026037 -13.686714 10.528371 -36.762989 23.556190 -3.820667 8.285444 -33.179123 25.034616 -18.201471 -17.625172 0.027817 22.058571 -51.276260 27.170687 -9.177534 -6.359730 -28.778404 4.414202 -16.235296 -25.505188 -4.577940 20.764120 -36.155087 36.278664 9.968796 14.940966 -32.775730 5.621815 -15.933594
-25.107574 -12.989960 10.427812 -36.797688 23.397840 -4.025736 8.520278 -33.390339 24.699656 -17.498371 -17.838999 0.482657 21.783825 -51.413177 27.038647 -9.416393 -5.667041 -28.844147 4.183400 -15.693419 -25.585688 -4.362259 20.281273 -35.983898 36.488838 9.503011 15.449421 -32.634819 5.647628 -15.454515
-25.144661 -12.028659 10.220267 -36.920773 23.097128 -4.297672 8.825233 -33.659489 24.209364 -16.531902 -17.970968 1.117942 21.271406 -51.560963 26.672853 -9.777154 -4.667855 -29.011332 3.863000 -15.034438 -25.536947 -4.135384 19.581985 -35.815926 36.554245 8.971679 16.115208 -32.589745 5.676437 -14.954939
-25.078957 -10.887227 9.421624 -36.922363 22.468050 -4.433016 9.168267 -33.856441 23.614523 -15.398975 -17.894175 1.665870 20.230164 -51.554066 26.099998 -10.055911 -3.613639 -29.031139 3.574816 -14.449910 -25.040396 -4.179302 18.128448 -35.433521 36.052879 8.538135 16.815605 -32.627625 5.758943 -14.531590
-25.237299 -9.451577 8.884108 -37.018475 22.075226 -4.696974 9.997128 -34.112568 22.739985 -14.072855 -17.649401 2.455023 18.952742 -51.552433 25.284761 -10.419915 -2.110378 -29.099873 3.094440 -13.880786 -24.568449 -4.135713 16.600803 -35.023254 35.525906 7.745646 17.855537 -32.794956 5.557194 -13.812345
-25.164721 -8.096675 8.366423 -37.235973 21.673090 -4.721249 10.415624 -34.554176 21.743221 -13.093353 -17.611921 3.240942 18.168135 -51.703770 24.872593 -10.789648 -0.708834 -29.387163 2.568469 -13.390320 -23.943300 -4.044365 15.302601 -34.830929 34.664398 7.166169 18.701662 -33.097710 5.355723 -13.215755
-25.298035 -7.048445 7.893711 -37.482964 21.298725 -4.856579 11.000164 -35.078331 20.775463 -12.188625 -17.675488 3.838835 17.526201 -51.760624 24.730659 -11.161781 0.695899 -29.706861 1.888831 -12.957224 -23.612614 -3.833656 14.371340 -34.752510 34.024391 6.309341 19.813606 -33.497768 4.898776 -12.417996
-25.441988 -5.921051 6.966736 -37.589455 20.521608 -4.990071 11.391099 -35.674454 19.653860 -10.956201 -17.702087 4.042433 16.206408 -51.545425 24.317574 -11.532717 2.031204 -29.838676 1.353641 -12.487872 -22.989040 -3.935494 13.501327 -34.591507 33.208420 5.605276 20.746357 -33.754440 4.397571 -11.776462
-25.353758 -4.775904 6.707941 -37.642426 20.365988 -5.244982 12.080359 -36.242702 18.607748 -10.073834 -17.843000 4.174025 14.843258 -51.325367 23.939831 -12.061058 3.456362 -29.826605 0.826241 -11.718692 -22.973440 -3.998408 12.543018 -34.861874 32.297466 4.603571 21.945126 -33.806877 4.128470 -10.699917
-24.652096 -3.446116 5.649723 -37.436642 19.320484 -5.328122 11.834066 -36.647861 17.856279 -8.871456 -17.572569 4.341500 13.417884 -50.967300 23.455900 -12.371640 4.578691 -29.727589 0.247433 -11.020624 -22.674667 -4.308652 10.479921 -34.721703 30.892036 3.795651 22.933220 -33.707756 4.342379 -9.720687
-24.679043 -2.202057 5.115661 -37.367245 18.717281 -5.878009 12.299804 -37.151402 17.112617 -7.463861 -17.491875 4.689919 11.941042 -50.780861 22.808130 -12.838550 5.882787 -29.691463 -0.182748 -10.153381 -22.650560 -4.600799 9.292082 -34.769337 30.046194 2.778616 23.927410 -33.940399 4.265785 -8.829430
-24.179861 -1.461221 3.751855 -37.199596 17.501865 -6.213970 12.217500 -37.592655 16.711021 -6.381023 -17.303343 4.849804 9.924160 -50.667751 21.743015 -13.168918 6.827227 -29.893805 -0.543258 -9.254922 -21.788982 -5.301582 7.746307 -34.686390 28.506346 2.337277 24.197344 -34.197216 4.360508 -8.287218
-23.358742 -1.117123 2.314317 -36.834789 16.528646 -6.299007 12.248352 -37.740997 16.416649 -5.391984 -16.990734 5.245962 8.190209 -50.394989 20.943548 -13.449656 7.552941 -30.108568 -0.928565 -8.204259 -20.855745 -5.518931 6.496624 -34.383709 27.525293 1.968308 24.226242 -34.551071 4.304112 -7.469067
-22.738382 -0.502929 1.587210 -36.632732 16.233139 -6.179450 12.518291 -37.594067 15.982297 -4.795205 -16.607487 5.318891 7.225685 -50.153118 20.420460 -13.636741 7.764787 -30.340345 -1.294705 -7.472796 -20.364645 -5.600143 5.633599 -34.066956 27.207432 1.501043 24.445990 -34.489758 4.432841 -7.058880
-22.590412 -0.026705 0.686126 -36.503162 15.859312 -6.269484 13.060305 -37.231823 15.939263 -3.861056 -16.137800 5.412522 5.832169 -49.800858 19.641388 -13.935391 7.982629 -30.538967 -1.434634 -6.679252 -19.705605 -5.372328 4.485518 -33.368233 26.675804 1.307813 24.246233 -34.599648 4.548145 -6.334122
-22.082720 0.195633 0.108671 -36.125397 15.745690 -6.153547 13.325966 -36.731613 15.833116 -3.279380 -15.719308 5.554369 4.854334 -49.543453 19.161814 -13.996114 8.254479 -30.326351 -1.710486 -5.919103 -19.230045 -5.061207 3.584898 -32.844269 26.479097 1.082844 24.378237 -34.257992 4.604846 -5.696446
-21.774782 0.347334 -0.732427 -35.892311 15.459851 -5.916716 13.479395 -36.342140 15.816039 -2.935047 -15.270415 5.547958 4.039431 -49.288013 18.761766 -13.950670 8.265552 -30.320667 -1.859796 -5.594504 -18.690718 -4.820251 2.880888 -32.390156 26.262669 0.870820 24.474321 -34.145782 4.749787 -5.400457
-21.408522 0.473715 -1.419465 -35.652077 15.184114 -5.811799 13.597825 -36.057934 15.807173 -2.604783 -14.918062 5.587634 3.354769 -49.081356 18.364124 -13.949230 8.251516 -30.208927 -1.918371 -5.219073 -18.222321 -4.611666 2.044792 -32.045300 25.890148 0.803357 24.400291 -34.110210 5.005066 -5.032358
-21.283249 0.538314 -1.748248 -35.509686 15.089898 -5.714761 13.650428 -35.893364 15.779470 -2.459581 -14.801632 5.635006 2.935504 -48.919060 18.236652 -13.971325 8.261365 -30.103392 -1.929768 -4.957651 -17.991413 -4.530350 1.531468 -31.782911 25.738888 0.762236 24.364031 -34.012917 5.185276 -4.880889
-21.166613 0.564675 -2.018654 -35.418869 14.942531 -5.671348 13.609802 -35.803894 15.814912 -2.354504 -14.717503 5.658800 2.706210 -48.872700 18.112335 -14.009316 8.264250 -30.042831 -1.899934 -4.814559 -17.924692 -4.457414 1.262416 -31.689819 25.649893 0.717852 24.364479 -33.966206 5.292505 -4.756466
-21.403826 0.824439 -2.032791 -35.329849 15.231512 -5.716052 13.929556 -35.628113 15.866476 -1.986433 -14.885338 5.874210 2.257833 -48.854797 18.049801 -14.079103 8.461133 -29.885475 -1.864491 -4.437292 -18.015230 -4.304257 0.922606 -31.557667 25.673769 0.515214 24.398630 -34.029152 5.424247 -4.478530
-21.884539 1.242746 -3.230193 -34.948372 15.171808 -5.323952 13.943208 -35.121403 16.154652 -1.106437 -15.284810 6.376443 1.027982 -48.877640 17.729235 -14.184339 8.711386 -29.513033 -1.537386 -3.650288 -18.463432 -4.088792 -0.139366 -31.159405 25.733770 0.120137 24.394743 -34.127674 6.036736 -4.138498
-22.384682 1.891391 -5.216075 -34.188221 14.997571 -4.774480 14.089997 -33.995762 16.765503 0.724078 -15.580114 7.544299 -1.139244 -48.627365 17.169136 -14.130295 8.762479 -28.837610 -0.643345 -2.756366 -18.803869 -4.199736 -2.892021 -30.330221 24.884274 -0.302467 24.286285 -34.003311 7.150634 -2.982980
-22.491783 2.871464 -7.960853 -33.108437 14.432115 -3.918197 14.501871 -33.240456 17.053007 2.324343 -15.557504 9.190906 -4.317721 -47.379307 16.680796 -13.977971 8.782791 -28.571314 -0.100956 -1.554716 -19.197493 -3.765261 -6.224577 -29.339163 24.041725 -0.554164 24.421637 -33.677109 8.365045 -1.666625
-22.564064 4.588568 -10.857121 -31.884220 14.383583 -3.408364 14.969721 -31.965668 18.170725 4.139265 -15.093114 10.691621 -7.977484 -46.052277 16.133234 -14.182451 8.469289 -27.458954 0.947718 0.264715 -19.293211 -2.268085 -9.581249 -27.959736 23.416637 -0.796754 24.456013 -32.519924 10.088741 0.209369
-22.499128 6.383723 -14.625033 -30.780914 14.003979 -2.857599 13.699227 -29.211754 21.567549 7.167000 -15.166712 11.366733 -12.681990 -45.802803 14.572365 -15.000498 8.722059 -25.359819 3.338507 2.881302 -18.490574 -0.301233 -12.781467 -26.207150 22.493586 -0.521308 23.379774 -31.346708 12.124620 2.573675
-21.427019 7.363820 -18.053394 -29.752913 12.805112 -2.627373 11.132473 -25.710619 25.484207 11.390068 -14.914978 11.066539 -17.440861 -45.488468 12.942892 -16.178465 8.588564 -21.926081 7.304722 5.357206 -17.481642 0.504530 -16.295813 -24.425793 21.271002 -0.055419 22.536737 -30.146891 13.680810 5.279921
-19.878077 8.793009 -22.047825 -27.852867 12.219074 -1.839141 10.244274 -23.028883 27.216604 15.749616 -14.246330 10.624097 -22.851778 -44.325443 11.754841 -16.552395 8.937382 -19.399891 9.748213 7.864099 -17.526997 0.389415 -21.557110 -23.003664 19.659796 0.374688 22.438351 -28.045237 15.275542 9.567153
-17.682652 8.179679 -25.939466 -24.540140 12.105111 0.115571 8.053725 -21.262871 28.139406 18.645838 -13.134635 9.951675 -28.174278 -41.660522 11.006899 -16.848684 8.686786 -17.627554 11.676831 10.306382 -17.574116 -1.059548 -26.720673 -22.654972 16.867437 2.208731 21.025118 -26.164288 16.665100 13.449660
-15.452752 5.437439 -29.875626 -19.776642 12.884708 2.380337 6.103528 -19.074183 29.654421 21.757616 -11.027594 8.416486 -34.137661 -39.505062 8.710727 -16.524729 8.731951 -17.068432 12.154993 12.493151 -16.831457 -3.228618 -31.561441 -22.640985 13.284078 3.601909 19.316065 -24.630518 18.712986 16.142101
-12.766015 1.975380 -32.640987 -15.241635 13.797009 3.969655 3.091304 -17.610538 31.272987 24.734655 -7.553469 4.885848 -40.355373 -37.955074 5.845639 -15.025796 7.651618 -16.712055 12.191701 12.814722 -14.256718 -4.811362 -35.630383 -21.283289 10.753191 6.907868 16.181286 -22.510098 20.471230 18.122372
-8.297986 -0.974467 -34.580162 -9.934582 15.244935 5.887417 -0.490148 -17.208595 31.780720 26.596537 -3.635172 -0.013530 -44.133030 -35.892574 4.401150 -12.792694 5.213197 -16.398758 11.035609 12.295373 -10.176205 -4.988999 -36.965759 -19.783136 9.024468 10.093015 12.982748 -20.665791 21.638683 18.501188
-2.705208 -3.122371 -34.302952 -6.501844 15.745572 7.758774 -4.581403 -16.661247 31.350643 27.132639 0.325161 -4.553228 -47.619907 -32.360386 4.667252 -10.337851 1.168925 -14.528812 10.849074 12.997586 -4.517607 -5.501047 -37.748672 -16.485138 8.481270 12.960951 8.986852 -18.520824 23.479450 18.357170
1.639528 -5.032105 -36.057167 -5.566287 13.565331 8.911678 -6.965606 -16.966312 30.051065 26.398375 4.954881 -8.650242 -50.364712 -28.719994 4.664103 -9.408484 -1.333293 -13.486780 10.852199 12.603517 1.812797 -6.517488 -38.348629 -12.656598 8.788556 14.463311 5.941339 -16.430763 24.928490 17.567379
5.799408 -8.143013 -38.005287 -5.722184 10.449475 10.182405 -8.893756 -16.465691 28.683315 25.020609 9.788583 -11.468714 -52.177975 -26.056368 4.389253 -8.441827 -3.746446 -12.774628 11.588809 9.840413 7.787487 -7.981894 -38.904568 -9.614527 8.111632 16.570583 2.950886 -15.671242 25.326660 16.581854
9.440213 -11.702429 -38.762554 -6.069512 7.482879 10.221428 -9.609386 -17.044653 26.805323 23.966482 15.618027 -13.422464 -52.567295 -24.366199 2.886827 -8.441924 -4.012815 -12.353089 12.074733 7.159297 13.332233 -10.347623 -38.867939 -7.462263 7.075196 17.685007 1.282175 -15.384360 25.062393 15.257418
12.040967 -14.338689 -39.160408 -6.671258 4.645533 8.974670 -8.700508 -17.885370 25.212969 23.287735 19.950974 -15.050390 -50.641102 -23.749922 1.185881 -9.284039 -3.939416 -12.239979 11.858546 6.181304 17.694553 -13.049377 -38.040703 -6.905352 5.427321 17.964178 1.210423 -15.598963 23.800739 13.884462
13.918262 -15.938107 -39.271149 -6.630868 3.063210 8.255915 -7.724335 -18.770168 23.770227 22.488161 23.127064 -15.711525 -49.254612 -22.847889 0.626743 -9.410631 -3.521197 -12.552126 10.956931 4.793818 19.832436 -14.816361 -37.221474 -7.294606 4.081543 18.010757 1.703752 -16.108534 22.430939 12.852777
15.601756 -16.919395 -39.225853 -6.679440 1.938563 7.867256 -7.150258 -19.326712 22.645353 21.512705 25.517612 -16.055275 -48.471786 -22.393951 0.084920 -9.331984 -3.204417 -12.925372 10.122842 3.648496 21.394926 -15.799663 -36.494480 -7.513515 3.316797 18.014744 2.069517 -16.188435 21.509384 12.312972
16.254185 -17.145185 -39.233746 -6.579797 1.664266 7.743130 -7.062504 -19.474489 22.431845 21.179045 26.297058 -16.174164 -48.316132 -22.243402 -0.103012 -9.178918 -3.225673 -12.984419 9.890109 3.209579 21.949245 -16.100233 -36.320801 -7.372690 3.245992 18.021971 2.087337 -16.203796 21.339474 12.045505
16.179842 -17.126575 -39.256268 -6.584274 1.693482 7.794314 -7.117312 -19.452560 22.432924 21.272924 26.147005 -16.158943 -48.345230 -22.278015 -0.073814 -9.175380 -3.253832 -12.989369 9.905931 3.291985 21.892496 -16.058521 -36.359901 -7.348924 3.283393 17.988937 2.077005 -16.215704 21.378405 12.108052
16.124220 -17.034468 -39.609779 -6.636610 1.493485 7.764151 -7.048894 -19.400675 22.366283 21.704466 26.117596 -16.155230 -48.572586 -22.304056 -0.162773 -9.421785 -2.942037 -12.993051 9.947200 3.503913 21.803898 -16.004921 -36.699413 -7.440078 3.040848 17.891573 2.165707 -16.352160 21.361893 12.503837
15.939889 -16.825602 -39.735851 -6.732247 1.439460 7.837886 -7.159058 -19.256763 22.259651 22.326696 25.875309 -16.160700 -48.979923 -22.301973 -0.214062 -9.703321 -2.694834 -12.821837 10.153813 4.049586 21.722820 -15.920113 -37.027828 -7.441931 2.869504 17.714321 2.244152 -16.407585 21.352242 13.056178
15.750362 -16.499226 -39.929787 -6.805160 1.372402 7.940853 -7.280014 -18.976185 22.192324 23.268864 25.644238 -16.184179 -49.441326 -22.277267 -0.233615 -10.000636 -2.312253 -12.506906 10.330693 4.737567 21.362572 -15.710768 -37.551537 -7.417917 2.749408 17.513819 2.275266 -16.475988 21.494434 13.817545
15.066113 -16.063826 -40.194382 -6.888215 1.571353 8.267529 -7.592459 -18.467541 22.298069 24.551775 24.691135 -16.123682 -50.394794 -22.335299 -0.143954 -10.161544 -2.178004 -12.076947 10.736890 5.700889 20.187229 -15.332429 -38.642593 -7.430428 2.693084 17.494259 2.074434 -16.445721 21.914103 14.922968
14.618781 -15.390268 -40.173618 -7.092307 1.559546 8.395056 -7.837514 -17.975220 22.162514 25.965210 23.899170 -16.075281 -51.338078 -22.383718 -0.128604 -10.509601 -1.975645 -11.363644 11.332955 7.063496 19.314144 -15.026560 -39.470306 -7.505992 2.416862 17.232435 2.051050 -16.414343 22.129921 16.256151
14.229292 -14.871955 -39.978119 -7.255562 1.681100 8.682384 -8.165689 -17.128681 22.089331 27.573572 22.459967 -16.162653 -52.221611 -22.313293 0.130996 -10.854181 -2.079001 -10.383265 12.002645 9.008474 17.877382 -14.403436 -40.393375 -7.490423 2.483577 17.114206 1.872302 -15.997432 22.623817 17.805889
13.367373 -14.089273 -40.098194 -7.618073 1.666027 9.121858 -8.629223 -16.422209 22.043297 29.451244 21.453224 -16.038784 -53.174549 -22.236246 0.198234 -11.456517 -1.644878 -9.445342 12.512969 10.917201 16.616985 -13.722324 -41.398243 -7.723057 2.110720 17.105259 1.773374 -15.659251 23.012074 19.494572
12.205328 -12.952047 -40.332546 -8.106135 1.601761 9.659200 -8.963329 -15.693040 21.807285 31.820276 20.147629 -15.625445 -54.377380 -21.970015 0.712818 -11.768165 -1.052316 -8.323587 12.812018 12.981560 14.806701 -12.628407 -42.298286 -7.900348 2.140246 17.127525 1.569673 -15.106604 23.499109 21.576452
11.328673 -12.080078 -40.352238 -8.255231 1.959366 10.235375 -9.352657 -14.948768 21.703413 33.566326 18.819281 -15.299991 -55.529186 -21.517876 1.433496 -11.968000 -0.821909 -7.384191 13.024254 14.836534 13.294036 -11.476320 -42.979218 -8.060910 2.220495 17.093685 1.658509 -14.274781 23.808800 23.640266
10.368338 -11.130651 -40.121571 -8.426457 2.437505 10.933574 -9.782196 -14.340688 21.247654 35.487076 17.007494 -14.923923 -56.551762 -21.024082 2.449088 -12.276592 -0.652859 -6.574455 13.241750 16.853041 11.287445 -10.126516 -43.741608 -8.419198 2.314300 17.143520 1.666172 -13.351663 24.172344 25.949322
9.722564 -9.730807 -39.449566 -8.604168 3.032142 11.447322 -10.031443 -13.686947 20.712923 37.774826 15.415763 -14.700803 -57.052555 -20.619608 3.515792 -12.778032 -0.311715 -5.790868 13.482230 18.660589 9.667466 -8.736217 -44.181602 -8.676863 2.590738 16.947336 1.985169 -12.563497 24.635107 27.746792
8.967596 -8.122285 -38.524784 -8.797935 3.769431 11.669860 -9.990097 -13.005160 20.389376 39.924828 13.431776 -14.253056 -57.511902 -20.415001 4.426418 -13.277639 -0.034339 -4.932303 13.784295 20.677683 8.538374 -6.978440 -44.311684 -8.757507 3.049831 16.616152 2.425288 -11.984341 24.976603 29.177177
8.080481 -7.041222 -37.440239 -8.966944 4.642481 11.991807 -9.909946 -12.438399 20.126001 41.265575 11.997819 -13.737246 -57.527386 -20.301584 5.098212 -13.867166 0.372962 -4.267345 13.947183 22.390268 7.017732 -5.575284 -44.353699 -9.004261 3.581508 16.185818 2.938932 -11.299191 25.257862 30.524097
7.095511 -5.574158 -36.543217 -9.120829 5.391983 11.904050 -9.569909 -12.109559 19.957678 42.834656 10.562342 -13.202814 -57.092236 -20.266262 5.813954 -14.227182 0.437029 -3.813104 13.945573 23.791319 5.670560 -4.295037 -43.951504 -9.304520 4.173171 15.699327 3.479725 -10.921061 25.334312 31.410950
6.517553 -4.257315 -35.866188 -9.114580 6.237770 11.851025 -9.443915 -12.013406 19.836193 43.821484 8.974613 -12.548018 -56.884285 -20.316862 6.340431 -14.663082 0.518102 -3.334856 13.944062 25.594011 4.544617 -3.243193 -43.967823 -9.475453 4.649586 15.154373 4.039879 -10.561502 25.448500 32.198471
5.971790 -3.348658 -35.596764 -9.090086 6.754991 11.773705 -9.175151 -11.805835 19.728811 44.836815 7.656744 -12.179825 -56.731327 -20.381336 6.844284 -14.981245 0.579044 -3.001317 14.016508 26.811903 3.571335 -2.536389 -43.968803 -9.578012 5.028281 14.708762 4.446499 -10.294072 25.522984 32.821995
5.449499 -2.713435 -35.314476 -9.081227 7.278325 11.789061 -9.013108 -11.738129 19.701147 45.307041 6.794004 -11.723376 -56.522076 -20.511940 7.222409 -15.177369 0.749452 -2.754503 14.004553 27.600447 2.705958 -2.075440 -43.946144 -9.707006 5.353781 14.379245 4.814279 -9.988454 25.602146 33.204716
5.284132 -2.378205 -35.067539 -9.042899 7.573508 11.745657 -8.868189 -11.704465 19.665068 45.567566 6.228634 -11.508663 -56.395454 -20.613260 7.454309 -15.327024 0.869410 -2.634192 13.982449 28.126190 2.309630 -1.819322 -43.899208 -9.711264 5.589163 14.177306 4.973599 -9.877384 25.647551 33.406071
5.201766 -2.271344 -34.956192 -9.037996 7.686925 11.734239 -8.819710 -11.736364 19.613491 45.653549 6.050418 -11.417744 -56.372005 -20.670334 7.504550 -15.361439 0.939622 -2.628572 13.951489 28.257774 2.156169 -1.760273 -43.853336 -9.724894 5.678543 14.119936 5.023952 -9.854901 25.643484 33.438610
5.099282 -2.160083 -34.903229 -9.010904 7.795114 11.758220 -8.819915 -11.748785 19.638000 45.676811 5.888502 -11.273620 -56.304016 -20.705545 7.590697 -15.376207 0.967216 -2.675000 13.938579 28.283506 2.013285 -1.658804 -43.799751 -9.722989 5.762743 14.067570 5.037007 -9.855905 25.672134 33.446712
4.742048 -1.928828 -34.660347 -8.913350 8.224951 11.841813 -8.919278 -11.745476 19.803226 45.806736 5.276633 -11.039527 -56.217377 -20.854797 7.773964 -15.366993 0.873762 -2.783750 14.000470 28.456594 1.536142 -1.464184 -43.706814 -9.674796 6.109336 14.026996 4.977424 -9.856863 25.816177 33.373344
4.212186 -1.487759 -34.254925 -8.725373 8.881824 11.888806 -8.913511 -11.780467 19.954081 46.090469 4.487252 -10.584573 -56.081421 -21.084717 8.002657 -15.331918 0.817892 -2.938435 14.006120 28.716528 0.835471 -1.102850 -43.511288 -9.611572 6.633327 13.817558 5.028199 -9.814452 25.979568 33.356552
3.289295 -0.976443 -33.647278 -8.588721 9.838202 11.899380 -8.948485 -11.937749 20.258307 46.270512 3.362552 -9.989990 -55.700043 -21.424210 8.421868 -15.271698 0.636046 -3.385532 13.994540 28.821411 -0.183859 -0.605473 -43.242466 -9.419429 7.574858 13.394525 5.079554 -9.855987 26.348549 33.197468
2.090181 -0.120453 -32.791122 -8.487573 11.040213 11.858603 -8.845033 -11.900066 20.720682 46.725533 2.053173 -9.005737 -54.881378 -21.793457 9.109506 -15.229907 0.501506 -3.853644 13.829217 29.110081 -1.339344 0.074368 -42.974941 -9.051914 8.819430 12.754690 5.170189 -9.963665 26.820400 33.020641
0.723393 0.754605 -31.585499 -8.513174 12.387547 11.727881 -8.743055 -11.869446 21.295973 47.063934 0.468856 -7.844384 -53.647549 -22.576235 9.690584 -15.119029 0.164740 -4.174720 13.875276 29.378405 -2.688936 1.067627 -42.612545 -8.638651 10.369127 11.828861 5.428402 -10.098927 27.359997 32.947952
-0.486170 1.912208 -30.113924 -8.628783 13.698886 11.366177 -8.534998 -12.005281 21.893867 47.235493 -1.304752 -6.427433 -52.159740 -23.534966 10.345754 -15.102337 -0.020474 -4.180266 13.966273 29.881542 -3.865006 2.204697 -41.856785 -8.231032 12.033965 10.710800 5.811725 -10.308304 27.688644 32.762043
-1.653632 3.011662 -28.772217 -8.903642 14.855433 10.941605 -8.236688 -12.054120 22.586069 47.227242 -3.200540 -4.993910 -50.391251 -24.519056 11.223825 -15.031764 -0.232573 -4.126585 14.005549 30.375147 -5.075496 3.191805 -40.999363 -7.908232 13.721143 9.810055 6.226078 -10.404406 27.925850 32.520870
-2.902661 4.141383 -27.176380 -9.273969 16.118824 10.549729 -7.632902 -12.382024 22.828077 46.742077 -5.118011 -3.645972 -48.609184 -25.435806 12.218170 -14.972012 -0.257415 -4.139721 13.854426 30.794003 -6.543526 4.273426 -39.808243 -7.507055 15.823586 8.926588 6.561921 -10.436273 28.231213 31.959650
-4.199623 5.442628 -25.878897 -9.613447 17.233486 9.890170 -6.429675 -13.001525 22.992384 46.086742 -6.782022 -2.155512 -46.957848 -26.358303 13.182185 -14.878855 0.045320 -4.247619 13.402953 31.033136 -7.916842 5.425025 -38.551414 -7.284948 17.830416 7.818161 7.315745 -10.599446 28.461613 31.101929
-5.330082 6.470480 -25.153656 -10.193242 17.754332 9.082649 -5.066355 -13.407235 23.402426 45.122372 -8.446651 -0.536709 -45.057461 -27.389046 14.152810 -14.880579 0.330791 -3.941258 13.248056 31.373259 -9.070233 6.303559 -37.238419 -7.102411 19.658381 6.807752 8.102368 -10.727654 28.596722 30.177958
-6.567285 7.828661 -23.999882 -10.902781 18.509209 8.211686 -3.495488 -13.814231 23.711069 44.064926 -9.783821 1.055338 -42.926235 -28.136576 15.500119 -14.744408 0.365472 -3.691752 13.083389 31.263296 -10.210194 7.134459 -36.050236 -6.772038 21.604422 5.552335 9.178164 -10.745546 28.750576 29.193699
-7.602185 9.369146 -22.259018 -11.570961 19.556017 7.214458 -2.166330 -14.266780 24.111364 42.753292 -10.966228 3.150281 -40.655903 -28.925402 16.826885 -14.805788 0.525789 -3.222409 13.112056 31.220392 -11.239539 8.100567 -34.596409 -6.513641 23.486647 4.048917 10.340355 -10.872584 28.875273 28.278858
-8.687470 11.063379 -20.574287 -12.388787 20.517187 6.363385 -1.056697 -14.398649 24.474028 41.924824 -12.310398 4.977054 -38.597649 -29.704523 18.256462 -14.573110 0.415260 -2.712387 13.255123 31.063999 -12.099744 9.097000 -32.877918 -6.505389 25.224594 2.864258 11.386004 -10.883654 28.798061 27.413834
-9.306624 16.030125 -18.005859 -17.203217 19.332565 4.261642 -2.123363 -11.043338 27.546747 40.074276 -11.715459 6.833689 -34.339520 -30.335258 20.259289 -15.802647 0.405380 2.987434 19.791365 29.892473 -12.237126 10.259118 -30.973125 -5.956772 27.219810 1.460923 12.503531 -11.476386 27.115513 28.031090
-11.399623 18.346867 -15.286481 -18.671740 20.649752 2.951024 -0.805947 -11.485539 28.070211 39.390610 -13.067564 9.127843 -30.776287 -31.768997 21.744469 -15.969116 1.080413 2.812287 19.258329 29.591127 -13.442437 11.512442 -28.499628 -6.636454 28.787329 0.086529 13.924553 -11.614437 26.837044 27.282701
-13.218067 20.304531 -11.805500 -20.204277 22.270020 1.752555 0.141640 -12.452849 28.325039 37.671860 -14.795024 11.330680 -26.027916 -33.130486 24.044901 -15.980718 1.275532 2.443601 18.536552 29.083292 -15.002846 12.941978 -25.112507 -7.484180 31.119925 -1.179889 15.103275 -12.124723 26.330845 26.203079
-14.550231 21.415930 -8.538045 -21.571388 23.517384 0.586636 1.422041 -13.000264 28.350912 36.104794 -16.348127 13.114309 -21.989992 -34.506729 25.704426 -15.849903 1.243971 2.038963 17.931522 28.536409 -17.025841 14.441590 -21.586994 -8.777264 33.345627 -2.281894 16.224504 -12.729984 25.563299 25.293575
-15.992488 22.165228 -5.246865 -22.870491 24.920855 -0.487619 3.173263 -13.826194 27.949278 34.081581 -17.628506 14.563309 -18.864136 -35.808239 26.679735 -15.571653 1.552423 1.229568 17.042521 27.697384 -18.544022 15.561694 -18.061729 -10.270430 35.072891 -3.174254 17.536558 -13.304827 24.382469 23.965858
-18.657652 20.431177 -2.983732 -23.830442 25.934807 -1.320820 7.021435 -14.967954 27.238607 32.857010 -20.218224 14.829564 -16.241568 -39.676216 25.446579 -15.019476 2.969887 -1.432828 12.460677 27.418909 -20.865788 14.439266 -15.630100 -11.052048 37.712151 -4.089053 19.340992 -13.627124 22.849173 22.427118
-20.626135 19.914890 0.088896 -24.725555 27.451643 -2.119578 9.012966 -16.217070 26.740961 30.188995 -21.864201 15.453580 -12.843026 -40.804180 26.608416 -14.672511 2.914829 -2.649657 11.370028 26.747942 -22.406712 15.248493 -12.172062 -12.599895 39.308079 -4.548394 20.028316 -14.082676 21.784332 21.000046
-22.117331 19.244890 2.488300 -25.866594 28.359217 -2.739588 9.729064 -17.590631 26.190409 27.271200 -23.214001 15.829866 -9.775916 -41.995483 27.431799 -14.340436 2.591888 -3.900010 10.453242 25.546949 -23.406862 15.245327 -9.244901 -14.205672 40.180351 -4.172631 20.216042 -14.844280 20.451866 19.120361
-23.402708 18.106239 4.273488 -26.850119 28.769373 -3.086331 10.305840 -19.060663 25.711395 24.542622 -24.071220 16.075277 -6.657332 -43.128006 28.188375 -13.657394 2.093864 -5.761064 9.247518 23.469913 -24.445530 14.619078 -6.690458 -15.683606 41.111317 -3.653184 20.718161 -16.007393 19.110840 16.623764
-24.040550 16.673300 6.144108 -27.697742 29.162794 -3.444844 10.443933 -20.278330 25.177425 21.936897 -23.942524 15.699586 -3.480836 -43.823895 28.832422 -12.694007 1.027935 -7.347239 7.914961 21.110933 -25.523972 13.825858 -4.026350 -17.184742 42.109226 -3.207595 21.009151 -16.748678 17.769045 14.236584
-24.920427 15.538275 7.482759 -28.548878 29.449568 -3.680011 10.438570 -21.345379 24.914869 19.702377 -24.389019 15.352148 -1.166553 -44.436581 29.443192 -12.063475 0.417212 -8.253257 7.036040 19.616577 -26.601793 13.223353 -2.136219 -18.812454 42.557171 -3.235419 21.858973 -17.163488 16.633476 12.782207
-25.958265 14.423229 8.466916 -29.487131 29.599367 -3.939613 10.450265 -22.441652 24.811886 17.557884 -24.908878 15.032096 1.045340 -45.195065 29.947779 -11.776110 0.303872 -8.991901 6.270068 18.425310 -28.092236 12.671806 -0.630109 -20.421598 43.013210 -3.368473 22.735920 -17.413633 15.820418 11.423104
-26.542114 13.437727 9.780396 -30.173090 29.703844 -4.462250 10.509651 -23.642744 24.497667 15.622155 -25.575317 14.795316 3.050251 -45.940357 30.489622 -11.670778 0.641046 -9.546318 5.491267 17.429089 -28.922987 12.031974 1.277879 -21.776743 43.369495 -3.393631 23.215284 -18.067469 14.680587 9.990213
-26.549006 12.471458 11.335480 -30.551237 29.956049 -4.906326 10.427639 -24.823111 24.126421 13.550812 -25.865002 14.157736 4.736607 -46.372669 30.886194 -11.600856 0.702469 -10.104169 4.869794 16.229940 -29.361330 11.182502 2.963557 -22.844727 43.432484 -3.233424 23.392197 -18.789740 13.673836 8.471805
-26.664989 11.422189 12.111661 -30.798624 30.246017 -5.198517 10.849082 -25.687746 23.819834 11.868844 -26.468153 13.797056 6.486236 -47.047451 31.192123 -11.696415 1.061631 -10.966893 4.254526 15.145952 -29.819563 10.499180 4.571968 -23.817831 43.808807 -3.329769 23.777239 -19.577721 12.821681 6.974141
-27.039484 10.621539 13.122458 -31.041409 30.748863 -5.379469 10.964181 -26.323092 23.847971 10.125183 -26.574259 13.508168 8.144330 -47.641655 31.223612 -11.764219 1.157023 -11.893555 3.967552 13.643228 -30.052652 9.906154 5.905816 -24.476219 44.117588 -3.313622 24.007019 -20.190294 12.040491 5.818962
-27.297781 10.020544 13.665370 -31.250223 30.830238 -5.497465 11.139207 -26.856045 23.726927 8.815124 -26.787075 13.224205 9.560003 -48.170799 31.358807 -11.853890 1.428446 -12.782405 3.727514 12.199037 -30.236780 9.379547 7.021951 -25.035032 44.259888 -3.200343 24.150496 -20.965029 11.543989 4.597943
-27.215736 9.203481 14.036617 -31.352602 30.628353 -5.594840 11.149688 -27.735521 23.283278 7.278533 -26.880156 12.898472 10.939790 -48.702240 31.487705 -11.799212 1.605819 -13.666737 3.489737 10.590185 -30.080664 8.817140 8.208290 -25.606525 44.320827 -2.903546 24.191832 -21.765747 11.127244 3.106341
-27.217190 8.262910 14.442340 -31.522352 30.352369 -5.698316 11.055120 -28.392277 23.133457 5.784911 -26.937059 12.458282 12.195232 -49.037537 31.650667 -11.742656 1.643881 -14.294829 3.309546 9.296226 -29.798115 8.334933 9.448502 -26.127453 44.385662 -2.667206 24.259497 -22.421099 10.626040 1.836951
-27.284790 7.363513 14.902706 -31.822594 30.193886 -5.751762 10.987622 -28.893921 23.059565 4.429373 -26.548351 12.000279 13.263451 -49.288483 31.625969 -11.677691 1.745457 -15.037255 3.104898 7.740626 -29.396284 7.867513 10.571435 -26.503204 44.434361 -2.444168 24.252436 -23.035986 10.094556 0.629226
-27.359985 6.674649 15.405875 -32.025085 30.233812 -5.828492 11.093120 -29.107800 23.064419 3.549386 -26.349033 11.676874 14.099437 -49.436146 31.726971 -11.688577 1.755084 -15.503423 2.946148 6.861187 -29.075504 7.554115 11.276294 -26.661667 44.513435 -2.213475 24.231237 -23.253393 9.753144 -0.162908
-27.395948 5.881278 16.135046 -32.300556 30.402233 -5.913393 11.304814 -29.268295 23.003878 2.470407 -26.211008 11.417966 14.979582 -49.526970 32.015011 -11.613109 1.589524 -15.799365 2.786300 6.141808 -28.715437 7.282236 12.169790 -26.785183 44.664368 -1.927309 24.104170 -23.412313 9.291418 -0.850270
-27.400547 5.265331 16.603455 -32.570274 30.541227 -5.954661 11.534464 -29.329805 23.028095 1.666845 -26.013386 11.082735 15.757908 -49.624718 32.130890 -11.570929 1.433883 -16.166948 2.653153 5.422825 -28.429146 6.956089 12.761499 -26.897499 44.729839 -1.614246 23.977900 -23.572559 9.012994 -1.534728
-27.363447 4.820470 16.886938 -32.764488 30.670679 -5.924227 11.667089 -29.325182 23.004896 1.180029 -25.828691 10.892291 16.153833 -49.631310 32.249588 -11.454165 1.292172 -16.308521 2.555863 5.003660 -28.183292 6.697627 13.083014 -26.935404 44.777096 -1.377078 23.862587 -23.629253 8.843405 -1.991009
-27.297665 4.566969 16.902462 -32.798737 30.607121 -5.893462 11.727232 -29.272936 23.003164 0.921944 -25.744564 10.806597 16.362869 -49.629227 32.312542 -11.400622 1.207824 -16.357927 2.506363 4.809147 -28.037016 6.522513 13.339368 -26.953676 44.830978 -1.263460 23.834812 -23.636848 8.686869 -2.250443
-27.300970 4.483647 17.030664 -32.860439 30.658176 -5.922215 11.788606 -29.306789 22.997869 0.790601 -25.697525 10.754388 16.520859 -49.630909 32.360962 -11.371690 1.124811 -16.431046 2.485031 4.686604 -28.038317 6.476830 13.544766 -27.003805 44.907700 -1.271708 23.852013 -23.664551 8.614999 -2.349317
