4.982175 -0.975564 -35.732807 -12.371734 5.259472 11.852186 -9.211397 -8.658227 21.597471 45.459114 7.006479 -9.935814 -50.927532 -4.399504 10.548128 4.279551 15.271435 -8.401838 26.510635 32.008644 3.079643 -0.144107 -49.737537 -21.990803 3.943469 -0.832084 -11.737701 -1.322546 19.688847 29.678200
5.137111 -1.350102 -35.947342 -12.535291 4.857045 11.846266 -9.433728 -8.621135 21.702501 45.190002 7.549322 -10.141534 -51.008747 -4.306195 10.361870 4.389614 15.180863 -8.513722 26.532581 31.473322 3.453600 -0.444479 -49.720772 -22.045986 3.679635 -0.676669 -11.897699 -1.440830 19.680281 29.414528
5.613505 -2.056738 -36.224369 -12.537858 4.339941 11.824405 -9.610361 -8.727807 21.734995 44.726711 8.321051 -10.507819 -51.196953 -4.157229 10.061975 4.544997 15.042783 -8.788471 26.529808 30.698935 4.261603 -1.014471 -49.609291 -22.053200 3.255027 -0.456332 -12.270416 -1.726452 19.676373 29.015327
6.158432 -2.990644 -36.492283 -12.533118 3.837907 11.907425 -9.880079 -9.053784 21.786570 43.642891 9.541344 -10.857601 -51.291451 -4.074598 9.583004 4.842942 14.990804 -9.221325 26.380913 29.482727 5.201312 -1.821694 -49.514400 -22.041042 2.794015 -0.102425 -12.663223 -1.979524 19.617275 28.367321
6.750223 -4.379879 -37.021431 -12.741902 2.823294 11.855620 -10.150347 -9.217865 21.912949 42.609272 11.078115 -11.636557 -51.484520 -3.980161 9.065963 5.278750 14.898226 -9.755780 26.276417 27.604727 6.263031 -3.124818 -49.352562 -21.996029 2.223291 0.255894 -13.256820 -2.296406 19.572556 27.641310
7.802056 -5.901884 -37.599022 -12.987052 1.732782 11.722754 -10.852865 -9.448712 22.321505 41.042099 12.365122 -12.226442 -51.841072 -4.044571 8.374770 5.585467 14.967670 -10.165144 26.214537 26.221790 7.512068 -4.735219 -49.519390 -21.948656 1.454771 0.432029 -13.809065 -2.599408 19.617798 26.922993
8.677550 -6.988467 -38.373363 -13.134531 0.647013 11.139807 -11.093088 -10.010379 22.767084 39.704193 13.699599 -12.734408 -51.758305 -4.203190 7.724844 6.197134 14.714714 -10.780859 25.953314 24.449335 8.907546 -6.485032 -49.278748 -21.857080 0.860248 0.604128 -14.459130 -3.182332 19.464161 25.828663
9.361226 -8.666175 -38.992252 -13.384421 -0.422966 10.569247 -11.425219 -10.561781 23.436247 37.764584 15.584542 -13.181773 -51.268402 -4.419150 6.897747 6.737414 14.614886 -11.565306 25.522970 22.358824 9.802712 -8.651065 -49.067936 -22.007462 0.210867 0.737995 -15.181358 -3.611839 19.292568 24.887440
9.838607 -10.134995 -39.565575 -13.285885 -1.002870 9.875563 -11.155742 -11.029561 24.192831 35.846199 17.034855 -13.402233 -50.793396 -4.789324 5.915617 7.232003 14.298434 -12.314362 25.218416 20.647463 11.117846 -10.239123 -48.722546 -21.984442 -0.278921 0.814094 -15.642375 -4.241463 19.050869 23.499578
10.748760 -11.198743 -39.875671 -12.992561 -1.421139 9.122193 -10.683580 -11.726111 24.605085 34.050812 18.768311 -13.905596 -49.996014 -4.977610 5.197238 7.528867 14.198330 -13.245639 24.866425 18.605888 12.929900 -11.846015 -48.051556 -21.827074 -0.559672 0.658435 -15.718148 -5.008208 18.855995 21.469254
11.600132 -12.067872 -39.922737 -12.765924 -1.669992 8.627930 -10.205649 -12.534373 24.613657 32.249954 20.161537 -14.154840 -49.060352 -5.188213 4.643510 7.815041 14.073151 -14.350356 24.362747 16.719046 14.386117 -13.099241 -47.159584 -21.802225 -0.622788 0.471543 -15.769844 -5.830068 18.576809 19.463219
12.703661 -13.174317 -39.777561 -12.275463 -1.568201 8.137430 -9.773558 -13.159027 24.891378 29.871557 21.589628 -14.337910 -48.120422 -5.318752 4.233585 8.319527 13.673202 -15.544003 23.756849 14.603991 16.242708 -14.197578 -46.003731 -21.708597 -0.680176 0.349854 -15.672364 -6.407662 18.205109 17.291891
13.559246 -13.954024 -39.738586 -11.900827 -1.522091 7.779031 -9.304527 -13.747672 24.992315 27.951162 22.716970 -14.322310 -47.264584 -5.379866 4.160381 9.035598 13.219167 -16.479342 23.204683 12.677672 17.552073 -14.770998 -44.890339 -21.517193 -0.376981 0.383957 -15.595350 -6.806257 17.807232 15.491141
13.930419 -14.533451 -39.964611 -11.743368 -1.642486 7.518564 -8.949924 -14.489734 25.123363 26.330898 24.209965 -14.273397 -46.506989 -5.431912 3.890882 9.402481 13.237093 -17.402803 22.689365 10.756167 19.016424 -15.289929 -43.910484 -21.506126 -0.439492 0.555759 -15.438749 -7.279205 17.241829 13.871732
14.364611 -15.043354 -39.988430 -11.565202 -1.670549 7.314681 -8.714915 -15.004019 25.323484 24.891815 24.991812 -14.317518 -45.627254 -5.433619 3.827939 9.744616 13.042940 -18.098614 22.207109 9.422452 19.892746 -15.577424 -43.048161 -21.416796 -0.167498 0.831264 -15.438661 -7.339042 16.985945 12.566459
15.032109 -15.468149 -39.767803 -11.523870 -1.917500 6.957806 -8.376335 -15.460365 25.280926 23.602659 25.927259 -14.424938 -44.748669 -5.372129 3.745322 9.902719 12.939371 -18.460381 21.833206 8.516148 21.062332 -15.931190 -41.972084 -21.393871 -0.115489 0.886990 -15.244524 -7.366652 16.534855 11.423285
15.205817 -15.765085 -39.609005 -11.474696 -1.889239 6.827581 -8.224657 -15.727845 25.382845 22.657310 26.145008 -14.413849 -44.352631 -5.384485 3.757407 10.222314 12.559791 -18.745462 21.681612 7.881009 21.403870 -16.112955 -41.411663 -21.383768 0.023857 1.104125 -15.307769 -7.374833 16.332878 10.706655
15.383707 -15.959626 -39.510544 -11.391130 -1.856996 6.742776 -8.102457 -15.861059 25.513029 22.017572 26.379333 -14.431647 -43.996593 -5.369952 3.811588 10.511681 12.290064 -18.882957 21.530809 7.353893 21.466005 -16.186480 -41.106407 -21.357218 0.192592 1.272909 -15.387101 -7.354413 16.304783 10.208041
15.440732 -16.047459 -39.168488 -11.349377 -1.684047 6.760942 -8.172976 -15.908371 25.584917 21.593845 26.408030 -14.436559 -43.802799 -5.329860 3.894385 10.761431 11.970632 -18.877003 21.487244 7.174350 21.549383 -16.221542 -40.786732 -21.242977 0.441269 1.374007 -15.487569 -7.233849 16.322823 9.817025
15.516984 -16.069351 -39.151070 -11.347429 -1.724656 6.709799 -8.126207 -15.927211 25.589994 21.498354 26.554689 -14.453212 -43.773525 -5.295685 3.864384 10.759225 11.998577 -18.874607 21.475513 7.091269 21.600487 -16.256207 -40.751644 -21.265453 0.404050 1.408207 -15.478100 -7.219451 16.276695 9.759354
14.877951 -15.888374 -39.156490 -11.430169 -1.454834 6.857161 -8.228927 -15.799380 25.773560 21.809187 25.745377 -14.330351 -43.913914 -5.430842 4.065799 10.584540 12.031724 -18.864103 21.664885 7.560577 21.063868 -15.969915 -40.982246 -21.393173 0.496769 1.391683 -15.490640 -7.164375 16.528225 9.971045
13.259159 -15.070886 -39.148716 -11.311563 -0.271435 7.364286 -8.912329 -15.322102 26.779144 22.716375 23.329659 -13.911605 -44.556705 -5.813950 4.701016 10.478942 11.732823 -18.724039 22.317997 8.633500 19.525629 -15.106670 -41.898804 -21.175915 1.270162 1.323793 -15.799722 -6.948039 17.675467 10.466475
11.370231 -13.651348 -38.913956 -11.361839 1.261802 8.012444 -9.938706 -14.583219 28.162773 23.627220 19.932152 -13.510427 -45.872265 -6.532135 5.559499 10.525500 11.477327 -18.386362 23.211996 9.987336 17.304720 -13.398631 -42.875015 -20.807627 2.670271 1.335889 -16.348270 -6.512151 19.304817 11.143678
8.933689 -10.967573 -38.275337 -10.957705 3.918319 9.171895 -11.013670 -13.801005 29.747383 24.113668 15.589749 -12.216420 -46.714241 -7.838788 6.758143 11.165657 11.212933 -18.047531 23.684336 11.317274 13.434696 -10.520246 -43.665997 -20.810440 4.914349 1.302680 -15.779249 -6.215485 20.118122 11.924966
5.424130 -7.132011 -38.412182 -9.385447 8.010649 10.080999 -9.307444 -13.359857 30.866743 24.531279 10.140860 -10.079121 -46.733967 -9.312987 8.322562 11.272537 11.188478 -18.379589 23.602215 13.719031 8.618237 -6.844293 -44.245098 -22.111929 6.495492 1.426711 -13.984904 -6.931108 19.650515 12.485178
1.438151 -3.758809 -36.827816 -8.438264 11.629271 9.016064 -7.377357 -14.235307 31.925928 26.169622 4.970237 -7.830607 -45.155449 -12.073832 8.318424 10.261759 13.597070 -19.205235 22.703564 16.632261 2.724391 -4.580369 -43.964672 -24.776793 7.553648 -0.600749 -10.657425 -8.172314 18.649288 13.785985
-3.177395 -2.142658 -34.544678 -9.443101 13.748879 7.124264 -4.837615 -14.209531 33.396385 27.117325 0.071437 -4.159519 -41.816944 -15.802176 8.638911 9.041390 16.317509 -20.654980 22.297632 17.030247 -4.256209 -4.679079 -43.287357 -29.070675 6.768976 -3.043851 -7.546901 -9.573794 17.651558 15.661518
-8.469496 -0.321961 -34.724483 -12.619766 13.660264 6.084276 -1.052476 -14.458568 33.620758 25.951040 -3.551041 0.707985 -38.008816 -19.510908 8.037140 6.423824 19.894060 -22.755196 22.903414 15.804441 -9.956492 -4.638594 -42.541763 -32.669781 6.813361 -5.815356 -4.167996 -11.134795 17.008064 15.377159
-12.182590 3.927046 -34.002960 -17.239092 12.793431 5.677474 2.548669 -15.428782 32.006386 22.841242 -7.163670 5.683643 -33.581379 -20.997997 9.686591 4.155586 21.330635 -24.599628 23.268597 16.126177 -13.322745 -2.739334 -41.195023 -34.628033 7.805492 -8.357697 -0.910538 -12.639902 16.972200 13.346251
-14.272324 8.621600 -31.515348 -21.164644 12.400439 5.146199 5.694263 -17.375944 29.474119 19.013939 -10.281451 9.624571 -26.830748 -22.203068 12.295799 2.709053 21.013439 -26.238810 22.832384 16.269695 -15.796498 0.167819 -37.632912 -36.064190 10.200401 -10.975021 2.897052 -14.421707 16.156160 9.528115
-15.646413 13.349677 -28.845079 -25.064236 12.444921 4.311576 9.183195 -19.839186 26.740686 14.099743 -12.543118 11.398324 -21.241690 -23.486961 14.774326 2.413578 20.781874 -27.968311 21.604029 14.423396 -16.623274 3.770931 -33.537121 -36.442585 13.575923 -12.551044 6.315806 -15.758366 14.723159 4.828262
-16.619772 16.310118 -24.988771 -28.147863 13.079999 3.156504 11.466357 -22.055237 25.212654 9.135847 -13.935657 11.513655 -15.937793 -25.505280 15.374824 2.502825 20.762335 -30.694221 18.960329 12.962136 -15.804841 5.737794 -29.754787 -36.653000 16.049723 -13.589418 8.434544 -17.861814 13.381608 -0.336733
-17.879679 15.509635 -20.872387 -29.926762 13.726944 2.255623 12.777392 -25.010281 23.292282 3.635747 -14.942702 11.246209 -10.320322 -27.183859 16.045340 2.775029 20.263905 -33.537228 16.376965 11.007329 -15.576955 6.414234 -24.700745 -38.258350 17.502645 -13.599623 9.219249 -19.847435 11.528752 -5.290282
-19.116550 15.087212 -17.113396 -31.837889 14.426430 1.660384 15.096309 -27.779057 20.259041 -0.496395 -15.632761 10.143620 -5.043673 -28.758368 16.394072 3.274745 20.024605 -36.331379 13.921138 8.819679 -16.651436 5.913516 -21.743229 -40.111980 18.595846 -14.155270 11.183095 -20.718084 9.594813 -8.177302
-18.962559 13.146005 -13.673425 -33.283844 14.462572 1.337082 16.111147 -29.832855 17.357103 -3.738472 -15.440229 8.601577 -0.166287 -29.759642 17.086843 3.896317 19.636162 -37.938736 12.145621 6.305363 -17.233009 3.968974 -18.573750 -41.618996 19.603912 -14.092626 12.203475 -22.151146 7.277912 -11.112588
-18.202276 12.252687 -11.503940 -34.200722 14.911748 1.899442 15.586323 -30.904371 15.756348 -6.085181 -15.672408 7.373976 3.086522 -30.856905 17.647900 4.068130 20.113325 -38.660587 11.252123 4.569409 -16.914198 2.424919 -15.554820 -42.774761 20.226460 -13.490117 11.940042 -23.287651 5.805849 -13.276893
-17.445194 11.867249 -8.706128 -34.981716 15.797657 1.759741 15.307068 -32.165810 14.546959 -8.656390 -15.684800 6.483793 6.104300 -31.788416 18.461746 4.347620 20.228008 -39.306171 10.219979 3.237904 -16.686085 1.822468 -12.750084 -43.480057 21.214680 -13.238184 11.763233 -23.520332 4.927073 -14.664075
-16.679213 11.454378 -6.877429 -35.622875 16.002684 1.390939 15.200957 -33.265903 13.725082 -10.581467 -15.276251 5.613885 8.131944 -32.089649 18.869774 4.459648 20.211960 -39.922489 9.470081 2.050685 -16.377010 1.776528 -10.268627 -44.053623 22.099516 -12.990059 11.652615 -23.499439 4.219121 -15.698211
-16.151293 11.122206 -5.794845 -36.051208 15.948222 1.011911 15.227525 -33.865303 13.369653 -11.678023 -14.774842 5.074951 9.444876 -32.079384 19.176077 4.599655 19.844255 -40.342815 9.158718 1.123101 -15.868125 1.628685 -9.445008 -44.289165 22.075611 -12.649537 11.565834 -23.313988 3.807948 -16.010038
-15.884648 10.883434 -5.804255 -36.106724 15.733051 1.121881 14.952132 -34.026997 13.288443 -12.077094 -14.548046 4.842869 9.862701 -32.065605 19.233873 4.672843 19.625540 -40.528294 9.135324 0.661703 -15.717140 1.448534 -9.192326 -44.342667 22.047232 -12.441887 11.489308 -23.258965 3.702838 -16.247019
-15.939713 10.929909 -5.568367 -36.173115 15.874193 1.119432 14.990075 -34.142109 13.186130 -12.202776 -14.603697 4.837068 10.116318 -32.104713 19.348845 4.700312 19.569479 -40.607681 9.112411 0.523594 -15.770807 1.419234 -9.009570 -44.403240 22.164185 -12.395334 11.501988 -23.265676 3.649875 -16.411587
-16.045567 10.963232 -5.297216 -36.302536 16.007936 1.096376 14.959327 -34.294582 13.164209 -12.364697 -14.677580 4.792733 10.586661 -32.256134 19.460577 4.688990 19.474518 -40.776062 9.155996 0.231046 -15.991187 1.331058 -8.551529 -44.633499 22.320766 -12.371134 11.532794 -23.327631 3.506450 -16.523476
-16.275301 11.084826 -4.663548 -36.482105 16.452499 1.226227 14.918389 -34.594116 12.926786 -12.765916 -14.970277 4.746001 11.327760 -32.439274 19.840031 4.634519 19.385164 -40.973740 9.274049 -0.187743 -16.458855 1.192695 -7.783276 -44.946808 22.726042 -12.323201 11.549577 -23.353588 3.318955 -16.848858
-16.529705 11.048444 -3.892519 -36.655773 16.863499 1.139661 14.854083 -34.977470 12.803574 -13.113939 -15.389191 4.624152 12.142194 -32.732395 20.187010 4.535909 19.340590 -41.068447 9.477921 -0.574760 -17.052240 1.000042 -7.086613 -45.351421 23.017210 -12.201167 11.450325 -23.464632 3.250290 -17.111202
-16.932755 10.897327 -3.372814 -36.938824 17.086042 1.148719 14.596195 -35.443863 12.767538 -13.652659 -15.816594 4.295514 13.054120 -33.053715 20.584328 4.573461 19.015263 -41.274910 9.825365 -1.359475 -17.606035 0.801747 -6.133891 -45.902458 23.304317 -12.098582 11.300845 -23.825073 3.358001 -17.789011
-17.202978 10.593864 -2.535558 -37.098835 17.532457 1.287258 14.120748 -35.782562 12.798040 -14.553779 -16.443193 4.029396 14.600410 -33.420727 21.469528 4.694606 18.850864 -41.109062 10.045755 -2.086479 -18.402531 0.636925 -4.959822 -46.605625 23.883347 -12.007060 11.402184 -23.704842 3.397972 -18.413338
-18.027765 9.876372 -1.758340 -37.343735 17.867405 1.081865 13.959264 -35.956184 13.276808 -15.109097 -16.902397 3.803034 15.688325 -33.631329 22.050936 4.804654 18.570080 -40.912891 10.338773 -2.661382 -19.006901 0.790754 -4.028713 -47.018051 24.162729 -11.649771 11.087372 -23.758709 3.432452 -18.660315
-18.851427 9.368393 -0.393695 -37.693295 18.735888 1.069118 13.856937 -35.946327 13.579763 -15.983403 -17.329624 3.499949 17.393362 -33.974995 22.860538 5.081460 17.863806 -40.641094 10.676902 -3.547935 -19.870924 0.894782 -2.559658 -47.454124 24.915537 -11.368215 10.944556 -23.434643 3.483048 -19.308281
-19.312979 8.547650 0.954243 -37.904514 19.791096 1.246168 13.899500 -35.812107 13.946856 -17.205553 -17.644409 3.366620 19.630793 -34.114101 24.142950 5.391411 16.834814 -40.492527 10.930617 -4.401099 -20.760279 1.512883 -0.856339 -47.657825 26.295004 -11.011205 10.622772 -23.065706 3.485925 -19.680229
-19.259844 7.213036 1.528560 -37.710705 20.665529 1.832049 13.508254 -35.403625 14.636274 -18.746687 -17.745140 3.206028 20.916243 -34.018475 25.142443 5.944762 15.533626 -40.695118 11.157470 -5.223098 -20.840797 1.764542 0.452033 -47.844353 26.950186 -9.968581 9.737684 -22.687326 3.436269 -20.374336
-19.993034 5.963775 2.615761 -37.749687 22.071882 2.114853 13.930210 -34.953087 15.251840 -20.099365 -18.041502 3.129525 22.028275 -33.990723 25.987379 6.408466 14.425975 -41.079067 11.368353 -5.830799 -21.307871 2.202350 2.314755 -48.034363 28.387989 -9.284220 9.107098 -22.651825 3.160760 -21.191242
-20.060249 4.947713 2.939842 -37.426575 22.676144 2.580427 13.521039 -34.480968 15.979077 -21.170197 -18.122070 2.990607 23.167549 -33.794598 26.731308 7.027391 13.040406 -41.390511 11.469303 -6.493887 -21.411470 2.209134 3.417678 -48.018898 29.163191 -8.287006 8.070884 -22.617146 3.285062 -22.167374
-19.826597 3.969353 3.882133 -37.053921 23.854532 2.977924 13.403008 -34.057961 16.714573 -22.628355 -18.114777 2.938294 24.086954 -33.655632 27.428385 7.533981 11.870681 -41.592171 11.643691 -7.027592 -21.847328 2.132726 4.544844 -48.274235 29.893414 -7.380690 7.143993 -22.489948 3.420909 -22.840271
-19.642273 2.965114 4.377309 -36.510368 24.558174 3.289559 13.063549 -33.643730 17.315731 -23.520849 -17.993752 2.669856 24.519041 -33.295078 27.872395 8.062791 10.607349 -41.542347 11.910102 -7.560715 -22.016565 1.821977 5.677492 -48.398716 30.478964 -6.402102 6.039023 -22.240944 3.599221 -23.702122
-19.620106 1.826449 4.864990 -36.076675 25.185837 3.472290 12.810402 -33.229153 18.028137 -24.456060 -17.931404 2.179106 25.158054 -32.861958 28.497786 8.499033 9.249043 -41.435535 12.203210 -8.126367 -22.499466 1.748627 6.999057 -48.561283 31.304531 -5.784193 5.181981 -21.978733 3.668369 -24.316517
-19.391699 0.594403 5.439094 -35.880203 25.711226 3.802950 12.090376 -33.032417 18.677444 -25.753551 -18.072258 1.639222 26.371204 -32.619869 29.546495 8.913021 7.736853 -41.491974 12.499066 -8.752343 -22.919222 1.726200 8.359437 -48.872932 31.857246 -5.008482 4.200594 -21.701584 3.868377 -25.030895
-19.384102 -0.263800 6.193142 -35.735245 26.428085 4.043367 11.757629 -32.898998 19.104351 -26.850771 -18.076187 1.236679 27.432520 -32.352066 30.407793 9.213078 6.600646 -41.591293 12.660450 -9.330041 -23.435299 1.856226 9.496243 -49.180073 32.378078 -4.570838 3.623065 -21.476501 3.944412 -25.507824
-19.335230 -1.073515 6.394191 -35.501926 26.807241 4.362012 11.443300 -32.683346 19.498423 -27.770132 -17.989805 0.735127 27.881618 -32.082020 30.969175 9.586466 5.668232 -41.394157 12.921931 -9.898522 -23.596287 1.716122 9.830570 -49.259911 32.360764 -4.068451 3.080394 -21.263222 4.152299 -26.040585
-19.256308 -1.685237 6.455087 -35.391056 27.057169 4.655992 11.254054 -32.516121 19.696924 -28.488340 -17.802055 0.335882 28.114759 -31.888069 31.221430 9.828413 5.030989 -41.324940 13.134643 -10.431563 -23.627956 1.580732 9.969937 -49.349720 32.160107 -3.633845 2.632862 -21.224337 4.330360 -26.461552
-19.225710 -1.855035 6.501215 -35.384209 27.115158 4.731890 11.159094 -32.501884 19.770506 -28.757467 -17.829226 0.235624 28.300217 -31.871874 31.371223 9.879696 4.829519 -41.275932 13.238452 -10.575453 -23.724688 1.587164 10.107378 -49.442581 32.154919 -3.505825 2.488111 -21.180616 4.424760 -26.583521
-19.225542 -1.857058 6.502678 -35.383526 27.116011 4.732169 11.160584 -32.501038 19.770365 -28.756378 -17.829306 0.233078 28.301445 -31.870975 31.372688 9.878705 4.831392 -41.274940 13.238786 -10.575580 -23.724869 1.585967 10.107100 -49.442200 32.155685 -3.506335 2.487959 -21.179411 4.424177 -26.583279
-19.225542 -1.857058 6.502678 -35.383526 27.116011 4.732169 11.160584 -32.501038 19.770365 -28.756378 -17.829306 0.233078 28.301445 -31.870975 31.372688 9.878705 4.831392 -41.274940 13.238786 -10.575580 -23.724869 1.585967 10.107100 -49.442200 32.155685 -3.506335 2.487959 -21.179411 4.424177 -26.583279
-19.225542 -1.857058 6.502678 -35.383526 27.116011 4.732169 11.160584 -32.501038 19.770365 -28.756378 -17.829306 0.233078 28.301445 -31.870975 31.372688 9.878705 4.831392 -41.274940 13.238786 -10.575580 -23.724869 1.585967 10.107100 -49.442200 32.155685 -3.506335 2.487959 -21.179411 4.424177 -26.583279
-19.225542 -1.857058 6.502678 -35.383526 27.116011 4.732169 11.160584 -32.501038 19.770365 -28.756378 -17.829306 0.233078 28.301445 -31.870975 31.372688 9.878705 4.831392 -41.274940 13.238786 -10.575580 -23.724869 1.585967 10.107100 -49.442200 32.155685 -3.506335 2.487959 -21.179411 4.424177 -26.583279
-19.225542 -1.857058 6.502678 -35.383526 27.116011 4.732169 11.160584 -32.501038 19.770365 -28.756378 -17.829306 0.233078 28.301445 -31.870975 31.372688 9.878705 4.831392 -41.274940 13.238786 -10.575580 -23.724869 1.585967 10.107100 -49.442200 32.155685 -3.506335 2.487959 -21.179411 4.424177 -26.583279
-19.225506 -1.856602 6.503815 -35.383472 27.115248 4.734046 11.161169 -32.501236 19.772135 -28.756134 -17.829973 0.234970 28.300053 -31.871994 31.371359 9.878734 4.831431 -41.275288 13.239313 -10.575355 -23.725887 1.585652 10.107526 -49.441460 32.155376 -3.505826 2.488581 -21.180578 4.425976 -26.583218
-19.226328 -1.857555 6.503712 -35.383953 27.114710 4.734203 11.161497 -32.502251 19.771646 -28.756243 -17.830357 0.235225 28.300066 -31.872110 31.370874 9.878586 4.831930 -41.276493 13.239760 -10.575315 -23.726820 1.584544 10.108159 -49.441597 32.156071 -3.506543 2.487636 -21.180716 4.423976 -26.581852
-19.226328 -1.857555 6.503712 -35.383953 27.114710 4.734203 11.161497 -32.502251 19.771646 -28.756243 -17.830357 0.235225 28.300066 -31.872110 31.370874 9.878586 4.831930 -41.276493 13.239760 -10.575315 -23.726820 1.584544 10.108159 -49.441597 32.156071 -3.506543 2.487636 -21.180716 4.423976 -26.581852
-19.226656 -1.857704 6.502706 -35.383450 27.114641 4.733394 11.161849 -32.502647 19.772434 -28.756762 -17.829821 0.235763 28.300760 -31.871700 31.370461 9.878994 4.832434 -41.277260 13.240533 -10.576128 -23.725761 1.586350 10.108028 -49.442341 32.155376 -3.506586 2.487325 -21.181311 4.424325 -26.584251
-19.226656 -1.857704 6.502706 -35.383450 27.114641 4.733394 11.161849 -32.502647 19.772434 -28.756762 -17.829821 0.235763 28.300760 -31.871700 31.370461 9.878994 4.832434 -41.277260 13.240533 -10.576128 -23.725761 1.586350 10.108028 -49.442341 32.155376 -3.506586 2.487325 -21.181311 4.424325 -26.584251
-19.226656 -1.857704 6.502706 -35.383450 27.114641 4.733394 11.161849 -32.502647 19.772434 -28.756762 -17.829821 0.235763 28.300760 -31.871700 31.370461 9.878994 4.832434 -41.277260 13.240533 -10.576128 -23.725761 1.586350 10.108028 -49.442341 32.155376 -3.506586 2.487325 -21.181311 4.424325 -26.584251
-19.226141 -1.855717 6.503104 -35.384243 27.113707 4.734982 11.161168 -32.502968 19.772650 -28.756601 -17.830139 0.235908 28.300076 -31.871954 31.369806 9.878632 4.832083 -41.278049 13.239733 -10.575297 -23.725407 1.586795 10.108217 -49.442101 32.155415 -3.506204 2.487676 -21.181324 4.425163 -26.584906
-19.226141 -1.855717 6.503104 -35.384243 27.113707 4.734982 11.161168 -32.502968 19.772650 -28.756601 -17.830139 0.235908 28.300076 -31.871954 31.369806 9.878632 4.832083 -41.278049 13.239733 -10.575297 -23.725407 1.586795 10.108217 -49.442101 32.155415 -3.506204 2.487676 -21.181324 4.425163 -26.584906
-19.225109 -1.854434 6.504465 -35.384937 27.113190 4.736473 11.159513 -32.503033 19.771799 -28.755703 -17.830429 0.236249 28.299606 -31.872150 31.369818 9.879813 4.829981 -41.278023 13.238736 -10.573775 -23.726511 1.586379 10.108332 -49.441071 32.155434 -3.505575 2.488875 -21.182131 4.427169 -26.583035
-23.974924 -12.213954 10.652441 -36.892593 23.882381 -4.321688 6.833230 -32.248245 25.896646 -19.550625 -16.504812 2.510857 27.252977 -28.874891 36.457188 10.809424 6.525516 -38.014084 13.034789 -13.823070 -24.465309 -2.577719 17.590141 -50.824551 30.664139 -5.922712 -1.664614 -21.089880 7.008080 -18.351471
-23.974924 -12.213954 10.652441 -36.892593 23.882381 -4.321688 6.833230 -32.248245 25.896646 -19.550625 -16.504812 2.510857 27.252977 -28.874891 36.457188 10.809424 6.525516 -38.014084 13.034789 -13.823070 -24.465309 -2.577719 17.590141 -50.824551 30.664139 -5.922712 -1.664614 -21.089880 7.008080 -18.351471
-23.974924 -12.213954 10.652441 -36.892593 23.882381 -4.321688 6.833230 -32.248245 25.896646 -19.550625 -16.504812 2.510857 27.252977 -28.874891 36.457188 10.809424 6.525516 -38.014084 13.034789 -13.823070 -24.465309 -2.577719 17.590141 -50.824551 30.664139 -5.922712 -1.664614 -21.089880 7.008080 -18.351471
-23.974924 -12.213954 10.652441 -36.892593 23.882381 -4.321688 6.833230 -32.248245 25.896646 -19.550625 -16.504812 2.510857 27.252977 -28.874891 36.457188 10.809424 6.525516 -38.014084 13.034789 -13.823070 -24.465309 -2.577719 17.590141 -50.824551 30.664139 -5.922712 -1.664614 -21.089880 7.008080 -18.351471
-23.974924 -12.213954 10.652441 -36.892593 23.882381 -4.321688 6.833230 -32.248245 25.896646 -19.550625 -16.504812 2.510857 27.252977 -28.874891 36.457188 10.809424 6.525516 -38.014084 13.034789 -13.823070 -24.465309 -2.577719 17.590141 -50.824551 30.664139 -5.922712 -1.664614 -21.089880 7.008080 -18.351471
-25.158991 -13.858568 10.471662 -37.119953 23.462595 -4.073509 7.995599 -32.968010 25.364441 -18.539694 -17.614902 1.699762 26.481470 -30.017258 35.298729 11.677230 8.119609 -39.265240 11.387530 -13.727318 -25.309288 -3.878028 16.436487 -51.314747 31.561563 -7.239189 -2.700242 -21.089993 4.435892 -18.114525
-25.168001 -14.002918 10.463054 -36.730007 23.708126 -3.854845 8.375522 -32.997749 25.229036 -18.502199 -17.553581 1.627013 26.522661 -30.154432 35.153385 11.634356 8.416769 -38.971592 11.556350 -13.816236 -25.259129 -3.869901 16.531729 -51.165936 31.808741 -7.184661 -2.826412 -21.264685 4.290596 -18.118738
-25.043976 -13.900035 10.466576 -36.837139 23.632000 -3.832679 8.183514 -33.077595 25.063486 -18.553194 -17.639482 1.563409 26.623394 -30.243269 35.074535 11.604362 8.454398 -39.023151 11.485179 -13.694614 -25.250862 -3.728293 16.408783 -51.155106 31.776546 -7.285232 -2.861936 -21.177582 4.573215 -18.107571
-25.019381 -13.883977 10.559115 -36.815418 23.597479 -3.756159 8.194338 -33.145588 25.082472 -18.484560 -17.654276 1.574284 26.651388 -30.214817 35.037197 11.670571 8.458821 -39.090122 11.532435 -13.659747 -25.294737 -3.811261 16.399246 -51.162045 31.750839 -7.303755 -2.863342 -21.184052 4.507025 -17.997673
-25.014471 -13.888507 10.583427 -36.816479 23.591599 -3.752036 8.191336 -33.158798 25.085623 -18.471392 -17.655033 1.581043 26.648197 -30.211697 35.028053 11.682065 8.461714 -39.093052 11.542914 -13.654707 -25.313528 -3.842099 16.394354 -51.159184 31.744343 -7.297271 -2.861751 -21.182110 4.490601 -17.951277
-25.012671 -13.886535 10.584295 -36.819374 23.589222 -3.751409 8.190426 -33.160969 25.081532 -18.471941 -17.654001 1.582199 26.646923 -30.211201 35.027988 11.682647 8.462113 -39.091713 11.542894 -13.655048 -25.311588 -3.840031 16.393421 -51.158791 31.743624 -7.296579 -2.860835 -21.183443 4.491214 -17.954243
-25.014580 -13.885158 10.579754 -36.824806 23.587004 -3.753129 8.189390 -33.153355 25.089449 -18.474310 -17.654510 1.580807 26.646624 -30.213789 35.030487 11.677814 8.468033 -39.084030 11.545999 -13.657754 -25.311920 -3.843391 16.393387 -51.154472 31.745245 -7.296404 -2.860221 -21.181555 4.505408 -17.959370
-25.015793 -13.889205 10.582190 -36.828022 23.583500 -3.757342 8.179625 -33.149746 25.101440 -18.473986 -17.653852 1.577253 26.646967 -30.218081 35.021702 11.679054 8.464803 -39.085243 11.545226 -13.655063 -25.318007 -3.846642 16.389458 -51.158848 31.739624 -7.299532 -2.860471 -21.175560 4.508856 -17.953773
-25.015951 -13.889322 10.581861 -36.828159 23.583694 -3.757619 8.179941 -33.149212 25.101265 -18.474144 -17.654062 1.577881 26.646303 -30.218271 35.021156 11.679699 8.464164 -39.085476 11.545239 -13.654827 -25.317869 -3.846220 16.389498 -51.158894 31.739218 -7.299318 -2.860137 -21.175728 4.509392 -17.954033
-25.014479 -13.882510 10.584535 -36.801407 23.594210 -3.756092 8.188900 -33.139248 25.155272 -18.470772 -17.651300 1.592733 26.652582 -30.210894 35.018433 11.714240 8.481976 -39.060944 11.590726 -13.657754 -25.322569 -3.855534 16.383411 -51.158829 31.742880 -7.302168 -2.878305 -21.179756 4.484603 -17.922932
-25.017128 -13.885369 10.574911 -36.806427 23.593470 -3.760571 8.185815 -33.136978 25.144003 -18.470980 -17.652388 1.596675 26.646364 -30.214941 35.021141 11.703290 8.473217 -39.063313 11.576138 -13.659461 -25.322248 -3.841516 16.380907 -51.164204 31.738556 -7.302586 -2.867127 -21.178120 4.506114 -17.948154
-25.016068 -13.883018 10.576833 -36.808670 23.591833 -3.757826 8.182803 -33.136391 25.144831 -18.470518 -17.652256 1.597247 26.645428 -30.214989 35.020798 11.704916 8.471005 -39.063103 11.575833 -13.658069 -25.321188 -3.840913 16.379827 -51.164474 31.739080 -7.304352 -2.865224 -21.176291 4.510215 -17.953327
-25.015535 -13.883882 10.576408 -36.808670 23.592310 -3.757802 8.183620 -33.134674 25.145761 -18.471621 -17.650610 1.598437 26.646183 -30.214525 35.020725 11.705521 8.471417 -39.063946 11.576296 -13.659553 -25.320177 -3.839817 16.380171 -51.164974 31.739296 -7.303887 -2.865124 -21.176651 4.509639 -17.954235
-25.015484 -13.885178 10.576324 -36.805187 23.594629 -3.754502 8.183536 -33.132629 25.149576 -18.471510 -17.650236 1.597942 26.646364 -30.213903 35.020840 11.706469 8.470770 -39.063263 11.575740 -13.658784 -25.319635 -3.839730 16.379320 -51.164242 31.739115 -7.303580 -2.864346 -21.176908 4.509979 -17.955738
-25.015854 -13.885783 10.576371 -36.805000 23.594870 -3.754447 8.183742 -33.132732 25.149080 -18.471102 -17.650270 1.597273 26.646770 -30.215055 35.019184 11.706598 8.470375 -39.063328 11.577277 -13.659299 -25.319695 -3.839883 16.379683 -51.163685 31.739672 -7.303036 -2.865310 -21.177349 4.508945 -17.954279
-25.012014 -13.879701 10.581858 -36.798813 23.593998 -3.755605 8.183475 -33.139587 25.155317 -18.468884 -17.650229 1.602636 26.646387 -30.217037 35.017887 11.708751 8.476559 -39.057598 11.584032 -13.661510 -25.324297 -3.849847 16.381584 -51.159260 31.739620 -7.300295 -2.866180 -21.179449 4.502112 -17.936623
-25.016224 -13.882803 10.571565 -36.794750 23.599413 -3.759879 8.182091 -33.133991 25.158072 -18.470697 -17.649652 1.604552 26.645519 -30.216597 35.018436 11.709226 8.472676 -39.057934 11.582683 -13.661119 -25.325483 -3.849690 16.380154 -51.160202 31.738354 -7.302485 -2.868215 -21.181210 4.497627 -17.930479
-25.013655 -13.880424 10.577463 -36.795914 23.597675 -3.758524 8.181763 -33.136829 25.156740 -18.469446 -17.649775 1.601814 26.646978 -30.217285 35.018841 11.710218 8.474718 -39.057301 11.582316 -13.661125 -25.325668 -3.849271 16.382113 -51.160690 31.737692 -7.301529 -2.868228 -21.181334 4.496317 -17.928553
-25.013041 -13.882892 10.580235 -36.807407 23.591135 -3.760669 8.181744 -33.141171 25.141558 -18.468119 -17.651894 1.593780 26.648500 -30.216093 35.019844 11.701594 8.481886 -39.058796 11.581128 -13.662754 -25.324175 -3.845183 16.380539 -51.158470 31.739029 -7.297904 -2.862660 -21.181839 4.512359 -17.945301
-25.013153 -13.882144 10.579917 -36.809052 23.590010 -3.761183 8.181472 -33.142559 25.140043 -18.468637 -17.652168 1.593118 26.648684 -30.215908 35.019913 11.701145 8.482354 -39.059536 11.581006 -13.662755 -25.324339 -3.845497 16.380594 -51.158543 31.739056 -7.297970 -2.862872 -21.181810 4.511890 -17.945091
-25.013090 -13.882190 10.580170 -36.807587 23.590775 -3.760603 8.181983 -33.141491 25.141443 -18.467609 -17.652378 1.593539 26.648157 -30.216141 35.019619 11.702250 8.481936 -39.058872 11.581740 -13.662392 -25.323717 -3.844139 16.381132 -51.158005 31.738699 -7.297055 -2.861899 -21.181929 4.513729 -17.945442
