-28.421181 5.685297 6.915843 -34.680649 41.409534 -19.198622 6.139640 -18.270964 12.052974 -5.690624 -24.959967 14.467557 10.949492 -39.813110 43.575310 -7.772728 6.861488 -19.712204 -6.196707 1.224549 -28.043507 6.519304 13.321855 -27.004959 44.809429 -1.399184 23.980824 -23.664478 8.653359 -2.224502
-28.377516 6.172774 6.543724 -34.640675 41.103275 -19.354525 6.187502 -18.372255 11.940677 -5.258932 -25.059525 14.722737 10.624974 -39.896389 43.302143 -8.026642 7.307557 -19.715845 -6.248842 1.625781 -28.072958 6.546862 12.942045 -27.114071 44.505985 -1.758389 24.305351 -23.680109 8.685933 -1.889123
-28.210934 6.998669 5.894423 -34.423901 40.737049 -19.496748 6.285532 -18.324295 11.777517 -4.364163 -25.186106 15.182453 9.967546 -39.946728 42.855507 -8.447354 7.935122 -19.661100 -6.280242 2.404142 -28.336084 6.687572 12.021189 -27.090134 44.169003 -2.439362 24.839928 -23.536123 8.935692 -1.096046
-27.950436 8.015903 4.911906 -34.414158 40.162403 -19.655790 6.518918 -18.278963 11.556030 -3.277277 -25.010735 15.604541 9.051429 -39.899891 42.215004 -8.848234 8.597165 -19.591352 -6.375321 3.261055 -28.328386 6.608104 10.879304 -27.147943 43.534195 -3.099085 25.449102 -23.402887 9.213519 -0.453714
-27.733488 9.071068 4.339272 -34.311176 39.948814 -19.887108 7.062671 -17.915405 11.359339 -2.028664 -25.074469 16.194998 8.116558 -39.832989 41.700062 -9.340120 9.210979 -19.371180 -6.478950 4.580841 -28.371647 6.731849 9.772727 -26.993031 43.176579 -3.899820 26.060627 -23.170258 9.441045 0.477913
-27.200462 10.144293 3.670781 -34.344803 39.656609 -20.152166 7.664393 -17.309399 11.255299 -0.603655 -24.823051 16.812935 7.030160 -39.634464 41.124176 -9.947737 9.856710 -19.149153 -6.555586 5.952505 -28.235668 6.950588 8.508344 -26.752357 42.599911 -4.587842 26.561579 -22.815973 9.580657 1.735757
-26.938637 11.128804 2.949080 -34.456619 39.211811 -20.457619 8.241035 -16.780899 11.370027 0.618752 -24.503147 17.331320 5.623806 -39.477768 40.342186 -10.514180 10.651096 -18.756767 -6.488157 7.159412 -27.979698 7.048503 7.153507 -26.489573 41.962944 -5.361421 27.143538 -22.422905 9.674500 3.016046
-26.130463 11.944234 2.227787 -34.356159 38.487507 -20.917356 8.690256 -16.508221 11.346616 1.511407 -24.019266 17.810570 4.565114 -39.418823 39.516243 -10.962676 11.266599 -18.528877 -6.441144 8.018927 -27.447624 7.381715 6.034257 -26.258101 41.328026 -5.822152 27.547464 -21.982365 9.964826 3.992278
-25.467781 12.928957 1.388624 -34.155331 37.765423 -21.302975 9.167718 -15.974851 11.454508 2.733595 -23.243591 18.180965 3.523807 -39.358448 38.733517 -11.205557 11.936906 -18.346548 -6.658991 8.670947 -26.839556 7.815666 5.017010 -25.959961 40.695938 -6.245729 28.009800 -21.586899 10.213847 5.020176
-24.992874 13.900771 0.062644 -33.865013 37.019600 -21.335358 9.515805 -15.117432 11.835902 4.051726 -22.381458 18.524912 2.107484 -39.280663 37.712040 -11.408381 12.830923 -18.006201 -6.820593 9.428556 -25.923763 8.054631 3.631288 -25.530846 39.802734 -6.569836 28.409031 -21.047918 10.478752 6.190810
-24.567554 14.618354 -1.328293 -33.534637 36.572418 -21.242050 10.024725 -14.167043 12.199707 5.338068 -21.661554 18.769478 0.882957 -39.173065 36.841438 -11.776978 13.711522 -17.764183 -6.775563 10.062701 -24.963854 8.152452 2.145987 -25.120741 38.793743 -6.955812 28.841440 -20.609709 10.749701 7.270669
-23.624483 15.179296 -2.265704 -33.068520 36.139908 -21.187798 10.233533 -13.374537 12.450369 6.092025 -20.632196 18.948538 -0.359112 -38.984024 35.720123 -12.144007 14.517545 -17.576847 -6.835501 10.605067 -23.664598 8.298678 1.151547 -24.554054 37.826057 -7.281047 29.082453 -20.200323 10.923045 8.192977
-22.556381 15.898315 -3.377905 -32.549461 35.611500 -21.344994 10.775766 -12.516536 12.607616 7.467077 -19.959579 19.203911 -1.441213 -38.880211 34.952053 -12.727187 15.589125 -17.017216 -6.765984 11.567245 -22.499985 8.431518 0.103856 -24.139137 37.032711 -7.828450 29.600519 -19.818260 11.153996 8.983731
-21.686989 16.639427 -4.566155 -32.121319 35.013638 -21.599674 11.424610 -11.750850 12.893713 8.785092 -19.247969 19.503031 -2.582680 -38.850822 34.061493 -13.285446 16.609819 -16.496746 -6.761714 12.572930 -21.665091 8.436689 -1.241620 -23.839256 36.015404 -8.382541 30.058178 -19.585079 11.488263 9.777050
-20.755749 17.153465 -5.653678 -31.785789 34.295380 -21.813997 11.915743 -11.173176 13.056539 9.743520 -18.213217 19.542374 -3.987564 -38.657333 32.953911 -13.944697 17.707237 -15.929307 -6.710021 13.521558 -20.607588 8.224801 -2.202902 -23.519039 35.156231 -8.604454 30.384413 -19.328323 11.565301 10.255233
-19.800690 17.491430 -6.584357 -31.299030 33.774204 -21.947647 12.232273 -10.561337 13.240515 10.653860 -17.264236 19.559044 -5.282515 -38.444729 32.098488 -14.472401 18.579729 -15.243277 -6.575718 14.452535 -19.877546 8.235341 -3.246685 -23.205795 34.346550 -8.821403 30.670578 -19.004078 11.814475 10.917287
-18.990862 17.855127 -7.235871 -31.007114 33.383522 -22.080406 12.524178 -10.042559 13.361080 11.453820 -16.442146 19.556505 -6.491037 -38.231930 31.293070 -14.940104 19.316441 -14.632705 -6.382856 15.268394 -19.299101 8.276857 -4.275515 -23.007105 33.556549 -9.134715 31.076023 -18.644768 12.014870 11.876026
-18.431192 18.130625 -7.729642 -30.756241 33.030300 -22.291924 12.767000 -9.693682 13.487003 12.079507 -15.863595 19.531208 -7.270792 -38.022953 30.848963 -15.255473 19.780462 -14.162395 -6.265297 15.858532 -18.814445 8.487193 -4.873156 -22.782507 33.075344 -9.441148 31.338980 -18.482470 12.135082 12.619744
-18.059214 18.128340 -8.156703 -30.630297 32.711987 -22.361721 12.875527 -9.529959 13.537754 12.289913 -15.469503 19.493835 -7.641675 -37.939556 30.545649 -15.397748 19.996225 -13.985941 -6.201790 16.065519 -18.551714 8.480795 -5.289628 -22.704714 32.747360 -9.570233 31.472397 -18.400562 12.229741 12.939235
-18.001163 18.234167 -8.170895 -30.622950 32.706791 -22.394436 12.946646 -9.449700 13.525930 12.438697 -15.450935 19.498529 -7.792998 -37.905899 30.524416 -15.453143 20.086025 -13.855786 -6.158496 16.239412 -18.542856 8.523928 -5.513645 -22.676388 32.644810 -9.668901 31.599661 -18.284786 12.312960 13.128972
-18.180611 18.133913 -8.808032 -30.646070 32.378231 -22.450766 13.100333 -9.511621 13.657694 12.459427 -15.445897 19.489008 -8.277338 -37.973103 30.144871 -15.645186 20.353300 -14.156943 -6.094798 16.140139 -18.460423 8.429756 -5.844910 -22.792974 32.193554 -9.771056 31.721518 -18.583271 12.290936 13.243638
-18.734938 17.886301 -10.807211 -30.642933 31.481327 -22.585478 13.430127 -9.652466 14.215380 12.529311 -15.185976 19.386051 -9.866020 -37.971035 28.950459 -16.169043 21.019081 -15.022000 -5.735333 15.543026 -18.088133 7.929024 -6.998623 -22.989323 30.902830 -9.761686 31.771301 -19.479530 12.173851 13.497893
-19.755091 17.377686 -14.279642 -30.566612 30.117956 -22.303192 13.581601 -9.723741 14.997606 12.835038 -15.264322 19.026609 -13.067427 -37.947933 27.122192 -16.520983 21.521439 -16.180849 -4.925981 14.639255 -18.306383 6.940592 -9.368011 -23.457195 28.858429 -9.377066 31.630190 -20.857210 12.265939 13.833020
-20.904049 16.327303 -18.284985 -30.403521 28.672722 -21.791616 13.242773 -9.928440 16.098166 12.445080 -15.653865 18.679138 -16.272764 -38.020027 25.476685 -16.620502 21.477947 -18.007904 -3.867541 12.760036 -18.968946 5.741170 -11.917786 -24.119762 26.692244 -8.206201 30.780369 -22.817928 12.233188 14.077735
-21.340137 14.529992 -23.764090 -29.670063 27.011978 -20.299978 11.871825 -9.347163 17.286873 12.378972 -15.059298 17.891855 -21.188477 -37.495750 23.330658 -15.964549 20.676226 -19.585640 -2.373866 10.163337 -19.078821 3.305530 -15.923281 -24.524033 23.577471 -5.998771 29.203630 -24.509003 12.590217 14.036389
-21.800720 12.676337 -28.984549 -28.832678 25.592085 -17.919146 9.222904 -9.252419 17.750040 12.604805 -14.250546 16.750860 -25.377760 -36.314068 22.438360 -15.006563 18.653355 -20.752840 -0.362010 7.647802 -17.989708 0.746530 -20.035097 -24.183563 20.278963 -3.125583 26.611311 -26.460009 13.381517 13.036300
-19.962292 10.176101 -33.700108 -28.117470 23.130592 -14.583528 4.061596 -10.364097 17.340103 11.090169 -12.513055 14.124722 -30.568079 -33.581635 22.020027 -14.006445 15.607387 -20.829475 2.422298 6.075954 -17.481068 -0.871564 -24.635618 -22.961893 17.815310 0.730408 22.549856 -26.832983 15.529202 12.456613
-18.022869 7.790846 -37.222927 -24.833027 22.928635 -11.150441 -1.545660 -12.308968 16.483545 10.936749 -10.473775 12.105874 -34.609474 -31.633793 21.822159 -13.114710 12.553932 -19.066877 6.836517 3.858816 -17.238640 -0.195495 -27.411533 -21.874866 16.629810 4.643675 17.513401 -26.350111 19.161438 11.631431
-14.905496 4.306448 -38.899460 -19.122944 25.528917 -6.924122 -6.893327 -14.469063 14.801445 10.096999 -8.402708 10.016806 -39.228191 -30.089758 21.181749 -10.886503 8.013200 -17.652233 11.496893 1.017246 -15.146910 -0.693274 -29.439087 -20.097012 15.875237 9.039680 12.234921 -25.863409 22.678360 9.126654
-10.602029 1.939964 -40.500065 -15.480267 26.200598 -3.133698 -12.584408 -16.199492 13.551311 7.966877 -5.352617 5.974535 -42.920418 -27.431652 21.488947 -8.925301 4.030097 -15.799404 14.689273 -1.610607 -11.210326 -1.891638 -30.332184 -17.316017 15.514624 13.426655 6.767118 -26.438370 24.720985 5.785561
-5.787760 0.297908 -40.807693 -12.581644 27.014608 0.142569 -16.773857 -17.793865 11.415993 5.671147 -2.219481 0.046103 -44.169777 -24.406893 23.394512 -8.043735 1.985304 -14.912195 15.924019 -5.256125 -5.159592 -3.124851 -29.565865 -13.588479 16.922470 15.236333 3.014868 -27.542633 25.722477 1.648306
0.759972 -2.174988 -40.217266 -10.967546 27.364161 4.142540 -19.751095 -18.709965 7.852462 1.602106 1.353261 -5.435855 -43.641636 -21.880713 25.668451 -6.264248 1.344750 -13.463466 15.176556 -9.806909 1.359140 -5.645329 -28.915657 -10.013556 18.000120 16.319387 1.361980 -28.630959 25.065510 -2.510051
5.881889 -3.403481 -39.775978 -10.453821 27.541948 7.609678 -20.786238 -18.354795 4.426013 -1.896360 4.059794 -10.387895 -43.427208 -18.955561 28.825186 -4.850240 1.204319 -11.416829 14.224425 -12.737864 6.882625 -8.570887 -27.811287 -6.247968 20.852257 16.937326 1.601726 -27.327143 23.986578 -8.064483
8.249148 -5.851085 -38.392586 -10.811341 28.171591 9.538419 -19.437746 -16.234339 3.374017 -5.253331 6.753105 -14.318201 -41.603352 -18.113880 30.400179 -4.002765 2.348109 -9.876218 12.598262 -15.775843 9.178239 -12.234609 -25.704069 -5.133157 22.897352 17.646633 2.113923 -25.657011 22.803539 -13.108130
9.731786 -8.962266 -36.779984 -11.769384 28.411070 9.762398 -16.719450 -13.831577 3.111899 -8.704049 9.445769 -17.113804 -39.951107 -17.865889 30.824310 -2.547756 2.824975 -8.506613 10.134587 -16.852699 10.848258 -15.173543 -23.218178 -3.919709 25.138893 18.215738 2.340184 -23.878345 21.881405 -16.278427
11.669079 -11.115463 -34.981503 -12.025517 29.140554 10.257022 -15.087264 -11.998436 3.003779 -11.903049 11.315349 -18.317900 -37.387062 -18.416439 31.173990 -0.344269 2.741446 -7.641079 7.152817 -17.620028 11.798646 -16.620064 -21.392199 -3.084176 27.504246 18.810747 2.772098 -21.800491 21.519333 -18.918039
13.151538 -12.212662 -34.498692 -12.765067 28.621317 10.686451 -13.839379 -10.864529 1.808701 -13.233159 12.708712 -19.732428 -35.317802 -18.981777 31.301060 1.423705 2.933423 -6.520123 4.892684 -17.932989 12.932104 -17.893427 -19.915030 -3.447308 27.964222 19.318140 3.246589 -20.168051 21.238186 -20.170044
13.535767 -12.978500 -34.049919 -13.254935 28.336256 10.724099 -13.171270 -10.394367 1.585974 -13.922186 13.074495 -20.392477 -34.467361 -19.841560 31.081827 2.540823 3.032287 -5.451013 3.765051 -17.480232 13.573661 -18.710804 -19.109856 -3.892272 27.900349 19.729811 3.526329 -18.620825 21.129078 -20.332325
13.000401 -13.501807 -34.060219 -14.019978 27.826166 10.531288 -12.191881 -10.061361 1.338803 -13.958785 13.024216 -20.902039 -33.418228 -20.766417 31.262669 3.459620 3.119667 -4.581856 3.077260 -17.747320 13.796829 -19.119873 -18.358868 -4.526080 27.908514 19.497263 4.313882 -17.417505 21.105213 -20.411861
12.904423 -13.697310 -33.774689 -14.294777 27.752882 10.383803 -11.932528 -9.885013 1.273854 -14.089799 13.090432 -21.103218 -32.972370 -20.956968 31.453999 3.711681 3.122072 -4.393467 2.839015 -17.911116 13.912080 -19.202929 -18.157507 -4.640012 27.971151 19.364313 4.643277 -16.916489 21.101357 -20.418930
12.785165 -13.756106 -33.643219 -14.284027 27.884848 10.385416 -11.941428 -9.985046 1.194717 -14.130216 12.997276 -21.170464 -32.882183 -20.975428 31.517277 3.748981 3.116065 -4.422372 2.747093 -17.904280 13.863529 -19.220219 -18.057468 -4.675407 28.054413 19.393524 4.655743 -16.931381 20.996000 -20.462713
12.694382 -13.775023 -33.783081 -14.266479 27.942213 10.452746 -12.009131 -10.192574 1.067040 -14.109590 12.901212 -21.198647 -32.957115 -21.002644 31.536533 3.935872 3.010470 -4.579853 2.529873 -17.910925 13.707017 -19.179472 -18.229576 -4.696047 28.059992 19.655254 4.561305 -17.050314 20.896936 -20.430740
12.455005 -14.048243 -33.598503 -14.105939 28.327078 10.584375 -12.074849 -10.548925 0.755709 -14.209968 12.507970 -21.249165 -32.748024 -21.038141 31.801683 4.258918 2.764807 -4.823708 2.089863 -17.793407 13.404511 -19.040052 -18.254459 -4.728812 28.269033 19.965921 4.454803 -17.197104 20.620728 -20.278982
12.281741 -14.172343 -33.411457 -14.137509 28.553137 10.803954 -12.063750 -10.978218 0.263881 -14.438801 12.087898 -21.183239 -32.772808 -21.122843 31.907425 4.533204 2.598176 -4.984528 1.767482 -17.617323 13.059239 -18.832832 -18.303217 -4.601846 28.720224 20.291475 4.363484 -17.170980 20.401955 -20.232681
11.941273 -14.456985 -33.215504 -14.145086 28.912888 11.034486 -11.893264 -11.345400 -0.279773 -14.583020 11.661053 -21.121952 -32.488575 -21.296623 32.075855 4.852202 2.457365 -5.175523 1.294659 -17.562616 12.543188 -18.775702 -18.259197 -4.454108 29.327040 20.457443 4.517542 -16.982513 19.925575 -20.025497
11.039179 -14.860364 -32.956173 -14.166252 29.487305 11.344101 -11.886939 -11.635565 -0.776833 -14.381029 10.989225 -21.103888 -32.205418 -21.419832 32.494320 5.343974 2.161640 -5.235705 0.821542 -17.364756 11.806878 -18.721882 -18.517668 -4.093664 30.098377 20.519659 4.660524 -16.656841 19.628344 -19.642319
10.514854 -15.575002 -32.678356 -14.262973 29.861242 11.646127 -11.906131 -11.934516 -1.524694 -14.346303 10.530663 -20.997183 -32.071888 -21.458553 32.740211 5.881689 1.587575 -5.609045 0.240863 -17.286123 11.300888 -18.657171 -18.570950 -3.852226 30.607370 20.684166 4.658309 -16.621105 18.995869 -19.080494
9.408134 -16.497734 -31.957245 -14.472066 30.794056 12.125302 -11.783355 -12.082500 -2.129481 -14.195371 9.353475 -20.622551 -31.661255 -21.718229 33.582447 6.601140 1.157431 -5.462085 -0.434649 -16.708099 10.305998 -18.393150 -18.704323 -3.673990 31.428911 20.912453 4.759717 -16.284985 18.404005 -18.217402
8.340426 -17.352188 -31.308802 -14.633831 31.624836 12.530198 -11.878063 -12.449492 -2.670996 -14.297866 8.563668 -20.525009 -31.297192 -21.815933 34.275700 7.434358 0.365507 -5.540617 -1.104069 -16.370337 9.829995 -18.504900 -18.770473 -3.324601 32.318066 20.980888 4.855892 -15.975389 17.863556 -17.893755
6.667610 -17.946180 -30.848198 -15.032731 32.299145 12.903116 -11.874789 -12.338892 -2.889415 -13.921728 7.354817 -20.394085 -30.984821 -22.043655 34.802521 8.143521 -0.274308 -5.586339 -1.520211 -15.870362 8.728865 -18.336246 -19.067005 -3.152399 32.992764 20.959511 4.834548 -15.210074 17.793013 -17.027208
5.507906 -18.061026 -29.818657 -15.279966 33.128807 13.370947 -12.274459 -12.248482 -3.060242 -13.438311 5.926848 -20.238646 -30.677538 -22.294193 35.392040 8.892761 -0.926699 -5.455660 -1.952925 -15.001355 7.458765 -17.603437 -19.271959 -2.941234 33.894165 21.254351 4.440075 -14.460979 17.821150 -15.765130
4.339557 -18.038507 -29.245543 -16.015480 33.270981 13.900180 -12.640634 -12.214647 -3.494797 -12.734507 4.590778 -20.216820 -30.378305 -22.666157 36.023468 9.588668 -1.275766 -5.129318 -2.405809 -14.100620 6.077264 -17.391062 -19.558336 -2.854335 34.717991 20.946321 4.514971 -13.857474 17.886837 -14.772484
3.368388 -18.499531 -29.176737 -16.444929 33.327087 14.395467 -13.020159 -12.816319 -4.328175 -12.179652 3.607729 -20.132349 -30.388199 -22.954515 36.225220 10.304502 -1.577695 -5.352284 -2.809823 -13.697183 4.960657 -17.163202 -19.964365 -2.826310 35.221828 21.179604 4.589811 -13.455619 17.789465 -14.223190
2.244476 -18.429716 -28.500610 -17.176908 33.169449 14.453797 -13.195765 -13.253360 -5.018379 -10.985115 2.433484 -19.809429 -30.275745 -23.179630 36.191425 10.473567 -1.768543 -5.489686 -2.985945 -12.844058 3.876918 -16.714272 -19.713791 -2.884076 35.784794 20.869423 4.842148 -12.962366 17.799665 -13.437119
1.263534 -18.725142 -28.133434 -17.464464 33.433403 15.094299 -13.402993 -12.824175 -5.274779 -9.689429 1.457311 -19.495438 -30.883129 -23.309225 36.115051 10.767124 -2.000856 -5.444252 -2.960906 -11.961211 2.862324 -16.426247 -19.844526 -3.036675 36.217186 21.261448 4.737021 -12.287239 18.004860 -12.754584
0.727182 -19.063971 -27.384769 -17.546349 33.995350 15.676920 -13.746088 -12.284655 -5.403811 -8.957697 0.700118 -19.370409 -31.270748 -23.294174 36.229698 11.055486 -2.474898 -5.381225 -2.897969 -11.216397 2.331790 -16.141031 -19.654718 -3.278307 36.362640 21.792295 4.353216 -11.902419 18.016420 -12.174466
0.387158 -19.267014 -26.704350 -17.819748 34.167923 15.831491 -13.589602 -12.007063 -5.798193 -8.204803 0.214806 -19.197779 -31.283447 -23.371895 36.182339 11.115479 -2.651048 -5.459033 -3.031702 -10.575520 1.872846 -16.170149 -19.538008 -3.396821 36.622761 21.722513 4.238316 -11.744304 18.033146 -11.746665
0.187495 -19.373480 -26.217783 -17.970697 34.293617 15.904347 -13.597783 -11.805794 -5.960400 -7.574938 -0.303045 -19.091686 -31.329519 -23.499088 36.182770 11.161795 -2.577612 -5.281633 -2.951396 -10.004195 1.421167 -16.301237 -19.538351 -3.505330 36.741863 21.578537 4.102688 -11.716092 18.133232 -11.327373
0.119601 -19.435785 -25.927431 -17.872002 34.524212 15.865824 -13.603014 -11.725345 -6.004421 -7.033042 -0.657676 -18.855297 -31.484728 -23.612942 36.110981 11.203169 -2.565476 -5.208942 -2.964800 -9.493594 1.041812 -16.214914 -19.682909 -3.595640 36.726578 21.579578 4.038497 -11.725374 18.114120 -10.803587
-0.000120 -19.429342 -25.868326 -17.847404 34.605934 15.807734 -13.557120 -11.742799 -6.011743 -6.784139 -0.767040 -18.749823 -31.520102 -23.653406 36.047485 11.151079 -2.519575 -5.245832 -2.948559 -9.322165 0.915872 -16.184372 -19.750198 -3.613833 36.718105 21.522507 4.036703 -11.801326 18.124096 -10.610053
0.090229 -19.521851 -25.819534 -17.907562 34.577129 15.942090 -13.590522 -11.600328 -6.054794 -6.855619 -0.640065 -18.804068 -31.540955 -23.705278 35.983307 11.279759 -2.527025 -5.180570 -2.995736 -9.467961 0.945769 -16.222418 -19.743006 -3.700734 36.645084 21.661133 4.064744 -11.674602 18.099987 -10.715552
0.226371 -19.610231 -25.844320 -18.088192 34.378986 16.068338 -13.438978 -11.294636 -6.202131 -6.823259 -0.358443 -19.013966 -31.641628 -23.798147 35.807693 11.499431 -2.447803 -4.977613 -3.146769 -9.621189 1.063611 -16.344503 -19.740534 -3.921076 36.462189 21.954454 4.220723 -11.387828 17.989943 -10.949726
0.507539 -19.954805 -26.082790 -18.256649 34.023804 16.207191 -13.240713 -10.907250 -6.422872 -6.741539 0.204464 -19.315187 -32.023926 -23.884422 35.487518 11.905622 -2.390426 -4.607171 -3.308525 -9.974551 1.198155 -16.512461 -19.804913 -4.333693 35.968357 22.486679 4.500325 -10.989955 17.688715 -11.119229
1.021907 -20.276287 -26.418530 -18.305672 33.558086 16.253338 -12.908715 -10.591784 -6.821045 -6.362801 0.696837 -19.406597 -32.411804 -24.163465 35.113750 12.285994 -2.033983 -3.922178 -3.530352 -9.932553 1.163144 -16.684591 -19.978508 -4.802933 35.406624 22.996426 4.858153 -10.592430 17.298981 -11.001029
2.101839 -20.716223 -26.813829 -18.341351 32.885746 16.189415 -12.368480 -10.191748 -7.240139 -6.243515 1.462854 -19.608469 -32.677113 -24.519917 34.756325 12.916756 -1.690523 -3.125012 -3.954017 -9.983140 1.410349 -17.478220 -20.352858 -5.393077 34.607151 23.814480 5.264449 -9.987840 16.787090 -11.100687
3.271301 -21.195799 -26.926025 -18.355246 32.531334 16.468628 -11.873154 -9.153657 -7.434357 -6.183436 2.378767 -19.900398 -33.012474 -24.722372 34.441463 13.489766 -1.543464 -1.927592 -4.233579 -9.536191 1.976177 -18.590483 -20.588963 -6.218626 33.334457 24.706362 5.630929 -9.211752 16.187780 -10.948819
4.447386 -22.210173 -27.053493 -18.399216 32.010925 16.832848 -11.128383 -7.540758 -7.462522 -5.733240 3.245582 -20.421099 -33.668060 -25.073797 33.792019 13.919312 -0.917407 -0.451710 -4.367497 -9.097337 2.322792 -20.026443 -21.035618 -7.476715 31.684601 25.646879 6.287714 -8.117418 15.794425 -10.678699
6.309520 -22.953766 -27.277714 -18.320547 31.357073 16.895912 -9.887788 -5.574981 -7.302934 -5.206052 4.693012 -20.502220 -34.409969 -25.714476 32.521381 14.716510 -0.749722 1.153409 -4.617687 -8.550139 3.228933 -21.603483 -21.449224 -9.212471 29.211256 26.579418 6.917922 -6.978119 15.095088 -10.085886
7.959197 -23.610365 -27.549177 -18.559252 30.641802 17.317451 -8.627080 -3.103220 -6.753440 -4.650194 6.654563 -20.091400 -35.183979 -26.340324 30.790201 15.494234 -0.367544 2.886184 -4.451232 -8.101665 3.367300 -22.560047 -21.887978 -10.887524 27.184582 27.243784 7.966410 -5.169035 15.124535 -9.207099
9.489730 -23.936884 -27.602606 -19.252302 29.526314 17.398783 -7.371795 -0.699038 -5.942947 -4.380311 9.145232 -20.721304 -34.805817 -26.567722 29.354046 16.071733 -0.152133 4.526718 -4.459613 -8.140137 3.999248 -23.896578 -21.785639 -12.464370 24.983643 28.014935 8.341835 -3.643552 15.345468 -8.881440
10.486959 -23.538467 -27.885925 -19.836670 28.825968 17.516787 -6.479023 2.144213 -4.024053 -4.532890 11.478326 -20.444902 -35.258564 -26.813553 27.887255 16.706476 -0.434035 6.703588 -3.451574 -7.733806 4.506941 -24.885864 -21.347176 -14.099308 23.060638 28.448086 8.950244 -1.587851 16.039925 -8.825723
11.753873 -23.288181 -28.058058 -20.705200 27.132589 17.028774 -5.622891 5.012467 -2.088372 -4.466147 13.811012 -20.123421 -35.216213 -26.863346 26.760519 17.215242 -1.128870 9.425499 -1.961264 -7.299521 5.801913 -25.774326 -20.744364 -15.382672 20.927206 28.780914 9.140793 0.073911 16.564754 -8.557781
13.419473 -22.446035 -29.283937 -20.569811 25.658838 16.684317 -4.622396 7.898725 0.194635 -3.383207 16.501215 -19.230059 -35.267113 -27.181292 25.266680 16.894260 -1.061273 11.894275 -0.592028 -6.801146 6.955657 -26.132637 -20.976185 -15.874953 19.278879 28.925085 9.757770 2.373709 18.001955 -7.890304
14.991562 -23.292154 -29.934601 -21.407566 23.753281 16.392937 -2.891092 10.923747 1.530647 -2.705305 18.574022 -19.166592 -35.488907 -27.295319 23.857878 16.101152 -0.421472 14.131954 0.393221 -6.021935 8.467459 -26.958475 -20.863298 -16.272175 17.795065 28.998306 10.756554 5.259195 18.804913 -7.093574
16.528862 -23.943184 -30.450909 -23.416773 19.157034 14.369151 -1.567723 14.733818 5.966981 -1.579862 22.529657 -16.493017 -36.524239 -22.067890 27.476873 15.630794 1.945516 18.381790 2.239900 -5.654781 10.730104 -26.867613 -23.964729 -14.032240 17.892492 28.906065 14.357924 7.940227 15.419077 -5.240485
18.468058 -25.261204 -31.040304 -24.393553 16.755629 13.429973 -0.818712 18.611250 7.520571 0.976485 24.786861 -16.953632 -36.779774 -21.938774 26.348969 14.905798 3.761598 21.377182 3.078193 -4.417612 12.954374 -26.925814 -23.558622 -12.947407 17.935577 28.923958 14.621822 11.918995 16.263964 -2.956003
20.160749 -25.947601 -28.554060 -24.977757 16.412910 13.024443 -0.351934 22.808657 8.238808 4.442401 27.345150 -19.120981 -36.520538 -21.923561 25.229078 14.501703 5.244435 23.777340 2.268857 -2.616515 14.924836 -27.233009 -22.530365 -11.262833 19.111290 28.134323 14.551011 15.728213 16.744549 -0.179741
21.927876 -28.987329 -25.464375 -24.537674 16.682390 12.383374 0.501709 26.391193 8.634937 7.677899 30.770508 -21.831532 -35.068665 -21.788067 23.727493 14.437283 5.199936 25.374226 0.100468 -0.419729 17.407190 -29.338224 -21.539669 -9.608602 20.154865 26.943802 14.662269 19.368805 16.583979 2.459705
24.423622 -30.902048 -20.840853 -23.381575 17.867889 11.069982 1.384095 28.620422 7.857289 10.865364 34.276173 -23.410173 -31.650068 -21.792564 23.082169 15.571137 4.106520 26.611237 -2.764542 1.444145 20.897739 -31.557295 -18.806862 -7.309272 22.245552 24.539503 14.788342 22.077682 15.001165 4.656962
27.200499 -32.996487 -17.140266 -22.567829 19.330036 9.872464 2.736197 29.467440 4.097297 12.817216 36.051472 -25.637850 -28.290648 -22.753115 22.336214 17.555216 3.223102 26.230877 -9.465227 4.939150 24.309206 -34.170708 -15.735603 -4.462394 25.666176 22.703489 15.474257 23.436050 11.780408 5.985634
30.617374 -34.733547 -13.575994 -20.330492 20.367392 7.209881 5.333845 28.489016 2.418065 12.644927 39.116402 -24.837103 -23.257969 -23.016464 21.912008 18.971918 1.483825 26.700884 -12.946403 6.790370 28.176176 -33.718113 -12.473533 -2.751308 27.152014 20.633768 15.761997 24.741983 9.630697 7.413951
33.526051 -35.468624 -9.931715 -19.406324 20.518909 4.425802 7.215143 27.379511 1.842173 12.150209 42.150845 -23.307272 -19.010984 -22.961889 21.447441 19.454424 0.144060 26.338263 -15.489369 8.539682 31.659189 -31.963404 -9.100894 -1.987552 27.454704 19.830099 15.631640 25.849958 7.415714 9.473675
35.181370 -34.777287 -6.268380 -18.195347 21.294945 0.538632 10.166647 26.026268 1.616055 12.326230 43.811241 -20.313177 -13.445157 -23.206812 21.458984 18.439228 0.776305 26.249260 -17.508553 11.582925 33.590916 -29.021942 -6.246291 -1.014703 28.737122 17.094603 17.354210 26.298248 6.817684 10.661127
36.060966 -32.917362 -3.186418 -18.044563 22.049900 -2.688935 12.271412 25.031458 0.665819 12.486702 44.219219 -17.269085 -9.661073 -23.211983 21.369627 15.973990 2.679035 25.334211 -18.804245 14.126365 35.151501 -25.853691 -4.937420 -0.655872 29.711821 13.024134 19.901260 26.166929 6.005129 11.209726
36.843800 -29.290154 -1.239741 -17.870146 21.834627 -6.143314 14.160453 23.566484 0.119502 13.621486 44.532360 -14.190184 -5.559984 -22.576328 21.643335 13.094678 3.988649 23.638117 -19.548456 16.952198 36.381752 -20.711906 -3.843468 -2.362233 29.913849 9.216227 21.111412 26.398756 4.248949 11.778103
37.444248 -25.589245 0.544507 -17.622515 21.842827 -9.039762 16.100950 23.008089 -0.015147 15.371817 44.749760 -11.699662 -2.930236 -22.257011 20.844234 9.978757 6.712742 22.607027 -19.662481 20.073973 37.191936 -15.883132 -3.420659 -4.659030 28.954634 5.400261 22.393978 26.156012 2.701674 12.647166
38.240967 -21.749840 1.736716 -17.440866 21.385788 -11.943177 18.422729 22.432644 0.306491 16.473341 44.938171 -9.767037 -1.415429 -21.637131 19.892801 6.764883 9.484973 21.560307 -19.111904 22.829798 38.337658 -10.908422 -3.073725 -6.053782 27.183842 3.750907 22.820208 25.681618 1.470987 15.378388
37.503658 -17.767599 2.610431 -17.263422 20.926891 -15.336977 21.015966 20.959263 0.575510 18.295919 44.460995 -6.968341 0.458405 -21.836367 19.000202 3.236628 13.039525 20.325630 -19.172935 25.441332 38.322727 -6.729303 -1.149202 -7.372321 26.368071 1.064869 24.062853 24.275782 -0.677119 18.899731
37.314255 -14.989442 3.024906 -17.068895 19.654068 -18.288588 23.337324 18.556145 0.356433 20.042974 44.964287 -4.639425 1.639038 -21.676729 17.840162 -0.075579 15.515019 18.641460 -19.641941 27.528173 38.710369 -4.625732 0.823862 -8.276516 25.442186 -0.952624 24.376373 21.458086 -3.535819 22.064548
36.690563 -11.562572 2.796053 -17.195330 18.409378 -22.059336 25.904966 16.073467 0.240601 21.676811 45.072529 -1.017226 2.647012 -21.736446 16.453011 -3.577871 17.509531 16.414171 -20.039516 29.656336 38.156143 -2.923874 0.314899 -10.806316 22.340857 -4.485821 26.410320 17.832230 -5.706824 23.691391
35.844639 -7.794338 1.731401 -17.636076 16.811646 -25.284708 27.485245 13.724916 -0.071347 23.466589 45.098625 2.462396 3.602661 -21.218163 15.833993 -7.350104 18.760132 13.711448 -20.098684 30.691105 37.637421 -0.742116 0.978091 -12.905355 20.355801 -8.080954 28.797791 14.129704 -7.217855 24.818916
35.571434 -3.913346 0.035981 -18.220348 14.807754 -27.676737 28.084845 11.713407 -0.604881 25.292866 45.685101 5.701898 3.977563 -20.516500 14.990487 -10.889765 20.097832 11.117001 -19.704020 31.201218 36.451298 2.069445 0.483987 -14.165473 17.693684 -10.694732 31.456791 10.317204 -6.903510 26.963329
35.284534 -1.278018 -2.333527 -17.894522 13.381327 -30.136898 28.891499 9.996765 -0.182731 26.089005 45.430046 8.334531 4.088299 -20.554052 14.123481 -13.519380 22.020159 9.380607 -19.165997 31.583849 36.450108 5.076875 0.594874 -14.676184 16.003944 -12.243680 33.046368 7.510476 -5.844359 27.573467
34.574680 1.377052 -3.571505 -17.973955 12.378175 -31.984995 29.297483 7.996659 0.226031 26.448683 44.745716 10.300676 4.014953 -20.899017 13.520919 -15.957025 23.871609 7.748111 -18.835903 31.855717 35.963318 6.371377 0.170485 -13.895266 15.626750 -14.066169 34.489922 5.341312 -4.427819 28.397631
34.284939 3.349190 -4.728719 -17.953726 11.401401 -33.639439 29.622328 6.246575 0.367861 26.831408 43.577869 11.412205 4.330853 -21.019552 13.754298 -18.600307 25.802158 6.531876 -18.152943 32.165295 35.567379 7.603610 0.264653 -13.156833 15.462073 -15.843096 35.555038 3.108118 -3.512016 29.384096
34.055328 5.028711 -6.642288 -17.781479 10.326345 -34.897404 29.768839 4.826327 0.954379 26.836229 42.821178 12.667005 4.155948 -21.095163 13.458006 -20.955061 27.734203 5.545896 -17.585659 32.389545 34.952225 8.670075 -0.179911 -12.747705 14.870934 -16.674536 36.523731 1.394706 -2.379785 29.934174
33.693699 6.488252 -7.868839 -17.680939 9.654306 -36.066463 30.095331 3.486307 1.591780 26.544724 42.300632 13.797520 4.131693 -21.306974 13.160722 -22.554737 28.940569 4.667304 -17.157072 32.310978 34.315533 9.436994 -0.276224 -12.472083 14.926263 -17.837551 37.171028 -0.007806 -1.777618 30.173309
33.256493 7.673625 -8.800245 -17.519636 9.112343 -36.931713 30.072067 2.247268 2.069568 26.695927 41.427177 14.694518 3.910504 -21.462423 12.931431 -23.840239 29.869537 3.779895 -16.612110 32.321236 33.566883 9.907879 -0.524111 -12.142487 15.000614 -18.699247 37.667953 -1.118249 -1.046240 30.456804
33.075073 8.335202 -9.420328 -17.391745 8.734876 -37.487087 30.096952 1.521325 2.437789 26.631659 41.060001 15.266787 3.749251 -21.570471 12.667611 -24.630302 30.497419 3.190086 -16.251179 32.179333 33.161854 10.027973 -0.731174 -11.895648 14.866333 -19.135479 38.098568 -1.771527 -0.474676 30.638924
32.985363 8.517502 -9.549682 -17.334871 8.657354 -37.670441 30.036253 1.203945 2.529787 26.592733 40.978554 15.345681 3.819093 -21.530836 12.650036 -24.955639 30.729746 2.910991 -16.152285 32.055077 33.057251 10.020781 -0.783003 -11.828900 14.807363 -19.242090 38.235176 -2.018713 -0.366002 30.641840
