11.975181 17.669607 18.358345 -17.509800 36.202564 18.681566 -3.767660 13.359041 32.830444 26.899645 5.355662 15.924611 0.275713 -26.415232 35.514263 12.154193 -22.270323 21.895605 18.523487 26.466557 -0.199659 21.153795 5.395109 -14.930148 34.533001 30.251303 4.772147 11.801961 13.500795 27.295628
11.576000 17.441330 18.233568 -17.820545 36.021240 18.605612 -3.281464 13.220953 32.744484 26.591377 5.186032 15.545951 0.536572 -26.632162 35.474380 12.227598 -21.992310 21.662836 18.175613 26.287477 -0.397045 20.629751 5.455096 -15.028466 34.633598 30.022697 4.988892 11.676795 13.352984 26.938583
10.685253 16.797409 17.942837 -18.642853 35.525047 18.380016 -2.284518 12.898676 32.323376 25.931366 4.808556 14.669589 0.985977 -27.023586 35.417027 12.212057 -21.495945 21.264208 17.521358 26.110441 -0.826967 19.597795 5.574843 -14.997672 35.060284 29.558882 5.244617 11.525605 13.170308 26.431190
9.570434 15.628531 17.497850 -19.468981 35.144859 17.862398 -1.108147 12.526277 31.602610 25.091232 4.345442 13.538941 1.553549 -27.542765 35.238338 12.211031 -20.643108 20.536329 16.650131 25.641985 -1.375135 18.199348 5.596388 -14.893298 35.589859 28.850456 5.678861 11.287950 13.036681 25.594051
8.306250 14.049958 16.952679 -20.261309 34.772228 17.258289 0.318579 12.128293 30.923971 23.896708 3.675076 11.749335 2.518479 -28.025253 35.248447 11.986241 -19.806593 19.371134 15.192974 25.300161 -1.866971 16.408218 5.485720 -14.774414 36.308052 27.829258 5.943520 11.112292 12.596993 24.644266
7.569332 12.696204 16.667620 -20.977304 34.700115 16.803291 1.067652 11.775006 30.203577 22.603117 3.204939 10.405225 3.526462 -28.513792 35.431194 11.919037 -19.513355 18.307343 13.542417 24.793596 -2.217230 14.957406 5.387757 -14.874920 36.959503 26.963194 5.846704 10.864379 12.131711 23.435722
6.871845 11.764902 17.128679 -21.834604 35.139587 16.303925 1.746213 11.401031 29.270876 21.065346 2.653817 9.605882 4.593337 -29.081165 35.803181 12.021480 -19.144541 17.536917 12.049310 24.222538 -2.814013 14.119985 5.596805 -14.996211 37.919285 26.086094 5.776957 10.716705 11.853761 22.237074
6.377165 10.909118 17.652239 -22.713629 35.211487 16.088776 2.075788 10.532748 28.179092 19.494061 2.323867 9.174577 5.508642 -29.557039 36.306801 12.051745 -19.046980 16.494160 10.165539 23.733267 -3.219919 13.153735 6.122636 -15.253775 38.728027 25.579796 5.735152 10.419119 11.248504 20.848774
5.684043 9.864466 17.751303 -23.869013 35.363247 15.904023 2.898833 10.226295 27.023653 17.230375 2.108249 8.531208 6.553458 -29.642706 36.936790 12.055515 -18.814241 15.367745 8.681478 22.762602 -3.365259 12.015279 6.851380 -15.326619 40.089527 24.884136 5.259288 10.034312 10.450833 18.863617
5.058288 8.987134 17.763159 -24.833645 35.372608 15.323549 3.897576 9.362513 25.663788 15.090986 1.869391 7.883722 7.544418 -29.837622 37.519428 12.165740 -18.359957 14.374229 7.071158 21.624708 -3.663975 11.201917 7.501267 -15.348001 41.284508 24.062170 5.088273 9.616195 10.022845 17.098602
4.527764 8.555459 18.096342 -25.738228 35.410149 14.617209 4.732909 8.449841 24.227190 12.517521 1.801809 7.418453 8.422413 -30.080044 38.441307 12.546494 -18.286688 13.700474 5.386609 20.243212 -3.820367 10.054517 8.322340 -15.266606 42.369846 23.499636 4.853374 9.142689 9.418567 15.600850
4.435752 8.666781 18.858191 -26.643206 35.360191 14.140793 5.501469 7.184556 22.679773 9.872758 1.860293 6.780414 9.818827 -30.172533 39.328426 12.552455 -17.955898 12.663053 3.523656 18.929052 -3.631203 8.833035 9.368546 -15.193796 43.398148 22.738327 4.405815 8.519138 8.495083 14.077744
4.078513 8.244015 19.617537 -27.350029 35.648624 13.598223 6.556042 6.357042 21.354256 7.975036 1.676039 6.128854 11.360012 -30.612404 39.996563 12.297985 -17.679861 11.399357 1.554890 17.890863 -3.821848 7.687041 10.682073 -15.093594 44.975842 21.596230 4.058835 8.175313 7.548645 12.703420
4.058097 7.885610 20.495686 -28.405153 35.478939 13.479864 6.905940 5.641015 19.859461 6.299522 1.955829 5.161931 12.608714 -30.725246 40.729095 11.766495 -16.918736 10.390672 -0.272198 16.465109 -3.479511 6.718987 11.937532 -14.985996 46.166298 21.118128 3.660947 7.891383 6.628451 11.137530
4.285045 7.395717 21.689636 -28.890209 35.734592 13.345250 7.264143 5.057160 19.003576 4.802961 2.435286 4.654026 14.083014 -30.791195 41.398808 11.496467 -16.544815 9.515739 -1.598403 15.173051 -3.371393 5.970943 13.279350 -15.097234 47.314949 20.534058 3.368247 7.626163 5.808021 9.870105
4.454585 7.187771 22.541349 -29.242529 35.882484 12.984432 7.491377 4.258524 18.155214 3.699359 2.729589 4.324694 15.242052 -31.027189 41.683540 11.222600 -16.367062 8.718864 -2.615173 14.215300 -3.176852 5.273452 14.587492 -15.113119 48.203053 20.207739 3.158781 7.343532 5.145710 9.083894
4.651248 6.776130 23.228731 -29.485447 36.070919 13.089361 7.573768 3.551177 17.067900 2.932108 3.265054 4.264414 16.224314 -31.232231 42.030464 11.122242 -16.320810 8.156479 -3.529514 13.135472 -2.979378 4.416932 15.909963 -15.243908 48.802593 20.222393 2.969215 7.228587 4.460848 8.532502
4.892805 6.350266 23.549046 -29.511023 36.237659 12.923244 7.715045 3.370946 16.576357 2.323557 3.362338 4.001850 16.599520 -31.338654 42.338863 11.000458 -16.138891 7.907715 -4.070978 12.460977 -2.519703 3.853923 16.135599 -15.234185 48.964283 19.936041 2.909274 7.319748 4.148497 8.009951
4.913625 5.983315 23.580788 -29.650370 36.191738 12.974672 7.883346 3.394377 16.319220 2.082083 3.423084 3.823089 16.576422 -31.379070 42.406452 10.933955 -16.064035 7.765718 -4.289608 12.122133 -2.433789 3.475426 16.360817 -15.185453 49.197128 19.894459 2.871096 7.367047 4.039263 7.767985
4.935050 5.855490 23.663477 -29.762796 36.098457 13.016513 7.920519 3.278865 16.146635 1.945263 3.428190 3.708025 16.571657 -31.409504 42.443726 10.894344 -16.013510 7.671958 -4.420043 11.979537 -2.401517 3.284248 16.486895 -15.171934 49.290676 19.877026 2.855791 7.384911 4.009739 7.694078
4.422485 5.577600 23.492451 -30.044415 35.994076 12.678064 8.475702 3.517962 16.134840 2.086363 3.180426 3.076285 16.848604 -31.341770 42.646080 10.607174 -15.664896 8.036075 -4.053106 12.158115 -2.509347 3.139105 16.312067 -14.909094 49.645596 19.639456 2.815141 7.659139 4.025025 7.829499
3.213984 4.781281 23.486799 -31.040718 35.520786 11.843552 9.311238 3.959124 16.074190 2.561075 2.603028 1.534978 17.151752 -31.232252 43.074799 9.596853 -14.922998 9.085271 -3.288326 12.627467 -2.834800 2.704698 16.112965 -14.116629 50.709667 19.142509 3.132934 8.440589 4.135094 8.108658
1.878200 3.069752 23.795099 -31.589516 35.698021 10.907876 10.440810 5.019869 16.421972 3.743655 1.542902 -0.306509 17.079613 -31.255554 43.498882 8.380749 -14.118077 10.453362 -2.392065 13.730889 -3.154009 1.983678 15.940353 -12.930594 52.479698 17.922445 3.764338 9.587689 4.089151 8.350162
0.153845 -0.364169 24.473577 -31.841604 36.455822 9.669210 11.673152 7.254453 16.251522 6.183857 0.156175 -2.713009 17.133276 -31.384169 43.729530 7.053137 -13.373254 12.824818 -0.426600 15.724476 -3.781367 0.602085 15.317895 -11.803454 53.860714 16.318468 4.396709 11.562358 4.315424 9.855333
-1.258973 -4.473232 24.817076 -31.609068 37.627525 8.237071 13.513849 9.428182 14.804883 8.137576 -0.507460 -5.521654 16.980545 -31.274799 44.898018 6.453745 -13.317381 16.120554 0.073456 17.917454 -4.567170 -1.359002 13.712001 -11.162051 55.014973 13.584274 5.464563 14.081075 4.278094 11.509114
-1.868845 -8.298135 25.267845 -30.249294 38.339336 6.553788 15.035793 9.691703 12.826696 11.279243 -0.195595 -7.868060 17.585360 -29.907438 45.957706 5.586576 -13.009528 18.282158 -0.478318 21.174166 -4.694989 -4.448696 12.893843 -9.775504 56.489456 10.310552 7.155972 15.892859 3.760231 13.200362
-0.838721 -13.381833 26.663792 -28.186945 38.362362 5.287100 17.176823 9.536505 11.133476 14.932440 1.420285 -11.983049 18.630209 -28.553415 45.524448 3.520827 -11.250903 18.354286 -2.660226 23.520712 -4.009205 -8.638941 12.961740 -7.964678 57.056198 7.183414 10.590702 17.013786 2.576019 15.246186
0.667672 -16.679047 27.567093 -24.110918 38.951645 3.410595 18.088472 7.797602 11.167377 19.225672 3.599027 -14.124728 20.399166 -27.666733 43.841724 2.497865 -9.021299 16.932301 -5.538224 25.584799 -0.387830 -10.829350 12.930696 -6.828275 55.903549 3.511023 13.567253 17.547995 1.509573 15.011891
4.171424 -17.942402 27.976969 -20.490070 38.886299 0.617724 17.476145 6.772406 10.143008 22.503864 7.539541 -14.321736 21.866995 -27.293983 39.821049 0.787101 -5.248427 14.787501 -8.214299 27.429270 5.191277 -10.178999 12.738082 -7.783040 53.435593 1.551033 15.412984 18.698303 -0.242723 13.554135
8.784678 -18.369402 27.907354 -19.263754 37.132843 -2.499684 17.404392 5.663763 7.565974 23.110624 12.357260 -13.227266 24.040897 -29.485941 34.389305 2.351198 -2.594006 13.194008 -11.664405 28.580711 10.471053 -5.771139 12.339232 -11.188986 48.708702 1.060500 17.432163 19.658766 -2.924462 12.029424
13.919065 -14.395671 26.331551 -19.588362 34.035511 -6.539687 18.988005 5.855631 5.211781 22.472878 17.119307 -10.894688 25.995306 -31.403910 27.974178 3.066706 0.680627 10.593613 -13.481815 29.439011 13.266435 -0.793973 10.544520 -14.802155 43.367687 1.279852 19.054943 21.151569 -5.188831 14.315929
19.234035 -10.019931 25.501055 -20.413719 30.986570 -9.142352 21.616827 6.816725 4.800451 20.083963 21.972742 -6.201179 26.407288 -32.492336 21.147131 2.563099 3.555899 7.157394 -14.349931 31.434629 16.316113 2.843122 8.410137 -17.346207 37.944359 0.819781 20.924099 21.067881 -6.763873 17.918161
23.511921 -3.342248 23.201046 -21.082033 26.942123 -11.557154 23.270403 7.042722 4.899985 21.079201 24.971207 0.698111 24.913212 -33.731113 15.356630 2.724917 5.893047 6.556438 -12.710145 34.480167 17.966562 7.019197 5.245973 -20.244377 30.981026 0.344093 24.023228 20.025778 -6.016049 21.077076
24.307631 3.559928 17.645166 -22.365519 22.033279 -13.504436 25.742374 6.557715 7.502534 21.404886 26.210791 6.968826 22.572960 -34.407043 10.750238 2.555398 7.425170 5.984340 -9.700077 37.309746 18.385818 11.214027 2.309186 -22.642561 25.513433 -0.512774 25.992649 17.674154 -5.638347 25.325409
24.073605 8.582704 13.382013 -22.888470 19.702501 -15.110773 28.491827 8.080447 10.718400 22.599272 26.514322 12.086779 18.277163 -35.412281 6.031021 0.526568 10.667281 5.600453 -6.903795 39.793636 17.458506 15.469350 -0.897705 -23.581463 21.854151 -1.847311 27.575842 16.079411 -4.026231 28.841335
24.024845 11.556149 7.927036 -22.071114 18.044983 -16.927717 30.107655 9.878271 14.530947 23.330725 27.076735 14.301659 14.600082 -36.243553 3.611587 -1.317059 14.185375 7.160668 -4.297421 39.882851 17.407623 17.355257 -4.566231 -22.968843 19.220856 -3.334405 28.438463 14.231204 -1.825489 30.267349
24.135778 12.368064 2.641284 -21.207314 17.075037 -18.129030 31.136509 12.583693 17.289143 24.344069 26.878569 15.665825 10.378323 -36.126667 1.719424 -3.369709 16.358295 8.300952 -0.928247 40.513313 16.206507 18.477982 -8.289682 -22.835558 17.696737 -6.171628 31.002234 13.730637 1.064817 30.716291
23.079741 13.039580 -1.833026 -20.991087 15.574299 -19.115906 32.288200 13.556767 19.376734 25.177488 26.189596 16.735580 6.357787 -36.083878 0.555964 -4.902792 17.816772 9.613412 1.520218 41.553635 15.086628 19.021299 -11.900636 -22.577051 16.579199 -9.324594 32.858440 12.719482 3.039888 30.728283
22.913788 13.924660 -5.039553 -20.908867 14.160291 -20.022680 33.178768 14.109675 20.587215 25.038061 26.010557 17.116880 3.845419 -35.952190 -0.312204 -6.327058 18.737339 9.826768 2.975813 41.546165 14.600980 18.791590 -14.532088 -22.126102 15.872034 -11.262798 33.460739 12.091534 4.128283 30.788815
22.806438 14.126124 -6.344040 -21.042526 13.484065 -20.356148 33.611446 14.357460 20.864964 24.815273 25.908285 17.180172 2.933406 -36.095917 -0.724701 -6.853138 19.296347 9.927608 3.336176 41.500881 14.409760 18.498926 -15.511474 -22.071854 15.490490 -12.066523 33.845013 11.796536 4.399286 30.671412
22.909887 14.163949 -6.342356 -21.005657 13.467026 -20.372004 33.588879 14.351074 20.862267 24.918213 26.027468 17.131216 2.964380 -36.069149 -0.783371 -6.882135 19.373898 9.975819 3.277820 41.583878 14.555122 18.476940 -15.480219 -21.987354 15.553311 -12.107303 33.835617 11.827178 4.396622 30.695120
23.296911 14.137901 -6.218121 -20.845297 13.447733 -20.507193 33.571419 14.221813 20.989443 24.829660 26.242016 16.918236 3.095490 -35.919510 -0.787811 -6.985227 19.470078 9.989143 3.241356 41.624054 14.844348 18.410080 -15.468934 -21.881166 15.543743 -12.265333 33.954998 11.902825 4.427962 30.658472
23.919554 14.100396 -5.945029 -20.562338 13.448852 -20.574083 33.252277 14.061058 20.921579 24.970041 26.606506 16.531441 3.347645 -35.815044 -0.786627 -7.089644 19.691671 10.113812 2.984457 41.727837 15.502164 18.269833 -15.308702 -21.574949 15.653407 -12.467243 34.084370 11.988484 4.439390 30.523653
24.458778 13.925631 -5.626623 -20.276907 13.301875 -21.028698 33.174187 13.579613 20.457499 25.410929 27.161516 15.986055 3.846922 -35.431427 -0.574028 -7.485997 19.962528 10.224028 2.779957 41.934608 16.315248 18.340929 -14.917733 -21.191128 15.773189 -12.744700 34.176662 11.856273 4.407375 30.591690
25.298933 13.720920 -5.263733 -19.643923 13.088531 -21.443609 33.122124 13.053760 20.337446 25.843626 27.838787 15.326159 4.353961 -35.012276 -0.531989 -7.923231 20.364613 10.229450 2.561925 42.159348 17.310061 18.308783 -14.583112 -20.805981 15.721174 -13.084094 34.339283 11.734467 4.392976 30.722408
26.284765 13.699260 -4.905220 -18.929434 12.861902 -21.869490 32.908344 12.402122 20.176222 26.396107 28.282606 14.945138 4.863285 -34.635151 -0.463197 -8.719241 20.977541 9.950346 2.402386 42.467133 18.543230 18.450377 -14.209959 -20.459320 15.619163 -13.666763 34.707523 11.624739 4.268999 30.950964
27.435030 13.782826 -4.637887 -18.278126 12.540784 -22.370998 32.582062 11.648921 19.753822 27.138170 28.912519 14.265330 5.484954 -34.084621 -0.265899 -9.382073 21.639399 9.851580 2.383892 42.427544 19.818600 18.887072 -13.316416 -19.854353 15.792946 -13.931635 34.399643 11.256063 4.070946 31.304451
28.539381 14.064121 -4.343403 -17.705290 12.086162 -23.139620 32.208248 10.576031 19.184395 27.862309 29.846031 13.462729 6.087153 -33.335464 -0.038223 -10.427860 22.337587 9.421535 2.424198 42.063519 21.587097 18.991508 -12.551134 -19.174509 15.832452 -14.661427 34.295437 10.691747 3.786102 30.921497
30.054258 14.366729 -4.051576 -16.839579 11.612646 -24.127808 31.690079 9.220800 18.557116 28.117880 31.351921 12.907897 6.639730 -32.744907 -0.373682 -11.338728 23.368887 8.858368 2.202827 41.644783 23.289310 18.890007 -12.203784 -18.302378 16.007366 -15.680165 34.282356 10.220096 3.644771 30.454998
31.713066 14.405440 -3.842430 -16.397266 10.770827 -25.135073 31.611397 7.914503 17.523281 28.187292 32.962524 11.937853 7.490532 -32.074562 -0.560499 -12.403574 24.426168 8.304660 1.644816 41.332573 25.032883 18.487719 -11.695799 -17.472347 16.067560 -16.568247 34.032547 9.607869 3.202365 30.399448
33.291168 14.382958 -3.420897 -15.812063 10.256221 -25.785875 31.036341 6.557935 16.628958 28.183687 34.367138 10.937199 8.328487 -31.297770 -0.891381 -13.439929 25.379002 7.287157 1.136718 40.745605 26.854511 18.390379 -10.672856 -16.477856 16.450199 -17.366711 33.622692 8.969752 2.814361 29.852942
34.884171 14.510809 -3.117885 -15.140573 9.714579 -26.392920 30.274857 5.311896 15.599527 28.339924 35.781857 10.333193 9.028239 -30.691580 -1.556118 -14.575985 26.433807 6.019666 0.811265 39.992401 28.436193 18.036386 -9.893260 -15.608554 16.498110 -18.179028 33.453754 8.155746 2.426763 29.297096
36.300175 14.562546 -2.404917 -14.629491 9.332632 -27.223820 30.170540 4.258238 14.511803 28.608334 36.499359 9.915202 9.572620 -30.551538 -2.075283 -15.679298 27.618210 5.187167 0.390827 39.567177 29.894192 17.768986 -9.117510 -14.574982 16.799183 -18.946848 32.996986 7.364029 1.924716 29.317547
37.608295 14.490091 -1.835823 -14.068787 9.031463 -27.833000 30.190680 3.389606 14.051233 28.543327 37.081894 9.875319 10.414004 -30.340801 -2.248340 -16.703932 28.410805 4.548512 0.119745 39.554512 31.364407 17.726170 -8.385608 -13.676882 17.008121 -19.533251 32.650745 6.697276 1.663092 29.308819
38.568317 14.367517 -1.378702 -13.615977 8.763578 -28.675013 30.032713 2.206140 13.235366 28.320074 37.693550 9.797846 10.967077 -30.128006 -2.590756 -17.375118 28.905991 3.986250 -0.329217 39.566986 32.805546 17.617405 -7.406496 -13.154122 16.994789 -20.259644 32.582626 5.883916 1.161212 29.157951
39.244644 14.300818 -1.049274 -13.150731 8.418255 -29.479959 29.982880 1.019065 12.776180 27.832317 38.210773 9.476383 11.987327 -29.881756 -2.651903 -18.178375 29.480909 3.353523 -0.746963 39.290226 33.789867 17.596430 -6.725001 -12.878046 16.891964 -20.838541 32.544479 5.226223 0.852764 28.852783
39.959793 14.371623 -0.759356 -12.859147 8.089937 -29.943907 29.865217 0.233818 12.232140 27.684757 38.786716 9.173295 12.607424 -29.630026 -2.776606 -18.796337 29.902489 2.786848 -1.139987 38.897385 34.605896 17.406256 -6.259694 -12.407494 17.004631 -21.031994 32.154541 4.822140 0.452413 28.877682
40.243385 14.414341 -0.531198 -12.599081 7.953619 -30.511877 29.733307 -0.482122 11.715944 27.560621 39.013767 8.986006 13.173565 -29.419907 -2.841711 -19.454103 30.200031 2.150748 -1.423103 38.705261 35.061516 17.268288 -5.696905 -12.180384 17.143227 -21.454741 32.031189 4.381907 -0.053183 28.785473
40.380238 14.462070 -0.482440 -12.493214 7.818909 -30.768274 29.696112 -0.889224 11.477088 27.552349 39.173882 8.830610 13.405963 -29.285803 -2.855981 -19.815363 30.400236 1.880267 -1.516257 38.593731 35.282764 17.196802 -5.411642 -11.941164 17.248455 -21.602468 31.726122 4.115059 -0.339026 28.960602
40.409744 14.435268 -0.401744 -12.426702 7.815215 -30.904192 29.726297 -1.065471 11.449817 27.534712 39.247452 8.748319 13.527113 -29.286444 -2.891872 -19.924314 30.519245 1.808127 -1.592760 38.512451 35.421013 17.160257 -5.318161 -11.919102 17.194843 -21.607141 31.681105 4.047579 -0.448900 29.012032
40.460480 14.354925 -0.303121 -12.457097 7.848472 -30.797766 29.705004 -0.943467 11.366261 27.551115 39.253616 8.683003 13.471971 -29.328987 -2.869968 -19.794069 30.369610 1.920801 -1.736925 38.561630 35.442654 17.153532 -5.252305 -11.923338 17.238064 -21.540255 31.625298 4.138134 -0.511575 29.026035
40.711937 14.193755 0.026347 -12.461735 7.992246 -30.589264 29.562078 -0.691735 11.107126 27.635529 39.337738 8.508050 13.510608 -29.386600 -2.784911 -19.415310 30.051283 2.158118 -2.012730 38.743324 35.650009 17.018814 -5.100647 -11.875568 17.342592 -21.270094 31.443611 4.372234 -0.636285 29.116938
41.098598 13.836594 0.595141 -12.528941 8.291393 -30.102600 29.303085 -0.214972 10.689260 27.643702 39.668507 8.157844 13.611769 -29.397537 -2.670711 -18.910151 29.543152 2.391958 -2.589735 38.868298 35.896347 16.737364 -4.928042 -11.834616 17.555281 -20.778727 31.184896 4.866704 -0.926616 29.187750
41.631870 13.406546 1.256331 -12.506845 8.732168 -29.614140 28.992720 0.519395 10.307865 27.533966 40.120354 7.607433 13.748998 -29.461668 -2.518367 -18.341812 28.961439 2.682763 -3.305754 38.831200 36.227718 16.395863 -4.741237 -11.943380 17.657495 -20.092012 30.939989 5.658637 -1.246126 29.153908
41.927086 12.761705 2.023532 -12.638429 9.054818 -28.822224 28.627264 1.210883 9.883932 27.733341 40.478809 6.863823 13.780858 -29.434099 -2.344548 -17.391687 28.149826 3.102826 -3.975849 38.956905 36.691437 16.045177 -4.489840 -11.972437 17.726686 -19.047600 30.551735 6.487082 -1.524716 29.020224
42.212238 11.802866 2.893175 -12.812184 9.491167 -27.904774 28.405569 2.181151 9.346089 28.014606 40.671528 5.968802 13.889538 -29.382269 -2.003591 -16.210779 27.107031 3.627009 -4.547642 39.002693 37.077740 15.414863 -4.326310 -11.795678 18.053055 -18.135292 30.157440 7.479935 -1.677331 29.028328
42.443604 10.727318 4.144520 -13.037502 10.131891 -27.268417 28.123865 2.871526 8.698566 27.766777 41.087189 5.256867 14.064408 -29.438087 -1.779346 -14.968375 25.631260 3.908427 -5.391869 38.933060 37.436207 14.570271 -3.882399 -11.779391 18.534233 -17.426495 29.864439 8.694155 -2.066878 28.793816
42.562027 9.822490 4.904500 -13.305799 10.827768 -25.977072 27.581219 4.138613 8.505939 27.427080 41.296722 4.527352 13.977050 -29.710585 -1.597097 -13.628843 24.252497 4.503957 -6.143727 38.502991 37.485538 13.839246 -3.693557 -11.654701 19.234465 -16.373493 29.080324 9.935279 -2.248505 28.261358
42.818031 8.679279 5.655056 -13.514590 11.490359 -24.858206 27.127392 5.365945 8.158198 27.067606 41.891212 3.412865 13.970111 -29.573786 -1.362689 -12.399160 22.979958 5.097135 -6.975648 38.066067 38.018745 13.025000 -3.476395 -11.562726 19.894455 -15.224851 28.253132 11.657957 -2.735976 27.790394
43.281506 7.283843 6.446424 -13.617790 12.308774 -23.993786 26.585325 6.619410 7.644893 26.504635 42.063766 2.100324 14.208983 -29.579365 -0.638274 -11.217749 21.784615 5.962225 -7.883058 37.796745 38.345280 12.071462 -2.534979 -11.249117 21.018299 -14.195214 27.228941 12.912439 -3.391935 27.233467
43.752560 5.977298 7.550986 -13.807059 13.661144 -23.094580 25.955248 8.430307 7.050431 25.876097 42.237473 0.762639 14.237174 -29.915264 0.296306 -9.931069 20.314810 7.351546 -9.051645 37.428902 38.509129 11.306239 -2.136666 -11.012644 22.133999 -13.359522 26.191620 14.273987 -3.704765 26.904835
44.031406 4.479182 9.027699 -13.938667 14.705060 -22.091528 25.342770 9.324392 6.599762 25.102854 42.411926 -1.104317 14.277763 -29.950960 1.497454 -8.426378 18.746485 8.893352 -9.888495 36.928570 39.148521 9.895679 -1.893982 -10.204165 23.189249 -11.991406 24.745701 15.641728 -3.887604 26.811577
44.134727 2.598527 10.147601 -13.797050 16.032511 -20.699091 24.775333 10.734935 6.625659 24.387175 42.512142 -2.902696 14.189442 -30.164711 2.344283 -6.787761 17.628942 10.304969 -10.503315 36.355839 39.794834 8.622382 -1.614555 -9.215670 24.556467 -10.290128 23.141306 17.430920 -3.945333 26.352268
44.044434 0.175287 11.390368 -13.384777 17.794933 -19.109600 24.235744 12.591922 6.935821 23.582739 42.448383 -4.830133 14.457734 -30.360300 3.581235 -4.883408 16.514086 12.100539 -11.020795 35.743614 39.899475 7.368338 -1.217021 -8.101551 26.772158 -8.556713 21.629391 19.924215 -3.758291 25.648952
38.895893 -10.122199 11.899844 -18.278183 13.292067 -15.965014 27.492523 10.643015 3.818062 23.488049 45.516792 -4.815352 11.949654 -27.349842 10.557494 -9.377708 10.419203 20.284822 -8.769567 31.005081 39.179062 -0.962766 4.121037 -9.228569 25.488537 -5.303680 23.635460 18.602427 -4.638566 23.933670
39.259216 -12.211536 11.932598 -17.757912 14.328907 -14.125812 26.657711 12.482577 4.955367 22.077806 45.405399 -6.943491 11.613677 -27.156298 11.423675 -7.533127 9.522799 21.537058 -8.564637 30.149431 39.323658 -1.983687 3.811538 -8.048537 26.983854 -3.325860 22.528448 21.003309 -3.242004 22.911253
39.544003 -14.949916 11.944762 -16.918833 15.520663 -12.253153 25.648638 14.377370 6.160995 21.071352 45.806683 -9.258080 10.696919 -26.700371 12.157142 -5.356783 8.342163 23.180771 -8.007291 28.854063 39.688362 -2.935839 3.310523 -7.072611 28.093742 -1.533461 22.024172 23.465288 -1.624479 21.505093
39.983543 -16.817181 12.377209 -15.843242 16.874483 -10.199491 23.968790 15.439263 7.647745 20.238581 45.734344 -11.198924 10.244260 -26.421400 13.204509 -3.355377 6.958767 24.449766 -7.548642 27.353262 39.921234 -3.624742 2.464076 -6.178704 28.977236 0.191651 21.252586 25.087225 0.168297 19.155304
39.297077 -18.790571 11.643107 -15.526865 17.231815 -7.910455 22.989988 16.247259 8.850597 19.839975 45.568707 -12.706886 9.742007 -26.257801 13.963719 -1.378307 5.116652 25.182184 -7.401078 26.266600 39.404819 -5.894565 1.114265 -5.572525 29.287218 1.458117 20.717276 25.671419 1.397895 17.383413
37.903759 -23.402506 10.196734 -14.650729 18.247797 -6.073229 23.049263 16.507940 8.184034 20.713825 43.888565 -15.039143 8.456442 -28.354813 13.141118 1.839210 3.822254 24.576206 -10.340647 25.435072 38.384853 -9.456779 -1.116907 -4.515896 31.202236 2.293777 21.362009 26.313551 1.163800 14.477785
37.821831 -26.142113 10.041221 -13.381823 18.894556 -3.583410 22.392708 16.498863 9.548109 19.759319 43.905041 -16.900864 7.223798 -28.142712 13.481930 4.034970 2.163884 24.549417 -10.825112 24.082172 38.104584 -12.362460 -1.448988 -3.303303 32.202282 3.210403 21.028061 26.314373 2.413797 12.698680
37.118382 -28.529345 10.612721 -13.234567 19.024944 -1.099687 21.838465 16.638927 10.872644 19.245749 43.362747 -18.350040 6.254954 -28.137215 14.544627 5.509052 0.185997 25.158108 -10.663610 22.586353 37.351028 -14.839762 -1.265137 -1.820525 33.439533 4.742533 20.457321 26.509802 3.402827 12.078194
36.550308 -30.468494 10.989118 -13.546227 18.463612 1.386289 21.587116 16.364063 11.411881 18.807852 42.930309 -19.439610 5.161333 -28.385605 15.431787 6.857311 -1.248693 25.976955 -10.589310 21.234907 36.870117 -16.935022 -1.216188 -0.347393 34.279331 6.873116 19.647566 26.733139 4.625944 11.845851
36.573540 -31.740469 11.061595 -13.978331 17.530647 4.107957 20.965176 16.315912 12.040451 18.407484 42.776836 -21.044497 3.746290 -28.503881 16.077316 8.283331 -2.320367 27.159622 -10.298082 19.721663 36.589821 -19.462679 -1.274695 0.809759 34.533230 8.990258 19.019964 26.910969 5.488823 11.417080
36.503323 -33.003563 10.432750 -14.706733 16.608971 6.853537 19.820030 16.504158 12.260350 18.034048 43.009258 -22.566486 2.151780 -28.610270 16.308601 9.705862 -2.841806 28.226463 -9.965720 18.202307 36.198994 -21.515648 -1.882587 1.630732 34.423256 10.805547 18.378685 27.184633 6.431961 11.004992
36.690533 -33.812840 9.758924 -15.666097 15.603974 9.398690 18.553986 16.788965 12.135221 17.279104 43.148510 -23.968725 0.616773 -28.659758 16.570608 11.133169 -3.712624 29.020306 -9.446970 16.513914 35.596592 -23.566031 -2.085202 2.197905 34.239246 13.133128 17.515285 27.196423 7.062782 11.120192
36.473774 -34.329063 8.819304 -16.496252 14.759760 11.488843 17.189888 17.118654 11.942001 16.993715 42.721882 -25.558084 -0.951985 -28.427786 17.204239 12.290806 -4.842894 29.698961 -8.704197 15.216311 34.835258 -25.085579 -2.564378 2.116587 34.099453 14.827600 16.342896 27.156467 7.334917 10.845049
35.707474 -34.834625 7.527433 -17.295832 14.033315 13.172898 16.144047 17.410007 11.800816 17.203487 41.997295 -26.835318 -2.432662 -28.395493 17.755125 13.125626 -5.469527 30.414814 -7.995873 14.152389 33.989975 -25.908134 -3.294393 1.720090 33.660320 16.719908 15.141447 27.352898 7.727156 10.555488
35.206684 -35.419693 6.297172 -17.938940 13.750654 14.833520 15.049004 18.247547 11.902720 16.997496 41.493958 -28.355043 -4.115456 -28.452219 17.961056 13.923272 -5.967178 30.677393 -7.344483 12.623488 33.285542 -27.172722 -4.152654 1.146367 33.018467 18.436094 14.230764 27.460884 8.013638 10.114639
34.964172 -35.765118 4.534626 -18.139017 13.486038 16.056501 14.069760 18.958040 12.271107 16.630178 41.312248 -29.542925 -6.147118 -28.571962 17.729181 14.384611 -6.247310 30.984249 -6.659718 11.382684 32.802608 -27.917500 -5.143069 0.529238 32.343357 19.732321 13.693382 27.556408 8.375608 9.626957
34.374897 -36.038548 3.334819 -18.373104 13.472513 17.385353 13.145394 19.487165 12.593048 16.238672 40.734516 -30.404203 -7.836476 -28.685411 17.741243 14.738267 -6.434145 31.208210 -5.957498 10.257660 32.041798 -28.807693 -6.370987 0.001465 31.739788 21.116621 12.973307 27.617220 8.782389 9.310660
34.146717 -36.039776 2.650463 -18.712532 13.449684 18.516214 12.563007 20.042967 12.898398 15.833854 40.303249 -30.999537 -9.068666 -28.663788 17.808140 14.856421 -6.538126 31.292025 -5.461612 9.712639 31.205973 -29.528521 -7.356452 -0.655560 31.127874 22.143112 12.652004 27.728924 9.044875 9.295594
33.404427 -35.838047 1.772490 -19.173943 13.478999 19.821892 11.881089 20.599005 13.177342 15.728837 39.677502 -31.508604 -10.398836 -28.567768 17.919006 14.745557 -6.451890 31.135962 -4.693897 8.819224 30.133507 -29.775688 -8.419780 -1.175963 30.531885 23.220512 12.148129 27.677048 9.477768 9.290998
32.366688 -35.554626 1.059585 -19.576595 13.606228 20.863989 11.200620 20.934845 13.538721 15.785065 38.664913 -31.827215 -11.464264 -28.619045 18.195105 14.415717 -6.025426 31.274361 -3.824900 8.312997 28.990568 -29.718039 -9.205660 -1.540614 30.356575 23.769207 11.901922 27.609793 10.005534 9.139827
31.531094 -35.203159 0.280679 -19.931303 13.548232 21.585331 10.712242 21.194866 13.947290 15.770068 37.801464 -32.121559 -12.573938 -28.565939 18.251812 14.017639 -5.720013 31.129879 -2.939221 7.850559 27.945520 -29.614496 -9.848599 -1.968439 30.104034 24.383705 11.656399 27.391088 10.449680 8.939041
30.720936 -34.944324 -0.573160 -20.250959 13.317582 22.064966 10.318568 21.228649 14.215021 15.862157 37.105991 -32.275330 -13.631894 -28.556831 18.165916 13.781556 -5.460451 30.951033 -2.261480 7.551764 27.247320 -29.644365 -10.437900 -2.325080 29.760036 24.745701 11.595104 27.117268 10.843085 8.668235
30.034460 -34.593288 -1.084172 -20.627666 13.262566 22.488565 10.056774 21.395683 14.481153 15.863651 36.392117 -32.520504 -14.338333 -28.507936 18.371738 13.565984 -5.202065 30.941395 -1.661253 7.330684 26.735285 -29.510656 -10.799152 -2.579947 29.568176 25.134880 11.473963 27.059408 11.143199 8.642841
29.610949 -34.468853 -1.642527 -20.833178 13.092888 22.733772 9.894766 21.385565 14.674128 15.838680 36.072933 -32.548450 -14.978261 -28.611525 18.232500 13.462355 -4.886551 30.921480 -1.340322 7.149507 26.242172 -29.488029 -11.162333 -2.868861 29.334278 25.368185 11.494369 26.989285 11.368327 8.572439
29.340553 -34.405430 -1.952592 -20.924860 13.025844 22.826948 9.843592 21.380058 14.828827 15.791136 35.882919 -32.605686 -15.307893 -28.652319 18.230799 13.421516 -4.747881 30.893431 -1.124237 6.958715 26.034370 -29.435408 -11.350743 -3.025886 29.192667 25.535278 11.474793 26.991001 11.489390 8.592023
29.265377 -34.375854 -2.024283 -20.946220 13.014011 22.879175 9.804667 21.372814 14.857059 15.792704 35.781494 -32.645538 -15.416980 -28.645948 18.231094 13.379467 -4.726690 30.876980 -1.050682 6.945558 25.950012 -29.392216 -11.438580 -3.089235 29.126137 25.631250 11.435675 27.008631 11.540771 8.590673
