-24.609070 9.084687 12.548461 -25.103558 38.316334 1.718074 18.168545 -32.633068 13.494544 -4.300992 -25.770647 10.900690 16.444166 -49.694263 32.278877 -11.434285 1.289904 -16.397066 2.436468 4.866595 -27.152504 11.801136 2.176266 -36.956291 45.490074 -12.059921 12.526421 -16.563206 -3.589351 -10.144889
-24.400890 10.318713 11.528337 -24.918734 37.570061 1.371834 18.333176 -32.667206 13.239740 -2.974422 -26.025606 11.626385 15.409679 -49.861519 31.544289 -12.095488 2.393910 -16.290209 2.372366 6.090399 -27.444651 11.980145 0.870542 -37.049126 44.844551 -13.098094 13.391177 -16.426594 -3.296840 -9.036393
-24.085739 12.072613 10.097849 -24.805092 36.658768 0.796308 19.129351 -32.305153 12.815533 -0.443931 -25.988693 12.588410 13.487468 -49.814117 30.397249 -12.963131 3.744291 -15.893716 2.184800 8.385945 -27.477657 12.026415 -1.376029 -36.950829 43.852058 -14.553725 14.614103 -16.064850 -2.784861 -7.469743
-23.616587 13.931484 8.761429 -25.103086 35.878056 0.129681 20.484465 -31.136236 12.860741 2.216210 -25.489141 13.450660 11.161651 -49.431873 29.288692 -14.063206 5.266135 -15.185266 1.947187 11.058981 -27.088303 12.336244 -3.990827 -36.442406 42.641342 -16.011957 15.688264 -15.318921 -2.560016 -4.914980
-22.377296 15.544881 7.282661 -24.958624 34.534702 -0.791826 21.581516 -30.195541 13.083256 4.191671 -24.075657 13.966355 8.748593 -49.089199 27.500645 -14.732231 6.552648 -14.817359 1.591448 12.599189 -25.938175 13.114543 -6.138492 -35.918911 41.370674 -16.912790 16.573936 -14.475701 -2.003583 -2.941148
-21.464294 16.942856 4.515169 -24.147539 33.398289 -0.871946 22.651768 -28.314476 13.796768 6.918067 -22.553064 14.772897 5.819232 -48.823181 25.490829 -15.429162 8.323536 -14.211128 1.600040 14.134077 -24.065243 13.448357 -9.011249 -35.080666 39.466831 -17.621748 17.403198 -13.499004 -1.470395 -0.681104
-19.424793 18.244894 2.418249 -23.182110 32.257870 -1.212517 23.355068 -26.481268 14.414963 9.446973 -20.807146 15.445378 3.399928 -48.489708 23.596409 -16.357887 10.052193 -13.505830 1.678525 15.560560 -21.601801 13.727573 -11.053924 -34.099743 37.705914 -18.494465 18.161459 -12.705779 -1.067353 1.031744
-17.618265 19.348957 0.317781 -22.548313 30.840082 -1.764430 24.381660 -25.238485 14.839777 11.663766 -19.179937 15.967566 1.251349 -48.406422 21.803965 -17.406694 12.024432 -12.519504 1.825151 17.063646 -19.706638 13.524450 -13.361412 -33.484776 35.827461 -19.275423 18.946064 -12.212669 -0.659896 2.299312
-15.882529 19.910461 -1.286666 -21.845480 29.796577 -2.026094 24.964153 -24.168392 15.046088 13.450623 -17.407911 16.027086 -1.041480 -48.031834 20.195282 -18.314266 13.522484 -11.309850 2.118810 18.608114 -18.394733 13.579655 -15.431412 -32.972565 34.228905 -19.800671 19.633261 -11.528404 -0.209541 3.915161
-14.922106 20.133934 -2.326821 -21.459761 29.070620 -2.268894 25.322901 -23.567043 15.188982 14.494334 -16.359020 15.984505 -2.212539 -47.713577 19.377682 -18.755703 14.128975 -10.737766 2.279138 19.359339 -17.647022 13.783793 -16.443697 -32.668594 33.418690 -20.233471 20.033249 -11.285900 0.008971 4.976844
-15.015556 20.141895 -2.982039 -21.477325 28.723179 -2.349841 25.529745 -23.543734 15.303617 14.694341 -16.385845 15.957798 -2.895097 -47.741066 18.999702 -19.022675 14.533352 -10.880471 2.402491 19.449522 -17.556501 13.731713 -16.999804 -32.758030 32.864861 -20.435518 20.280598 -11.468607 0.068015 5.283666
-16.418293 19.499249 -8.433634 -21.421688 26.366098 -2.172238 25.949160 -23.891918 16.532455 14.988925 -16.444817 15.421631 -7.927029 -47.703682 16.004982 -20.056402 16.024269 -12.793145 3.665586 17.982731 -17.396963 12.257309 -20.524836 -33.425758 29.528879 -20.042780 20.190964 -13.740294 0.052964 5.857839
-17.940569 16.657867 -18.433502 -20.286177 23.240822 0.074927 24.604317 -23.535078 18.632065 14.534134 -16.261835 14.151502 -16.319008 -47.104607 12.135481 -19.517479 14.974549 -16.348825 6.328791 13.796296 -18.168520 8.633682 -27.086679 -34.498798 24.243855 -16.675722 17.770824 -17.392052 0.383503 6.047751
-16.440502 12.606424 -28.318354 -18.102243 19.830858 5.449201 17.067839 -24.424688 19.097006 13.270917 -13.730568 10.539877 -25.576506 -43.238525 11.122451 -16.962027 9.498417 -17.857815 10.830401 9.454333 -16.580074 4.425445 -35.789101 -32.922180 18.488428 -9.932621 11.104127 -19.721159 3.302587 4.508439
-11.685767 9.951903 -34.331398 -17.589497 16.350487 12.148046 5.027656 -24.041834 21.109665 10.471279 -8.652287 7.643011 -35.978359 -34.071976 13.542816 -11.477245 -2.231528 -19.918097 13.686200 6.989901 -14.240853 4.610849 -40.604969 -30.076258 16.558193 -1.642741 0.780486 -18.750177 10.443563 1.132338
-4.041710 6.538574 -36.115734 -17.246258 13.449959 18.917862 -5.943330 -25.239019 18.868525 6.297280 -1.429570 -0.540935 -41.887882 -22.896009 19.843180 -6.722955 -10.329349 -20.500301 13.133464 2.274803 -4.313749 2.178695 -40.647709 -23.690329 17.590456 4.627735 -8.305708 -20.357370 13.456378 -6.242794
5.746213 0.756978 -34.594383 -16.093142 12.751295 24.415123 -10.748574 -24.661743 14.761530 -0.804132 5.369130 -8.992573 -42.804394 -15.188328 27.746449 -2.911659 -8.632025 -17.874815 9.995738 -6.045623 7.700421 -3.111438 -38.889957 -16.351774 21.526234 6.448461 -9.528724 -20.055897 11.931043 -15.890470
10.486416 -5.348582 -30.865261 -16.564640 13.279162 26.259016 -9.019699 -21.701014 12.079689 -6.288123 11.390353 -15.248415 -40.264751 -15.361846 29.582994 0.433872 -6.031279 -12.903709 6.984073 -11.744508 11.594415 -9.691256 -34.418686 -14.093049 25.774002 7.781283 -8.631487 -16.562046 9.990474 -24.158306
14.191010 -9.393233 -27.109104 -16.114750 14.450962 26.428438 -6.975411 -19.768454 10.073893 -9.101769 14.564085 -16.880146 -35.068882 -17.865023 29.740160 3.097633 -3.771198 -10.597990 2.640576 -15.119750 13.604905 -12.391645 -31.206972 -13.686769 28.506147 8.940729 -7.606336 -12.836891 9.473067 -28.099062
13.650373 -12.143330 -26.172718 -16.891071 14.152322 25.693533 -4.903102 -18.801399 10.120466 -9.862152 14.844330 -17.634609 -33.104721 -19.708357 29.935539 4.632714 -2.899626 -9.045751 1.019103 -15.808196 14.505463 -13.625274 -29.680727 -14.732971 28.309626 9.158721 -6.454154 -10.167745 9.448799 -28.341389
13.438537 -12.567782 -25.848984 -17.041555 14.213480 25.524313 -4.547946 -18.721828 10.045387 -9.993279 14.769883 -17.817778 -32.554413 -19.986418 30.150648 4.878589 -2.892001 -8.890306 0.768067 -16.003483 14.569886 -13.768675 -29.388481 -14.869688 28.438654 9.034468 -6.076307 -9.720811 9.354144 -28.407085
13.133353 -12.961040 -25.794292 -16.829357 14.662755 25.730000 -4.656826 -19.298004 9.646253 -10.155219 14.232906 -17.955700 -32.436806 -20.126745 30.349255 5.272895 -3.025298 -9.060566 0.246084 -16.007303 14.129034 -13.583855 -29.621838 -14.914157 28.628265 9.570455 -6.231949 -10.027976 9.026967 -28.283440
12.652054 -13.570714 -25.194208 -16.728600 15.412623 26.038326 -4.523420 -19.946362 8.838785 -10.474730 13.399136 -17.961866 -32.163010 -20.295244 30.773939 5.801618 -3.066629 -9.275933 -0.473001 -15.969850 13.320118 -13.321268 -29.663082 -14.641571 29.588446 10.031503 -6.061264 -9.905662 8.407721 -28.068518
11.276824 -14.709399 -24.501518 -16.767513 16.383804 26.512508 -4.397634 -20.362682 7.988195 -10.057764 12.102236 -18.420324 -31.739029 -20.211906 31.695047 6.520153 -3.628676 -9.653078 -1.455752 -15.651898 12.115474 -13.220096 -30.004572 -14.044137 30.763872 10.258496 -5.836974 -9.634376 7.552244 -27.154711
9.224337 -15.543759 -23.473066 -16.968807 17.798044 27.191772 -4.443302 -20.959190 7.286396 -9.654201 10.005602 -18.385639 -31.028727 -20.249506 33.346260 7.921668 -4.662653 -9.779075 -2.863538 -14.597121 10.601254 -13.159765 -30.294268 -13.452063 32.481422 10.463400 -5.568857 -9.035043 6.499840 -26.056746
6.236902 -15.857240 -22.293503 -17.444216 19.070436 27.595079 -4.726241 -20.816071 7.368368 -8.068537 7.236274 -18.340916 -30.379585 -20.454796 34.911278 9.518386 -6.146327 -9.739489 -3.970009 -13.169321 8.161763 -12.310570 -30.876572 -12.997693 34.118992 10.642537 -6.048632 -7.517253 6.448208 -23.952135
3.769693 -16.859779 -21.459375 -18.467287 19.691559 28.262770 -5.040446 -20.824772 6.717986 -6.637678 4.858055 -18.430422 -30.217659 -20.926275 36.043922 10.972285 -7.108007 -9.808043 -4.860008 -12.044070 5.594440 -11.815893 -31.685511 -12.841544 35.482044 10.535624 -5.989551 -6.457786 6.454516 -22.403669
1.296429 -17.588823 -20.305882 -19.428553 20.193949 28.712502 -5.084307 -20.557693 5.933028 -4.025122 2.763531 -18.428194 -30.170435 -21.141617 36.413544 12.021896 -7.966383 -9.708287 -5.257304 -10.287654 3.485342 -11.023770 -31.536125 -13.027836 36.527576 10.688951 -6.001819 -5.185525 6.593712 -20.839401
-0.067094 -17.910185 -19.292780 -19.834206 20.752724 29.039190 -5.158666 -20.020615 5.632212 -2.268685 1.597819 -18.685215 -30.074755 -21.138704 36.873791 12.856882 -8.766360 -9.478803 -5.544197 -9.099930 2.487812 -10.644451 -31.157562 -13.391284 36.991882 11.187204 -6.601096 -4.538344 6.548666 -19.722778
-0.824894 -18.068302 -18.919329 -19.996511 21.024599 28.980780 -4.930796 -19.735401 5.555789 -1.008115 0.712212 -18.574936 -30.142504 -21.260107 37.026226 13.023297 -8.764050 -9.209888 -5.558231 -8.010785 1.636097 -10.626003 -31.273237 -13.573882 37.127701 10.994167 -6.782581 -4.493720 6.624697 -18.704414
-0.904109 -18.177761 -18.840668 -20.052135 21.041319 29.026249 -4.885771 -19.671473 5.484431 -0.830471 0.724349 -18.583046 -30.158470 -21.310709 36.976440 13.115256 -8.768256 -9.144565 -5.604798 -7.943229 1.539913 -10.615965 -31.341112 -13.671085 37.060513 11.055717 -6.750655 -4.433436 6.626206 -18.639023
-0.366209 -18.746546 -19.037352 -20.527658 20.330721 29.315474 -4.594888 -19.242949 4.884690 -0.914847 1.464873 -19.085155 -30.430672 -21.495819 36.536533 13.643714 -8.807741 -8.478170 -5.980428 -8.107300 1.803397 -10.854874 -31.389198 -14.262828 36.445869 11.802375 -6.282148 -3.748551 6.252793 -19.093761
1.287131 -19.550262 -19.679003 -20.694811 19.217781 29.549768 -3.848228 -18.383095 4.169134 -0.648321 2.565493 -19.209009 -31.002169 -22.127825 35.808765 14.262960 -8.227389 -6.919731 -6.448412 -7.750623 2.029520 -11.830116 -31.946917 -15.221562 35.138660 12.953047 -5.367514 -2.817744 5.431800 -19.150780
3.469844 -21.131250 -19.959883 -20.425907 18.417057 30.046564 -2.813528 -15.962316 4.065438 -0.022887 4.513395 -19.396091 -32.057606 -22.732111 34.676888 14.951941 -7.362050 -4.356340 -6.819575 -6.934910 2.959535 -14.357224 -32.623154 -17.146023 32.385067 14.464583 -4.209709 -0.982609 4.501756 -18.832806
6.742881 -23.336359 -20.308697 -19.516649 17.760273 30.069141 -0.356002 -11.796698 5.027856 1.541097 8.046884 -18.817070 -33.373108 -24.218307 32.068680 16.352812 -5.909221 -0.226880 -6.279897 -6.703629 4.102321 -16.850431 -33.399052 -20.465275 28.020874 15.907112 -2.598081 1.884399 3.733447 -17.433983
9.222285 -24.336058 -20.554802 -19.758102 16.703144 30.117182 1.746479 -6.726162 7.740813 2.050530 12.673378 -19.889645 -33.080463 -24.702337 29.839722 17.286232 -5.267722 4.594489 -4.736815 -6.718387 5.379733 -19.194613 -32.644032 -23.693605 24.007107 17.205130 -1.930143 5.432096 4.439294 -17.037813
12.872246 -23.984972 -21.367924 -20.065607 13.954391 29.218592 2.646855 -1.809142 11.330876 3.382857 17.445492 -18.825443 -33.809452 -25.666313 26.665380 17.122160 -4.897621 10.426097 -1.405783 -5.704230 7.788340 -20.551321 -32.411343 -25.584126 20.075943 17.724398 -1.223936 9.439341 6.223312 -16.050453
17.423523 -23.704609 -23.718870 -17.815311 13.068192 28.612654 6.690969 2.495682 10.107780 5.218935 22.641525 -17.556343 -33.108231 -27.047255 22.391237 13.879345 -1.526055 20.518084 7.915097 -5.237253 11.782961 -21.335730 -34.269886 -22.228426 19.178154 18.964653 4.104482 14.784915 5.345969 -12.682687
21.790079 -24.957836 -22.155807 -17.522545 12.523123 28.746017 10.018269 10.376781 10.242846 9.726622 26.977465 -21.132660 -33.209217 -28.937819 17.267424 12.415283 1.070423 26.451126 9.257502 -1.864863 16.042486 -21.752441 -32.686573 -19.375652 20.413054 18.452293 4.450505 22.645029 6.885847 -7.629731
27.690996 -28.636396 -15.108207 -15.476191 14.745811 28.466034 11.600913 16.307835 8.522560 13.892414 33.516655 -26.474075 -26.926460 -30.192759 13.863953 12.560447 -0.936509 29.753363 5.432916 3.415225 21.760733 -26.256821 -28.919949 -15.735652 22.986027 14.939811 5.196289 28.383669 5.114876 -2.619459
33.865711 -33.332954 -7.962735 -12.153758 16.383560 25.121784 15.947561 15.923855 4.837858 15.674417 38.413395 -28.840618 -17.553602 -31.595625 11.973861 15.345661 -4.330571 29.084867 -5.072200 9.610629 28.873083 -28.137856 -23.264734 -12.899606 27.442249 10.408257 5.279241 31.401241 -1.886021 -0.516021
37.995872 -32.621990 -1.142817 -10.510542 16.812761 18.267788 20.845348 13.246298 3.323611 15.783631 43.249416 -24.312664 -7.734774 -31.574541 11.478984 14.902134 -5.521184 28.471962 -9.601070 14.548366 34.424568 -23.733427 -16.737610 -10.859974 28.915241 7.278619 6.850525 32.637409 -4.806619 2.948107
38.801228 -29.409599 2.277424 -7.975392 20.582066 9.228112 26.126171 13.129313 3.717006 15.707825 43.925350 -17.792995 0.193200 -31.177977 11.545876 9.712364 -2.296075 26.070974 -11.552410 19.849504 36.518612 -17.060495 -11.571035 -11.014535 29.227957 1.856093 11.289726 30.615486 -7.472336 8.295915
40.459919 -20.797798 3.836623 -8.484986 22.169676 0.662923 28.077438 13.558426 0.242006 17.662703 44.434807 -13.432989 4.427319 -30.316442 9.574752 3.326380 3.062445 23.879398 -11.007121 25.617964 37.990746 -10.549778 -9.075684 -11.989918 27.206764 -2.596737 15.622155 28.016945 -7.919868 13.226716
40.264126 -12.463406 4.786720 -11.550675 19.371927 -5.375901 31.943983 10.766347 -4.365277 20.602362 44.510521 -8.432043 7.687339 -30.486311 7.437223 -3.561225 9.021315 20.864796 -11.421827 30.135130 38.492012 -2.459123 -6.247811 -14.050368 25.448103 -7.438386 19.637205 24.513844 -9.306996 16.257214
39.818447 -3.707756 3.906264 -12.793565 16.083570 -11.571652 35.150040 5.643074 -6.052195 23.925011 44.586761 -1.498008 9.805585 -30.170940 5.332227 -10.962052 12.197791 15.867006 -11.843050 33.353035 37.887104 3.561759 -5.171881 -18.073658 20.883574 -13.683088 24.305387 18.207447 -11.038087 18.587690
40.260456 3.949817 1.236029 -13.113360 11.075824 -14.747323 36.447300 0.176295 -5.453554 26.598814 44.825401 4.132740 10.422020 -29.759819 3.262958 -17.313627 15.444505 11.662881 -10.737659 34.480503 36.569412 8.806685 -6.665568 -20.392271 16.891287 -19.084129 27.621469 12.747029 -10.746414 20.267534
39.539204 8.540998 0.031254 -12.860139 8.362692 -16.553484 37.633701 -4.377864 -4.031582 27.925911 42.885857 7.180779 10.693933 -30.340160 2.658139 -22.543678 19.203321 8.942910 -9.548470 35.344009 35.760727 12.008900 -7.995082 -20.592245 15.850307 -23.308960 29.045055 8.866467 -10.007835 21.438641
38.641056 11.780376 -2.732900 -12.303043 6.226080 -18.203064 38.689014 -7.403873 -1.945735 28.071566 41.572906 9.637767 10.542701 -30.747734 1.963677 -26.510891 22.315022 7.136821 -8.463739 35.557678 34.923626 14.365673 -9.004436 -20.604668 15.302015 -25.976160 29.632608 6.075524 -9.382316 22.143112
37.828064 13.359816 -4.066503 -11.597343 5.191840 -19.114574 39.186947 -9.459565 -0.199401 28.208029 40.363445 11.072097 10.102446 -31.102938 1.370638 -28.488459 23.856075 5.757061 -7.498275 35.406918 33.971855 15.308668 -9.864890 -20.306639 15.282507 -27.700405 29.882442 4.525731 -8.675191 22.457972
