-1.828453 9.372974 -41.881653 -7.179317 30.825857 3.035901 -7.901304 -1.243975 5.772105 36.677818 -4.808582 -4.262771 -48.516785 -27.037544 10.735359 -15.674574 0.203767 -1.856885 16.207029 30.948887 -6.329269 2.365605 -40.700726 -6.275710 16.802999 8.044847 7.608294 -11.341507 25.804279 33.389301
-1.216463 8.430492 -43.021519 -6.723233 30.284977 3.439698 -8.528177 -1.205613 6.054337 36.281586 -3.736239 -5.106385 -49.766106 -26.480951 10.012614 -15.524270 -0.187919 -2.370007 16.375740 30.230206 -5.538284 1.382709 -41.587742 -6.071544 16.074198 8.773335 7.034388 -11.608870 25.968170 32.763592
0.129182 6.824024 -44.943657 -6.169619 29.051508 4.094456 -9.502595 -1.190956 6.360701 35.037209 -1.492637 -6.942367 -51.957783 -25.508589 8.575236 -15.261668 -0.834399 -3.045085 16.797623 28.772758 -3.898006 -0.176749 -42.868858 -5.694238 14.724050 10.169578 5.787183 -11.930323 26.130466 32.116119
2.278445 4.809443 -47.348354 -5.825708 27.039478 4.583212 -10.248223 -1.556667 6.478017 32.470856 1.241035 -9.231330 -53.876507 -24.607494 6.904385 -15.004742 -1.291298 -3.654352 17.287668 26.443846 -1.766297 -2.551044 -43.591549 -5.849766 12.883947 12.037450 4.657901 -12.623356 25.469511 30.620590
4.321234 1.958104 -50.375011 -5.656559 24.709995 4.949287 -10.912806 -2.243378 6.912525 29.199816 4.847750 -11.195130 -55.414532 -24.868298 4.175670 -14.132956 -1.545545 -4.803011 17.484068 22.378345 0.939208 -5.700374 -44.175636 -6.783668 10.283290 13.751571 3.832904 -14.112467 24.232553 28.774242
6.316603 -0.264228 -52.702877 -5.337369 22.873785 3.894677 -10.053783 -3.396012 7.570973 25.341047 8.516060 -12.626193 -55.663700 -25.270864 2.179400 -13.336509 -1.966189 -5.941250 17.713835 18.448460 4.307502 -8.707098 -43.916927 -7.780251 7.740648 14.640876 3.825872 -15.505876 22.729490 26.428125
7.793392 -2.756432 -53.505489 -4.913393 21.930334 3.125450 -9.096245 -4.328072 7.781843 21.656771 11.433576 -13.784993 -54.167141 -26.017670 0.696944 -12.679760 -2.605670 -6.395564 17.941536 15.017302 7.281542 -11.246489 -43.156555 -8.293712 6.142842 15.645914 3.556115 -16.270432 21.827389 23.631796
8.899220 -4.763959 -53.893208 -4.788338 21.204130 2.399295 -8.255018 -5.328233 7.620906 18.796259 13.952776 -14.503996 -53.009453 -26.481983 -0.186928 -12.274091 -2.421438 -7.020602 17.564503 12.279136 9.802797 -12.823350 -42.022892 -8.395185 5.490785 16.000971 3.670763 -16.606060 21.153046 21.516788
10.203744 -6.000454 -53.814899 -4.622556 20.742767 1.889674 -7.784322 -6.053382 7.398323 16.679388 15.588196 -14.942245 -52.023842 -26.927031 -0.765732 -11.762140 -2.458978 -7.468339 17.094276 10.398715 11.728007 -13.765207 -41.000072 -8.274289 5.303819 16.389629 3.504393 -16.603045 20.791111 19.823586
10.649865 -6.393636 -53.852036 -4.687019 20.425104 1.631649 -7.575831 -6.517268 7.211826 15.858468 16.477427 -15.081331 -51.375637 -27.169308 -1.237184 -11.660801 -2.338526 -7.777122 16.751587 9.570919 12.838425 -14.280323 -40.386646 -8.385729 4.956317 16.473373 3.590738 -16.731136 20.393921 19.152914
10.285976 -6.277998 -53.491497 -4.710408 20.954060 1.855222 -7.878890 -6.318173 7.602556 15.618141 16.035963 -14.974527 -51.309532 -27.329685 -0.791195 -11.233502 -2.490686 -7.661451 16.722795 9.346135 12.416552 -13.896662 -40.172775 -8.204092 5.598164 16.534025 3.376501 -16.510344 20.682276 18.999332
7.327067 -2.869043 -52.068394 -4.585520 24.525112 2.634779 -8.981485 -5.156347 10.931643 15.394444 10.270385 -13.309633 -51.981400 -28.029373 2.387494 -9.630134 -2.869752 -8.709685 15.475593 9.910358 8.172606 -10.341602 -39.916965 -8.141109 8.939677 16.505957 3.179941 -16.290890 22.409447 18.657465
-0.388001 0.074572 -50.186638 -4.267416 29.501362 0.916803 -6.085167 -5.297475 14.357049 16.007790 3.239711 -7.478367 -48.775402 -32.058727 3.999569 -10.023562 0.046143 -11.132328 13.534055 11.489395 -1.018759 -8.578602 -38.928497 -12.699276 10.368909 13.029796 7.673991 -18.936192 22.162205 18.135839
-8.960052 2.384490 -49.900562 -9.808597 29.240080 -0.001990 -4.018060 -7.445865 13.907996 14.254440 -2.717066 2.084149 -46.213535 -33.524265 8.024952 -10.420420 1.150383 -12.198771 16.129467 8.906154 -11.281752 -8.569975 -36.962418 -17.244003 11.159886 8.991872 9.791523 -23.786615 21.658466 18.801012
-12.682131 6.717971 -44.429317 -18.274601 25.792866 -2.160223 -4.689323 -13.185159 11.183693 9.364744 -6.075331 10.867639 -39.236027 -32.765961 14.850409 -9.767754 0.518027 -15.979572 16.335779 3.774003 -14.397090 -3.616766 -29.597721 -17.844839 16.381165 6.634180 7.774157 -26.597439 24.209969 14.201040
-15.276353 6.647145 -38.437054 -24.229116 25.030064 -3.943871 -4.189687 -17.570217 9.017919 2.617321 -8.092769 11.203291 -32.815567 -34.583248 18.391640 -7.899831 1.142786 -20.586838 11.784115 -2.334476 -13.164235 -3.198667 -22.782173 -20.122717 18.314117 5.947712 9.431221 -28.181171 24.009733 7.131103
-16.873421 3.038767 -33.937622 -25.571873 25.021645 -7.047335 -3.145756 -22.644466 6.301237 -0.892027 -8.480725 6.008929 -27.121735 -35.236847 18.202093 -8.823598 2.216261 -24.235405 9.547605 -7.505982 -13.704853 -4.899052 -15.474468 -23.503887 19.034016 7.029346 9.134751 -32.204445 19.180855 3.965601
-14.286545 0.819694 -29.670044 -27.551289 20.919989 -12.351082 -6.450985 -26.049320 7.602080 -0.385949 -5.534220 3.806418 -21.904842 -38.788635 13.404282 -11.585102 1.450248 -25.425007 11.155570 -9.747529 -12.454063 -5.692055 -9.010133 -28.357285 14.116145 8.053898 4.864222 -32.688114 18.784729 8.591664
-11.571763 -1.477852 -24.969200 -29.132221 18.483231 -15.094599 -9.826069 -28.984207 6.983184 -1.028524 -1.256009 4.114593 -18.430601 -41.343666 9.869285 -11.770856 -1.242082 -27.591280 11.806385 -12.896474 -9.075033 -4.272080 -4.192532 -32.111813 9.382829 10.850650 1.650701 -32.964077 18.462975 10.679580
-9.607439 -2.523781 -22.192562 -29.242718 18.039602 -16.021273 -12.560483 -29.839127 7.521873 -1.635221 0.576695 3.937566 -16.599436 -42.328358 8.121807 -10.498219 -4.675441 -27.758488 12.360782 -14.290725 -7.302095 -4.141674 -0.816628 -33.444241 8.198290 11.913285 -0.563304 -32.453915 19.628841 9.938025
-9.303688 -2.444046 -21.486248 -29.270660 18.070908 -16.196724 -12.951081 -29.989492 7.562017 -1.676919 0.772476 4.026103 -16.231583 -42.504044 7.806361 -10.346192 -5.411658 -27.794813 12.470540 -14.193848 -7.041920 -4.081177 -0.171596 -33.565174 8.137525 12.191207 -0.985383 -32.409966 19.668831 9.970015
-9.223908 -2.785046 -20.854277 -29.158756 18.436369 -16.202871 -13.512648 -30.573978 7.595871 -2.371348 0.708979 3.760749 -15.793650 -42.471455 7.875684 -10.106808 -6.041803 -28.488373 12.393130 -14.654115 -7.120483 -4.155646 0.492628 -33.699211 8.409253 12.496506 -1.354965 -32.931385 19.457973 9.662797
-9.731362 -3.210522 -19.698290 -29.137785 19.051521 -16.314884 -14.554769 -31.428391 8.069705 -3.133863 0.198360 3.238140 -14.591390 -42.198261 8.293013 -9.823256 -7.430005 -29.224207 12.364015 -15.134394 -7.628420 -4.317955 2.103236 -34.007225 9.175156 12.855544 -2.348892 -33.619583 19.483976 8.588953
-10.966244 -3.772384 -18.477654 -29.298243 19.982504 -15.946005 -15.649991 -32.128551 8.714524 -4.521588 -0.793588 2.679336 -12.620404 -41.973251 9.516674 -9.065241 -9.475734 -30.007757 11.989318 -15.565764 -8.620682 -5.222693 4.027763 -34.062805 10.603956 13.131552 -3.407664 -34.090820 19.532711 6.794363
-11.931826 -5.040275 -17.335686 -29.051678 20.645367 -15.365263 -17.913044 -33.159557 9.814477 -6.531692 -2.449295 1.092705 -11.014311 -41.784019 10.797795 -8.021552 -12.258823 -30.783211 12.391553 -16.293564 -9.610317 -7.967938 6.371564 -34.570129 11.426755 13.854383 -5.822409 -34.728214 20.121559 4.724865
-13.531453 -8.349426 -16.366350 -28.694733 22.119663 -14.475536 -19.903339 -33.675999 11.637520 -9.663065 -3.960506 -0.658066 -8.248669 -41.936493 12.788420 -7.146378 -15.332547 -30.783060 13.997553 -18.165363 -10.717731 -11.514578 8.292747 -34.732670 12.595494 14.621388 -8.809136 -35.524040 21.219629 1.973119
-14.124760 -11.809635 -16.006771 -28.255875 23.565441 -13.000207 -22.557333 -34.148354 13.283069 -12.873256 -4.193851 -3.270594 -5.089475 -41.423000 15.561424 -6.485127 -18.335251 -30.897070 15.876118 -21.120146 -11.739185 -14.599402 10.886041 -34.623997 14.324822 15.150079 -12.431424 -36.263382 23.343647 -0.684010
-14.108962 -14.622949 -14.343621 -27.946623 24.893862 -11.983232 -24.545298 -33.499557 15.112689 -16.240364 -4.478765 -4.718819 -1.603202 -40.756599 18.657568 -5.856240 -21.389095 -29.902617 17.968311 -23.524179 -11.376439 -16.635458 14.468616 -34.794582 15.981471 16.015234 -15.169845 -36.091820 25.006716 -4.520916
-13.136723 -18.562275 -11.751804 -27.393204 26.313280 -11.573705 -27.371208 -32.875740 17.793652 -19.992893 -4.269700 -5.896933 2.358934 -39.876228 20.590103 -5.580332 -24.626846 -29.963169 18.992830 -26.095491 -9.589138 -18.562441 19.773624 -36.101822 15.786036 17.187344 -18.277782 -36.591686 25.647915 -8.206632
-12.620796 -20.480553 -10.204487 -26.756357 27.433897 -11.310512 -28.129217 -32.406048 19.413057 -23.453890 -4.191068 -6.759757 4.972490 -39.395794 21.932293 -5.371864 -26.446407 -30.425728 19.226936 -27.899263 -8.765882 -19.418804 22.786081 -36.917686 15.721799 17.840004 -19.424212 -37.062313 25.061468 -10.174052
-12.491020 -20.656456 -9.957162 -26.597393 27.708078 -11.219535 -28.131096 -32.308151 19.558252 -24.014513 -4.139313 -6.922732 5.253947 -39.274960 22.064800 -5.354628 -26.739981 -30.515406 19.251991 -28.125790 -8.573235 -19.510294 23.270073 -36.955959 15.755272 17.884827 -19.643280 -37.164711 24.969370 -10.418843
-12.499247 -20.674290 -9.952673 -26.595814 27.710278 -11.226496 -28.133017 -32.317482 19.560444 -24.010086 -4.137412 -6.921684 5.257244 -39.276226 22.061092 -5.354853 -26.745237 -30.521143 19.249733 -28.128267 -8.575483 -19.517563 23.276501 -36.955906 15.763886 17.882160 -19.648766 -37.170494 24.967712 -10.419313
-12.499247 -20.674290 -9.952673 -26.595814 27.710278 -11.226496 -28.133017 -32.317482 19.560444 -24.010086 -4.137412 -6.921684 5.257244 -39.276226 22.061092 -5.354853 -26.745237 -30.521143 19.249733 -28.128267 -8.575483 -19.517563 23.276501 -36.955906 15.763886 17.882160 -19.648766 -37.170494 24.967712 -10.419313
-12.501106 -20.672544 -9.954162 -26.597170 27.709290 -11.226732 -28.132420 -32.317551 19.560808 -24.010763 -4.139019 -6.919472 5.255844 -39.277546 22.059479 -5.355563 -26.744886 -30.523155 19.251118 -28.128233 -8.575714 -19.516918 23.277519 -36.955437 15.763582 17.883091 -19.648211 -37.171551 24.968996 -10.418487
-12.495457 -20.659470 -9.959675 -26.596092 27.712021 -11.222060 -28.128853 -32.310974 19.557863 -24.016914 -4.141640 -6.919099 5.253846 -39.276508 22.063911 -5.356649 -26.737762 -30.518892 19.251757 -28.128727 -8.571743 -19.513166 23.273863 -36.949543 15.763760 17.882490 -19.646063 -37.174324 24.966995 -10.417020
-12.493014 -20.657028 -9.959095 -26.597298 27.710789 -11.221543 -28.132471 -32.310844 19.558649 -24.017817 -4.141138 -6.920338 5.252098 -39.274086 22.062706 -5.357154 -26.741596 -30.520018 19.251350 -28.126902 -8.572628 -19.512321 23.272875 -36.951199 15.762236 17.884115 -19.646025 -37.173355 24.967693 -10.416891
-12.491864 -20.652864 -9.959434 -26.598003 27.711508 -11.219308 -28.128973 -32.309677 19.556570 -24.024099 -4.140970 -6.920738 5.249674 -39.272465 22.062397 -5.357993 -26.736774 -30.516966 19.252390 -28.127825 -8.566866 -19.511414 23.274185 -36.945324 15.762038 17.882601 -19.647778 -37.175720 24.964741 -10.415092
-7.617088 -15.510798 -9.829071 -24.447752 29.779816 -7.604109 -27.260065 -31.114670 18.578329 -29.002550 -3.564137 -11.685498 15.369866 -43.765255 17.226109 -13.735985 -31.891136 -25.263664 31.146015 -21.811279 -8.090334 -15.827671 20.939661 -37.285885 14.752246 20.174543 -16.589712 -36.884197 23.807964 -13.955340
-7.617088 -15.510798 -9.829071 -24.447752 29.779816 -7.604109 -27.260065 -31.114670 18.578329 -29.002550 -3.564137 -11.685498 15.369866 -43.765255 17.226109 -13.735985 -31.891136 -25.263664 31.146015 -21.811279 -8.090334 -15.827671 20.939661 -37.285885 14.752246 20.174543 -16.589712 -36.884197 23.807964 -13.955340
-7.617088 -15.510798 -9.829071 -24.447752 29.779816 -7.604109 -27.260065 -31.114670 18.578329 -29.002550 -3.564137 -11.685498 15.369866 -43.765255 17.226109 -13.735985 -31.891136 -25.263664 31.146015 -21.811279 -8.090334 -15.827671 20.939661 -37.285885 14.752246 20.174543 -16.589712 -36.884197 23.807964 -13.955340
-8.017821 -15.237520 -10.717115 -25.660927 29.239649 -7.343259 -27.066538 -31.653986 16.787008 -29.422997 -5.634276 -13.156758 12.481425 -45.677364 15.508959 -11.149694 -31.929108 -27.638468 26.406437 -21.038734 -8.336559 -16.639814 20.721643 -37.118793 15.340055 20.072395 -16.211855 -37.757526 22.881138 -14.175788
-8.001542 -15.198419 -10.756025 -25.703501 29.255726 -7.396426 -26.973574 -31.665852 16.699011 -29.536484 -5.594441 -13.137339 12.519842 -45.633259 15.542900 -11.233006 -31.939875 -27.737074 26.355742 -21.062235 -8.355841 -16.660816 20.819263 -37.199005 15.197861 20.166731 -16.176949 -37.782230 22.877697 -14.088754
-8.007665 -15.192289 -10.758134 -25.728165 29.234240 -7.397242 -26.963905 -31.669390 16.675335 -29.534573 -5.595586 -13.141388 12.514837 -45.638542 15.546002 -11.246540 -31.955017 -27.728224 26.353720 -21.052237 -8.351313 -16.660744 20.829542 -37.198406 15.193191 20.175100 -16.169947 -37.786480 22.881561 -14.085492
-8.012691 -15.191045 -10.752799 -25.738611 29.226912 -7.402176 -26.967243 -31.669239 16.679920 -29.531599 -5.593609 -13.143408 12.514310 -45.628323 15.552091 -11.244256 -31.953396 -27.732349 26.344511 -21.053698 -8.353716 -16.656416 20.834810 -37.209560 15.184689 20.172819 -16.167994 -37.781979 22.887842 -14.091455
-8.011600 -15.165901 -10.754798 -25.763609 29.205090 -7.390358 -26.964823 -31.670992 16.664881 -29.534044 -5.591995 -13.144927 12.512963 -45.614754 15.550556 -11.242669 -31.976416 -27.748566 26.336998 -21.038740 -8.355924 -16.642159 20.823759 -37.215977 15.176686 20.183397 -16.153603 -37.773670 22.911734 -14.111091
-8.013981 -15.181284 -10.762841 -25.734869 29.230673 -7.396446 -26.964327 -31.668499 16.676233 -29.527021 -5.602422 -13.139892 12.508977 -45.633865 15.550116 -11.248708 -31.953861 -27.730288 26.352028 -21.051550 -8.352765 -16.637684 20.820126 -37.213089 15.181132 20.186632 -16.160635 -37.773109 22.904171 -14.104470
-8.013581 -15.182861 -10.762856 -25.734491 29.231113 -7.397811 -26.964005 -31.668108 16.676971 -29.529486 -5.600166 -13.138648 12.510632 -45.631481 15.552008 -11.247457 -31.952845 -27.729364 26.350954 -21.052967 -8.350960 -16.636354 20.822607 -37.211235 15.180702 20.188169 -16.159510 -37.774738 22.906128 -14.104970
-8.014871 -15.171793 -10.753639 -25.751966 29.213766 -7.396186 -26.966682 -31.672113 16.677412 -29.531895 -5.593975 -13.134933 12.512981 -45.621380 15.550504 -11.236502 -31.971006 -27.738640 26.347401 -21.041960 -8.349326 -16.630949 20.825956 -37.219929 15.171581 20.183195 -16.154495 -37.776104 22.913269 -14.115718
-8.014140 -15.167968 -10.755264 -25.754370 29.210175 -7.396591 -26.967699 -31.674210 16.672707 -29.529720 -5.597100 -13.140678 12.512294 -45.620739 15.550566 -11.244334 -31.971012 -27.745321 26.341154 -21.040239 -8.348683 -16.629507 20.824469 -37.222530 15.170868 20.181856 -16.155037 -37.775799 22.911629 -14.118742
-8.016840 -15.171743 -10.762535 -25.748661 29.217003 -7.398745 -26.968332 -31.669970 16.682230 -29.532896 -5.598863 -13.133882 12.504310 -45.627304 15.550137 -11.238509 -31.964802 -27.733829 26.348066 -21.045551 -8.349252 -16.638752 20.827547 -37.216949 15.175447 20.179276 -16.155941 -37.777065 22.908354 -14.109917
