-0.757748 8.345517 -31.863237 -5.330827 20.037729 16.242235 -2.185266 -12.297817 16.682840 43.334106 -4.808582 -4.262771 -48.516785 -27.037544 10.735359 -15.674574 0.203767 -1.856885 16.207029 30.948887 -6.545819 -0.150829 -34.738445 -10.337898 12.808144 3.508507 1.915662 -9.052353 34.688717 36.966137
-0.602685 7.924739 -32.402393 -5.189301 19.773458 16.370266 -2.370359 -12.276251 16.765511 43.266098 -4.371966 -4.553682 -48.955643 -26.871027 10.394204 -15.672156 0.148680 -2.062676 16.250032 30.666853 -6.247710 -0.504141 -35.091518 -10.361844 12.394464 3.758602 1.738017 -9.228255 34.734875 36.771358
-0.153039 7.409301 -33.007507 -4.900145 19.476347 16.648052 -2.805403 -12.267340 16.937641 42.939857 -3.736239 -5.106385 -49.766106 -26.480951 10.012614 -15.524270 -0.187919 -2.370007 16.375740 30.230206 -5.680362 -0.943293 -35.495132 -10.138545 12.032938 4.285213 1.211237 -9.438123 34.834148 36.382908
0.472232 6.635482 -33.826984 -4.607547 18.949615 16.986105 -3.363047 -12.253067 17.143526 42.310463 -2.766424 -5.881033 -50.745453 -26.003172 9.441716 -15.372032 -0.538536 -2.758085 16.472002 29.603310 -4.786015 -1.440978 -35.979427 -9.922180 11.392929 4.979389 0.576659 -9.593596 34.872143 36.134537
1.188265 5.799205 -34.927307 -4.345862 18.241541 17.294020 -3.777062 -12.260135 17.236834 41.701378 -1.492637 -6.942367 -51.957783 -25.508589 8.575236 -15.261668 -0.834399 -3.045085 16.797623 28.772758 -3.985960 -2.415057 -36.594856 -9.893487 10.518086 5.832375 -0.155641 -9.686518 34.884850 35.972260
2.239881 4.729489 -36.127148 -4.109794 17.295973 17.582703 -4.124270 -12.231009 17.338331 40.603657 -0.138481 -8.148685 -53.095474 -24.934437 7.784683 -15.090552 -1.150119 -3.248739 17.043850 27.837215 -2.937808 -3.714107 -37.107613 -9.887187 9.540211 6.872195 -0.876369 -9.923288 34.631416 35.368755
3.340297 3.780697 -37.329250 -3.990950 16.246786 17.781555 -4.529623 -12.616180 17.364578 39.132690 1.241035 -9.231330 -53.876507 -24.607494 6.904385 -15.004742 -1.291298 -3.654352 17.287668 26.443846 -1.822704 -4.842290 -37.179485 -10.032821 8.707727 7.857875 -1.479632 -10.320823 34.216530 34.444637
4.604227 2.256302 -38.972729 -3.828444 14.979359 18.074917 -4.968277 -12.968097 17.502645 37.292725 3.290351 -10.378601 -54.955166 -24.527325 5.462470 -14.675211 -1.384820 -4.219100 17.443439 24.461710 -0.490265 -6.530584 -37.602497 -10.455351 7.275899 8.823698 -2.087698 -10.848557 33.816257 33.656513
5.389583 0.953058 -40.368633 -3.832353 13.901955 18.163052 -5.201684 -13.305628 17.797600 35.845451 4.847750 -11.195130 -55.414532 -24.868298 4.175670 -14.132956 -1.545545 -4.803011 17.484068 22.378345 0.687588 -8.233112 -37.751179 -11.040528 6.037635 9.302383 -2.389884 -11.452289 33.474075 32.658813
6.296238 -0.137968 -41.671078 -3.711991 12.922752 17.701038 -4.919368 -13.843880 18.240576 34.000885 6.788376 -11.898934 -55.640388 -25.064205 3.118534 -13.662140 -1.750680 -5.640355 17.544804 20.164877 2.002018 -9.954586 -37.430946 -11.764490 4.780726 9.651882 -2.511393 -12.217375 32.857868 31.472366
7.400154 -1.273407 -42.704514 -3.516504 12.067082 17.128769 -4.341075 -14.433059 18.470362 31.960773 8.516060 -12.626193 -55.663700 -25.270864 2.179400 -13.336509 -1.966189 -5.941250 17.713835 18.448460 3.826964 -11.592582 -37.158539 -12.305613 3.467432 9.956902 -2.529143 -12.712018 32.270687 30.243706
8.163642 -2.656723 -43.267380 -3.265071 11.547386 16.798119 -3.943788 -14.950699 18.676733 29.971277 10.057924 -13.193197 -54.905361 -25.588032 1.458629 -12.920619 -2.256953 -6.219537 17.663147 16.684996 5.196834 -13.113040 -36.795170 -12.712139 2.537151 10.583369 -2.975446 -13.094025 32.072681 28.662964
8.880272 -3.770075 -43.512142 -3.098351 11.118200 16.373466 -3.382961 -15.358704 18.691143 28.268213 11.433576 -13.784993 -54.167141 -26.017670 0.696944 -12.679760 -2.605670 -6.395564 17.941536 15.017302 6.660593 -14.382871 -36.287498 -13.088254 1.611017 10.659321 -3.026079 -13.256363 31.901810 27.625343
9.429121 -4.860343 -43.721672 -3.098182 10.686059 16.070574 -2.975620 -15.907743 18.574404 26.702291 12.836885 -14.068870 -53.533081 -26.242050 0.206138 -12.509184 -2.454639 -6.713837 17.761919 13.600656 7.871063 -15.372150 -35.489010 -13.104812 1.503305 10.814699 -3.037202 -13.362039 31.666525 26.273851
9.983698 -5.772403 -43.898323 -2.981241 10.384610 15.654315 -2.542915 -16.361769 18.534679 25.407530 13.952776 -14.503996 -53.009453 -26.481983 -0.186928 -12.274091 -2.421438 -7.020602 17.564503 12.279136 9.153220 -16.127493 -35.000027 -13.216616 1.020158 10.815933 -3.061283 -13.552958 31.435452 25.561537
10.661148 -6.504802 -43.927185 -2.884758 10.110672 15.438027 -2.318693 -16.706945 18.411276 24.342707 15.011250 -14.855855 -52.560608 -26.728268 -0.590914 -11.972335 -2.446201 -7.266900 17.353348 11.161005 10.085202 -16.786598 -34.406052 -13.140397 0.974463 10.999799 -3.255686 -13.468933 31.401772 24.646439
11.277821 -7.017056 -43.822395 -2.821827 9.918900 15.141529 -2.067276 -17.093002 18.302748 23.299551 15.588196 -14.942245 -52.023842 -26.927031 -0.765732 -11.762140 -2.458978 -7.468339 17.094276 10.398715 11.167811 -17.124428 -33.799847 -13.145981 0.814893 11.133919 -3.339747 -13.604445 31.205215 23.816513
11.579509 -7.268054 -43.781010 -2.869225 9.723348 14.936969 -1.901038 -17.385633 18.178410 22.738415 16.150438 -15.042940 -51.565277 -27.039549 -0.986161 -11.705380 -2.388255 -7.699594 16.859924 9.834451 11.950179 -17.478806 -33.322395 -13.215875 0.615390 11.124993 -3.324581 -13.710867 31.032694 23.297516
11.718567 -7.412164 -43.864960 -2.888156 9.598989 14.877791 -1.858814 -17.562181 18.112181 22.480333 16.477427 -15.081331 -51.375637 -27.169308 -1.237184 -11.660801 -2.338526 -7.777122 16.751587 9.570919 12.333913 -17.685785 -33.081596 -13.288518 0.465962 11.166557 -3.299644 -13.735372 30.897257 23.054956
11.742397 -7.453873 -43.847366 -2.922081 9.564746 14.865587 -1.869315 -17.621843 18.078314 22.391985 16.574312 -15.086984 -51.238655 -27.188921 -1.231607 -11.617841 -2.335566 -7.808722 16.661587 9.471501 12.441530 -17.698603 -32.968494 -13.290665 0.461919 11.218946 -3.326047 -13.725448 30.846561 22.963385
11.357137 -7.295619 -43.500347 -2.909804 10.130482 15.104645 -2.163641 -17.360723 18.506090 22.239412 16.035963 -14.974527 -51.309532 -27.329685 -0.791195 -11.233502 -2.490686 -7.661451 16.722795 9.346135 11.875036 -17.198906 -32.941715 -13.053471 1.183543 11.311309 -3.420741 -13.524183 31.068066 22.896029
10.512387 -6.013703 -42.873520 -2.733652 11.587895 15.648585 -2.995435 -16.719885 19.932344 22.311956 14.016571 -14.772165 -51.813015 -27.484470 0.441120 -10.431943 -3.119208 -7.892083 16.607637 9.433177 10.615272 -15.536295 -32.981281 -12.492604 2.831564 11.618104 -3.626395 -13.474972 31.441189 22.860432
8.399613 -3.880036 -42.077484 -2.794368 13.694715 15.886303 -3.266501 -16.197752 21.826128 22.013773 10.270385 -13.309633 -51.981400 -28.029373 2.387494 -9.630134 -2.869752 -8.709685 15.475593 9.910358 8.081987 -12.815192 -33.062698 -12.512174 4.817493 12.196253 -3.057822 -13.826491 31.678455 21.984850
5.338391 -1.730669 -41.334595 -2.734320 15.953135 15.261236 -2.351209 -16.075480 23.869724 21.834574 7.546063 -11.086037 -50.817211 -28.791666 3.830539 -9.592075 -1.814242 -10.105295 13.908986 10.842649 4.904280 -10.725486 -32.875454 -13.198118 6.738142 11.082304 -0.823479 -14.551092 31.415752 21.007364
0.690261 -0.921051 -40.188324 -2.478269 18.666824 14.169761 -0.382547 -16.348808 25.248539 22.628910 3.239711 -7.478367 -48.775402 -32.058727 3.999569 -10.023562 0.046143 -11.132328 13.534055 11.489395 -0.981070 -10.375231 -32.850479 -16.506632 6.661625 8.978599 2.040801 -16.552691 30.635199 21.425995
-3.638598 -0.309499 -40.499760 -3.967030 19.420914 13.788433 1.204330 -16.328449 25.793459 23.026234 0.301468 -2.549333 -47.141033 -34.617558 4.343480 -10.628347 1.476679 -12.296861 14.766258 10.194455 -6.461572 -11.169801 -32.686378 -19.510216 6.107367 7.044658 4.441720 -18.572899 29.196657 22.511471
-7.893476 1.370656 -39.910122 -7.994644 18.432898 13.229534 1.696290 -18.486912 24.811691 20.877508 -2.717066 2.084149 -46.213535 -33.524265 8.024952 -10.420420 1.150383 -12.198771 16.129467 8.906154 -11.212708 -11.075540 -31.974409 -20.841801 7.945880 5.715863 5.821254 -20.757620 28.888441 20.059961
-10.239848 4.476051 -37.675240 -12.801764 16.384125 12.511089 1.814017 -21.264164 23.029369 18.827177 -4.314136 7.541848 -43.754364 -32.073776 11.737069 -10.679734 0.914539 -13.944796 16.916477 7.411588 -14.153842 -8.488819 -30.766508 -21.116383 10.989086 4.860713 7.923575 -22.833748 28.728773 16.043169
-11.586667 5.733030 -34.435726 -16.471407 14.959578 11.099277 1.025832 -24.213398 22.092058 15.972589 -6.075331 10.867639 -39.236027 -32.765961 14.850409 -9.767754 0.518027 -15.979572 16.335779 3.774003 -15.178988 -4.102301 -27.897026 -21.437338 13.300466 6.073681 8.284925 -23.350534 29.581224 11.323405
-12.855101 5.637774 -30.439758 -19.385162 14.954428 10.066116 0.648382 -26.406790 21.061152 13.355147 -7.079061 11.862685 -36.142643 -33.608250 17.271799 -7.969934 0.483988 -18.195740 13.829135 0.175232 -14.817985 -1.611307 -25.260702 -21.244120 15.586852 7.066318 8.847052 -24.267040 28.654451 7.569511
-14.192576 5.634928 -28.441790 -22.414917 14.196589 9.316427 1.549614 -28.596880 19.947222 9.243812 -8.092769 11.203291 -32.815567 -34.583248 18.391640 -7.899831 1.142786 -20.586838 11.784115 -2.334476 -14.112833 -1.714128 -22.444735 -23.306242 15.380450 7.246438 10.319074 -26.087288 26.579363 4.308394
-15.101073 4.540599 -26.539871 -23.440851 14.336794 8.500333 2.882423 -30.808184 17.897779 6.771677 -8.467267 9.821001 -29.876568 -34.776772 19.380436 -7.465551 2.270143 -22.830532 9.682785 -5.876011 -14.384513 -1.994517 -19.698917 -24.874073 16.036863 8.172546 11.495975 -27.941576 23.639738 2.156338
-15.804544 2.034124 -23.963964 -23.790974 14.159597 6.213040 2.583948 -33.690765 17.195007 5.735693 -8.480725 6.008929 -27.121735 -35.236847 18.202093 -8.823598 2.216261 -24.235405 9.547605 -7.505982 -14.790963 -3.064026 -15.267962 -26.707207 15.172392 9.073899 9.359215 -29.787294 20.965256 3.027319
-15.071595 0.802804 -21.878023 -24.812132 12.172520 3.496545 1.261698 -35.449566 17.575922 6.030501 -7.438810 4.989781 -24.354248 -36.370251 16.177921 -10.188519 1.839082 -24.555588 10.136159 -8.330385 -14.977911 -3.063043 -12.687988 -29.281181 12.605577 9.674129 7.892856 -29.694109 20.642080 5.508661
-13.222634 -0.181897 -19.705751 -25.766685 10.060281 0.906034 -0.734536 -37.101589 18.491753 6.232698 -5.534220 3.806418 -21.904842 -38.788635 13.404282 -11.585102 1.450248 -25.425007 11.155570 -9.747529 -13.417650 -2.148355 -9.905650 -32.260628 9.332783 11.351114 5.760697 -30.005922 20.756472 7.119828
-12.040596 -1.330450 -17.041416 -26.836002 8.852086 -0.494495 -2.760708 -38.848484 18.255754 5.647182 -3.079679 4.286590 -19.904949 -40.257713 11.502995 -12.135157 0.359630 -26.453991 11.826163 -11.689225 -11.740612 -0.622371 -7.767730 -34.714294 6.571502 13.320002 4.415936 -29.604774 20.995230 7.858025
-10.507729 -2.473037 -15.013011 -27.336615 7.618890 -1.853575 -4.086321 -40.020550 17.882847 5.602920 -1.256009 4.114593 -18.430601 -41.343666 9.869285 -11.770856 -1.242082 -27.591280 11.806385 -12.896474 -10.196682 0.349532 -6.161075 -36.137123 4.460765 14.321491 3.247862 -29.765196 21.124071 8.532477
-9.199178 -3.255884 -13.564295 -27.677839 7.006536 -2.299272 -5.630704 -40.517166 18.107077 4.697106 0.194275 3.888886 -17.385769 -41.867687 8.781593 -10.771848 -3.355869 -27.921183 12.037824 -14.355449 -9.081684 0.579256 -4.188844 -37.060894 3.708708 15.130033 2.340662 -29.455029 21.867599 7.323410
-8.541750 -3.522737 -12.236174 -27.447063 7.173538 -2.788321 -6.812037 -40.872059 18.414635 4.995563 0.576695 3.937566 -16.599436 -42.328358 8.121807 -10.498219 -4.675441 -27.758488 12.360782 -14.290725 -8.520121 0.354615 -2.804714 -37.191322 3.683835 15.180472 1.429321 -29.305853 22.176060 7.436916
-8.231797 -3.530420 -11.576906 -27.440655 7.188550 -2.984518 -7.155832 -41.021740 18.425293 5.012418 0.765457 4.095133 -16.229372 -42.472870 7.823603 -10.375772 -5.388510 -27.793753 12.409214 -14.101264 -8.235144 0.380353 -2.288768 -37.183872 3.629479 15.332440 1.031613 -29.200508 22.234192 7.586592
-8.243735 -3.450444 -11.533552 -27.468832 7.211739 -2.971098 -7.196623 -41.019794 18.461096 4.952010 0.772476 4.026103 -16.231583 -42.504044 7.806361 -10.346192 -5.411658 -27.794813 12.470540 -14.193848 -8.266647 0.393194 -2.256876 -37.214676 3.664130 15.420948 1.018676 -29.201311 22.286140 7.474580
-8.143919 -3.624685 -11.351961 -27.399532 7.374008 -2.909126 -7.411190 -41.248444 18.439987 4.523612 0.758882 3.932259 -16.062038 -42.494289 7.874603 -10.216063 -5.577458 -28.026529 12.426976 -14.469831 -8.287477 0.263879 -2.095596 -37.270580 3.680212 15.627975 0.866073 -29.321064 22.205582 7.370655
-8.166004 -3.794017 -10.907914 -27.358566 7.574259 -2.977043 -7.758582 -41.603817 18.493700 4.255692 0.708979 3.760749 -15.793650 -42.471455 7.875684 -10.106808 -6.041803 -28.488373 12.393130 -14.654115 -8.422215 0.231632 -1.634300 -37.322357 3.945951 15.717835 0.666238 -29.599903 22.082922 7.240489
-8.300574 -4.025600 -10.358259 -27.279913 7.855701 -3.052542 -8.287782 -42.051533 18.737562 3.782854 0.540194 3.569001 -15.357831 -42.279259 8.128167 -9.962626 -6.664226 -28.891197 12.382692 -14.907929 -8.658019 0.087151 -1.124685 -37.547894 4.140913 16.083918 0.238447 -29.840855 22.121956 6.751700
-8.671373 -4.216146 -9.764576 -27.341932 8.184737 -3.083770 -8.809841 -42.452896 18.965965 3.484459 0.198360 3.238140 -14.591390 -42.198261 8.293013 -9.823256 -7.430005 -29.224207 12.364015 -15.134394 -9.020400 0.002655 -0.165872 -37.596394 4.750757 16.140165 -0.226709 -30.156736 22.187222 6.097148
-9.272405 -4.216966 -9.375121 -27.489876 8.577622 -2.868101 -9.194892 -42.616718 19.235086 3.088037 -0.214830 3.159496 -13.649742 -42.151169 8.790644 -9.465266 -8.344922 -29.542421 12.266572 -15.379859 -9.527312 -0.017952 0.719509 -37.416203 5.726061 16.134272 -0.545370 -30.395006 22.261984 5.116894
-9.903037 -4.773020 -8.553165 -27.508808 9.112978 -2.705176 -9.929537 -43.153271 19.601326 2.087636 -0.793588 2.679336 -12.620404 -41.973251 9.516674 -9.065241 -9.475734 -30.007757 11.989318 -15.565764 -9.962975 -0.895050 1.810729 -37.449238 6.282909 16.126242 -1.214993 -30.714655 22.033344 4.493790
-10.416920 -5.027793 -8.028907 -27.402889 9.528641 -2.326400 -10.756873 -43.377377 20.022966 1.189434 -1.606516 2.150896 -12.013767 -41.880104 10.083454 -8.494594 -10.548731 -30.063332 12.076861 -15.745429 -10.442399 -1.902931 2.894806 -37.500313 6.978910 16.258915 -2.155363 -30.828814 22.365242 3.508009
-10.862152 -6.036047 -7.411566 -27.275545 9.771375 -2.099657 -12.218540 -44.177746 20.695503 0.069150 -2.449295 1.092705 -11.014311 -41.784019 10.797795 -8.021552 -12.258823 -30.783211 12.391553 -16.293564 -11.017216 -3.638935 4.113371 -37.975826 7.165683 16.584225 -3.389565 -31.308048 22.570095 2.413087
-11.464024 -7.287588 -6.881196 -26.894312 10.449285 -1.600949 -13.424937 -44.389950 21.592310 -1.282126 -3.366287 0.301682 -9.791745 -41.778049 11.600751 -7.623017 -13.925972 -31.028540 12.969464 -16.807446 -11.485124 -5.163481 4.880382 -38.089676 7.641001 17.095339 -4.884308 -31.555706 23.149853 1.135438
-12.454843 -9.337582 -6.431311 -26.922056 11.242071 -1.194477 -14.205552 -44.678879 22.521616 -3.054994 -3.960506 -0.658066 -8.248669 -41.936493 12.788420 -7.146378 -15.332547 -30.783060 13.997553 -18.165363 -12.306087 -6.929239 5.663172 -38.436733 8.229071 17.229399 -6.215194 -31.756088 24.126850 -0.332115
-12.682704 -11.269468 -6.288779 -26.670250 11.914600 -0.542742 -15.413945 -44.762985 23.372442 -4.597174 -4.008082 -2.082984 -6.662584 -41.625721 14.086100 -6.799654 -17.025003 -30.819750 14.960113 -19.647615 -13.116426 -8.436500 6.436318 -38.566669 8.821017 17.716276 -7.868318 -31.841393 25.123941 -1.318361
-13.037098 -12.790853 -6.075747 -26.461409 12.677165 0.278861 -16.828978 -45.143230 24.190617 -6.258157 -4.193851 -3.270594 -5.089475 -41.423000 15.561424 -6.485127 -18.335251 -30.897070 15.876118 -21.120146 -13.904194 -9.773609 7.662575 -38.573860 9.687962 17.540535 -9.308023 -32.166336 26.355684 -2.720905
-13.128233 -14.036452 -5.195909 -26.201418 13.530269 0.810259 -17.910168 -44.716316 25.168066 -7.580480 -4.384459 -4.026898 -3.182375 -41.086960 17.274794 -6.125519 -20.113441 -30.389032 17.046909 -22.314348 -14.103993 -10.625305 9.055269 -39.107994 9.893791 18.402782 -10.483704 -32.026649 27.179283 -4.615774
-13.017685 -15.608477 -4.427960 -26.127211 14.004122 1.281633 -18.786234 -44.491211 26.043789 -9.631802 -4.478765 -4.718819 -1.603202 -40.756599 18.657568 -5.856240 -21.389095 -29.902617 17.968311 -23.524179 -13.628762 -11.547200 10.848589 -39.315353 10.268882 18.628628 -11.544997 -32.092705 27.775387 -6.477106
-12.584569 -17.448776 -3.507448 -25.951155 14.597303 1.735622 -19.770338 -43.680157 27.259739 -11.440295 -4.273148 -5.249457 0.031577 -40.245167 19.608351 -5.634266 -22.759020 -29.596472 18.507030 -24.831438 -12.814844 -12.477481 13.233171 -40.039337 10.107525 19.236595 -12.538697 -32.372570 27.620312 -8.428253
-12.046909 -19.552219 -1.854187 -25.558378 15.417726 1.678136 -21.589977 -43.871082 28.739130 -13.389729 -4.269700 -5.896933 2.358934 -39.876228 20.590103 -5.580332 -24.626846 -29.963169 18.992830 -26.095491 -11.822210 -13.658302 16.496128 -40.672787 10.058784 19.734367 -14.523831 -32.810371 27.907293 -10.071883
-11.815991 -20.864580 -0.741167 -25.217798 16.218988 1.780248 -22.116688 -43.661121 29.740721 -15.434538 -4.243024 -6.388657 4.102578 -39.664719 21.516565 -5.427845 -25.738691 -30.201109 19.109756 -27.169811 -11.550340 -14.163329 18.342142 -41.203281 10.122792 20.155073 -15.090052 -33.063248 27.431639 -11.221650
-11.539474 -21.477528 -0.313783 -24.914303 16.541996 1.928945 -22.342276 -43.408298 30.359402 -16.851986 -4.191068 -6.759757 4.972490 -39.395794 21.932293 -5.371864 -26.446407 -30.425728 19.226936 -27.899263 -11.025510 -14.572779 19.626274 -41.429050 9.957784 20.398418 -15.768825 -33.330002 27.204960 -11.879017
-11.412024 -21.657656 -0.059214 -24.764015 16.807608 2.013907 -22.356007 -43.318726 30.501194 -17.405075 -4.136330 -6.918406 5.252256 -39.275085 22.056835 -5.355849 -26.751017 -30.521261 19.252312 -28.127087 -10.848621 -14.693602 20.111406 -41.472122 9.969637 20.438566 -16.060585 -33.417347 27.153307 -12.094050
-11.410704 -21.650101 -0.064187 -24.761621 16.811005 2.019125 -22.343332 -43.314346 30.495066 -17.408022 -4.139313 -6.922732 5.253947 -39.274960 22.064800 -5.354628 -26.739981 -30.515406 19.251991 -28.125790 -10.846513 -14.698501 20.117294 -41.467686 9.976212 20.433176 -16.059803 -33.422436 27.149649 -12.097057
-11.418900 -21.667952 -0.059721 -24.760019 16.813219 2.012188 -22.345259 -43.323704 30.497290 -17.403656 -4.137592 -6.921773 5.257276 -39.275944 22.061605 -5.354854 -26.744724 -30.520628 19.249950 -28.128294 -10.845111 -14.696023 20.118023 -41.465660 9.978611 20.432447 -16.063459 -33.427273 27.147675 -12.094687
-11.418900 -21.667952 -0.059721 -24.760019 16.813219 2.012188 -22.345259 -43.323704 30.497290 -17.403656 -4.137412 -6.921684 5.257244 -39.276226 22.061092 -5.354853 -26.745237 -30.521143 19.249733 -28.128267 -10.845162 -14.695978 20.117981 -41.465744 9.978446 20.432516 -16.063391 -33.427254 27.147514 -12.094373
-11.418900 -21.667952 -0.059721 -24.760019 16.813219 2.012188 -22.345259 -43.323704 30.497290 -17.403656 -4.137412 -6.921684 5.257244 -39.276226 22.061092 -5.354853 -26.745237 -30.521143 19.249733 -28.128267 -10.845162 -14.695978 20.117981 -41.465744 9.978446 20.432516 -16.063391 -33.427254 27.147514 -12.094373
-11.418900 -21.667952 -0.059721 -24.760019 16.813219 2.012188 -22.345259 -43.323704 30.497290 -17.403656 -4.137412 -6.921684 5.257244 -39.276226 22.061092 -5.354853 -26.745237 -30.521143 19.249733 -28.128267 -10.845162 -14.695978 20.117981 -41.465744 9.978446 20.432516 -16.063391 -33.427254 27.147514 -12.094373
-11.418859 -21.667498 -0.058580 -24.759975 16.812439 2.014064 -22.344669 -43.323933 30.499062 -17.403414 -4.138906 -6.919267 5.255293 -39.277992 22.058962 -5.355170 -26.743473 -30.522064 19.252346 -28.128887 -10.845133 -14.695417 20.118315 -41.465408 9.978124 20.433311 -16.063011 -33.427444 27.148737 -12.094513
-11.419689 -21.668451 -0.058672 -24.760435 16.811909 2.014224 -22.344351 -43.324940 30.498571 -17.403521 -4.139019 -6.919472 5.255844 -39.277546 22.059479 -5.355563 -26.744886 -30.523155 19.251118 -28.128233 -10.845407 -14.695336 20.118998 -41.465237 9.978166 20.433453 -16.062841 -33.428318 27.148817 -12.093510
-11.419689 -21.668451 -0.058672 -24.760435 16.811909 2.014224 -22.344351 -43.324940 30.498571 -17.403521 -4.139019 -6.919472 5.255844 -39.277546 22.059479 -5.355563 -26.744886 -30.523155 19.251118 -28.128233 -10.845407 -14.695336 20.118998 -41.465237 9.978166 20.433453 -16.062841 -33.428318 27.148817 -12.093510
-11.415403 -21.655737 -0.064547 -24.760008 16.812469 2.018868 -22.338690 -43.320084 30.495790 -17.408434 -4.141640 -6.919099 5.253846 -39.276508 22.063911 -5.356649 -26.737762 -30.518892 19.251757 -28.128727 -10.845161 -14.696757 20.119167 -41.462791 9.981471 20.432503 -16.061382 -33.429893 27.149210 -12.096303
-11.412961 -21.653290 -0.063963 -24.761215 16.811230 2.019388 -22.342321 -43.319946 30.496580 -17.409328 -4.141138 -6.920338 5.252098 -39.274086 22.062706 -5.357154 -26.741596 -30.520018 19.251350 -28.126902 -10.847800 -14.694530 20.113899 -41.464413 9.979708 20.437225 -16.060854 -33.426231 27.151882 -12.094329
-11.412961 -21.653290 -0.063963 -24.761215 16.811230 2.019388 -22.342321 -43.319946 30.496580 -17.409328 -4.141138 -6.920338 5.252098 -39.274086 22.062706 -5.357154 -26.741596 -30.520018 19.251350 -28.126902 -10.847800 -14.694530 20.113899 -41.464413 9.979708 20.437225 -16.060854 -33.426231 27.151882 -12.094329
-11.413144 -21.649048 -0.064363 -24.761671 16.812044 2.022916 -22.336851 -43.318375 30.493921 -17.413656 -4.141626 -6.918862 5.250659 -39.274616 22.063503 -5.357091 -26.731594 -30.515297 19.252485 -28.130159 -10.845647 -14.697326 20.117098 -41.462910 9.978630 20.432121 -16.060316 -33.428974 27.150192 -12.095456
-11.411366 -21.647070 -0.064357 -24.762901 16.810760 2.023186 -22.339636 -43.318752 30.494261 -17.414488 -4.140970 -6.920738 5.249674 -39.272465 22.062397 -5.357993 -26.736774 -30.516966 19.252390 -28.127825 -10.848277 -14.694973 20.111919 -41.464382 9.977712 20.436249 -16.059427 -33.425388 27.152769 -12.093814
-11.415689 -21.658783 -0.058535 -24.762545 16.810320 2.018963 -22.345493 -43.324245 30.496870 -17.408293 -4.141019 -6.920645 5.252655 -39.274345 22.059587 -5.356165 -26.744059 -30.521896 19.254055 -28.127050 -10.848573 -14.696367 20.114548 -41.464832 9.979033 20.436897 -16.061800 -33.424480 27.153883 -12.092600
-6.261595 -15.600604 -0.595271 -23.432629 19.104305 5.179090 -22.133665 -41.610195 28.188509 -23.180632 -3.564137 -11.685498 15.369866 -43.765255 17.226109 -13.735985 -31.891136 -25.263664 31.146015 -21.811279 -10.428747 -21.061979 26.837395 -45.232677 7.969325 10.674840 -20.164463 -28.660810 40.791050 -9.033968
-6.261595 -15.600604 -0.595271 -23.432629 19.104305 5.179090 -22.133665 -41.610195 28.188509 -23.180632 -3.564137 -11.685498 15.369866 -43.765255 17.226109 -13.735985 -31.891136 -25.263664 31.146015 -21.811279 -10.428747 -21.061979 26.837395 -45.232677 7.969325 10.674840 -20.164463 -28.660810 40.791050 -9.033968
-6.261595 -15.600604 -0.595271 -23.432629 19.104305 5.179090 -22.133665 -41.610195 28.188509 -23.180632 -3.564137 -11.685498 15.369866 -43.765255 17.226109 -13.735985 -31.891136 -25.263664 31.146015 -21.811279 -10.428747 -21.061979 26.837395 -45.232677 7.969325 10.674840 -20.164463 -28.660810 40.791050 -9.033968
-6.261595 -15.600604 -0.595271 -23.432629 19.104305 5.179090 -22.133665 -41.610195 28.188509 -23.180632 -3.564137 -11.685498 15.369866 -43.765255 17.226109 -13.735985 -31.891136 -25.263664 31.146015 -21.811279 -10.428747 -21.061979 26.837395 -45.232677 7.969325 10.674840 -20.164463 -28.660810 40.791050 -9.033968
-6.261595 -15.600604 -0.595271 -23.432629 19.104305 5.179090 -22.133665 -41.610195 28.188509 -23.180632 -3.564137 -11.685498 15.369866 -43.765255 17.226109 -13.735985 -31.891136 -25.263664 31.146015 -21.811279 -10.428747 -21.061979 26.837395 -45.232677 7.969325 10.674840 -20.164463 -28.660810 40.791050 -9.033968
-6.852732 -16.114916 -0.862583 -23.927555 18.376978 5.753881 -21.508011 -42.557640 27.588221 -22.941069 -5.426315 -13.189701 12.932597 -45.729832 15.455421 -11.878907 -31.705807 -27.464884 26.706247 -21.068798 -11.134265 -22.603796 26.579857 -44.675781 8.402817 10.664614 -20.754866 -29.195122 39.466068 -8.007886
-6.999548 -16.335997 -0.929664 -23.783331 18.432104 5.753863 -21.183844 -42.563587 27.749273 -22.916906 -5.634276 -13.156758 12.481425 -45.677364 15.508959 -11.149694 -31.929108 -27.638468 26.406437 -21.038734 -11.254201 -22.312572 26.360052 -44.393559 8.703005 10.703776 -20.801859 -29.355789 39.188137 -8.021667
-6.965080 -16.229998 -0.953568 -23.916815 18.411587 5.753498 -21.183880 -42.558372 27.631685 -23.007563 -5.593609 -13.129071 12.546104 -45.654423 15.550626 -11.187284 -31.906240 -27.681005 26.405407 -21.076960 -11.203708 -22.273121 26.461823 -44.299114 8.916438 10.587410 -20.796309 -29.500280 39.108501 -8.038569
-6.927134 -16.206417 -0.878231 -23.880657 18.376747 5.831491 -21.176094 -42.645889 27.633995 -22.949778 -5.594441 -13.137339 12.519842 -45.633259 15.542900 -11.233006 -31.939875 -27.737074 26.355742 -21.062235 -11.200827 -22.261930 26.526888 -44.266872 8.872297 10.667106 -20.703648 -29.553679 39.145359 -8.001461
-6.919644 -16.203926 -0.854331 -23.882776 18.370117 5.839837 -21.177179 -42.663265 27.630144 -22.938051 -5.596016 -13.138937 12.513059 -45.639034 15.545916 -11.244740 -31.953823 -27.726231 26.353241 -21.053097 -11.194863 -22.263186 26.536421 -44.269123 8.864685 10.673361 -20.700069 -29.555857 39.158710 -7.998123
-6.918257 -16.203516 -0.853008 -23.886215 18.366991 5.839802 -21.176662 -42.664383 27.627085 -22.940338 -5.595586 -13.141388 12.514837 -45.638542 15.546002 -11.246540 -31.955017 -27.728224 26.353720 -21.052237 -11.191836 -22.266634 26.537527 -44.266678 8.865370 10.671857 -20.698748 -29.557487 39.159649 -7.999901
-6.922710 -16.203806 -0.846105 -23.890192 18.366791 5.831584 -21.179010 -42.661003 27.637564 -22.938681 -5.593963 -13.143606 12.516538 -45.627926 15.551306 -11.244658 -31.956104 -27.733711 26.346106 -21.050953 -11.193105 -22.260544 26.535034 -44.271973 8.858802 10.675559 -20.691484 -29.554934 39.158146 -8.007695
-6.924381 -16.206509 -0.846200 -23.889696 18.368074 5.832341 -21.180038 -42.659786 27.638409 -22.937599 -5.593609 -13.143408 12.514310 -45.628323 15.552091 -11.244256 -31.953396 -27.732349 26.344511 -21.053698 -11.192567 -22.258331 26.534300 -44.270775 8.860572 10.676578 -20.690968 -29.554831 39.157459 -8.009300
-6.924537 -16.206623 -0.846520 -23.889824 18.368259 5.832068 -21.179724 -42.659245 27.638235 -22.937754 -5.595239 -13.143269 12.514850 -45.629353 15.551755 -11.244016 -31.953325 -27.731707 26.346769 -21.052940 -11.192983 -22.258371 26.533243 -44.270981 8.859812 10.675828 -20.691946 -29.554222 39.158840 -8.008798
-6.924722 -16.201366 -0.844101 -23.861698 18.380680 5.834402 -21.165773 -42.648212 27.689753 -22.933548 -5.591995 -13.144927 12.512963 -45.614754 15.550556 -11.242669 -31.976416 -27.748566 26.336998 -21.038740 -11.195316 -22.244381 26.522356 -44.277988 8.850558 10.686440 -20.678320 -29.547831 39.185272 -8.029637
-6.926382 -16.204224 -0.858682 -23.861813 18.383514 5.833730 -21.164349 -42.647667 27.671631 -22.932686 -5.601257 -13.140998 12.509964 -45.632565 15.550950 -11.246799 -31.958906 -27.731676 26.350489 -21.050344 -11.192748 -22.237545 26.522144 -44.279343 8.852020 10.683022 -20.688051 -29.545702 39.184948 -8.026338
-6.924727 -16.201283 -0.857671 -23.863230 18.382280 5.837260 -21.166395 -42.646942 27.671326 -22.932308 -5.602422 -13.139892 12.508977 -45.633865 15.550116 -11.248708 -31.953861 -27.730288 26.352028 -21.051550 -11.193570 -22.237074 26.524700 -44.279346 8.852058 10.686650 -20.689507 -29.545624 39.182228 -8.022115
-6.924843 -16.203531 -0.858039 -23.863474 18.382059 5.836459 -21.164726 -42.646351 27.672071 -22.934834 -5.600474 -13.138065 12.509734 -45.631706 15.551658 -11.247548 -31.953508 -27.729403 26.350973 -21.052734 -11.190776 -22.237000 26.525455 -44.279343 8.851398 10.687487 -20.685730 -29.547178 39.180233 -8.026371
-6.924605 -16.205015 -0.857530 -23.860426 18.383898 5.839256 -21.165152 -42.644066 27.676329 -22.934385 -5.600166 -13.138648 12.510632 -45.631481 15.552008 -11.247457 -31.952845 -27.729364 26.350954 -21.052967 -11.190515 -22.236271 26.526482 -44.277393 8.851630 10.689100 -20.685057 -29.547455 39.182575 -8.025830
-6.927183 -16.204559 -0.852004 -23.865501 18.380505 5.835132 -21.171127 -42.642082 27.684557 -22.932364 -5.599530 -13.139647 12.511651 -45.630802 15.552809 -11.246254 -31.952526 -27.728201 26.350452 -21.052919 -11.190445 -22.236244 26.526295 -44.277637 8.851221 10.689008 -20.684343 -29.547270 39.182892 -8.026327
-6.923341 -16.198488 -0.846511 -23.859291 18.379635 5.833977 -21.171391 -42.648945 27.690784 -22.930149 -5.593975 -13.134933 12.512981 -45.621380 15.550504 -11.236502 -31.971006 -27.738640 26.347401 -21.041960 -11.189543 -22.232599 26.522873 -44.281551 8.845713 10.687055 -20.678473 -29.550074 39.186153 -8.034311
-6.927545 -16.201580 -0.856806 -23.855244 18.385048 5.829699 -21.172770 -42.643353 27.693542 -22.931965 -5.596875 -13.139959 12.512069 -45.620953 15.550666 -11.244168 -31.971561 -27.744709 26.341629 -21.040638 -11.190153 -22.230219 26.522131 -44.282864 8.845475 10.687296 -20.679211 -29.548676 39.186771 -8.035932
-6.924970 -16.199202 -0.850908 -23.856413 18.383314 5.831056 -21.173105 -42.646214 27.692213 -22.930712 -5.597100 -13.140678 12.512294 -45.620739 15.550566 -11.244334 -31.971012 -27.745321 26.341154 -21.040239 -11.188910 -22.231173 26.521400 -44.284142 8.845010 10.685715 -20.679014 -29.549774 39.184513 -8.037332
-6.924366 -16.201666 -0.848132 -23.867916 18.376791 5.828914 -21.173122 -42.650536 27.677034 -22.929384 -5.597810 -13.135465 12.506931 -45.627396 15.549820 -11.240335 -31.964184 -27.733421 26.349977 -21.046206 -11.188927 -22.239960 26.524570 -44.278427 8.849671 10.683468 -20.679642 -29.550465 39.181744 -8.029040
-6.924479 -16.200920 -0.848457 -23.869555 18.375650 5.828402 -21.173399 -42.651913 27.675512 -22.929897 -5.598863 -13.133882 12.504310 -45.627304 15.550137 -11.238509 -31.964802 -27.733829 26.348066 -21.045551 -11.190199 -22.239126 26.522280 -44.277485 8.849968 10.684419 -20.679800 -29.551266 39.180004 -8.028157
-6.923538 -16.199972 -0.848252 -23.867729 18.376606 5.829435 -21.173416 -42.650490 27.677019 -22.928808 -5.597811 -13.135480 12.505830 -45.626545 15.550240 -11.237631 -31.962477 -27.733086 26.349146 -21.046349 -11.189338 -22.238853 26.522329 -44.276772 8.850259 10.684522 -20.679253 -29.550694 39.181072 -8.028581
