32.978397 -30.202869 -0.235353 -22.805672 26.364847 8.164124 6.110418 28.840145 5.894006 1.459050 37.905727 -30.031986 0.988731 -6.340410 33.135933 28.890942 6.204299 22.806942 6.421823 9.383725 28.517094 -27.436106 1.735734 -2.126337 34.363663 17.977945 4.369134 29.308016 18.587740 10.401220
32.827522 -30.594458 -0.138060 -22.909599 26.362059 8.094277 6.202808 28.645481 5.652527 1.407354 37.889423 -30.160456 1.185820 -6.634664 33.014645 29.182713 6.166840 22.624325 6.081276 9.282747 28.427607 -27.721756 2.044689 -2.441185 34.278770 18.044804 4.531914 29.131773 18.298405 10.185596
32.310665 -31.069796 -0.023140 -23.020691 26.432777 7.961419 6.385198 28.285885 5.324089 1.476455 37.685741 -30.319094 1.539258 -6.992733 32.923595 29.576118 6.083817 22.250069 5.571109 9.232385 28.152929 -28.017920 2.434070 -2.872169 34.204742 18.129673 4.742642 28.814394 17.921974 9.913983
31.876482 -31.959610 0.174357 -23.109402 26.547150 7.739614 6.620595 27.748346 4.906827 1.175636 37.353920 -30.295513 1.951612 -7.535519 32.718273 30.107653 5.967365 21.744789 4.966776 9.173326 27.924803 -28.608940 3.003326 -3.426044 34.166077 18.126507 5.139100 28.464025 17.429012 9.400874
31.162779 -32.715672 0.185056 -23.167494 26.553047 7.276493 6.814014 26.794962 4.363160 0.958893 36.894379 -30.543890 2.488683 -8.059948 32.604080 30.499031 5.790015 20.875751 4.194915 9.008986 27.743074 -29.355263 3.811372 -4.230212 33.997562 18.023500 5.665792 27.749376 16.668592 8.610628
30.270016 -33.946541 0.221257 -23.246628 26.737900 6.831983 7.203357 26.214682 3.865966 0.826602 36.397842 -30.904297 3.261495 -8.788468 32.374073 30.988346 5.864401 19.922064 3.164963 8.733648 27.487873 -30.533125 4.616162 -4.936357 34.006992 17.786818 6.353189 27.260994 15.840707 7.821868
29.581059 -35.244389 0.231149 -23.130535 26.917183 6.300924 7.354271 25.413610 3.320276 0.791813 35.951351 -31.217709 4.081213 -9.792480 32.019386 31.497253 6.129640 18.831161 1.932023 8.172316 27.172651 -31.797150 5.204888 -5.799793 33.718609 17.615612 7.044889 26.557476 14.928271 7.027209
28.872810 -36.501011 0.390632 -23.149679 26.881342 5.682297 7.643605 24.166388 2.601169 0.667985 35.361172 -31.432741 4.680825 -10.741590 31.683529 31.948517 6.530609 17.998898 0.926254 7.606605 26.751923 -32.963291 5.823046 -6.983145 33.121971 17.546551 7.872151 25.773098 13.813600 6.330999
28.243055 -37.685783 0.796724 -23.113892 27.070501 4.986665 7.963659 22.759260 1.796891 0.378372 34.804096 -31.648752 5.609966 -11.945318 31.307693 32.206924 7.059929 17.030539 -0.398702 6.961317 26.254192 -34.159348 6.910606 -8.679811 32.410484 17.338718 9.001659 24.648485 12.259763 5.412714
27.388140 -38.540497 1.300238 -23.113033 27.383081 4.686429 7.850585 21.587992 1.201168 0.512230 34.092117 -31.644899 6.275301 -13.034640 30.830873 32.422165 7.416544 15.717205 -1.391249 6.373905 25.650126 -35.213505 7.834663 -9.990393 32.044277 16.908028 9.869384 23.692566 11.079501 4.540274
26.994673 -39.441319 2.060384 -23.279034 27.385077 3.952878 8.003364 19.901634 0.307491 -0.095248 33.698280 -31.181549 7.415896 -14.180720 30.180155 32.673573 7.904070 14.461363 -2.724653 6.178919 25.349913 -36.062832 9.342088 -11.639761 31.324488 16.528778 11.007287 22.288406 9.535771 3.420902
26.007479 -40.180653 2.666276 -23.002550 27.816603 3.370558 7.989855 18.383337 -0.362645 0.082491 32.771080 -31.049294 8.142406 -15.088102 29.664221 32.956657 8.141872 13.264876 -3.841783 6.205090 24.892460 -37.033333 10.269689 -12.647261 31.038548 16.123068 11.622602 21.273087 8.416855 2.742292
24.930500 -40.902508 3.240135 -22.849270 28.268784 2.907093 7.648922 16.989687 -1.050916 0.194611 32.048038 -31.131077 9.305994 -16.137787 29.205112 33.526123 8.562274 11.905836 -5.256917 5.717657 24.189053 -37.690155 11.347698 -13.499799 31.069613 15.772161 12.111667 20.190926 7.706453 1.779441
23.916981 -41.332905 3.914216 -22.672777 28.878971 2.270885 7.709581 15.973777 -1.467106 0.186438 31.451101 -30.841049 10.467324 -17.029736 28.799351 33.777401 9.075922 10.663053 -6.360742 5.427639 23.587324 -37.884933 12.323315 -14.411782 30.880518 15.224963 12.984294 19.327845 6.999922 1.247240
23.052464 -41.730217 4.470310 -22.668055 29.281075 1.818890 7.713898 15.072522 -1.888985 0.213113 31.063997 -30.565147 11.244431 -17.521421 28.633432 33.894627 9.429801 9.747623 -7.065159 5.187269 23.313778 -37.955540 12.625296 -15.057613 30.408070 14.964260 13.324572 18.522629 6.559059 0.857544
22.122545 -42.223789 4.913608 -22.759605 29.607073 1.531772 7.539232 14.260236 -2.390231 0.560674 30.555725 -30.492649 11.805773 -17.972322 28.597971 34.029953 9.764484 9.239989 -7.643085 5.123040 22.892719 -38.057419 12.868224 -15.671588 30.174334 14.662938 13.831662 18.065567 6.182057 0.583189
21.727377 -42.547169 5.255825 -22.743156 29.720453 1.257777 7.215481 13.475428 -2.895151 0.803403 30.106390 -30.407284 12.146122 -18.364651 28.443848 34.075474 9.985131 8.658282 -8.120226 5.107470 22.587820 -38.169521 13.153077 -16.154720 30.008337 14.499125 14.210195 17.774242 5.908113 0.459881
21.343287 -42.685955 5.297165 -22.569069 29.808800 0.880546 6.976946 12.836974 -3.158925 1.102100 29.908186 -30.210262 12.149179 -18.671059 28.198448 34.138332 10.162849 8.352126 -8.490140 5.103487 22.296431 -38.062168 13.213482 -16.500916 29.790203 14.296915 14.494960 17.591833 5.782988 0.487042
21.078766 -42.693535 5.354303 -22.548050 29.788689 0.579941 6.965181 12.448824 -3.338215 1.331612 29.692724 -29.962624 12.047412 -18.797281 28.055172 34.002445 10.315975 8.066443 -8.592002 5.177765 22.137465 -37.963440 13.366985 -16.712111 29.733345 14.042340 14.768282 17.393356 5.730457 0.319838
20.834791 -42.721638 5.319720 -22.544041 29.819729 0.496375 6.913064 12.291533 -3.385136 1.492895 29.603874 -29.886963 12.098890 -18.890886 28.009279 33.978176 10.339552 7.928932 -8.675398 5.155071 22.038397 -37.953419 13.364721 -16.810057 29.678551 14.036382 14.769884 17.312899 5.734843 0.288984
21.045534 -42.707390 5.517489 -22.422161 29.539963 -0.027713 7.142291 11.863547 -3.802038 2.051477 29.918192 -28.880030 12.397552 -19.029045 27.669312 33.681435 10.385162 7.544034 -9.134830 5.377863 22.391724 -37.321987 13.867232 -17.163242 29.382147 13.610838 15.134681 17.192411 5.359793 0.547599
21.208172 -41.476143 7.017938 -22.104307 29.581379 -1.978403 8.101245 11.250672 -4.907204 4.331994 30.681320 -25.730078 13.309632 -19.670364 26.606274 32.688335 10.506373 7.432077 -10.478691 7.168536 23.665443 -34.755478 15.051160 -18.205845 28.428373 12.498976 15.926844 17.275576 4.357508 1.508765
22.217360 -37.033623 9.424180 -22.247246 29.434502 -5.001560 10.032971 10.563789 -5.917885 6.799268 31.188581 -20.357683 15.581542 -21.179651 25.649231 29.990973 11.969686 7.794594 -12.152768 10.836611 24.482491 -29.349648 16.398682 -20.034565 27.460344 10.523714 17.579660 18.383636 3.357551 4.033033
22.141348 -30.194544 11.890366 -22.541075 29.675459 -9.136604 13.911693 10.525802 -6.107750 10.682465 32.229149 -14.321711 18.547136 -21.810215 25.634615 26.680054 11.912454 7.931040 -13.618822 15.209588 23.794689 -21.007875 16.108940 -22.061043 26.582016 8.273895 19.807018 20.810043 3.232679 8.161639
21.326988 -19.726002 14.623262 -24.997427 28.295126 -12.587692 18.343170 10.646005 -5.884717 14.147187 32.414085 -5.278591 22.585648 -21.216648 26.509960 21.242809 11.718326 8.066902 -14.291074 20.920641 22.919926 -9.809226 17.225325 -23.778166 26.642035 4.195830 21.857317 22.014914 3.375732 13.003875
20.906012 -5.867014 17.749643 -28.685354 24.759752 -14.606069 21.595768 8.586580 -5.061090 18.839960 31.182676 5.809846 23.247778 -19.395721 28.438143 13.209167 11.039286 8.266581 -12.040359 27.158037 20.494553 1.730634 17.033594 -25.130249 25.498842 -1.518949 22.445238 19.552055 3.025831 21.035038
19.635054 5.851902 16.030766 -29.697170 19.981632 -16.220858 23.520733 5.453506 -3.426991 26.072004 27.508223 13.103072 20.788198 -18.262177 27.996002 2.368174 14.004547 4.612059 -9.660728 32.312233 17.906517 11.339952 15.211273 -26.895319 23.312157 -8.531598 22.648485 14.032600 3.394050 25.637138
18.174217 15.227616 10.466441 -27.856138 15.423765 -19.030621 23.410543 0.873354 -0.274221 35.591484 22.804539 15.856499 16.350113 -14.017869 28.215942 -7.450301 18.327641 0.439258 -3.611753 35.938133 17.525940 19.262274 13.056906 -22.942650 23.113470 -16.238443 23.014484 5.913068 7.698675 29.004387
16.413195 19.365963 2.974181 -26.704857 9.172186 -22.564522 22.347723 -7.384490 2.961119 35.041367 20.855078 16.557705 11.748881 -12.787076 25.792200 -15.176599 26.476698 -4.225887 2.491181 32.082291 17.662066 20.664562 7.755842 -20.342697 20.101336 -21.824581 22.321487 -2.697061 13.008939 27.162315
19.217093 17.768024 -4.011151 -25.470953 4.493338 -25.434793 20.267506 -14.455522 4.449727 26.212204 23.884836 13.645945 9.154535 -12.950237 21.645609 -19.444822 32.829918 -10.317446 4.609606 24.430159 19.033443 16.247980 3.285712 -15.625101 21.482437 -25.942055 22.049397 -7.860700 17.116978 21.065632
22.593836 14.607757 -8.995192 -23.982336 1.965356 -28.633949 22.904787 -23.025866 0.233058 14.923046 30.613045 8.303956 9.947956 -13.352739 17.554955 -21.099928 38.765224 -16.869083 5.711973 12.407234 25.092230 13.263063 2.190643 -13.785262 20.409079 -27.169670 22.993454 -16.416735 13.896583 10.104953
31.830570 4.164950 -20.490337 -21.876190 -5.072320 -27.146549 22.395372 -27.912947 -2.958455 0.829508 43.777523 1.901175 10.107986 -12.958632 9.721989 -20.328890 40.829201 -22.239733 3.452230 -1.365788 35.645916 4.035283 -1.877489 -12.764827 13.998860 -24.021309 23.184786 -22.808502 9.449544 0.300318
39.241386 -5.329448 -18.844799 -18.906767 -5.504404 -26.575262 21.155668 -31.399137 -5.533273 -8.977090 51.880650 -4.374531 14.746164 -11.526032 8.180436 -16.258825 38.592522 -25.697256 0.148555 -10.941513 45.315628 -1.429321 -1.560530 -11.212602 12.317736 -21.681162 23.244877 -24.546242 8.425080 -7.227508
42.376595 -12.605379 -19.720968 -16.744516 -6.897767 -25.217041 19.029085 -32.608269 -5.585704 -13.371722 59.769680 -8.537860 14.349086 -10.756415 5.699575 -12.262830 36.595901 -28.102888 -3.070638 -17.061747 51.828011 -5.091802 -1.346322 -10.229644 11.206746 -17.760181 22.078472 -22.896961 7.779063 -14.380355
45.057510 -18.345694 -21.501368 -15.075067 -7.500710 -23.487936 17.770536 -31.565630 -4.181353 -19.876593 66.667793 -13.032458 12.163188 -9.581795 4.029409 -6.137032 32.901798 -28.364626 -4.963037 -25.746851 55.248909 -12.331307 0.530236 -10.578593 11.173924 -15.722214 22.226618 -21.795519 6.682038 -22.923094
47.105385 -26.532667 -22.076988 -14.800468 -7.665932 -21.404470 16.042713 -30.397949 -4.774833 -25.060568 72.109299 -19.582760 11.949921 -8.247443 3.483070 -1.580913 30.095581 -28.419460 -6.290861 -32.772114 57.723778 -19.773087 2.282615 -10.747415 11.728635 -13.837537 22.219004 -20.074112 5.202201 -28.850426
45.510967 -33.753120 -21.406979 -13.946086 -6.070945 -19.733292 14.825905 -29.949760 -5.261671 -30.497856 71.574158 -28.024096 12.910085 -6.914855 4.987127 2.623604 26.310213 -26.402746 -6.318974 -37.055786 57.220646 -29.154974 3.478939 -12.488435 11.451747 -11.503307 22.489742 -19.880566 2.485282 -36.054153
44.401184 -38.775982 -21.386946 -13.761743 -5.377707 -18.167181 12.516530 -29.910522 -5.316743 -33.808582 70.727036 -33.583439 14.695625 -7.256412 5.754950 5.926804 24.468195 -25.184362 -7.288825 -40.261971 57.164402 -33.856167 4.921647 -14.120945 10.350541 -10.043222 22.848190 -20.954792 0.336025 -40.658337
43.931534 -40.017376 -19.787889 -13.664213 -4.723053 -17.378704 11.076324 -30.412748 -5.389739 -34.566975 70.000687 -36.434074 15.020210 -6.911572 6.943366 7.095835 25.046873 -24.299551 -7.867317 -41.815495 56.287762 -34.066074 5.914966 -13.680256 11.271335 -8.315726 21.702370 -19.972689 0.200761 -41.246731
43.709385 -40.036076 -19.298586 -13.557258 -4.513007 -17.211100 10.186803 -30.792786 -5.438991 -34.411575 69.370712 -35.639404 15.268020 -7.168465 7.066466 7.336598 24.907701 -23.908470 -8.023706 -41.423218 55.776905 -33.430267 6.862199 -13.651399 11.492077 -7.590011 21.006056 -20.117157 -0.183610 -41.159103
43.793785 -39.953804 -19.336809 -13.534743 -4.506465 -17.240141 10.313835 -30.804199 -5.423837 -34.529877 69.587456 -35.692417 15.284446 -7.150507 7.013505 7.328539 24.955605 -24.031431 -8.001357 -41.627728 55.918770 -33.586578 6.873807 -13.647765 11.561709 -7.647779 21.126963 -20.143106 -0.176267 -41.300232
43.947384 -39.938667 -19.394176 -13.520687 -4.583469 -17.372578 10.628433 -30.838039 -5.464178 -34.657890 69.915154 -36.220604 15.182655 -6.923781 7.018061 7.192893 25.148338 -24.178288 -7.884560 -41.878342 56.144321 -33.912647 6.521608 -13.583940 11.646466 -7.909024 21.399757 -20.070229 0.046695 -41.485355
44.352974 -39.789810 -19.800596 -13.418681 -4.835398 -17.855360 11.438145 -30.593504 -5.118519 -34.946941 70.446075 -36.816685 15.627281 -6.363843 7.187312 6.463584 25.297255 -24.706818 -7.577865 -42.243805 56.804771 -34.089260 5.699965 -13.248876 11.515493 -8.736764 21.796671 -19.797213 0.543848 -41.129341
44.807503 -39.541412 -20.003742 -13.121091 -4.616112 -18.021257 11.852246 -30.455132 -4.778996 -35.207932 71.372650 -36.300270 16.035252 -6.456226 6.941513 6.196668 25.460651 -25.136507 -7.421315 -42.686138 57.008141 -34.099354 5.460652 -13.384648 11.590843 -9.198362 22.376743 -20.147448 0.735521 -41.523273
45.665169 -38.561779 -20.233341 -12.822632 -4.647974 -18.555824 12.245310 -30.408232 -4.390698 -35.340717 72.068069 -34.996029 16.299852 -5.999877 6.801986 5.294143 25.352282 -25.210711 -6.710147 -41.983772 57.899635 -33.514900 5.293650 -12.450227 12.177558 -9.951365 22.107306 -20.305367 1.163570 -40.677547
46.154678 -37.344444 -20.655725 -12.827181 -4.886119 -19.032984 13.070781 -30.172338 -3.954462 -35.319656 72.343842 -33.564869 16.256575 -5.578757 7.035800 4.367966 25.355539 -25.457449 -6.175196 -41.221741 58.259239 -32.776222 4.942967 -11.752457 12.816885 -10.358571 22.083202 -19.932938 1.610069 -39.874569
46.577194 -35.880741 -20.884756 -12.915439 -5.033111 -19.607958 13.588900 -30.359974 -3.348127 -35.687202 72.797050 -32.127247 16.096060 -5.290703 6.975903 3.030572 26.102201 -26.143005 -5.642896 -41.005985 59.062832 -31.798759 4.570850 -10.792672 13.672421 -11.380584 22.225561 -20.039289 2.483216 -39.654411
47.935455 -33.811417 -21.114525 -12.730795 -5.398593 -20.112234 14.073553 -30.110682 -2.669774 -35.418995 73.276497 -30.471062 15.448787 -5.202550 6.499153 2.023041 26.698372 -26.471733 -5.226459 -40.710106 59.320618 -29.859383 3.728531 -10.003578 13.778419 -11.698123 21.749701 -19.545547 3.523976 -37.768101
48.561668 -32.557549 -21.088749 -12.357286 -5.262206 -20.258904 14.251994 -29.963272 -2.111319 -34.895317 73.582748 -29.218487 15.184978 -5.083173 6.594140 1.022256 27.331594 -26.571491 -4.687576 -40.341263 59.286179 -28.768166 3.672848 -9.252864 14.659459 -12.251765 21.420353 -18.982096 4.090434 -36.752766
49.386375 -30.592981 -21.595510 -12.086140 -5.535780 -20.494102 14.610564 -29.263781 -1.018510 -34.216759 73.990051 -27.696184 14.885447 -4.726954 6.474151 -0.236668 27.890472 -26.640144 -3.912075 -39.624004 59.616272 -27.407562 2.970420 -8.429187 14.646502 -12.915165 21.237738 -18.927525 4.966238 -35.370411
50.264748 -29.262335 -21.720896 -11.959661 -5.735183 -20.833927 14.731456 -29.173288 -0.308351 -34.173767 74.673470 -26.352449 14.783195 -4.448049 6.340331 -1.379072 28.479988 -27.091805 -3.411549 -39.410240 60.156075 -25.921062 2.461025 -7.622332 14.677467 -13.155850 20.824051 -19.022945 5.750402 -34.450871
50.910027 -28.612844 -21.287323 -11.782982 -5.557311 -21.031101 14.717190 -29.211590 -0.125063 -34.121346 75.279335 -25.591677 14.938093 -4.380896 6.170791 -2.098005 29.153046 -27.309742 -3.384901 -39.424263 60.308567 -25.468031 2.506979 -6.948298 15.333469 -13.567534 20.757851 -18.629210 6.062244 -34.312046
51.262131 -27.588356 -21.468735 -11.567143 -5.477862 -21.261858 14.890424 -28.756212 0.466829 -33.775322 75.359100 -24.718222 14.757990 -4.392030 5.894804 -2.675753 29.671015 -27.481743 -3.135756 -39.387474 60.072487 -24.552486 2.178275 -6.617078 15.376824 -13.565611 20.402605 -18.422369 6.489430 -33.486752
51.441544 -26.692871 -21.786613 -11.425655 -5.384209 -21.370956 15.010547 -28.285316 1.075897 -33.447464 75.262833 -23.964426 14.585941 -4.445556 5.859810 -2.999148 29.846300 -27.474850 -2.735895 -39.254269 59.828613 -23.721693 1.624607 -6.441809 15.253566 -13.530375 20.158842 -18.327940 6.883692 -32.664772
51.585983 -25.841696 -22.051378 -11.348772 -5.376109 -21.510096 15.042470 -28.093683 1.434182 -33.105675 75.344749 -23.193542 14.611391 -4.430152 5.943499 -3.366134 29.972889 -27.471046 -2.432444 -39.011284 59.622620 -23.099829 1.108205 -6.147197 15.403117 -13.646021 20.125336 -18.169979 7.222570 -32.080654
51.676899 -25.396984 -22.195473 -11.265157 -5.352513 -21.615362 14.945449 -28.041605 1.596988 -32.984261 75.466522 -22.778248 14.610900 -4.423686 5.983252 -3.572142 30.044630 -27.435505 -2.262859 -38.943321 59.533730 -22.901482 0.890955 -6.012227 15.550920 -13.867567 20.184174 -18.156477 7.330644 -31.947136
51.687397 -25.213324 -22.217461 -11.258029 -5.311079 -21.628599 14.902432 -28.008371 1.682142 -32.846260 75.596115 -22.503426 14.593939 -4.452403 5.967561 -3.714289 30.096891 -27.533827 -2.242161 -38.838963 59.487190 -22.768158 0.727800 -5.902966 15.694809 -14.019110 20.254894 -18.116711 7.348401 -31.792555
51.794170 -24.941832 -22.293941 -11.227760 -5.323825 -21.637859 14.855821 -27.886244 1.825947 -32.736195 75.643082 -22.357510 14.525661 -4.422615 5.997898 -3.774494 30.057047 -27.512341 -2.178598 -38.746376 59.481167 -22.784266 0.571332 -5.768745 15.817311 -14.175874 20.298449 -17.985577 7.398434 -31.688667
51.762363 -24.928762 -22.263662 -11.232307 -5.284054 -21.625181 14.837152 -27.911280 1.825120 -32.737049 75.640213 -22.274759 14.499112 -4.453070 5.954566 -3.798729 30.056839 -27.602800 -2.164438 -38.760769 59.446842 -22.849091 0.559537 -5.698462 15.941781 -14.189443 20.270559 -17.974085 7.382731 -31.688248
51.747776 -24.873901 -22.306135 -11.259460 -5.270018 -21.567438 14.801793 -27.849417 1.879227 -32.741177 75.603996 -22.251024 14.431543 -4.457950 5.963899 -3.785736 30.012676 -27.577528 -2.135532 -38.724014 59.431961 -22.859867 0.528499 -5.705375 15.974076 -14.209779 20.261072 -17.951986 7.392896 -31.676205
51.847946 -24.800871 -22.064037 -11.260944 -5.308777 -21.836012 15.128252 -27.982399 1.876785 -32.842831 75.806160 -21.938303 14.685122 -4.441517 5.864946 -4.067958 30.297998 -27.668425 -2.167150 -38.582649 59.563755 -22.770916 0.591279 -5.458216 16.235081 -14.554302 20.307018 -18.032995 7.490437 -31.738525
51.883575 -23.980988 -21.942715 -11.392306 -5.505539 -22.351337 15.790714 -28.162790 2.159716 -32.826805 75.952095 -20.857615 15.441015 -4.638805 5.684084 -4.798188 31.306086 -27.942940 -2.577096 -37.874554 59.506428 -22.469070 0.419312 -4.981345 16.859472 -15.341581 20.717365 -17.819830 7.706411 -31.652613
51.785004 -22.649721 -22.271742 -11.663455 -5.954597 -23.267317 16.553267 -28.449793 2.593959 -32.674484 75.844284 -19.722313 15.732924 -5.618839 5.008358 -5.324885 32.386860 -28.549105 -3.639649 -37.289902 58.976639 -21.161303 0.108193 -5.137055 16.780611 -16.210278 21.140816 -17.860994 8.090746 -30.445349
51.540970 -21.398703 -22.179203 -11.878330 -6.323210 -24.579262 17.934753 -29.209476 2.756211 -32.837761 74.929932 -18.346788 16.328375 -6.647852 4.571858 -6.894475 34.498066 -29.019976 -4.234007 -36.548824 58.365383 -20.456043 -0.249094 -4.868115 17.503553 -18.128986 22.302912 -18.150188 8.384303 -30.446312
50.952629 -19.051439 -22.881168 -11.984541 -7.226860 -26.765272 19.883360 -30.113419 3.082068 -31.962351 74.233307 -16.874315 17.123791 -7.967650 4.034831 -8.257830 36.609436 -28.527977 -4.626317 -35.252926 57.459248 -18.829399 -0.567793 -5.127924 17.097919 -20.043446 23.377895 -18.867918 8.597826 -28.734161
50.727905 -17.987156 -22.513027 -12.392704 -7.579708 -28.429972 21.798672 -31.624931 3.205304 -32.845959 73.337944 -15.574941 18.062855 -9.645387 3.188123 -9.286292 39.509739 -28.535252 -5.654978 -34.456696 56.177193 -17.440784 -0.206557 -5.695055 16.595757 -21.309814 24.489620 -20.474110 8.714252 -28.082247
49.250965 -16.715715 -21.489172 -12.871779 -7.755976 -30.066938 22.918396 -33.549679 2.732634 -32.206646 70.867195 -14.513750 19.796789 -11.505737 3.177616 -10.305740 42.597317 -28.347755 -6.570369 -33.137077 53.773232 -15.744230 -0.064999 -6.294860 16.118702 -22.894295 26.213333 -21.473888 9.518166 -26.997414
47.656513 -15.572650 -20.520918 -13.710383 -8.109642 -31.381620 25.291540 -33.749557 1.869857 -30.861000 68.980606 -13.427013 22.436041 -13.495148 3.429067 -11.978791 46.448044 -27.092209 -7.016959 -32.368095 50.668293 -14.820837 -0.680058 -7.712753 15.473431 -25.489136 29.041161 -22.699570 9.381599 -26.198910
43.874523 -13.820305 -19.595659 -14.796091 -7.877291 -32.557774 27.874949 -34.612095 1.045480 -29.161060 66.091125 -12.622223 24.163364 -14.998444 3.911850 -13.601994 48.655342 -25.609076 -7.262539 -29.981794 47.064789 -14.615461 -1.056443 -9.273450 15.677931 -28.901485 31.962130 -22.915876 9.007907 -25.874706
42.152248 -12.887947 -20.066212 -15.398147 -8.492125 -32.781357 29.140865 -34.196083 0.918741 -26.885653 62.703785 -12.131492 25.187046 -16.425018 4.084818 -15.173390 49.847649 -26.251694 -7.409996 -28.297480 44.933517 -14.555047 -2.315846 -10.472387 15.350823 -30.940386 32.993916 -23.593029 9.875156 -24.902390
39.758759 -11.239390 -19.375866 -16.438547 -8.965555 -34.302505 30.211966 -35.896564 1.311429 -24.602352 59.002316 -10.429096 26.167902 -18.337294 3.937111 -17.043991 52.301590 -27.741621 -7.024784 -26.883152 42.515697 -12.658841 -3.220045 -12.721957 13.838847 -32.498047 34.047298 -24.776207 10.552854 -21.537464
37.541935 -8.612043 -18.895395 -17.130438 -8.766260 -35.640793 29.771475 -36.357883 2.465477 -21.933960 56.082104 -8.513960 24.675728 -19.511679 2.834524 -18.438921 54.403057 -28.994249 -6.996964 -25.492167 40.566277 -10.562295 -4.527971 -14.218560 11.798895 -33.745346 34.395184 -25.095270 11.475097 -17.390785
34.060696 -2.616854 -17.233784 -18.516808 -7.911916 -36.778530 29.857281 -36.183624 3.989550 -18.387671 51.149349 -4.615638 23.272001 -19.273357 3.418643 -20.643702 56.252922 -27.997044 -4.620022 -20.558172 37.063908 -7.533929 -4.900470 -15.353416 11.130544 -34.605812 34.585995 -24.532991 12.495826 -12.893820
31.471193 2.001028 -15.551347 -20.855574 -8.174198 -38.159138 31.963257 -34.469791 5.761841 -16.061150 47.004089 -1.467815 22.565897 -19.094881 4.215976 -23.305927 58.952557 -26.084356 -2.516386 -15.232016 34.440044 -3.862896 -4.815588 -16.082113 10.571306 -36.085861 36.569794 -22.187389 13.602430 -9.409946
26.811003 3.007127 -21.172985 -17.078592 0.823029 -46.265423 33.283276 -23.867699 9.394874 -13.297174 41.500256 0.061066 21.108831 -15.067548 1.593557 -19.815878 61.928375 -25.661556 2.924161 -1.557409 29.822918 -5.799113 -3.356243 -10.421249 11.317513 -34.412682 39.866833 -20.997553 19.747507 0.324563
28.102137 5.025413 -24.288460 -19.213034 -1.572835 -45.350101 35.246559 -16.415136 11.726865 -9.922653 41.545830 2.628939 16.205580 -13.736696 0.299317 -20.044085 60.812614 -20.635904 5.182014 4.718560 28.874861 -6.489577 -5.419193 -9.696776 10.352105 -35.137108 39.372013 -17.265730 22.680403 4.852884
28.392393 6.493390 -26.622498 -20.904125 -2.940586 -42.427311 36.105007 -7.584461 14.766634 -5.290329 41.939102 5.150447 10.618842 -12.624998 -0.514433 -18.466619 57.393585 -15.174767 7.445228 10.249596 26.206173 -9.010755 -8.890730 -10.764439 7.315075 -34.138741 38.492565 -13.701158 23.226549 9.954597
29.956039 7.593729 -27.230242 -21.083839 -2.629412 -39.191597 36.286247 -1.756114 15.276094 -1.805053 43.818050 8.761756 6.813409 -11.889949 -1.698468 -17.309662 53.761955 -13.242062 8.062748 14.027358 28.221176 -9.644199 -11.536720 -11.807294 3.750190 -31.795759 38.870464 -11.204732 22.954760 14.352653
34.847893 8.261171 -28.225201 -20.886435 -3.210562 -36.886806 33.442215 1.460327 14.742541 -0.099659 47.873825 11.015466 3.246530 -10.981542 -3.139069 -16.281757 50.712128 -11.043164 9.276762 16.379715 31.296509 -7.325445 -12.628983 -12.655574 1.319631 -28.126810 38.376759 -9.296121 23.600842 16.877617
39.312935 7.004350 -27.703844 -20.701077 -2.908601 -34.116867 31.489983 5.980846 13.448215 1.818524 50.949875 12.627104 -0.491156 -10.766952 -5.017218 -9.933756 45.134624 -9.059566 6.506507 20.080488 33.704590 -5.761057 -12.840268 -14.604800 -1.425962 -20.787066 36.925095 -4.873084 22.052689 19.849178
41.881927 3.271492 -25.343393 -21.644232 -1.590139 -29.003460 29.018829 9.646278 10.264413 1.564171 55.313030 11.162045 -1.176798 -12.560830 -7.936245 0.049430 36.964748 -6.769866 1.273544 20.779867 35.224495 -9.344808 -11.952394 -19.077200 -4.242384 -15.251413 37.023022 -2.129239 17.606791 18.298492
45.383991 -6.181037 -25.270384 -21.102444 -2.114537 -24.134529 23.588551 10.817220 5.051471 2.563859 57.855797 3.223277 -1.866035 -13.834634 -8.310379 8.471187 33.098034 -4.649302 -3.965021 20.484072 38.138199 -17.634005 -11.331513 -23.509565 -8.099722 -6.665741 34.907635 0.393650 12.342555 16.197979
47.283539 -17.741034 -23.431326 -20.421328 -0.976944 -19.718906 18.770720 8.866590 -1.456073 -0.394541 59.631691 -4.594181 -3.159565 -16.962727 -8.749411 17.345463 29.497528 -3.498140 -8.496429 16.145067 45.480259 -26.698963 -6.602758 -23.349224 -6.645505 -1.452000 31.636646 2.121230 9.044235 9.104022
46.792137 -26.637241 -24.292633 -19.391150 0.807473 -14.089190 12.572103 8.451339 -2.391734 -2.195491 60.355030 -13.652989 -5.414491 -16.885138 -7.018122 23.238062 24.739273 -4.081534 -9.857575 8.915594 48.351276 -33.803856 -4.021624 -21.483837 -4.809469 4.130895 25.309040 2.610662 7.396035 4.895354
44.476051 -30.272110 -28.062071 -17.828344 1.531296 -10.589093 6.954498 6.656616 -3.385161 4.210471 61.496937 -21.206312 -12.714715 -12.903634 -4.393983 25.489706 20.179596 -4.157938 -7.217936 6.141805 48.211750 -37.278160 -9.267571 -15.892652 -3.150445 9.503114 17.470331 2.771680 10.394495 7.026815
41.776703 -31.095478 -31.687443 -15.774570 3.263510 -8.463988 1.869789 4.330894 -3.107651 10.127421 57.418797 -23.168571 -21.184290 -10.580139 -1.959709 26.107069 15.810275 -3.529301 -1.365955 5.422882 46.381550 -37.852531 -14.885407 -11.585388 -0.388031 13.243852 10.895528 2.762992 14.219871 8.821523
38.736912 -31.738743 -33.749058 -13.047977 5.806126 -6.598598 -4.028763 1.581005 -1.431432 12.763673 52.616367 -24.011023 -27.000565 -8.597353 -0.020138 25.203686 13.193435 -2.135623 4.252970 5.567180 42.339481 -35.352814 -19.572039 -9.524122 0.513618 15.224320 6.177105 2.931446 18.671705 11.916615
33.618240 -29.319277 -37.299267 -11.320074 6.973767 -5.440680 -7.528731 1.545237 2.489136 16.232397 46.780594 -24.555464 -33.394035 -6.445299 2.148561 22.331682 12.497041 -3.258627 9.015740 5.947417 38.629791 -33.390785 -23.052750 -7.743378 1.408946 15.511512 2.318049 2.342699 22.496288 14.310534
29.257404 -25.577524 -40.885521 -10.923373 7.313558 -4.544291 -10.659510 1.631179 6.422345 17.883572 43.038853 -25.111204 -38.736046 -4.743798 2.793006 19.503881 12.529763 -5.161211 11.917601 7.464560 34.679150 -32.147377 -26.158791 -6.935497 1.698636 14.900998 -0.445534 -0.544573 24.251253 16.694038
26.001173 -23.226528 -44.897106 -12.024327 6.706718 -2.721837 -13.288040 1.482730 8.438190 18.538145 39.180946 -24.502392 -41.959610 -3.909108 2.946454 16.608467 13.530335 -7.460740 14.673280 8.659548 30.576710 -29.266048 -28.329746 -7.774593 0.672134 15.225007 -2.483198 -3.580355 24.424072 19.915785
22.069752 -21.256828 -49.492847 -13.849292 4.678954 -2.425558 -15.370585 -0.264383 8.673999 20.857355 35.273609 -23.445049 -44.482960 -3.285582 2.955630 13.517879 15.357627 -8.668329 17.690437 10.100912 25.998661 -25.209719 -30.068005 -9.742237 -0.866150 15.657761 -3.943311 -5.952361 25.198219 23.947340
18.163530 -18.662230 -51.501644 -15.168465 4.239133 -3.079957 -15.089474 0.020667 9.409328 24.844343 31.268183 -20.265450 -47.214977 -3.167546 3.316786 9.962747 16.915119 -9.768655 20.797504 13.543932 21.470417 -22.291008 -32.279568 -11.921616 -2.821130 14.863273 -3.952716 -7.641555 26.205122 28.207195
14.328839 -14.318020 -51.400372 -16.180876 5.063343 -3.735680 -14.776213 0.830688 9.461206 30.161552 25.883247 -17.536032 -49.172718 -3.282992 4.622224 7.491996 17.192001 -9.601035 22.878551 18.392015 16.601280 -18.929640 -34.954918 -13.662730 -4.320653 12.921217 -2.648284 -9.182685 26.985909 32.137054
11.227677 -9.357146 -49.982742 -17.096888 6.066715 -4.884811 -13.913395 0.974033 9.282366 34.068771 21.501665 -14.930412 -49.936649 -3.438711 5.706185 5.151873 18.199614 -9.668660 23.621510 23.059019 14.079500 -15.081563 -36.534962 -14.121035 -4.459869 10.370118 -0.456248 -9.765366 27.497158 35.427944
9.139181 -5.213470 -47.213013 -17.115490 8.227222 -6.092579 -12.633122 0.712682 9.376903 36.276676 17.146589 -12.496907 -48.953339 -4.034471 7.016234 3.157326 19.487379 -9.912488 23.674000 26.552271 11.316307 -11.391208 -36.291042 -14.150788 -2.843828 8.212644 1.286922 -10.281936 28.069967 36.661869
7.422543 -2.272191 -45.601646 -16.676094 10.070971 -7.326508 -11.438591 0.555441 9.973729 37.915394 13.335128 -11.053097 -47.975037 -4.772697 8.069413 1.986675 20.061895 -9.911685 23.521255 29.385706 8.998055 -9.105201 -35.899696 -14.065406 -1.087340 6.536091 2.405088 -10.652766 28.513069 37.545864
6.154427 -0.215773 -44.562279 -16.558449 11.485203 -7.856355 -10.788333 0.448857 10.471764 38.800652 10.680182 -10.109899 -47.345959 -5.295701 8.893824 1.021891 20.913603 -10.096753 23.368847 31.358843 6.971866 -7.256675 -36.006428 -14.042911 0.147975 5.399294 3.039793 -11.156843 29.107759 38.252186
4.957606 1.114166 -43.930706 -16.646139 12.409168 -8.390436 -10.247700 0.272191 10.986203 39.292213 8.875700 -9.049809 -46.634010 -5.995539 9.268099 0.687410 21.294659 -10.484568 23.222137 32.131737 5.285108 -5.933652 -35.707886 -14.138703 1.284669 4.157864 3.823486 -11.334407 29.483469 38.724133
4.532562 1.775211 -43.307442 -16.693226 12.926444 -8.645961 -9.911985 0.001845 11.043749 39.197304 7.862499 -8.347798 -46.063862 -6.421282 9.497641 0.502521 21.493420 -10.935946 22.965204 32.519089 4.651628 -5.263521 -35.299789 -14.062829 1.997735 3.535397 4.086113 -11.582447 29.600023 38.733906
4.361535 2.041795 -43.130154 -16.614227 13.191594 -8.694399 -9.901054 0.027687 11.184956 39.394459 7.422469 -8.118256 -46.019905 -6.530100 9.607300 0.487516 21.486290 -11.000634 22.926105 32.776222 4.377697 -5.001143 -35.239155 -13.993723 2.262052 3.360755 4.138960 -11.600078 29.699213 38.831913
