-8.102140 -14.954051 -11.024239 -25.846054 29.001019 -7.418986 -26.906324 -31.799061 16.456892 -29.062319 -5.706884 -12.848926 12.098046 -45.667953 15.477166 -11.194120 -31.680830 -27.707048 26.258602 -20.847393 -8.532915 -16.468033 20.309128 -37.122219 15.189730 20.161789 -15.846675 -37.723602 22.915295 -13.907947
-8.310305 -14.267678 -11.434258 -26.049007 28.763025 -7.483219 -26.708700 -32.080814 15.807495 -27.772234 -5.943292 -12.114761 10.895300 -45.730263 15.274106 -11.084409 -31.105589 -27.515217 26.074680 -20.167599 -9.066945 -16.045870 18.933582 -36.774796 15.383871 19.898079 -15.126638 -37.477783 23.047344 -13.193350
-8.376984 -12.963202 -12.536201 -26.220224 28.118618 -7.474388 -26.216486 -32.476974 14.676985 -25.806433 -6.065063 -11.184789 8.720623 -45.564404 14.739179 -11.118317 -29.980551 -27.289465 25.873901 -19.109867 -9.435411 -15.512280 17.056219 -36.300613 15.354120 19.537970 -14.198129 -37.410263 23.075405 -12.206350
-9.149478 -11.068928 -14.244467 -26.771296 27.130789 -7.362000 -24.327147 -32.287640 13.026018 -23.497450 -6.082461 -10.358018 6.349713 -45.382877 14.074529 -11.279096 -28.198666 -27.084793 25.093472 -17.673967 -10.148383 -14.398534 13.840746 -35.332924 15.558020 19.148119 -12.382581 -37.061451 22.605833 -10.583863
-9.992023 -9.629265 -15.215982 -27.144003 26.261398 -7.861064 -23.309244 -33.004154 11.616379 -21.069036 -6.212994 -9.650751 4.744730 -45.444065 13.479098 -11.584717 -26.692636 -27.363499 24.337513 -16.447647 -11.180638 -13.545066 11.501809 -34.689144 15.763716 18.715345 -10.901756 -37.020546 22.011971 -8.813156
-10.219043 -7.963166 -16.181402 -27.204296 25.895502 -8.163280 -22.041578 -33.103291 10.571249 -19.317577 -6.010380 -8.837915 3.123574 -45.346279 12.555566 -11.974384 -25.126341 -27.837259 23.130249 -15.224369 -11.186326 -12.524408 9.422222 -34.199413 15.080136 18.844759 -10.046453 -37.164833 21.159641 -6.887173
-10.045698 -6.747003 -17.312981 -27.107080 25.294552 -8.431563 -20.792677 -33.426601 9.328760 -18.023794 -5.864933 -8.172448 1.042010 -45.230927 11.339212 -12.333180 -23.047171 -28.310032 21.667488 -13.908045 -10.906752 -11.339390 7.631399 -33.582066 14.738300 18.379528 -8.497956 -37.468445 19.737186 -5.125747
-9.503785 -5.016253 -17.615797 -26.960083 24.835354 -8.956960 -19.642427 -33.089790 8.335325 -16.502769 -5.629233 -7.136526 -0.913774 -44.818108 10.324993 -12.613995 -21.178358 -28.213037 20.145908 -12.259393 -10.334590 -9.835451 5.963815 -33.332764 13.937304 18.707373 -6.808573 -37.186874 17.902519 -3.419000
-9.323348 -3.016859 -18.190374 -26.579821 24.589680 -9.372756 -17.885410 -33.026791 7.151512 -15.076066 -5.642183 -6.214298 -2.256091 -44.608795 9.841812 -12.851476 -19.241886 -28.456608 18.581993 -10.983301 -10.142022 -8.178845 4.714427 -33.151150 13.461408 18.443903 -5.108950 -37.027863 16.534828 -1.906360
-8.664300 -1.010453 -18.983320 -25.987268 24.397818 -9.515125 -16.124495 -32.743900 5.896665 -13.689031 -5.248982 -5.261255 -3.995931 -44.049301 9.302727 -13.239312 -17.198061 -28.532520 17.207726 -9.591927 -9.926753 -6.389143 3.351749 -32.652157 13.135592 18.332214 -3.576938 -36.674313 15.289041 -0.024036
-8.470944 0.358439 -19.474239 -26.167746 24.459223 -9.707451 -14.305039 -32.415287 4.982654 -12.869493 -4.488827 -4.408367 -5.553062 -43.596260 9.051511 -13.562430 -15.027269 -28.384592 16.260727 -9.043332 -9.750311 -4.868415 2.204839 -32.491425 12.803121 18.063261 -2.005623 -36.331718 14.374755 1.430597
-7.945281 1.621795 -20.285612 -26.092735 24.423368 -9.647190 -12.600230 -31.602816 4.155763 -12.048245 -3.810834 -3.435508 -6.600568 -43.385162 8.870277 -13.900869 -12.976389 -27.927803 15.560183 -8.627378 -9.276856 -3.261828 1.205401 -32.109673 12.729705 17.846561 -0.638315 -36.052498 13.637477 2.481927
-7.224563 2.016361 -21.149797 -25.808361 24.039581 -9.982915 -11.725020 -31.549946 3.552848 -10.994677 -3.148238 -2.968998 -7.501740 -43.067207 8.765091 -14.228874 -11.636701 -28.124994 15.015853 -8.411413 -8.877694 -2.312775 -0.194686 -31.936352 12.272876 17.639048 0.647562 -35.792263 13.147975 3.524553
-6.551874 2.609037 -22.148846 -25.348742 23.792326 -10.042651 -10.973597 -31.363340 2.928217 -9.931669 -2.704263 -2.906527 -8.741831 -42.700863 8.426836 -14.558732 -10.569174 -28.286823 14.659638 -7.897007 -8.350094 -1.685091 -1.328772 -31.527946 12.108369 17.486626 1.440118 -35.594326 12.755837 4.486590
-5.964500 2.585531 -22.721918 -24.812157 23.741508 -10.053204 -10.448676 -31.323271 2.449178 -9.525781 -2.357600 -3.020555 -9.979416 -42.241814 8.314925 -14.706076 -9.681550 -28.437090 14.286688 -7.657966 -7.881331 -1.670506 -2.501867 -31.354988 11.540286 17.531275 1.960068 -35.474903 12.361454 5.302310
-5.540364 2.623388 -23.371023 -24.312243 23.737139 -9.963421 -9.972597 -31.147825 2.078755 -9.021845 -2.120425 -2.988552 -11.093612 -41.875118 8.474269 -14.766572 -8.724130 -28.322599 13.931915 -7.389013 -7.539533 -1.632758 -3.742524 -31.095646 11.132130 17.629356 2.498020 -35.220467 12.111484 5.908663
-5.412862 2.733025 -24.005535 -24.055716 23.735481 -9.813867 -9.391746 -30.814240 1.721861 -8.374373 -2.063059 -3.037785 -11.923265 -41.586700 8.624180 -14.861655 -7.869025 -28.164007 13.581329 -7.038038 -7.303896 -1.462072 -4.564942 -30.648325 11.145951 17.420019 3.075674 -34.969719 11.904703 6.328753
-5.362507 2.852499 -24.564468 -23.843058 23.685583 -9.718680 -9.064653 -30.454088 1.702863 -7.859218 -2.052322 -3.016468 -12.481235 -41.375786 8.739954 -14.914333 -7.337806 -27.964550 13.413663 -6.806217 -7.221733 -1.416763 -5.273195 -30.462290 11.015217 17.390116 3.450099 -34.667187 11.898508 6.417748
-5.437739 2.991225 -24.785671 -23.738945 23.664476 -9.743722 -8.848007 -30.290752 1.639877 -7.333808 -2.078210 -2.943412 -12.808925 -41.244282 8.793062 -14.958257 -7.067492 -27.865061 13.267434 -6.537767 -7.175149 -1.299198 -5.609765 -30.297600 11.030188 17.292843 3.657392 -34.527199 11.895139 6.543771
-5.418471 2.987960 -24.851336 -23.682175 23.688906 -9.710924 -8.797055 -30.248541 1.606929 -7.301117 -2.087635 -2.897711 -12.887907 -41.202702 8.839202 -14.955608 -6.955167 -27.871202 13.186046 -6.505324 -7.116971 -1.279206 -5.733991 -30.228354 11.036265 17.288292 3.718145 -34.527836 11.859058 6.550861
-5.901745 2.850338 -25.319027 -23.761023 23.668566 -9.658947 -8.502709 -30.136810 1.702589 -7.229787 -2.268083 -3.012888 -13.306253 -41.150547 8.874771 -15.075110 -6.401616 -27.956434 13.136420 -6.546758 -7.366551 -1.463217 -6.073433 -30.226982 11.057562 17.004894 3.979359 -34.632488 11.839894 6.612631
-6.827193 2.620601 -26.309689 -24.013762 23.369392 -9.586180 -7.654792 -30.062565 1.608065 -7.045590 -2.717256 -3.223804 -14.004733 -40.774673 9.260950 -15.432097 -5.100532 -28.110489 12.893022 -6.458299 -7.994993 -1.636921 -7.050832 -30.021671 11.253911 16.488214 4.729657 -34.597626 11.660229 6.868545
-8.491499 3.010241 -27.548326 -24.310507 23.411806 -9.617706 -6.337441 -29.541636 1.893940 -6.005793 -4.056974 -2.899393 -15.343133 -40.490330 10.323604 -16.149834 -2.770655 -27.675383 12.707940 -5.309632 -9.180594 -1.951316 -8.762418 -29.661655 11.653587 15.378267 5.937875 -34.444767 11.892139 7.570319
-10.536491 3.425993 -29.162075 -24.584713 23.920328 -8.906654 -5.295061 -28.498722 2.550250 -5.442289 -5.931244 -2.297488 -17.497095 -39.898033 11.695736 -16.000025 -0.468241 -26.861547 12.002242 -4.514611 -10.645421 -2.838641 -10.022073 -28.593884 13.399734 13.761411 6.845466 -34.078957 12.780875 6.993590
-11.724779 4.013679 -31.670845 -24.167244 24.517853 -7.733391 -3.728946 -26.657852 2.849584 -4.433471 -8.071971 -1.203661 -19.982710 -39.368027 13.035834 -14.957471 1.160460 -25.689814 11.072127 -3.606657 -12.300891 -3.324913 -12.641085 -26.672470 15.465297 11.834315 8.157811 -33.806423 13.853519 6.560207
-13.849365 4.657812 -33.165382 -23.493828 26.119698 -6.108959 -2.392204 -24.936342 2.910762 -3.650266 -9.850140 0.043897 -22.016315 -39.082569 14.272838 -13.624207 1.981383 -24.347416 10.838112 -3.214938 -13.338035 -3.741385 -15.022779 -24.465935 17.596167 10.378584 9.274319 -33.445820 14.657411 5.321568
-14.879513 5.287933 -34.813122 -22.434774 27.616768 -4.754987 -1.773465 -23.718245 3.577447 -3.068151 -10.969781 0.548377 -25.184227 -38.645378 15.074626 -12.526329 1.906071 -23.384275 11.567729 -2.380940 -13.694247 -3.681057 -17.516291 -22.863482 18.940769 9.355874 10.405333 -32.647900 16.015972 4.128384
-14.035939 7.459564 -38.105659 -21.568325 27.827065 -2.769899 -1.321254 -20.791227 4.779107 -1.428017 -10.722250 2.762547 -29.055136 -36.630245 16.308718 -11.521747 2.816091 -22.738258 10.506507 -0.764089 -13.622463 -2.783165 -21.785536 -21.494997 18.921808 9.105047 12.001546 -30.980856 17.530880 4.574849
-12.919656 9.794707 -41.176300 -20.806997 27.380146 -1.264567 -2.608540 -17.145969 7.958992 -0.066848 -10.072766 5.622744 -32.778614 -34.192310 17.466688 -11.086039 2.416940 -22.333887 10.758638 0.577051 -13.249693 -1.601921 -25.442947 -20.208897 17.884710 9.750845 11.601037 -28.561825 20.268997 5.440475
-12.234109 9.750004 -43.111301 -19.303455 27.043844 -0.738567 -4.203029 -14.265841 10.500202 3.063971 -9.056185 7.201981 -36.188953 -32.792759 16.352108 -11.381302 1.865591 -20.269650 12.704982 3.035894 -14.135571 -1.175552 -28.025187 -18.421057 17.857737 9.712568 9.800405 -26.567459 22.837021 8.027983
-11.964655 9.087008 -46.141644 -17.991285 26.252895 -0.534881 -4.185768 -10.641357 13.375029 6.391503 -7.489302 7.053605 -40.279934 -31.269939 15.084695 -11.869362 2.660806 -19.870720 12.849259 5.122978 -14.575025 -4.386991 -32.149876 -17.338545 16.648594 8.808129 9.782234 -24.680494 24.560028 10.682897
-11.723298 5.754015 -48.668903 -16.088291 26.367813 0.148921 -4.492152 -5.534841 16.448832 11.010535 -5.085507 4.296378 -43.644268 -29.906340 13.161551 -12.515778 3.822903 -18.554813 12.451817 7.403422 -14.473724 -8.390580 -35.598682 -16.541855 15.016276 7.190374 9.821583 -23.159737 25.744583 14.031092
-10.875901 1.012589 -51.966263 -12.605714 26.881742 0.003155 -4.563475 -2.498181 19.363245 13.813323 -2.557497 0.295853 -46.758049 -29.652992 11.062908 -11.526672 5.124808 -18.048164 10.312940 7.285383 -12.053412 -11.489564 -38.329910 -14.907918 13.393488 6.667269 9.302596 -20.349052 26.988655 16.817543
-7.722536 -1.933391 -53.958736 -8.819236 27.104801 -1.080092 -4.282626 -0.162706 22.178457 16.127161 0.007065 -3.637464 -47.692715 -29.000326 9.958685 -10.681127 4.707339 -17.204857 8.536312 8.544269 -7.267784 -12.626620 -39.875389 -12.703526 12.399233 6.120328 9.336056 -16.497131 28.734970 17.680788
-3.207884 -4.328901 -53.417046 -5.705383 27.490421 -1.817028 -5.362856 1.093795 24.046373 16.053190 2.613088 -9.177959 -49.454029 -24.036045 12.223459 -10.197227 0.618535 -15.254397 9.393303 10.311872 -1.582156 -12.626673 -40.478271 -9.973146 12.407588 6.349583 8.380208 -13.190096 30.851864 16.842598
1.205469 -6.835186 -53.847050 -4.360527 25.794003 -2.260659 -5.944030 1.537822 23.502756 16.055696 6.378865 -13.384735 -51.611259 -20.054266 12.889803 -10.527074 -1.798356 -13.455734 10.843880 10.250173 4.041195 -13.543104 -40.497360 -7.545855 11.956314 6.805188 6.848692 -11.549009 31.690819 15.958570
3.384195 -9.280196 -54.838318 -4.319504 23.638454 -2.712440 -6.096172 1.404346 22.488165 16.492022 9.552060 -15.690582 -52.627792 -17.972836 12.967095 -11.311624 -2.355393 -12.515579 12.212823 8.979588 7.461907 -15.410590 -40.890812 -6.957177 10.406820 7.682878 5.950278 -10.715166 31.425947 16.114170
5.167459 -11.084061 -55.572342 -4.753886 21.188383 -3.143374 -5.961760 0.736499 20.693243 16.909590 13.344733 -16.768986 -52.927994 -16.318171 12.213965 -12.170621 -1.994767 -12.249180 12.573272 8.199242 9.933979 -17.462858 -41.516769 -7.480244 7.785184 8.318286 5.774704 -10.678112 30.480072 16.920567
6.211735 -12.066835 -55.989388 -5.056157 19.738413 -3.634234 -5.541780 0.285869 19.517616 16.902220 15.415877 -17.459879 -52.976101 -15.389658 11.842258 -13.123756 -1.129940 -11.985001 12.924146 7.739852 11.161992 -18.454416 -41.771286 -8.035917 6.037772 8.651491 5.898563 -10.838075 29.875584 17.237614
6.498651 -12.286125 -56.341690 -5.187611 19.127439 -3.847262 -5.289514 0.128889 19.090532 17.124941 15.983488 -17.602526 -53.187218 -15.132606 11.550033 -13.471418 -0.801368 -11.952278 12.976800 7.816622 11.594531 -18.798315 -41.891384 -8.307554 5.321543 8.801983 5.979739 -10.993638 29.601879 17.374908
6.501838 -12.235868 -56.339741 -5.141838 19.181185 -3.824357 -5.307294 0.197286 19.144520 17.214167 15.878772 -17.587452 -53.310822 -15.093706 11.571279 -13.545566 -0.799302 -11.940616 13.094771 7.900756 11.502998 -18.765537 -41.954521 -8.297822 5.355804 8.748131 6.005453 -10.987287 29.619627 17.457117
6.357465 -12.113871 -56.301521 -5.139973 19.278864 -3.766771 -5.308363 0.390168 19.204699 17.485960 15.464768 -17.604450 -53.400673 -15.020041 11.779543 -13.645411 -0.938886 -11.812869 13.300950 8.248265 11.106619 -18.640701 -42.167789 -8.299561 5.458232 8.630849 6.050018 -10.955193 29.740395 17.658518
6.175702 -11.944689 -56.320732 -5.071030 19.462311 -3.633673 -5.349657 0.740521 19.348383 17.965292 14.870395 -17.593811 -53.768009 -14.925185 11.986769 -13.781693 -1.100026 -11.553776 13.660611 8.892456 10.431877 -18.406418 -42.547272 -8.304361 5.579866 8.495534 6.060086 -10.859184 29.946751 18.138659
5.946878 -11.709623 -56.362438 -4.990860 19.687408 -3.383801 -5.363009 1.273125 19.460367 18.696516 14.305384 -17.583658 -54.259773 -14.741668 12.138518 -14.097407 -1.180715 -11.284340 14.116008 9.702292 9.395065 -18.106340 -43.065285 -8.414439 5.610538 8.272559 6.149006 -10.751428 30.125462 19.059292
5.433787 -11.032660 -56.278450 -5.004511 19.997530 -3.228792 -5.406386 1.655733 19.555923 19.712296 13.333086 -17.312065 -54.658665 -14.630435 12.398673 -14.451719 -1.203083 -10.938191 14.502900 10.826262 8.457586 -17.423235 -43.403858 -8.631034 5.586024 8.019862 6.286533 -10.791075 30.152607 20.019440
4.762157 -10.277491 -56.171429 -5.132786 20.262987 -2.938399 -5.556172 2.048129 19.569269 20.989777 12.198758 -17.003250 -55.056545 -14.588095 12.684688 -14.757157 -1.209636 -10.443842 14.883182 12.237888 7.094360 -16.850307 -43.769245 -8.624393 6.014452 7.926244 6.223722 -10.553699 30.459452 20.810104
4.210398 -9.286840 -55.945011 -5.114426 20.743639 -2.658773 -5.832496 2.587915 19.682964 22.453606 10.771442 -16.799114 -55.598907 -14.598479 12.975808 -14.987831 -1.337239 -9.837232 15.326867 13.750196 5.716217 -15.993798 -44.451267 -8.655869 6.188429 7.707291 6.167756 -10.319754 30.713619 22.275892
3.407643 -8.262912 -55.682434 -5.273060 21.214968 -2.274857 -6.280303 3.037759 19.670656 24.214560 9.303719 -16.555735 -56.290081 -14.507032 13.331656 -15.446022 -1.148285 -9.140166 15.713574 15.695290 4.123197 -15.069690 -44.862255 -8.490927 6.869067 7.411081 6.162353 -10.034475 31.105768 23.532824
2.421573 -6.759028 -54.945179 -5.418076 21.976732 -1.942460 -6.609221 3.560359 19.458387 26.433159 7.846371 -16.161516 -56.891983 -14.246961 13.946844 -16.094009 -0.833444 -8.692918 16.042334 17.491322 2.715289 -13.771993 -44.973656 -8.199325 7.751283 6.688780 6.478739 -9.649171 31.354504 25.007593
1.293687 -5.474144 -53.831779 -5.618242 22.948999 -1.252663 -7.222806 4.146099 19.081493 28.443876 6.177125 -15.637857 -56.740219 -14.053524 14.953427 -16.497311 -0.794922 -8.087464 16.282034 19.112230 1.052020 -12.475821 -45.000370 -7.590794 9.265568 6.377892 6.196493 -9.124715 32.239914 25.687538
0.451921 -4.369558 -52.459923 -5.681294 24.040953 -0.645167 -7.548173 4.798302 18.567247 30.233057 4.496329 -15.084002 -56.228783 -13.991436 16.013065 -16.961889 -0.642918 -7.117764 16.442108 20.937551 -0.112280 -11.054447 -45.004921 -6.948179 10.575814 5.978363 6.168588 -8.411896 32.975193 26.476400
-0.440759 -2.874935 -50.711514 -5.752897 25.292177 -0.565365 -7.278696 5.346867 18.116674 31.905436 3.201162 -14.099342 -55.551334 -13.980566 17.110613 -17.265520 -0.515955 -6.345704 16.407837 22.749739 -1.231012 -9.437993 -44.664520 -6.331785 11.985164 5.302601 6.411985 -7.755571 33.561741 27.265673
-1.558128 -0.928974 -48.874901 -6.006144 26.574175 -0.896638 -6.907568 5.455228 17.803534 33.545265 1.469003 -12.491820 -54.400276 -14.294572 18.298323 -17.509521 -0.322992 -5.670116 16.173595 24.671448 -2.611500 -7.764245 -44.041927 -5.876437 13.527112 4.285779 6.992719 -7.007536 34.134682 27.945408
-2.487355 0.352344 -47.644558 -6.124574 27.628220 -1.040481 -6.558829 5.643617 17.600626 34.880882 0.214391 -11.079322 -53.596653 -14.643624 19.077034 -17.632927 -0.036462 -5.283251 15.826134 26.091209 -3.589400 -6.623798 -43.916031 -5.615346 14.413392 3.446340 7.500931 -6.641797 34.516712 28.659155
-3.550713 1.652499 -46.385101 -6.376019 28.664967 -1.188331 -6.226283 5.556977 17.358900 35.917961 -0.965209 -9.632180 -52.487679 -15.046892 19.953461 -17.762196 0.235618 -5.043262 15.488521 27.114599 -4.529109 -5.459054 -43.450886 -5.522476 15.306396 2.585515 8.012044 -6.511839 34.678196 29.216492
-4.372394 2.537692 -45.416733 -6.651698 29.393721 -1.403224 -5.763123 5.608313 17.228527 36.519402 -2.070710 -8.418530 -51.331390 -15.439709 20.812138 -17.878639 0.503216 -4.686943 15.227165 27.918352 -5.367703 -4.497323 -42.899597 -5.605094 16.040695 1.829703 8.700671 -6.421582 34.571491 29.587017
-4.993330 3.370630 -44.737061 -7.010755 29.817057 -1.682181 -5.145688 5.636515 17.008566 37.119152 -2.965338 -7.531706 -50.452976 -15.750602 21.510002 -17.985760 0.849308 -4.225677 15.132779 28.573595 -6.182404 -3.793161 -42.402050 -5.711839 16.720947 1.366592 9.126004 -6.400669 34.458935 29.900488
-5.470540 3.893767 -44.267387 -7.338397 30.024967 -1.906932 -4.635067 5.654951 16.776695 37.442139 -3.646355 -6.956835 -49.778156 -16.010355 22.038904 -18.143286 1.242069 -3.842406 15.025464 29.093573 -6.734828 -3.180596 -42.015396 -5.835110 17.181461 0.921237 9.564054 -6.348505 34.312695 30.242165
-5.624902 4.271863 -43.816612 -7.512080 30.226212 -1.996266 -4.376843 5.664838 16.615602 37.490635 -4.098968 -6.571128 -49.359112 -16.176189 22.405561 -18.145208 1.376559 -3.605741 14.951610 29.376101 -7.011019 -2.745055 -41.624557 -5.820568 17.595751 0.713890 9.718387 -6.216685 34.227844 30.387066
-5.740820 4.343210 -43.787094 -7.585110 30.242926 -2.052820 -4.238847 5.649622 16.577566 37.520470 -4.207075 -6.474286 -49.248516 -16.216722 22.509855 -18.156187 1.455853 -3.564358 14.920634 29.432819 -7.090950 -2.628873 -41.527493 -5.836484 17.710213 0.617343 9.799869 -6.259621 34.207581 30.380541
-5.835116 4.414668 -43.692028 -7.608092 30.329233 -2.059963 -4.188646 5.621871 16.570704 37.477058 -4.330504 -6.421514 -49.130230 -16.258465 22.598368 -18.120037 1.439513 -3.574714 14.888473 29.420010 -7.188200 -2.594231 -41.452599 -5.817025 17.840677 0.581822 9.821033 -6.274768 34.213322 30.303888
-6.057069 4.696038 -43.391048 -7.691580 30.546103 -2.137401 -4.057649 5.503409 16.553354 37.356049 -4.689360 -6.186186 -48.841610 -16.397747 22.836330 -18.085777 1.472964 -3.525355 14.840273 29.494064 -7.408353 -2.432982 -41.139111 -5.762603 18.244347 0.389975 9.907948 -6.356967 34.189686 30.102251
-6.471331 5.142804 -42.977306 -7.920741 30.794947 -2.349697 -3.617871 5.324225 16.487326 37.144592 -5.221836 -5.816028 -48.326847 -16.650803 23.221420 -18.059315 1.593036 -3.474667 14.754663 29.539612 -7.824039 -2.097818 -40.563515 -5.700647 18.957048 -0.071988 10.206275 -6.502001 34.150700 29.811245
-6.957455 5.702375 -42.572422 -8.145238 31.071838 -2.607322 -3.128841 5.146403 16.508930 37.005264 -5.864782 -5.342741 -47.790623 -16.937704 23.589867 -18.025827 1.685495 -3.407384 14.632312 29.692991 -8.293599 -1.762933 -40.003689 -5.655190 19.668303 -0.474398 10.497372 -6.625720 34.093372 29.532875
-7.577623 6.212801 -42.001804 -8.398225 31.470108 -2.869451 -2.597444 5.063150 16.610331 36.719353 -6.794171 -4.739319 -46.990242 -17.339750 24.112041 -18.034824 1.844918 -3.267707 14.496776 29.919771 -8.925678 -1.366379 -39.421463 -5.579015 20.495346 -0.919623 10.805386 -6.637626 34.151539 29.268732
-8.287570 6.690897 -41.449123 -8.651454 31.933207 -3.193878 -2.030155 5.036640 16.914709 36.293930 -7.846978 -4.021514 -46.049259 -17.816433 24.739357 -18.102509 1.994209 -2.940618 14.606190 30.105179 -9.656421 -1.038724 -38.794117 -5.443646 21.492590 -1.498103 11.224841 -6.707561 34.230686 28.851261
-8.970587 7.319246 -40.772972 -8.989566 32.397800 -3.573216 -1.263889 4.859948 17.079275 35.674885 -8.734022 -3.348190 -44.907265 -18.185719 25.555229 -18.031897 2.112584 -2.756449 14.542165 29.928589 -10.296549 -0.837826 -38.258965 -5.248353 22.470953 -2.090549 11.684089 -6.921596 34.342880 28.301973
-9.696801 8.257240 -39.779167 -9.423021 32.958248 -4.167655 -0.200070 4.512586 17.102175 34.912834 -9.655268 -2.476393 -43.578369 -18.662523 26.373425 -18.174664 2.440679 -2.553996 14.550849 29.817522 -10.935184 -0.520690 -37.500969 -5.131000 23.582588 -2.989163 12.440729 -7.030146 34.449471 27.686964
-10.368568 8.953009 -38.690781 -9.864805 33.542648 -4.818209 0.885037 4.302162 17.199457 34.027493 -10.748731 -1.503241 -42.162758 -19.286667 27.162069 -18.162167 2.612309 -2.265704 14.559716 29.749075 -11.654504 0.051047 -36.448605 -5.164466 24.691139 -3.907133 13.196710 -6.913098 34.653797 27.086426
-11.119124 9.912890 -37.698757 -10.262177 34.251797 -5.327563 1.882334 4.304462 17.398127 33.313923 -11.859051 -0.418014 -41.069839 -19.810476 27.994272 -17.974962 2.587313 -1.947513 14.694972 29.730518 -12.464051 0.617873 -35.528812 -5.174628 25.863689 -4.651175 13.872728 -6.829098 34.874271 26.375431
-12.099119 11.091815 -36.553936 -10.810215 35.057819 -5.954684 2.953813 4.285090 17.619003 32.609253 -12.806781 0.955398 -39.217098 -20.485786 29.037920 -17.848764 2.670516 -1.587218 14.597984 29.679741 -13.216503 1.589190 -34.331974 -5.153261 27.265757 -5.601105 14.646548 -6.707578 35.144512 25.813412
-13.109996 12.410614 -35.425934 -11.437825 35.763824 -6.614554 3.943212 4.096039 17.824453 31.817137 -13.512611 2.538508 -36.988815 -21.231504 30.152483 -17.829298 3.007972 -1.651096 14.313243 29.208534 -13.919660 2.621417 -32.886238 -5.221012 28.674406 -6.634720 15.505092 -6.748362 35.401409 25.090881
-14.421675 13.896535 -34.326122 -11.997593 36.660286 -7.188584 4.869518 4.064209 18.087658 31.484175 -14.438938 3.939437 -34.684475 -22.002420 31.186428 -17.933340 3.451972 -1.992839 13.785302 28.863909 -14.573316 3.602786 -31.636778 -5.408497 29.778379 -7.642801 16.445593 -6.847239 35.401844 24.774710
-15.704325 15.254369 -32.424854 -12.892455 37.718353 -7.924088 5.741776 3.413110 18.163935 30.331629 -15.830239 5.978223 -30.970661 -23.115023 32.892921 -17.853577 3.459989 -2.615537 13.129884 28.494139 -15.024793 4.491620 -30.104919 -5.660056 30.881639 -8.280607 17.098372 -7.204766 35.330418 23.955795
-12.929154 24.438473 -22.920940 -13.638545 41.557930 -5.094580 2.521468 -6.041215 8.814163 27.452419 -15.615524 12.829714 -23.372103 -34.083126 24.889858 -15.988490 1.235639 2.132441 18.104834 28.904696 -16.250294 14.105995 -23.068590 -8.274962 32.363834 -1.899697 15.866055 -12.415318 25.897848 25.934456
-13.971205 25.251589 -20.141491 -14.693949 42.813805 -5.963082 3.851428 -6.801747 8.401488 25.744032 -16.879704 14.144870 -20.392717 -35.142849 26.168917 -15.863541 1.433018 1.854208 17.573847 28.484896 -17.815208 15.244895 -19.889408 -9.461064 34.298157 -2.847449 16.945602 -12.955992 25.045513 24.850340
-15.035664 25.719227 -17.230436 -15.773320 43.995628 -6.892406 5.393282 -7.561462 7.985198 23.738682 -17.848351 15.038908 -17.498045 -36.168407 26.983364 -15.521115 1.425258 1.061485 16.584721 27.657881 -19.013269 16.137724 -16.753551 -10.843943 35.582195 -3.288086 17.801790 -13.365070 23.935408 23.765888
-16.092754 25.823971 -14.734043 -16.859640 44.807079 -7.851018 6.967471 -8.408561 7.596696 21.579401 -18.888916 15.865405 -14.551618 -37.330868 27.734753 -15.316898 1.690166 0.222059 15.616117 26.644405 -20.258972 16.682108 -13.877427 -12.295734 36.720219 -3.556789 18.717010 -13.802052 22.775383 22.415106
-17.527809 25.329351 -11.786096 -17.844728 46.017048 -8.584310 8.058797 -9.652385 7.137219 18.688822 -20.263048 16.460617 -11.531823 -38.426743 28.717495 -14.961895 1.554632 -0.705541 14.693623 25.661722 -21.548731 17.292221 -10.784980 -13.460558 38.254612 -3.493335 18.999966 -14.193033 21.741505 21.052967
-20.264048 23.696714 -11.226603 -19.803278 46.715092 -8.980108 10.119015 -9.991009 5.885036 15.793684 -22.960712 16.066593 -9.800136 -41.907104 27.520935 -14.239576 2.589614 -3.625228 10.357122 25.167511 -23.404711 15.148381 -9.291833 -14.093240 40.205193 -3.725433 20.105045 -14.771401 20.359951 19.134403
-21.382988 22.698820 -9.498023 -20.681475 47.200760 -9.201276 10.654664 -11.068280 5.617550 13.345576 -23.929600 16.191866 -6.833680 -42.846233 28.321581 -13.506357 2.128579 -5.407355 9.184811 23.753569 -24.392748 14.715842 -7.186787 -15.378221 41.171829 -3.457067 20.425524 -15.506130 19.445433 16.839502
-22.167816 21.324259 -7.843689 -21.305468 47.751781 -9.482253 10.942223 -12.251603 4.977230 10.894063 -23.901459 15.714684 -4.005594 -43.586338 28.763577 -12.709571 1.124541 -6.898520 8.070612 21.669985 -25.393578 14.004691 -4.701441 -16.831390 42.016537 -3.094039 20.620399 -16.262306 18.100578 14.710276
-22.994722 20.272282 -6.612192 -22.083010 48.070168 -9.759572 11.194898 -13.296569 4.516175 8.791059 -24.018351 15.371425 -1.673072 -44.184315 29.241312 -12.032079 0.351518 -7.921215 7.060536 20.082653 -26.218740 13.416984 -2.575529 -18.227144 42.560295 -3.020041 21.429132 -16.801355 16.999191 13.189929
-23.867922 19.214413 -5.557462 -22.842201 48.337318 -9.860742 11.195198 -14.387256 4.262055 6.580577 -24.458536 14.906018 0.490366 -44.806808 29.835045 -11.616098 0.042208 -8.647652 6.296701 18.749670 -27.395433 12.839606 -0.898468 -19.739035 42.958084 -2.968120 22.120562 -17.049837 16.066759 11.855977
-24.933462 18.285740 -4.322140 -23.686172 48.696964 -10.231917 11.410538 -15.539789 4.012249 4.536035 -25.263792 14.710144 2.503324 -45.621368 30.422581 -11.561439 0.328492 -9.197980 5.692259 17.779703 -28.472958 12.264990 0.769716 -21.152914 43.427113 -3.192633 22.893112 -17.574381 15.096185 10.447366
-25.146582 17.388544 -3.145720 -24.278166 48.624485 -10.733857 11.418661 -16.612341 3.776782 2.681312 -25.647814 14.302865 4.188036 -46.121208 30.809233 -11.542416 0.541079 -9.711992 5.009839 16.804651 -29.058527 11.460810 2.511311 -22.338793 43.527203 -3.154960 23.200785 -18.326832 13.999669 9.110126
-25.209255 16.342522 -2.159860 -24.573860 48.683010 -11.095836 11.596778 -17.549974 3.450904 0.897753 -26.058710 13.849087 5.779821 -46.651478 31.105616 -11.521069 0.745325 -10.389365 4.385233 15.792533 -29.427547 10.766580 4.285018 -23.255789 43.837227 -3.211738 23.482342 -19.066601 13.083270 7.523370
-25.488354 15.346090 -1.437315 -24.886044 48.997292 -11.137551 11.792021 -18.255224 3.256646 -0.721678 -26.114634 13.447316 7.509821 -47.232426 31.166590 -11.503861 0.868856 -11.381003 3.831591 14.329090 -29.756681 10.193456 5.618714 -24.057514 44.148804 -3.247256 23.774525 -19.715631 12.315677 6.395618
-25.613838 14.710607 -0.747602 -25.106951 49.122070 -11.219248 11.842848 -18.888700 3.145789 -2.281936 -26.254452 13.143126 9.119752 -47.774025 31.321320 -11.592122 0.977888 -12.314866 3.569863 12.876756 -29.857904 9.581522 6.729540 -24.619242 44.267998 -3.137068 23.973190 -20.318464 11.701217 5.211851
-25.731033 14.166596 -0.158784 -25.266743 49.209633 -11.320661 12.037578 -19.581736 2.816462 -3.659327 -26.494900 12.818751 10.459843 -48.338089 31.434765 -11.664312 1.263319 -13.123365 3.421288 11.336401 -30.009394 9.043737 7.907238 -25.253862 44.432446 -2.968120 24.117586 -21.128281 11.207482 3.856416
-25.545706 13.488260 0.240592 -25.346287 49.026592 -11.364091 11.897883 -20.303425 2.558215 -5.158710 -26.821646 12.566964 11.745989 -48.849297 31.617302 -11.681935 1.458663 -13.750842 3.291926 10.130794 -29.725264 8.518380 9.059550 -25.766577 44.545048 -2.788772 24.255880 -21.754230 10.766917 2.533826
-25.606321 12.698254 0.825997 -25.631195 48.990646 -11.400632 11.795300 -20.704849 2.583569 -6.550919 -26.588326 12.121478 13.079402 -49.091709 31.804741 -11.611045 1.500567 -14.449218 3.064371 8.644177 -29.352379 8.189833 10.411405 -26.116478 44.821911 -2.551344 24.208466 -22.394970 10.244268 1.293136
-25.351875 11.897802 1.274519 -25.866648 48.960854 -11.314487 11.663230 -20.974123 2.601502 -7.872153 -26.085754 11.570036 14.106118 -49.144348 31.927151 -11.514770 1.357158 -15.103646 2.842756 7.311449 -28.815531 7.690575 11.438320 -26.370081 44.826584 -2.169365 24.066282 -22.809282 9.724479 0.208478
-25.296335 11.152476 1.933068 -26.144159 49.098114 -11.286682 11.798851 -21.119606 2.567033 -9.099226 -25.874233 11.182246 14.956512 -49.238937 32.139267 -11.466103 1.288448 -15.511558 2.715652 6.370497 -28.431377 7.301314 12.377687 -26.458904 45.043896 -1.860337 23.944489 -23.063246 9.256968 -0.737892
-25.283350 10.344073 2.527802 -26.471581 49.321384 -11.231737 12.026725 -21.222908 2.550062 -10.194483 -25.557356 10.683991 15.880219 -49.293495 32.403877 -11.299757 1.054236 -15.860012 2.534693 5.451518 -27.944897 6.757051 13.028980 -26.605707 45.051216 -1.427155 23.803076 -23.234167 8.892001 -1.719004
-25.194818 9.709604 3.050972 -26.752995 49.521221 -11.306404 12.309997 -21.230511 2.561503 -10.984361 -25.375015 10.526024 16.520674 -49.352360 32.648651 -11.174216 0.913540 -16.043377 2.365456 4.925950 -27.641933 6.502573 13.740560 -26.655878 45.300255 -1.313020 23.794312 -23.316849 8.554515 -2.328765
-25.008781 9.150814 3.355916 -26.923714 49.571617 -11.305778 12.434441 -21.279049 2.532203 -11.707351 -25.063900 10.256278 17.303370 -49.461502 32.782658 -11.055287 0.789982 -16.402636 2.126800 4.200218 -27.424683 6.238780 14.363960 -26.758280 45.523907 -1.156821 23.738876 -23.451424 8.281676 -2.923179
-24.888834 8.784721 3.580160 -26.967442 49.646008 -11.264340 12.489756 -21.180609 2.584556 -12.115436 -24.865942 10.051310 17.735701 -49.390995 33.006279 -10.969436 0.584424 -16.492601 2.065151 3.852371 -27.284254 6.095871 14.857224 -26.807388 45.671814 -0.962349 23.597515 -23.399351 8.120233 -3.181629
-24.856094 8.520918 3.735350 -27.059593 49.687927 -11.307912 12.600589 -21.202995 2.601307 -12.457847 -24.726849 9.935695 18.036316 -49.407681 33.092674 -10.933621 0.532769 -16.649853 1.978793 3.564117 -27.201511 5.922290 15.088901 -26.913479 45.661274 -0.867986 23.574993 -23.429916 7.987712 -3.401397
-24.834097 8.418206 3.825156 -27.086588 49.714127 -11.313859 12.651135 -21.194157 2.591969 -12.573787 -24.659204 9.875461 18.162252 -49.396114 33.134975 -10.914522 0.491419 -16.672371 1.952325 3.488184 -27.187088 5.873791 15.186852 -26.932161 45.691456 -0.824187 23.555443 -23.422031 7.958969 -3.481780
