-4.038673 6.184477 -37.886303 -13.663822 24.837763 -3.264162 -13.631530 0.882091 13.815859 40.126469 -5.662226 -6.278131 -38.242153 -17.242207 5.650086 1.387879 9.233895 -8.583219 32.569195 38.120308 -6.329269 2.365605 -40.700726 -6.275710 16.802999 8.044847 7.608294 -11.341507 25.804279 33.389301
-3.889626 5.780277 -38.462997 -13.492106 24.593027 -3.108459 -13.837935 0.922500 13.933393 40.098560 -5.227216 -6.580746 -38.679909 -17.068863 5.313450 1.387540 9.152043 -8.812003 32.585648 37.855270 -6.052773 1.936993 -41.092106 -6.278614 16.431534 8.275167 7.468107 -11.488390 25.846996 33.179539
-3.482509 5.231264 -39.128811 -13.161056 24.347229 -2.757310 -14.321705 0.996595 14.159196 39.840458 -4.592186 -7.129214 -39.492809 -16.679983 4.929903 1.535016 8.817550 -9.119441 32.716454 37.416725 -5.538284 1.382709 -41.587742 -6.071544 16.074198 8.773335 7.034388 -11.608870 25.968170 32.763592
-2.864450 4.433825 -40.023232 -12.736593 23.890326 -2.344861 -14.855979 1.010121 14.308826 39.256084 -3.624255 -7.894944 -40.472530 -16.204065 4.356233 1.696507 8.467311 -9.509688 32.820011 36.781700 -4.709105 0.756611 -42.161617 -5.839650 15.485011 9.391868 6.491130 -11.711987 26.057697 32.463612
-2.155784 3.629013 -41.207005 -12.418550 23.204647 -1.969242 -15.294526 1.145427 14.483070 38.721340 -2.346239 -8.970201 -41.680473 -15.708938 3.502684 1.783977 8.177794 -9.784772 33.137199 35.951241 -3.898006 -0.176749 -42.868858 -5.694238 14.724050 10.169578 5.787183 -11.930323 26.130466 32.116119
-1.140614 2.631272 -42.459202 -12.219383 22.193832 -1.692758 -15.579666 1.229889 14.542500 37.734623 -0.991707 -10.166641 -42.817215 -15.139867 2.707280 1.956920 7.869598 -9.982199 33.387409 35.011059 -2.880706 -1.385455 -43.465012 -5.670825 13.777842 11.120063 5.173976 -12.163254 25.938591 31.494495
-0.130155 1.655996 -43.694855 -12.160743 21.088329 -1.551054 -15.922789 0.932277 14.647218 36.307301 0.393610 -11.251902 -43.593666 -14.812435 1.825410 2.042329 7.718519 -10.390387 33.619511 33.627216 -1.766297 -2.551044 -43.591549 -5.849766 12.883947 12.037450 4.657901 -12.623356 25.469511 30.620590
1.096006 -0.017156 -45.316921 -12.110284 19.698959 -1.356732 -16.399525 0.739878 14.985272 34.477081 2.446929 -12.404809 -44.674274 -14.727435 0.382445 2.371757 7.618093 -10.952670 33.769619 31.661165 -0.376671 -4.136446 -44.019630 -6.258338 11.514279 13.101673 4.146864 -13.312417 24.826162 29.786709
1.836775 -1.508243 -46.644642 -12.224116 18.558067 -1.371747 -16.697029 0.615532 15.550473 33.011780 4.003315 -13.214236 -45.143467 -15.068102 -0.916724 2.934304 7.412422 -11.568933 33.789524 29.598177 0.939208 -5.700374 -44.175636 -6.783668 10.283290 13.751571 3.832904 -14.112467 24.232553 28.774242
2.654953 -2.643843 -47.844563 -12.483758 17.301661 -2.043855 -16.577389 0.474210 16.434891 31.363346 5.938668 -13.915208 -45.371475 -15.258272 -1.977962 3.416465 7.209236 -12.407342 33.862629 27.393137 2.394322 -7.251459 -43.988739 -7.356339 9.043902 14.196606 3.734583 -15.004372 23.456104 27.635349
3.648273 -3.891688 -48.628742 -12.754004 16.101105 -2.841090 -16.299732 0.081714 16.961264 29.467558 7.657148 -14.644570 -45.397659 -15.462769 -2.913592 3.751205 7.002978 -12.699875 34.049587 25.679377 4.307502 -8.707098 -43.916927 -7.780251 7.740648 14.640876 3.825872 -15.505876 22.729490 26.428125
4.442163 -5.264151 -48.975407 -12.953937 15.182920 -3.344970 -16.323460 -0.488551 17.298244 27.443502 9.188409 -15.211000 -44.641159 -15.778245 -3.634549 4.176260 6.726170 -12.973523 34.019917 23.915976 5.725655 -10.177176 -43.619125 -8.050090 6.945405 15.353899 3.474175 -15.922881 22.339489 24.816418
5.192584 -6.329382 -48.879478 -13.540712 14.075721 -4.168139 -16.374914 -0.740149 17.745117 25.940987 10.558241 -15.799837 -43.902386 -16.206663 -4.399396 4.423856 6.388350 -13.149053 34.312603 22.246603 7.281542 -11.246489 -43.156555 -8.293712 6.142842 15.645914 3.556115 -16.270432 21.827389 23.631796
5.670940 -7.470094 -49.103630 -13.782563 13.395287 -4.620543 -16.041336 -1.280685 17.700567 24.532585 11.960105 -16.096727 -43.265446 -16.426216 -4.882503 4.587950 6.540387 -13.463518 34.130058 20.838877 8.537646 -12.181008 -42.412830 -8.325897 5.954164 15.909011 3.589391 -16.422049 21.507549 22.255381
6.172392 -8.435443 -49.289902 -13.831400 12.909893 -5.173324 -15.620817 -1.776448 17.676830 23.375652 13.075672 -16.517262 -42.744453 -16.665651 -5.290888 4.833624 6.577800 -13.778078 33.944691 19.516993 9.802797 -12.823350 -42.022892 -8.395185 5.490785 16.000971 3.670763 -16.606060 21.153046 21.516788
6.831672 -9.208502 -49.250683 -13.869443 12.532261 -5.471419 -15.491890 -2.142451 17.616011 22.354589 14.142450 -16.885820 -42.290276 -16.906939 -5.680150 5.120678 6.548001 -14.017467 33.722008 18.399115 10.697430 -13.437550 -41.533890 -8.285745 5.451381 16.237978 3.531633 -16.504345 21.031673 20.619102
7.426737 -9.667713 -49.134975 -13.919340 12.244932 -5.810966 -15.240785 -2.576313 17.497904 21.296358 14.717159 -16.969908 -41.751335 -17.109541 -5.860679 5.328527 6.544082 -14.221982 33.465351 17.634352 11.728007 -13.765207 -41.000072 -8.274289 5.303819 16.389629 3.504393 -16.603045 20.791111 19.823586
7.729305 -9.970981 -49.092384 -13.973782 12.040547 -6.030810 -15.035968 -2.883103 17.371050 20.726652 15.283801 -17.071480 -41.292004 -17.222826 -6.080294 5.379058 6.613194 -14.454891 33.226124 17.067364 12.463198 -14.092505 -40.605675 -8.335199 5.087598 16.420424 3.554110 -16.708605 20.548201 19.372902
7.864615 -10.154166 -49.152016 -14.020565 11.895294 -6.116875 -14.990327 -3.081175 17.308432 20.453260 15.611742 -17.110004 -41.102276 -17.352640 -6.331498 5.422318 6.662522 -14.532983 33.117214 16.803030 12.838425 -14.280323 -40.386646 -8.385729 4.956317 16.473373 3.590738 -16.731136 20.393921 19.152914
7.885135 -10.200515 -49.139687 -14.039461 11.873124 -6.128226 -14.974437 -3.162574 17.251951 20.353628 15.708988 -17.115795 -40.965275 -17.372269 -6.326025 5.464583 6.665551 -14.564759 33.027142 16.703299 12.944438 -14.302449 -40.269226 -8.392022 4.945598 16.523769 3.555132 -16.725241 20.344728 19.075008
7.530678 -9.975095 -48.850582 -13.938927 12.499635 -5.802989 -15.242315 -2.929240 17.582857 20.172403 15.169326 -17.001951 -41.036217 -17.511629 -5.886887 5.851054 6.510344 -14.417823 33.090321 16.579550 12.416552 -13.896662 -40.172775 -8.204092 5.598164 16.534025 3.376501 -16.510344 20.682276 18.999332
6.819825 -8.668398 -48.377575 -13.218283 14.401123 -4.942962 -15.755687 -2.425061 18.631124 19.966751 13.150587 -16.799469 -41.540955 -17.667145 -4.654656 6.650366 5.881199 -14.648568 32.974972 16.666075 11.048919 -12.509738 -40.093983 -7.783600 7.146737 16.628010 2.953068 -16.347061 21.412514 19.042431
4.953009 -6.258462 -48.101181 -11.758977 17.813404 -3.718282 -15.122050 -2.355185 19.431551 19.100353 9.406210 -15.333012 -41.710434 -18.206570 -2.711341 7.459651 6.126377 -15.467729 31.844915 17.146292 8.172606 -10.341602 -39.916965 -8.141109 8.939677 16.505957 3.179941 -16.290890 22.409447 18.657465
2.215728 -3.944012 -47.683933 -10.551012 20.939365 -3.722651 -13.799579 -2.895256 20.462130 18.675198 6.686070 -13.116320 -40.536900 -18.962389 -1.263281 7.503489 7.173282 -16.864611 30.274961 18.084600 4.609823 -8.719583 -39.405674 -9.312514 10.524590 14.873496 5.190227 -16.769674 22.915314 17.967663
-1.981031 -2.989564 -46.519039 -10.232502 23.625088 -4.694256 -12.330182 -3.011773 22.188265 19.273130 2.381942 -9.493746 -38.502373 -22.231422 -1.105120 7.073905 9.023594 -17.901674 29.900923 18.729456 -1.018759 -8.578602 -38.928497 -12.699276 10.368909 13.029796 7.673991 -18.936192 22.162205 18.135839
-6.848055 -2.076808 -46.858414 -11.845103 24.721521 -4.968925 -9.717862 -2.835629 22.434988 19.354883 -0.553713 -4.565879 -36.867493 -24.793276 -0.760890 6.462546 10.450347 -19.068138 31.123360 17.433382 -6.217003 -8.349179 -38.034676 -16.023409 9.530886 10.764000 10.266001 -21.343493 20.766895 19.221626
-10.419559 0.635474 -47.217628 -15.211680 23.938471 -4.232615 -8.282539 -4.755289 20.466307 16.368151 -3.569407 0.068971 -35.936977 -23.717304 2.924884 6.651650 10.139880 -18.960497 32.471813 16.126541 -11.281752 -8.569975 -36.962418 -17.244003 11.159886 8.991872 9.791523 -23.786615 21.658466 18.801012
-12.006732 6.569621 -46.462681 -19.249113 23.303888 -2.989184 -6.481085 -6.665432 18.074797 11.765473 -5.166123 5.530502 -33.483528 -22.259613 6.633597 6.401989 9.884350 -20.718378 33.252140 14.643075 -13.677101 -7.210234 -33.672531 -17.503567 14.219278 7.049581 9.007174 -26.143749 22.444450 16.605412
-11.782880 10.854708 -44.214161 -21.671993 23.566002 -2.417993 -6.471972 -9.220839 16.374195 6.006093 -6.939200 8.851466 -28.966047 -22.944212 9.757051 7.333985 9.485623 -22.744030 32.688206 11.017251 -14.397090 -3.616766 -29.597721 -17.844839 16.381165 6.634180 7.774157 -26.597439 24.209969 14.201040
-12.222816 11.179311 -41.004559 -22.991253 24.380768 -2.500495 -6.248116 -12.023955 14.212420 2.026095 -7.953647 9.837276 -25.865866 -23.777210 12.195687 9.154591 9.482115 -24.920797 30.224356 7.428753 -13.777491 -1.939992 -25.280563 -18.300127 18.340948 6.561489 7.481585 -26.770340 25.059555 10.952035
-12.886673 13.035010 -38.780933 -25.423038 24.300102 -2.772012 -5.178728 -13.718102 12.808235 -1.581009 -8.973948 9.200706 -22.551460 -24.763050 13.305092 9.213468 10.161960 -27.303177 28.182625 4.916127 -13.164235 -3.198667 -22.782173 -20.122717 18.314117 5.947712 9.431221 -28.181171 24.009733 7.131103
-13.215204 11.853321 -36.409698 -26.906288 23.678413 -4.089627 -5.275380 -16.638611 10.954157 -3.530234 -9.341049 7.844144 -19.597254 -24.960968 14.281960 9.635671 11.278049 -29.573524 26.054697 1.380871 -13.464075 -3.888736 -19.593372 -22.061584 18.935785 6.162034 10.629551 -30.334572 21.494194 4.202659
-13.362172 9.650644 -33.372791 -28.079475 21.803205 -7.347332 -6.576739 -20.385092 10.120703 -3.800835 -9.352793 4.063454 -16.830952 -25.432747 13.097275 8.268369 11.229686 -30.982067 25.919178 -0.255174 -13.704853 -4.899052 -15.474468 -23.503887 19.034016 7.029346 9.134751 -32.204445 19.180855 3.965601
-12.297900 8.699546 -31.198408 -29.386122 19.507071 -9.373804 -7.811443 -22.029270 9.617718 -3.871590 -8.323032 3.063637 -14.060291 -26.582069 11.071158 6.888751 10.875875 -31.304085 26.513672 -1.091110 -14.005526 -5.886857 -12.280324 -25.866425 16.940029 7.021519 7.133922 -32.183632 18.835056 6.827471
-10.258039 8.324562 -29.133738 -31.217678 17.144211 -10.764243 -9.393359 -23.181362 9.801188 -4.844084 -6.426164 1.863540 -11.592557 -28.990726 8.340395 5.480551 10.471972 -32.150410 27.534695 -2.483544 -12.454063 -5.692055 -9.010133 -28.357285 14.116145 8.053898 4.864222 -32.688114 18.784729 8.591664
-9.068896 7.522826 -26.978664 -32.461887 16.314240 -11.390678 -10.969649 -24.196178 9.169868 -6.001585 -3.983570 2.322888 -9.563080 -30.447010 6.471601 4.923187 9.391267 -33.164982 28.223974 -4.399868 -10.691454 -5.038863 -6.049041 -30.729755 11.446156 9.798778 2.907020 -32.811317 18.584888 9.785532
-7.546617 6.626677 -25.143795 -33.682034 14.687251 -12.318452 -12.448249 -25.124275 8.594206 -6.406209 -2.174860 2.123190 -8.057365 -31.514370 4.871499 5.290155 7.787776 -34.287056 28.214268 -5.559135 -9.075033 -4.272080 -4.192532 -32.111813 9.382829 10.850650 1.650701 -32.964077 18.462975 10.679580
-6.223701 5.950259 -23.877560 -34.266113 14.088689 -12.334112 -13.914892 -25.255424 8.654669 -7.634541 -0.736569 1.861200 -6.996887 -32.010784 3.810498 6.283811 5.671247 -34.629971 28.449371 -6.975678 -7.919430 -4.082376 -2.177334 -33.008404 8.524614 11.615433 0.365332 -32.619144 19.142885 9.973372
-5.590387 5.815628 -22.667065 -34.407017 13.998889 -12.728090 -14.841491 -25.460669 8.823994 -7.519521 -0.363300 1.875900 -6.211922 -32.459545 3.165767 6.547728 4.356936 -34.472332 28.768177 -6.897046 -7.302095 -4.141674 -0.816628 -33.444241 8.198290 11.913285 -0.563304 -32.453915 19.628841 9.938025
-5.241057 5.838542 -22.041996 -34.488632 13.927747 -12.891301 -15.213422 -25.562756 8.822754 -7.520457 -0.181940 2.042500 -5.849573 -32.614391 2.857715 6.672957 3.663550 -34.502930 28.830147 -6.716354 -6.995713 -4.071125 -0.272016 -33.508953 8.128578 12.107859 -0.900584 -32.393276 19.666443 9.972465
-5.242817 5.914984 -21.982948 -34.585575 13.914557 -12.855511 -15.287947 -25.568312 8.863542 -7.605577 -0.173244 1.964801 -5.849595 -32.640896 2.846220 6.696716 3.634598 -34.509121 28.882317 -6.805155 -7.041920 -4.081177 -0.171596 -33.565174 8.137525 12.191207 -0.985383 -32.409966 19.668831 9.970015
-5.103740 5.856460 -21.807346 -34.673759 13.935100 -12.758979 -15.528781 -25.778656 8.859780 -8.104388 -0.188135 1.877889 -5.678470 -32.635056 2.911295 6.829438 3.474160 -34.745335 28.839853 -7.084906 -7.019206 -4.163722 -0.000516 -33.598171 8.190055 12.369334 -1.117108 -32.635998 19.549212 9.822844
-5.160628 5.812193 -21.368822 -34.771084 14.131475 -12.796116 -15.739490 -26.012978 8.916591 -8.461886 -0.239845 1.711561 -5.408460 -32.612637 2.908983 6.934973 3.015159 -35.218163 28.800026 -7.269653 -7.120483 -4.155646 0.492628 -33.699211 8.409253 12.496506 -1.354965 -32.931385 19.457973 9.662797
-5.352432 5.743351 -20.870584 -34.834045 14.395790 -12.789860 -16.039064 -26.311773 9.093872 -9.018270 -0.413282 1.529004 -4.972002 -32.421387 3.157701 7.076251 2.403795 -35.635769 28.785423 -7.528834 -7.328327 -4.247882 1.104753 -33.968773 8.579832 12.835452 -1.831141 -33.249622 19.423918 9.218089
-5.716487 5.766875 -20.327902 -35.110573 14.605219 -12.729999 -16.430578 -26.625780 9.243038 -9.456182 -0.757331 1.212923 -4.207327 -32.347446 3.315549 7.209987 1.650882 -35.985088 28.764154 -7.770123 -7.628420 -4.317955 2.103236 -34.007225 9.175156 12.855544 -2.348892 -33.619583 19.483976 8.588953
-6.266488 5.918933 -19.923740 -35.388535 14.962736 -12.433031 -16.823370 -26.785597 9.369082 -9.888604 -1.177570 1.147501 -3.268550 -32.305256 3.810981 7.562965 0.748117 -36.317589 28.663986 -8.028621 -8.178977 -4.400184 3.011320 -33.956856 10.047767 12.894382 -2.697734 -33.758850 19.582188 7.710469
-7.017485 5.352315 -19.112373 -35.442608 15.562420 -12.230463 -17.368610 -27.292017 9.597920 -10.844909 -1.768872 0.674632 -2.249303 -32.128128 4.544919 7.952921 -0.366603 -36.787067 28.394058 -8.229234 -8.620682 -5.222693 4.027763 -34.062805 10.603956 13.131552 -3.407664 -34.090820 19.532711 6.794363
-7.540042 5.165515 -18.563560 -35.599266 15.901860 -11.685201 -18.036383 -27.451269 9.798448 -11.871268 -2.590866 0.132097 -1.655939 -32.030285 5.123131 8.507148 -1.424358 -36.845505 28.487059 -8.431570 -9.030934 -6.334022 5.342886 -34.172859 11.226023 13.381012 -4.565374 -34.327213 19.702118 5.931672
-7.536942 4.653056 -17.585880 -35.873634 15.952332 -11.253551 -20.096651 -28.254717 10.255634 -12.868281 -3.441356 -0.945502 -0.665693 -31.925402 5.853977 8.965674 -3.125025 -37.558941 28.808681 -8.990701 -9.610317 -7.967938 6.371564 -34.570129 11.426755 13.854383 -5.822409 -34.728214 20.121559 4.724865
-7.568517 3.835793 -16.610264 -35.914112 16.251312 -10.643381 -22.351694 -28.706720 11.044424 -13.990020 -4.364535 -1.753243 0.552181 -31.909643 6.673707 9.357636 -4.792144 -37.789997 29.392990 -9.497422 -9.978201 -9.606862 7.377936 -34.492779 12.056111 14.333063 -7.281302 -35.106400 20.480316 3.371118
-8.077559 2.171181 -15.662800 -36.222553 16.832766 -10.286096 -24.127337 -29.263044 12.031282 -15.521190 -4.956442 -2.716150 2.102495 -32.060799 7.870630 9.830842 -6.200654 -37.535789 30.417063 -10.842740 -10.717731 -11.514578 8.292747 -34.732670 12.595494 14.621388 -8.809136 -35.524040 21.219629 1.973119
-8.137589 0.343008 -15.255266 -36.068478 17.493759 -9.706658 -25.697987 -29.548290 12.953109 -17.042997 -4.998581 -4.141382 3.704813 -31.736340 9.179706 10.191358 -7.909150 -37.565613 31.375065 -12.301437 -11.298091 -13.175356 9.400745 -34.797638 13.244751 15.177790 -10.607393 -35.918995 21.949488 0.842865
-8.362745 -0.997937 -14.988878 -36.072151 18.142981 -8.794653 -27.190140 -29.976128 13.783952 -18.880594 -5.179427 -5.311643 5.286715 -31.533436 10.655650 10.509120 -9.222712 -37.644039 32.286739 -13.766653 -11.739185 -14.599402 10.886041 -34.623997 14.324822 15.150079 -12.431424 -36.263382 23.343647 -0.684010
-8.307005 -2.090447 -13.892896 -36.045868 18.877495 -8.159163 -28.617783 -29.657104 14.845483 -20.250452 -5.366651 -6.052668 7.198566 -31.198673 12.370130 10.869397 -11.002010 -37.138611 33.454746 -14.963454 -11.575502 -15.761711 12.594031 -34.631321 15.019616 15.886052 -14.424963 -36.088249 24.561335 -2.406535
-8.133625 -3.969570 -12.926928 -35.943611 19.413403 -7.699423 -29.682728 -29.398853 15.936657 -22.230532 -5.459181 -6.730499 8.776616 -30.870956 13.755225 11.135486 -12.280155 -36.651012 34.374554 -16.174086 -11.376439 -16.635458 14.468616 -34.794582 15.981471 16.015234 -15.169845 -36.091820 25.006716 -4.520916
-7.865972 -5.797564 -12.068443 -35.731361 20.057793 -7.376923 -30.517515 -28.518518 17.359697 -23.971405 -5.255085 -7.252653 10.405725 -30.359041 14.714155 11.356788 -13.656137 -36.333591 34.921001 -17.477676 -10.580834 -17.479200 16.630774 -35.441544 15.831232 16.647141 -16.258554 -36.256199 25.133713 -6.480118
-7.263900 -7.744473 -10.563059 -35.187569 21.015097 -7.406657 -31.944788 -28.715080 18.817396 -26.435785 -5.254532 -7.902952 12.726781 -29.991295 15.707738 11.402066 -15.523117 -36.688862 35.408611 -18.744780 -9.589138 -18.562441 19.773624 -36.101822 15.786036 17.187344 -18.277782 -36.591686 25.647915 -8.206632
-7.270048 -9.080885 -9.540365 -34.811367 21.792456 -7.329063 -32.228580 -28.368855 19.800259 -28.446831 -5.230540 -8.393572 14.463573 -29.780342 16.639490 11.547258 -16.632351 -36.922970 35.529388 -19.823864 -9.240490 -19.022974 21.570328 -36.576874 15.932319 17.591360 -18.860872 -36.815456 25.277086 -9.428165
-7.112687 -9.747145 -9.147940 -34.519951 22.083817 -7.218071 -32.385075 -28.040878 20.442789 -29.808531 -5.181969 -8.766786 15.330008 -29.509346 17.057970 11.604017 -17.338840 -37.143742 35.652500 -20.550941 -8.765882 -19.418804 22.786081 -36.917686 15.721799 17.840004 -19.424212 -37.062313 25.061468 -10.174052
-7.001343 -9.963884 -8.882230 -34.383186 22.345020 -7.127448 -32.414352 -27.941591 20.592194 -30.312700 -5.126620 -8.924319 15.607586 -29.387463 17.186771 11.617891 -17.652451 -37.236317 35.675304 -20.773191 -8.578202 -19.512608 23.272253 -36.964470 15.752110 17.887619 -19.645544 -37.162006 24.972862 -10.420974
-7.007385 -9.971331 -8.884607 -34.375378 22.351742 -7.128144 -32.400024 -27.939638 20.590391 -30.310764 -5.130131 -8.928052 15.608490 -29.387657 17.194660 11.617288 -17.639896 -37.230598 35.676006 -20.772820 -8.573235 -19.510294 23.270073 -36.955959 15.755272 17.884827 -19.643280 -37.164711 24.969370 -10.418843
-7.006557 -9.975042 -8.885315 -34.373367 22.352810 -7.129860 -32.400639 -27.945154 20.588743 -30.313551 -5.128335 -8.926695 15.611806 -29.388763 17.191481 11.617238 -17.644869 -37.235573 35.674137 -20.775465 -8.575483 -19.517563 23.276501 -36.955906 15.763886 17.882160 -19.648766 -37.170494 24.967712 -10.419313
-7.006424 -9.975941 -8.884968 -34.372681 22.353182 -7.130468 -32.401592 -27.945875 20.588959 -30.312828 -5.128150 -8.926602 15.611779 -29.389048 17.190960 11.617236 -17.645397 -37.236111 35.673920 -20.775436 -8.575483 -19.517563 23.276501 -36.955906 15.763886 17.882160 -19.648766 -37.170494 24.967712 -10.419313
-7.006424 -9.975941 -8.884968 -34.372681 22.353182 -7.130468 -32.401592 -27.945875 20.588959 -30.312828 -5.128150 -8.926602 15.611779 -29.389048 17.190960 11.617236 -17.645397 -37.236111 35.673920 -20.775436 -8.575483 -19.517563 23.276501 -36.955906 15.763886 17.882160 -19.648766 -37.170494 24.967712 -10.419313
-7.006424 -9.975941 -8.884968 -34.372681 22.353182 -7.130468 -32.401592 -27.945875 20.588959 -30.312828 -5.128150 -8.926602 15.611779 -29.389048 17.190960 11.617236 -17.645397 -37.236111 35.673920 -20.775436 -8.575483 -19.517563 23.276501 -36.955906 15.763886 17.882160 -19.648766 -37.170494 24.967712 -10.419313
-7.008289 -9.974666 -8.886302 -34.373089 22.352381 -7.131124 -32.400349 -27.946447 20.590418 -30.313541 -5.128820 -8.924706 15.610380 -29.390060 17.189642 11.617271 -17.645350 -37.236416 35.674442 -20.775211 -8.575441 -19.517000 23.276823 -36.955589 15.763550 17.882956 -19.648384 -37.170673 24.968931 -10.419469
-7.008252 -9.974188 -8.886435 -34.374023 22.352182 -7.130692 -32.401028 -27.945957 20.589319 -30.313501 -5.129124 -8.924376 15.610608 -29.390245 17.189020 11.617126 -17.644903 -37.237919 35.674671 -20.775320 -8.575714 -19.516918 23.277519 -36.955437 15.763582 17.883091 -19.648211 -37.171551 24.968996 -10.418487
-7.008252 -9.974188 -8.886435 -34.374023 22.352182 -7.130692 -32.401028 -27.945957 20.589319 -30.313501 -5.129124 -8.924376 15.610608 -29.390245 17.189020 11.617126 -17.644903 -37.237919 35.674671 -20.775320 -8.575714 -19.516918 23.277519 -36.955437 15.763582 17.883091 -19.648211 -37.171551 24.968996 -10.418487
-7.007501 -9.969746 -8.889997 -34.373127 22.353310 -7.128685 -32.396763 -27.942026 20.588144 -30.318010 -5.131437 -8.926146 15.610231 -29.388016 17.193739 11.617177 -17.637136 -37.234444 35.675552 -20.775171 -8.571743 -19.513166 23.273863 -36.949543 15.763760 17.882490 -19.646063 -37.174324 24.966995 -10.417020
-7.001745 -9.964136 -8.888229 -34.378082 22.347460 -7.127853 -32.406044 -27.945078 20.587933 -30.318796 -5.130945 -8.927383 15.608478 -29.385593 17.192543 11.616670 -17.640966 -37.235573 35.675144 -20.773352 -8.572628 -19.512321 23.272875 -36.951199 15.762236 17.884115 -19.646025 -37.173355 24.967693 -10.416891
-7.001745 -9.964136 -8.888229 -34.378082 22.347460 -7.127853 -32.406044 -27.945078 20.587933 -30.318796 -5.130945 -8.927383 15.608478 -29.385593 17.192543 11.616670 -17.640966 -37.235573 35.675144 -20.773352 -8.572628 -19.512321 23.272875 -36.951199 15.762236 17.884115 -19.646025 -37.173355 24.967693 -10.416891
-7.005432 -9.961610 -8.889300 -34.378666 22.350664 -7.123173 -32.396172 -27.938887 20.586199 -30.322514 -5.131557 -8.925686 15.607264 -29.386007 17.193420 11.617080 -17.632351 -37.231667 35.674973 -20.775913 -8.566305 -19.512131 23.275282 -36.944126 15.762991 17.881334 -19.647539 -37.176376 24.964096 -10.415102
-7.000368 -9.957876 -8.887521 -34.382431 22.346338 -7.123220 -32.405033 -27.942955 20.586077 -30.322737 -5.130855 -8.927444 15.606299 -29.383905 17.192307 11.616177 -17.637550 -37.233219 35.674946 -20.773659 -8.566866 -19.511414 23.274185 -36.945324 15.762038 17.882601 -19.647778 -37.175720 24.964741 -10.415092
-7.004430 -9.958594 -8.890143 -34.383469 22.343287 -7.124386 -32.401428 -27.944868 20.587582 -30.321529 -5.130662 -8.927339 15.608802 -29.386019 17.190100 11.617528 -17.646866 -37.238110 35.673912 -20.772318 -8.570296 -19.514555 23.279181 -36.950481 15.763064 17.883734 -19.649302 -37.174156 24.965525 -10.416797
-12.626931 -19.131193 -5.384664 -38.349300 17.146696 -17.768450 -34.504749 -24.925112 32.876881 -23.194082 -4.643316 -13.458930 24.965467 -34.344769 11.842339 2.783856 -23.960432 -32.740868 45.955662 -13.962795 -8.090334 -15.827671 20.939661 -37.285885 14.752246 20.174543 -16.589712 -36.884197 23.807964 -13.955340
-12.626931 -19.131193 -5.384664 -38.349300 17.146696 -17.768450 -34.504749 -24.925112 32.876881 -23.194082 -4.643316 -13.458930 24.965467 -34.344769 11.842339 2.783856 -23.960432 -32.740868 45.955662 -13.962795 -8.090334 -15.827671 20.939661 -37.285885 14.752246 20.174543 -16.589712 -36.884197 23.807964 -13.955340
-12.626931 -19.131193 -5.384664 -38.349300 17.146696 -17.768450 -34.504749 -24.925112 32.876881 -23.194082 -4.643316 -13.458930 24.965467 -34.344769 11.842339 2.783856 -23.960432 -32.740868 45.955662 -13.962795 -8.090334 -15.827671 20.939661 -37.285885 14.752246 20.174543 -16.589712 -36.884197 23.807964 -13.955340
-12.626931 -19.131193 -5.384664 -38.349300 17.146696 -17.768450 -34.504749 -24.925112 32.876881 -23.194082 -4.643316 -13.458930 24.965467 -34.344769 11.842339 2.783856 -23.960432 -32.740868 45.955662 -13.962795 -8.090334 -15.827671 20.939661 -37.285885 14.752246 20.174543 -16.589712 -36.884197 23.807964 -13.955340
-12.626931 -19.131193 -5.384664 -38.349300 17.146696 -17.768450 -34.504749 -24.925112 32.876881 -23.194082 -4.643316 -13.458930 24.965467 -34.344769 11.842339 2.783856 -23.960432 -32.740868 45.955662 -13.962795 -8.090334 -15.827671 20.939661 -37.285885 14.752246 20.174543 -16.589712 -36.884197 23.807964 -13.955340
-12.500757 -19.640718 -5.721467 -38.562603 17.822763 -17.255592 -34.525444 -25.377893 30.560198 -23.370375 -6.440832 -15.095140 23.013138 -36.009548 10.342723 5.053497 -22.642632 -34.285732 43.012074 -13.809900 -8.295730 -16.759741 20.883863 -37.027920 15.395577 20.121258 -16.316483 -37.763546 22.806597 -13.978148
-12.423284 -19.587597 -5.866504 -38.040886 18.072678 -16.825891 -34.496452 -25.790577 29.988783 -23.182463 -6.549562 -15.107547 22.613325 -35.916023 10.563037 5.666996 -22.763121 -34.223553 42.773220 -13.989428 -8.336559 -16.639814 20.721643 -37.118793 15.340055 20.072395 -16.211855 -37.757526 22.881138 -14.175788
-12.471211 -19.662216 -5.993376 -37.893963 18.150021 -16.805319 -34.369888 -25.816345 29.886417 -23.162579 -6.520937 -15.093282 22.702686 -35.861614 10.555314 5.663059 -22.848160 -34.428215 42.678890 -13.906133 -8.369686 -16.650654 20.767950 -37.252625 15.236637 20.087955 -16.252892 -37.716629 22.834373 -14.127336
-12.487277 -19.623859 -6.005343 -37.960712 18.098404 -16.832853 -34.338024 -25.822813 29.801092 -23.167601 -6.521193 -15.073668 22.743927 -35.823982 10.526144 5.719312 -22.821053 -34.491810 42.722755 -13.886846 -8.355841 -16.660816 20.819263 -37.199005 15.197861 20.166731 -16.176949 -37.782230 22.877697 -14.088754
-12.493594 -19.617781 -6.002988 -37.995266 18.068985 -16.844805 -34.341805 -25.815485 29.800608 -23.157982 -6.528756 -15.073882 22.754932 -35.839130 10.506210 5.725359 -22.828743 -34.488255 42.752037 -13.871100 -8.355801 -16.661196 20.827898 -37.201416 15.192368 20.174305 -16.169802 -37.782520 22.883930 -14.082324
-12.487626 -19.615715 -6.006086 -37.982460 18.079193 -16.832039 -34.331554 -25.829058 29.775112 -23.167931 -6.524721 -15.066549 22.751448 -35.826138 10.512750 5.727525 -22.823364 -34.501980 42.737476 -13.875447 -8.351313 -16.660744 20.829542 -37.198406 15.193191 20.175100 -16.169947 -37.786480 22.881561 -14.085492
-12.489703 -19.609106 -6.010456 -37.992512 18.069185 -16.831690 -34.334156 -25.824623 29.779678 -23.170950 -6.525156 -15.066630 22.751129 -35.822895 10.520124 5.724843 -22.815210 -34.495731 42.734058 -13.880834 -8.351857 -16.656307 20.835663 -37.210381 15.183211 20.174072 -16.166826 -37.783726 22.885048 -14.091378
-12.489307 -19.608887 -6.009779 -37.992695 18.069782 -16.830961 -34.333988 -25.825045 29.777494 -23.170418 -6.524503 -15.066645 22.749367 -35.820259 10.519811 5.726288 -22.816021 -34.497635 42.731911 -13.879556 -8.353716 -16.656416 20.834810 -37.209560 15.184689 20.172819 -16.167994 -37.781979 22.887842 -14.091455
-12.489728 -19.609423 -6.010185 -37.992218 18.069490 -16.830997 -34.334370 -25.824711 29.779337 -23.170454 -6.525957 -15.066535 22.749619 -35.821243 10.519765 5.726808 -22.817715 -34.497181 42.732597 -13.878098 -8.353744 -16.656174 20.834253 -37.209785 15.184442 20.172405 -16.167830 -37.781757 22.887997 -14.091825
-12.485933 -19.583071 -6.013419 -38.019344 18.043804 -16.820757 -34.336990 -25.826744 29.766268 -23.172712 -6.521296 -15.049738 22.757948 -35.815136 10.512885 5.762769 -22.800856 -34.478203 42.773083 -13.883090 -8.355924 -16.642159 20.823759 -37.215977 15.176686 20.183397 -16.153603 -37.773670 22.911734 -14.111091
-12.490306 -19.596582 -6.018272 -37.997223 18.062939 -16.831762 -34.342278 -25.823160 29.782980 -23.162214 -6.523550 -15.046844 22.750113 -35.821850 10.512847 5.750842 -22.811224 -34.479752 42.763084 -13.883480 -8.352184 -16.637680 20.817461 -37.213024 15.181228 20.183435 -16.159119 -37.773506 22.905518 -14.108366
-12.491672 -19.600010 -6.017745 -37.995358 18.064548 -16.831610 -34.340080 -25.823513 29.783928 -23.162123 -6.523369 -15.045960 22.749166 -35.821327 10.513065 5.752404 -22.813063 -34.479458 42.762218 -13.882281 -8.352765 -16.637684 20.820126 -37.213089 15.181132 20.186632 -16.160635 -37.773109 22.904171 -14.104470
-12.490093 -19.599020 -6.016589 -37.994221 18.067715 -16.831093 -34.339893 -25.822235 29.784271 -23.167255 -6.520725 -15.043619 22.750828 -35.819462 10.514020 5.753158 -22.811951 -34.480412 42.760838 -13.884380 -8.351227 -16.637074 20.821590 -37.213161 15.180470 20.186556 -16.160172 -37.774475 22.903784 -14.105515
-12.490190 -19.599237 -6.016761 -37.993702 18.067720 -16.831608 -34.339645 -25.822659 29.784534 -23.166922 -6.520411 -15.044167 22.750891 -35.818817 10.514218 5.754096 -22.812576 -34.479584 42.760410 -13.883520 -8.350960 -16.636354 20.822607 -37.211235 15.180702 20.188169 -16.159510 -37.774738 22.906128 -14.104970
-12.489439 -19.598726 -6.016436 -37.994301 18.067577 -16.831356 -34.340672 -25.821733 29.785002 -23.166563 -6.520115 -15.043274 22.750814 -35.818775 10.514022 5.754713 -22.812819 -34.479431 42.760082 -13.883610 -8.350221 -16.634584 20.829376 -37.216034 15.177087 20.185150 -16.160360 -37.773277 22.910004 -14.107734
-12.488538 -19.587769 -6.012843 -38.006741 18.053547 -16.825541 -34.337410 -25.828096 29.777456 -23.171412 -6.519796 -15.037657 22.751190 -35.820999 10.512268 5.756913 -22.806805 -34.474567 42.766094 -13.886348 -8.349326 -16.630949 20.825956 -37.219929 15.171581 20.183195 -16.154495 -37.776104 22.913269 -14.115718
-12.487426 -19.582987 -6.014882 -38.009598 18.049379 -16.825979 -34.339382 -25.830313 29.771975 -23.169422 -6.519045 -15.035573 22.750769 -35.820705 10.512515 5.757399 -22.810774 -34.475430 42.764301 -13.886256 -8.349934 -16.628544 20.825226 -37.221249 15.171347 20.183434 -16.155241 -37.774708 22.913891 -14.117347
-12.487794 -19.583939 -6.014470 -38.009140 18.049944 -16.825935 -34.338417 -25.830217 29.772758 -23.169237 -6.519209 -15.038340 22.752144 -35.821377 10.512967 5.758394 -22.808718 -34.474682 42.764019 -13.886205 -8.348683 -16.629507 20.824469 -37.222530 15.170868 20.181856 -16.155037 -37.775799 22.911629 -14.118742
-12.490358 -19.587572 -6.021758 -38.003250 18.056618 -16.828197 -34.339016 -25.826082 29.782368 -23.172054 -6.522075 -15.047089 22.751661 -35.819530 10.515262 5.749672 -22.801111 -34.473854 42.764805 -13.886486 -8.348700 -16.638287 20.827656 -37.216820 15.175532 20.179613 -16.155672 -37.776493 22.908859 -14.110447
-12.489583 -19.587151 -6.021735 -38.001881 18.057859 -16.827024 -34.339653 -25.826273 29.780874 -23.171484 -6.523115 -15.046934 22.750010 -35.818859 10.516163 5.751246 -22.801064 -34.474701 42.762699 -13.885935 -8.349252 -16.638752 20.827547 -37.216949 15.175447 20.179276 -16.155941 -37.777065 22.908354 -14.109917
-12.489699 -19.587757 -6.021335 -38.001289 18.057072 -16.826685 -34.338993 -25.827215 29.781431 -23.170277 -6.523279 -15.046463 22.749624 -35.819134 10.515785 5.752357 -22.801504 -34.474159 42.763317 -13.885653 -8.348777 -16.638397 20.826706 -37.216232 15.175693 20.179787 -16.154783 -37.775814 22.909676 -14.110761
