-27.496380 4.214351 8.046749 -34.810532 41.913036 -19.026789 6.407966 -17.941654 12.004268 -7.161561 -24.702600 11.595333 22.741928 -29.741154 39.229256 9.797044 15.183641 -26.660017 9.750040 7.219282 -26.292490 11.196620 3.848263 -36.880768 46.256264 -11.585315 12.210263 -16.335646 -4.248277 -11.288627
-27.608648 5.570083 7.074662 -34.736294 41.226269 -19.272863 6.514319 -18.042519 11.755311 -5.884806 -25.159920 12.421463 21.489204 -29.897549 38.524963 9.206462 16.380894 -26.267849 9.769445 8.606681 -26.223475 11.312693 2.418897 -36.758274 45.530693 -12.481270 13.006637 -16.284367 -3.952814 -10.478512
-26.995916 7.814472 5.384895 -34.335503 40.125546 -19.680012 6.745440 -17.909750 11.372890 -3.542741 -25.254770 13.526222 19.950443 -29.896404 37.493309 8.296572 17.697340 -25.950018 9.707880 10.556638 -26.348648 11.537050 0.177143 -36.660980 44.426296 -14.025834 14.203052 -16.055861 -3.285363 -8.754570
-26.056616 10.271782 3.857987 -34.179737 39.325909 -20.295279 7.847181 -16.966341 11.132977 -0.590338 -24.770479 14.664398 17.500051 -29.527721 36.082287 7.227104 19.067066 -25.410309 9.546838 13.177259 -25.951448 11.838220 -2.364689 -36.021809 43.451496 -15.658645 15.428196 -15.323673 -2.876902 -6.533552
-24.733494 12.113760 2.639184 -34.059872 38.251659 -21.117182 8.960527 -16.033068 11.155275 1.612713 -23.558548 15.857535 15.411626 -29.505236 34.391968 6.312742 20.549444 -24.756199 9.338733 15.299138 -25.242180 12.498212 -4.891949 -35.457405 42.363174 -16.877934 16.555334 -14.175991 -2.289432 -4.281824
-23.914845 14.191986 0.665220 -33.494728 37.230812 -21.340612 9.680743 -14.449457 11.797441 4.381637 -22.220203 16.834454 13.086646 -29.379244 32.597755 5.690359 22.244080 -24.229248 8.988057 16.978321 -23.877964 13.277923 -7.360785 -34.811230 40.795433 -17.490076 17.426277 -13.206102 -1.769742 -2.038989
-22.495401 15.573296 -1.284412 -32.767658 36.532425 -21.255629 10.482615 -12.782291 12.285892 6.414098 -20.655499 17.188890 10.759511 -29.122801 30.833206 4.979579 23.800175 -23.334988 9.029857 18.586876 -21.728735 13.841863 -9.613061 -33.826458 39.085812 -18.327703 18.057144 -12.158656 -1.222861 0.011540
-20.574377 16.784981 -3.436924 -31.994371 35.239494 -21.746445 11.590956 -11.394115 12.495022 9.001265 -19.344086 17.612329 8.547368 -28.848646 29.357311 3.782527 25.783340 -22.223022 9.231214 20.575357 -19.785488 13.861665 -11.942770 -33.094738 37.379070 -19.190411 18.897635 -11.445328 -0.686715 1.478105
-18.993347 17.481180 -4.881729 -31.283379 34.342567 -21.982872 12.142495 -10.402061 12.742205 10.422099 -17.674774 17.664303 6.358486 -28.369911 27.926973 2.887168 27.176907 -21.121481 9.467648 22.190134 -18.552116 13.988050 -13.685791 -32.474369 36.134605 -19.600496 19.244972 -11.009260 -0.243066 2.664680
-18.115463 17.781017 -5.829201 -30.901308 33.814133 -22.074093 12.423134 -9.811175 12.967166 11.159963 -16.909809 17.687132 5.080379 -28.175266 27.156721 2.416727 27.938305 -20.341038 9.741985 23.117498 -18.001455 13.982701 -14.947313 -32.241550 35.211517 -19.816055 19.560183 -10.719736 0.045176 3.558160
-18.049080 17.859676 -6.757611 -30.784573 33.351440 -22.172142 12.651237 -9.685918 13.136840 11.617716 -16.481436 17.514765 4.065720 -28.060350 26.484909 2.071820 28.442595 -20.385462 9.899174 23.245192 -17.754496 13.842085 -15.662922 -32.367359 34.441944 -20.009850 19.806402 -10.900928 0.022200 4.137185
-19.067486 17.910465 -11.807532 -30.588469 31.175970 -22.561232 13.582355 -9.546669 14.531747 12.842878 -16.117792 17.340477 -0.659285 -28.216320 23.216724 0.706936 30.308668 -22.057861 10.936067 22.664627 -17.198420 12.999912 -19.029850 -33.021343 30.922115 -20.460106 20.379227 -12.717139 0.099481 5.737864
-20.698526 15.896753 -22.617502 -29.415033 27.502914 -20.761238 12.270980 -8.245287 17.559256 14.169398 -16.142620 16.129494 -10.082507 -27.832975 18.584066 0.492839 30.627022 -24.607849 13.773658 19.741739 -18.309792 9.743517 -27.103409 -34.258915 24.701929 -17.976347 19.043846 -15.645291 0.754404 7.574443
-19.971149 11.140054 -34.062569 -27.008413 23.874781 -15.308556 5.842405 -7.908186 18.809574 13.921392 -13.877958 12.682584 -20.737238 -24.458298 16.123959 2.078511 26.685017 -26.090124 18.729877 15.368404 -16.932947 4.334208 -36.481323 -33.257957 18.123013 -11.084142 12.453042 -17.748257 3.024437 7.354631
-15.287882 4.315281 -41.128994 -19.332117 24.457335 -8.034428 -4.616580 -11.242041 16.907021 13.207498 -8.670261 8.960732 -30.562300 -20.109795 14.426968 4.965833 18.573757 -23.601053 27.552858 12.080836 -15.027865 2.737449 -43.130188 -30.874477 14.710504 -4.075982 3.124418 -18.601337 9.582898 5.090078
-7.131359 -1.243708 -44.460659 -10.577379 27.552458 0.838303 -15.599279 -14.009425 14.291502 9.847836 -2.726142 0.931230 -37.621468 -14.921663 15.100116 10.373796 8.976707 -18.964741 33.597427 6.392127 -7.583471 -1.319384 -45.656555 -24.083126 15.719991 3.401722 -7.398858 -18.498053 14.729854 -1.985760
3.675629 -4.873800 -42.673496 -7.158247 29.561625 7.909457 -20.802414 -12.634683 10.063574 3.009942 3.787844 -10.891565 -38.416996 -10.184006 19.224112 12.976214 7.846126 -16.719601 32.606331 -1.455509 4.166153 -4.664953 -43.312603 -15.526035 20.479734 6.902883 -12.351888 -17.050068 16.681213 -11.948216
11.787421 -10.786263 -41.162163 -7.079486 30.571596 11.399324 -20.498669 -7.875855 12.009954 -8.195461 11.197507 -19.228695 -34.616943 -7.040133 23.804216 17.376118 4.881941 -13.285831 28.904747 -8.091098 10.391744 -12.884550 -39.292377 -10.100589 26.567171 8.211282 -13.684298 -12.515604 16.069469 -19.971161
14.279782 -16.316980 -39.454082 -8.035316 30.773340 11.401955 -16.218670 -4.003912 13.660730 -15.547854 16.088421 -23.741140 -30.988075 -8.379410 23.808439 21.741592 3.424834 -9.879860 26.799532 -12.054877 13.281436 -19.768145 -35.797794 -7.495982 31.898905 8.103902 -12.678060 -6.035665 16.702158 -25.530048
14.389589 -19.186651 -38.555759 -9.318131 29.912031 10.865292 -13.701924 -1.885945 14.365420 -17.458908 17.794975 -27.014799 -28.021788 -9.412498 24.349762 24.303411 3.016857 -7.534923 24.495981 -13.129395 14.318425 -22.970957 -33.647995 -7.585193 33.449871 8.342763 -11.298236 -2.546720 16.362488 -27.029911
14.411415 -19.345892 -38.350090 -9.648822 29.756691 10.834630 -13.383708 -1.829065 14.034924 -17.636372 17.727352 -27.193619 -27.813618 -9.501509 24.540602 24.882969 2.610390 -7.307502 24.189625 -13.014975 14.337068 -23.099543 -33.351727 -7.494054 33.850773 8.586173 -11.359790 -2.025638 16.252060 -26.858913
13.499740 -19.833551 -38.336044 -9.868549 30.053402 11.172866 -13.116012 -1.723990 13.774757 -17.549475 17.322250 -27.285044 -27.890232 -9.647431 24.823822 25.355980 2.613058 -6.833459 23.831823 -12.764192 13.679420 -23.060209 -33.788086 -7.769205 33.718731 9.099014 -11.403858 -1.798849 16.188461 -26.359028
11.848834 -20.884289 -38.454391 -9.962778 30.530622 11.478040 -12.413065 -1.880079 13.393976 -17.127390 15.805607 -26.951298 -28.766594 -9.821994 25.166311 26.189529 2.146292 -6.495738 23.355297 -11.745486 12.252632 -22.538034 -34.358948 -7.998402 34.062870 10.004464 -11.742891 -1.231740 15.870525 -25.174538
9.879270 -21.672792 -38.332542 -9.898459 31.475237 11.670590 -11.705947 -2.134024 12.978884 -16.047319 14.087961 -26.471302 -29.671955 -9.842257 25.547945 26.725855 1.917682 -6.681876 22.297178 -10.231826 10.653175 -21.972511 -35.407173 -8.194161 34.408470 10.904342 -11.847505 -0.526946 15.385854 -23.708401
7.652849 -23.055990 -38.279449 -10.225464 32.433231 12.325381 -11.023042 -2.000882 11.847350 -14.676248 11.919156 -26.100815 -30.541664 -10.002083 26.238924 27.670433 1.817920 -6.256596 21.095539 -8.340007 8.443889 -21.374273 -36.956749 -8.844687 34.378475 11.973685 -11.523544 0.363732 14.597593 -21.399529
5.286026 -23.763058 -38.197258 -10.595772 33.286247 12.831173 -10.138520 -1.350845 10.527892 -11.748817 9.437937 -24.823130 -32.468204 -10.423754 26.024551 27.999472 2.082202 -6.379194 20.247049 -5.485445 6.006796 -19.998322 -38.557941 -10.143078 33.448414 13.140849 -10.884266 0.558906 13.351529 -18.348520
3.479138 -23.748392 -37.658939 -10.709381 34.038132 13.438274 -9.493074 -0.854666 8.899683 -8.725731 6.806169 -24.222055 -33.385376 -10.276119 26.480194 28.069241 2.139205 -6.265472 19.364273 -2.338746 3.275769 -18.757500 -38.924576 -11.074320 33.476841 14.439286 -10.547153 0.965363 11.979212 -15.851205
1.726873 -22.819424 -37.113258 -10.995271 34.539345 14.032234 -9.196792 -1.019763 7.018171 -5.956834 4.939691 -23.816900 -34.370102 -10.311620 26.693024 28.383080 2.106162 -6.155198 18.855820 -0.247188 1.025789 -17.287815 -39.388950 -11.558447 33.705109 15.275912 -10.281806 1.126337 10.954095 -13.636218
0.721127 -22.078844 -36.362152 -11.025282 35.147022 14.450347 -9.173866 -1.111077 6.133272 -4.043868 3.685879 -22.937237 -34.608585 -10.504084 27.032873 28.771515 1.909537 -6.157544 18.130398 1.337519 -0.807079 -16.052029 -39.416286 -12.044472 34.146069 15.832913 -10.209311 1.449442 10.268295 -12.170872
0.502571 -21.589666 -35.848152 -11.137124 35.336700 14.645477 -9.134144 -1.157964 5.589294 -3.228357 3.025466 -22.409620 -34.450111 -10.626486 27.344761 29.027035 1.601349 -6.062735 17.811968 2.288987 -1.424015 -15.781536 -39.655983 -12.452500 33.793530 16.072737 -10.163419 1.440791 9.883199 -11.415975
0.508741 -21.569717 -35.840488 -11.173927 35.297619 14.657671 -9.060830 -1.087977 5.513822 -3.064838 3.041574 -22.317722 -34.441231 -10.727360 27.278685 29.124441 1.634627 -5.919967 17.775949 2.361163 -1.482227 -15.762904 -39.782158 -12.551991 33.678017 16.077007 -10.082764 1.562330 9.900264 -11.300603
0.648340 -22.255123 -36.310490 -11.337280 34.772957 14.620832 -8.353250 -0.152414 5.711816 -2.745111 3.880466 -22.268564 -34.882156 -10.988385 26.719053 29.559607 1.784356 -4.960691 17.904673 2.242077 -1.310805 -16.441130 -40.014732 -12.943126 33.174343 16.119127 -9.465280 2.498347 9.798759 -11.256585
1.551994 -23.573965 -37.061230 -11.632010 33.758648 14.479128 -7.249603 1.666645 6.159267 -2.446258 5.209702 -22.140657 -35.095436 -11.774996 25.755241 30.387493 2.110886 -2.944474 18.063240 2.288880 -0.323376 -17.947317 -40.327198 -13.851433 31.600471 16.199100 -8.690398 4.048007 9.844795 -11.262278
2.716577 -25.330898 -37.709747 -12.265539 32.238586 14.074510 -5.840400 4.451499 7.372327 -1.927626 7.677460 -21.551226 -35.633240 -12.561867 24.159670 31.050104 2.616548 0.002150 18.866596 2.286932 1.135600 -19.727121 -40.643486 -15.618931 29.021622 15.990676 -7.421292 6.258218 10.511445 -11.294622
4.493212 -26.220196 -39.102314 -13.188220 29.462969 13.084105 -3.642612 6.585109 8.005933 -1.156953 11.379303 -21.059662 -35.474655 -13.720217 21.792740 31.277063 3.670101 3.545361 19.752018 2.296143 3.785522 -21.636150 -40.650906 -17.135286 26.497753 15.704391 -5.701661 9.566841 11.459019 -11.881209
7.035034 -26.520945 -40.157719 -15.094062 26.049021 12.847626 -0.595356 10.867281 8.742845 -0.183484 15.400635 -20.325699 -35.252605 -15.103351 18.990456 31.385141 5.360197 8.128586 20.796177 3.155524 5.724745 -23.528942 -39.947727 -18.630369 24.341814 14.661210 -2.958356 13.643230 12.109968 -11.533019
10.971203 -26.386698 -39.430141 -17.547207 22.188660 12.022769 2.343401 15.645586 8.142366 2.645525 19.860941 -21.830835 -32.878757 -16.264399 16.067749 29.951881 8.331816 11.865320 20.485733 3.938263 9.056728 -26.243156 -37.977829 -19.498123 22.150404 13.256230 -0.595196 18.458832 11.931647 -9.718068
16.910309 -27.314997 -34.914547 -21.170908 15.440896 10.259747 -0.565257 22.354603 11.064563 9.933958 27.993973 -17.952145 -34.364174 -15.321944 14.089437 29.184465 15.180750 16.371695 16.693684 4.305134 12.844491 -24.799950 -39.959831 -17.862465 19.167084 12.589845 6.441400 20.386988 9.613668 -5.524554
21.393404 -32.057777 -28.093510 -19.436695 15.983926 7.190284 1.445538 25.197119 9.515509 15.991038 34.179249 -20.984247 -29.627466 -14.969942 11.765751 30.318119 13.948168 17.711931 12.174645 8.741843 19.717571 -29.377823 -36.128101 -15.284346 19.749138 10.024364 7.868003 23.278202 7.109082 -2.483662
27.176937 -35.846432 -21.228403 -17.597815 17.624531 4.333379 4.984355 26.039772 6.410954 17.428892 41.291733 -21.372786 -21.728104 -14.067328 10.676725 33.452625 8.901768 16.973587 5.976833 12.366106 28.087374 -31.652620 -28.663767 -12.989023 22.074478 8.679708 8.541456 26.940882 1.960285 -0.271178
35.051311 -36.770962 -13.395016 -17.714462 17.925829 0.574522 8.622688 23.374298 1.246727 12.108088 46.336460 -18.475143 -11.465634 -16.307663 8.411493 35.683392 8.987409 15.224785 -2.436155 14.835656 34.799919 -29.226528 -22.144033 -14.996349 21.212440 8.237381 8.620560 28.096260 -6.077493 1.152708
38.042725 -31.131254 -8.071189 -17.055885 18.628656 -5.790931 12.348746 22.033787 0.974762 12.348691 47.377785 -11.297750 -4.196201 -16.817207 9.861403 30.339567 12.244825 15.477468 -4.538157 18.770252 36.108860 -21.711637 -17.716963 -15.295251 21.924601 3.565019 12.733466 28.982170 -7.763844 6.316388
39.241894 -23.715832 -5.282912 -17.747261 17.986742 -10.911713 15.754291 20.589249 0.262936 14.351644 47.426926 -7.193277 -0.486028 -17.602339 11.017731 21.544830 15.096835 15.566172 -7.784003 24.127390 37.468971 -14.031331 -14.578238 -16.230789 20.321268 -0.805509 15.926785 26.600222 -8.772859 12.081285
38.831516 -15.412374 -3.496895 -18.324890 16.056429 -16.193110 21.271984 18.732998 0.388119 17.608610 46.940506 -4.424580 2.066968 -16.662519 9.962260 12.678072 17.114458 11.692835 -12.386189 31.215662 36.762108 -6.352698 -12.541344 -17.649313 19.271666 -5.866211 20.374731 24.175425 -9.294365 15.877131
37.394493 -8.299940 -3.361273 -18.813152 13.707744 -22.847929 25.923635 14.781377 0.702685 21.040760 47.019295 1.580969 5.331429 -14.525360 9.928057 4.845046 18.399683 7.109417 -13.540449 36.691174 36.154976 0.995182 -10.719560 -20.329142 16.675604 -11.535312 24.959898 19.220072 -10.361304 18.539537
36.215893 -1.404566 -6.609013 -19.288078 10.988088 -27.800278 28.729271 12.273919 1.398759 23.588545 47.233997 9.197469 6.812355 -13.775191 8.019408 -1.083832 22.249315 3.188930 -10.752257 37.851097 35.911312 6.313311 -10.411831 -22.539211 13.271549 -17.443775 28.911295 13.762696 -10.890041 19.735737
34.994671 3.346869 -9.427341 -19.300545 8.723558 -31.695091 30.593824 9.405215 2.351700 24.616055 45.761608 12.345027 7.761200 -13.920299 6.131248 -4.483857 29.113770 0.562901 -7.366786 38.108925 34.860584 10.091242 -12.474491 -22.444986 12.187921 -22.240627 30.863665 10.390130 -9.486793 21.506935
33.970493 7.134240 -12.857882 -18.481817 7.008337 -35.162155 31.581177 5.937274 4.175710 24.708735 44.351391 14.577113 8.944903 -13.313464 4.962177 -8.018537 34.976349 -2.224476 -3.677714 38.108570 34.426861 12.966492 -13.575710 -21.628733 11.870752 -26.618355 32.000183 6.442552 -7.978187 21.454540
32.122707 9.499277 -15.444971 -18.027201 5.942580 -37.394989 32.131603 3.602046 5.869553 24.391657 42.354633 16.324930 8.065602 -13.126895 4.244382 -11.256680 39.175732 -3.997427 -0.775688 37.653847 33.152630 14.536315 -15.222308 -20.964779 12.229246 -29.376749 32.434895 4.291103 -6.525571 20.997063
31.076962 10.740929 -16.657227 -18.065281 5.188076 -38.526577 32.642296 2.285862 6.685841 23.901194 41.191402 17.267361 7.726933 -13.098922 4.063426 -13.053658 41.161160 -5.385046 0.732222 36.827900 32.102585 14.941429 -16.198517 -20.608837 12.579605 -31.066694 33.087532 3.021457 -5.579100 20.270725
