-27.496380 4.214351 8.046749 -34.810532 41.913036 -19.026789 6.407966 -17.941654 12.004268 -7.161561 -25.574249 7.993353 28.308645 -39.629604 27.941799 6.094013 9.674981 -23.340731 18.370134 10.854233 -27.183479 5.914794 14.993848 -26.929441 45.575638 -0.924586 23.664663 -23.436913 7.994432 -3.368247
-27.608648 5.570083 7.074662 -34.736294 41.226269 -19.272863 6.514319 -18.042519 11.755311 -5.884806 -26.033087 8.811745 27.029680 -39.806095 27.238413 5.511950 10.879678 -22.904163 18.395309 12.266597 -27.114914 6.020131 13.569545 -26.799297 44.855141 -1.822532 24.455383 -23.393904 8.279717 -2.538168
-26.995916 7.814472 5.384895 -34.335503 40.125546 -19.680012 6.745440 -17.909750 11.372890 -3.542741 -26.176489 9.857058 25.334482 -39.806171 26.205153 4.636091 12.240102 -22.481043 18.343872 14.365983 -27.242634 6.242480 11.325896 -26.703180 43.750824 -3.371936 25.649563 -23.161261 8.940538 -0.806915
-26.056616 10.271782 3.857987 -34.179737 39.325909 -20.295279 7.847181 -16.966341 11.132977 -0.590338 -25.662714 10.817415 23.018833 -39.482563 24.924036 3.592667 13.719923 -21.825081 18.087729 16.968840 -26.842855 6.550481 8.779646 -26.068977 42.773083 -5.008113 26.883484 -22.427660 9.357616 1.397475
-24.733494 12.113760 2.639184 -34.059872 38.251659 -21.117182 8.960527 -16.033068 11.155275 1.612713 -24.390474 11.660856 20.758873 -39.252712 23.268101 2.792747 15.282304 -21.208992 17.513170 19.128845 -26.143560 7.199336 6.263552 -25.498438 41.688423 -6.210872 27.991203 -21.287184 9.927997 3.679496
-23.914845 14.191986 0.665220 -33.494728 37.230812 -21.340612 9.680743 -14.449457 11.797441 4.381637 -23.040384 12.729173 18.282877 -39.054173 21.295946 2.050150 16.852549 -20.710129 17.291174 20.893034 -24.776545 7.982020 3.796458 -24.851315 40.122356 -6.824138 28.864515 -20.316813 10.450358 5.912782
-22.495401 15.573296 -1.284412 -32.767658 36.532425 -21.255629 10.482615 -12.782291 12.285892 6.414098 -21.441143 13.406286 15.702039 -38.765156 19.444624 1.352014 18.302889 -19.811977 17.411409 22.543188 -22.626942 8.545809 1.544724 -23.865835 38.412624 -7.661694 29.496195 -19.271151 10.998485 7.963530
-20.574377 16.784981 -3.436924 -31.994371 35.239494 -21.746445 11.590956 -11.394115 12.495022 9.001265 -20.223923 14.072957 13.865481 -38.590477 18.144091 0.304039 20.088795 -18.826622 17.638411 24.190233 -20.686438 8.562016 -0.784263 -23.129011 36.707886 -8.519454 30.335985 -18.560989 11.538482 9.434030
-18.993347 17.481180 -4.881729 -31.283379 34.342567 -21.982872 12.142495 -10.402061 12.742205 10.422099 -18.572094 14.239735 11.922634 -38.201820 16.787184 -0.464393 21.354517 -17.826450 17.910490 25.524792 -19.456501 8.685246 -2.529896 -22.508917 35.462246 -8.934542 30.687752 -18.125616 11.981339 10.625546
-18.115463 17.781017 -5.829201 -30.901308 33.814133 -22.074093 12.423134 -9.811175 12.967166 11.159963 -17.757113 14.241512 10.550111 -37.956085 15.978563 -0.914368 22.069687 -17.100826 18.175247 26.434326 -18.906137 8.679707 -3.793237 -22.277653 34.540207 -9.152811 30.999325 -17.834394 12.265944 11.520555
-18.049080 17.859676 -6.757611 -30.784573 33.351440 -22.172142 12.651237 -9.685918 13.136840 11.617716 -17.338213 14.056346 9.548004 -37.841286 15.320561 -1.270199 22.584082 -17.135265 18.335602 26.541050 -18.658424 8.540130 -4.508024 -22.402311 33.770657 -9.345384 31.247318 -18.015593 12.245122 12.097154
-19.067486 17.910465 -11.807532 -30.588469 31.175970 -22.561232 13.582355 -9.546669 14.531747 12.842878 -17.197947 13.752131 4.473051 -37.908161 12.130355 -2.765830 24.672897 -18.742544 19.526140 25.962496 -18.107841 7.683193 -7.873030 -23.052778 30.251661 -9.794394 31.818443 -19.834045 12.312453 13.713044
-20.698526 15.896753 -22.617502 -29.415033 27.502914 -20.761238 12.270980 -8.245287 17.559256 14.169398 -17.321218 12.370386 -5.112345 -37.395378 7.464038 -3.049814 24.939182 -21.435219 22.439854 23.091953 -19.220095 4.415359 -15.940009 -24.284159 24.035555 -7.299404 30.476658 -22.762234 12.961118 15.563080
-19.971149 11.140054 -34.062569 -27.008413 23.874781 -15.308556 5.842405 -7.908186 18.809574 13.921392 -15.152563 9.112906 -15.669577 -33.833900 5.574972 -1.042223 20.637957 -23.185339 27.150900 18.585371 -17.833941 -0.963201 -25.327938 -23.297701 17.449957 -0.421242 23.899313 -24.859594 15.251348 15.303364
-15.287882 4.315281 -41.128994 -19.332117 24.457335 -8.034428 -4.616580 -11.242041 16.907021 13.207498 -9.605647 6.569621 -27.331182 -25.727442 5.494102 3.513786 10.274838 -25.345810 30.729370 17.458979 -15.935891 -2.574518 -31.966129 -20.895521 14.032299 6.604402 14.576765 -25.713516 21.811787 13.075451
-7.131359 -1.243708 -44.460659 -10.577379 27.552458 0.838303 -15.599279 -14.009425 14.291502 9.847836 -2.355924 -0.269891 -35.418198 -13.565578 12.119366 10.709554 -1.273085 -23.963362 30.711832 13.131661 -8.438776 -6.590688 -34.564274 -14.002836 15.058687 14.002498 3.976893 -25.657642 27.027466 5.920141
3.675629 -4.873800 -42.673496 -7.158247 29.561625 7.909457 -20.802414 -12.634683 10.063574 3.009942 5.132707 -9.923059 -38.334061 -6.397723 18.919304 14.524024 -0.788135 -22.005344 29.129818 3.278034 3.446001 -10.078378 -32.186871 -5.273666 19.901688 17.339682 -1.197572 -24.345247 28.789999 -4.189598
11.787421 -10.786263 -41.162163 -7.079486 30.571596 11.399324 -20.498669 -7.875855 12.009954 -8.195461 12.400682 -15.414600 -34.652424 -6.855976 21.940313 20.104425 -1.225449 -17.305838 26.389496 -5.741366 9.946351 -18.535328 -28.045242 0.079288 26.067793 18.799500 -2.936683 -19.591417 27.611347 -12.473776
14.279782 -16.316980 -39.454082 -8.035316 30.773340 11.401955 -16.218670 -4.003912 13.660730 -15.547854 17.361813 -17.132603 -30.473133 -10.647505 20.568485 25.188948 0.166024 -13.539060 24.217009 -12.176138 12.703380 -25.379074 -24.493763 2.633737 31.561430 18.700346 -2.305351 -13.035928 27.930714 -17.937408
14.389589 -19.186651 -38.555759 -9.318131 29.912031 10.865292 -13.701924 -1.885945 14.365420 -17.458908 18.873743 -18.563650 -27.898340 -13.228153 19.746885 27.660093 1.594916 -10.326382 22.870075 -14.074080 13.714004 -28.533768 -22.400637 2.475232 33.179211 18.804462 -1.104819 -9.463962 27.427217 -19.385509
14.411415 -19.345892 -38.350090 -9.648822 29.756691 10.834630 -13.383708 -1.829065 14.034924 -17.636372 18.713226 -18.802132 -27.676498 -13.488953 19.845745 28.017944 1.677148 -10.045268 22.707756 -14.182925 13.720984 -28.624008 -22.145157 2.515887 33.587811 19.004229 -1.208562 -8.912737 27.290535 -19.244846
13.499740 -19.833551 -38.336044 -9.868549 30.053402 11.172866 -13.116012 -1.723990 13.774757 -17.549475 18.252995 -18.827341 -27.714575 -13.789757 20.038193 28.469282 1.885954 -9.520694 22.394287 -14.043879 13.078089 -28.590847 -22.582642 2.225007 33.467525 19.490145 -1.256682 -8.682573 27.205469 -18.758823
11.848834 -20.884289 -38.454391 -9.962778 30.530622 11.478040 -12.413065 -1.880079 13.393976 -17.127390 16.607794 -18.523643 -28.478573 -14.293087 20.135904 29.169949 1.974447 -9.324943 21.750546 -13.310549 11.686893 -28.036503 -23.165508 1.912410 33.780655 20.360779 -1.576372 -8.046010 26.840431 -17.562126
9.879270 -21.672792 -38.332542 -9.898459 31.475237 11.670590 -11.705947 -2.134024 12.978884 -16.047319 14.801994 -17.947788 -29.672043 -14.730227 20.066128 29.531239 2.480412 -9.536193 20.649155 -12.159652 10.125005 -27.446114 -24.214264 1.622025 33.996632 21.215048 -1.518221 -7.372077 26.385166 -16.029671
7.652849 -23.055990 -38.279449 -10.225464 32.433231 12.325381 -11.023042 -2.000882 11.847350 -14.676248 12.545902 -17.457783 -30.753084 -14.818915 20.924675 30.495432 2.441782 -9.313953 19.315533 -10.317346 7.952267 -26.818638 -25.753859 0.882579 33.882614 22.271404 -1.069770 -6.532035 25.635122 -13.705596
5.286026 -23.763058 -38.197258 -10.595772 33.286247 12.831173 -10.138520 -1.350845 10.527892 -11.748817 10.203243 -16.452465 -32.754101 -15.186435 21.064957 31.027910 2.688645 -9.013847 18.524664 -7.707220 5.535799 -25.483238 -27.337639 -0.496055 32.853687 23.617064 -0.394796 -6.378277 24.397898 -10.586274
3.479138 -23.748392 -37.658939 -10.709381 34.038132 13.438274 -9.493074 -0.854666 8.899683 -8.725731 7.683043 -15.834723 -33.998379 -15.278505 21.357412 31.162676 2.979732 -8.668151 17.722948 -4.589214 2.767768 -24.225010 -27.749598 -1.472530 32.813686 25.045004 -0.027084 -5.970557 23.125137 -8.110978
1.726873 -22.819424 -37.113258 -10.995271 34.539345 14.032234 -9.196792 -1.019763 7.018171 -5.956834 5.768304 -15.424061 -34.969177 -15.474961 21.568928 31.440153 3.066292 -8.378966 17.415512 -2.573009 0.431673 -22.723221 -28.261803 -1.903403 33.097633 25.942844 0.177817 -5.812581 22.241537 -5.936859
0.721127 -22.078844 -36.362152 -11.025282 35.147022 14.450347 -9.173866 -1.111077 6.133272 -4.043868 4.508869 -14.453244 -35.089310 -15.787584 21.881916 31.820576 3.047461 -8.303012 16.788301 -1.054307 -1.487271 -21.472326 -28.326733 -2.385416 33.532627 26.524212 0.273166 -5.437678 21.649536 -4.461745
0.502571 -21.589666 -35.848152 -11.137124 35.336700 14.645477 -9.134144 -1.157964 5.589294 -3.228357 3.848796 -13.769423 -35.089916 -16.095291 22.019838 32.069008 2.975428 -8.107533 16.553089 -0.186593 -2.115005 -21.188910 -28.557531 -2.794700 33.184803 26.822994 0.276564 -5.422748 21.292496 -3.693873
0.508741 -21.569717 -35.840488 -11.173927 35.297619 14.657671 -9.060830 -1.087977 5.513822 -3.064838 3.861832 -13.705845 -35.119896 -16.192827 21.944906 32.128716 3.053156 -7.937239 16.542852 -0.096172 -2.184304 -21.202293 -28.679090 -2.884770 33.073864 26.829844 0.355784 -5.314105 21.299053 -3.561727
0.648340 -22.255123 -36.310490 -11.337280 34.772957 14.620832 -8.353250 -0.152414 5.711816 -2.745111 4.638663 -13.859766 -35.484604 -16.628681 21.332710 32.516197 3.533828 -6.757415 16.688213 -0.354055 -2.054892 -21.873194 -28.945856 -3.318281 32.495750 26.900785 1.019411 -4.406312 21.212120 -3.460166
1.551994 -23.573965 -37.061230 -11.632010 33.758648 14.479128 -7.249603 1.666645 6.159267 -2.446258 6.008485 -13.997793 -35.684105 -17.316647 20.391033 33.414444 3.774289 -4.749212 16.754599 -0.263567 -1.109664 -23.436146 -29.271326 -4.241638 30.852612 26.973587 1.907803 -2.944767 21.277302 -3.422193
2.716577 -25.330898 -37.709747 -12.265539 32.238586 14.074510 -5.840400 4.451499 7.372327 -1.927626 8.595488 -13.703897 -35.998474 -18.019033 18.725965 34.146660 4.167412 -1.502298 17.455376 -0.170208 0.320363 -25.268480 -29.593874 -6.017184 28.227669 26.782372 3.245800 -0.817331 21.948849 -3.403766
4.493212 -26.220196 -39.102314 -13.188220 29.462969 13.084105 -3.642612 6.585109 8.005933 -1.156953 12.372535 -13.624547 -35.534885 -18.822407 16.389851 34.265366 4.612854 2.222472 18.346207 0.113077 2.930562 -27.263117 -29.544991 -7.484451 25.731211 26.480236 4.962648 2.371849 22.875347 -3.944027
7.035034 -26.520945 -40.157719 -15.094062 26.049021 12.847626 -0.595356 10.867281 8.742845 -0.183484 16.403976 -13.217073 -35.441578 -20.033709 13.902023 33.946377 6.311235 7.139737 19.531624 0.976463 4.875712 -29.208597 -28.791357 -9.028258 23.504993 25.576029 7.666408 6.383138 23.482372 -3.503288
10.971203 -26.386698 -39.430141 -17.547207 22.188660 12.022769 2.343401 15.645586 8.142366 2.645525 20.760319 -14.638251 -33.928238 -21.160337 11.725182 31.881487 10.195974 12.229970 20.106865 1.431249 8.250816 -32.139721 -26.856676 -9.877010 21.236048 24.112751 10.066528 11.029336 23.352413 -1.751551
16.910309 -27.314997 -34.914547 -21.170908 15.440896 10.259747 -0.565257 22.354603 11.064563 9.933958 27.269003 -20.147932 -30.244946 -22.576853 6.400444 26.668045 11.162548 18.951725 23.814140 5.200418 12.020281 -29.858166 -29.248177 -9.669230 18.145582 22.818527 16.500490 13.848860 19.821245 1.752094
21.393404 -32.057777 -28.093510 -19.436695 15.983926 7.190284 1.445538 25.197119 9.515509 15.991038 33.558292 -24.375895 -24.962027 -23.158590 2.765445 27.010727 8.871027 21.088474 20.862324 10.713983 18.922812 -34.579765 -25.481686 -6.906296 19.012167 20.146700 17.451565 17.000051 17.011202 4.924447
27.176937 -35.846432 -21.228403 -17.597815 17.624531 4.333379 4.984355 26.039772 6.410954 17.428892 40.875546 -24.987226 -16.657087 -22.035358 1.326773 29.920372 3.188641 20.007273 14.313409 15.031957 27.002180 -37.132500 -18.700294 -4.274322 21.464752 18.371725 17.844286 20.595888 11.762475 7.322314
35.051311 -36.770962 -13.395016 -17.714462 17.925829 0.574522 8.622688 23.374298 1.246727 12.108088 45.805092 -22.556311 -5.853017 -24.498091 -1.267454 32.015133 2.966620 17.848761 5.700101 17.538193 34.102570 -34.538433 -11.566014 -5.183146 20.850771 18.269482 19.238155 21.792753 5.569097 8.720401
38.042725 -31.131254 -8.071189 -17.055885 18.628656 -5.790931 12.348746 22.033787 0.974762 12.348691 46.599461 -15.331861 1.383542 -25.438223 -0.328157 26.849419 6.041946 18.312750 3.751391 21.820574 35.666782 -26.199553 -8.641715 -6.211862 22.090233 12.004909 22.858620 23.585487 3.663135 11.566064
39.241894 -23.715832 -5.282912 -17.747261 17.986742 -10.911713 15.754291 20.589249 0.262936 14.351644 46.664230 -11.214955 5.095038 -26.328077 0.583342 18.044754 8.757840 18.225761 0.447127 27.293896 37.534672 -15.976346 -7.122116 -9.227399 20.365812 6.510385 24.039608 23.311417 1.006897 15.536501
38.831516 -15.412374 -3.496895 -18.324890 16.056429 -16.193110 21.271984 18.732998 0.388119 17.608610 46.275902 -8.508811 8.021785 -25.704718 -0.509169 9.177840 10.837688 14.313194 -4.083292 33.928993 37.131863 -8.699930 -4.411380 -11.628354 18.949461 1.575703 26.162704 20.318817 -2.758441 21.732916
37.394493 -8.299940 -3.361273 -18.813152 13.707744 -22.847929 25.923635 14.781377 0.702685 21.040760 46.488941 -2.417237 11.427321 -23.776138 -0.688922 1.445338 11.877418 9.549631 -5.195953 39.264870 35.487122 -4.294125 -3.411594 -14.648354 15.552992 -5.066898 31.084585 13.758620 -5.828624 25.526541
36.215893 -1.404566 -6.609013 -19.288078 10.988088 -27.800278 28.729271 12.273919 1.398759 23.588545 46.599091 4.959873 13.062637 -23.194323 -2.874677 -4.705810 15.707380 5.669890 -2.297077 40.669949 35.210438 1.790198 -2.613521 -15.847242 12.592600 -10.174407 35.311562 8.392058 -4.891080 27.467607
34.994671 3.346869 -9.427341 -19.300545 8.723558 -31.695091 30.593824 9.405215 2.351700 24.616055 45.048382 8.044547 14.070185 -23.409569 -4.957408 -8.315139 22.569376 3.155816 1.294482 41.194473 34.001205 5.183654 -3.404573 -14.345938 11.889086 -14.035471 38.585415 4.660535 -1.728703 29.439325
33.970493 7.134240 -12.857882 -18.481817 7.008337 -35.162155 31.581177 5.937274 4.175710 24.708735 43.628662 10.437826 15.346429 -22.885378 -6.257695 -11.886498 28.373983 0.266854 4.985988 41.298035 33.213837 7.495720 -3.817405 -12.960734 11.431831 -17.454311 41.150585 0.264605 1.119971 29.615652
32.122707 9.499277 -15.444971 -18.027201 5.942580 -37.394989 32.131603 3.602046 5.869553 24.391657 41.683197 12.162176 14.467606 -22.826311 -7.119242 -14.985970 32.501717 -1.456955 7.924604 40.823830 31.649570 8.528235 -5.102079 -11.828142 11.847033 -19.959127 42.211414 -2.190539 3.125235 29.323090
31.076962 10.740929 -16.657227 -18.065281 5.188076 -38.526577 32.642296 2.285862 6.685841 23.901194 40.543427 13.069085 14.151405 -22.839090 -7.354005 -16.767427 34.461441 -2.852873 9.435475 40.010490 30.627602 8.792704 -5.854896 -11.397973 12.154833 -21.664358 43.129372 -3.785650 4.192571 28.606205
