-27.496380 4.214351 8.046749 -34.810532 41.913036 -19.026789 6.407966 -17.941654 12.004268 -7.161561 -24.702600 11.595333 22.741928 -29.741154 39.229256 9.797044 15.183641 -26.660017 9.750040 7.219282 -26.292490 11.196620 3.848263 -36.880768 46.256264 -11.585315 12.210263 -16.335646 -4.248277 -11.288627
-27.479214 4.714892 7.735842 -34.798901 41.679005 -19.124891 6.404275 -18.044930 11.879469 -6.728772 -24.818359 11.894847 22.202637 -29.819269 38.865097 9.561370 15.699425 -26.545986 9.709964 7.738226 -26.139601 11.206630 3.352497 -36.801502 46.007320 -11.948840 12.543167 -16.335402 -4.181495 -11.095468
-27.608648 5.570083 7.074662 -34.736294 41.226269 -19.272863 6.514319 -18.042519 11.755311 -5.884806 -25.159920 12.421463 21.489204 -29.897549 38.524963 9.206462 16.380894 -26.267849 9.769445 8.606681 -26.223475 11.312693 2.418897 -36.758274 45.530693 -12.481270 13.006637 -16.284367 -3.952814 -10.478512
-27.413097 6.607961 6.165008 -34.464333 40.587818 -19.444952 6.547446 -18.018009 11.559896 -4.709909 -25.218273 12.971852 20.709757 -29.990509 37.873482 8.787239 17.109816 -26.147503 9.744053 9.452996 -26.321781 11.378971 1.276645 -36.692585 45.001984 -13.234745 13.594508 -16.137606 -3.606570 -9.723866
-26.995916 7.814472 5.384895 -34.335503 40.125546 -19.680012 6.745440 -17.909750 11.372890 -3.542741 -25.254770 13.526222 19.950443 -29.896404 37.493309 8.296572 17.697340 -25.950018 9.707880 10.556638 -26.348648 11.537050 0.177143 -36.660980 44.426296 -14.025834 14.203052 -16.055861 -3.285363 -8.754570
-26.692827 9.152909 4.672335 -34.224415 39.817631 -19.956503 7.312172 -17.533550 11.143003 -2.053548 -25.262230 14.198423 18.679390 -29.748224 36.872669 7.742749 18.438429 -25.544823 9.693307 12.043431 -26.212523 11.666297 -1.045489 -36.489822 43.906067 -14.911206 14.913305 -15.837917 -3.077357 -7.682426
-26.056616 10.271782 3.857987 -34.179737 39.325909 -20.295279 7.847181 -16.966341 11.132977 -0.590338 -24.770479 14.664398 17.500051 -29.527721 36.082287 7.227104 19.067066 -25.410309 9.546838 13.177259 -25.951448 11.838220 -2.364689 -36.021809 43.451496 -15.658645 15.428196 -15.323673 -2.876902 -6.533552
-25.528973 11.227894 3.312752 -34.155891 38.995045 -20.740831 8.463821 -16.466444 11.281778 0.552634 -24.104284 15.212099 16.358593 -29.480591 35.210892 6.747244 19.851446 -25.095644 9.407313 14.282541 -25.796047 12.197035 -3.718106 -35.681801 43.026398 -16.389803 15.991830 -14.658984 -2.579886 -5.145638
-24.733494 12.113760 2.639184 -34.059872 38.251659 -21.117182 8.960527 -16.033068 11.155275 1.612713 -23.558548 15.857535 15.411626 -29.505236 34.391968 6.312742 20.549444 -24.756199 9.338733 15.299138 -25.242180 12.498212 -4.891949 -35.457405 42.363174 -16.877934 16.555334 -14.175991 -2.289432 -4.281824
-24.385721 13.331947 1.827651 -33.845612 37.714649 -21.407995 9.416212 -15.353731 11.435259 3.052607 -22.901630 16.416212 14.197143 -29.464436 33.512928 5.972708 21.427797 -24.519854 9.146965 16.134172 -24.722075 12.953177 -6.157344 -35.133953 41.591946 -17.219053 17.000801 -13.695731 -2.014607 -3.058973
-23.914845 14.191986 0.665220 -33.494728 37.230812 -21.340612 9.680743 -14.449457 11.797441 4.381637 -22.220203 16.834454 13.086646 -29.379244 32.597755 5.690359 22.244080 -24.229248 8.988057 16.978321 -23.877964 13.277923 -7.360785 -34.811230 40.795433 -17.490076 17.426277 -13.206102 -1.769742 -2.038989
-23.291906 14.932423 -0.423226 -33.142883 36.962635 -21.209681 10.106368 -13.568408 12.100611 5.515323 -21.505808 17.045401 11.936005 -29.271818 31.747612 5.371829 22.977726 -23.756002 9.045183 17.843870 -22.860260 13.604671 -8.545551 -34.284527 40.016281 -17.900013 17.735922 -12.648717 -1.442560 -0.987750
-22.495401 15.573296 -1.284412 -32.767658 36.532425 -21.255629 10.482615 -12.782291 12.285892 6.414098 -20.655499 17.188890 10.759511 -29.122801 30.833206 4.979579 23.800175 -23.334988 9.029857 18.586876 -21.728735 13.841863 -9.613061 -33.826458 39.085812 -18.327703 18.057144 -12.158656 -1.222861 0.011540
-21.387243 16.205774 -2.352336 -32.326782 35.883091 -21.536919 11.036228 -12.068297 12.351810 7.763165 -20.009655 17.463362 9.875991 -28.991983 30.247969 4.352082 24.838327 -22.810045 9.065638 19.546375 -20.464792 13.967815 -10.614110 -33.411808 38.258785 -18.774879 18.545870 -11.754966 -1.031680 0.712671
-20.574377 16.784981 -3.436924 -31.994371 35.239494 -21.746445 11.590956 -11.394115 12.495022 9.001265 -19.344086 17.612329 8.547368 -28.848646 29.357311 3.782527 25.783340 -22.223022 9.231214 20.575357 -19.785488 13.861665 -11.942770 -33.094738 37.379070 -19.190411 18.897635 -11.445328 -0.686715 1.478105
-19.723740 17.245737 -4.164630 -31.632040 34.765049 -21.899517 11.931390 -10.847461 12.620281 9.854109 -18.541670 17.655613 7.368632 -28.595070 28.609570 3.275378 26.530376 -21.628780 9.371084 21.476507 -19.006788 13.935391 -12.754020 -32.722523 36.779030 -19.449966 19.051308 -11.254709 -0.507135 2.059787
-18.993347 17.481180 -4.881729 -31.283379 34.342567 -21.982872 12.142495 -10.402061 12.742205 10.422099 -17.674774 17.664303 6.358486 -28.369911 27.926973 2.887168 27.176907 -21.121481 9.467648 22.190134 -18.552116 13.988050 -13.685791 -32.474369 36.134605 -19.600496 19.244972 -11.009260 -0.243066 2.664680
-18.470572 17.633408 -5.528412 -31.035164 34.012260 -21.990458 12.314825 -10.006349 12.898252 10.844884 -17.215034 17.637676 5.489900 -28.270672 27.427149 2.627155 27.651823 -20.615210 9.681033 22.703566 -18.229515 13.845881 -14.597921 -32.331558 35.489052 -19.665899 19.393419 -10.820305 -0.039895 3.109966
-18.115463 17.781017 -5.829201 -30.901308 33.814133 -22.074093 12.423134 -9.811175 12.967166 11.159963 -16.909809 17.687132 5.080379 -28.175266 27.156721 2.416727 27.938305 -20.341038 9.741985 23.117498 -18.001455 13.982701 -14.947313 -32.241550 35.211517 -19.816055 19.560183 -10.719736 0.045176 3.558160
-17.965534 17.856546 -5.989047 -30.801203 33.727268 -22.127302 12.511021 -9.684367 13.005536 11.384487 -16.684343 17.677414 4.822433 -28.107925 26.982395 2.329763 28.065651 -20.218237 9.769066 23.285490 -17.854273 13.986449 -15.189092 -32.174538 35.024166 -19.894108 19.637749 -10.647912 0.080410 3.796851
-18.049080 17.859676 -6.757611 -30.784573 33.351440 -22.172142 12.651237 -9.685918 13.136840 11.617716 -16.481436 17.514765 4.065720 -28.060350 26.484909 2.071820 28.442595 -20.385462 9.899174 23.245192 -17.754496 13.842085 -15.662922 -32.367359 34.441944 -20.009850 19.806402 -10.900928 0.022200 4.137185
-18.231867 17.963690 -8.672817 -30.693275 32.408455 -22.451794 13.086736 -9.686610 13.582462 12.126155 -16.373230 17.509216 2.363127 -28.185066 25.219109 1.476822 29.247768 -21.053684 10.159065 23.232714 -17.564146 13.673038 -16.604704 -32.774250 33.113483 -20.352882 20.172493 -11.624078 -0.064749 4.933791
-19.067486 17.910465 -11.807532 -30.588469 31.175970 -22.561232 13.582355 -9.546669 14.531747 12.842878 -16.117792 17.340477 -0.659285 -28.216320 23.216724 0.706936 30.308668 -22.057861 10.936067 22.664627 -17.198420 12.999912 -19.029850 -33.021343 30.922115 -20.460106 20.379227 -12.717139 0.099481 5.737864
-20.146093 17.255650 -16.779345 -30.320162 29.260885 -21.944138 13.357059 -9.269005 15.756826 13.683270 -16.115730 16.736702 -5.008018 -28.079401 20.950008 0.434413 30.712442 -23.221180 12.163100 21.625183 -17.697359 11.774953 -22.582184 -33.499092 28.154228 -19.795322 20.004261 -14.234028 0.392330 6.742554
-20.698526 15.896753 -22.617502 -29.415033 27.502914 -20.761238 12.270980 -8.245287 17.559256 14.169398 -16.142620 16.129494 -10.082507 -27.832975 18.584066 0.492839 30.627022 -24.607849 13.773658 19.741739 -18.309792 9.743517 -27.103409 -34.258915 24.701929 -17.976347 19.043846 -15.645291 0.754404 7.574443
-20.791721 13.537871 -28.335020 -28.407057 25.830976 -18.357164 9.512079 -7.674489 18.667349 14.098653 -15.111292 14.932514 -15.152433 -26.824944 16.831369 1.378047 29.105808 -25.836912 15.750409 17.142759 -16.821093 6.860971 -30.857136 -34.130474 21.135944 -14.580612 16.002005 -17.392681 1.000643 7.301184
-19.971149 11.140054 -34.062569 -27.008413 23.874781 -15.308556 5.842405 -7.908186 18.809574 13.921392 -13.877958 12.682584 -20.737238 -24.458298 16.123959 2.078511 26.685017 -26.090124 18.729877 15.368404 -16.932947 4.334208 -36.481323 -33.257957 18.123013 -11.084142 12.453042 -17.748257 3.024437 7.354631
-17.446512 7.326958 -38.420166 -24.118397 22.839582 -11.612064 0.331615 -9.166285 18.168493 12.870269 -11.483788 10.547095 -25.469728 -22.072912 15.182608 3.050935 23.274582 -25.250296 22.281418 14.672252 -16.198612 3.180319 -40.365028 -32.626465 15.488060 -7.869611 8.443145 -18.394646 5.856071 6.608741
-15.287882 4.315281 -41.128994 -19.332117 24.457335 -8.034428 -4.616580 -11.242041 16.907021 13.207498 -8.670261 8.960732 -30.562300 -20.109795 14.426968 4.965833 18.573757 -23.601053 27.552858 12.080836 -15.027865 2.737449 -43.130188 -30.874477 14.710504 -4.075982 3.124418 -18.601337 9.582898 5.090078
-11.924202 1.395963 -43.612114 -14.606791 25.990564 -3.955297 -10.064105 -13.247599 15.641098 11.786284 -5.261298 5.264133 -35.258961 -17.431139 14.209577 7.484111 13.163965 -21.227289 32.210503 9.149117 -12.044124 0.896313 -44.915604 -27.747301 15.024128 0.226085 -2.506488 -18.397770 12.412728 1.970045
-7.131359 -1.243708 -44.460659 -10.577379 27.552458 0.838303 -15.599279 -14.009425 14.291502 9.847836 -2.726142 0.931230 -37.621468 -14.921663 15.100116 10.373796 8.976707 -18.964741 33.597427 6.392127 -7.583471 -1.319384 -45.656555 -24.083126 15.719991 3.401722 -7.398858 -18.498053 14.729854 -1.985760
-1.744511 -2.966169 -43.372154 -7.880009 29.361006 4.955268 -19.570904 -13.628082 12.375296 7.477295 -0.150118 -4.659364 -38.496773 -12.952580 16.900774 12.154565 7.796226 -17.661840 33.652500 2.642449 -2.366677 -2.856793 -45.600002 -20.009226 17.598869 5.487127 -10.472755 -17.715263 16.646143 -6.728624
3.675629 -4.873800 -42.673496 -7.158247 29.561625 7.909457 -20.802414 -12.634683 10.063574 3.009942 3.787844 -10.891565 -38.416996 -10.184006 19.224112 12.976214 7.846126 -16.719601 32.606331 -1.455509 4.166153 -4.664953 -43.312603 -15.526035 20.479734 6.902883 -12.351888 -17.050068 16.681213 -11.948216
8.909144 -7.968920 -41.612465 -6.114112 30.704067 10.368756 -21.417448 -10.214879 10.624422 -2.571589 7.728857 -16.029724 -37.094086 -7.836789 22.246588 15.179373 6.433045 -14.760084 30.561749 -5.116735 8.161428 -8.309834 -41.027168 -12.591858 23.539240 8.176683 -13.156721 -15.419580 15.771707 -16.989723
11.787421 -10.786263 -41.162163 -7.079486 30.571596 11.399324 -20.498669 -7.875855 12.009954 -8.195461 11.197507 -19.228695 -34.616943 -7.040133 23.804216 17.376118 4.881941 -13.285831 28.904747 -8.091098 10.391744 -12.884550 -39.292377 -10.100589 26.567171 8.211282 -13.684298 -12.515604 16.069469 -19.971161
13.235719 -14.377223 -40.117653 -7.675406 30.986032 11.692030 -18.178574 -5.499711 13.196635 -13.027907 14.063838 -21.460461 -32.243073 -7.639905 24.153229 19.638245 4.189672 -11.628080 27.538363 -10.857985 12.252605 -17.037807 -37.140781 -8.553020 29.621828 8.047198 -13.291932 -9.224330 16.235683 -23.720566
14.279782 -16.316980 -39.454082 -8.035316 30.773340 11.401955 -16.218670 -4.003912 13.660730 -15.547854 16.088421 -23.741140 -30.988075 -8.379410 23.808439 21.741592 3.424834 -9.879860 26.799532 -12.054877 13.281436 -19.768145 -35.797794 -7.495982 31.898905 8.103902 -12.678060 -6.035665 16.702158 -25.530048
14.483788 -17.902044 -38.816975 -8.609224 30.518602 10.985609 -14.684816 -2.699110 14.308084 -16.963541 17.065872 -25.740559 -29.386105 -8.999310 24.265991 23.426201 3.060803 -8.188218 25.561274 -12.565818 14.030617 -21.945210 -34.316437 -7.354193 33.098736 8.247466 -11.847561 -3.675364 16.415047 -26.306606
14.389589 -19.186651 -38.555759 -9.318131 29.912031 10.865292 -13.701924 -1.885945 14.365420 -17.458908 17.794975 -27.014799 -28.021788 -9.412498 24.349762 24.303411 3.016857 -7.534923 24.495981 -13.129395 14.318425 -22.970957 -33.647995 -7.585193 33.449871 8.342763 -11.298236 -2.546720 16.362488 -27.029911
14.507478 -19.261209 -38.390793 -9.660233 29.660868 10.831450 -13.404994 -1.801203 14.050400 -17.597509 17.784864 -27.201153 -27.794895 -9.476983 24.533985 24.804974 2.654020 -7.322447 24.248749 -13.028179 14.406653 -23.150970 -33.343437 -7.458749 33.866280 8.508491 -11.326421 -2.032839 16.272284 -26.914373
14.411415 -19.345892 -38.350090 -9.648822 29.756691 10.834630 -13.383708 -1.829065 14.034924 -17.636372 17.727352 -27.193619 -27.813618 -9.501509 24.540602 24.882969 2.610390 -7.307502 24.189625 -13.014975 14.337068 -23.099543 -33.351727 -7.494054 33.850773 8.586173 -11.359790 -2.025638 16.252060 -26.858913
14.016788 -19.478113 -38.365032 -9.726136 29.839653 10.902330 -13.314556 -1.852955 13.921696 -17.548853 17.699686 -27.215273 -27.787115 -9.556316 24.575869 25.055738 2.603109 -7.225382 23.961884 -12.955922 14.153606 -23.057066 -33.465389 -7.675190 33.672859 8.768373 -11.360791 -1.994453 16.185522 -26.636724
13.499740 -19.833551 -38.336044 -9.868549 30.053402 11.172866 -13.116012 -1.723990 13.774757 -17.549475 17.322250 -27.285044 -27.890232 -9.647431 24.823822 25.355980 2.613058 -6.833459 23.831823 -12.764192 13.679420 -23.060209 -33.788086 -7.769205 33.718731 9.099014 -11.403858 -1.798849 16.188461 -26.359028
12.783904 -20.313639 -38.461971 -10.002328 30.104671 11.318799 -12.707490 -1.772151 13.453205 -17.302376 16.509069 -27.038143 -28.469528 -9.734899 24.968412 25.666035 2.510149 -6.608765 23.806576 -12.298139 12.883753 -22.732492 -34.153728 -8.001825 33.702030 9.556128 -11.582380 -1.646172 16.038450 -25.629196
11.848834 -20.884289 -38.454391 -9.962778 30.530622 11.478040 -12.413065 -1.880079 13.393976 -17.127390 15.805607 -26.951298 -28.766594 -9.821994 25.166311 26.189529 2.146292 -6.495738 23.355297 -11.745486 12.252632 -22.538034 -34.358948 -7.998402 34.062870 10.004464 -11.742891 -1.231740 15.870525 -25.174538
11.018218 -21.171906 -38.244484 -9.831606 31.027506 11.486431 -12.126857 -2.117382 13.260312 -16.649126 14.879008 -26.611105 -29.277538 -9.878339 25.292309 26.344118 2.129348 -6.591845 22.928513 -10.933092 11.426970 -22.091560 -34.805908 -8.092552 34.248833 10.433394 -11.858767 -0.839678 15.642617 -24.353033
9.879270 -21.672792 -38.332542 -9.898459 31.475237 11.670590 -11.705947 -2.134024 12.978884 -16.047319 14.087961 -26.471302 -29.671955 -9.842257 25.547945 26.725855 1.917682 -6.681876 22.297178 -10.231826 10.653175 -21.972511 -35.407173 -8.194161 34.408470 10.904342 -11.847505 -0.526946 15.385854 -23.708401
8.746845 -22.146807 -38.340897 -10.109498 31.844763 11.928012 -11.488440 -2.451316 12.325085 -15.462836 13.008982 -26.342365 -29.887308 -9.817734 26.105639 27.253515 1.671235 -6.568602 21.782278 -9.596885 9.508629 -21.706619 -35.942188 -8.538645 34.487232 11.538147 -11.850307 -0.354060 14.943524 -22.769630
7.652849 -23.055990 -38.279449 -10.225464 32.433231 12.325381 -11.023042 -2.000882 11.847350 -14.676248 11.919156 -26.100815 -30.541664 -10.002083 26.238924 27.670433 1.817920 -6.256596 21.095539 -8.340007 8.443889 -21.374273 -36.956749 -8.844687 34.378475 11.973685 -11.523544 0.363732 14.597593 -21.399529
6.690806 -23.607111 -38.307987 -10.344470 32.825180 12.609225 -10.616350 -1.622440 11.232475 -13.363172 10.787250 -25.544512 -31.576281 -10.202169 26.048788 27.887411 1.990051 -6.263390 20.625130 -6.878991 7.338243 -20.660831 -37.976921 -9.413178 33.819305 12.609865 -11.374135 0.668817 14.125987 -19.688702
5.286026 -23.763058 -38.197258 -10.595772 33.286247 12.831173 -10.138520 -1.350845 10.527892 -11.748817 9.437937 -24.823130 -32.468204 -10.423754 26.024551 27.999472 2.082202 -6.379194 20.247049 -5.485445 6.006796 -19.998322 -38.557941 -10.143078 33.448414 13.140849 -10.884266 0.558906 13.351529 -18.348520
4.466688 -23.884697 -37.855625 -10.574108 33.799267 13.214598 -9.923231 -1.013656 9.777525 -10.381611 8.028069 -24.476574 -33.072300 -10.240928 26.411011 27.985344 2.174683 -6.336355 19.834616 -3.735536 4.850646 -19.378157 -38.805897 -10.575657 33.409439 13.902016 -10.757848 0.750930 12.784343 -17.249638
3.479138 -23.748392 -37.658939 -10.709381 34.038132 13.438274 -9.493074 -0.854666 8.899683 -8.725731 6.806169 -24.222055 -33.385376 -10.276119 26.480194 28.069241 2.139205 -6.265472 19.364273 -2.338746 3.275769 -18.757500 -38.924576 -11.074320 33.476841 14.439286 -10.547153 0.965363 11.979212 -15.851205
2.559072 -23.401237 -37.281246 -10.778594 34.452892 13.957672 -9.475220 -0.863593 7.871827 -7.091564 5.664237 -24.149221 -33.869129 -10.238358 26.711819 28.213932 2.138742 -6.167805 19.075150 -1.038273 2.017443 -18.000818 -39.091011 -11.360683 33.603893 14.909631 -10.401899 1.106048 11.392820 -14.517912
1.726873 -22.819424 -37.113258 -10.995271 34.539345 14.032234 -9.196792 -1.019763 7.018171 -5.956834 4.939691 -23.816900 -34.370102 -10.311620 26.693024 28.383080 2.106162 -6.155198 18.855820 -0.247188 1.025789 -17.287815 -39.388950 -11.558447 33.705109 15.275912 -10.281806 1.126337 10.954095 -13.636218
1.077225 -22.498028 -36.805431 -10.949545 34.938263 14.333170 -9.179407 -0.978111 6.490486 -4.734722 4.171399 -23.370337 -34.592335 -10.447395 26.809067 28.489798 2.195097 -6.117100 18.429365 0.812134 -0.091387 -16.497746 -39.532703 -11.898744 33.780666 15.690029 -10.276527 1.328280 10.521188 -12.536777
0.721127 -22.078844 -36.362152 -11.025282 35.147022 14.450347 -9.173866 -1.111077 6.133272 -4.043868 3.685879 -22.937237 -34.608585 -10.504084 27.032873 28.771515 1.909537 -6.157544 18.130398 1.337519 -0.807079 -16.052029 -39.416286 -12.044472 34.146069 15.832913 -10.209311 1.449442 10.268295 -12.170872
0.637863 -21.874107 -36.031918 -11.043386 35.267204 14.590654 -9.176155 -1.195604 5.776284 -3.543318 3.275485 -22.649651 -34.564880 -10.543344 27.243998 28.908787 1.700792 -6.146404 17.931660 1.922863 -1.144087 -15.877522 -39.534374 -12.247656 34.017277 16.072165 -10.247757 1.452371 10.028012 -11.798948
0.502571 -21.589666 -35.848152 -11.137124 35.336700 14.645477 -9.134144 -1.157964 5.589294 -3.228357 3.025466 -22.409620 -34.450111 -10.626486 27.344761 29.027035 1.601349 -6.062735 17.811968 2.288987 -1.424015 -15.781536 -39.655983 -12.452500 33.793530 16.072737 -10.163419 1.440791 9.883199 -11.415975
0.456753 -21.421810 -35.808731 -11.141074 35.375584 14.679602 -9.194034 -1.204880 5.561488 -3.119329 2.929286 -22.353062 -34.422985 -10.626859 27.399734 29.064247 1.521961 -6.030012 17.782854 2.448916 -1.445876 -15.687662 -39.739189 -12.456372 33.771667 16.115126 -10.215749 1.502795 9.932952 -11.325337
0.508741 -21.569717 -35.840488 -11.173927 35.297619 14.657671 -9.060830 -1.087977 5.513822 -3.064838 3.041574 -22.317722 -34.441231 -10.727360 27.278685 29.124441 1.634627 -5.919967 17.775949 2.361163 -1.482227 -15.762904 -39.782158 -12.551991 33.678017 16.077007 -10.082764 1.562330 9.900264 -11.300603
0.597025 -21.831175 -36.096146 -11.121313 35.149239 14.678375 -8.894370 -0.774617 5.612996 -2.840825 3.313622 -22.303387 -34.688393 -10.823148 27.059864 29.307045 1.668488 -5.535821 17.845778 2.382964 -1.437286 -15.990458 -39.858925 -12.659405 33.555046 16.153137 -9.892673 1.966884 9.896344 -11.285043
0.648340 -22.255123 -36.310490 -11.337280 34.772957 14.620832 -8.353250 -0.152414 5.711816 -2.745111 3.880466 -22.268564 -34.882156 -10.988385 26.719053 29.559607 1.784356 -4.960691 17.904673 2.242077 -1.310805 -16.441130 -40.014732 -12.943126 33.174343 16.119127 -9.465280 2.498347 9.798759 -11.256585
0.988731 -22.899710 -36.623455 -11.435706 34.410786 14.615061 -7.809989 0.726148 5.897742 -2.558729 4.366247 -22.345940 -35.064625 -11.323225 26.321447 29.901030 2.003824 -4.026368 17.968782 2.360858 -1.007762 -17.089548 -40.218578 -13.388170 32.420490 16.223642 -9.117208 3.165981 9.696368 -11.146670
1.551994 -23.573965 -37.061230 -11.632010 33.758648 14.479128 -7.249603 1.666645 6.159267 -2.446258 5.209702 -22.140657 -35.095436 -11.774996 25.755241 30.387493 2.110886 -2.944474 18.063240 2.288880 -0.323376 -17.947317 -40.327198 -13.851433 31.600471 16.199100 -8.690398 4.048007 9.844795 -11.262278
1.972751 -24.492842 -37.381428 -11.897458 33.035362 14.187537 -6.595087 2.852174 6.829199 -2.154600 6.367444 -21.876961 -35.426163 -12.200273 24.977293 30.804550 2.383552 -1.491785 18.418617 2.203571 0.200551 -18.864714 -40.475536 -14.788038 30.306936 16.243740 -8.141415 5.090864 10.084378 -11.116490
2.716577 -25.330898 -37.709747 -12.265539 32.238586 14.074510 -5.840400 4.451499 7.372327 -1.927626 7.677460 -21.551226 -35.633240 -12.561867 24.159670 31.050104 2.616548 0.002150 18.866596 2.286932 1.135600 -19.727121 -40.643486 -15.618931 29.021622 15.990676 -7.421292 6.258218 10.511445 -11.294622
3.541079 -25.853203 -38.400242 -12.606217 30.988594 13.527291 -4.865969 5.194750 7.649776 -1.487905 9.322771 -21.203543 -35.622639 -13.057874 23.027441 31.106497 3.038048 1.511558 19.202106 2.383006 2.252036 -20.720070 -40.757683 -16.365240 27.745386 15.769542 -6.715029 7.708224 10.992018 -11.393604
4.493212 -26.220196 -39.102314 -13.188220 29.462969 13.084105 -3.642612 6.585109 8.005933 -1.156953 11.379303 -21.059662 -35.474655 -13.720217 21.792740 31.277063 3.670101 3.545361 19.752018 2.296143 3.785522 -21.636150 -40.650906 -17.135286 26.497753 15.704391 -5.701661 9.566841 11.459019 -11.881209
5.763813 -26.444414 -40.019009 -13.956877 27.673334 12.913617 -2.154143 8.549763 8.460717 -0.738435 13.220813 -20.537685 -35.642590 -14.393768 20.415453 31.483410 4.281575 6.033464 20.523880 2.917757 4.746513 -22.607647 -40.387070 -18.012287 25.321947 15.347316 -4.354480 11.478172 11.793837 -11.856853
7.035034 -26.520945 -40.157719 -15.094062 26.049021 12.847626 -0.595356 10.867281 8.742845 -0.183484 15.400635 -20.325699 -35.252605 -15.103351 18.990456 31.385141 5.360197 8.128586 20.796177 3.155524 5.724745 -23.528942 -39.947727 -18.630369 24.341814 14.661210 -2.958356 13.643230 12.109968 -11.533019
8.850112 -26.511198 -39.934135 -16.596098 23.902149 12.371953 0.884472 12.889715 8.437948 0.794275 17.466177 -20.825766 -33.839165 -15.751914 17.827913 30.960588 6.610604 10.087644 20.669577 3.252531 7.225221 -24.896744 -39.260929 -18.824402 23.651381 13.635499 -1.667878 15.925771 12.211082 -11.078638
10.971203 -26.386698 -39.430141 -17.547207 22.188660 12.022769 2.343401 15.645586 8.142366 2.645525 19.860941 -21.830835 -32.878757 -16.264399 16.067749 29.951881 8.331816 11.865320 20.485733 3.938263 9.056728 -26.243156 -37.977829 -19.498123 22.150404 13.256230 -0.595196 18.458832 11.931647 -9.718068
13.521325 -26.209581 -38.130032 -17.918533 20.905645 11.577361 3.553406 18.299582 7.558818 4.787434 23.352856 -22.657217 -31.942297 -17.019676 13.490338 29.140095 10.846343 13.349993 19.266603 4.285467 10.867161 -26.908709 -36.982117 -19.701675 20.788134 12.643858 0.242881 20.440826 11.774919 -8.462959
16.910309 -27.314997 -34.914547 -21.170908 15.440896 10.259747 -0.565257 22.354603 11.064563 9.933958 27.993973 -17.952145 -34.364174 -15.321944 14.089437 29.184465 15.180750 16.371695 16.693684 4.305134 12.844491 -24.799950 -39.959831 -17.862465 19.167084 12.589845 6.441400 20.386988 9.613668 -5.524554
19.211382 -30.093918 -31.803257 -20.635767 15.251263 8.895335 0.349097 24.125086 10.429990 12.636853 30.855335 -19.927095 -32.294895 -15.435777 12.620306 29.510391 15.245322 17.424784 14.659485 6.364312 16.092539 -27.300524 -38.233326 -16.622093 19.470373 11.310648 7.186988 21.847101 8.454444 -4.311702
21.393404 -32.057777 -28.093510 -19.436695 15.983926 7.190284 1.445538 25.197119 9.515509 15.991038 34.179249 -20.984247 -29.627466 -14.969942 11.765751 30.318119 13.948168 17.711931 12.174645 8.741843 19.717571 -29.377823 -36.128101 -15.284346 19.749138 10.024364 7.868003 23.278202 7.109082 -2.483662
24.134176 -34.467796 -24.198467 -18.312181 17.236006 6.209681 2.676336 26.181101 7.886239 17.879175 37.865490 -21.577944 -25.740870 -14.699732 11.234137 32.004471 11.569553 17.798677 9.155058 10.884771 23.715786 -31.373999 -33.007050 -14.193246 20.549646 9.209423 8.504757 25.272442 4.855886 -1.295848
27.176937 -35.846432 -21.228403 -17.597815 17.624531 4.333379 4.984355 26.039772 6.410954 17.428892 41.291733 -21.372786 -21.728104 -14.067328 10.676725 33.452625 8.901768 16.973587 5.976833 12.366106 28.087374 -31.652620 -28.663767 -12.989023 22.074478 8.679708 8.541456 26.940882 1.960285 -0.271178
30.372490 -36.769333 -18.138987 -18.079294 17.711079 2.381757 6.893470 24.690825 2.466718 16.217134 43.017403 -20.804304 -17.003962 -15.340984 9.176709 35.548607 8.915388 15.007321 0.387859 14.111670 31.757736 -31.587337 -26.156889 -13.984033 22.020838 8.177126 7.910728 27.460384 -3.850595 0.099275
35.051311 -36.770962 -13.395016 -17.714462 17.925829 0.574522 8.622688 23.374298 1.246727 12.108088 46.336460 -18.475143 -11.465634 -16.307663 8.411493 35.683392 8.987409 15.224785 -2.436155 14.835656 34.799919 -29.226528 -22.144033 -14.996349 21.212440 8.237381 8.620560 28.096260 -6.077493 1.152708
36.771618 -35.325947 -10.567954 -17.262997 18.295351 -2.577019 10.843949 22.686893 1.177262 11.585198 47.305405 -15.230945 -7.275896 -16.749834 8.786283 33.744938 10.761856 15.204648 -3.949008 16.665373 35.729889 -26.092472 -20.673750 -15.103953 21.289370 6.036595 10.863387 29.179167 -6.643559 3.333777
38.042725 -31.131254 -8.071189 -17.055885 18.628656 -5.790931 12.348746 22.033787 0.974762 12.348691 47.377785 -11.297750 -4.196201 -16.817207 9.861403 30.339567 12.244825 15.477468 -4.538157 18.770252 36.108860 -21.711637 -17.716963 -15.295251 21.924601 3.565019 12.733466 28.982170 -7.763844 6.316388
38.696846 -27.472099 -6.568705 -17.288536 18.182661 -8.673970 13.735529 20.957993 0.328660 13.597960 47.589848 -8.795856 -1.984670 -17.529865 10.544545 26.059326 13.979280 16.091730 -5.975574 20.862291 36.663013 -17.654995 -16.168440 -15.603410 21.218739 1.547136 14.114107 27.732494 -8.144658 9.470576
39.241894 -23.715832 -5.282912 -17.747261 17.986742 -10.911713 15.754291 20.589249 0.262936 14.351644 47.426926 -7.193277 -0.486028 -17.602339 11.017731 21.544830 15.096835 15.566172 -7.784003 24.127390 37.468971 -14.031331 -14.578238 -16.230789 20.321268 -0.805509 15.926785 26.600222 -8.772859 12.081285
39.417747 -19.441956 -4.450512 -18.083189 17.129303 -13.377569 18.289333 19.935280 0.439324 15.607259 47.654987 -6.054874 0.896157 -17.072573 10.582418 17.178219 15.704421 14.111603 -10.190400 27.471685 37.893600 -10.049671 -13.225639 -16.672613 19.587400 -2.772064 17.791140 25.195330 -9.072468 14.101978
38.831516 -15.412374 -3.496895 -18.324890 16.056429 -16.193110 21.271984 18.732998 0.388119 17.608610 46.940506 -4.424580 2.066968 -16.662519 9.962260 12.678072 17.114458 11.692835 -12.386189 31.215662 36.762108 -6.352698 -12.541344 -17.649313 19.271666 -5.866211 20.374731 24.175425 -9.294365 15.877131
38.415508 -12.161786 -3.026242 -18.556732 15.032640 -19.449036 23.788494 17.134207 0.484307 19.120150 47.166187 -1.938586 3.867891 -15.610988 9.776801 8.962233 17.642572 8.949287 -14.160398 34.626389 35.852119 -2.241296 -11.735637 -19.091944 18.246733 -8.288078 22.525776 22.251822 -9.561391 17.353439
37.394493 -8.299940 -3.361273 -18.813152 13.707744 -22.847929 25.923635 14.781377 0.702685 21.040760 47.019295 1.580969 5.331429 -14.525360 9.928057 4.845046 18.399683 7.109417 -13.540449 36.691174 36.154976 0.995182 -10.719560 -20.329142 16.675604 -11.535312 24.959898 19.220072 -10.361304 18.539537
36.873940 -4.551743 -4.847620 -18.880741 12.301731 -25.472221 27.230022 13.376151 1.307206 22.825506 47.266262 5.781921 5.950088 -14.124809 8.835567 1.752734 19.785856 5.009568 -12.307683 37.476204 36.255531 3.975857 -10.074087 -21.520714 14.984189 -14.298394 26.879091 16.255785 -10.843688 19.187946
36.215893 -1.404566 -6.609013 -19.288078 10.988088 -27.800278 28.729271 12.273919 1.398759 23.588545 47.233997 9.197469 6.812355 -13.775191 8.019408 -1.083832 22.249315 3.188930 -10.752257 37.851097 35.911312 6.313311 -10.411831 -22.539211 13.271549 -17.443775 28.911295 13.762696 -10.890041 19.735737
35.248909 1.108592 -7.955411 -19.341713 9.972926 -29.797365 29.770931 10.909497 2.114738 23.923815 46.714947 10.963878 7.414744 -13.767365 7.198419 -2.817188 25.482271 1.847290 -9.056906 37.960957 35.468540 8.123905 -11.281894 -22.728649 12.524228 -19.896782 30.054016 11.882988 -10.449913 20.485157
34.994671 3.346869 -9.427341 -19.300545 8.723558 -31.695091 30.593824 9.405215 2.351700 24.616055 45.761608 12.345027 7.761200 -13.920299 6.131248 -4.483857 29.113770 0.562901 -7.366786 38.108925 34.860584 10.091242 -12.474491 -22.444986 12.187921 -22.240627 30.863665 10.390130 -9.486793 21.506935
34.477627 5.097973 -11.419473 -18.947279 7.766708 -33.371243 31.153242 7.814525 3.239955 24.538866 45.099613 13.522141 8.236034 -13.729764 5.253216 -6.012245 32.133785 -0.842193 -5.488486 38.040524 34.727531 11.478606 -12.877495 -22.394976 11.616391 -24.289516 31.504524 8.377664 -8.925361 21.532040
33.970493 7.134240 -12.857882 -18.481817 7.008337 -35.162155 31.581177 5.937274 4.175710 24.708735 44.351391 14.577113 8.944903 -13.313464 4.962177 -8.018537 34.976349 -2.224476 -3.677714 38.108570 34.426861 12.966492 -13.575710 -21.628733 11.870752 -26.618355 32.000183 6.442552 -7.978187 21.454540
32.852936 8.623394 -14.289213 -18.147993 6.436652 -36.738380 31.886518 4.288436 5.145100 24.725588 43.130150 15.530213 8.493910 -13.196852 4.527239 -9.931787 37.374859 -3.464152 -2.095788 37.869728 33.279686 13.927591 -14.636694 -21.316423 12.100523 -28.388964 32.231392 5.073586 -7.112562 21.341782
32.122707 9.499277 -15.444971 -18.027201 5.942580 -37.394989 32.131603 3.602046 5.869553 24.391657 42.354633 16.324930 8.065602 -13.126895 4.244382 -11.256680 39.175732 -3.997427 -0.775688 37.653847 33.152630 14.536315 -15.222308 -20.964779 12.229246 -29.376749 32.434895 4.291103 -6.525571 20.997063
31.568764 10.268723 -16.234550 -18.063004 5.421305 -38.054703 32.527092 2.914423 6.382501 24.116503 41.629601 16.953941 7.843390 -13.130778 4.140061 -12.275826 40.506313 -4.628891 0.267605 37.252983 32.502941 14.815264 -15.729590 -20.771137 12.531530 -30.379250 32.816673 3.624243 -6.006093 20.615982
31.076962 10.740929 -16.657227 -18.065281 5.188076 -38.526577 32.642296 2.285862 6.685841 23.901194 41.191402 17.267361 7.726933 -13.098922 4.063426 -13.053658 41.161160 -5.385046 0.732222 36.827900 32.102585 14.941429 -16.198517 -20.608837 12.579605 -31.066694 33.087532 3.021457 -5.579100 20.270725
30.928724 10.943399 -16.768755 -18.098455 5.088959 -38.698814 32.678387 2.025336 6.769967 23.806837 40.967979 17.360746 7.652225 -13.103515 4.063203 -13.323025 41.376568 -5.632944 0.923715 36.691364 31.928135 14.936609 -16.373665 -20.451103 12.727711 -31.352936 33.152420 2.805883 -5.380599 20.126110
