32.978397 -30.202869 -0.235353 -22.805672 26.364847 8.164124 6.110418 28.840145 5.894006 1.459050 37.905727 -30.031986 0.988731 -6.340410 33.135933 28.890942 6.204299 22.806942 6.421823 9.383725 28.517094 -27.436106 1.735734 -2.126337 34.363663 17.977945 4.369134 29.308016 18.587740 10.401220
32.310665 -31.069796 -0.023140 -23.020691 26.432777 7.961419 6.385198 28.285885 5.324089 1.476455 37.685741 -30.319094 1.539258 -6.992733 32.923595 29.576118 6.083817 22.250069 5.571109 9.232385 28.152929 -28.017920 2.434070 -2.872169 34.204742 18.129673 4.742642 28.814394 17.921974 9.913983
31.162779 -32.715672 0.185056 -23.167494 26.553047 7.276493 6.814014 26.794962 4.363160 0.958893 36.894379 -30.543890 2.488683 -8.059948 32.604080 30.499031 5.790015 20.875751 4.194915 9.008986 27.743074 -29.355263 3.811372 -4.230212 33.997562 18.023500 5.665792 27.749376 16.668592 8.610628
29.581059 -35.244389 0.231149 -23.130535 26.917183 6.300924 7.354271 25.413610 3.320276 0.791813 35.951351 -31.217709 4.081213 -9.792480 32.019386 31.497253 6.129640 18.831161 1.932023 8.172316 27.172651 -31.797150 5.204888 -5.799793 33.718609 17.615612 7.044889 26.557476 14.928271 7.027209
28.243055 -37.685783 0.796724 -23.113892 27.070501 4.986665 7.963659 22.759260 1.796891 0.378372 34.804096 -31.648752 5.609966 -11.945318 31.307693 32.206924 7.059929 17.030539 -0.398702 6.961317 26.254192 -34.159348 6.910606 -8.679811 32.410484 17.338718 9.001659 24.648485 12.259763 5.412714
26.994673 -39.441319 2.060384 -23.279034 27.385077 3.952878 8.003364 19.901634 0.307491 -0.095248 33.698280 -31.181549 7.415896 -14.180720 30.180155 32.673573 7.904070 14.461363 -2.724653 6.178919 25.349913 -36.062832 9.342088 -11.639761 31.324488 16.528778 11.007287 22.288406 9.535771 3.420902
24.930500 -40.902508 3.240135 -22.849270 28.268784 2.907093 7.648922 16.989687 -1.050916 0.194611 32.048038 -31.131077 9.305994 -16.137787 29.205112 33.526123 8.562274 11.905836 -5.256917 5.717657 24.189053 -37.690155 11.347698 -13.499799 31.069613 15.772161 12.111667 20.190926 7.706453 1.779441
23.052464 -41.730217 4.470310 -22.668055 29.281075 1.818890 7.713898 15.072522 -1.888985 0.213113 31.063997 -30.565147 11.244431 -17.521421 28.633432 33.894627 9.429801 9.747623 -7.065159 5.187269 23.313778 -37.955540 12.625296 -15.057613 30.408070 14.964260 13.324572 18.522629 6.559059 0.857544
21.727377 -42.547169 5.255825 -22.743156 29.720453 1.257777 7.215481 13.475428 -2.895151 0.803403 30.106390 -30.407284 12.146122 -18.364651 28.443848 34.075474 9.985131 8.658282 -8.120226 5.107470 22.587820 -38.169521 13.153077 -16.154720 30.008337 14.499125 14.210195 17.774242 5.908113 0.459881
21.078766 -42.693535 5.354303 -22.548050 29.788689 0.579941 6.965181 12.448824 -3.338215 1.331612 29.692724 -29.962624 12.047412 -18.797281 28.055172 34.002445 10.315975 8.066443 -8.592002 5.177765 22.137465 -37.963440 13.366985 -16.712111 29.733345 14.042340 14.768282 17.393356 5.730457 0.319838
21.045534 -42.707390 5.517489 -22.422161 29.539963 -0.027713 7.142291 11.863547 -3.802038 2.051477 29.918192 -28.880030 12.397552 -19.029045 27.669312 33.681435 10.385162 7.544034 -9.134830 5.377863 22.391724 -37.321987 13.867232 -17.163242 29.382147 13.610838 15.134681 17.192411 5.359793 0.547599
22.217360 -37.033623 9.424180 -22.247246 29.434502 -5.001560 10.032971 10.563789 -5.917885 6.799268 31.188581 -20.357683 15.581542 -21.179651 25.649231 29.990973 11.969686 7.794594 -12.152768 10.836611 24.482491 -29.349648 16.398682 -20.034565 27.460344 10.523714 17.579660 18.383636 3.357551 4.033033
21.326988 -19.726002 14.623262 -24.997427 28.295126 -12.587692 18.343170 10.646005 -5.884717 14.147187 32.414085 -5.278591 22.585648 -21.216648 26.509960 21.242809 11.718326 8.066902 -14.291074 20.920641 22.919926 -9.809226 17.225325 -23.778166 26.642035 4.195830 21.857317 22.014914 3.375732 13.003875
19.635054 5.851902 16.030766 -29.697170 19.981632 -16.220858 23.520733 5.453506 -3.426991 26.072004 27.508223 13.103072 20.788198 -18.262177 27.996002 2.368174 14.004547 4.612059 -9.660728 32.312233 17.906517 11.339952 15.211273 -26.895319 23.312157 -8.531598 22.648485 14.032600 3.394050 25.637138
16.413195 19.365963 2.974181 -26.704857 9.172186 -22.564522 22.347723 -7.384490 2.961119 35.041367 20.855078 16.557705 11.748881 -12.787076 25.792200 -15.176599 26.476698 -4.225887 2.491181 32.082291 17.662066 20.664562 7.755842 -20.342697 20.101336 -21.824581 22.321487 -2.697061 13.008939 27.162315
22.593836 14.607757 -8.995192 -23.982336 1.965356 -28.633949 22.904787 -23.025866 0.233058 14.923046 30.613045 8.303956 9.947956 -13.352739 17.554955 -21.099928 38.765224 -16.869083 5.711973 12.407234 25.092230 13.263063 2.190643 -13.785262 20.409079 -27.169670 22.993454 -16.416735 13.896583 10.104953
39.241386 -5.329448 -18.844799 -18.906767 -5.504404 -26.575262 21.155668 -31.399137 -5.533273 -8.977090 51.880650 -4.374531 14.746164 -11.526032 8.180436 -16.258825 38.592522 -25.697256 0.148555 -10.941513 45.315628 -1.429321 -1.560530 -11.212602 12.317736 -21.681162 23.244877 -24.546242 8.425080 -7.227508
45.057510 -18.345694 -21.501368 -15.075067 -7.500710 -23.487936 17.770536 -31.565630 -4.181353 -19.876593 66.667793 -13.032458 12.163188 -9.581795 4.029409 -6.137032 32.901798 -28.364626 -4.963037 -25.746851 55.248909 -12.331307 0.530236 -10.578593 11.173924 -15.722214 22.226618 -21.795519 6.682038 -22.923094
45.510967 -33.753120 -21.406979 -13.946086 -6.070945 -19.733292 14.825905 -29.949760 -5.261671 -30.497856 71.574158 -28.024096 12.910085 -6.914855 4.987127 2.623604 26.310213 -26.402746 -6.318974 -37.055786 57.220646 -29.154974 3.478939 -12.488435 11.451747 -11.503307 22.489742 -19.880566 2.485282 -36.054153
43.931534 -40.017376 -19.787889 -13.664213 -4.723053 -17.378704 11.076324 -30.412748 -5.389739 -34.566975 70.000687 -36.434074 15.020210 -6.911572 6.943366 7.095835 25.046873 -24.299551 -7.867317 -41.815495 56.287762 -34.066074 5.914966 -13.680256 11.271335 -8.315726 21.702370 -19.972689 0.200761 -41.246731
43.793785 -39.953804 -19.336809 -13.534743 -4.506465 -17.240141 10.313835 -30.804199 -5.423837 -34.529877 69.587456 -35.692417 15.284446 -7.150507 7.013505 7.328539 24.955605 -24.031431 -8.001357 -41.627728 55.918770 -33.586578 6.873807 -13.647765 11.561709 -7.647779 21.126963 -20.143106 -0.176267 -41.300232
44.352974 -39.789810 -19.800596 -13.418681 -4.835398 -17.855360 11.438145 -30.593504 -5.118519 -34.946941 70.446075 -36.816685 15.627281 -6.363843 7.187312 6.463584 25.297255 -24.706818 -7.577865 -42.243805 56.804771 -34.089260 5.699965 -13.248876 11.515493 -8.736764 21.796671 -19.797213 0.543848 -41.129341
45.665169 -38.561779 -20.233341 -12.822632 -4.647974 -18.555824 12.245310 -30.408232 -4.390698 -35.340717 72.068069 -34.996029 16.299852 -5.999877 6.801986 5.294143 25.352282 -25.210711 -6.710147 -41.983772 57.899635 -33.514900 5.293650 -12.450227 12.177558 -9.951365 22.107306 -20.305367 1.163570 -40.677547
46.577194 -35.880741 -20.884756 -12.915439 -5.033111 -19.607958 13.588900 -30.359974 -3.348127 -35.687202 72.797050 -32.127247 16.096060 -5.290703 6.975903 3.030572 26.102201 -26.143005 -5.642896 -41.005985 59.062832 -31.798759 4.570850 -10.792672 13.672421 -11.380584 22.225561 -20.039289 2.483216 -39.654411
48.561668 -32.557549 -21.088749 -12.357286 -5.262206 -20.258904 14.251994 -29.963272 -2.111319 -34.895317 73.582748 -29.218487 15.184978 -5.083173 6.594140 1.022256 27.331594 -26.571491 -4.687576 -40.341263 59.286179 -28.768166 3.672848 -9.252864 14.659459 -12.251765 21.420353 -18.982096 4.090434 -36.752766
50.264748 -29.262335 -21.720896 -11.959661 -5.735183 -20.833927 14.731456 -29.173288 -0.308351 -34.173767 74.673470 -26.352449 14.783195 -4.448049 6.340331 -1.379072 28.479988 -27.091805 -3.411549 -39.410240 60.156075 -25.921062 2.461025 -7.622332 14.677467 -13.155850 20.824051 -19.022945 5.750402 -34.450871
51.262131 -27.588356 -21.468735 -11.567143 -5.477862 -21.261858 14.890424 -28.756212 0.466829 -33.775322 75.359100 -24.718222 14.757990 -4.392030 5.894804 -2.675753 29.671015 -27.481743 -3.135756 -39.387474 60.072487 -24.552486 2.178275 -6.617078 15.376824 -13.565611 20.402605 -18.422369 6.489430 -33.486752
51.585983 -25.841696 -22.051378 -11.348772 -5.376109 -21.510096 15.042470 -28.093683 1.434182 -33.105675 75.344749 -23.193542 14.611391 -4.430152 5.943499 -3.366134 29.972889 -27.471046 -2.432444 -39.011284 59.622620 -23.099829 1.108205 -6.147197 15.403117 -13.646021 20.125336 -18.169979 7.222570 -32.080654
51.687397 -25.213324 -22.217461 -11.258029 -5.311079 -21.628599 14.902432 -28.008371 1.682142 -32.846260 75.596115 -22.503426 14.593939 -4.452403 5.967561 -3.714289 30.096891 -27.533827 -2.242161 -38.838963 59.487190 -22.768158 0.727800 -5.902966 15.694809 -14.019110 20.254894 -18.116711 7.348401 -31.792555
51.762363 -24.928762 -22.263662 -11.232307 -5.284054 -21.625181 14.837152 -27.911280 1.825120 -32.737049 75.640213 -22.274759 14.499112 -4.453070 5.954566 -3.798729 30.056839 -27.602800 -2.164438 -38.760769 59.446842 -22.849091 0.559537 -5.698462 15.941781 -14.189443 20.270559 -17.974085 7.382731 -31.688248
51.847946 -24.800871 -22.064037 -11.260944 -5.308777 -21.836012 15.128252 -27.982399 1.876785 -32.842831 75.806160 -21.938303 14.685122 -4.441517 5.864946 -4.067958 30.297998 -27.668425 -2.167150 -38.582649 59.563755 -22.770916 0.591279 -5.458216 16.235081 -14.554302 20.307018 -18.032995 7.490437 -31.738525
51.785004 -22.649721 -22.271742 -11.663455 -5.954597 -23.267317 16.553267 -28.449793 2.593959 -32.674484 75.844284 -19.722313 15.732924 -5.618839 5.008358 -5.324885 32.386860 -28.549105 -3.639649 -37.289902 58.976639 -21.161303 0.108193 -5.137055 16.780611 -16.210278 21.140816 -17.860994 8.090746 -30.445349
50.952629 -19.051439 -22.881168 -11.984541 -7.226860 -26.765272 19.883360 -30.113419 3.082068 -31.962351 74.233307 -16.874315 17.123791 -7.967650 4.034831 -8.257830 36.609436 -28.527977 -4.626317 -35.252926 57.459248 -18.829399 -0.567793 -5.127924 17.097919 -20.043446 23.377895 -18.867918 8.597826 -28.734161
49.250965 -16.715715 -21.489172 -12.871779 -7.755976 -30.066938 22.918396 -33.549679 2.732634 -32.206646 70.867195 -14.513750 19.796789 -11.505737 3.177616 -10.305740 42.597317 -28.347755 -6.570369 -33.137077 53.773232 -15.744230 -0.064999 -6.294860 16.118702 -22.894295 26.213333 -21.473888 9.518166 -26.997414
43.874523 -13.820305 -19.595659 -14.796091 -7.877291 -32.557774 27.874949 -34.612095 1.045480 -29.161060 66.091125 -12.622223 24.163364 -14.998444 3.911850 -13.601994 48.655342 -25.609076 -7.262539 -29.981794 47.064789 -14.615461 -1.056443 -9.273450 15.677931 -28.901485 31.962130 -22.915876 9.007907 -25.874706
39.758759 -11.239390 -19.375866 -16.438547 -8.965555 -34.302505 30.211966 -35.896564 1.311429 -24.602352 59.002316 -10.429096 26.167902 -18.337294 3.937111 -17.043991 52.301590 -27.741621 -7.024784 -26.883152 42.515697 -12.658841 -3.220045 -12.721957 13.838847 -32.498047 34.047298 -24.776207 10.552854 -21.537464
34.060696 -2.616854 -17.233784 -18.516808 -7.911916 -36.778530 29.857281 -36.183624 3.989550 -18.387671 51.149349 -4.615638 23.272001 -19.273357 3.418643 -20.643702 56.252922 -27.997044 -4.620022 -20.558172 37.063908 -7.533929 -4.900470 -15.353416 11.130544 -34.605812 34.585995 -24.532991 12.495826 -12.893820
26.811003 3.007127 -21.172985 -17.078592 0.823029 -46.265423 33.283276 -23.867699 9.394874 -13.297174 41.500256 0.061066 21.108831 -15.067548 1.593557 -19.815878 61.928375 -25.661556 2.924161 -1.557409 29.822918 -5.799113 -3.356243 -10.421249 11.317513 -34.412682 39.866833 -20.997553 19.747507 0.324563
28.392393 6.493390 -26.622498 -20.904125 -2.940586 -42.427311 36.105007 -7.584461 14.766634 -5.290329 41.939102 5.150447 10.618842 -12.624998 -0.514433 -18.466619 57.393585 -15.174767 7.445228 10.249596 26.206173 -9.010755 -8.890730 -10.764439 7.315075 -34.138741 38.492565 -13.701158 23.226549 9.954597
34.847893 8.261171 -28.225201 -20.886435 -3.210562 -36.886806 33.442215 1.460327 14.742541 -0.099659 47.873825 11.015466 3.246530 -10.981542 -3.139069 -16.281757 50.712128 -11.043164 9.276762 16.379715 31.296509 -7.325445 -12.628983 -12.655574 1.319631 -28.126810 38.376759 -9.296121 23.600842 16.877617
41.881927 3.271492 -25.343393 -21.644232 -1.590139 -29.003460 29.018829 9.646278 10.264413 1.564171 55.313030 11.162045 -1.176798 -12.560830 -7.936245 0.049430 36.964748 -6.769866 1.273544 20.779867 35.224495 -9.344808 -11.952394 -19.077200 -4.242384 -15.251413 37.023022 -2.129239 17.606791 18.298492
47.283539 -17.741034 -23.431326 -20.421328 -0.976944 -19.718906 18.770720 8.866590 -1.456073 -0.394541 59.631691 -4.594181 -3.159565 -16.962727 -8.749411 17.345463 29.497528 -3.498140 -8.496429 16.145067 45.480259 -26.698963 -6.602758 -23.349224 -6.645505 -1.452000 31.636646 2.121230 9.044235 9.104022
44.476051 -30.272110 -28.062071 -17.828344 1.531296 -10.589093 6.954498 6.656616 -3.385161 4.210471 61.496937 -21.206312 -12.714715 -12.903634 -4.393983 25.489706 20.179596 -4.157938 -7.217936 6.141805 48.211750 -37.278160 -9.267571 -15.892652 -3.150445 9.503114 17.470331 2.771680 10.394495 7.026815
38.736912 -31.738743 -33.749058 -13.047977 5.806126 -6.598598 -4.028763 1.581005 -1.431432 12.763673 52.616367 -24.011023 -27.000565 -8.597353 -0.020138 25.203686 13.193435 -2.135623 4.252970 5.567180 42.339481 -35.352814 -19.572039 -9.524122 0.513618 15.224320 6.177105 2.931446 18.671705 11.916615
29.257404 -25.577524 -40.885521 -10.923373 7.313558 -4.544291 -10.659510 1.631179 6.422345 17.883572 43.038853 -25.111204 -38.736046 -4.743798 2.793006 19.503881 12.529763 -5.161211 11.917601 7.464560 34.679150 -32.147377 -26.158791 -6.935497 1.698636 14.900998 -0.445534 -0.544573 24.251253 16.694038
22.069752 -21.256828 -49.492847 -13.849292 4.678954 -2.425558 -15.370585 -0.264383 8.673999 20.857355 35.273609 -23.445049 -44.482960 -3.285582 2.955630 13.517879 15.357627 -8.668329 17.690437 10.100912 25.998661 -25.209719 -30.068005 -9.742237 -0.866150 15.657761 -3.943311 -5.952361 25.198219 23.947340
14.328839 -14.318020 -51.400372 -16.180876 5.063343 -3.735680 -14.776213 0.830688 9.461206 30.161552 25.883247 -17.536032 -49.172718 -3.282992 4.622224 7.491996 17.192001 -9.601035 22.878551 18.392015 16.601280 -18.929640 -34.954918 -13.662730 -4.320653 12.921217 -2.648284 -9.182685 26.985909 32.137054
9.139181 -5.213470 -47.213013 -17.115490 8.227222 -6.092579 -12.633122 0.712682 9.376903 36.276676 17.146589 -12.496907 -48.953339 -4.034471 7.016234 3.157326 19.487379 -9.912488 23.674000 26.552271 11.316307 -11.391208 -36.291042 -14.150788 -2.843828 8.212644 1.286922 -10.281936 28.069967 36.661869
6.154427 -0.215773 -44.562279 -16.558449 11.485203 -7.856355 -10.788333 0.448857 10.471764 38.800652 10.680182 -10.109899 -47.345959 -5.295701 8.893824 1.021891 20.913603 -10.096753 23.368847 31.358843 6.971866 -7.256675 -36.006428 -14.042911 0.147975 5.399294 3.039793 -11.156843 29.107759 38.252186
4.532562 1.775211 -43.307442 -16.693226 12.926444 -8.645961 -9.911985 0.001845 11.043749 39.197304 7.862499 -8.347798 -46.063862 -6.421282 9.497641 0.502521 21.493420 -10.935946 22.965204 32.519089 4.651628 -5.263521 -35.299789 -14.062829 1.997735 3.535397 4.086113 -11.582447 29.600023 38.733906
