-0.757748 8.345517 -31.863237 -5.330827 20.037729 16.242235 -2.185266 -12.297817 16.682840 43.334106 -3.591412 -0.880098 -53.606102 -18.444450 20.543430 -12.567210 5.641612 -3.641747 8.935359 27.852449 -5.652639 5.119195 -45.875019 -20.289499 13.482555 -7.148247 -9.526404 -1.943443 22.437660 29.071228
-0.153039 7.409301 -33.007507 -4.900145 19.476347 16.648052 -2.805403 -12.267340 16.937641 42.939857 -2.355715 -1.644019 -54.920826 -17.916182 19.732264 -12.293657 5.178934 -4.144473 9.085762 27.036547 -4.786387 4.337119 -46.634651 -20.097521 12.701311 -6.366637 -10.224756 -2.319620 22.592756 28.472528
1.188265 5.799205 -34.927307 -4.345862 18.241541 17.294020 -3.777062 -12.260135 17.236834 41.701378 -0.033204 -3.214311 -57.006599 -17.002838 18.329042 -11.951718 4.429047 -4.871519 9.534160 25.443800 -3.089711 2.865738 -47.729813 -19.851238 11.184585 -4.811339 -11.588121 -2.571074 22.649403 28.058731
3.340297 3.780697 -37.329250 -3.990950 16.246786 17.781555 -4.529623 -12.616180 17.364578 39.132690 2.746532 -5.079522 -59.036888 -16.141855 16.671482 -11.606976 3.769253 -5.589452 10.128621 23.085917 -0.929333 0.428159 -48.311951 -19.983946 9.379530 -2.784587 -12.918081 -3.205552 21.975929 26.547535
5.389583 0.953058 -40.368633 -3.832353 13.901955 18.163052 -5.201684 -13.305628 17.797600 35.845451 6.211732 -6.566217 -60.944290 -16.056993 14.260387 -10.827644 3.481558 -7.076273 10.230670 19.310062 1.590793 -2.949727 -48.906345 -20.996408 6.714691 -1.366883 -13.808761 -4.326158 21.262043 24.722240
7.400154 -1.273407 -42.704514 -3.516504 12.067082 17.128769 -4.341075 -14.433059 18.470362 31.960773 9.896019 -7.739437 -61.636284 -16.004875 12.413392 -9.976707 3.231049 -8.593859 9.987750 15.584392 4.727152 -6.306714 -48.323570 -22.263916 4.148264 -0.717134 -13.953231 -5.585825 20.064411 22.307291
8.880272 -3.770075 -43.512142 -3.098351 11.118200 16.373466 -3.382961 -15.358704 18.691143 28.268213 12.735389 -8.896553 -60.178265 -16.222010 11.684151 -9.161465 3.164827 -9.524856 9.252696 11.944800 7.559628 -9.091105 -47.452480 -23.047878 2.290840 -0.013373 -14.457742 -6.134648 19.691307 19.677431
9.983698 -5.772403 -43.898323 -2.981241 10.384610 15.654315 -2.542915 -16.361769 18.534679 25.407530 15.160563 -9.762600 -59.135002 -16.357424 11.132698 -8.714264 3.452398 -10.446977 8.439723 9.242251 10.053648 -10.829279 -46.165363 -23.181400 1.696267 0.139392 -14.498491 -6.434360 19.216379 17.600483
11.277821 -7.017056 -43.822395 -2.821827 9.918900 15.141529 -2.067276 -17.093002 18.302748 23.299551 16.638063 -10.321280 -58.266853 -16.649158 10.730462 -8.167583 3.578155 -10.971819 7.719368 7.463022 12.071733 -11.822333 -44.960155 -23.110394 1.490495 0.464487 -14.782624 -6.486949 18.984219 15.850598
11.718567 -7.412164 -43.864960 -2.888156 9.598989 14.877791 -1.858814 -17.562181 18.112181 22.480333 17.533926 -10.421576 -57.746979 -16.813437 10.347798 -7.995954 3.835163 -11.293083 7.242836 6.592888 13.238231 -12.383083 -44.238567 -23.251514 1.139437 0.501075 -14.739315 -6.620327 18.678503 15.088733
11.357137 -7.295619 -43.500347 -2.909804 10.130482 15.104645 -2.163641 -17.360723 18.506090 22.239412 17.062881 -10.391299 -57.529861 -17.076174 10.702732 -7.623183 3.635068 -11.126046 7.269162 6.422900 12.778582 -11.897277 -44.099361 -23.017788 1.856786 0.644709 -14.862111 -6.409125 18.846951 14.932438
8.399613 -3.880036 -42.077484 -2.794368 13.694715 15.886303 -3.266501 -16.197752 21.826128 22.013773 11.517201 -8.953346 -57.801079 -18.691660 12.771644 -6.267569 2.519243 -11.314853 7.383486 7.256758 8.990589 -7.498229 -44.223129 -22.479929 5.489916 1.528006 -14.498917 -6.709734 19.466990 14.005308
0.690261 -0.921051 -40.188324 -2.478269 18.666824 14.169761 -0.382547 -16.348808 25.248539 22.628910 4.089538 -4.290002 -53.985516 -23.689413 13.636569 -6.783798 5.187317 -13.114887 6.232908 8.358420 -0.072105 -5.046497 -44.016369 -26.481167 7.328101 -1.700429 -9.394182 -9.436450 18.428349 13.435093
-7.893476 1.370656 -39.910122 -7.994644 18.432898 13.229534 1.696290 -18.486912 24.811691 20.877508 -1.741802 4.155414 -49.783848 -27.196003 14.521539 -9.067682 4.555536 -16.094946 10.323937 7.049485 -10.312563 -5.780689 -43.127201 -30.804337 8.617197 -4.944965 -5.623129 -13.644920 16.662661 12.120280
-11.586667 5.733030 -34.435726 -16.471407 14.959578 11.099277 1.025832 -24.213398 22.092058 15.972589 -7.037654 8.817031 -41.850979 -29.117447 17.644377 -10.614890 1.610741 -18.677343 13.209718 5.598237 -14.271909 1.208249 -39.062958 -31.412783 13.972608 -4.604968 -3.140399 -16.223814 17.373800 3.364158
-14.192576 5.634928 -28.441790 -22.414917 14.196589 9.316427 1.549614 -28.596880 19.947222 9.243812 -10.100773 6.160970 -33.576420 -31.632650 20.538427 -10.639167 1.792010 -22.680794 9.683528 1.761460 -13.209504 3.584351 -33.616959 -33.272240 16.067896 -3.445314 -1.121809 -18.967319 14.360359 -3.668508
-15.804544 2.034124 -23.963964 -23.790974 14.159597 6.213040 2.583948 -33.690765 17.195007 5.735693 -10.267860 2.330573 -26.727077 -33.442875 20.284004 -10.422383 1.992725 -27.891972 5.969080 -3.423139 -13.866641 2.274339 -26.417896 -36.667751 15.857116 -1.619646 -2.078646 -22.687897 8.774907 -4.987669
-13.222634 -0.181897 -19.705751 -25.766685 10.060281 0.906034 -0.734536 -37.101589 18.491753 6.232698 -7.455380 -0.333619 -21.188465 -36.331741 16.065128 -13.286749 0.820412 -29.253204 7.188306 -4.521704 -12.482700 3.201720 -21.012470 -42.246250 9.982267 0.690897 -5.647691 -22.913233 8.563893 -0.877384
-10.507729 -2.473037 -15.013011 -27.336615 7.618890 -1.853575 -4.086321 -40.020550 17.882847 5.602920 -3.551841 -1.289122 -16.559156 -37.981853 12.843812 -14.424045 -2.717449 -31.637354 8.290427 -6.211335 -9.273223 5.688060 -17.266521 -46.128304 5.091708 3.676279 -8.169563 -22.691612 8.917213 0.557014
-8.541750 -3.522737 -12.236174 -27.447063 7.173538 -2.788321 -6.812037 -40.872059 18.414635 4.995563 -1.693628 -1.513711 -14.468243 -38.689831 11.005403 -13.353805 -6.589992 -32.048317 8.433175 -6.672596 -7.601267 5.704710 -13.918697 -47.187622 4.309067 4.543410 -9.996635 -22.234108 9.976776 -0.548418
-8.243735 -3.450444 -11.533552 -27.468832 7.211739 -2.971098 -7.196623 -41.019794 18.461096 4.952010 -1.498017 -1.394223 -14.078372 -38.799320 10.791884 -13.189503 -7.350909 -32.113964 8.515812 -6.528958 -7.350228 5.731371 -13.367831 -47.207630 4.291959 4.786898 -10.409378 -22.130533 10.079095 -0.499677
-8.166004 -3.794017 -10.907914 -27.358566 7.574259 -2.977043 -7.758582 -41.603817 18.493700 4.255692 -1.518557 -1.546550 -13.563795 -38.724361 11.026613 -12.892076 -7.942696 -32.892902 8.287539 -7.033440 -7.503907 5.576642 -12.740103 -47.319126 4.571391 5.089720 -10.763945 -22.529167 9.876624 -0.731092
-8.671373 -4.216146 -9.764576 -27.341932 8.184737 -3.083770 -8.809841 -42.452896 18.965965 3.484459 -1.975647 -1.929877 -12.289342 -38.601830 11.448206 -12.463060 -9.441890 -33.782059 8.200575 -7.581846 -8.096666 5.359569 -11.259141 -47.598343 5.369264 5.526607 -11.652853 -23.084917 9.986911 -1.866747
-9.903037 -4.773020 -8.553165 -27.508808 9.112978 -2.705176 -9.929537 -43.153271 19.601326 2.087636 -2.908342 -2.485611 -10.488187 -38.306881 12.580245 -11.737065 -11.488592 -34.645515 7.741484 -7.942395 -9.026915 4.480530 -9.272435 -47.453346 6.893682 5.529582 -12.626236 -23.631037 9.851883 -3.464768
-10.862152 -6.036047 -7.411566 -27.275545 9.771375 -2.099657 -12.218540 -44.177746 20.695503 0.069150 -4.470053 -3.924079 -8.894422 -37.920540 13.859349 -10.688151 -14.724061 -35.557808 8.319391 -8.658134 -10.070603 1.753135 -6.978594 -47.978180 7.771490 5.996292 -14.787197 -24.211287 10.413125 -5.552644
-12.454843 -9.337582 -6.431311 -26.922056 11.242071 -1.194477 -14.205552 -44.678879 22.521616 -3.054994 -6.042180 -6.329536 -5.388636 -37.756157 16.368849 -9.962842 -18.400829 -36.058907 9.970557 -10.745107 -11.362859 -1.536065 -5.467812 -48.434692 8.839679 6.628884 -17.619928 -24.658211 11.989153 -8.329295
-13.037098 -12.790853 -6.075747 -26.461409 12.677165 0.278861 -16.828978 -45.143230 24.190617 -6.258157 -6.322924 -8.683077 -2.300996 -37.249012 19.333832 -9.278483 -21.286375 -36.037930 11.874225 -13.815455 -12.968311 -4.383734 -3.496490 -48.573582 10.300057 6.923245 -20.723415 -25.077330 14.228946 -10.740657
-13.017685 -15.608477 -4.427960 -26.127211 14.004122 1.281633 -18.786234 -44.491211 26.043789 -9.631802 -6.638754 -9.705976 1.038586 -36.605236 22.576727 -8.441313 -24.242853 -35.164303 13.760092 -16.359705 -12.699503 -6.170594 -0.313465 -49.321766 10.874329 8.008512 -22.956028 -25.013504 15.651504 -14.493498
-12.046909 -19.552219 -1.854187 -25.558378 15.417726 1.678136 -21.589977 -43.871082 28.739130 -13.389729 -6.522453 -10.763243 4.783337 -35.715096 24.653109 -7.995864 -27.432293 -35.326283 14.515862 -18.729250 -10.893790 -8.292918 5.343056 -50.684902 10.654204 9.118711 -25.922295 -25.742666 15.781995 -18.082079
-11.539474 -21.477528 -0.313783 -24.914303 16.541996 1.928945 -22.342276 -43.408298 30.359402 -16.851986 -6.508455 -11.625992 7.229359 -35.217800 25.880905 -7.749577 -29.178852 -35.648872 14.755960 -20.363174 -10.095414 -9.211047 8.479626 -51.444599 10.552434 9.787821 -27.161800 -26.261003 15.076936 -19.889345
-11.410704 -21.650101 -0.064187 -24.761621 16.811005 2.019125 -22.343332 -43.314346 30.495066 -17.408022 -6.449095 -11.791533 7.520298 -35.073761 26.032385 -7.722453 -29.512403 -35.715641 14.826400 -20.623323 -9.912475 -9.327665 8.971378 -51.484695 10.569516 9.823755 -27.448448 -26.350246 15.029510 -20.117130
-11.418900 -21.667952 -0.059721 -24.760019 16.813219 2.012188 -22.345259 -43.323704 30.497290 -17.403656 -6.445549 -11.796011 7.522940 -35.073952 26.028835 -7.719281 -29.526531 -35.726601 14.823840 -20.624123 -9.910826 -9.325211 8.972218 -51.482838 10.571881 9.823199 -27.452133 -26.354546 15.027498 -20.114826
-11.418900 -21.667952 -0.059721 -24.760019 16.813219 2.012188 -22.345259 -43.323704 30.497290 -17.403656 -6.445549 -11.796011 7.522940 -35.073952 26.028835 -7.719281 -29.526531 -35.726601 14.823840 -20.624123 -9.910826 -9.325211 8.972218 -51.482838 10.571881 9.823199 -27.452133 -26.354546 15.027498 -20.114826
-11.419689 -21.668451 -0.058672 -24.760435 16.811909 2.014224 -22.344351 -43.324940 30.498571 -17.403521 -6.447108 -11.793536 7.521569 -35.075291 26.027336 -7.719794 -29.526451 -35.728237 14.825377 -20.624029 -9.912817 -9.326594 8.973244 -51.482334 10.572162 9.823085 -27.452446 -26.355761 15.027312 -20.113335
-11.415403 -21.655737 -0.064547 -24.760008 16.812469 2.018868 -22.338690 -43.320084 30.495790 -17.408434 -6.450407 -11.789109 7.518812 -35.073734 26.031433 -7.722535 -29.512854 -35.722813 14.822224 -20.623322 -9.912532 -9.326772 8.973080 -51.480686 10.574873 9.822797 -27.451614 -26.356951 15.027317 -20.116589
-11.412961 -21.653290 -0.063963 -24.761215 16.811230 2.019388 -22.342321 -43.319946 30.496580 -17.409328 -6.449564 -11.787639 7.518090 -35.074600 26.029493 -7.722274 -29.513578 -35.722168 14.823748 -20.624514 -9.915175 -9.324537 8.967803 -51.482300 10.573124 9.827522 -27.451092 -26.353275 15.029986 -20.114624
-11.411366 -21.647070 -0.064357 -24.762901 16.810760 2.023186 -22.339636 -43.318752 30.494261 -17.414488 -6.452450 -11.787230 7.519257 -35.073719 26.031029 -7.725141 -29.503675 -35.717381 14.823287 -20.626009 -9.915361 -9.323669 8.965349 -51.482059 10.571244 9.827685 -27.449327 -26.351032 15.032611 -20.115892
-6.261595 -15.600604 -0.595271 -23.432629 19.104305 5.179090 -22.133665 -41.610195 28.188509 -23.180632 -3.702774 -9.279173 6.983634 -30.739229 31.445658 -7.314753 -27.421783 -31.606382 17.997864 -25.008745 -9.288843 -16.177580 16.708134 -53.857483 8.942592 0.937773 -30.370676 -21.946722 30.221014 -16.467804
-6.261595 -15.600604 -0.595271 -23.432629 19.104305 5.179090 -22.133665 -41.610195 28.188509 -23.180632 -3.702774 -9.279173 6.983634 -30.739229 31.445658 -7.314753 -27.421783 -31.606382 17.997864 -25.008745 -9.288843 -16.177580 16.708134 -53.857483 8.942592 0.937773 -30.370676 -21.946722 30.221014 -16.467804
-6.261595 -15.600604 -0.595271 -23.432629 19.104305 5.179090 -22.133665 -41.610195 28.188509 -23.180632 -3.702774 -9.279173 6.983634 -30.739229 31.445658 -7.314753 -27.421783 -31.606382 17.997864 -25.008745 -9.288843 -16.177580 16.708134 -53.857483 8.942592 0.937773 -30.370676 -21.946722 30.221014 -16.467804
-6.999548 -16.335997 -0.929664 -23.783331 18.432104 5.753863 -21.183844 -42.563587 27.749273 -22.916906 -5.171747 -10.306551 5.766122 -32.349655 29.859894 -6.716729 -26.660917 -33.983665 14.538926 -24.504679 -10.333906 -16.995333 15.290389 -54.328613 9.384937 0.164354 -32.201107 -22.321106 27.068092 -16.033972
-6.926472 -16.206059 -0.876513 -23.881481 18.375589 5.832665 -21.176462 -42.647293 27.633179 -22.949203 -5.184819 -10.414691 5.719078 -32.386406 29.819517 -6.827751 -26.553082 -33.958954 14.522904 -24.545837 -10.271465 -16.921181 15.355017 -54.249989 9.532081 0.034456 -32.128891 -22.470432 27.012791 -16.038216
-6.918257 -16.203516 -0.853008 -23.886215 18.366991 5.839802 -21.176662 -42.664383 27.627085 -22.940338 -5.183797 -10.415982 5.706940 -32.384483 29.826159 -6.834022 -26.566250 -33.951973 14.511787 -24.538675 -10.284858 -16.953079 15.352804 -54.246555 9.525302 0.035762 -32.128025 -22.465427 27.011723 -15.998696
-6.924381 -16.206509 -0.846200 -23.889696 18.368074 5.832341 -21.180038 -42.659786 27.638409 -22.937599 -5.182227 -10.420188 5.712219 -32.387218 29.819368 -6.832183 -26.572165 -33.954433 14.511353 -24.539660 -10.287672 -16.952305 15.351818 -54.245567 9.523322 0.042877 -32.122082 -22.466293 27.008354 -16.000635
-6.924722 -16.201366 -0.844101 -23.861698 18.380680 5.834402 -21.165773 -42.648212 27.689753 -22.933548 -5.180371 -10.422507 5.710928 -32.372066 29.819376 -6.831463 -26.594044 -33.970779 14.503510 -24.525185 -10.292302 -16.963089 15.346182 -54.246250 9.524803 0.038587 -32.140903 -22.471031 26.986420 -15.970115
-6.924727 -16.201283 -0.857671 -23.863230 18.382280 5.837260 -21.166395 -42.646942 27.671326 -22.932308 -5.193432 -10.419881 5.705492 -32.390202 29.821053 -6.839772 -26.565962 -33.953407 14.513931 -24.534121 -10.292025 -16.945713 15.342350 -54.251400 9.520900 0.037563 -32.131577 -22.470098 27.011005 -15.995561
-6.924605 -16.205015 -0.857530 -23.860426 18.383898 5.839256 -21.165152 -42.644066 27.676329 -22.934385 -5.189854 -10.418539 5.706608 -32.386967 29.823566 -6.838054 -26.566774 -33.952507 14.514610 -24.536139 -10.289111 -16.945274 15.342291 -54.251438 9.520540 0.038097 -32.128139 -22.470829 27.009541 -16.000305
-6.923341 -16.198488 -0.846511 -23.859291 18.379635 5.833977 -21.171391 -42.648945 27.690784 -22.930149 -5.182427 -10.412891 5.711820 -32.378563 29.819080 -6.825952 -26.590014 -33.962330 14.514548 -24.527910 -10.293621 -16.955177 15.343952 -54.247044 9.520249 0.040998 -32.128361 -22.472399 27.003244 -15.983092
-6.924970 -16.199202 -0.850908 -23.856413 18.383314 5.831056 -21.173105 -42.646214 27.692213 -22.930712 -5.185554 -10.418635 5.711126 -32.377926 29.819139 -6.833781 -26.590014 -33.968987 14.508306 -24.526180 -10.295011 -16.954607 15.344480 -54.248482 9.518338 0.039768 -32.130421 -22.474300 26.997456 -15.975026
-6.924479 -16.200920 -0.848457 -23.869555 18.375650 5.828402 -21.173399 -42.651913 27.675512 -22.929897 -5.186534 -10.412642 5.705029 -32.384979 29.817858 -6.829970 -26.583410 -33.957436 14.517144 -24.532085 -10.294397 -16.949541 15.340780 -54.245281 9.520078 0.044618 -32.124924 -22.475006 27.011787 -15.991214
