-1.828453 9.372974 -41.881653 -7.179317 30.825857 3.035901 -7.901304 -1.243975 5.772105 36.677818 -4.445056 -2.895458 -43.331463 -8.649107 15.458161 4.495236 14.671737 -10.368075 25.297529 35.023872 -5.652639 5.119195 -45.875019 -20.289499 13.482555 -7.148247 -9.526404 -1.943443 22.437660 29.071228
-1.216463 8.430492 -43.021519 -6.723233 30.284977 3.439698 -8.528177 -1.205613 6.054337 36.281586 -3.211656 -3.666847 -44.647522 -8.115206 14.649551 4.765630 14.184398 -10.893916 25.426479 34.223068 -4.786387 4.337119 -46.634651 -20.097521 12.701311 -6.366637 -10.224756 -2.319620 22.592756 28.472528
0.129182 6.824024 -44.943657 -6.169619 29.051508 4.094456 -9.502595 -1.190956 6.360701 35.037209 -0.886807 -5.242142 -46.729294 -7.203171 13.256489 5.093929 13.441241 -11.611207 25.873737 32.622284 -3.089711 2.865738 -47.729813 -19.851238 11.184585 -4.811339 -11.588121 -2.571074 22.649403 28.058731
2.278445 4.809443 -47.348354 -5.825708 27.039478 4.583212 -10.248223 -1.556667 6.478017 32.470856 1.899108 -7.100091 -48.754032 -6.346793 11.592508 5.440096 12.779066 -12.325485 26.460457 30.269285 -0.929333 0.428159 -48.311951 -19.983946 9.379530 -2.784587 -12.918081 -3.205552 21.975929 26.547535
4.321234 1.958104 -50.375011 -5.656559 24.709995 4.949287 -10.912806 -2.243378 6.912525 29.199816 5.367303 -8.585340 -50.673225 -6.256786 9.167990 6.239609 12.439528 -13.842202 26.536121 26.529898 1.590793 -2.949727 -48.906345 -20.996408 6.714691 -1.366883 -13.808761 -4.326158 21.262043 24.722240
6.316603 -0.264228 -52.702877 -5.337369 22.873785 3.894677 -10.053783 -3.396012 7.570973 25.341047 9.037110 -9.757814 -51.370251 -6.196778 7.320402 7.111013 12.200211 -15.352485 26.323502 22.815306 4.727152 -6.306714 -48.323570 -22.263916 4.148264 -0.717134 -13.953231 -5.585825 20.064411 22.307291
7.793392 -2.756432 -53.505489 -4.913393 21.930334 3.125450 -9.096245 -4.328072 7.781843 21.656771 11.860054 -10.911400 -49.913521 -6.410989 6.587807 7.942153 12.158853 -16.278345 25.623768 19.174103 7.559628 -9.091105 -47.452480 -23.047878 2.290840 -0.013373 -14.457742 -6.134648 19.691307 19.677431
8.899220 -4.763959 -53.893208 -4.788338 21.204130 2.399295 -8.255018 -5.328233 7.620906 18.796259 14.283468 -11.775864 -48.870003 -6.541078 6.028740 8.393453 12.451632 -17.204454 24.819904 16.480108 10.053648 -10.829279 -46.165363 -23.181400 1.696267 0.139392 -14.498491 -6.434360 19.216379 17.600483
10.203744 -6.000454 -53.814899 -4.622556 20.742767 1.889674 -7.784322 -6.053382 7.398323 16.679388 15.767035 -12.348955 -47.994358 -6.831649 5.635522 8.923092 12.581219 -17.725462 24.090445 14.698659 12.071733 -11.822333 -44.960155 -23.110394 1.490495 0.464487 -14.782624 -6.486949 18.984219 15.850598
10.649865 -6.393636 -53.852036 -4.687019 20.425104 1.631649 -7.575831 -6.517268 7.211826 15.858468 16.668245 -12.450250 -47.473618 -6.996757 5.253484 9.087165 12.836218 -18.048937 23.608471 13.824996 13.238231 -12.383083 -44.238567 -23.251514 1.139437 0.501075 -14.739315 -6.620327 18.678503 15.088733
10.285976 -6.277998 -53.491497 -4.710408 20.954060 1.855222 -7.878890 -6.318173 7.602556 15.618141 16.196241 -12.418740 -47.256569 -7.258122 5.607034 9.461371 12.636091 -17.882416 23.636688 13.656310 12.778582 -11.897277 -44.099361 -23.017788 1.856786 0.644709 -14.862111 -6.409125 18.846951 14.932438
7.327067 -2.869043 -52.068394 -4.585520 24.525112 2.634779 -8.981485 -5.156347 10.931643 15.394444 10.653024 -10.976726 -47.530132 -8.868870 7.672806 10.822220 11.515369 -18.072901 23.752808 14.492691 8.990589 -7.498229 -44.223129 -22.479929 5.489916 1.528006 -14.498917 -6.709734 19.466990 14.005308
-0.388001 0.074572 -50.186638 -4.267416 29.501362 0.916803 -6.085167 -5.297475 14.357049 16.007790 3.231770 -6.305376 -43.712502 -13.862118 8.531877 10.313674 14.164766 -19.884237 22.599770 15.598482 -0.072105 -5.046497 -44.016369 -26.481167 7.328101 -1.700429 -9.394182 -9.436450 18.428349 13.435093
-8.960052 2.384490 -49.900562 -9.808597 29.240080 -0.001990 -4.018060 -7.445865 13.907996 14.254440 -2.594147 2.140238 -39.507294 -17.389046 9.421466 8.004382 13.545034 -22.856667 26.666285 14.269867 -10.312563 -5.780689 -43.127201 -30.804337 8.617197 -4.944965 -5.623129 -13.644920 16.662661 12.120280
-12.682131 6.717971 -44.429317 -18.274601 25.792866 -2.160223 -4.689323 -13.185159 11.183693 9.364744 -7.901499 6.800935 -31.580965 -19.295694 12.551084 6.486921 10.578223 -25.441784 29.562220 12.841451 -14.271909 1.208249 -39.062958 -31.412783 13.972608 -4.604968 -3.140399 -16.223814 17.373800 3.364158
-15.276353 6.647145 -38.437054 -24.229116 25.030064 -3.943871 -4.189687 -17.570217 9.017919 2.617321 -10.984257 4.145273 -23.311281 -21.805412 15.465077 6.475554 10.800598 -29.388128 26.087406 9.018907 -13.209504 3.584351 -33.616959 -33.272240 16.067896 -3.445314 -1.121809 -18.967319 14.360359 -3.668508
-16.873421 3.038767 -33.937622 -25.571873 25.021645 -7.047335 -3.145756 -22.644466 6.301237 -0.892027 -11.142318 0.324843 -16.454609 -23.614336 15.197620 6.670557 10.987973 -34.645069 22.348577 3.819042 -13.866641 2.274339 -26.417896 -36.667751 15.857116 -1.619646 -2.078646 -22.687897 8.774907 -4.987669
-14.286545 0.819694 -29.670044 -27.551289 20.919989 -12.351082 -6.450985 -26.049320 7.602080 -0.385949 -8.329835 -2.330141 -10.933999 -26.525709 10.960648 3.775535 9.841220 -36.033588 23.546852 2.680565 -12.482700 3.201720 -21.012470 -42.246250 9.982267 0.690897 -5.647691 -22.913233 8.563893 -0.877384
-11.571763 -1.477852 -24.969200 -29.132221 18.483231 -15.094599 -9.826069 -28.984207 6.983184 -1.028524 -4.415070 -3.292556 -6.295574 -28.183207 7.707488 2.631779 6.331260 -38.445446 24.630642 0.985666 -9.273223 5.688060 -17.266521 -46.128304 5.091708 3.676279 -8.169563 -22.691612 8.917213 0.557014
-9.607439 -2.523781 -22.192562 -29.242718 18.039602 -16.021273 -12.560483 -29.839127 7.521873 -1.635221 -2.554800 -3.529895 -4.211097 -28.887571 5.857224 3.699735 2.461179 -38.866104 24.764212 0.534271 -7.601267 5.704710 -13.918697 -47.187622 4.309067 4.543410 -9.996635 -22.234108 9.976776 -0.548418
-9.303688 -2.444046 -21.486248 -29.270660 18.070908 -16.196724 -12.951081 -29.989492 7.562017 -1.676919 -2.363848 -3.406289 -3.827329 -29.005072 5.637655 3.860574 1.714557 -38.930367 24.850723 0.670477 -7.350228 5.731371 -13.367831 -47.207630 4.291959 4.786898 -10.409378 -22.130533 10.079095 -0.499677
-9.223908 -2.785046 -20.854277 -29.158756 18.436369 -16.202871 -13.512648 -30.573978 7.595871 -2.371348 -2.387003 -3.547456 -3.311119 -28.936617 5.863091 4.152903 1.137869 -39.725113 24.616058 0.155783 -7.503907 5.576642 -12.740103 -47.319126 4.571391 5.089720 -10.763945 -22.529167 9.876624 -0.731092
-9.731362 -3.210522 -19.698290 -29.137785 19.051521 -16.314884 -14.554769 -31.428391 8.069705 -3.133863 -2.851188 -3.902486 -2.039402 -28.827400 6.271915 4.570693 -0.335259 -40.639786 24.522934 -0.420054 -8.096666 5.359569 -11.259141 -47.598343 5.369264 5.526607 -11.652853 -23.084917 9.986911 -1.866747
-10.966244 -3.772384 -18.477654 -29.298243 19.982504 -15.946005 -15.649991 -32.128551 8.714524 -4.521588 -3.805815 -4.431283 -0.257176 -28.541794 7.409591 5.282478 -2.352049 -41.510181 24.076181 -0.806862 -9.026915 4.480530 -9.272435 -47.453346 6.893682 5.529582 -12.626236 -23.631037 9.851883 -3.464768
-11.931826 -5.040275 -17.335686 -29.051678 20.645367 -15.365263 -17.913044 -33.159557 9.814477 -6.531692 -5.389366 -5.892893 1.312217 -28.143644 8.716078 6.306758 -5.561939 -42.412521 24.672686 -1.545171 -10.070603 1.753135 -6.978594 -47.978180 7.771490 5.996292 -14.787197 -24.211287 10.413125 -5.552644
-13.531453 -8.349426 -16.366350 -28.694733 22.119663 -14.475536 -19.903339 -33.675999 11.637520 -9.663065 -6.962665 -8.319285 4.818448 -27.960737 11.249658 7.020542 -9.240549 -42.895203 26.323278 -3.613181 -11.362859 -1.536065 -5.467812 -48.434692 8.839679 6.628884 -17.619928 -24.658211 11.989153 -8.329295
-14.124760 -11.809635 -16.006771 -28.255875 23.565441 -13.000207 -22.557333 -34.148354 13.283069 -12.873256 -7.231728 -10.655659 7.930205 -27.439882 14.223491 7.719830 -12.141836 -42.875816 28.214678 -6.656928 -12.968311 -4.383734 -3.496490 -48.573582 10.300057 6.923245 -20.723415 -25.077330 14.228946 -10.740657
-14.108962 -14.622949 -14.343621 -27.946623 24.893862 -11.983232 -24.545298 -33.499557 15.112689 -16.240364 -7.541852 -11.650628 11.272309 -26.799677 17.466991 8.552852 -15.099436 -42.009644 30.093685 -9.205032 -12.699503 -6.170594 -0.313465 -49.321766 10.874329 8.008512 -22.956028 -25.013504 15.651504 -14.493498
-13.136723 -18.562275 -11.751804 -27.393204 26.313280 -11.573705 -27.371208 -32.875740 17.793652 -19.992893 -7.429821 -12.703620 15.003499 -25.909714 19.561277 8.987572 -18.291916 -42.154015 30.857231 -11.574112 -10.893790 -8.292918 5.343056 -50.684902 10.654204 9.118711 -25.922295 -25.742666 15.781995 -18.082079
-12.620796 -20.480553 -10.204487 -26.756357 27.433897 -11.310512 -28.129217 -32.406048 19.413057 -23.453890 -7.420649 -13.567494 17.438385 -25.410454 20.795965 9.226323 -20.033876 -42.471680 31.105015 -13.211551 -10.095414 -9.211047 8.479626 -51.444599 10.552434 9.787821 -27.161800 -26.261003 15.076936 -19.889345
-12.491020 -20.656456 -9.957162 -26.597393 27.708078 -11.219535 -28.131096 -32.308151 19.558252 -24.014513 -7.361141 -13.731475 17.725899 -25.265526 20.951506 9.249517 -20.375019 -42.535633 31.174232 -13.467241 -9.912475 -9.327665 8.971378 -51.484695 10.569516 9.823755 -27.448448 -26.350246 15.029510 -20.117130
-12.499247 -20.674290 -9.952673 -26.595814 27.710278 -11.226496 -28.133017 -32.317482 19.560444 -24.010086 -7.357672 -13.736033 17.728661 -25.265625 20.948244 9.252670 -20.389242 -42.546417 31.171793 -13.467903 -9.910826 -9.325211 8.972218 -51.482838 10.571881 9.823199 -27.452133 -26.354546 15.027498 -20.114826
-12.499247 -20.674290 -9.952673 -26.595814 27.710278 -11.226496 -28.133017 -32.317482 19.560444 -24.010086 -7.357672 -13.736033 17.728661 -25.265625 20.948244 9.252670 -20.389242 -42.546417 31.171793 -13.467903 -9.910826 -9.325211 8.972218 -51.482838 10.571881 9.823199 -27.452133 -26.354546 15.027498 -20.114826
-12.501106 -20.672544 -9.954162 -26.597170 27.709290 -11.226732 -28.132420 -32.317551 19.560808 -24.010763 -7.358645 -13.733800 17.727480 -25.266838 20.946302 9.252553 -20.388762 -42.548218 31.172543 -13.467792 -9.912817 -9.326594 8.973244 -51.482334 10.572162 9.823085 -27.452446 -26.355761 15.027312 -20.113335
-12.495457 -20.659470 -9.959675 -26.596092 27.712021 -11.222060 -28.128853 -32.310974 19.557863 -24.016914 -7.361508 -13.730989 17.726322 -25.264231 20.950586 9.251147 -20.374788 -42.543377 31.169815 -13.466650 -9.912532 -9.326772 8.973080 -51.480686 10.574873 9.822797 -27.451614 -26.356951 15.027317 -20.116589
-12.493014 -20.657028 -9.959095 -26.597298 27.710789 -11.221543 -28.132471 -32.310844 19.558649 -24.017817 -7.360656 -13.729520 17.725605 -25.265097 20.948650 9.251407 -20.375505 -42.542763 31.171337 -13.467836 -9.915175 -9.324537 8.967803 -51.482300 10.573124 9.827522 -27.451092 -26.353275 15.029986 -20.114624
-12.491864 -20.652864 -9.959434 -26.598003 27.711508 -11.219308 -28.128973 -32.309677 19.556570 -24.024099 -7.363654 -13.728843 17.726990 -25.264164 20.950142 9.248914 -20.366941 -42.538860 31.169525 -13.468664 -9.915361 -9.323669 8.965349 -51.482059 10.571244 9.827685 -27.449327 -26.351032 15.032611 -20.115892
-7.617088 -15.510798 -9.829071 -24.447752 29.779816 -7.604109 -27.260065 -31.114670 18.578329 -29.002550 -4.781953 -11.052610 16.579241 -21.318739 26.061886 9.205092 -19.491079 -39.083599 32.807510 -17.160261 -9.288843 -16.177580 16.708134 -53.857483 8.942592 0.937773 -30.370676 -21.946722 30.221014 -16.467804
-7.617088 -15.510798 -9.829071 -24.447752 29.779816 -7.604109 -27.260065 -31.114670 18.578329 -29.002550 -4.781953 -11.052610 16.579241 -21.318739 26.061886 9.205092 -19.491079 -39.083599 32.807510 -17.160261 -9.288843 -16.177580 16.708134 -53.857483 8.942592 0.937773 -30.370676 -21.946722 30.221014 -16.467804
-7.617088 -15.510798 -9.829071 -24.447752 29.779816 -7.604109 -27.260065 -31.114670 18.578329 -29.002550 -4.781953 -11.052610 16.579241 -21.318739 26.061886 9.205092 -19.491079 -39.083599 32.807510 -17.160261 -9.288843 -16.177580 16.708134 -53.857483 8.942592 0.937773 -30.370676 -21.946722 30.221014 -16.467804
-8.017821 -15.237520 -10.717115 -25.660927 29.239649 -7.343259 -27.066538 -31.653986 16.787008 -29.422997 -6.087034 -12.257350 15.898024 -22.588316 24.913980 10.099957 -17.494940 -40.568764 30.905701 -17.455368 -10.333906 -16.995333 15.290389 -54.328613 9.384937 0.164354 -32.201107 -22.321106 27.068092 -16.033972
-8.001542 -15.198419 -10.756025 -25.703501 29.255726 -7.396426 -26.973574 -31.665852 16.699011 -29.536484 -6.111289 -12.350234 15.943375 -22.576582 24.802551 10.125546 -17.435827 -40.715084 30.889441 -17.370180 -10.271570 -16.921204 15.355954 -54.249126 9.531957 0.036349 -32.128700 -22.471933 27.014149 -16.037937
-8.007665 -15.192289 -10.758134 -25.728165 29.234240 -7.397242 -26.963905 -31.669390 16.675335 -29.534573 -6.112931 -12.341146 15.943545 -22.572073 24.792908 10.140044 -17.434593 -40.725754 30.895538 -17.361885 -10.284858 -16.953079 15.352804 -54.246555 9.525302 0.035762 -32.128025 -22.465427 27.011723 -15.998696
-8.012691 -15.191045 -10.752799 -25.738611 29.226912 -7.402176 -26.967243 -31.669239 16.679920 -29.531599 -6.113121 -12.343418 15.947292 -22.579132 24.787088 10.138361 -17.434790 -40.719704 30.898748 -17.365526 -10.287672 -16.952305 15.351818 -54.245567 9.523322 0.042877 -32.122082 -22.466293 27.008354 -16.000635
-8.011600 -15.165901 -10.754798 -25.763609 29.205090 -7.390358 -26.964823 -31.670992 16.664881 -29.534044 -6.109668 -12.327317 15.955907 -22.572443 24.781706 10.173974 -17.418480 -40.700409 30.939585 -17.369532 -10.292302 -16.963089 15.346182 -54.246250 9.524803 0.038587 -32.140903 -22.471031 26.986420 -15.970115
-8.013981 -15.181284 -10.762841 -25.734869 29.230673 -7.396446 -26.964327 -31.668499 16.676233 -29.527021 -6.114380 -12.325949 15.945697 -22.577654 24.784012 10.161351 -17.425159 -40.702606 30.924120 -17.364859 -10.292025 -16.945713 15.342350 -54.251400 9.520900 0.037563 -32.131577 -22.470098 27.011005 -15.995561
-8.013581 -15.182861 -10.762856 -25.734491 29.231113 -7.397811 -26.964005 -31.668108 16.676971 -29.529486 -6.110097 -12.324051 15.946864 -22.574301 24.785780 10.163498 -17.426512 -40.702740 30.924068 -17.366707 -10.289111 -16.945274 15.342291 -54.251438 9.520540 0.038097 -32.128139 -22.470829 27.009541 -16.000305
-8.014871 -15.171793 -10.753639 -25.751966 29.213766 -7.396186 -26.966682 -31.672113 16.677412 -29.531895 -6.108243 -12.315614 15.950025 -22.578184 24.780827 10.167470 -17.425816 -40.698227 30.933241 -17.372301 -10.293621 -16.955177 15.343952 -54.247044 9.520249 0.040998 -32.128361 -22.472399 27.003244 -15.983092
-8.014140 -15.167968 -10.755264 -25.754370 29.210175 -7.396591 -26.967699 -31.674210 16.672707 -29.529720 -6.107655 -12.316299 15.950985 -22.578566 24.781546 10.168946 -17.427727 -40.698357 30.931164 -17.372156 -10.295011 -16.954607 15.344480 -54.248482 9.518338 0.039768 -32.130421 -22.474300 26.997456 -15.975026
-8.016840 -15.171743 -10.762535 -25.748661 29.217003 -7.398745 -26.968332 -31.669970 16.682230 -29.532896 -6.110791 -12.325692 15.950734 -22.576551 24.783878 10.159785 -17.419682 -40.698315 30.931774 -17.372463 -10.294397 -16.949541 15.340780 -54.245281 9.520078 0.044618 -32.124924 -22.475006 27.011787 -15.991214
