32.978397 -30.202869 -0.235353 -22.805672 26.364847 8.164124 6.110418 28.840145 5.894006 1.459050 38.265301 -28.454372 -7.991018 -14.563046 37.750191 14.139913 -2.429188 28.097605 -8.246761 3.575640 28.464079 -24.414703 -3.786109 1.338258 37.612564 22.014643 9.572115 26.886417 10.880078 7.519466
32.310665 -31.069796 -0.023140 -23.020691 26.432777 7.961419 6.385198 28.285885 5.324089 1.476455 38.020432 -28.688637 -7.612423 -15.367979 37.576824 14.787638 -2.541041 27.874992 -9.045438 3.343760 28.093521 -25.031324 -3.043898 0.581660 37.441807 22.115593 9.913030 26.430246 10.243358 7.106725
31.162779 -32.715672 0.185056 -23.167494 26.553047 7.276493 6.814014 26.794962 4.363160 0.958893 37.275124 -28.696150 -6.899463 -16.624680 37.259026 15.646358 -2.712662 26.972317 -10.189490 2.927020 27.699255 -26.453312 -1.618031 -0.778088 37.235825 21.907953 10.839853 25.395638 9.000148 5.888291
29.581059 -35.244389 0.231149 -23.130535 26.917183 6.300924 7.354271 25.413610 3.320276 0.791813 36.564529 -29.092260 -5.352324 -18.553381 36.618515 16.406071 -2.137254 25.290833 -12.394552 1.802544 27.182024 -28.983068 -0.158195 -2.271025 37.044769 21.402210 12.232897 24.222012 7.211616 4.329692
28.243055 -37.685783 0.796724 -23.113892 27.070501 4.986665 7.963659 22.759260 1.796891 0.378372 35.734081 -29.233360 -3.577334 -20.769958 35.832081 16.937874 -1.165224 23.631023 -14.835120 0.602261 26.347931 -31.378416 1.617223 -5.074421 35.868153 21.082394 14.195242 22.315086 4.486165 2.664497
26.994673 -39.441319 2.060384 -23.279034 27.385077 3.952878 8.003364 19.901634 0.307491 -0.095248 34.739868 -28.745241 -1.745037 -23.129148 34.707230 17.101370 -0.231707 21.182222 -17.311882 -0.280988 25.543186 -33.479053 4.221769 -7.972942 34.904110 20.144205 16.097601 19.936831 1.733036 0.748320
24.930500 -40.902508 3.240135 -22.849270 28.268784 2.907093 7.648922 16.989687 -1.050916 0.194611 33.074753 -28.692774 0.133869 -25.343067 33.695282 17.893021 0.508831 18.716816 -19.952316 -1.019776 24.416052 -35.360435 6.255318 -9.777539 34.800354 19.353609 17.180801 17.936272 -0.071615 -0.937714
23.052464 -41.730217 4.470310 -22.668055 29.281075 1.818890 7.713898 15.072522 -1.888985 0.213113 31.935226 -28.032013 1.808105 -26.989658 32.876045 18.178648 1.362779 16.513420 -21.887104 -1.574172 23.494818 -35.738865 7.459961 -11.291093 34.260593 18.570095 18.494431 16.370848 -1.215080 -1.919480
21.727377 -42.547169 5.255825 -22.743156 29.720453 1.257777 7.215481 13.475428 -2.895151 0.803403 30.948006 -28.029030 2.765276 -27.887367 32.679535 18.387812 1.960034 15.414651 -23.050068 -1.602279 22.793072 -35.884480 8.066442 -12.381199 33.925838 18.266737 19.353495 15.600607 -2.010266 -2.399544
21.078766 -42.693535 5.354303 -22.548050 29.788689 0.579941 6.965181 12.448824 -3.338215 1.331612 30.535345 -27.774410 2.767950 -28.277111 32.349983 18.292269 2.397065 14.879142 -23.487915 -1.475125 22.408794 -35.619255 8.189184 -12.878240 33.704781 17.940819 19.963255 15.166754 -2.282211 -2.697967
21.045534 -42.707390 5.517489 -22.422161 29.539963 -0.027713 7.142291 11.863547 -3.802038 2.051477 30.723112 -26.758497 3.125553 -28.488787 31.900810 18.045799 2.502011 14.285324 -24.010345 -1.173794 22.693512 -34.993961 8.674031 -13.341105 33.352093 17.554211 20.320963 14.967993 -2.650430 -2.470378
22.217360 -37.033623 9.424180 -22.247246 29.434502 -5.001560 10.032971 10.563789 -5.917885 6.799268 31.906258 -19.360098 7.133687 -29.672325 29.783525 15.808014 4.090068 13.570486 -26.763283 5.359194 24.566898 -27.277445 10.973778 -16.056137 31.634651 14.377768 23.012636 16.093151 -5.030192 1.216441
21.326988 -19.726002 14.623262 -24.997427 28.295126 -12.587692 18.343170 10.646005 -5.884717 14.147187 32.086025 -5.102384 14.728583 -27.575138 29.867371 9.157824 3.459265 10.568906 -27.983818 17.680468 22.323164 -7.881564 11.215829 -19.638586 30.934242 7.986734 27.310732 19.791254 -5.121155 10.606467
19.635054 5.851902 16.030766 -29.697170 19.981632 -16.220858 23.520733 5.453506 -3.426991 26.072004 24.867178 8.038409 15.251029 -20.190025 28.949560 -2.704078 6.857391 4.827419 -21.053394 38.213924 17.686344 14.098810 8.802300 -22.364811 27.628248 -4.043762 28.151945 11.540384 -5.727630 22.966476
16.413195 19.365963 2.974181 -26.704857 9.172186 -22.564522 22.347723 -7.384490 2.961119 35.041367 18.900284 10.914485 6.662443 -13.095868 24.500793 -19.749378 18.654459 -8.731415 -8.772317 39.580219 17.644001 23.732040 1.315110 -15.777900 24.740900 -17.020504 28.279463 -5.507670 3.044622 23.877132
22.593836 14.607757 -8.995192 -23.982336 1.965356 -28.633949 22.904787 -23.025866 0.233058 14.923046 28.888973 3.793105 4.172016 -13.777313 17.068296 -27.194738 31.652304 -20.247959 -5.152070 19.330881 24.578190 15.726348 -3.605153 -10.339149 23.663214 -23.106714 28.433533 -17.858479 6.641728 7.152106
39.241386 -5.329448 -18.844799 -18.906767 -5.504404 -26.575262 21.155668 -31.399137 -5.533273 -8.977090 50.507397 -9.914039 11.050058 -12.041666 8.665410 -22.404146 31.336102 -29.546824 -12.262407 -5.511394 45.164310 -0.290918 -3.740739 -9.561531 14.174266 -20.258532 25.195017 -25.901810 4.950323 -7.999310
45.057510 -18.345694 -21.501368 -15.075067 -7.500710 -23.487936 17.770536 -31.565630 -4.181353 -19.876593 65.678108 -17.684980 8.107939 -10.185767 4.743601 -13.031715 25.448074 -31.729692 -16.253994 -21.242476 55.382504 -11.554408 -2.107217 -8.346501 13.608096 -13.629057 25.038568 -22.889465 1.624820 -23.925116
45.510967 -33.753120 -21.406979 -13.946086 -6.070945 -19.733292 14.825905 -29.949760 -5.261671 -30.497856 70.696953 -32.546333 9.123757 -7.824948 6.316763 -4.310015 19.185938 -29.440441 -17.376842 -33.764137 57.521168 -27.985472 0.870985 -10.448722 13.353854 -8.792675 24.841940 -21.092882 -2.454158 -37.008564
43.931534 -40.017376 -19.787889 -13.664213 -4.723053 -17.378704 11.076324 -30.412748 -5.389739 -34.566975 68.781105 -40.417526 11.202644 -7.692590 8.367722 0.150013 17.527807 -27.288998 -18.655308 -38.087875 56.755836 -33.390415 2.940379 -11.246142 13.811024 -6.210055 24.352905 -21.023012 -4.429314 -42.659718
43.793785 -39.953804 -19.336809 -13.534743 -4.506465 -17.240141 10.313835 -30.804199 -5.423837 -34.529877 68.332764 -39.608021 11.493001 -7.871044 8.356575 0.335348 17.452791 -27.137413 -18.782814 -37.831810 56.289429 -33.065212 3.638617 -11.102845 14.201933 -5.749825 23.772011 -21.039040 -4.551699 -42.477886
44.352974 -39.789810 -19.800596 -13.418681 -4.835398 -17.855360 11.438145 -30.593504 -5.118519 -34.946941 69.212318 -40.801857 11.730254 -7.100808 8.638203 -0.476179 17.741869 -27.590931 -18.304667 -38.471241 57.292439 -33.331215 2.824860 -10.889686 13.950227 -6.512414 24.380968 -20.892599 -4.128194 -42.542938
45.665169 -38.561779 -20.233341 -12.822632 -4.647974 -18.555824 12.245310 -30.408232 -4.390698 -35.340717 70.892059 -38.963245 12.243171 -6.815470 8.234904 -1.621229 17.869104 -27.877743 -17.512486 -38.082554 58.411461 -32.346432 2.866698 -10.485965 13.986467 -7.493193 24.346094 -21.618944 -3.504857 -41.920746
46.577194 -35.880741 -20.884756 -12.915439 -5.033111 -19.607958 13.588900 -30.359974 -3.348127 -35.687202 71.715645 -36.002304 12.014770 -6.100527 8.302281 -3.926213 18.667595 -28.828077 -16.430796 -37.206043 59.416569 -30.609337 2.095981 -8.789177 15.442521 -8.831348 24.445780 -21.317295 -2.335275 -40.592175
48.561668 -32.557549 -21.088749 -12.357286 -5.262206 -20.258904 14.251994 -29.963272 -2.111319 -34.895317 72.574234 -32.973568 11.166577 -5.795368 7.700968 -5.956910 19.985746 -29.404867 -15.464412 -36.547565 59.638950 -27.622816 1.204739 -7.243864 16.498404 -9.555610 23.668688 -20.271751 -0.858400 -37.687614
50.264748 -29.262335 -21.720896 -11.959661 -5.735183 -20.833927 14.731456 -29.173288 -0.308351 -34.173767 73.662148 -29.942438 10.610140 -5.378129 7.023256 -8.083385 21.060276 -29.941757 -14.381708 -35.378174 60.405571 -24.851263 -0.106821 -5.582141 16.603882 -10.516343 23.202574 -20.233162 0.684364 -35.213886
51.262131 -27.588356 -21.468735 -11.567143 -5.477862 -21.261858 14.890424 -28.756212 0.466829 -33.775322 74.311790 -28.254004 10.562335 -5.410697 6.341511 -9.264389 22.274998 -30.375916 -14.205085 -35.212193 60.268276 -23.613464 -0.547782 -4.515664 17.348099 -10.911494 22.852228 -19.506653 1.381200 -34.212589
51.585983 -25.841696 -22.051378 -11.348772 -5.376109 -21.510096 15.042470 -28.093683 1.434182 -33.105675 74.276466 -26.824049 10.414103 -5.456277 6.270964 -9.846147 22.546177 -30.422318 -13.587613 -34.728188 59.824936 -22.217333 -1.601566 -3.970840 17.464428 -11.033547 22.561640 -19.284536 2.057347 -32.834377
51.687397 -25.213324 -22.217461 -11.258029 -5.311079 -21.628599 14.902432 -28.008371 1.682142 -32.846260 74.517159 -26.189077 10.414553 -5.457484 6.264606 -10.146114 22.624086 -30.537004 -13.444080 -34.520489 59.655003 -21.926430 -2.028968 -3.714515 17.774466 -11.432125 22.716782 -19.180403 2.195504 -32.538635
51.762363 -24.928762 -22.263662 -11.232307 -5.284054 -21.625181 14.837152 -27.911280 1.825120 -32.737049 74.553436 -25.989555 10.332078 -5.473210 6.214016 -10.202842 22.577221 -30.636940 -13.412935 -34.435886 59.597500 -22.018675 -2.233378 -3.501196 18.031973 -11.618256 22.747072 -19.015175 2.259235 -32.439278
51.847946 -24.800871 -22.064037 -11.260944 -5.308777 -21.836012 15.128252 -27.982399 1.876785 -32.842831 74.756584 -25.631207 10.523744 -5.447632 6.149749 -10.490928 22.800915 -30.665995 -13.381186 -34.269043 59.699734 -21.945686 -2.237886 -3.265750 18.316347 -11.988586 22.799820 -19.041296 2.392467 -32.497379
51.785004 -22.649721 -22.271742 -11.663455 -5.954597 -23.267317 16.553267 -28.449793 2.593959 -32.674484 75.056808 -23.264826 11.573871 -6.233638 5.898255 -12.129391 24.688963 -31.152885 -14.232236 -33.184345 59.059948 -20.275902 -2.633497 -2.867957 19.016872 -14.010074 23.788584 -19.043785 2.927624 -31.104155
50.952629 -19.051439 -22.881168 -11.984541 -7.226860 -26.765272 19.883360 -30.113419 3.082068 -31.962351 73.580605 -21.236412 13.866214 -8.931774 5.280569 -14.640048 29.034796 -31.066660 -16.006165 -31.740587 57.596661 -18.038214 -3.093172 -2.920415 19.422997 -17.895012 26.085491 -20.027258 3.384567 -29.470812
49.250965 -16.715715 -21.489172 -12.871779 -7.755976 -30.066938 22.918396 -33.549679 2.732634 -32.206646 70.295326 -19.444067 17.003176 -12.333601 4.522305 -16.907391 35.380814 -31.254704 -18.317829 -29.750696 53.730301 -14.871338 -2.889863 -4.239458 18.273624 -20.903074 29.137083 -22.778885 4.494796 -27.924026
43.874523 -13.820305 -19.595659 -14.796091 -7.877291 -32.557774 27.874949 -34.612095 1.045480 -29.161060 65.378044 -17.873383 21.564888 -15.806014 5.273893 -20.446909 41.772930 -28.966669 -19.077496 -26.985411 46.834274 -14.165709 -4.058106 -7.218729 17.968130 -27.459393 34.740238 -24.087130 4.790195 -26.425529
39.758759 -11.239390 -19.375866 -16.438547 -8.965555 -34.302505 30.211966 -35.896564 1.311429 -24.602352 58.276665 -15.782217 23.340279 -19.027260 5.042989 -23.899723 45.279198 -31.183207 -18.679020 -23.515774 42.140633 -11.548029 -5.955599 -10.814538 16.139822 -30.561764 36.595608 -26.148212 6.207096 -22.254658
34.060696 -2.616854 -17.233784 -18.516808 -7.911916 -36.778530 29.857281 -36.183624 3.989550 -18.387671 50.128525 -10.088049 20.293535 -20.113796 4.614135 -27.544573 49.369335 -31.387671 -16.701996 -16.867241 36.450294 -5.847099 -8.469454 -12.966588 13.829961 -31.834608 38.327427 -26.170321 6.882209 -14.801978
26.811003 3.007127 -21.172985 -17.078592 0.823029 -46.265423 33.283276 -23.867699 9.394874 -13.297174 42.919933 1.499405 11.734759 -25.730604 8.114766 -36.350330 54.317116 -17.573311 -13.152293 -11.442819 29.005878 -4.110106 -9.100514 -6.635831 15.333476 -30.252821 44.772797 -23.141035 11.739923 -1.923108
28.392393 6.493390 -26.622498 -20.904125 -2.940586 -42.427311 36.105007 -7.584461 14.766634 -5.290329 43.449162 7.014798 1.189907 -23.650291 5.465615 -35.189110 49.728714 -7.286218 -9.175190 0.320519 26.031134 -6.094469 -15.682196 -5.480307 12.601204 -28.643057 44.361927 -16.346560 13.248761 6.977947
34.847893 8.261171 -28.225201 -20.886435 -3.210562 -36.886806 33.442215 1.460327 14.742541 -0.099659 49.274570 12.670906 -6.149840 -21.466518 2.822457 -32.935108 42.841427 -2.845168 -6.848455 7.743339 31.290499 -4.744658 -18.942459 -7.516353 6.480914 -23.094158 43.846466 -12.371825 13.158826 14.759518
41.881927 3.271492 -25.343393 -21.644232 -1.590139 -29.003460 29.018829 9.646278 10.264413 1.564171 56.159683 13.684122 -11.388704 -22.995583 -2.677027 -17.153990 28.139301 0.404791 -15.125243 13.747346 34.871204 -6.821714 -17.964527 -14.411720 0.404008 -10.840677 42.549633 -4.834183 8.147764 16.279224
47.283104 -17.740963 -23.431305 -20.421583 -0.977031 -19.719028 18.771290 8.866355 -1.456524 -0.394443 60.548893 -3.011474 -13.403623 -26.982357 -3.376925 0.234529 20.482431 3.097025 -25.619007 8.717890 45.101246 -24.129255 -12.571842 -18.859392 -2.049962 3.207043 37.219193 -0.760821 -0.548621 6.822803
44.476051 -30.272110 -28.062071 -17.828344 1.531296 -10.589093 6.954498 6.656616 -3.385161 4.210471 62.437775 -19.433716 -22.673695 -22.689756 0.940078 8.616340 10.931022 2.277811 -24.158535 -1.188145 48.204041 -34.561855 -15.825052 -10.877201 1.793496 14.507478 22.619400 0.283082 1.791165 3.732127
38.736912 -31.738743 -33.749058 -13.047977 5.806126 -6.598598 -4.028763 1.581005 -1.431432 12.763673 53.427578 -22.071192 -37.223644 -18.435579 5.098770 8.271267 4.206692 4.587526 -12.253819 -1.553016 42.370068 -32.415897 -26.189180 -5.279448 4.513371 19.919060 12.004319 0.710076 9.791717 8.921086
29.257404 -25.577524 -40.885521 -10.923373 7.313558 -4.544291 -10.659510 1.631179 6.422345 17.883572 43.972527 -23.158039 -48.921917 -14.565213 7.837042 2.329955 3.538929 1.404144 -4.667795 0.159503 35.054947 -28.946058 -33.261681 -2.343250 6.051715 19.994387 6.185379 -2.903579 14.891870 12.913550
22.069752 -21.256828 -49.492847 -13.849292 4.678954 -2.425558 -15.370585 -0.264383 8.673999 20.857355 36.138096 -21.489779 -54.744946 -13.082282 8.048384 -3.595524 6.356944 -1.894733 1.300504 2.992019 26.389227 -22.149061 -37.422661 -4.778059 3.581815 20.876471 2.667280 -8.338796 15.622441 20.434994
14.328839 -14.318020 -51.400372 -16.180876 5.063343 -3.735680 -14.776213 0.830688 9.461206 30.161552 26.740278 -15.552357 -59.440090 -13.076011 9.720576 -9.575968 8.185671 -2.824605 6.537494 11.246163 17.100754 -16.020819 -42.233078 -8.753158 -0.010835 18.215885 3.917969 -11.907489 16.969715 28.918606
9.139181 -5.213470 -47.213013 -17.115490 8.227222 -6.092579 -12.633122 0.712682 9.376903 36.276676 18.007206 -10.496050 -59.222301 -13.823148 12.112511 -13.909568 10.459345 -3.175003 7.313487 19.377377 11.801060 -8.598382 -43.256630 -9.440342 1.675508 13.171025 7.937325 -13.000726 18.079174 32.878281
6.154427 -0.215773 -44.562279 -16.558449 11.485203 -7.856355 -10.788333 0.448857 10.471764 38.800652 11.532838 -8.102473 -57.619778 -15.090416 13.988856 -16.057211 11.886538 -3.374964 6.995472 24.170046 7.253978 -4.334921 -43.000229 -9.416998 4.466043 10.296539 9.453396 -13.831713 19.341091 34.443554
4.532562 1.775211 -43.307442 -16.693226 12.926444 -8.645961 -9.911985 0.001845 11.043749 39.197304 8.717108 -6.324761 -56.345715 -16.227880 14.589522 -16.568138 12.463489 -4.205991 6.592341 25.320564 4.782198 -2.262193 -42.358517 -9.486859 6.159820 8.367455 10.438364 -14.148829 19.990126 35.172382
