-0.757748 8.345517 -31.863237 -5.330827 20.037729 16.242235 -2.185266 -12.297817 16.682840 43.334106 -4.808582 -4.262771 -48.516785 -27.037544 10.735359 -15.674574 0.203767 -1.856885 16.207029 30.948887 -6.545819 -0.150829 -34.738445 -10.337898 12.808144 3.508507 1.915662 -9.052353 34.688717 36.966137
-0.153039 7.409301 -33.007507 -4.900145 19.476347 16.648052 -2.805403 -12.267340 16.937641 42.939857 -3.736239 -5.106385 -49.766106 -26.480951 10.012614 -15.524270 -0.187919 -2.370007 16.375740 30.230206 -5.680362 -0.943293 -35.495132 -10.138545 12.032938 4.285213 1.211237 -9.438123 34.834148 36.382908
1.188265 5.799205 -34.927307 -4.345862 18.241541 17.294020 -3.777062 -12.260135 17.236834 41.701378 -1.492637 -6.942367 -51.957783 -25.508589 8.575236 -15.261668 -0.834399 -3.045085 16.797623 28.772758 -3.985960 -2.415057 -36.594856 -9.893487 10.518086 5.832375 -0.155641 -9.686518 34.884850 35.972260
3.340297 3.780697 -37.329250 -3.990950 16.246786 17.781555 -4.529623 -12.616180 17.364578 39.132690 1.241035 -9.231330 -53.876507 -24.607494 6.904385 -15.004742 -1.291298 -3.654352 17.287668 26.443846 -1.822704 -4.842290 -37.179485 -10.032821 8.707727 7.857875 -1.479632 -10.320823 34.216530 34.444637
5.389583 0.953058 -40.368633 -3.832353 13.901955 18.163052 -5.201684 -13.305628 17.797600 35.845451 4.847750 -11.195130 -55.414532 -24.868298 4.175670 -14.132956 -1.545545 -4.803011 17.484068 22.378345 0.687588 -8.233112 -37.751179 -11.040528 6.037635 9.302383 -2.389884 -11.452289 33.474075 32.658813
7.400154 -1.273407 -42.704514 -3.516504 12.067082 17.128769 -4.341075 -14.433059 18.470362 31.960773 8.516060 -12.626193 -55.663700 -25.270864 2.179400 -13.336509 -1.966189 -5.941250 17.713835 18.448460 3.826964 -11.592582 -37.158539 -12.305613 3.467432 9.956902 -2.529143 -12.712018 32.270687 30.243706
8.880272 -3.770075 -43.512142 -3.098351 11.118200 16.373466 -3.382961 -15.358704 18.691143 28.268213 11.433576 -13.784993 -54.167141 -26.017670 0.696944 -12.679760 -2.605670 -6.395564 17.941536 15.017302 6.660593 -14.382871 -36.287498 -13.088254 1.611017 10.659321 -3.026079 -13.256363 31.901810 27.625343
9.983698 -5.772403 -43.898323 -2.981241 10.384610 15.654315 -2.542915 -16.361769 18.534679 25.407530 13.952776 -14.503996 -53.009453 -26.481983 -0.186928 -12.274091 -2.421438 -7.020602 17.564503 12.279136 9.153220 -16.127493 -35.000027 -13.216616 1.020158 10.815933 -3.061283 -13.552958 31.435452 25.561537
11.277821 -7.017056 -43.822395 -2.821827 9.918900 15.141529 -2.067276 -17.093002 18.302748 23.299551 15.588196 -14.942245 -52.023842 -26.927031 -0.765732 -11.762140 -2.458978 -7.468339 17.094276 10.398715 11.167811 -17.124428 -33.799847 -13.145981 0.814893 11.133919 -3.339747 -13.604445 31.205215 23.816513
11.718567 -7.412164 -43.864960 -2.888156 9.598989 14.877791 -1.858814 -17.562181 18.112181 22.480333 16.477427 -15.081331 -51.375637 -27.169308 -1.237184 -11.660801 -2.338526 -7.777122 16.751587 9.570919 12.333913 -17.685785 -33.081596 -13.288518 0.465962 11.166557 -3.299644 -13.735372 30.897257 23.054956
11.357137 -7.295619 -43.500347 -2.909804 10.130482 15.104645 -2.163641 -17.360723 18.506090 22.239412 16.035963 -14.974527 -51.309532 -27.329685 -0.791195 -11.233502 -2.490686 -7.661451 16.722795 9.346135 11.875036 -17.198906 -32.941715 -13.053471 1.183543 11.311309 -3.420741 -13.524183 31.068066 22.896029
8.399613 -3.880036 -42.077484 -2.794368 13.694715 15.886303 -3.266501 -16.197752 21.826128 22.013773 10.270385 -13.309633 -51.981400 -28.029373 2.387494 -9.630134 -2.869752 -8.709685 15.475593 9.910358 8.081987 -12.815192 -33.062698 -12.512174 4.817493 12.196253 -3.057822 -13.826491 31.678455 21.984850
0.690261 -0.921051 -40.188324 -2.478269 18.666824 14.169761 -0.382547 -16.348808 25.248539 22.628910 3.239711 -7.478367 -48.775402 -32.058727 3.999569 -10.023562 0.046143 -11.132328 13.534055 11.489395 -0.981070 -10.375231 -32.850479 -16.506632 6.661625 8.978599 2.040801 -16.552691 30.635199 21.425995
-7.893476 1.370656 -39.910122 -7.994644 18.432898 13.229534 1.696290 -18.486912 24.811691 20.877508 -2.717066 2.084149 -46.213535 -33.524265 8.024952 -10.420420 1.150383 -12.198771 16.129467 8.906154 -11.212708 -11.075540 -31.974409 -20.841801 7.945880 5.715863 5.821254 -20.757620 28.888441 20.059961
-11.586667 5.733030 -34.435726 -16.471407 14.959578 11.099277 1.025832 -24.213398 22.092058 15.972589 -6.075331 10.867639 -39.236027 -32.765961 14.850409 -9.767754 0.518027 -15.979572 16.335779 3.774003 -15.178988 -4.102301 -27.897026 -21.437338 13.300466 6.073681 8.284925 -23.350534 29.581224 11.323405
-14.192576 5.634928 -28.441790 -22.414917 14.196589 9.316427 1.549614 -28.596880 19.947222 9.243812 -8.092769 11.203291 -32.815567 -34.583248 18.391640 -7.899831 1.142786 -20.586838 11.784115 -2.334476 -14.112833 -1.714128 -22.444735 -23.306242 15.380450 7.246438 10.319074 -26.087288 26.579363 4.308394
-15.804544 2.034124 -23.963964 -23.790974 14.159597 6.213040 2.583948 -33.690765 17.195007 5.735693 -8.480725 6.008929 -27.121735 -35.236847 18.202093 -8.823598 2.216261 -24.235405 9.547605 -7.505982 -14.790963 -3.064026 -15.267962 -26.707207 15.172392 9.073899 9.359215 -29.787294 20.965256 3.027319
-13.222634 -0.181897 -19.705751 -25.766685 10.060281 0.906034 -0.734536 -37.101589 18.491753 6.232698 -5.534220 3.806418 -21.904842 -38.788635 13.404282 -11.585102 1.450248 -25.425007 11.155570 -9.747529 -13.417650 -2.148355 -9.905650 -32.260628 9.332783 11.351114 5.760697 -30.005922 20.756472 7.119828
-10.507729 -2.473037 -15.013011 -27.336615 7.618890 -1.853575 -4.086321 -40.020550 17.882847 5.602920 -1.256009 4.114593 -18.430601 -41.343666 9.869285 -11.770856 -1.242082 -27.591280 11.806385 -12.896474 -10.196682 0.349532 -6.161075 -36.137123 4.460765 14.321491 3.247862 -29.765196 21.124071 8.532477
-8.541750 -3.522737 -12.236174 -27.447063 7.173538 -2.788321 -6.812037 -40.872059 18.414635 4.995563 0.576695 3.937566 -16.599436 -42.328358 8.121807 -10.498219 -4.675441 -27.758488 12.360782 -14.290725 -8.520121 0.354615 -2.804714 -37.191322 3.683835 15.180472 1.429321 -29.305853 22.176060 7.436916
-8.243735 -3.450444 -11.533552 -27.468832 7.211739 -2.971098 -7.196623 -41.019794 18.461096 4.952010 0.772476 4.026103 -16.231583 -42.504044 7.806361 -10.346192 -5.411658 -27.794813 12.470540 -14.193848 -8.266647 0.393194 -2.256876 -37.214676 3.664130 15.420948 1.018676 -29.201311 22.286140 7.474580
-8.166004 -3.794017 -10.907914 -27.358566 7.574259 -2.977043 -7.758582 -41.603817 18.493700 4.255692 0.708979 3.760749 -15.793650 -42.471455 7.875684 -10.106808 -6.041803 -28.488373 12.393130 -14.654115 -8.422215 0.231632 -1.634300 -37.322357 3.945951 15.717835 0.666238 -29.599903 22.082922 7.240489
-8.671373 -4.216146 -9.764576 -27.341932 8.184737 -3.083770 -8.809841 -42.452896 18.965965 3.484459 0.198360 3.238140 -14.591390 -42.198261 8.293013 -9.823256 -7.430005 -29.224207 12.364015 -15.134394 -9.020400 0.002655 -0.165872 -37.596394 4.750757 16.140165 -0.226709 -30.156736 22.187222 6.097148
-9.903037 -4.773020 -8.553165 -27.508808 9.112978 -2.705176 -9.929537 -43.153271 19.601326 2.087636 -0.793588 2.679336 -12.620404 -41.973251 9.516674 -9.065241 -9.475734 -30.007757 11.989318 -15.565764 -9.962975 -0.895050 1.810729 -37.449238 6.282909 16.126242 -1.214993 -30.714655 22.033344 4.493790
-10.862152 -6.036047 -7.411566 -27.275545 9.771375 -2.099657 -12.218540 -44.177746 20.695503 0.069150 -2.449295 1.092705 -11.014311 -41.784019 10.797795 -8.021552 -12.258823 -30.783211 12.391553 -16.293564 -11.017216 -3.638935 4.113371 -37.975826 7.165683 16.584225 -3.389565 -31.308048 22.570095 2.413087
-12.454843 -9.337582 -6.431311 -26.922056 11.242071 -1.194477 -14.205552 -44.678879 22.521616 -3.054994 -3.960506 -0.658066 -8.248669 -41.936493 12.788420 -7.146378 -15.332547 -30.783060 13.997553 -18.165363 -12.306087 -6.929239 5.663172 -38.436733 8.229071 17.229399 -6.215194 -31.756088 24.126850 -0.332115
-13.037098 -12.790853 -6.075747 -26.461409 12.677165 0.278861 -16.828978 -45.143230 24.190617 -6.258157 -4.193851 -3.270594 -5.089475 -41.423000 15.561424 -6.485127 -18.335251 -30.897070 15.876118 -21.120146 -13.904194 -9.773609 7.662575 -38.573860 9.687962 17.540535 -9.308023 -32.166336 26.355684 -2.720905
-13.017685 -15.608477 -4.427960 -26.127211 14.004122 1.281633 -18.786234 -44.491211 26.043789 -9.631802 -4.478765 -4.718819 -1.603202 -40.756599 18.657568 -5.856240 -21.389095 -29.902617 17.968311 -23.524179 -13.628762 -11.547200 10.848589 -39.315353 10.268882 18.628628 -11.544997 -32.092705 27.775387 -6.477106
-12.046909 -19.552219 -1.854187 -25.558378 15.417726 1.678136 -21.589977 -43.871082 28.739130 -13.389729 -4.269700 -5.896933 2.358934 -39.876228 20.590103 -5.580332 -24.626846 -29.963169 18.992830 -26.095491 -11.822210 -13.658302 16.496128 -40.672787 10.058784 19.734367 -14.523831 -32.810371 27.907293 -10.071883
-11.539474 -21.477528 -0.313783 -24.914303 16.541996 1.928945 -22.342276 -43.408298 30.359402 -16.851986 -4.191068 -6.759757 4.972490 -39.395794 21.932293 -5.371864 -26.446407 -30.425728 19.226936 -27.899263 -11.025510 -14.572779 19.626274 -41.429050 9.957784 20.398418 -15.768825 -33.330002 27.204960 -11.879017
-11.410704 -21.650101 -0.064187 -24.761621 16.811005 2.019125 -22.343332 -43.314346 30.495066 -17.408022 -4.139313 -6.922732 5.253947 -39.274960 22.064800 -5.354628 -26.739981 -30.515406 19.251991 -28.125790 -10.846513 -14.698501 20.117294 -41.467686 9.976212 20.433176 -16.059803 -33.422436 27.149649 -12.097057
-11.418900 -21.667952 -0.059721 -24.760019 16.813219 2.012188 -22.345259 -43.323704 30.497290 -17.403656 -4.137412 -6.921684 5.257244 -39.276226 22.061092 -5.354853 -26.745237 -30.521143 19.249733 -28.128267 -10.845162 -14.695978 20.117981 -41.465744 9.978446 20.432516 -16.063391 -33.427254 27.147514 -12.094373
-11.418900 -21.667952 -0.059721 -24.760019 16.813219 2.012188 -22.345259 -43.323704 30.497290 -17.403656 -4.137412 -6.921684 5.257244 -39.276226 22.061092 -5.354853 -26.745237 -30.521143 19.249733 -28.128267 -10.845162 -14.695978 20.117981 -41.465744 9.978446 20.432516 -16.063391 -33.427254 27.147514 -12.094373
-11.419689 -21.668451 -0.058672 -24.760435 16.811909 2.014224 -22.344351 -43.324940 30.498571 -17.403521 -4.139019 -6.919472 5.255844 -39.277546 22.059479 -5.355563 -26.744886 -30.523155 19.251118 -28.128233 -10.845407 -14.695336 20.118998 -41.465237 9.978166 20.433453 -16.062841 -33.428318 27.148817 -12.093510
-11.415403 -21.655737 -0.064547 -24.760008 16.812469 2.018868 -22.338690 -43.320084 30.495790 -17.408434 -4.141640 -6.919099 5.253846 -39.276508 22.063911 -5.356649 -26.737762 -30.518892 19.251757 -28.128727 -10.845161 -14.696757 20.119167 -41.462791 9.981471 20.432503 -16.061382 -33.429893 27.149210 -12.096303
-11.412961 -21.653290 -0.063963 -24.761215 16.811230 2.019388 -22.342321 -43.319946 30.496580 -17.409328 -4.141138 -6.920338 5.252098 -39.274086 22.062706 -5.357154 -26.741596 -30.520018 19.251350 -28.126902 -10.847800 -14.694530 20.113899 -41.464413 9.979708 20.437225 -16.060854 -33.426231 27.151882 -12.094329
-11.411366 -21.647070 -0.064357 -24.762901 16.810760 2.023186 -22.339636 -43.318752 30.494261 -17.414488 -4.140970 -6.920738 5.249674 -39.272465 22.062397 -5.357993 -26.736774 -30.516966 19.252390 -28.127825 -10.848277 -14.694973 20.111919 -41.464382 9.977712 20.436249 -16.059427 -33.425388 27.152769 -12.093814
-6.261595 -15.600604 -0.595271 -23.432629 19.104305 5.179090 -22.133665 -41.610195 28.188509 -23.180632 -3.564137 -11.685498 15.369866 -43.765255 17.226109 -13.735985 -31.891136 -25.263664 31.146015 -21.811279 -10.428747 -21.061979 26.837395 -45.232677 7.969325 10.674840 -20.164463 -28.660810 40.791050 -9.033968
-6.261595 -15.600604 -0.595271 -23.432629 19.104305 5.179090 -22.133665 -41.610195 28.188509 -23.180632 -3.564137 -11.685498 15.369866 -43.765255 17.226109 -13.735985 -31.891136 -25.263664 31.146015 -21.811279 -10.428747 -21.061979 26.837395 -45.232677 7.969325 10.674840 -20.164463 -28.660810 40.791050 -9.033968
-6.261595 -15.600604 -0.595271 -23.432629 19.104305 5.179090 -22.133665 -41.610195 28.188509 -23.180632 -3.564137 -11.685498 15.369866 -43.765255 17.226109 -13.735985 -31.891136 -25.263664 31.146015 -21.811279 -10.428747 -21.061979 26.837395 -45.232677 7.969325 10.674840 -20.164463 -28.660810 40.791050 -9.033968
-6.999548 -16.335997 -0.929664 -23.783331 18.432104 5.753863 -21.183844 -42.563587 27.749273 -22.916906 -5.634276 -13.156758 12.481425 -45.677364 15.508959 -11.149694 -31.929108 -27.638468 26.406437 -21.038734 -11.254201 -22.312572 26.360052 -44.393559 8.703005 10.703776 -20.801859 -29.355789 39.188137 -8.021667
-6.927134 -16.206417 -0.878231 -23.880657 18.376747 5.831491 -21.176094 -42.645889 27.633995 -22.949778 -5.594441 -13.137339 12.519842 -45.633259 15.542900 -11.233006 -31.939875 -27.737074 26.355742 -21.062235 -11.200827 -22.261930 26.526888 -44.266872 8.872297 10.667106 -20.703648 -29.553679 39.145359 -8.001461
-6.918257 -16.203516 -0.853008 -23.886215 18.366991 5.839802 -21.176662 -42.664383 27.627085 -22.940338 -5.595586 -13.141388 12.514837 -45.638542 15.546002 -11.246540 -31.955017 -27.728224 26.353720 -21.052237 -11.191836 -22.266634 26.537527 -44.266678 8.865370 10.671857 -20.698748 -29.557487 39.159649 -7.999901
-6.924381 -16.206509 -0.846200 -23.889696 18.368074 5.832341 -21.180038 -42.659786 27.638409 -22.937599 -5.593609 -13.143408 12.514310 -45.628323 15.552091 -11.244256 -31.953396 -27.732349 26.344511 -21.053698 -11.192567 -22.258331 26.534300 -44.270775 8.860572 10.676578 -20.690968 -29.554831 39.157459 -8.009300
-6.924722 -16.201366 -0.844101 -23.861698 18.380680 5.834402 -21.165773 -42.648212 27.689753 -22.933548 -5.591995 -13.144927 12.512963 -45.614754 15.550556 -11.242669 -31.976416 -27.748566 26.336998 -21.038740 -11.195316 -22.244381 26.522356 -44.277988 8.850558 10.686440 -20.678320 -29.547831 39.185272 -8.029637
-6.924727 -16.201283 -0.857671 -23.863230 18.382280 5.837260 -21.166395 -42.646942 27.671326 -22.932308 -5.602422 -13.139892 12.508977 -45.633865 15.550116 -11.248708 -31.953861 -27.730288 26.352028 -21.051550 -11.193570 -22.237074 26.524700 -44.279346 8.852058 10.686650 -20.689507 -29.545624 39.182228 -8.022115
-6.924605 -16.205015 -0.857530 -23.860426 18.383898 5.839256 -21.165152 -42.644066 27.676329 -22.934385 -5.600166 -13.138648 12.510632 -45.631481 15.552008 -11.247457 -31.952845 -27.729364 26.350954 -21.052967 -11.190515 -22.236271 26.526482 -44.277393 8.851630 10.689100 -20.685057 -29.547455 39.182575 -8.025830
-6.923341 -16.198488 -0.846511 -23.859291 18.379635 5.833977 -21.171391 -42.648945 27.690784 -22.930149 -5.593975 -13.134933 12.512981 -45.621380 15.550504 -11.236502 -31.971006 -27.738640 26.347401 -21.041960 -11.189543 -22.232599 26.522873 -44.281551 8.845713 10.687055 -20.678473 -29.550074 39.186153 -8.034311
-6.924970 -16.199202 -0.850908 -23.856413 18.383314 5.831056 -21.173105 -42.646214 27.692213 -22.930712 -5.597100 -13.140678 12.512294 -45.620739 15.550566 -11.244334 -31.971012 -27.745321 26.341154 -21.040239 -11.188910 -22.231173 26.521400 -44.284142 8.845010 10.685715 -20.679014 -29.549774 39.184513 -8.037332
-6.924479 -16.200920 -0.848457 -23.869555 18.375650 5.828402 -21.173399 -42.651913 27.675512 -22.929897 -5.598863 -13.133882 12.504310 -45.627304 15.550137 -11.238509 -31.964802 -27.733829 26.348066 -21.045551 -11.190199 -22.239126 26.522280 -44.277485 8.849968 10.684419 -20.679800 -29.551266 39.180004 -8.028157
