33.552696 -32.185894 8.577757 -20.454617 17.414791 19.519878 11.589460 19.107891 15.852797 7.242329 37.905727 -30.031986 0.988731 -6.340410 33.135933 28.890942 6.204299 22.806942 6.421823 9.383725 29.146839 -22.472151 -8.260144 -11.439812 34.622555 8.357119 -5.983232 35.234035 6.958828 3.603664
33.404144 -32.578735 8.706807 -20.575899 17.388081 19.475161 11.684315 18.903778 15.590849 7.199091 37.889423 -30.160456 1.185820 -6.634664 33.014645 29.182713 6.166840 22.624325 6.081276 9.282747 29.011980 -22.814323 -8.003506 -11.788283 34.572224 8.389681 -5.829284 35.141720 6.617442 3.412203
32.954319 -33.027786 8.877140 -20.741718 17.416510 19.414974 11.792868 18.554495 15.185431 7.273444 37.685741 -30.319094 1.539258 -6.992733 32.923595 29.576118 6.083817 22.250069 5.571109 9.232385 28.674191 -23.148045 -7.711045 -12.253821 34.576771 8.430898 -5.643297 34.995419 6.209510 3.161853
32.599327 -33.812046 9.094593 -20.857792 17.485958 19.264189 11.927715 18.026979 14.753497 6.964148 37.353683 -30.293234 1.950763 -7.535820 32.717224 30.107674 5.968259 21.743979 4.968141 9.172963 28.419697 -23.759514 -7.216432 -12.806546 34.601280 8.414042 -5.278664 34.787216 5.713294 2.658367
31.947428 -34.462463 9.087549 -20.985416 17.463507 18.876942 11.987100 17.098679 14.148617 6.680790 36.894379 -30.543890 2.488683 -8.059948 32.604080 30.499031 5.790015 20.875751 4.194915 9.008986 28.258942 -24.433161 -6.443922 -13.600478 34.543976 8.318980 -4.869372 34.206463 4.981712 1.804867
31.048393 -35.812878 9.157598 -21.162611 17.543840 18.467999 12.313360 16.368446 13.499947 6.421701 36.397842 -30.904297 3.261495 -8.788468 32.374073 30.988346 5.864401 19.922064 3.164963 8.733648 28.019596 -25.556879 -5.654880 -14.355654 34.548420 8.116927 -4.236602 33.758305 4.207157 0.942585
30.354757 -37.259228 9.171278 -21.156181 17.644072 18.023472 12.396266 15.472733 12.765479 6.310691 35.951351 -31.217709 4.081213 -9.792480 32.019386 31.497253 6.129640 18.831161 1.932023 8.172316 27.718092 -26.796970 -5.130748 -15.272555 34.230122 7.904071 -3.517712 33.117405 3.346634 0.070635
29.598087 -38.584373 9.276431 -21.258329 17.452866 17.408388 12.654467 14.047915 11.891999 6.190733 35.361172 -31.432741 4.680825 -10.741590 31.683529 31.948517 6.530609 17.998898 0.926254 7.606605 27.278599 -27.994810 -4.625113 -16.552088 33.549881 7.838385 -2.685399 32.344498 2.220288 -0.689994
28.903961 -39.767082 9.689796 -21.303799 17.587076 16.709574 12.990253 12.543894 10.962886 5.923562 34.804096 -31.648752 5.609966 -11.945318 31.307693 32.206924 7.059929 17.030539 -0.398702 6.961317 26.881042 -29.106335 -3.604833 -18.215631 32.949360 7.571948 -1.603884 31.321030 0.712992 -1.787326
28.024094 -40.597595 10.166216 -21.287247 17.807482 16.334776 12.911119 11.215054 10.369581 6.126965 34.092117 -31.644899 6.275301 -13.034640 30.830873 32.422165 7.416544 15.717205 -1.391249 6.373905 26.354977 -30.060877 -2.682415 -19.570021 32.606052 7.127915 -0.722132 30.444937 -0.434661 -2.793315
27.664106 -41.387524 11.017237 -21.365171 17.708330 15.589022 13.121151 9.376191 9.670566 5.701042 33.698280 -31.181549 7.415896 -14.180720 30.180155 32.673573 7.904070 14.461363 -2.724653 6.178919 26.136404 -30.908815 -1.209132 -21.132694 31.982985 6.680768 0.431432 29.125973 -1.941876 -3.964526
26.697102 -41.964336 11.714175 -21.127483 18.001892 15.052229 13.144454 7.769970 9.150959 5.987299 32.771080 -31.049294 8.142406 -15.088102 29.664221 32.956657 8.141872 13.264876 -3.841783 6.205090 25.692486 -31.829338 -0.349849 -22.129005 31.697208 6.229635 1.084917 28.150398 -3.011369 -4.691266
25.636106 -42.559860 12.328030 -21.041685 18.283360 14.676758 12.864550 6.295449 8.605971 6.133364 32.048038 -31.131077 9.305994 -16.137787 29.205112 33.526123 8.562274 11.905836 -5.256917 5.717657 25.008318 -32.449188 0.728032 -22.876467 31.848192 5.841809 1.565393 27.106924 -3.679148 -5.664793
24.588024 -42.908409 12.972650 -20.937029 18.714487 14.073643 12.950396 5.102405 8.237562 6.158054 31.451101 -30.841049 10.467324 -17.029736 28.799351 33.777401 9.075922 10.663053 -6.360742 5.427639 24.453203 -32.610569 1.767294 -23.712769 31.823872 5.246299 2.353660 26.271780 -4.424603 -6.194892
23.691860 -43.253727 13.517667 -20.984966 19.016176 13.627844 12.969733 4.063199 7.856231 6.153267 31.063997 -30.565147 11.244431 -17.521421 28.633432 33.894627 9.429801 9.747623 -7.065159 5.187269 24.144711 -32.736275 2.094625 -24.404388 31.369225 4.977664 2.632498 25.479822 -4.975776 -6.526460
22.771456 -43.673454 13.961148 -21.104853 19.300205 13.332899 12.790334 3.197369 7.360488 6.504187 30.555725 -30.492649 11.805773 -17.972322 28.597971 34.029953 9.764484 9.239989 -7.643085 5.123040 23.725634 -32.829029 2.322819 -25.056730 31.129562 4.654189 3.104714 25.010132 -5.373137 -6.803786
22.391796 -43.960930 14.420083 -21.087776 19.438236 13.090714 12.508295 2.418199 6.911709 6.780679 30.106390 -30.407284 12.146122 -18.364651 28.443848 34.075474 9.985131 8.658282 -8.120226 5.107470 23.448917 -32.938339 2.569022 -25.594521 30.909452 4.419882 3.477626 24.656179 -5.711428 -6.953240
22.025160 -44.051109 14.528625 -20.925161 19.535217 12.739694 12.283943 1.777605 6.662845 7.068255 29.908186 -30.210262 12.149179 -18.671059 28.198448 34.138332 10.162849 8.352126 -8.490140 5.103487 23.170891 -32.844677 2.620310 -25.939808 30.678844 4.195142 3.768862 24.435463 -5.848837 -6.920802
21.766068 -44.038025 14.606168 -20.898214 19.520716 12.443569 12.276762 1.386868 6.494617 7.298690 29.692724 -29.962624 12.047412 -18.797281 28.055172 34.002445 10.315975 8.066443 -8.592002 5.177765 23.016012 -32.747334 2.776302 -26.163267 30.602810 3.944422 4.056690 24.230562 -5.904722 -7.065876
21.531380 -44.047977 14.592905 -20.900387 19.534288 12.376323 12.214785 1.206697 6.450281 7.458797 29.603874 -29.886963 12.098890 -18.890886 28.009279 33.978176 10.339552 7.928932 -8.675398 5.155071 22.923117 -32.730038 2.770760 -26.279625 30.531694 3.927596 4.065200 24.139542 -5.909313 -7.105505
21.824305 -43.967335 14.856997 -20.724201 19.352968 11.811865 12.328421 0.759275 6.008361 7.954346 29.918192 -28.880030 12.397552 -19.029045 27.669312 33.681435 10.385162 7.544034 -9.134830 5.377863 23.253309 -32.134800 3.317995 -26.570122 30.260437 3.584244 4.431790 23.994810 -6.281913 -6.695124
21.861599 -42.980564 16.218830 -19.994453 19.738314 9.520836 13.560130 0.250235 5.165019 10.055631 30.681320 -25.730078 13.309632 -19.670364 26.606274 32.688335 10.506373 7.432077 -10.478691 7.168536 24.290644 -29.984276 4.706888 -27.364336 29.220985 2.681894 5.482485 23.739719 -7.240804 -5.183031
22.454027 -38.900959 17.932514 -19.723366 20.352942 5.541269 15.621579 -0.102273 4.019978 12.323980 31.188581 -20.357683 15.581542 -21.179651 25.649231 29.990973 11.969686 7.794594 -12.152768 10.836611 24.781332 -25.232908 6.481561 -28.521673 28.231558 1.044090 7.609466 24.276180 -7.787229 -1.880545
22.381199 -31.745073 19.132473 -20.042646 21.513371 0.344044 18.922438 1.044611 3.089933 15.764621 32.229149 -14.321711 18.547136 -21.810215 25.634615 26.680054 11.912454 7.931040 -13.618822 15.209588 23.847607 -17.672791 7.375183 -29.614861 27.442856 -0.828852 10.592271 25.439785 -7.529972 3.496847
22.125164 -22.436657 21.248604 -21.214966 23.064877 -5.039485 22.354918 2.549877 3.014971 17.941628 32.414085 -5.278591 22.585648 -21.216648 26.509960 21.242809 11.718326 8.066902 -14.291074 20.920641 21.427755 -9.145956 9.480126 -30.894531 26.197245 -3.540946 14.083031 25.092642 -7.952658 12.030128
20.569498 -11.256775 22.829575 -21.036314 24.020184 -11.412187 25.547575 1.567412 4.232511 22.425226 31.182676 5.809846 23.247778 -19.395721 28.438143 13.209167 11.039286 8.266581 -12.040359 27.158037 17.399721 -0.405282 10.722513 -30.379416 24.607651 -7.163189 15.628828 21.236383 -7.633971 23.717892
18.674604 -0.448999 18.946012 -20.340120 21.536612 -15.545923 25.777210 -1.093492 5.388802 28.662003 27.508223 13.103072 20.788198 -18.262177 27.996002 2.368174 14.004547 4.612059 -9.660728 32.312233 14.227788 6.300521 11.219681 -28.355038 23.452866 -11.847418 17.101252 13.735334 -4.948765 32.481739
16.835291 8.011189 12.745876 -17.269773 19.890553 -19.579199 24.465284 -3.255028 7.823874 38.446671 22.804539 15.856499 16.350113 -14.017869 28.215942 -7.450301 18.327641 0.439258 -3.611753 35.938133 13.580255 11.535958 9.412472 -23.514372 23.533857 -19.344511 18.236990 5.166913 -0.376128 37.213360
13.523117 10.892173 3.654209 -15.217324 14.839447 -24.753700 23.695702 -10.689373 11.387754 38.190491 20.855078 16.557705 11.748881 -12.787076 25.792200 -15.176599 26.476698 -4.225887 2.491181 32.082291 14.416093 13.260722 5.169136 -18.764532 23.044924 -25.205750 16.696806 -2.518796 5.535443 35.910610
16.441833 8.616763 -2.892509 -12.786145 10.778711 -28.081537 21.839104 -17.705301 13.722561 30.223167 23.884836 13.645945 9.154535 -12.950237 21.645609 -19.444822 32.829918 -10.317446 4.609606 24.430159 15.916633 8.906660 0.705018 -13.789592 25.051477 -29.959915 15.193861 -7.690961 8.784640 30.072392
19.689123 4.977169 -8.468917 -10.760400 8.385124 -31.592569 24.604450 -26.640633 10.637263 19.540571 30.613045 8.303956 9.947956 -13.352739 17.554955 -21.099928 38.765224 -16.869083 5.711973 12.407234 21.923992 4.937002 -1.347730 -10.859060 24.194929 -31.158686 15.401288 -16.909149 5.539979 19.311489
29.346697 -4.697937 -20.044849 -9.370830 0.869907 -29.582369 24.253609 -31.226236 7.795290 5.314028 43.777523 1.901175 10.107986 -12.958632 9.721989 -20.328890 40.829201 -22.239733 3.452230 -1.365788 33.060146 -3.086411 -5.860363 -10.677158 16.667362 -28.406435 16.703419 -24.021101 2.251581 7.408129
36.581215 -14.043833 -18.217529 -7.236796 -0.203436 -28.468620 23.508160 -34.526661 4.796619 -4.296800 51.880650 -4.374531 14.746164 -11.526032 8.180436 -16.258825 38.592522 -25.697256 0.148555 -10.941513 42.875568 -8.171587 -5.324663 -9.720395 14.462858 -26.309801 17.449902 -26.013567 1.155213 -0.806694
39.565655 -20.984600 -18.845768 -6.214372 -2.232455 -26.764656 21.771168 -35.648548 3.434930 -7.918328 59.769680 -8.537860 14.349086 -10.756415 5.699575 -12.262830 36.595901 -28.102888 -3.070638 -17.061747 49.851227 -11.449613 -3.969905 -8.951022 13.622036 -22.595217 15.849229 -24.760540 -0.231678 -7.801696
41.964294 -26.808517 -20.136559 -5.828609 -3.306317 -24.499521 21.057587 -34.615047 3.897934 -15.119612 66.667793 -13.032458 12.163188 -9.581795 4.029409 -6.137032 32.901798 -28.364626 -4.963037 -25.746851 53.304203 -18.275042 -1.936822 -9.580915 13.712723 -20.442661 15.840241 -23.519415 -1.121143 -16.723150
43.931892 -33.179760 -21.435503 -6.169092 -4.259457 -22.305506 19.538002 -33.789989 3.771271 -21.289551 72.109299 -19.582760 11.949921 -8.247443 3.483070 -1.580913 30.095581 -28.419460 -6.290861 -32.772114 55.783634 -25.545902 0.318171 -10.066995 14.525129 -18.522169 16.016401 -21.166264 -2.629428 -22.846615
42.446690 -39.773945 -21.104713 -5.685236 -3.259607 -20.187790 17.984781 -33.449120 3.120824 -26.768118 71.574158 -28.024096 12.910085 -6.914855 4.987127 2.623604 26.310213 -26.402746 -6.318974 -37.055786 55.404396 -34.340355 0.655563 -11.625438 14.504400 -16.472763 16.662640 -19.978046 -4.120949 -30.964766
41.346527 -45.142387 -20.914202 -5.651025 -2.560491 -18.476828 15.699314 -33.384167 3.038764 -30.448374 70.727036 -33.583439 14.695625 -7.256412 5.754950 5.926804 24.468195 -25.184362 -7.288825 -40.261971 55.288895 -38.816242 1.663382 -13.544783 13.014644 -14.888365 17.207243 -20.765820 -5.863257 -35.950569
40.934017 -46.411228 -19.331408 -5.527772 -1.872602 -17.638229 14.184564 -33.758991 3.011148 -31.256582 70.000687 -36.434074 15.020210 -6.911572 6.943366 7.095835 25.046873 -24.299551 -7.867317 -41.815495 54.344505 -39.003849 2.433919 -13.509315 13.457418 -13.105726 16.205683 -19.830887 -6.040753 -36.711411
40.719631 -46.561382 -18.672733 -5.449654 -1.586740 -17.494358 13.382534 -34.105110 2.929149 -31.215155 69.370712 -35.639404 15.268020 -7.168465 7.066466 7.336598 24.907701 -23.908470 -8.023706 -41.423218 53.829350 -38.353569 3.353460 -13.529519 13.676727 -12.379910 15.482759 -19.922045 -6.461522 -36.650276
40.829659 -46.441204 -18.725286 -5.414659 -1.582996 -17.507067 13.484857 -34.111382 2.969144 -31.346678 69.587456 -35.692417 15.284446 -7.150507 7.013505 7.328539 24.955605 -24.031431 -8.001357 -41.627728 53.954617 -38.523483 3.395353 -13.546268 13.755618 -12.427433 15.609169 -19.916910 -6.467700 -36.803261
41.003250 -46.328220 -18.865438 -5.388228 -1.712139 -17.629475 13.751801 -34.151115 2.943765 -31.415720 69.915154 -36.220604 15.182655 -6.923781 7.018061 7.192893 25.148338 -24.178288 -7.884560 -41.878342 54.155788 -38.873539 3.050086 -13.499397 13.839602 -12.685596 15.905999 -19.827230 -6.237270 -37.002300
41.393169 -46.186939 -19.287861 -5.329697 -1.966225 -18.058912 14.556087 -33.852257 3.284816 -31.731079 70.446075 -36.816685 15.627281 -6.363843 7.187312 6.463584 25.297255 -24.706818 -7.577865 -42.243805 54.851143 -38.912525 2.024848 -13.082657 13.699097 -13.574690 16.412916 -19.481741 -5.449983 -36.800045
41.875069 -45.851460 -19.553410 -5.021118 -1.769204 -18.211178 14.922610 -33.708893 3.650793 -31.981890 71.372650 -36.300270 16.035252 -6.456226 6.941513 6.196668 25.460651 -25.136507 -7.421315 -42.686138 55.057930 -38.886448 1.908672 -13.113571 13.996233 -14.013444 16.961170 -19.650894 -5.217610 -37.189892
42.802036 -44.759094 -19.787916 -4.750010 -1.830880 -18.711555 15.260096 -33.642643 4.043834 -32.141090 72.068069 -34.996029 16.299852 -5.999877 6.801986 5.294143 25.352282 -25.210711 -6.710147 -41.983772 55.935478 -38.329681 1.663068 -12.172953 14.551941 -14.789966 16.739191 -19.809841 -4.741760 -36.412769
43.322010 -43.409454 -20.282736 -4.772657 -2.127320 -19.183733 16.001568 -33.458988 4.433747 -32.050430 72.343842 -33.564869 16.256575 -5.578757 7.035800 4.367966 25.355539 -25.457449 -6.175196 -41.221741 56.269184 -37.666767 1.265771 -11.528928 15.141748 -15.167870 16.738642 -19.396837 -4.322562 -35.711864
43.818832 -41.784336 -20.540920 -4.904797 -2.356110 -19.697323 16.485340 -33.612553 5.014695 -32.407475 72.797050 -32.127247 16.096060 -5.290703 6.975903 3.030572 26.102201 -26.143005 -5.642896 -41.005985 57.078445 -36.699406 1.001625 -10.452025 16.186792 -16.205956 16.844139 -19.420347 -3.473287 -35.421921
45.223534 -39.568119 -20.741280 -4.814233 -2.793388 -20.137135 16.956381 -33.333374 5.622532 -32.142807 73.276497 -30.471062 15.448787 -5.202550 6.499153 2.023041 26.698372 -26.471733 -5.226459 -40.710106 57.314831 -34.757755 0.193359 -9.584782 16.405899 -16.555067 16.365686 -18.872461 -2.400619 -33.500175
45.892757 -38.223427 -20.670399 -4.474904 -2.681530 -20.272938 17.114302 -33.190521 6.133288 -31.641666 73.582748 -29.218487 15.184978 -5.083173 6.594140 1.022256 27.331594 -26.571491 -4.687576 -40.341263 57.283710 -33.814880 0.171397 -8.777663 17.385101 -17.083012 16.011885 -18.225019 -1.909642 -32.538586
46.740063 -36.339748 -21.019341 -4.306008 -2.888959 -20.393744 17.552124 -32.344189 7.263689 -31.224863 73.990051 -27.696184 14.885447 -4.726954 6.474151 -0.236668 27.890472 -26.640144 -3.912075 -39.624004 57.589993 -32.370014 -0.537003 -7.967267 17.328600 -17.798431 15.906964 -18.221998 -0.967725 -31.145710
47.694813 -34.925385 -21.058132 -4.229596 -3.117531 -20.753746 17.685093 -32.293896 7.904613 -31.199306 74.673470 -26.352449 14.783195 -4.448049 6.340331 -1.379072 28.479988 -27.091805 -3.411549 -39.410240 58.129044 -30.914865 -0.886111 -7.070459 17.531603 -17.965822 15.435817 -18.208296 -0.206154 -30.154551
48.370701 -34.074146 -20.743025 -4.036554 -3.062313 -20.987377 17.579496 -32.413406 8.022131 -30.925573 75.279335 -25.591677 14.938093 -4.380896 6.170791 -2.098005 29.153046 -27.309742 -3.384901 -39.424263 58.259354 -30.488167 -0.753126 -6.378930 18.265545 -18.360468 15.354593 -17.799843 0.077478 -30.025122
48.738434 -33.142555 -20.829197 -3.891114 -2.960206 -21.163767 17.801023 -31.910517 8.613504 -30.735579 75.359100 -24.718222 14.757990 -4.392030 5.894804 -2.675753 29.671015 -27.481743 -3.135756 -39.387474 57.989658 -29.574791 -1.052117 -6.042149 18.319168 -18.321880 14.969840 -17.611839 0.503534 -29.197618
48.932636 -32.363792 -21.025417 -3.806705 -2.800681 -21.245760 17.983625 -31.395086 9.218412 -30.606083 75.262833 -23.964426 14.585941 -4.445556 5.859810 -2.999148 29.846300 -27.474850 -2.735895 -39.254269 57.706421 -28.769964 -1.554258 -5.846175 18.185354 -18.213816 14.692962 -17.563807 0.908085 -28.343658
49.077213 -31.590977 -21.210939 -3.764066 -2.733331 -21.401030 18.061623 -31.176153 9.564829 -30.397310 75.344749 -23.193542 14.611391 -4.430152 5.943499 -3.366134 29.972889 -27.471046 -2.432444 -39.011284 57.492432 -28.162504 -2.040808 -5.559378 18.302803 -18.273155 14.648047 -17.423380 1.244708 -27.743042
49.177784 -31.128765 -21.332230 -3.690878 -2.700083 -21.532589 17.962315 -31.126703 9.699502 -30.285465 75.466522 -22.778248 14.610900 -4.423686 5.983252 -3.572142 30.044630 -27.435505 -2.262859 -38.943321 57.402924 -27.968496 -2.216747 -5.403831 18.473293 -18.475096 14.691442 -17.410431 1.352930 -27.581665
49.202396 -30.879036 -21.369944 -3.694398 -2.677020 -21.576061 17.888111 -31.106104 9.733917 -30.099337 75.596115 -22.503426 14.593939 -4.452403 5.967561 -3.714289 30.096891 -27.533827 -2.242161 -38.838963 57.351299 -27.836374 -2.348222 -5.283369 18.630615 -18.613382 14.768835 -17.372301 1.382328 -27.425465
49.317131 -30.603376 -21.427143 -3.678066 -2.688251 -21.595850 17.846897 -30.983210 9.854084 -29.998264 75.643082 -22.357510 14.525661 -4.422615 5.997898 -3.774494 30.057047 -27.512341 -2.178598 -38.746376 57.343189 -27.855953 -2.485594 -5.145693 18.756697 -18.766386 14.817602 -17.243515 1.430741 -27.312986
49.292072 -30.553923 -21.409203 -3.670951 -2.654436 -21.595556 17.810478 -31.019775 9.847194 -29.965027 75.640213 -22.274759 14.499112 -4.453070 5.954566 -3.798729 30.056839 -27.602800 -2.164438 -38.760769 57.312637 -27.917015 -2.489280 -5.077554 18.882977 -18.785467 14.793568 -17.235191 1.414088 -27.317236
49.280819 -30.496586 -21.449518 -3.700109 -2.643115 -21.541246 17.778351 -30.958412 9.896648 -29.968620 75.603996 -22.251024 14.431543 -4.457950 5.963899 -3.785736 30.012676 -27.577528 -2.135532 -38.724014 57.299553 -27.930914 -2.519101 -5.085397 18.915806 -18.809727 14.782672 -17.211222 1.416361 -27.298431
49.397919 -30.279610 -21.296352 -3.649877 -2.730179 -21.821445 18.034824 -31.114216 9.911504 -29.932978 75.806160 -21.938303 14.685122 -4.441517 5.864946 -4.067958 30.297998 -27.668425 -2.167150 -38.582649 57.418121 -27.844952 -2.453689 -4.830235 19.179937 -19.151394 14.874816 -17.291790 1.571869 -27.428833
49.498196 -29.205006 -21.308599 -3.636791 -2.991406 -22.353992 18.589348 -31.336494 10.292900 -29.667250 75.952095 -20.857615 15.441015 -4.638805 5.684084 -4.798188 31.306086 -27.942940 -2.577096 -37.874554 57.340153 -27.545683 -2.666346 -4.406094 19.718328 -19.946669 15.369310 -17.135178 1.846498 -27.503109
49.389553 -28.194429 -21.361782 -3.866323 -3.174222 -23.239237 19.511763 -31.461802 10.793823 -29.728102 75.844284 -19.722313 15.732924 -5.618839 5.008358 -5.324885 32.386860 -28.549105 -3.639649 -37.289902 56.860748 -26.201797 -2.910361 -4.601337 19.550898 -20.724512 15.821709 -17.143030 2.199875 -26.253008
49.212063 -26.792669 -21.459040 -3.925500 -3.583299 -24.512110 20.722954 -32.137634 10.853309 -29.371367 74.929932 -18.346788 16.328375 -6.647852 4.571858 -6.894475 34.498066 -29.019976 -4.234007 -36.548824 56.299873 -25.464661 -3.339458 -4.404974 20.161924 -22.656843 17.058199 -17.438801 2.524450 -26.403185
48.528923 -25.582283 -21.659639 -3.964088 -3.951859 -26.516026 22.801369 -32.688633 10.989135 -28.569168 74.233307 -16.874315 17.123791 -7.967650 4.034831 -8.257830 36.609436 -28.527977 -4.626317 -35.252926 55.490551 -23.725788 -3.737916 -4.790236 19.596481 -24.580931 18.239836 -18.125246 2.790383 -24.874699
48.251141 -24.647224 -21.545650 -3.979787 -4.296102 -28.244061 24.500687 -34.316090 11.215359 -28.861483 73.337944 -15.574941 18.062855 -9.645387 3.188123 -9.286292 39.509739 -28.535252 -5.654978 -34.456696 54.312397 -22.196711 -3.511391 -5.421922 19.032400 -25.947498 19.345606 -19.772581 2.956428 -24.415096
46.722542 -23.570017 -20.635656 -4.114666 -4.372113 -30.108803 25.423515 -36.485065 10.882290 -27.895330 70.867195 -14.513750 19.796789 -11.505737 3.177616 -10.305740 42.597317 -28.347755 -6.570369 -33.137077 51.917713 -20.470846 -3.396133 -6.039892 18.656082 -27.720507 21.070269 -20.898668 3.793251 -23.663204
45.134537 -22.528971 -19.844831 -4.865993 -4.693739 -31.638878 27.700407 -36.818329 9.963024 -26.470133 68.980606 -13.427013 22.436041 -13.495148 3.429067 -11.978791 46.448044 -27.092209 -7.016959 -32.368095 48.756573 -19.557699 -3.918051 -7.407653 18.163748 -30.315863 23.796989 -22.233299 3.700222 -22.977779
41.423195 -20.613424 -18.984653 -5.861205 -4.381946 -32.968319 30.098703 -37.844074 9.115606 -24.874289 66.091125 -12.622223 24.163364 -14.998444 3.911850 -13.601994 48.655342 -25.609076 -7.262539 -29.981794 45.095600 -19.352528 -4.221237 -8.769789 18.544588 -33.656792 26.685055 -22.507830 3.541783 -22.572685
39.697060 -19.280317 -19.396801 -6.240058 -4.784093 -33.622055 31.202696 -37.705727 8.907438 -22.431799 62.703785 -12.131492 25.187046 -16.425018 4.084818 -15.173390 49.847649 -26.251694 -7.409996 -28.297480 42.886005 -19.582392 -5.206726 -9.858584 18.179445 -35.555264 27.634279 -23.501070 4.055320 -21.093582
37.518909 -17.425989 -18.572578 -6.684755 -4.881884 -35.604023 32.243946 -39.366177 9.643237 -19.922421 59.002316 -10.429096 26.167902 -18.337294 3.937111 -17.043991 52.301590 -27.741621 -7.024784 -26.883152 40.430035 -18.056419 -5.877634 -12.089331 16.574783 -37.053185 28.471117 -25.130529 4.072027 -17.066788
35.558914 -14.877177 -18.217863 -7.012156 -4.471246 -37.075706 31.705851 -39.628952 11.138067 -17.396318 56.082104 -8.513960 24.675728 -19.511679 2.834524 -18.438921 54.403057 -28.994249 -6.996964 -25.492167 38.412239 -16.327171 -6.910746 -13.426896 14.638765 -38.284317 28.682129 -25.960238 4.531367 -12.495253
32.180607 -9.314057 -16.784559 -7.538091 -3.061589 -38.400909 31.619736 -39.229805 13.496588 -14.103138 51.149349 -4.615638 23.272001 -19.273357 3.418643 -20.643702 56.252922 -27.997044 -4.620022 -20.558172 34.897785 -13.603986 -7.128650 -14.289042 14.165668 -39.356503 28.776869 -25.930569 5.196967 -7.716111
29.394697 -5.086987 -15.622016 -9.707405 -3.087924 -39.855770 33.721802 -37.071823 15.532217 -12.069566 47.004089 -1.467815 22.565897 -19.094881 4.215976 -23.305927 58.952557 -26.084356 -2.516386 -15.232016 32.223503 -10.054679 -7.584441 -14.456431 13.797976 -41.280304 30.768600 -23.778799 6.756260 -4.001656
28.855450 2.527888 -11.785296 -16.572470 -10.873932 -32.789722 38.636417 -34.187088 19.212172 -7.154617 41.500256 0.061066 21.108831 -15.067548 1.593557 -19.815878 61.928375 -25.661556 2.924161 -1.557409 30.414114 -1.231685 -14.085073 -19.307970 12.278600 -44.159420 29.235992 -15.086066 9.384950 -8.221968
30.102497 4.643409 -15.437173 -18.279499 -13.111306 -32.031532 40.287922 -26.705067 21.680079 -3.682255 41.545830 2.628939 16.205580 -13.736696 0.299317 -20.044085 60.812614 -20.635904 5.182014 4.718560 29.537115 -2.043628 -16.145182 -18.386545 11.353316 -44.734440 28.757652 -11.297496 12.288554 -3.541076
30.233688 6.123697 -17.961576 -20.172852 -14.615255 -29.164036 41.026604 -18.231310 24.433865 0.737174 41.939102 5.150447 10.618842 -12.624998 -0.514433 -18.466619 57.393585 -15.174767 7.445228 10.249596 26.789619 -4.533283 -19.669155 -19.646292 8.275588 -43.792702 27.826551 -7.318750 12.657305 1.698886
31.822851 7.358981 -18.332291 -20.447933 -14.270082 -25.887630 41.174892 -12.533679 24.718874 4.125038 43.818050 8.761756 6.813409 -11.889949 -1.698468 -17.309662 53.761955 -13.242062 8.062748 14.027358 28.970335 -5.025695 -22.117195 -20.703465 4.844553 -41.335041 28.165451 -4.657092 12.339772 6.009867
36.322826 8.070986 -18.555098 -20.152622 -14.519030 -23.873014 38.527645 -9.782075 24.103922 6.250229 47.873825 11.015466 3.246530 -10.981542 -3.139069 -16.281757 50.712128 -11.043164 9.276762 16.379715 32.342525 -2.132421 -23.108654 -21.259106 2.737818 -37.661469 27.879057 -2.044801 13.275997 8.398975
40.417664 6.080461 -17.376743 -19.417131 -14.029588 -20.930529 37.034142 -5.552161 23.777353 8.361647 50.949875 12.627104 -0.491156 -10.766952 -5.017218 -9.933756 45.134624 -9.059566 6.506507 20.080488 34.847198 0.017904 -23.433556 -24.462622 -0.181050 -31.136871 25.690796 2.964291 9.773717 11.837647
42.912228 2.009762 -15.031008 -20.091805 -12.277615 -15.765994 34.649052 -1.292380 20.825615 8.028470 55.313030 11.162045 -1.176798 -12.560830 -7.936245 0.049430 36.964748 -6.769866 1.273544 20.779867 36.382957 -3.285555 -22.327665 -29.154602 -3.429452 -25.405554 25.895426 5.437564 5.454543 10.475117
46.280293 -7.162293 -14.695833 -19.841167 -13.163027 -10.727136 29.187634 -0.480819 15.507565 9.364423 57.855797 3.223277 -1.866035 -13.834634 -8.310379 8.471187 33.098034 -4.649302 -3.965021 20.484072 39.227905 -11.510096 -21.576653 -33.897381 -7.561927 -16.852224 23.626032 7.465512 -0.161335 8.371224
48.378242 -18.360579 -12.766627 -19.349756 -12.265091 -6.200486 24.127087 -2.672825 8.878216 6.402227 59.632412 -4.591777 -3.158558 -16.961617 -8.750489 17.349010 29.494080 -3.501792 -8.496541 16.145725 46.504429 -20.790333 -17.019341 -33.604843 -5.930908 -11.899394 20.002626 8.953092 -3.695976 1.100522
48.173759 -27.431091 -14.060724 -17.836351 -10.060445 -0.529662 18.215897 -2.216806 8.339964 4.476509 60.355030 -13.652989 -5.414491 -16.885138 -7.018122 23.238062 24.739273 -4.081534 -9.857575 8.915594 49.377407 -28.645697 -15.303271 -31.222847 -3.917014 -6.429532 13.280679 9.612848 -5.059489 -3.332547
45.923206 -31.027231 -17.789104 -16.095596 -9.183592 2.882066 12.604823 -3.973403 7.343871 10.886499 61.496937 -21.206312 -12.714715 -12.903634 -4.393983 25.489706 20.179596 -4.157938 -7.217936 6.141805 49.186302 -31.702496 -20.445005 -25.792643 -2.414288 -1.268799 5.863691 9.615321 -1.655803 -1.047255
43.381859 -31.822695 -21.352905 -13.971092 -7.437449 5.082909 7.464340 -6.272755 7.667749 16.732239 57.418797 -23.168571 -21.184290 -10.580139 -1.959709 26.107069 15.810275 -3.529301 -1.365955 5.422882 47.364010 -32.399460 -26.012592 -21.532803 0.286665 2.590486 -0.600705 9.798822 2.210702 0.914453
40.284828 -32.404510 -23.453861 -11.257773 -5.027094 6.902710 1.664862 -9.161092 9.457676 19.420038 52.616367 -24.011023 -27.000565 -8.597353 -0.020138 25.203686 13.193435 -2.135623 4.252970 5.567180 43.326641 -29.893465 -30.885466 -19.410450 1.212661 4.491161 -5.294340 10.167680 6.654577 3.898359
34.948170 -30.163313 -27.165768 -9.588253 -3.909938 8.012284 -1.809100 -9.344972 13.400751 22.835356 46.780594 -24.555464 -33.394035 -6.445299 2.148561 22.331682 12.497041 -3.258627 9.015740 5.947417 39.593090 -27.964289 -34.439438 -17.580616 2.175611 4.644851 -9.151236 9.586490 10.464749 6.165447
30.430399 -26.585552 -30.832294 -9.121643 -3.475063 8.789769 -4.987272 -9.363482 17.397579 24.490608 43.038853 -25.111204 -38.736046 -4.743798 2.793006 19.503881 12.529763 -5.161211 11.917601 7.464560 35.603016 -26.846375 -37.480644 -16.794800 2.450067 4.012392 -11.888827 6.647974 12.079449 8.636660
27.074083 -24.282457 -34.869141 -10.229560 -4.088205 10.533369 -7.623801 -9.614024 19.330990 25.171488 39.180946 -24.502392 -41.959610 -3.909108 2.946454 16.608467 13.530335 -7.460740 14.673280 8.659548 31.498547 -23.972946 -39.499268 -17.687178 1.361793 4.470639 -13.863058 3.596611 12.214351 11.945727
23.109186 -22.297567 -39.459377 -12.042741 -6.121582 10.784218 -9.681973 -11.374568 19.526487 27.524294 35.273609 -23.445049 -44.482960 -3.285582 2.955630 13.517879 15.357627 -8.668329 17.690437 10.100912 26.915155 -19.923695 -41.190983 -19.708467 -0.214252 4.979957 -15.339803 1.198724 12.942075 16.031027
19.211229 -19.673733 -41.458267 -13.344578 -6.556378 10.107512 -9.385837 -11.069365 20.260805 31.530165 31.268183 -20.265450 -47.214977 -3.167546 3.316786 9.962747 16.915119 -9.768655 20.797504 13.543932 22.386288 -17.013298 -43.372570 -21.890850 -2.179336 4.229174 -15.359949 -0.510266 13.932238 20.348328
15.380720 -15.327373 -41.366749 -14.344537 -5.729837 9.450001 -9.062404 -10.244815 20.334984 36.844757 25.883247 -17.536032 -49.172718 -3.282992 4.622224 7.491996 17.192001 -9.601035 22.878551 18.392015 17.506655 -13.659893 -46.066723 -23.628630 -3.669784 2.275919 -14.070294 -2.064186 14.713365 24.260004
12.285159 -10.370621 -39.956982 -15.262254 -4.729676 8.313650 -8.197613 -10.093047 20.169415 40.740356 21.501665 -14.930412 -49.936649 -3.438711 5.706185 5.151873 18.199614 -9.668660 23.621510 23.059019 14.978586 -9.812584 -47.664097 -24.083307 -3.800351 -0.288627 -11.887392 -2.654790 15.234083 27.528706
10.203522 -6.236065 -37.193474 -15.264746 -2.558311 7.110093 -6.920033 -10.346799 20.289572 42.944145 17.146589 -12.496907 -48.953339 -4.034471 7.016234 3.157326 19.487379 -9.912488 23.674000 26.552271 12.205839 -6.134749 -47.428127 -24.102863 -2.172395 -2.452816 -10.157736 -3.175943 15.802991 28.770189
8.485508 -3.304540 -35.597191 -14.820469 -0.706835 5.882178 -5.723856 -10.488227 20.904310 44.567814 13.335128 -11.053097 -47.975037 -4.772697 8.069413 1.986675 20.061895 -9.911685 23.521255 29.385706 9.885027 -3.849102 -47.045830 -24.016371 -0.412141 -4.138302 -9.044618 -3.551861 16.246780 29.649801
7.221591 -1.246110 -34.555962 -14.706067 0.703839 5.358715 -5.074652 -10.593950 21.404907 45.448677 10.680182 -10.109899 -47.345959 -5.295701 8.893824 1.021891 20.913603 -10.096753 23.368847 31.358843 7.857150 -1.996773 -47.152065 -23.993006 0.824868 -5.273400 -8.412424 -4.056157 16.845026 30.354311
6.028894 0.083252 -33.916843 -14.811998 1.613790 4.826953 -4.534533 -10.778035 21.894978 45.940773 8.875700 -9.049809 -46.634010 -5.995539 9.268099 0.687410 21.294659 -10.484568 23.222137 32.131737 6.172381 -0.658616 -46.859173 -24.091946 1.959758 -6.509179 -7.623826 -4.233688 17.241411 30.798296
5.604627 0.744812 -33.294765 -14.861191 2.129107 4.572849 -4.198883 -11.048378 21.952553 45.844131 7.862499 -8.347798 -46.063862 -6.421282 9.497641 0.502521 21.493420 -10.935946 22.965204 32.519089 5.539256 0.012628 -46.451565 -24.016266 2.673453 -7.131412 -7.362110 -4.481690 17.358589 30.805864
5.434112 1.011464 -33.117931 -14.781747 2.395426 4.525620 -4.188218 -11.020187 22.094820 46.040451 7.422469 -8.118256 -46.019905 -6.530100 9.607300 0.487516 21.486290 -11.000634 22.926105 32.776222 5.265074 0.276596 -46.390701 -23.947321 2.937411 -7.305188 -7.309371 -4.500183 17.458885 30.903297
