-2.967967 5.157023 -27.867905 -11.815331 14.049635 9.942174 -7.915498 -10.171750 24.726599 46.782753 -4.808582 -4.262771 -48.516785 -27.037544 10.735359 -15.674574 0.203767 -1.856885 16.207029 30.948887 -6.329269 2.365605 -40.700726 -6.275710 16.802999 8.044847 7.608294 -11.341507 25.804279 33.389301
-2.825587 4.754934 -28.448616 -11.662927 13.791671 10.098710 -8.117848 -10.136395 24.820345 46.755585 -4.371966 -4.553682 -48.955643 -26.871027 10.394204 -15.672156 0.148680 -2.062676 16.250032 30.666853 -6.052773 1.936993 -41.092106 -6.278614 16.431534 8.275167 7.468107 -11.488390 25.846996 33.179539
-2.419080 4.210078 -29.114788 -11.337971 13.538608 10.451043 -8.598940 -10.065131 25.042501 46.498737 -3.736239 -5.106385 -49.766106 -26.480951 10.012614 -15.524270 -0.187919 -2.370007 16.375740 30.230206 -5.538284 1.382709 -41.587742 -6.071544 16.074198 8.773335 7.034388 -11.608870 25.968170 32.763592
-1.795893 3.413173 -30.000605 -10.898546 13.095479 10.861726 -9.139940 -10.048553 25.204292 45.915287 -2.766424 -5.881033 -50.745453 -26.003172 9.441716 -15.372032 -0.538536 -2.758085 16.472002 29.603310 -4.709105 0.756611 -42.161617 -5.839650 15.485011 9.391868 6.491130 -11.711987 26.057697 32.463612
-1.096700 2.604193 -31.190655 -10.594783 12.394679 11.230321 -9.568989 -9.923750 25.359203 45.385502 -1.492637 -6.942367 -51.957783 -25.508589 8.575236 -15.261668 -0.834399 -3.045085 16.797623 28.772758 -3.898006 -0.176749 -42.868858 -5.694238 14.724050 10.169578 5.787183 -11.930323 26.130466 32.116119
-0.079131 1.602201 -32.441689 -10.384602 11.401600 11.504604 -9.861309 -9.828232 25.428425 44.398106 -0.138481 -8.148685 -53.095474 -24.934437 7.784683 -15.090552 -1.150119 -3.248739 17.043850 27.837215 -2.880706 -1.385455 -43.465012 -5.670825 13.777842 11.120063 5.173976 -12.163254 25.938591 31.494495
0.931698 0.627252 -33.675747 -10.325992 10.295646 11.647290 -10.204187 -10.127246 25.533789 42.969139 1.241035 -9.231330 -53.876507 -24.607494 6.904385 -15.004742 -1.291298 -3.654352 17.287668 26.443846 -1.766297 -2.551044 -43.591549 -5.849766 12.883947 12.037450 4.657901 -12.623356 25.469511 30.620590
2.159265 -1.045262 -35.300007 -10.280887 8.900095 11.843315 -10.677686 -10.320914 25.867777 41.134270 3.290351 -10.378601 -54.955166 -24.527325 5.462470 -14.675211 -1.384820 -4.219100 17.443439 24.461710 -0.376671 -4.136446 -44.019630 -6.258338 11.514279 13.101673 4.146864 -13.312417 24.826162 29.786709
2.905125 -2.513287 -36.638256 -10.399911 7.750037 11.842027 -10.985917 -10.446715 26.435543 39.657413 4.847750 -11.195130 -55.414532 -24.868298 4.175670 -14.132956 -1.545545 -4.803011 17.484068 22.378345 0.939208 -5.700374 -44.175636 -6.783668 10.283290 13.751571 3.832904 -14.112467 24.232553 28.774242
3.731096 -3.652396 -37.841629 -10.660151 6.499274 11.177586 -10.865933 -10.571836 27.326933 37.992630 6.788376 -11.898934 -55.640388 -25.064205 3.118534 -13.662140 -1.750680 -5.640355 17.544804 20.164877 2.394322 -7.251459 -43.988739 -7.356339 9.043902 14.196606 3.734583 -15.004372 23.456104 27.635349
4.731826 -4.900875 -38.630348 -10.933141 5.294407 10.393006 -10.587021 -10.955331 27.860651 36.087280 8.516060 -12.626193 -55.663700 -25.270864 2.179400 -13.336509 -1.966189 -5.941250 17.713835 18.448460 4.307502 -8.707098 -43.916927 -7.780251 7.740648 14.640876 3.825872 -15.505876 22.729490 26.428125
5.528993 -6.275986 -38.980217 -11.136758 4.372161 9.899347 -10.610148 -11.521403 28.203955 34.056450 10.057924 -13.193197 -54.905361 -25.588032 1.458629 -12.920619 -2.256953 -6.219537 17.663147 16.684996 5.725655 -10.177176 -43.619125 -8.050090 6.945405 15.353899 3.474175 -15.922881 22.339489 24.816418
6.279466 -7.343028 -38.886154 -11.725669 3.263592 9.079874 -10.661619 -11.770782 28.654411 32.552429 11.433576 -13.784993 -54.167141 -26.017670 0.696944 -12.679760 -2.605670 -6.395564 17.941536 15.017302 7.281542 -11.246489 -43.156555 -8.293712 6.142842 15.645914 3.556115 -16.270432 21.827389 23.631796
6.752187 -8.481812 -39.113266 -11.980062 2.570904 8.636295 -10.322886 -12.313559 28.607880 31.143093 12.836885 -14.068870 -53.533081 -26.242050 0.206138 -12.509184 -2.454639 -6.713837 17.761919 13.600656 8.537646 -12.181008 -42.412830 -8.325897 5.954164 15.909011 3.589391 -16.422049 21.507549 22.255381
7.256861 -9.443889 -39.295017 -12.024303 2.090376 8.081691 -9.908710 -12.809994 28.590599 29.986925 13.952776 -14.503996 -53.009453 -26.481983 -0.186928 -12.274091 -2.421438 -7.020602 17.564503 12.279136 9.802797 -12.823350 -42.022892 -8.395185 5.490785 16.000971 3.670763 -16.606060 21.153046 21.516788
7.904119 -10.217565 -39.264534 -12.081225 1.693242 7.781709 -9.768559 -13.185089 28.508219 28.972099 15.011250 -14.855855 -52.560608 -26.728268 -0.590914 -11.972335 -2.446201 -7.266900 17.353348 11.161005 10.697430 -13.437550 -41.533890 -8.285745 5.451381 16.237978 3.531633 -16.504345 21.031673 20.619102
8.500811 -10.684319 -39.142448 -12.118604 1.421067 7.440893 -9.523739 -13.615932 28.402332 27.916517 15.588196 -14.942245 -52.023842 -26.927031 -0.765732 -11.762140 -2.458978 -7.468339 17.094276 10.398715 11.728007 -13.765207 -41.000072 -8.274289 5.303819 16.389629 3.504393 -16.603045 20.791111 19.823586
8.798696 -10.989210 -39.105511 -12.174948 1.214173 7.216135 -9.318625 -13.927175 28.271875 27.347742 16.150438 -15.042940 -51.565277 -27.039549 -0.986161 -11.705380 -2.388255 -7.699594 16.859924 9.834451 12.463198 -14.092505 -40.605675 -8.335199 5.087598 16.420424 3.554110 -16.708605 20.548201 19.372902
8.933321 -11.172694 -39.164928 -12.221708 1.069186 7.129268 -9.273303 -14.126084 28.208790 27.075129 16.477427 -15.081331 -51.375637 -27.169308 -1.237184 -11.660801 -2.338526 -7.777122 16.751587 9.570919 12.838425 -14.280323 -40.386646 -8.385729 4.956317 16.473373 3.590738 -16.731136 20.393921 19.152914
8.953534 -11.219387 -39.152622 -12.240709 1.047094 7.117838 -9.257681 -14.207867 28.152163 26.975527 16.574312 -15.086984 -51.238655 -27.188921 -1.231607 -11.617841 -2.335566 -7.808722 16.661587 9.471501 12.944438 -14.302449 -40.269226 -8.392022 4.945598 16.523769 3.555132 -16.725241 20.344728 19.075008
8.601838 -10.992720 -38.859444 -12.138326 1.676059 7.446428 -9.527063 -13.971797 28.486387 26.793680 16.035963 -14.974527 -51.309532 -27.329685 -0.791195 -11.233502 -2.490686 -7.661451 16.722795 9.346135 12.416552 -13.896662 -40.172775 -8.204092 5.598164 16.534025 3.376501 -16.510344 20.682276 18.999332
7.889005 -9.685240 -38.388771 -11.421259 3.572832 8.303764 -10.037267 -13.471272 29.530178 26.587503 14.016571 -14.772165 -51.813015 -27.484470 0.441120 -10.431943 -3.119208 -7.892083 16.607637 9.433177 11.048919 -12.509738 -40.093983 -7.783600 7.146737 16.628010 2.953068 -16.347061 21.412514 19.042431
6.025558 -7.269456 -38.110275 -9.967828 6.983004 9.533243 -9.407071 -13.396590 30.326038 25.719679 10.270385 -13.309633 -51.981400 -28.029373 2.387494 -9.630134 -2.869752 -8.709685 15.475593 9.910358 8.172606 -10.341602 -39.916965 -8.141109 8.939677 16.505957 3.179941 -16.290890 22.409447 18.657465
3.293115 -4.948316 -37.690727 -8.760934 10.106432 9.532287 -8.092731 -13.939169 31.356020 25.296219 7.546063 -11.086037 -50.817211 -28.791666 3.830539 -9.592075 -1.814242 -10.105295 13.908986 10.842649 4.609823 -8.719583 -39.405674 -9.312514 10.524590 14.873496 5.190227 -16.769674 22.915314 17.967663
-0.902761 -3.985182 -36.520737 -8.443354 12.790560 8.558698 -6.627564 -14.063097 33.079754 25.894251 3.239711 -7.478367 -48.775402 -32.058727 3.999569 -10.023562 0.046143 -11.132328 13.534055 11.489395 -1.018759 -8.578602 -38.928497 -12.699276 10.368909 13.029796 7.673991 -18.936192 22.162205 18.135839
-5.770065 -3.070576 -36.858433 -10.054008 13.889325 8.279524 -4.018803 -13.890441 33.322731 25.979521 0.301468 -2.549333 -47.141033 -34.617558 4.343480 -10.628347 1.476679 -12.296861 14.766258 10.194455 -6.217003 -8.349179 -38.034676 -16.023409 9.530886 10.764000 10.266001 -21.343493 20.766895 19.221626
-9.352987 -0.378363 -37.227180 -13.397724 13.131298 8.998907 -2.568188 -15.796338 31.370001 22.991217 -2.717066 2.084149 -46.213535 -33.524265 8.024952 -10.420420 1.150383 -12.198771 16.129467 8.906154 -11.281752 -8.569975 -36.962418 -17.244003 11.159886 8.991872 9.791523 -23.786615 21.658466 18.801012
-10.924151 5.578787 -36.468563 -17.445204 12.477571 10.251468 -0.763081 -17.702774 28.970314 18.382807 -4.314136 7.541848 -43.754364 -32.073776 11.737069 -10.679734 0.914539 -13.944796 16.916477 7.411588 -13.677101 -7.210234 -33.672531 -17.503567 14.219278 7.049581 9.007174 -26.143749 22.444450 16.605412
-10.687613 9.869526 -34.220585 -19.868849 12.732742 10.841495 -0.756748 -20.249140 27.282553 12.613925 -6.075331 10.867639 -39.236027 -32.765961 14.850409 -9.767754 0.518027 -15.979572 16.335779 3.774003 -14.397090 -3.616766 -29.597721 -17.844839 16.381165 6.634180 7.774157 -26.597439 24.209969 14.201040
-11.121633 10.180361 -31.001440 -21.176983 13.548820 10.773022 -0.525119 -23.046066 25.142538 8.642886 -7.079061 11.862685 -36.142643 -33.608250 17.271799 -7.969934 0.483988 -18.195740 13.829135 0.175232 -13.777491 -1.939992 -25.280563 -18.300127 18.340948 6.561489 7.481585 -26.770340 25.059555 10.952035
-11.805012 12.019191 -28.789448 -23.611084 13.471941 10.487776 0.554764 -24.737358 23.733080 5.040193 -8.092769 11.203291 -32.815567 -34.583248 18.391640 -7.899831 1.142786 -20.586838 11.784115 -2.334476 -13.164235 -3.198667 -22.782173 -20.122717 18.314117 5.947712 9.431221 -28.181171 24.009733 7.131103
-12.134968 10.862143 -26.431793 -25.119843 12.844943 9.167853 0.442730 -27.648979 21.854189 3.078840 -8.467267 9.821001 -29.876568 -34.776772 19.380436 -7.465551 2.270143 -22.830532 9.682785 -5.876011 -13.464075 -3.888736 -19.593372 -22.061584 18.935785 6.162034 10.629551 -30.334572 21.494194 4.202659
-12.259498 8.682465 -23.390217 -26.304287 10.987260 5.917967 -0.880863 -31.370956 21.017473 2.775689 -8.480725 6.008929 -27.121735 -35.236847 18.202093 -8.823598 2.216261 -24.235405 9.547605 -7.505982 -13.704853 -4.899052 -15.474468 -23.503887 19.034016 7.029346 9.134751 -32.204445 19.180855 3.965601
-11.176416 7.742125 -21.215590 -27.603521 8.733508 3.887956 -2.138201 -32.985756 20.529463 2.656088 -7.438810 4.989781 -24.354248 -36.370251 16.177921 -10.188519 1.839082 -24.555588 10.136159 -8.330385 -14.005526 -5.886857 -12.280324 -25.866425 16.940029 7.021519 7.133922 -32.183632 18.835056 6.827471
-9.104255 7.387766 -19.135937 -29.448103 6.380044 2.511134 -3.754328 -34.124119 20.698551 1.669679 -5.534220 3.806418 -21.904842 -38.788635 13.404282 -11.585102 1.450248 -25.425007 11.155570 -9.747529 -12.454063 -5.692055 -9.010133 -28.357285 14.116145 8.053898 4.864222 -32.688114 18.784729 8.591664
-7.900036 6.585967 -16.976719 -30.692884 5.566214 1.880366 -5.340191 -35.120934 20.071516 0.496721 -3.079679 4.286590 -19.904949 -40.257713 11.502995 -12.135157 0.359630 -26.453991 11.826163 -11.689225 -10.691454 -5.038863 -6.049041 -30.729755 11.446156 9.798778 2.907020 -32.811317 18.584888 9.785532
-6.343137 5.696442 -15.116986 -31.920582 3.966772 0.956545 -6.844834 -36.018852 19.489727 0.069057 -1.256009 4.114593 -18.430601 -41.343666 9.869285 -11.770856 -1.242082 -27.591280 11.806385 -12.896474 -9.075033 -4.272080 -4.192532 -32.111813 9.382829 10.850650 1.650701 -32.964077 18.462975 10.679580
-5.018345 4.990923 -13.854723 -32.515469 3.385242 0.928103 -8.307384 -36.128456 19.538733 -1.184022 0.194275 3.888886 -17.385769 -41.867687 8.781593 -10.771848 -3.355869 -27.921183 12.037824 -14.355449 -7.919430 -4.082376 -2.177334 -33.008404 8.524614 11.615433 0.365332 -32.619144 19.142885 9.973372
-4.389190 4.838175 -12.649934 -32.662914 3.304188 0.527750 -9.236375 -36.324551 19.702789 -1.076776 0.576695 3.937566 -16.599436 -42.328358 8.121807 -10.498219 -4.675441 -27.758488 12.360782 -14.290725 -7.302095 -4.141674 -0.816628 -33.444241 8.198290 11.913285 -0.563304 -32.453915 19.628841 9.938025
-4.041486 4.847761 -12.021791 -32.727631 3.256726 0.357958 -9.608101 -36.416489 19.722719 -1.083632 0.765457 4.095133 -16.229372 -42.472870 7.823603 -10.375772 -5.388510 -27.793753 12.409214 -14.101264 -6.995713 -4.071125 -0.272016 -33.508953 8.128578 12.107859 -0.900584 -32.393276 19.666443 9.972465
-4.044977 4.931734 -11.965728 -32.837307 3.229069 0.394901 -9.679695 -36.426826 19.748693 -1.166217 0.772476 4.026103 -16.231583 -42.504044 7.806361 -10.346192 -5.411658 -27.794813 12.470540 -14.193848 -7.041920 -4.081177 -0.171596 -33.565174 8.137525 12.191207 -0.985383 -32.409966 19.668831 9.970015
-3.904057 4.866979 -11.788315 -32.919811 3.260670 0.490757 -9.925189 -36.631645 19.752703 -1.670624 0.758882 3.932259 -16.062038 -42.494289 7.874603 -10.216063 -5.577458 -28.026529 12.426976 -14.469831 -7.019206 -4.163722 -0.000516 -33.598171 8.190055 12.369334 -1.117108 -32.635998 19.549212 9.822844
-3.955120 4.835275 -11.345382 -33.029732 3.447911 0.461505 -10.142741 -36.864700 19.797903 -2.027622 0.708979 3.760749 -15.793650 -42.471455 7.875684 -10.106808 -6.041803 -28.488373 12.393130 -14.654115 -7.120483 -4.155646 0.492628 -33.699211 8.409253 12.496506 -1.354965 -32.931385 19.457973 9.662797
-4.146795 4.765897 -10.849933 -33.096592 3.711461 0.472136 -10.445856 -37.158695 19.976734 -2.588599 0.538712 3.568561 -15.356368 -42.277294 8.130426 -9.962977 -6.664107 -28.891344 12.380665 -14.905449 -7.328327 -4.247882 1.104753 -33.968773 8.579832 12.835452 -1.831141 -33.249622 19.423918 9.218089
-4.508002 4.791622 -10.309550 -33.379097 3.922569 0.537936 -10.845654 -37.463413 20.125639 -3.034540 0.198360 3.238140 -14.591390 -42.198261 8.293013 -9.823256 -7.430005 -29.224207 12.364015 -15.134394 -7.628420 -4.317955 2.103236 -34.007225 9.175156 12.855544 -2.348892 -33.619583 19.483976 8.588953
-5.054652 4.946175 -9.904485 -33.662174 4.279935 0.844166 -11.248549 -37.618740 20.251217 -3.470836 -0.214830 3.159496 -13.649742 -42.151169 8.790644 -9.465266 -8.344922 -29.542421 12.266572 -15.379859 -8.178977 -4.400184 3.011320 -33.956856 10.047767 12.894382 -2.697734 -33.758850 19.582188 7.710469
-5.805556 4.377406 -9.096340 -33.724533 4.875219 1.057970 -11.802783 -38.122871 20.480200 -4.432096 -0.793588 2.679336 -12.620404 -41.973251 9.516674 -9.065241 -9.475734 -30.007757 11.989318 -15.565764 -8.620682 -5.222693 4.027763 -34.062805 10.603956 13.131552 -3.407664 -34.090820 19.532711 6.794363
-6.323821 4.192627 -8.545203 -33.889393 5.214225 1.620329 -12.482993 -38.273914 20.683193 -5.464998 -1.606516 2.150896 -12.013767 -41.880104 10.083454 -8.494594 -10.548731 -30.063332 12.076861 -15.745429 -9.030934 -6.334022 5.342886 -34.172859 11.226023 13.381012 -4.565374 -34.327213 19.702118 5.931672
-6.318768 3.679262 -7.566001 -34.172886 5.259657 2.070388 -14.549205 -39.071369 21.144812 -6.465262 -2.449295 1.092705 -11.014311 -41.784019 10.797795 -8.021552 -12.258823 -30.783211 12.391553 -16.293564 -9.610317 -7.967938 6.371564 -34.570129 11.426755 13.854383 -5.822409 -34.728214 20.121559 4.724865
-6.349029 2.859986 -6.585994 -34.219830 5.553960 2.694583 -16.801823 -39.517365 21.937136 -7.584777 -3.366287 0.301682 -9.791745 -41.778049 11.600751 -7.623017 -13.925972 -31.028540 12.969464 -16.807446 -9.978201 -9.606862 7.377936 -34.492779 12.056111 14.333063 -7.281302 -35.106400 20.480316 3.371118
-6.857347 1.197885 -5.636023 -34.531265 6.130838 3.060886 -18.564817 -40.061089 22.931555 -9.110457 -3.960506 -0.658066 -8.248669 -41.936493 12.788420 -7.146378 -15.332547 -30.783060 13.997553 -18.165363 -10.717731 -11.514578 8.292747 -34.732670 12.595494 14.621388 -8.809136 -35.524040 21.219629 1.973119
-6.913121 -0.624984 -5.232656 -34.370796 6.782005 3.645904 -20.119158 -40.339867 23.867346 -10.625087 -4.008082 -2.082984 -6.662584 -41.625721 14.086100 -6.799654 -17.025003 -30.819750 14.960113 -19.647615 -11.298091 -13.175356 9.400745 -34.797638 13.244751 15.177790 -10.607393 -35.918995 21.949488 0.842865
-7.140749 -1.970856 -4.979661 -34.362888 7.426077 4.549017 -21.585295 -40.764210 24.709354 -12.461307 -4.193851 -3.270594 -5.089475 -41.423000 15.561424 -6.485127 -18.335251 -30.897070 15.876118 -21.120146 -11.739185 -14.599402 10.886041 -34.623997 14.324822 15.150079 -12.431424 -36.263382 23.343647 -0.684010
-7.087845 -3.069278 -3.898500 -34.325722 8.157263 5.176044 -22.990078 -40.441147 25.782310 -13.833950 -4.384459 -4.026898 -3.182375 -41.086960 17.274794 -6.125519 -20.113441 -30.389032 17.046909 -22.314348 -11.575502 -15.761711 12.594031 -34.631321 15.019616 15.886052 -14.424963 -36.088249 24.561335 -2.406535
-6.915425 -4.951808 -2.945112 -34.211277 8.692712 5.625931 -24.039778 -40.183315 26.883541 -15.816834 -4.478765 -4.718819 -1.603202 -40.756599 18.657568 -5.856240 -21.389095 -29.902617 17.968311 -23.524179 -11.376439 -16.635458 14.468616 -34.794582 15.981471 16.015234 -15.169845 -36.091820 25.006716 -4.520916
-6.650759 -6.780957 -2.096964 -33.993740 9.331963 5.943173 -24.858700 -39.303123 28.315506 -17.559099 -4.273148 -5.249457 0.031577 -40.245167 19.608351 -5.634266 -22.759020 -29.596472 18.507030 -24.831438 -10.580834 -17.479200 16.630774 -35.441544 15.831232 16.647141 -16.258554 -36.256199 25.133713 -6.480118
-6.051555 -8.724316 -0.604209 -33.448669 10.282362 5.908671 -26.276339 -39.498779 29.775764 -20.025276 -4.269700 -5.896933 2.358934 -39.876228 20.590103 -5.580332 -24.626846 -29.963169 18.992830 -26.095491 -9.589138 -18.562441 19.773624 -36.101822 15.786036 17.187344 -18.277782 -36.591686 25.647915 -8.206632
-6.060636 -10.059789 0.413790 -33.070805 11.062001 5.981300 -26.559046 -39.151100 30.758402 -22.037540 -4.243024 -6.388657 4.102578 -39.664719 21.516565 -5.427845 -25.738691 -30.201109 19.109756 -27.169811 -9.240490 -19.022974 21.570328 -36.576874 15.932319 17.591360 -18.860872 -36.815456 25.277086 -9.428165
-5.911244 -10.730876 0.801652 -32.778774 11.351375 6.086642 -26.709215 -38.829082 31.400248 -23.398191 -4.191068 -6.759757 4.972490 -39.395794 21.932293 -5.371864 -26.446407 -30.425728 19.226936 -27.899263 -8.765882 -19.418804 22.786081 -36.917686 15.721799 17.840004 -19.424212 -37.062313 25.061468 -10.174052
-5.801070 -10.943533 1.070215 -32.649227 11.606791 6.176792 -26.737610 -38.733421 31.539610 -23.897354 -4.136330 -6.918406 5.252256 -39.275085 22.056835 -5.355849 -26.751017 -30.521261 19.252312 -28.127087 -8.578202 -19.512608 23.272253 -36.964470 15.752110 17.887619 -19.645544 -37.162006 24.972862 -10.420974
-5.807328 -10.951514 1.066871 -32.640671 11.614131 6.175551 -26.722866 -38.731377 31.538521 -23.896322 -4.139313 -6.922732 5.253947 -39.274960 22.064800 -5.354628 -26.739981 -30.515406 19.251991 -28.125790 -8.573235 -19.510294 23.270073 -36.955959 15.755272 17.884827 -19.643280 -37.164711 24.969370 -10.418843
-5.806202 -10.954810 1.066494 -32.638588 11.615319 6.174099 -26.723677 -38.736668 31.537001 -23.898890 -4.137592 -6.921773 5.257276 -39.275944 22.061605 -5.354854 -26.744724 -30.520628 19.249950 -28.128294 -8.575483 -19.517563 23.276501 -36.955906 15.763886 17.882160 -19.648766 -37.170494 24.967712 -10.419313
-5.806075 -10.955700 1.066845 -32.637886 11.615692 6.173494 -26.724636 -38.737415 31.537218 -23.898161 -4.137412 -6.921684 5.257244 -39.276226 22.061092 -5.354853 -26.745237 -30.521143 19.249733 -28.128267 -8.575483 -19.517563 23.276501 -36.955906 15.763886 17.882160 -19.648766 -37.170494 24.967712 -10.419313
-5.806075 -10.955700 1.066845 -32.637886 11.615692 6.173494 -26.724636 -38.737415 31.537218 -23.898161 -4.137412 -6.921684 5.257244 -39.276226 22.061092 -5.354853 -26.745237 -30.521143 19.249733 -28.128267 -8.575483 -19.517563 23.276501 -36.955906 15.763886 17.882160 -19.648766 -37.170494 24.967712 -10.419313
-5.806075 -10.955700 1.066845 -32.637886 11.615692 6.173494 -26.724636 -38.737415 31.537218 -23.898161 -4.137412 -6.921684 5.257244 -39.276226 22.061092 -5.354853 -26.745237 -30.521143 19.249733 -28.128267 -8.575483 -19.517563 23.276501 -36.955906 15.763886 17.882160 -19.648766 -37.170494 24.967712 -10.419313
-5.806036 -10.955359 1.068030 -32.637688 11.615059 6.175269 -26.724037 -38.737640 31.539064 -23.897982 -4.138906 -6.919267 5.255293 -39.277992 22.058962 -5.355170 -26.743473 -30.522064 19.252346 -28.128887 -8.575441 -19.517000 23.276823 -36.955589 15.763550 17.882956 -19.648384 -37.170673 24.968931 -10.419469
-5.806866 -10.956520 1.067885 -32.637974 11.614643 6.175292 -26.723679 -38.738747 31.538628 -23.898123 -4.139019 -6.919472 5.255844 -39.277546 22.059479 -5.355563 -26.744886 -30.523155 19.251118 -28.128233 -8.575714 -19.516918 23.277519 -36.955437 15.763582 17.883091 -19.648211 -37.171551 24.968996 -10.418487
-5.806866 -10.956520 1.067885 -32.637974 11.614643 6.175292 -26.723679 -38.738747 31.538628 -23.898123 -4.139019 -6.919472 5.255844 -39.277546 22.059479 -5.355563 -26.744886 -30.523155 19.251118 -28.128233 -8.575714 -19.516918 23.277519 -36.955437 15.763582 17.883091 -19.648211 -37.171551 24.968996 -10.418487
-5.807844 -10.952908 1.063432 -32.637909 11.613516 6.176939 -26.717068 -38.736572 31.537424 -23.901754 -4.141640 -6.919099 5.253846 -39.276508 22.063911 -5.356649 -26.737762 -30.518892 19.251757 -28.128727 -8.571743 -19.513166 23.273863 -36.949543 15.763760 17.882490 -19.646063 -37.174324 24.966995 -10.417020
-5.802087 -10.947296 1.065208 -32.642876 11.607664 6.177774 -26.726358 -38.739605 31.537214 -23.902540 -4.141138 -6.920338 5.252098 -39.274086 22.062706 -5.357154 -26.741596 -30.520018 19.251350 -28.126902 -8.572628 -19.512321 23.272875 -36.951199 15.762236 17.884115 -19.646025 -37.173355 24.967693 -10.416891
-5.802087 -10.947296 1.065208 -32.642876 11.607664 6.177774 -26.726358 -38.739605 31.537214 -23.902540 -4.141138 -6.920338 5.252098 -39.274086 22.062706 -5.357154 -26.741596 -30.520018 19.251350 -28.126902 -8.572628 -19.512321 23.272875 -36.951199 15.762236 17.884115 -19.646025 -37.173355 24.967693 -10.416891
-5.806038 -10.943169 1.063265 -32.644421 11.609600 6.183513 -26.716524 -38.733219 31.535395 -23.905354 -4.141626 -6.918862 5.250659 -39.274616 22.063503 -5.357091 -26.731594 -30.515297 19.252485 -28.130159 -8.566305 -19.512131 23.275282 -36.944126 15.762991 17.881334 -19.647539 -37.176376 24.964096 -10.415102
-5.800901 -10.939287 1.065114 -32.648117 11.605261 6.183509 -26.725409 -38.737324 31.535353 -23.905531 -4.140970 -6.920738 5.249674 -39.272465 22.062397 -5.357993 -26.736774 -30.516966 19.252390 -28.127825 -8.566866 -19.511414 23.274185 -36.945324 15.762038 17.882601 -19.647778 -37.175720 24.964741 -10.415092
-5.802540 -10.941320 1.065925 -32.647938 11.605759 6.183064 -26.724638 -38.737164 31.535517 -23.904121 -4.141019 -6.920645 5.252655 -39.274345 22.059587 -5.356165 -26.744059 -30.521896 19.254055 -28.127050 -8.570296 -19.514555 23.279181 -36.950481 15.763064 17.883734 -19.649302 -37.174156 24.965525 -10.416797
-11.271445 -19.221012 3.849137 -37.334175 6.471187 -4.985248 -29.378357 -35.420628 42.487053 -17.372168 -3.564137 -11.685498 15.369866 -43.765255 17.226109 -13.735985 -31.891136 -25.263664 31.146015 -21.811279 -8.090334 -15.827671 20.939661 -37.285885 14.752246 20.174543 -16.589712 -36.884197 23.807964 -13.955340
-11.271445 -19.221012 3.849137 -37.334175 6.471187 -4.985248 -29.378357 -35.420628 42.487053 -17.372168 -3.564137 -11.685498 15.369866 -43.765255 17.226109 -13.735985 -31.891136 -25.263664 31.146015 -21.811279 -8.090334 -15.827671 20.939661 -37.285885 14.752246 20.174543 -16.589712 -36.884197 23.807964 -13.955340
-11.271445 -19.221012 3.849137 -37.334175 6.471187 -4.985248 -29.378357 -35.420628 42.487053 -17.372168 -3.564137 -11.685498 15.369866 -43.765255 17.226109 -13.735985 -31.891136 -25.263664 31.146015 -21.811279 -8.090334 -15.827671 20.939661 -37.285885 14.752246 20.174543 -16.589712 -36.884197 23.807964 -13.955340
-11.271445 -19.221012 3.849137 -37.334175 6.471187 -4.985248 -29.378357 -35.420628 42.487053 -17.372168 -3.564137 -11.685498 15.369866 -43.765255 17.226109 -13.735985 -31.891136 -25.263664 31.146015 -21.811279 -8.090334 -15.827671 20.939661 -37.285885 14.752246 20.174543 -16.589712 -36.884197 23.807964 -13.955340
-11.271445 -19.221012 3.849137 -37.334175 6.471187 -4.985248 -29.378357 -35.420628 42.487053 -17.372168 -3.564137 -11.685498 15.369866 -43.765255 17.226109 -13.735985 -31.891136 -25.263664 31.146015 -21.811279 -8.090334 -15.827671 20.939661 -37.285885 14.752246 20.174543 -16.589712 -36.884197 23.807964 -13.955340
-11.400159 -20.478649 4.092900 -36.892841 6.883664 -4.038341 -28.859140 -36.404366 41.308773 -16.884155 -5.426315 -13.189701 12.932597 -45.729832 15.455421 -11.878907 -31.705807 -27.464884 26.706247 -21.068798 -8.295730 -16.759741 20.883863 -37.027920 15.395577 20.121258 -16.316483 -37.763546 22.806597 -13.978148
-11.405007 -20.686073 3.920945 -36.163288 7.265136 -3.728777 -28.613739 -36.700169 40.951042 -16.676374 -5.634276 -13.156758 12.481425 -45.677364 15.508959 -11.149694 -31.929108 -27.638468 26.406437 -21.038734 -8.336559 -16.639814 20.721643 -37.118793 15.340055 20.072395 -16.211855 -37.757526 22.881138 -14.175788
-11.428714 -20.653900 3.783700 -36.151833 7.275711 -3.662635 -28.551952 -36.718697 40.726128 -16.658937 -5.593609 -13.129071 12.546104 -45.654423 15.550626 -11.187284 -31.906240 -27.681005 26.405407 -21.076960 -8.369686 -16.650654 20.767950 -37.252625 15.236637 20.087955 -16.252892 -37.716629 22.834373 -14.127336
-11.412865 -20.631866 3.872454 -36.137833 7.219431 -3.604933 -28.540543 -36.802845 40.736069 -16.580904 -5.594441 -13.137339 12.519842 -45.633259 15.542900 -11.233006 -31.939875 -27.737074 26.355742 -21.062235 -8.355841 -16.660816 20.819263 -37.199005 15.197861 20.166731 -16.176949 -37.782230 22.877697 -14.088754
-11.404817 -20.629955 3.901038 -36.149773 7.204008 -3.608209 -28.554823 -36.809616 40.756287 -16.563320 -5.599478 -13.148591 12.517852 -45.651318 15.538929 -11.249012 -31.960228 -27.714724 26.368734 -21.047686 -8.355801 -16.661196 20.827898 -37.201416 15.192368 20.174305 -16.169802 -37.782520 22.883930 -14.082324
-11.398216 -20.626944 3.899046 -36.140511 7.211938 -3.594991 -28.544304 -36.824032 40.726864 -16.573690 -5.595586 -13.141388 12.514837 -45.638542 15.546002 -11.246540 -31.955017 -27.728224 26.353720 -21.052237 -8.351313 -16.660744 20.829542 -37.198406 15.193191 20.175100 -16.169947 -37.786480 22.881561 -14.085492
-11.402226 -20.625212 3.895499 -36.144012 7.209440 -3.598327 -28.545677 -36.816029 40.737251 -16.575716 -5.593963 -13.143606 12.516538 -45.627926 15.551306 -11.244658 -31.956104 -27.733711 26.346106 -21.050953 -8.351857 -16.656307 20.835663 -37.210381 15.183211 20.174072 -16.166826 -37.783726 22.885048 -14.091378
-11.400991 -20.624365 3.896819 -36.143787 7.210948 -3.596438 -28.546795 -36.815601 40.735985 -16.576412 -5.593609 -13.143408 12.514310 -45.628323 15.552091 -11.244256 -31.953396 -27.732349 26.344511 -21.053698 -8.353716 -16.656416 20.834810 -37.209560 15.184689 20.172819 -16.167994 -37.781979 22.887842 -14.091455
-11.401567 -20.625008 3.895843 -36.143986 7.210608 -3.597048 -28.546686 -36.814533 40.736885 -16.576254 -5.595239 -13.143269 12.514850 -45.629353 15.551755 -11.244016 -31.953325 -27.731707 26.346769 -21.052940 -8.353744 -16.656174 20.834253 -37.209785 15.184442 20.172405 -16.167830 -37.781757 22.887997 -14.091825
-11.399049 -20.618542 3.897287 -36.117401 7.219389 -3.595987 -28.537930 -36.803955 40.791145 -16.572222 -5.591995 -13.144927 12.512963 -45.614754 15.550556 -11.242669 -31.976416 -27.748566 26.336998 -21.038740 -8.355924 -16.642159 20.823759 -37.215977 15.176686 20.183397 -16.153603 -37.773670 22.911734 -14.111091
-11.403529 -20.623318 3.886699 -36.122314 7.216985 -3.601791 -28.541489 -36.802635 40.779915 -16.567183 -5.601257 -13.140998 12.509964 -45.632565 15.550950 -11.246799 -31.958906 -27.731676 26.350489 -21.050344 -8.352184 -16.637680 20.817461 -37.213024 15.181228 20.183435 -16.159119 -37.773506 22.905518 -14.108366
-11.402415 -20.620022 3.887417 -36.123726 7.216166 -3.597892 -28.542137 -36.801960 40.779022 -16.567404 -5.602422 -13.139892 12.508977 -45.633865 15.550116 -11.248708 -31.953861 -27.730288 26.352028 -21.051550 -8.352765 -16.637684 20.820126 -37.213089 15.181132 20.186632 -16.160635 -37.773109 22.904171 -14.104470
-11.401448 -20.619904 3.888058 -36.122681 7.218673 -3.597337 -28.540375 -36.800873 40.779625 -16.572275 -5.600474 -13.138065 12.509734 -45.631706 15.551658 -11.247548 -31.953508 -27.729403 26.350973 -21.052734 -8.351227 -16.637074 20.821590 -37.213161 15.180470 20.186556 -16.160172 -37.774475 22.903784 -14.105515
-11.401208 -20.621403 3.888566 -36.119640 7.220518 -3.594547 -28.540798 -36.798599 40.783878 -16.571825 -5.600166 -13.138648 12.510632 -45.631481 15.552008 -11.247457 -31.952845 -27.729364 26.350954 -21.052967 -8.350960 -16.636354 20.822607 -37.211235 15.180702 20.188169 -16.159510 -37.774738 22.906128 -14.104970
-11.400841 -20.620525 3.888795 -36.120251 7.220273 -3.594213 -28.541842 -36.798077 40.784599 -16.571882 -5.599530 -13.139647 12.511651 -45.630802 15.552809 -11.246254 -31.952526 -27.728201 26.350452 -21.052919 -8.350221 -16.634584 20.829376 -37.216034 15.177087 20.185150 -16.160360 -37.773277 22.910004 -14.107734
-11.397003 -20.614452 3.894284 -36.114059 7.219404 -3.595367 -28.542099 -36.804935 40.790833 -16.569664 -5.593975 -13.134933 12.512981 -45.621380 15.550504 -11.236502 -31.971006 -27.738640 26.347401 -21.041960 -8.349326 -16.630949 20.825956 -37.219929 15.171581 20.183195 -16.154495 -37.776104 22.913269 -14.115718
-11.401201 -20.617550 3.883992 -36.110001 7.224813 -3.599643 -28.543493 -36.799351 40.793587 -16.571478 -5.596875 -13.139959 12.512069 -45.620953 15.550666 -11.244168 -31.971561 -27.744709 26.341629 -21.040638 -8.349934 -16.628544 20.825226 -37.221249 15.171347 20.183434 -16.155241 -37.774708 22.913891 -14.117347
-11.398639 -20.615168 3.889890 -36.111164 7.223083 -3.598288 -28.543823 -36.802185 40.792255 -16.570230 -5.597100 -13.140678 12.512294 -45.620739 15.550566 -11.244334 -31.971012 -27.745321 26.341154 -21.040239 -8.348683 -16.629507 20.824469 -37.222530 15.170868 20.181856 -16.155037 -37.775799 22.911629 -14.118742
-11.398025 -20.617643 3.892664 -36.122688 7.216563 -3.600431 -28.543844 -36.806522 40.777084 -16.568903 -5.597810 -13.135465 12.506931 -45.627396 15.549820 -11.240335 -31.964184 -27.733421 26.349977 -21.046206 -8.348700 -16.638287 20.827656 -37.216820 15.175532 20.179613 -16.155672 -37.776493 22.908859 -14.110447
-11.397224 -20.616339 3.892343 -36.122772 7.216507 -3.599888 -28.544708 -36.808243 40.774162 -16.568491 -5.598863 -13.133882 12.504310 -45.627304 15.550137 -11.238509 -31.964802 -27.733829 26.348066 -21.045551 -8.349252 -16.638752 20.827547 -37.216949 15.175447 20.179276 -16.155941 -37.777065 22.908354 -14.109917
-11.397161 -20.616379 3.892596 -36.121304 7.217280 -3.599302 -28.544195 -36.807144 40.775558 -16.567463 -5.597811 -13.135480 12.505830 -45.626545 15.550240 -11.237631 -31.962477 -27.733086 26.349146 -21.046349 -8.348777 -16.638397 20.826706 -37.216232 15.175693 20.179787 -16.154783 -37.775814 22.909676 -14.110761
