0.333227 0.640926 0.938712 0.431802 0.919159
0.335301 0.638944 0.939057 0.431341 0.919256
0.339421 0.633906 0.939650 0.430170 0.919238
0.345969 0.625799 0.940627 0.428287 0.919273
0.353055 0.615422 0.941616 0.425878 0.919134
0.359575 0.603474 0.942437 0.423106 0.918753
0.365473 0.590601 0.943131 0.420121 0.918242
0.369812 0.578098 0.943553 0.417225 0.917584
0.373102 0.567126 0.943851 0.414686 0.916980
0.374822 0.559443 0.943955 0.412908 0.916488
0.375171 0.556621 0.943937 0.412256 0.916268
0.381367 0.550916 0.944824 0.410937 0.917499
0.396454 0.535453 0.946965 0.407365 0.920624
0.416487 0.512029 0.949888 0.401961 0.924964
0.436757 0.483006 0.952974 0.395276 0.929769
0.454164 0.450905 0.955850 0.387897 0.934511
0.465631 0.419163 0.958030 0.380615 0.938675
0.471682 0.390347 0.959582 0.374018 0.942141
0.473081 0.367287 0.960478 0.368747 0.944739
0.472332 0.352006 0.960921 0.365260 0.946406
0.471408 0.346640 0.960994 0.364036 0.946973
0.474243 0.347701 0.961466 0.364278 0.947345
0.481277 0.350685 0.962630 0.364958 0.948302
0.490760 0.354857 0.964204 0.365910 0.949654
0.501192 0.359392 0.965945 0.366945 0.951226
0.509997 0.364345 0.967401 0.368076 0.952694
0.517156 0.368769 0.968585 0.369086 0.953998
0.522989 0.372002 0.969563 0.369825 0.955129
0.526438 0.374518 0.970133 0.370399 0.955891
0.528837 0.375747 0.970540 0.370680 0.956422
0.529820 0.376058 0.970710 0.370751 0.956634
0.529820 0.376058 0.970710 0.370751 0.956634
0.529820 0.376058 0.970710 0.370751 0.956634
0.529820 0.376058 0.970710 0.370751 0.956634
0.529820 0.376058 0.970710 0.370751 0.956634
0.529820 0.376058 0.970710 0.370751 0.956634
0.529820 0.376058 0.970710 0.370751 0.956634
0.529820 0.376058 0.970710 0.370751 0.956634
0.529820 0.376058 0.970710 0.370751 0.956634
0.529820 0.376058 0.970710 0.370751 0.956634
0.529820 0.376058 0.970710 0.370751 0.956634
0.529820 0.376058 0.970710 0.370751 0.956634
0.529820 0.376058 0.970710 0.370751 0.956634
0.529820 0.376058 0.970710 0.370751 0.956634
0.529820 0.376058 0.970710 0.370751 0.956634
0.529820 0.376058 0.970710 0.370751 0.956634
0.529820 0.376058 0.970710 0.370751 0.956634
0.529820 0.376058 0.970710 0.370751 0.956634
0.529820 0.376058 0.970710 0.370751 0.956634
0.529820 0.376058 0.970710 0.370751 0.956634
