5.421700 9.783125 -33.730694 -5.152331 15.298313 11.458517 0.374425 -14.589399 13.560278 42.482697 3.558402 -1.086923 -51.370876 -15.640974 19.545753 -16.297077 9.573625 -3.856285 9.042510 26.735350 1.720649 6.176039 -43.423626 -21.947712 6.821843 -7.721678 -6.293699 -4.817041 21.089447 30.975998
4.297878 8.250508 -35.118607 -5.570426 14.492220 11.904194 1.821006 -14.648790 13.976435 42.671139 3.119341 -1.628821 -53.436638 -17.668524 16.971560 -15.774139 10.554708 -6.104217 5.774199 26.884411 0.827086 4.123448 -45.137203 -22.531487 7.711584 -9.307646 -6.677026 -4.627486 18.671026 30.553873
4.537830 7.651720 -35.626659 -5.418826 14.118021 12.098718 1.787013 -14.683275 14.301718 42.314896 3.677108 -2.165147 -53.994762 -17.537090 16.402628 -15.793307 10.614738 -6.416260 5.816792 26.642679 1.294280 3.434711 -45.499851 -22.568014 7.328634 -9.098516 -7.059857 -4.662470 18.670959 30.299587
4.933733 7.004242 -36.320911 -5.176750 13.746893 12.241920 1.586391 -14.762624 14.455499 41.893982 4.238509 -2.762736 -54.669537 -17.379387 15.852441 -15.734559 10.435744 -6.561370 5.950678 26.315538 1.780796 2.707112 -45.730476 -22.573753 6.850045 -8.722762 -7.505990 -4.687182 18.900620 29.969477
5.413908 6.059356 -37.311779 -4.992488 13.067844 12.286039 1.596795 -14.882992 14.586279 41.101280 5.107978 -3.647350 -55.426025 -17.162291 15.188392 -15.778437 10.403337 -6.515546 6.203582 25.858582 2.555873 1.588982 -45.778461 -22.618532 6.282697 -8.419724 -7.909514 -4.701268 19.006701 29.443430
5.822893 4.779795 -38.558048 -4.776062 12.312284 12.407956 1.628046 -14.939329 14.737036 40.228374 6.090592 -4.734644 -56.315891 -16.902487 14.639571 -15.559168 10.188757 -6.440737 6.464839 24.993528 3.256505 0.427448 -46.211143 -22.646271 5.588067 -7.943651 -8.492428 -4.743512 19.221308 28.961670
6.296985 3.531553 -39.723942 -4.604485 11.401562 12.423796 1.570964 -15.084520 14.875707 39.383312 7.385917 -5.540812 -57.065346 -16.695284 13.746185 -15.191226 9.708438 -6.859358 6.574605 23.880552 4.597242 -0.635610 -46.572407 -22.687819 4.551378 -7.338463 -8.940086 -5.097849 19.003788 28.453888
6.830889 2.307692 -40.654697 -4.415974 10.613557 12.349827 1.511259 -15.425496 15.076483 38.369915 8.613621 -6.071906 -57.599995 -16.662268 12.719625 -15.026628 9.536223 -7.408373 6.543973 22.799463 5.645310 -1.854933 -46.702740 -22.931911 3.492211 -6.671799 -9.571509 -5.453292 18.804768 27.903498
7.472127 0.989354 -41.338692 -4.361940 9.654882 12.239551 1.511690 -15.837239 15.162185 37.005371 10.185162 -6.471636 -57.681641 -16.776134 11.750546 -14.646276 9.599651 -8.057740 6.342136 20.774031 7.195966 -3.546487 -46.464874 -23.527660 1.892564 -5.967197 -10.099825 -5.929761 18.298038 27.091244
8.069060 -0.258583 -42.103981 -4.263421 8.813717 11.964767 1.751137 -16.329556 15.192856 35.438793 11.854163 -6.722159 -57.972202 -16.990993 10.608905 -14.256248 9.837349 -8.860956 6.179986 18.620737 8.645274 -5.284492 -46.029724 -24.168928 0.545522 -5.447468 -10.316518 -6.300300 17.583672 26.073994
8.364167 -1.557821 -42.991531 -4.175363 8.239237 12.015612 1.573462 -16.890335 15.232103 33.669880 13.230965 -6.934355 -58.270893 -17.070936 9.702509 -13.728655 9.597111 -9.799998 6.251061 16.496553 9.661585 -7.027075 -45.592060 -24.370033 -0.100986 -4.814185 -10.850164 -6.710760 17.016657 24.789185
9.325263 -2.396819 -44.051968 -4.046390 7.230686 11.417341 2.050688 -17.586899 15.100191 32.244141 15.015642 -7.235553 -58.758667 -17.118170 8.618029 -13.589452 9.873614 -10.724802 6.096618 14.650702 11.161282 -8.399848 -45.623871 -24.784277 -1.405332 -4.527053 -10.779030 -7.245574 16.198391 24.199173
10.067530 -3.502997 -44.932594 -3.947596 6.616331 11.401257 1.955377 -18.227625 15.184641 30.205912 16.692749 -7.872136 -58.595501 -17.070663 8.060098 -12.841408 9.482666 -11.363636 5.818165 12.560803 11.961330 -9.902388 -45.512146 -25.026735 -2.053963 -3.854475 -11.144585 -7.703754 15.701198 23.026367
10.899901 -4.350627 -45.299656 -3.821517 6.092837 11.285551 2.122216 -18.610498 15.194449 28.553581 17.768412 -8.399774 -58.515324 -17.031487 7.715914 -12.417431 9.242816 -11.640023 5.697355 11.306953 12.732249 -11.082646 -45.457550 -25.091257 -2.468740 -3.496852 -11.231217 -7.862125 15.420169 21.997963
11.581828 -4.884007 -45.665630 -3.701291 5.738923 11.091076 2.307423 -18.961679 15.382496 27.304441 18.728371 -8.848507 -58.218346 -16.960405 7.475448 -12.057395 9.057181 -12.042182 5.484728 10.111378 13.614881 -12.049904 -45.316833 -25.167118 -2.873374 -3.292269 -11.133516 -8.120909 15.176017 21.009026
12.149757 -5.342330 -45.672913 -3.656387 5.581295 11.001198 2.414852 -19.181274 15.443900 26.187731 19.467638 -9.102161 -57.964294 -16.935505 7.307185 -11.701900 8.858706 -12.334252 5.262260 9.140424 14.364191 -12.751868 -44.885464 -25.273149 -3.083782 -3.124964 -11.014062 -8.234491 14.820381 20.065298
12.785721 -5.653530 -45.656502 -3.644504 5.350474 10.862047 2.485922 -19.462536 15.355974 25.327375 20.017927 -9.310174 -57.729347 -16.898642 7.234062 -11.335697 8.687014 -12.494287 5.094805 8.369473 15.055009 -13.228965 -44.432598 -25.409410 -3.339879 -2.787796 -11.132358 -8.461871 14.502028 19.306576
13.188419 -5.990263 -45.656368 -3.652874 5.244214 10.845203 2.497249 -19.592176 15.328836 24.660467 20.445486 -9.481626 -57.557190 -16.882818 7.212017 -10.954049 8.499892 -12.621294 4.928411 7.682390 15.542743 -13.627039 -44.224380 -25.471647 -3.503728 -2.627376 -11.050330 -8.531214 14.246188 18.814041
13.483727 -6.194927 -45.565720 -3.614426 5.238259 10.819962 2.524428 -19.644005 15.330803 24.229673 20.790783 -9.571421 -57.345505 -16.916359 7.225787 -10.785431 8.450835 -12.684931 4.781603 7.121164 16.015377 -13.853672 -44.001194 -25.521717 -3.646382 -2.603146 -10.923321 -8.645387 14.036517 18.364645
13.561543 -6.254117 -45.452065 -3.606132 5.273529 10.839848 2.491878 -19.689493 15.345542 24.044231 20.858614 -9.587211 -57.215546 -16.939037 7.222208 -10.685907 8.384359 -12.707717 4.712233 6.994110 16.033108 -13.937001 -43.864628 -25.542604 -3.620394 -2.522457 -10.941583 -8.642800 14.009510 18.176044
13.197670 -6.253583 -45.416180 -3.606490 5.634341 11.301148 1.933278 -19.589359 15.525262 24.147102 20.268576 -9.491897 -57.573944 -16.836065 7.503402 -10.545621 7.817310 -12.800658 4.953144 7.429841 15.532743 -13.856821 -44.168259 -25.493526 -3.388969 -2.316556 -11.210799 -8.496062 14.421655 18.164881
11.926660 -6.211675 -44.872803 -3.653597 6.858651 12.577361 0.602626 -19.075516 15.881927 24.701101 18.654854 -9.330315 -58.058170 -16.705961 8.314013 -9.981752 6.448714 -12.685576 5.542697 8.443625 13.658016 -13.060938 -44.450909 -25.583426 -2.518107 -1.651777 -11.945328 -7.930245 15.672136 18.067289
9.837788 -5.566961 -43.830063 -3.559961 9.391139 14.210052 -0.920583 -17.860834 17.269382 25.231291 15.753585 -9.466578 -58.120068 -17.094040 9.776577 -8.888657 4.828905 -11.692653 6.609670 9.097778 10.291058 -11.752076 -44.791977 -25.616581 -0.678917 -0.739899 -13.073238 -6.828014 17.566687 18.245403
8.061938 -3.377631 -42.028141 -3.154457 12.737430 15.306204 -2.391702 -16.402040 20.029093 25.200293 10.960886 -9.223686 -58.432339 -17.859468 12.164183 -7.474897 3.456188 -10.888256 7.126819 10.368935 7.378973 -8.585035 -44.778545 -24.497955 3.151557 0.576146 -13.540460 -6.073580 18.419476 17.664066
4.785893 -0.346953 -40.396027 -2.818769 16.450134 14.988012 -1.813141 -16.215776 22.969152 24.401291 7.154687 -7.939837 -57.252365 -19.671978 13.519099 -7.156622 4.518898 -11.863538 6.444621 10.320802 4.257736 -5.204854 -44.058483 -24.335052 6.667663 0.617433 -12.010516 -6.855957 18.154116 15.527528
0.601714 0.318599 -38.866096 -2.653184 19.131624 13.635418 0.040360 -16.612415 24.843811 23.961784 2.378329 -4.362483 -53.554646 -23.796015 13.968394 -7.450188 6.257140 -13.127337 5.671738 10.436922 -1.752418 -4.410743 -43.391247 -27.661377 6.945347 -1.727226 -8.840346 -8.790359 17.559887 15.309751
-4.602649 1.590044 -38.905170 -4.675228 19.923414 12.629588 2.323779 -16.630047 25.940237 23.610443 -0.526756 0.897136 -50.269436 -27.800884 13.139505 -9.387799 8.538369 -15.164499 7.001390 8.292071 -8.225702 -5.106448 -43.680294 -31.335636 6.606453 -4.257732 -5.302901 -10.735705 16.652378 15.231081
-9.400198 3.052174 -38.445251 -9.609002 18.358902 11.919963 3.335517 -18.851467 24.903807 20.855061 -3.613472 5.694489 -47.382374 -28.578917 14.153882 -10.606872 6.309308 -17.810492 9.062896 8.378774 -11.592756 -3.903047 -42.201008 -32.499104 8.370727 -6.050691 -3.823768 -13.381923 16.501572 12.318965
-11.630811 5.505738 -35.294212 -14.429317 16.333172 10.838327 3.247667 -21.798773 23.147505 18.204817 -6.582472 8.973001 -43.330738 -29.121965 16.327921 -11.658020 4.413867 -18.657488 11.347258 8.067652 -14.507974 -0.959733 -41.027473 -32.741493 11.515521 -7.025756 -0.812643 -15.850955 16.373959 7.038023
-13.142632 6.474814 -31.950825 -18.254896 15.062022 9.396118 2.693622 -24.725592 21.953783 15.234035 -8.551450 9.328712 -38.151501 -30.508783 18.245668 -11.688273 3.135990 -20.069195 11.176087 6.068299 -15.007487 3.471581 -37.393063 -32.195496 14.747084 -5.682735 -1.535028 -16.176960 16.896250 2.875962
-14.659857 6.259890 -28.710608 -21.395697 14.950936 8.717357 2.299120 -26.805311 21.196455 11.647412 -9.928508 7.767550 -34.246517 -31.712519 19.866102 -11.336221 2.373115 -21.327417 10.292916 3.802077 -14.403925 4.479248 -34.819553 -33.105125 16.134165 -4.278510 -0.852124 -17.194548 16.207649 -2.291367
-15.640692 5.907781 -26.367550 -23.206036 14.997846 7.959983 3.467008 -29.751217 19.295229 7.840632 -11.222124 6.637819 -30.780071 -32.936413 20.866749 -10.490582 2.808774 -24.417349 7.746478 0.507360 -14.217428 4.473124 -32.256985 -34.895264 16.504511 -3.491956 1.342264 -18.902113 12.953019 -5.600153
-16.057236 3.625095 -24.728369 -23.547756 14.778229 6.732990 3.658149 -32.257877 17.798468 6.090863 -10.918996 4.173826 -27.558723 -33.324825 21.005533 -10.379272 2.756656 -27.171667 5.726574 -2.107552 -14.372958 2.904170 -29.039635 -36.183083 16.486706 -2.006252 0.501848 -21.472889 8.953795 -5.999768
-15.878900 2.027057 -22.340092 -23.798796 14.019645 3.917967 2.845467 -34.712692 17.884615 5.512258 -10.311770 2.624814 -24.643452 -34.509472 19.671461 -11.315403 2.582515 -28.405289 5.512079 -3.530919 -14.331558 2.583959 -25.572079 -38.403259 14.559546 -0.859339 -1.430299 -22.220278 7.737472 -4.671418
-14.274945 -0.228485 -20.178675 -24.556601 11.751945 1.382489 0.449926 -36.973385 17.985243 6.086381 -8.775151 0.875607 -22.298582 -35.619732 17.281681 -12.618155 1.532632 -29.409651 5.902333 -3.604984 -13.512078 2.613088 -23.132723 -40.466446 12.415563 0.143052 -3.844163 -22.386927 7.663307 -2.032959
-12.948151 -0.004711 -18.895758 -26.367680 9.583946 -0.184619 -1.302724 -37.709366 19.021496 5.618063 -6.761822 0.164474 -20.156292 -37.437946 14.393539 -13.906153 0.504601 -29.994175 7.445631 -4.573495 -12.298720 4.056143 -20.971737 -42.903217 9.917702 1.523784 -5.336513 -22.244808 8.731234 -1.448343
-11.795790 -1.463713 -16.421612 -27.111214 8.331604 -1.611650 -3.216718 -39.315872 18.862900 5.542019 -5.020395 -0.087949 -18.053219 -38.219936 12.828358 -14.624998 -1.264575 -31.206589 8.137750 -5.277487 -10.750132 4.708921 -18.598669 -44.867836 7.677886 2.099364 -6.461536 -22.475250 8.862815 -0.551521
-10.029610 -1.658964 -14.959950 -27.856447 6.989187 -2.199546 -4.411210 -39.443661 18.846037 5.055686 -3.379396 -0.296226 -16.629038 -38.629044 11.783460 -14.622498 -2.759134 -31.363550 8.740001 -6.348512 -9.425349 6.020164 -18.014519 -46.240990 6.022767 3.438750 -6.749230 -22.169565 10.417521 -1.823464
-8.876491 -1.896946 -13.944983 -28.409698 6.441265 -2.270688 -5.373111 -39.530731 18.891012 3.712901 -2.618393 -0.550180 -15.891916 -38.782280 11.059888 -14.117860 -4.142402 -31.568935 8.838410 -6.928348 -8.783823 5.956792 -16.439415 -46.580154 5.755503 3.740900 -7.583364 -22.204088 10.268833 -2.032852
-8.356508 -2.044378 -13.646475 -28.433870 6.068660 -2.351079 -6.057024 -39.566185 19.036974 3.660748 -2.284655 -0.773148 -15.650204 -38.754303 10.721395 -13.923890 -5.090821 -31.655897 9.019328 -6.975594 -8.545855 5.950914 -15.954259 -46.741558 5.448594 3.940954 -8.036896 -21.966137 10.376296 -1.868172
-8.415990 -2.001690 -13.616088 -28.431316 6.152370 -2.399611 -6.075381 -39.630222 19.075499 3.603867 -2.330945 -0.721148 -15.522657 -38.745850 10.782265 -13.917989 -5.172147 -31.781530 8.989822 -6.962981 -8.571910 5.953837 -15.809149 -46.769890 5.539723 3.947167 -8.073771 -22.033377 10.300561 -1.880957
-8.463227 -2.090924 -13.285337 -28.358536 6.357327 -2.460955 -6.505121 -39.985943 19.162363 3.443191 -2.424739 -0.828332 -15.119387 -38.706913 10.990938 -13.821010 -5.466735 -32.164558 8.877110 -7.135011 -8.763819 5.979468 -15.408961 -46.885979 5.777534 4.107092 -8.264097 -22.192558 10.098548 -1.877831
-8.751176 -2.261491 -12.754429 -28.236746 6.844030 -2.461682 -6.881716 -40.359947 19.247765 3.276598 -2.611288 -1.043583 -14.672214 -38.698673 11.245378 -13.690493 -5.849194 -32.507793 8.780583 -7.261116 -8.991696 5.926427 -14.891632 -46.967052 6.130538 4.163968 -8.396341 -22.326149 9.958688 -2.076092
-9.230637 -2.014650 -12.105960 -28.272556 7.401278 -2.438529 -7.141114 -40.642834 19.415964 2.939067 -3.006968 -1.125851 -14.027854 -38.662945 11.797449 -13.584106 -6.291247 -32.805038 8.736404 -7.369838 -9.453109 5.947886 -14.084892 -47.004692 6.933778 3.969790 -8.551048 -22.615822 9.862305 -2.317071
-9.465307 -2.269214 -11.322334 -28.089617 7.885191 -2.370321 -8.004770 -41.229210 19.645975 2.534953 -3.083804 -1.493062 -13.112709 -38.692730 12.106384 -13.192109 -7.495267 -33.358807 8.737034 -7.921508 -9.414398 5.372722 -12.923238 -47.010399 7.496050 4.307259 -9.426560 -23.391132 9.493485 -2.754465
-9.795447 -2.913815 -10.581371 -28.023069 8.368703 -2.176571 -8.782848 -41.672337 19.904310 1.853380 -3.356589 -2.116474 -12.288333 -38.757950 12.336608 -12.679096 -8.828234 -33.745209 8.763933 -8.351125 -9.794871 4.633737 -11.822864 -47.366936 7.970353 4.835356 -10.128244 -23.736946 9.449389 -3.683051
-10.601575 -3.324709 -9.715639 -28.003441 9.093314 -1.926238 -9.366720 -42.098850 20.155342 1.031191 -4.008629 -2.799379 -11.363723 -38.654892 12.899077 -12.057710 -10.277278 -34.186672 8.528934 -8.615178 -10.077008 3.761620 -10.652386 -47.575119 8.551761 4.992346 -10.965129 -23.937906 9.710928 -4.827734
-10.870267 -3.943186 -9.167677 -28.149954 9.518149 -1.560026 -9.751327 -42.355770 20.293703 -0.249899 -4.718628 -2.955414 -10.520979 -38.600407 13.574421 -11.516363 -11.488495 -34.398098 8.610952 -8.912567 -10.727946 2.941807 -10.074659 -47.846001 8.972542 5.157724 -11.276071 -23.968431 9.972636 -5.899518
-11.453737 -4.461787 -8.641458 -28.274281 10.191157 -0.978542 -9.845723 -42.409924 20.567896 -1.741525 -5.429018 -2.786327 -9.395539 -38.640469 14.525132 -10.894807 -12.165213 -34.566242 8.666270 -9.716717 -11.370386 1.659598 -9.257801 -48.240387 9.453164 5.660086 -11.988109 -23.799450 10.246856 -7.198707
-12.315253 -5.543360 -8.401824 -28.478319 10.689438 -0.197022 -10.537608 -42.645241 21.108088 -3.399790 -5.857190 -3.093359 -7.923622 -38.548103 15.874266 -10.115699 -12.989105 -34.502403 8.830249 -11.040615 -11.969311 -0.113921 -8.283859 -48.259357 10.326349 5.631420 -13.029494 -23.775576 11.007319 -8.884066
-12.870889 -7.133826 -8.138722 -28.504911 11.248034 0.281297 -11.396220 -42.855106 21.992939 -4.990730 -6.491680 -4.113407 -6.553208 -38.419189 16.868603 -9.898107 -14.526597 -34.572876 9.580207 -11.808187 -12.948940 -1.690702 -7.556420 -48.441200 11.114626 5.754681 -14.377275 -23.977821 11.892614 -10.063495
-13.732696 -8.612080 -7.835906 -28.482046 12.237832 0.979178 -12.444072 -43.002888 23.082556 -6.575296 -6.943835 -4.671031 -4.815509 -38.354534 18.325865 -9.439414 -16.370132 -34.845177 10.392377 -13.035870 -14.087329 -2.591329 -6.591707 -48.327717 12.512297 5.775166 -15.517452 -24.292742 13.000133 -11.745627
-13.650019 -9.890965 -6.826411 -28.084267 13.431090 1.652942 -13.950851 -42.914474 23.887676 -7.926375 -7.214011 -5.204435 -2.685996 -38.110806 20.012571 -9.191946 -18.476439 -34.935585 11.347136 -14.027871 -14.263545 -3.629600 -5.230022 -48.151554 13.541323 6.108406 -16.871485 -24.430752 13.651599 -13.328330
-13.633307 -11.039885 -5.880678 -27.667070 14.447584 2.216486 -15.372649 -42.702335 24.718203 -9.029970 -7.512950 -5.727373 -1.035009 -37.712570 21.779514 -8.886795 -20.292339 -34.684624 12.335867 -14.926623 -14.470277 -4.465681 -3.956377 -47.994732 14.295689 6.238210 -18.216593 -24.582439 14.796309 -14.835612
-13.683836 -12.171429 -5.041519 -27.335077 15.067226 2.497205 -16.571749 -42.690960 25.600979 -10.122325 -7.547514 -6.408784 0.667385 -37.249786 23.319118 -8.525601 -22.289257 -34.580933 13.226098 -15.755664 -14.516231 -5.176241 -2.823313 -48.142960 14.862278 6.550855 -19.274748 -24.444437 16.025253 -16.495628
-13.535164 -13.239785 -4.046814 -27.272575 15.748467 2.827189 -17.549044 -42.632267 26.455105 -11.684425 -7.716358 -6.833606 2.210229 -36.812828 24.762012 -8.255791 -23.942812 -34.205708 14.124898 -16.326193 -14.728305 -5.752735 -1.225483 -48.230019 15.559884 6.990624 -20.569384 -24.164768 16.935694 -17.860737
-13.196238 -14.095517 -3.493042 -27.037382 16.073597 3.088139 -18.361273 -42.529125 27.174284 -13.183033 -7.540284 -7.195642 3.317812 -36.334068 25.658361 -7.993441 -25.425106 -33.986259 14.645698 -17.068684 -14.410252 -5.992084 0.046854 -48.411388 15.829743 7.178861 -21.091309 -24.052057 17.246996 -19.279922
-12.997460 -15.217563 -2.650939 -26.852871 16.608582 3.187521 -18.928308 -42.178734 27.961851 -14.278863 -7.332496 -7.508379 4.495260 -36.122814 26.392046 -7.793672 -26.552700 -33.874271 14.987053 -17.807903 -14.004683 -6.179842 1.788899 -48.738419 16.009861 7.392799 -21.782698 -24.150942 17.362839 -20.503763
-13.039880 -16.152580 -2.076452 -26.733002 17.086491 3.231394 -19.059649 -41.944294 28.458786 -15.108022 -7.230036 -7.817667 5.260689 -35.940441 26.736565 -7.726821 -27.310217 -33.990906 15.259039 -18.342157 -13.690139 -6.420995 3.273994 -49.038719 16.072083 7.667924 -22.500223 -24.325476 17.328543 -21.161491
-12.994071 -16.421608 -1.955847 -26.662931 17.172920 3.249995 -19.072273 -41.922588 28.528488 -15.393302 -7.154659 -7.908159 5.490773 -35.850327 26.808432 -7.688234 -27.500221 -34.036350 15.289184 -18.566927 -13.584211 -6.478065 3.568472 -49.082222 16.057043 7.776332 -22.673771 -24.405500 17.297142 -21.348776
-12.996343 -16.394186 -1.981080 -26.669157 17.180447 3.250056 -19.054996 -41.891029 28.522310 -15.411932 -7.144310 -7.880753 5.498147 -35.806496 26.808971 -7.662285 -27.553778 -34.075630 15.278266 -18.532801 -13.570446 -6.463488 3.582966 -49.074490 16.057093 7.792078 -22.700365 -24.397249 17.271357 -21.313225
-12.980380 -16.340626 -1.993381 -26.679928 17.179304 3.276903 -19.018126 -41.878365 28.503235 -15.443967 -7.144378 -7.841216 5.494143 -35.814293 26.847240 -7.662884 -27.504118 -34.042271 15.274467 -18.570656 -13.582479 -6.438076 3.548503 -49.072483 16.057533 7.796902 -22.679506 -24.395790 17.274649 -21.322443
-12.984511 -16.331993 -1.988088 -26.681776 17.183300 3.283396 -19.012783 -41.884258 28.500904 -15.442929 -7.139159 -7.847973 5.500162 -35.824848 26.831600 -7.665190 -27.524181 -34.062859 15.271938 -18.563654 -13.582782 -6.418968 3.537464 -49.077991 16.054598 7.810344 -22.669254 -24.395849 17.270454 -21.331066
-12.971624 -16.306940 -1.968893 -26.706600 17.166218 3.308213 -19.014601 -41.882793 28.494694 -15.448336 -7.150262 -7.871131 5.494748 -35.869980 26.848522 -7.690087 -27.464594 -34.008678 15.272769 -18.603594 -13.596203 -6.449224 3.532465 -49.086861 16.061985 7.774423 -22.639633 -24.401442 17.269907 -21.366627
-12.973494 -16.312813 -1.960396 -26.696470 17.167873 3.305053 -19.023943 -41.880726 28.511171 -15.432079 -7.154554 -7.854066 5.484024 -35.877316 26.828871 -7.689672 -27.450556 -34.008358 15.296119 -18.595278 -13.594771 -6.448153 3.539802 -49.081402 16.057055 7.787042 -22.638506 -24.401472 17.298252 -21.365589
-12.983293 -16.313364 -1.968845 -26.706718 17.161003 3.299619 -19.022858 -41.871674 28.513853 -15.427418 -7.148982 -7.860410 5.479125 -35.877712 26.820471 -7.688880 -27.452927 -34.003033 15.300434 -18.594549 -13.589219 -6.445477 3.537054 -49.080429 16.061197 7.790225 -22.637323 -24.402880 17.287670 -21.368704
-12.995464 -16.334288 -1.980923 -26.695875 17.172594 3.267234 -19.043394 -41.862270 28.526012 -15.415805 -7.134077 -7.858598 5.486603 -35.832668 26.793655 -7.668893 -27.546238 -34.068455 15.286960 -18.536491 -13.579752 -6.438296 3.558202 -49.076687 16.063972 7.812190 -22.684715 -24.398535 17.264626 -21.316870
-12.984615 -16.323948 -1.990782 -26.701727 17.159618 3.269415 -19.053810 -41.848568 28.531721 -15.424691 -7.129645 -7.840831 5.475688 -35.836872 26.785275 -7.667552 -27.523695 -34.041660 15.315616 -18.562918 -13.582942 -6.430531 3.533203 -49.085724 16.036070 7.805595 -22.669193 -24.371784 17.293594 -21.328903
-12.983715 -16.334587 -1.986951 -26.691387 17.154871 3.265328 -19.066200 -41.854897 28.540735 -15.408381 -7.124999 -7.861823 5.472092 -35.830902 26.780399 -7.671438 -27.551668 -34.043541 15.319812 -18.557421 -13.588271 -6.439500 3.529680 -49.086002 16.030973 7.804856 -22.683180 -24.364185 17.302229 -21.316219
-12.943822 -16.228155 -1.990745 -26.729198 17.146982 3.317827 -19.041553 -41.809334 28.516794 -15.463809 -7.123784 -7.815882 5.473164 -35.836926 26.814108 -7.664278 -27.496664 -34.005165 15.316671 -18.601479 -13.591016 -6.446213 3.529826 -49.089092 16.032619 7.799234 -22.681519 -24.360622 17.287132 -21.313301
-12.931365 -16.209616 -1.966898 -26.741098 17.136084 3.339527 -19.034283 -41.812309 28.515387 -15.466391 -7.140515 -7.807976 5.462615 -35.887794 26.826494 -7.685621 -27.404278 -33.946262 15.332503 -18.645222 -13.598133 -6.449624 3.524301 -49.090626 16.029734 7.784362 -22.631134 -24.370813 17.315186 -21.364368
-12.939377 -16.213442 -1.966437 -26.746075 17.131077 3.335180 -19.038681 -41.813000 28.520531 -15.454079 -7.140733 -7.812524 5.461858 -35.896542 26.821657 -7.692924 -27.419760 -33.953846 15.325740 -18.642429 -13.603333 -6.461860 3.522249 -49.094872 16.028036 7.779176 -22.644539 -24.375116 17.291061 -21.345018
-12.951734 -16.231607 -1.979602 -26.728119 17.141373 3.312395 -19.048597 -41.807526 28.539930 -15.438104 -7.122813 -7.813725 5.473091 -35.852680 26.799223 -7.672096 -27.502510 -34.013752 15.316487 -18.587912 -13.589220 -6.441959 3.534271 -49.087555 16.035131 7.798953 -22.681479 -24.370340 17.277336 -21.309956
-12.952096 -16.234432 -1.987048 -26.730696 17.139933 3.301473 -19.061287 -41.799812 28.541986 -15.437842 -7.121955 -7.808005 5.464738 -35.859547 26.786449 -7.672736 -27.500950 -34.009621 15.331126 -18.589849 -13.587012 -6.435270 3.532660 -49.090031 16.026598 7.803468 -22.676701 -24.365582 17.285076 -21.316330
-8.581906 -12.611753 -2.735481 -24.568567 19.535578 5.923691 -18.172018 -41.395031 25.654772 -20.193821 -5.050913 -6.387319 5.143011 -30.981203 32.527176 -7.655075 -24.434063 -30.220358 17.553471 -22.174143 -13.201758 -13.271657 12.804765 -52.023445 12.804353 -1.122113 -26.199915 -20.934763 30.857159 -15.470254
-8.581906 -12.611753 -2.735481 -24.568567 19.535578 5.923691 -18.172018 -41.395031 25.654772 -20.193821 -5.050913 -6.387319 5.143011 -30.981203 32.527176 -7.655075 -24.434063 -30.220358 17.553471 -22.174143 -13.201758 -13.271657 12.804765 -52.023445 12.804353 -1.122113 -26.199915 -20.934763 30.857159 -15.470254
-8.581906 -12.611753 -2.735481 -24.568567 19.535578 5.923691 -18.172018 -41.395031 25.654772 -20.193821 -5.050913 -6.387319 5.143011 -30.981203 32.527176 -7.655075 -24.434063 -30.220358 17.553471 -22.174143 -13.201758 -13.271657 12.804765 -52.023445 12.804353 -1.122113 -26.199915 -20.934763 30.857159 -15.470254
-8.581906 -12.611753 -2.735481 -24.568567 19.535578 5.923691 -18.172018 -41.395031 25.654772 -20.193821 -5.050913 -6.387319 5.143011 -30.981203 32.527176 -7.655075 -24.434063 -30.220358 17.553471 -22.174143 -13.201758 -13.271657 12.804765 -52.023445 12.804353 -1.122113 -26.199915 -20.934763 30.857159 -15.470254
-8.581906 -12.611753 -2.735481 -24.568567 19.535578 5.923691 -18.172018 -41.395031 25.654772 -20.193821 -5.050913 -6.387319 5.143011 -30.981203 32.527176 -7.655075 -24.434063 -30.220358 17.553471 -22.174143 -13.201758 -13.271657 12.804765 -52.023445 12.804353 -1.122113 -26.199915 -20.934763 30.857159 -15.470254
-9.151300 -13.135756 -3.033376 -25.060999 18.838839 6.544296 -17.571468 -42.283829 25.034773 -19.929491 -6.356209 -7.363365 4.053692 -32.478336 31.090940 -7.191179 -23.938646 -32.656696 13.988778 -21.693708 -14.132553 -14.251001 11.180432 -52.702675 12.975871 -1.874798 -27.915106 -20.901798 28.049593 -15.019238
-9.303829 -13.348593 -3.113707 -24.888374 18.947313 6.596143 -17.201283 -42.290894 25.160378 -19.943430 -6.530523 -7.431423 3.944848 -32.553158 31.037937 -7.038734 -23.646376 -32.644688 14.002869 -21.702654 -14.226583 -13.899202 10.957749 -52.260307 13.396054 -1.598767 -28.090267 -21.183102 27.670500 -15.022447
-9.258052 -13.239053 -3.137497 -25.013548 18.922764 6.590986 -17.202297 -42.290329 25.041477 -20.035118 -6.553634 -7.518570 3.926825 -32.608055 31.013502 -7.109638 -23.472029 -32.555683 14.036809 -21.763422 -14.135154 -13.787421 11.047802 -52.196281 13.533669 -1.751354 -28.034304 -21.265005 27.780663 -15.177260
-9.221609 -13.227297 -3.055683 -24.986177 18.875948 6.659157 -17.208508 -42.383358 25.055609 -19.978685 -6.560728 -7.533564 3.892598 -32.599445 30.996021 -7.149134 -23.520020 -32.609219 13.990529 -21.743238 -14.178309 -13.855130 11.050234 -52.212914 13.509791 -1.763785 -28.025845 -21.273998 27.700035 -15.072168
-9.214212 -13.223866 -3.032763 -24.986786 18.871128 6.665794 -17.210245 -42.398567 25.053270 -19.966402 -6.562191 -7.537078 3.880344 -32.600964 30.998974 -7.156478 -23.532734 -32.602112 13.980132 -21.733648 -14.196286 -13.887174 11.051167 -52.212997 13.504289 -1.762356 -28.022957 -21.266581 27.692993 -15.030896
-9.211487 -13.221610 -3.031387 -24.990107 18.868023 6.666361 -17.211056 -42.398533 25.050989 -19.968489 -6.559088 -7.534646 3.879525 -32.598297 31.001228 -7.154949 -23.533791 -32.599667 13.980597 -21.734888 -14.192169 -13.887589 11.050972 -52.211735 13.503339 -1.762674 -28.022179 -21.269176 27.693892 -15.034424
-9.216995 -13.224466 -3.025620 -24.992107 18.869078 6.658692 -17.212431 -42.397278 25.058743 -19.967056 -6.556891 -7.539147 3.886394 -32.596947 30.996214 -7.154920 -23.539839 -32.606464 13.979350 -21.732883 -14.194873 -13.884014 11.048467 -52.209759 13.500757 -1.756009 -28.016220 -21.269558 27.697966 -15.038419
-9.218219 -13.226462 -3.025924 -24.991024 18.871014 6.659986 -17.213089 -42.395348 25.059336 -19.965197 -6.558215 -7.541842 3.884948 -32.599525 30.996281 -7.154542 -23.537964 -32.603764 13.978390 -21.734221 -14.195456 -13.884897 11.048930 -52.210258 13.501256 -1.756527 -28.017145 -21.270369 27.694183 -15.036553
-9.218380 -13.226590 -3.026248 -24.991156 18.871199 6.659707 -17.212776 -42.394840 25.059156 -19.965343 -6.558577 -7.541148 3.884649 -32.599781 30.995382 -7.154168 -23.536858 -32.603867 13.979913 -21.734732 -14.194610 -13.885770 11.051244 -52.211449 13.500367 -1.757579 -28.016874 -21.270342 27.695877 -15.037250
-9.218980 -13.221990 -3.023982 -24.963337 18.883411 6.661880 -17.198517 -42.384293 25.110401 -19.961515 -6.556139 -7.544052 3.883042 -32.583626 30.996986 -7.153743 -23.559906 -32.620396 13.970758 -21.720427 -14.198911 -13.896116 11.045027 -52.212097 13.502270 -1.761820 -28.034525 -21.274294 27.673294 -15.008134
-9.222462 -13.227313 -3.037722 -24.965988 18.885580 6.660378 -17.196926 -42.382847 25.093313 -19.962313 -6.568087 -7.542574 3.879437 -32.601650 30.997911 -7.158394 -23.537634 -32.603195 13.980509 -21.730513 -14.200886 -13.881111 11.038877 -52.215137 13.499374 -1.760796 -28.027142 -21.272583 27.694006 -15.027850
-9.220818 -13.224371 -3.036712 -24.967419 18.884356 6.663914 -17.198965 -42.382126 25.093012 -19.961933 -6.569336 -7.541828 3.878330 -32.603493 30.996593 -7.160248 -23.532957 -32.601761 13.982715 -21.731449 -14.199772 -13.880630 11.037726 -52.214863 13.500512 -1.761824 -28.025738 -21.271385 27.697178 -15.033229
-9.220097 -13.225668 -3.037179 -24.967350 18.884338 6.663633 -17.197844 -42.381149 25.093782 -19.964474 -6.566152 -7.539776 3.878204 -32.600502 30.999063 -7.158539 -23.533710 -32.599899 13.983609 -21.733152 -14.197379 -13.880414 11.038656 -52.214622 13.501274 -1.760832 -28.023672 -21.273945 27.691980 -15.035893
-9.219861 -13.227155 -3.036672 -24.964314 18.886194 6.666431 -17.198263 -42.378895 25.098036 -19.964020 -6.565853 -7.540370 3.879097 -32.600288 30.999407 -7.158450 -23.533051 -32.599850 13.983592 -21.733383 -14.197389 -13.880176 11.038448 -52.214451 13.501152 -1.760782 -28.022938 -21.273859 27.693039 -15.036455
-9.221207 -13.226265 -3.032251 -24.967455 18.884329 6.663464 -17.203022 -42.377453 25.103931 -19.962563 -6.564845 -7.541037 3.881217 -32.600380 30.998972 -7.157223 -23.533657 -32.599548 13.985205 -21.735262 -14.197166 -13.880003 11.038230 -52.214596 13.500838 -1.760640 -28.022310 -21.273159 27.693766 -15.037047
-9.217376 -13.220182 -3.026757 -24.961260 18.883453 6.662311 -17.203281 -42.384315 25.110161 -19.960344 -6.559292 -7.536323 3.882552 -32.590958 30.996675 -7.147477 -23.552137 -32.609982 13.982156 -21.724306 -14.201760 -13.889968 11.040126 -52.210167 13.500776 -1.757898 -28.023186 -21.275261 27.686937 -15.019387
-9.221575 -13.223293 -3.037057 -24.957207 18.888870 6.658033 -17.204666 -42.378727 25.112921 -19.962160 -6.562192 -7.541345 3.881646 -32.590534 30.996834 -7.155143 -23.552683 -32.616055 13.976384 -21.722979 -14.202956 -13.889796 11.038701 -52.211136 13.499504 -1.760084 -28.025223 -21.277021 27.682449 -15.013246
-9.219006 -13.220913 -3.031159 -24.958370 18.887135 6.659389 -17.205009 -42.381561 25.111586 -19.960911 -6.562415 -7.542067 3.881863 -32.590328 30.996735 -7.155308 -23.552147 -32.616665 13.975907 -21.722586 -14.203149 -13.889392 11.040667 -52.211590 13.498860 -1.759122 -28.025234 -21.277161 27.681141 -15.011318
-9.218392 -13.223377 -3.028386 -24.969868 18.880617 6.657243 -17.205019 -42.385891 25.096405 -19.959583 -6.563126 -7.536850 3.876510 -32.596970 30.995975 -7.151319 -23.545313 -32.604771 13.984731 -21.728546 -14.202185 -13.885265 11.039265 -52.209400 13.500687 -1.755462 -28.019384 -21.277689 27.696352 -15.027859
-9.218509 -13.222622 -3.028705 -24.971510 18.879473 6.656731 -17.205299 -42.387283 25.094885 -19.960093 -6.563403 -7.536071 3.875762 -32.597382 30.995455 -7.151499 -23.545532 -32.605103 13.984746 -21.728483 -14.201816 -13.885611 11.039131 -52.209469 13.500216 -1.755573 -28.019873 -21.277620 27.696716 -15.027854
-9.218441 -13.222671 -3.028453 -24.970045 18.880245 6.657312 -17.204788 -42.386204 25.096292 -19.959066 -6.562356 -7.537671 3.877277 -32.596626 30.995548 -7.150615 -23.543215 -32.604374 13.985829 -21.729277 -14.201183 -13.884258 11.039673 -52.208950 13.499859 -1.754658 -28.018892 -21.277744 27.698547 -15.028210
