-10.427191 -11.949310 -13.106214 -26.961725 29.608356 -6.553236 -22.932140 -31.403797 14.017315 -26.279783 -7.523766 -9.289875 13.880233 -22.852615 25.894375 9.813609 -14.207331 -39.296520 30.376694 -14.344145 -14.303745 -13.795119 10.787619 -52.151035 13.552704 -1.820182 -27.784859 -21.245991 27.639164 -14.908623
-10.685585 -11.183836 -13.684456 -27.226385 29.029135 -6.616815 -22.684404 -31.615269 13.459515 -25.287537 -7.574394 -8.884222 13.114795 -22.971712 25.612597 9.721868 -13.374681 -39.210480 30.090523 -13.842868 -14.599306 -13.511985 9.279031 -51.872597 13.411754 -2.023811 -26.907120 -21.068949 27.557791 -14.360878
-11.188974 -10.189954 -14.568609 -27.629255 28.263630 -6.812777 -22.093809 -31.962351 12.601531 -23.882885 -7.550035 -8.537482 11.972492 -23.089037 24.975088 9.467512 -12.362747 -39.309494 29.815769 -13.166066 -14.955075 -13.305836 7.520830 -51.630146 13.145436 -2.226767 -25.898033 -20.961971 27.291887 -13.348727
-11.775332 -9.430560 -15.190815 -27.953327 27.783411 -7.146888 -21.279354 -32.127342 11.767017 -22.094831 -7.592443 -8.178875 10.825897 -23.336239 24.290892 9.300755 -11.026438 -39.591919 29.184418 -12.460391 -15.282392 -12.900582 5.913715 -51.373558 12.813500 -2.346602 -25.065758 -21.023407 26.881960 -12.153258
-11.809991 -8.235332 -16.217554 -27.818348 27.321743 -7.383294 -20.241249 -32.243011 10.769584 -20.710716 -7.383972 -7.608185 9.216653 -23.527544 23.193211 9.164622 -9.474834 -40.020596 28.209564 -12.019592 -14.680327 -12.408193 4.271665 -51.031460 12.050628 -2.546269 -23.952469 -21.545614 25.654232 -10.960555
-11.769937 -7.059781 -17.074837 -27.805969 26.940907 -7.652483 -19.090544 -32.372616 9.821493 -19.553661 -7.295611 -6.837842 7.349533 -23.693426 21.883299 8.959357 -7.697444 -40.406960 27.127066 -11.140778 -14.319243 -11.719906 2.842528 -50.625122 11.480670 -2.648805 -22.789080 -22.068768 24.040880 -9.554940
-11.624853 -5.725432 -18.065565 -27.918098 26.142574 -8.074696 -17.759592 -32.599167 8.796404 -18.622763 -6.959792 -6.014223 5.778287 -23.768860 20.650537 8.783740 -5.805933 -40.971527 25.757980 -10.517613 -13.839990 -10.690245 1.314508 -50.452442 10.947839 -2.545827 -21.244616 -22.453926 22.192810 -8.270759
-11.609796 -4.341706 -19.214788 -27.868612 25.375011 -8.428665 -16.285347 -32.742638 7.798077 -17.397703 -6.675797 -5.071555 3.451945 -23.660681 19.430729 8.737375 -3.703886 -41.089649 24.537636 -9.601166 -13.567996 -9.502426 -0.237891 -50.253700 10.275355 -2.571743 -19.774286 -22.884954 20.597313 -6.760560
-10.784293 -2.778952 -19.875801 -27.372887 24.917883 -8.828717 -14.692801 -32.406265 6.563745 -15.918816 -6.221865 -4.352911 1.473226 -23.106337 18.670898 8.400969 -1.724053 -41.103661 23.338017 -8.463700 -12.918758 -8.399949 -1.542527 -50.045818 9.418263 -2.290458 -18.337505 -22.848909 18.394512 -4.702900
-10.138366 -0.911117 -20.399437 -27.052160 24.899534 -8.818033 -13.159981 -31.901653 5.396044 -14.630463 -5.644452 -3.101707 -0.178369 -22.616760 18.486950 8.180064 0.728613 -41.053352 22.012859 -7.834540 -12.638896 -6.644129 -2.620273 -49.633812 9.124331 -2.151453 -16.813614 -22.928831 16.465405 -2.996649
-9.650287 0.476204 -20.806202 -26.785275 25.150015 -9.103352 -11.394224 -31.329588 4.601467 -13.640900 -5.176983 -2.428932 -1.860578 -22.067314 17.979324 7.577881 2.572762 -40.951309 21.163673 -6.784366 -12.496528 -4.976731 -3.714928 -49.485336 8.678031 -2.106419 -15.407661 -22.899408 14.935789 -1.147259
-9.265224 0.926069 -21.367241 -26.279919 24.959337 -9.548793 -10.871405 -31.472034 4.011585 -12.251101 -4.534282 -2.373927 -3.226172 -21.562031 17.480465 7.134378 3.649249 -41.092808 20.540359 -6.065373 -12.181440 -3.826904 -4.904368 -48.864094 8.579093 -2.360375 -14.441117 -22.981342 13.978733 0.222831
-9.007715 1.664221 -22.217028 -25.878254 24.661730 -9.829904 -10.145398 -31.288115 3.559286 -10.780679 -3.887234 -2.203740 -4.241581 -21.298597 17.093967 6.743558 4.856719 -41.172245 20.198921 -5.677488 -11.654069 -2.982453 -5.832576 -48.347031 8.493658 -2.161078 -13.972771 -23.025713 13.169345 1.254007
-8.324023 1.876944 -23.121326 -25.508108 24.167639 -10.072395 -9.685768 -31.260317 3.153596 -9.766244 -3.290314 -1.950749 -5.208778 -21.099087 16.846970 6.178172 6.180050 -41.029930 20.140003 -5.310624 -11.326526 -2.164804 -7.276594 -47.913021 8.183183 -1.977050 -13.126068 -22.844870 12.449748 2.366569
-8.089249 2.612663 -23.915428 -25.131634 24.157915 -10.105718 -8.749249 -31.088795 2.609693 -8.984380 -3.071763 -1.627503 -6.112439 -20.785179 16.933132 5.775214 7.447127 -40.861443 19.866432 -4.754210 -10.831053 -1.439914 -8.587874 -47.233910 8.130641 -2.029331 -12.427608 -22.780025 11.840952 3.182140
-7.865077 2.763242 -24.776001 -24.772511 24.133808 -9.977941 -7.934013 -30.805929 2.105515 -8.298507 -2.947612 -1.434781 -7.146415 -20.495728 17.009516 5.536119 8.648364 -40.571041 19.473888 -4.272197 -10.590220 -0.969204 -9.882260 -46.517303 8.253037 -2.029518 -11.828400 -22.661760 11.330115 3.787856
-7.430522 2.668787 -25.532383 -24.432663 23.838728 -9.823401 -7.608604 -30.590569 1.786954 -7.910763 -2.682689 -1.459568 -7.837090 -20.249584 16.942677 5.505593 9.240917 -40.380432 19.284012 -4.236049 -9.963979 -1.049214 -10.831733 -46.160965 7.732391 -1.589724 -11.716574 -22.642494 10.936800 3.980362
-7.204163 2.753036 -26.078403 -24.322891 23.525648 -9.807472 -7.261563 -30.378115 1.607186 -7.562479 -2.573198 -1.431313 -8.252590 -20.111439 16.940426 5.416039 9.649631 -40.116955 19.246101 -4.062645 -9.650083 -0.986810 -11.486507 -45.893440 7.556015 -1.474519 -11.528614 -22.617268 10.782055 4.070048
-7.148583 2.746685 -26.419901 -24.219896 23.378748 -9.773418 -6.998237 -30.194498 1.490154 -7.272768 -2.530382 -1.425971 -8.574050 -20.034985 16.873322 5.365061 9.849744 -39.941727 19.210493 -3.852682 -9.337832 -0.957375 -11.966753 -45.556866 7.469614 -1.502252 -11.344023 -22.626320 10.613723 4.137888
-7.092171 2.728038 -26.506357 -24.190884 23.333637 -9.701028 -6.916318 -30.102688 1.422539 -7.223435 -2.462984 -1.490726 -8.714884 -19.954557 16.844435 5.356899 9.931825 -39.864712 19.181644 -3.824505 -9.298192 -0.938998 -12.128331 -45.474155 7.432255 -1.453597 -11.305773 -22.613123 10.537236 4.176767
-7.669261 2.844492 -26.729572 -24.367693 23.474295 -9.716237 -6.454188 -30.004517 1.504770 -7.149145 -2.711255 -1.345736 -8.856469 -20.177774 16.844715 5.249927 10.411572 -39.756699 19.241039 -3.749628 -9.632854 -0.917891 -12.534559 -45.408173 7.618243 -1.714067 -10.950281 -22.811129 10.460166 4.160099
-8.918727 3.151404 -27.543198 -24.582693 23.477579 -9.756323 -5.783769 -29.503498 1.885358 -5.930935 -3.300843 -1.010347 -9.544935 -20.544432 16.580984 4.858443 11.292967 -39.250542 19.566463 -2.954361 -10.405658 -0.909781 -13.934625 -44.914238 8.004539 -2.381706 -10.081001 -22.796598 10.300319 4.797424
-10.725901 3.644269 -28.641308 -24.980734 23.876150 -9.411103 -4.837183 -28.889526 2.436295 -5.751784 -4.857470 -0.557179 -10.691840 -20.969769 16.434553 4.595036 12.327456 -38.199966 19.977852 -1.916626 -11.677007 -0.796390 -15.702426 -43.872799 9.553319 -3.416014 -8.552981 -22.821941 10.150225 4.028732
-11.776563 4.382723 -30.922230 -24.651726 24.395439 -8.431270 -3.440581 -27.193731 2.805378 -4.793821 -6.810231 0.210758 -12.766285 -21.255495 16.485319 4.951728 13.204738 -36.795013 20.334314 -0.504847 -12.870447 -0.810490 -17.925726 -41.965706 11.594227 -4.451457 -7.145171 -22.991110 10.010266 3.032284
-13.354368 4.428900 -32.099396 -24.094711 25.607389 -7.121681 -2.043460 -25.716578 2.647758 -4.385025 -8.897566 1.781374 -13.648690 -21.390032 17.565060 5.918126 13.682407 -35.990059 20.007076 0.170294 -13.657302 -1.394747 -20.138330 -39.850109 13.942206 -5.515171 -6.169434 -22.797497 10.499960 1.673246
-15.142462 5.626719 -33.744343 -23.332994 27.255287 -5.770613 -0.643642 -24.428350 2.982085 -4.014785 -10.570711 2.987371 -15.826141 -21.257044 18.261768 6.494691 14.410437 -35.267155 20.113171 1.236489 -14.315508 -1.729886 -22.303877 -38.027348 15.712908 -6.742380 -5.215108 -22.181484 11.921486 0.297525
-15.025918 6.835430 -36.287098 -22.309277 27.899014 -4.294843 -0.125263 -22.046263 4.126887 -2.237787 -11.536708 4.036397 -18.669710 -21.007479 18.750631 6.961082 14.807316 -33.724197 20.754236 3.162055 -14.409840 -0.822064 -26.375601 -36.198231 16.598577 -6.856659 -2.773590 -21.697668 11.763637 -0.447195
-14.206518 9.881523 -39.124344 -21.904863 27.969139 -2.405992 -0.420700 -18.803642 6.422379 -1.514553 -10.608990 7.020606 -22.317202 -19.802042 19.284006 7.672146 13.940866 -31.255657 22.421669 5.225345 -13.969310 1.282857 -30.233837 -33.941174 17.137682 -6.358718 -1.662641 -20.584637 12.306558 -0.440294
-13.343693 10.567674 -41.981926 -20.389175 27.540604 -1.429436 -2.029915 -15.190175 9.309347 1.556516 -8.740778 8.972138 -26.036615 -18.696207 18.468000 7.571000 12.950963 -27.228781 25.953239 7.659065 -14.104061 2.993212 -32.981209 -32.110020 16.702925 -5.805653 -3.143632 -19.778887 13.374696 2.105137
-13.133533 10.708241 -44.338882 -19.261621 26.730442 -1.580955 -2.038363 -12.036534 12.069865 4.736122 -7.051838 10.949101 -28.776819 -18.678289 16.195509 7.223543 12.461117 -23.896608 28.904776 10.238111 -14.384279 3.221406 -36.222961 -31.655176 14.677958 -5.889255 -2.970108 -18.974491 13.342837 6.209293
-12.453407 7.750007 -47.169785 -17.149319 26.538179 -0.924206 -2.591414 -6.782409 15.601801 9.492508 -4.640461 9.971486 -34.544079 -18.495094 12.698196 7.317691 12.028451 -19.755877 31.961998 13.454940 -13.380436 -1.062042 -40.075714 -32.130600 11.622103 -5.970230 -1.586045 -19.295195 11.634584 8.774484
-11.974675 3.565277 -50.066769 -13.690980 27.725487 -0.309028 -2.887117 -2.343685 18.886656 13.888593 -2.430725 7.366691 -39.120522 -19.487036 8.989055 8.203244 12.351090 -16.718988 32.393970 15.247079 -10.171747 -1.938612 -42.643856 -31.642273 8.748240 -2.455817 -2.950028 -17.357218 10.198173 11.547999
-8.549731 0.360108 -52.479694 -9.286761 27.850410 -1.887408 -3.102654 -0.394035 22.293211 16.583658 0.674123 4.031501 -39.832577 -21.742937 4.758607 9.438193 12.972271 -16.032774 30.290703 15.559957 -6.062408 -0.991442 -43.419548 -31.377598 6.135510 0.787575 -4.717920 -15.501794 9.666990 13.495884
-3.060568 -2.245619 -52.258175 -6.037749 27.885592 -2.048660 -5.381842 0.541308 23.608774 17.275764 4.087974 -1.816904 -43.050541 -20.252632 2.633458 11.037553 12.221353 -14.870232 28.023432 17.696440 -0.222625 0.396017 -43.487267 -28.385414 5.855712 4.892215 -9.388584 -13.481161 11.232813 13.800248
0.587755 -5.107108 -53.444801 -5.147403 25.614630 -2.430231 -5.813622 1.260846 22.775625 18.188629 8.805715 -5.063433 -45.904766 -18.729631 -0.565323 11.657240 11.660809 -14.081794 27.761007 17.893393 5.879376 -0.139141 -44.294594 -24.273712 6.196471 6.795988 -12.698955 -11.523241 12.335690 14.352283
2.959908 -7.997961 -54.823093 -5.664553 21.917393 -3.240435 -5.781054 0.755566 20.580158 19.262146 11.779449 -5.888388 -47.014893 -17.793421 -2.369492 11.637897 11.291951 -13.115026 27.995060 17.964628 9.815838 -2.394387 -45.870853 -23.117615 3.484786 7.820544 -14.201517 -11.310571 11.746085 15.793658
5.063403 -10.116392 -56.287426 -6.234091 18.583601 -4.379711 -4.788243 -0.221368 18.464437 19.291872 16.000175 -5.581046 -47.098045 -17.297623 -5.059865 10.741671 12.471425 -14.325374 26.641787 17.310394 12.987857 -4.742566 -46.361248 -23.222687 0.784434 6.947666 -13.624726 -12.273955 10.556869 16.008184
6.649715 -10.771111 -57.388535 -6.148308 16.521626 -6.089568 -2.936420 -1.076878 17.304331 19.287489 18.785997 -5.762718 -47.084137 -16.995523 -6.629299 9.809160 13.985728 -15.679599 25.265148 16.609993 16.413742 -5.951868 -46.018799 -23.090824 -1.006859 5.805027 -12.629622 -13.191945 8.870331 16.059742
7.862545 -10.767392 -57.751621 -6.129658 15.363544 -7.435316 -1.423385 -1.530980 16.831463 18.840212 20.364634 -6.019593 -46.639900 -17.176003 -7.417904 9.386682 15.304109 -16.182501 24.485403 15.334015 18.093523 -6.813915 -45.488815 -23.006260 -1.646889 4.951934 -11.979073 -13.758302 7.715244 16.079561
8.118785 -10.685115 -57.824924 -6.207256 14.943131 -7.914987 -0.925998 -1.680085 16.641376 18.814568 20.878231 -6.089449 -46.337704 -17.357994 -7.686628 9.269222 15.893503 -16.118916 24.316528 14.746409 18.582376 -7.031306 -45.104050 -23.044142 -1.814208 4.587382 -11.626526 -13.900461 7.233258 16.067959
8.101798 -10.622275 -57.879234 -6.143008 14.973726 -7.952405 -0.872257 -1.604378 16.711294 18.978569 20.786556 -6.052642 -46.429379 -17.367908 -7.715179 9.200484 15.928401 -16.127539 24.334354 14.927935 18.543276 -6.933119 -45.234997 -23.082195 -1.904534 4.537688 -11.632668 -13.955010 7.270606 16.277161
7.943898 -10.482160 -57.928127 -6.144601 15.009720 -7.957088 -0.773839 -1.451195 16.721693 19.315596 20.452425 -5.967597 -46.673325 -17.381165 -7.720706 9.037207 16.028427 -15.978367 24.479574 15.469157 18.046492 -6.694642 -45.518715 -23.058247 -1.825908 4.521132 -11.740717 -13.869374 7.484763 16.767511
7.575786 -10.184114 -57.989784 -6.145085 15.083417 -7.970634 -0.714938 -1.263596 16.786404 19.988813 20.009850 -5.751077 -46.888489 -17.416969 -7.717631 8.698738 16.174120 -15.788897 24.660824 16.246698 17.587049 -6.197173 -45.758690 -23.010643 -1.707644 4.383040 -11.817860 -13.848173 7.732291 17.298574
6.996513 -9.928299 -58.065826 -6.096015 15.363050 -7.830877 -0.695478 -0.902986 16.935007 20.872190 19.512253 -5.502977 -47.221401 -17.490969 -7.753097 8.452956 16.267868 -15.620862 24.834368 17.049675 16.892099 -5.664879 -46.318062 -22.843767 -1.496069 4.121772 -11.757371 -13.639214 8.093658 18.126125
6.531015 -9.509007 -58.148190 -6.132685 15.460313 -7.756346 -0.725452 -0.629578 16.939222 21.936712 18.830233 -5.274002 -47.550816 -17.591675 -7.681829 8.177941 16.444996 -15.271391 25.091335 17.932230 16.214729 -5.000461 -46.767269 -22.705332 -1.280335 3.879904 -11.765497 -13.506721 8.395569 19.085011
6.034001 -9.003531 -57.836937 -6.210769 15.728064 -7.564463 -0.840815 -0.290577 16.792719 23.075115 17.913567 -4.875532 -47.988960 -17.745762 -7.584189 7.919435 16.568186 -14.871687 25.330175 19.043201 15.352809 -4.079181 -47.035358 -22.581238 -0.910726 3.612091 -11.760764 -13.165933 8.647705 20.173367
5.424514 -8.131216 -57.454708 -6.317896 16.111364 -7.456739 -0.990587 -0.039331 16.714275 24.552252 16.790051 -4.350940 -48.210365 -17.932093 -7.373037 7.549786 16.793261 -14.540286 25.491055 20.257402 14.416616 -2.850541 -47.299839 -22.444118 -0.481230 3.197296 -11.619343 -12.933770 8.968218 21.380890
4.880186 -6.936230 -56.599117 -6.406085 16.621668 -7.396817 -0.996263 0.355405 16.524931 26.334949 15.091965 -3.701541 -48.506405 -18.023106 -6.844028 6.822897 17.250759 -13.888916 25.772484 22.346521 13.397856 -1.195672 -47.557308 -22.156588 0.166969 2.554495 -11.252880 -12.474939 9.382998 22.846518
3.973156 -5.908556 -55.362812 -6.520181 17.713886 -6.777760 -1.674530 0.837209 16.465044 27.684357 13.181700 -3.348815 -48.293884 -17.960285 -5.773015 6.750219 16.835238 -12.980319 26.109100 24.148474 11.910578 0.194053 -47.586723 -21.680861 1.422521 2.282058 -11.323658 -11.918357 10.188624 23.602415
3.629018 -4.493722 -54.350956 -6.618286 18.345219 -6.859196 -1.551488 1.213439 16.225918 29.432003 11.548835 -2.920172 -48.065887 -17.886219 -4.899721 6.256920 16.861181 -12.057570 26.205688 26.470711 10.954764 1.901191 -47.903175 -21.555391 1.965594 1.644961 -10.825609 -11.514215 10.687241 25.022850
2.794369 -3.080900 -53.346764 -6.730282 19.361771 -6.553566 -1.633563 1.716577 15.935477 31.273968 9.836693 -2.664244 -47.613224 -17.652027 -3.808989 5.908828 16.487387 -11.310931 26.266499 28.658653 9.469983 3.404891 -48.129406 -21.171873 3.083308 1.111504 -10.749007 -11.023568 11.513868 26.136120
1.877070 -1.751862 -52.512432 -6.781621 20.451122 -6.421849 -1.384465 2.333315 15.850740 32.912666 8.584894 -2.305246 -47.267448 -17.519638 -2.906124 5.495951 16.396496 -10.711390 26.355566 30.566690 7.893468 4.679584 -48.153652 -20.874479 4.328658 0.416063 -10.466785 -10.413509 12.154896 27.029575
1.229022 -0.631676 -51.438801 -6.938356 21.315346 -6.401658 -1.093588 2.789104 15.591794 34.129745 7.555975 -1.820571 -46.537895 -17.554234 -2.091305 5.222506 16.523270 -10.221095 26.267355 31.729757 6.659429 5.771438 -48.022717 -20.649685 5.335312 -0.452287 -9.943804 -9.953012 12.592750 27.741230
0.721553 0.449598 -50.279556 -7.041357 22.258408 -6.427531 -0.885260 3.070896 15.417695 34.973568 6.397108 -0.962499 -45.628952 -17.691681 -1.235477 4.793545 16.951450 -9.928181 26.032221 33.008373 5.146801 6.821610 -47.669300 -20.510244 6.514624 -1.328711 -9.459641 -9.564939 12.987035 28.304220
0.405286 1.602332 -49.138874 -7.228526 22.987032 -6.579704 -0.718003 3.093678 15.121978 35.679825 5.412920 -0.080822 -44.563713 -17.933273 -0.564112 4.530568 17.201929 -9.875415 25.666718 33.983948 4.462076 7.737290 -47.240852 -20.425556 7.257446 -2.237656 -8.814798 -9.441830 13.031436 28.769558
-0.163853 2.497121 -48.359230 -7.408720 23.595400 -6.664416 -0.454374 3.233399 14.928862 36.511890 4.424795 0.649397 -43.710365 -18.146448 0.174868 4.587049 17.232851 -9.717226 25.332909 34.718536 3.621059 8.614270 -47.119770 -20.323647 7.972191 -2.912434 -8.429362 -9.261975 13.324437 29.210348
-0.621321 3.127764 -47.712727 -7.674897 23.941380 -6.785734 -0.118933 3.312782 14.712374 36.957008 3.914274 1.071814 -43.029114 -18.299854 0.670010 4.528026 17.444408 -9.525599 25.119839 35.114967 3.079341 9.246675 -46.880146 -20.239985 8.620971 -3.584183 -7.930677 -9.098021 13.462840 29.436790
-0.960341 3.604862 -47.166737 -7.885106 24.229105 -6.888311 0.143482 3.370275 14.541286 37.293182 3.452257 1.408707 -42.475964 -18.392719 1.149293 4.604159 17.417109 -9.277945 25.019157 35.340134 2.625961 9.795261 -46.572304 -20.153854 9.188696 -4.101955 -7.577914 -8.984911 13.561090 29.570700
-1.169049 3.788261 -46.856201 -8.060241 24.357271 -6.938665 0.297188 3.313732 14.394260 37.312267 3.142620 1.659239 -42.128777 -18.491028 1.421800 4.609396 17.462238 -9.242984 24.948933 35.434258 2.327194 10.047601 -46.354923 -20.146503 9.520071 -4.300997 -7.422651 -8.956605 13.598236 29.512356
-1.269186 3.846587 -46.712814 -8.129748 24.424875 -6.957206 0.389336 3.347786 14.345184 37.370174 2.959105 1.786908 -41.930080 -18.562105 1.569198 4.594451 17.517445 -9.152056 24.923910 35.537209 2.185297 10.210122 -46.236835 -20.144526 9.688714 -4.450131 -7.309357 -8.933982 13.621609 29.535648
-1.390121 3.970415 -46.625614 -8.098152 24.575413 -6.951795 0.389097 3.365700 14.423430 37.399338 2.758425 1.957906 -41.881950 -18.602020 1.655610 4.598322 17.455364 -9.174177 24.946892 35.637459 2.066148 10.336537 -46.173820 -20.106884 9.829755 -4.517347 -7.285954 -8.918576 13.652270 29.546738
-1.718638 4.221647 -46.418045 -8.112904 24.873352 -6.975284 0.470654 3.386141 14.539904 37.477348 2.283036 2.394866 -41.713757 -18.758881 1.864140 4.626501 17.364441 -9.221476 24.960436 35.858139 1.704535 10.576269 -46.104431 -20.047363 10.189381 -4.674007 -7.199824 -8.883042 13.776923 29.531818
-2.369123 4.671694 -46.131199 -8.178548 25.341694 -7.004332 0.613005 3.422914 14.732342 37.657425 1.479370 2.994290 -41.327194 -18.980192 2.332532 4.771881 17.145716 -9.274650 24.987097 36.025711 1.008828 10.997849 -45.956623 -19.963247 10.809056 -4.927083 -7.113284 -8.825992 14.017453 29.520763
-3.145222 5.294116 -45.621048 -8.214143 26.024309 -7.117737 0.949775 3.433825 14.924038 37.801777 0.474549 3.777949 -40.638210 -19.278112 2.974386 4.978715 16.809483 -9.423898 24.890245 36.227493 0.269495 11.501287 -45.596268 -19.855568 11.647758 -5.364741 -6.799990 -8.705258 14.178818 29.395760
-4.012219 5.925115 -45.010761 -8.383726 26.759823 -7.084148 1.151449 3.398586 15.080790 37.734535 -0.574765 4.582592 -39.839874 -19.587961 3.811555 5.352039 16.317308 -9.416363 24.853874 36.274460 -0.682050 12.060292 -45.013119 -19.788994 12.740113 -5.850657 -6.439583 -8.596004 14.299911 29.144028
-5.165446 6.756979 -44.194817 -8.716987 27.553547 -7.132554 1.322299 3.225873 15.311372 37.507942 -1.811684 5.473615 -38.798649 -19.965990 4.701328 5.785789 15.660184 -9.510316 24.793484 36.270885 -1.677261 12.599449 -44.189571 -19.761230 13.880703 -6.156310 -6.251047 -8.633420 14.351770 28.610218
-6.338128 7.550208 -43.384308 -9.096007 28.352680 -7.197149 1.585871 3.056212 15.544752 37.228050 -2.984743 6.461768 -37.916592 -20.451199 5.452373 6.085077 15.255044 -9.393315 24.895351 36.409973 -2.792259 13.289987 -43.464054 -19.670414 15.094261 -6.525004 -5.968682 -8.443170 14.548023 28.205400
-7.433712 8.376527 -42.542130 -9.467739 29.119232 -7.336582 1.989740 3.089511 15.891472 36.988163 -4.036372 7.618506 -36.684074 -20.889496 6.474552 6.352062 14.860033 -9.121343 25.029217 36.406475 -3.781115 13.798776 -42.501598 -19.689196 16.224657 -7.010077 -5.561904 -8.287612 14.653868 27.673412
-8.680219 9.356458 -41.618675 -9.991378 29.965380 -7.477917 2.331348 3.158419 16.351992 36.705589 -5.393373 8.945435 -35.270210 -21.543594 7.491142 6.552908 14.590960 -8.610792 25.297165 36.601940 -4.867114 14.439902 -41.499561 -19.535114 17.632374 -7.478229 -5.228721 -8.147758 14.845753 27.085072
-9.886995 10.313581 -40.352276 -10.497015 31.011808 -7.573644 2.561472 2.940173 16.795067 35.664268 -6.496580 10.337904 -34.194710 -22.243071 8.433726 7.172532 14.047701 -8.421073 25.683239 35.981857 -6.137328 15.274377 -40.282753 -19.617615 19.047493 -7.935110 -4.893562 -8.160085 15.114445 26.220764
-10.841179 11.370569 -39.022503 -10.907368 32.039341 -7.818065 3.181670 2.915144 17.174513 34.627083 -7.636171 12.140595 -33.031910 -22.929831 9.424093 7.528051 13.818231 -8.097192 26.196692 35.436775 -7.466930 15.822685 -39.055576 -19.852966 20.236784 -8.580585 -4.416068 -8.438658 15.291767 25.577728
-11.825011 12.419306 -37.387928 -11.268497 33.288742 -8.114686 3.985037 2.974107 17.363110 33.689445 -8.498675 13.854198 -31.553062 -23.628490 10.369668 7.801127 13.927714 -7.602979 26.332611 35.055649 -8.516133 16.688145 -37.668049 -19.922823 21.566013 -9.290693 -3.899050 -8.512010 15.471924 24.851841
-12.906657 13.741680 -35.557381 -11.758355 34.510586 -8.488567 4.724348 3.064267 17.627491 32.524109 -9.546379 15.666084 -29.512539 -24.423843 11.585505 7.998690 14.352666 -7.139587 26.237492 34.569447 -9.694477 17.803930 -36.064960 -19.959097 23.250675 -9.976326 -3.366938 -8.533755 15.792384 23.747437
-14.041880 14.938700 -33.570194 -12.399957 35.703800 -8.978371 5.737977 3.086233 17.614100 31.509003 -11.363780 17.716694 -26.136051 -25.580679 13.321934 8.081885 14.659346 -7.273287 25.673203 34.643505 -11.311136 19.234324 -33.861156 -20.471230 24.965893 -11.177450 -2.574025 -8.753554 16.010529 22.993408
-11.299356 23.767035 -24.150255 -13.145667 39.948349 -5.781392 2.754779 -5.833765 8.195086 28.012173 -13.499348 14.633661 -20.551010 -15.348195 27.943060 3.193255 15.575667 -9.092909 24.044384 33.648293 -14.021360 15.260610 -27.150789 -23.128794 25.018898 -17.481928 0.195786 -3.002964 24.936722 24.051380
-12.794309 24.508093 -20.769527 -14.473108 41.455345 -6.691495 4.202091 -6.679039 7.772761 26.042955 -15.340158 16.053888 -16.413250 -16.358168 30.027067 3.448368 15.411750 -9.674944 23.090475 33.070271 -15.834098 16.652067 -23.634573 -24.364599 27.245045 -18.307529 1.154829 -3.666695 24.192963 22.602846
-14.169131 24.958237 -17.613848 -15.742218 42.825584 -7.433158 5.714914 -7.368003 7.389426 24.117247 -16.920486 17.068039 -12.561891 -17.297970 31.577551 3.860266 14.940560 -10.696009 21.874771 32.243988 -17.309549 17.785704 -20.063456 -25.570250 29.284081 -18.436142 1.586888 -3.913029 23.156040 21.215528
-15.633289 24.893503 -14.178253 -16.893032 44.361450 -8.161047 7.040522 -8.303782 7.013319 21.476376 -18.719233 18.054192 -8.744451 -18.385185 33.092258 4.272158 14.686840 -11.568275 20.590458 31.855406 -18.766857 18.761515 -16.686668 -26.833927 31.305849 -18.303740 2.018395 -4.070106 22.158180 19.674145
-17.578749 24.391409 -10.499072 -17.984707 46.141018 -8.711782 8.000960 -9.544461 6.628956 18.196510 -20.390400 18.448048 -5.403879 -19.529873 34.140404 5.019425 14.108789 -12.517952 19.570553 30.604353 -20.311388 19.253593 -13.172524 -28.128963 33.325687 -17.872631 2.154269 -4.372972 21.019182 17.671675
-20.233650 22.313574 -9.319326 -19.964315 47.044598 -8.889722 9.544738 -10.186895 5.301886 14.620875 -22.390966 18.119064 -3.062035 -22.183847 33.660927 7.008011 15.678043 -14.603411 16.689022 28.680119 -22.530251 17.198023 -12.075010 -29.656681 35.968399 -18.428387 1.722927 -4.211412 17.570621 14.767342
-21.564091 21.010050 -7.543386 -20.798616 47.903606 -8.824462 10.033870 -11.167283 5.146614 11.882668 -22.990595 17.458776 -0.131956 -23.092554 34.501591 7.907334 15.160845 -15.611679 15.871556 26.472120 -24.110647 16.538950 -9.701550 -30.754227 37.763790 -18.000603 2.007209 -4.918037 16.484245 12.244431
-22.868662 19.928226 -6.275138 -21.677269 48.572212 -9.005240 10.369603 -12.220937 4.837290 9.582417 -24.004745 16.887884 2.593000 -24.028193 35.306816 8.437607 14.710354 -16.777931 14.908854 24.974859 -25.595722 15.805650 -7.939733 -32.093468 38.890583 -18.366299 2.963532 -5.362348 15.641243 10.576543
-23.686794 18.753563 -5.171652 -22.543575 48.729671 -9.138093 10.292569 -13.610649 4.381006 7.012262 -24.420893 16.325008 5.191603 -24.774837 36.045597 9.072467 14.413670 -17.762014 13.967797 23.084053 -26.550089 14.752858 -5.914583 -33.300838 39.649479 -18.485809 3.470969 -5.894825 14.549266 8.781363
-24.322906 17.545019 -3.941045 -23.244656 48.872288 -9.516484 10.331315 -14.962434 4.076809 4.515316 -24.637180 15.800599 7.468287 -25.411039 36.700081 9.330768 14.443827 -18.476870 13.216163 21.467981 -27.354145 13.970610 -3.853933 -34.527817 40.373863 -18.764799 4.285799 -6.459650 13.529853 6.949750
-24.689169 16.598742 -2.363221 -23.788876 49.032810 -10.233386 10.655524 -16.133121 3.811696 2.424698 -25.499500 15.558248 10.175973 -26.278156 37.606976 9.502110 14.557982 -19.188616 12.499720 20.105536 -28.067638 13.081299 -1.599594 -35.769474 40.851166 -18.888670 4.923555 -7.071143 12.192396 5.273504
-24.714254 15.645024 -1.319128 -24.135504 49.210510 -10.692377 11.259967 -16.959700 3.481948 0.690331 -25.787012 15.163713 12.111108 -26.940542 37.850990 9.534181 14.677297 -20.064127 11.802497 18.812290 -28.467953 12.237526 0.096421 -36.812634 41.107895 -19.275843 5.646897 -7.746889 11.058808 3.945477
-24.665001 14.626232 -0.373354 -24.535412 49.433025 -10.792423 11.512093 -17.684332 3.155453 -1.155880 -25.522285 14.682760 13.921932 -27.448812 37.941975 9.673427 14.601459 -21.208855 11.140032 17.105150 -28.360840 11.510678 1.931400 -37.636425 41.501991 -19.288528 6.032513 -8.419390 10.031547 2.499301
-24.582544 13.640985 0.504407 -24.705971 49.560890 -10.896293 11.486283 -18.605013 2.833841 -3.036257 -25.429447 13.856503 15.531407 -27.734585 38.251854 9.876326 14.579161 -22.291420 10.604571 15.334167 -28.065929 10.649666 3.521253 -38.474995 41.647240 -18.893213 6.210699 -9.236587 9.153473 0.719923
-24.509983 12.408369 1.286320 -24.942720 49.728088 -10.776319 11.423248 -19.219835 2.676304 -5.141178 -25.397190 13.243439 17.173044 -28.042231 38.648438 9.963077 14.543276 -23.076748 10.449234 13.754243 -27.682640 9.822840 5.024805 -39.046364 41.953209 -18.582077 6.269289 -9.900857 8.292043 -0.688734
-24.284678 11.269453 2.141021 -25.171427 49.831699 -10.774883 11.275949 -19.614193 2.636519 -6.954192 -25.258347 12.694255 19.062168 -28.361141 39.209095 9.922626 14.468233 -23.881550 10.264352 12.095671 -27.328798 9.195359 6.574562 -39.555336 42.229996 -18.313383 6.362581 -10.423338 7.530772 -2.142236
-23.867664 10.202185 2.671637 -25.456078 49.812485 -10.625669 11.232022 -20.024557 2.519313 -8.682466 -24.647816 12.082173 20.454226 -28.615671 39.441372 10.073839 14.281987 -24.535116 10.106465 10.466485 -26.599672 8.468238 7.906367 -39.685047 42.631096 -18.038767 6.274744 -10.798703 6.869285 -3.609690
-23.587633 9.017198 3.348943 -25.863953 50.024109 -10.528471 11.491143 -20.058277 2.557115 -10.306349 -24.196651 11.550065 21.507492 -28.692825 39.764320 10.253148 14.218163 -24.998156 9.860269 9.184829 -25.821150 7.689062 9.057698 -39.683941 42.900379 -17.558386 5.943726 -11.101164 6.309014 -4.971890
-23.063150 7.721972 4.027799 -26.112492 50.232986 -10.480737 11.691238 -19.988897 2.628054 -11.758444 -23.563726 10.993631 22.806767 -28.737490 40.142559 10.475881 13.906353 -25.674219 9.497329 7.774421 -25.311869 7.045228 10.292319 -39.849747 43.267426 -17.233374 5.708837 -11.376190 5.891238 -6.276757
-22.783302 6.708797 4.973952 -26.380501 50.690567 -10.416623 11.890918 -19.849495 2.703879 -12.932840 -23.230143 10.644648 23.733818 -28.774736 40.477943 10.688540 13.617798 -26.017811 9.270080 6.895358 -24.879242 6.363042 11.066541 -39.906902 43.421738 -16.899994 5.506305 -11.433274 5.591777 -7.307693
-22.569773 5.834401 5.438509 -26.554127 50.830612 -10.234819 11.966400 -19.745762 2.719860 -13.939829 -22.868145 10.257686 24.641077 -28.771238 40.807697 10.992274 13.201185 -26.344675 9.106823 5.929894 -24.473490 5.783853 11.950882 -39.937057 43.711739 -16.548752 5.274368 -11.499154 5.344959 -8.393275
-22.256218 5.129920 5.688562 -26.584394 50.887226 -10.029271 11.908827 -19.619146 2.711711 -14.631042 -22.386765 9.859447 24.836037 -28.583055 40.816307 11.212828 12.894573 -26.494774 9.005746 5.337625 -23.819807 5.223959 12.156194 -39.719013 43.624989 -16.159836 4.917288 -11.468038 5.253610 -9.109818
-22.197519 4.551203 5.691059 -26.601357 50.896767 -9.813295 11.929587 -19.427752 2.707961 -15.026374 -21.991749 9.540979 25.036304 -28.483595 40.812511 11.453055 12.696284 -26.657986 8.828731 4.804759 -23.432955 4.867777 12.296432 -39.548801 43.630920 -15.980067 4.744027 -11.496628 5.134469 -9.607013
-22.067837 4.118171 5.353663 -26.511662 50.642647 -9.574713 11.709816 -19.242838 2.773448 -15.232738 -21.739252 9.299532 25.112709 -28.382238 40.801540 11.586700 12.598401 -26.771351 8.745705 4.449665 -23.006649 4.547310 12.434244 -39.390690 43.569695 -15.718274 4.488171 -11.542445 5.026623 -10.011322
-21.957388 3.881635 5.179202 -26.459986 50.508446 -9.438390 11.586658 -19.163952 2.787118 -15.367767 -21.522591 9.153782 25.091879 -28.243933 40.785477 11.667480 12.469620 -26.824827 8.705281 4.291662 -22.723816 4.369080 12.537438 -39.310505 43.491718 -15.540898 4.317671 -11.627784 4.915635 -10.206794
-21.913681 3.850282 5.153984 -26.456676 50.464626 -9.428972 11.562166 -19.166206 2.787966 -15.401581 -21.451860 9.128808 25.119122 -28.226288 40.774117 11.689153 12.445851 -26.864422 8.674672 4.235800 -22.709015 4.383801 12.618831 -39.312538 43.518768 -15.532323 4.285717 -11.643047 4.899934 -10.208854
