-23.421854 -1.612355 19.366863 -32.323948 32.024761 -3.772239 10.999410 -26.969551 23.183182 -3.479018 -21.558048 9.222644 25.211040 -28.324080 40.786716 11.612354 12.591560 -26.850801 8.660202 4.306542 -22.820753 4.414419 12.599393 -39.356449 43.567768 -15.652283 4.438483 -11.624034 4.906949 -10.186650
-23.527777 -0.045258 20.002604 -32.649265 32.078381 -4.642433 11.734957 -27.482563 22.783003 -2.844831 -21.950317 9.911144 25.195875 -28.713486 40.629616 11.011841 13.562647 -26.590666 8.585614 5.298395 -23.530577 4.985360 12.279875 -39.673706 43.733284 -16.836771 5.706351 -11.404758 5.071537 -9.462716
-23.493326 2.901328 19.031425 -32.511246 31.102800 -5.665880 12.351098 -27.910858 22.284618 -0.641507 -22.239344 11.287674 24.136536 -29.075073 39.885651 10.066182 15.398474 -26.025721 8.463035 7.334065 -23.894503 5.977943 10.539256 -39.520214 43.175251 -18.564434 7.277013 -11.322185 5.432354 -7.602378
-22.889944 6.411168 17.281155 -32.076012 29.610027 -6.552942 12.653045 -28.054245 21.807611 2.326551 -22.263456 13.021106 21.985022 -29.320383 38.291626 8.951057 17.538923 -25.408573 8.350580 9.834195 -24.237358 6.872158 7.622818 -39.152554 42.061375 -20.600212 9.086750 -10.931643 6.285483 -5.166838
-22.218596 9.317943 16.199997 -31.874842 29.071999 -7.271156 13.699649 -27.338182 21.555456 5.329836 -22.061693 14.686731 19.673225 -29.240030 36.878616 7.942482 19.119841 -24.569899 8.189037 12.577186 -24.238039 7.432969 4.688648 -38.677235 40.920399 -22.470730 10.783709 -10.164087 7.108860 -2.939789
-21.364094 11.498024 15.465847 -31.643753 28.723402 -7.842106 14.760480 -26.083157 21.767258 8.005649 -21.651842 16.441448 18.013248 -29.277706 35.701302 6.824236 20.689966 -23.341400 8.187385 15.497705 -23.680328 8.456187 2.692169 -37.763405 40.473629 -23.830072 11.977324 -8.545544 7.678470 -0.665116
-20.371666 13.600416 13.940061 -31.041351 27.648083 -8.068247 14.871859 -24.762629 22.200914 10.736899 -20.733700 17.696766 16.225155 -29.151005 34.274189 6.180175 21.844141 -22.161478 8.150197 17.892424 -22.620358 9.597466 0.758684 -36.972965 39.562286 -24.464197 12.482020 -7.270428 8.538870 1.340722
-19.475080 14.819926 12.392201 -30.840425 26.976398 -8.027460 15.866143 -23.633261 22.024141 12.721364 -19.222620 18.288450 14.254586 -28.808458 32.951996 5.857802 22.710550 -21.417124 8.194298 19.487661 -20.744736 10.440432 -1.145424 -36.360409 38.135139 -24.804306 12.819505 -6.468973 9.172401 2.933601
-18.201204 15.342187 11.096736 -30.263958 26.221817 -8.130251 16.599279 -22.478338 22.054283 14.243630 -17.803570 18.354370 12.245085 -28.304375 31.831118 5.303696 23.605400 -20.521738 8.414371 20.778326 -19.543013 10.526410 -3.175671 -35.897533 36.614868 -25.049919 13.028920 -6.004745 9.744965 4.244981
-17.374300 15.631493 10.576194 -29.991156 25.779446 -8.279324 16.854485 -21.961472 22.121706 14.916695 -17.268633 18.325150 11.186582 -27.960987 31.388468 5.081338 23.957067 -19.954296 8.573657 21.585180 -18.992365 10.517472 -4.252841 -35.687843 35.808380 -24.977734 13.076296 -5.672962 10.034719 4.820640
-17.197674 15.642522 10.016275 -29.905769 25.433569 -8.392839 17.032900 -21.910286 22.220575 15.051407 -17.215101 18.251019 10.791265 -28.004734 31.017143 4.778578 24.428684 -20.054831 8.611386 21.683496 -18.800764 10.475017 -4.706241 -35.828320 35.223965 -24.986479 13.092569 -5.913383 10.063070 4.996858
-17.367104 15.735698 5.877388 -29.622606 23.373688 -8.861354 18.031811 -21.846777 23.156841 15.866198 -17.005863 17.833609 7.478153 -28.292368 28.474464 2.907260 27.202625 -21.048428 9.187547 21.896345 -18.490927 10.280886 -7.181714 -36.945747 32.085777 -25.559044 13.709694 -7.807537 9.936632 6.330341
-18.954765 15.828797 -1.783334 -29.289429 20.106245 -9.392901 19.558043 -21.847214 24.985317 17.712738 -16.279682 17.164888 0.570695 -28.289598 23.710674 0.910800 29.831760 -23.673136 10.498133 21.000536 -17.560047 9.151690 -11.460030 -37.931622 27.410038 -25.846901 13.907238 -11.421515 9.723475 8.125919
-20.823343 13.503285 -12.149663 -28.591223 16.465368 -7.611487 18.251013 -21.456520 27.312656 17.953749 -16.353468 16.074749 -9.088727 -28.007130 18.921721 1.210066 29.389570 -26.929485 13.373284 17.015371 -19.239761 5.140862 -19.244005 -39.657978 20.668064 -22.701170 11.960188 -14.700001 10.394732 9.507285
-19.550472 9.724332 -22.789825 -26.367004 13.041199 -1.966346 11.074017 -20.917219 28.444687 18.255096 -13.902093 12.888460 -19.022633 -24.546667 16.975014 2.914798 25.455950 -27.693178 17.994431 13.515850 -17.801382 0.901082 -28.367891 -38.113632 14.237440 -17.095808 6.141821 -16.237738 13.127936 9.265262
-15.424439 4.779832 -28.920349 -19.723570 13.344802 4.335884 1.672609 -24.033102 26.816280 17.718061 -10.158714 9.222905 -27.156233 -21.029181 16.027540 4.959038 19.637934 -25.057060 25.633350 9.864511 -16.040657 -0.224254 -33.780346 -32.067997 15.557296 -9.334613 -3.824033 -17.972332 14.808928 9.778246
-9.172181 1.144229 -31.835880 -12.837788 15.670571 10.856555 -7.303294 -26.648848 24.750521 15.195940 -5.665748 3.646636 -33.859577 -17.154541 15.979293 8.301226 12.593687 -21.569361 31.882034 6.212777 -11.003078 -3.890116 -37.521275 -23.940445 18.504986 -0.920121 -12.929227 -19.497381 14.193255 6.597383
-1.706127 -2.017286 -31.993122 -8.754968 16.909138 15.856736 -13.211976 -27.791897 21.378071 12.198653 -0.959017 -4.732800 -35.449326 -13.055188 18.788452 10.464561 9.750962 -19.664438 32.547695 0.697205 -2.402465 -5.344399 -38.170006 -16.835835 21.444929 2.726248 -17.036325 -22.426796 11.625520 1.976894
5.048156 -3.987952 -31.669882 -7.496230 17.412117 20.418209 -15.470841 -27.658918 17.730246 7.092268 2.871833 -10.769953 -35.970764 -10.025407 21.328398 12.165401 9.321038 -17.966667 31.470175 -3.769742 5.153247 -7.027955 -37.747231 -12.259897 23.934492 5.238331 -17.677500 -23.017389 9.191311 -3.686657
8.065018 -5.451986 -31.288155 -6.955822 17.801945 21.983786 -16.128370 -27.000202 16.695087 4.466580 4.933641 -13.639840 -35.347065 -8.988482 22.531334 13.088717 9.495892 -17.269747 30.142885 -6.170423 8.599659 -8.244617 -36.978374 -10.517210 25.289877 6.849485 -18.049133 -22.391014 8.377792 -7.212917
8.372484 -5.564612 -31.151966 -7.139628 17.754953 22.203671 -16.046791 -26.998007 16.472715 3.954723 5.052540 -14.079800 -35.167259 -8.873927 22.795454 13.253837 9.538862 -17.111277 29.892822 -6.412302 8.972350 -8.255307 -36.806770 -10.452214 25.439823 7.042206 -17.884308 -22.305939 8.186204 -7.798539
7.640227 -5.299969 -30.666334 -7.222715 18.424019 22.782822 -16.039564 -26.989086 16.329725 3.693403 4.224757 -14.326952 -35.308826 -8.808490 23.541159 13.557426 9.566070 -17.014585 29.702444 -6.363976 8.301117 -7.881142 -36.885502 -10.120622 26.401701 7.155326 -17.936642 -22.280325 8.328061 -8.170505
7.024247 -4.671163 -29.829502 -7.127445 19.480087 23.296232 -16.031273 -26.740393 16.413561 3.738314 2.654430 -14.429571 -35.175869 -9.084065 24.312016 13.823376 9.604609 -16.824783 29.435978 -5.469467 7.443703 -7.270861 -36.909245 -9.753513 27.647749 7.062563 -17.827644 -22.179207 8.637464 -8.527259
5.622687 -3.498559 -28.764950 -7.376839 20.975422 24.091837 -15.545876 -26.430490 16.423094 3.888838 0.499560 -14.165950 -34.107983 -10.067245 25.492538 14.320575 9.966684 -16.292698 28.620262 -4.626178 5.861173 -6.081761 -36.965248 -9.388225 29.244436 6.692760 -17.499029 -21.561985 9.310098 -8.857982
3.924604 -3.668671 -26.344372 -7.211187 23.672005 24.990511 -15.255776 -25.276628 16.719442 4.336413 -1.954745 -13.636760 -32.847980 -11.477080 26.869410 15.285027 10.390906 -15.422558 27.540981 -3.700516 4.002263 -4.879962 -36.875290 -8.247215 32.095547 6.451917 -17.403687 -19.984123 10.261340 -8.911695
1.086158 -4.019906 -24.092215 -7.336807 26.668152 25.417559 -14.199109 -24.189144 17.335649 4.698811 -4.632424 -12.637353 -31.030001 -13.459904 28.094944 16.418682 10.878001 -14.107655 26.456951 -2.793994 1.540259 -4.029278 -36.133389 -7.424293 35.411346 5.602164 -17.049288 -17.902966 11.522000 -9.269124
-1.281350 -4.643946 -22.577074 -7.868491 28.557941 25.543467 -12.237450 -22.966581 17.648479 4.634831 -6.973242 -11.447461 -28.800781 -15.075562 29.447105 17.668896 11.405392 -13.026405 25.157185 -2.262902 -0.226683 -3.079868 -34.593887 -6.891636 38.595295 4.425420 -16.198788 -15.594806 12.186129 -10.112744
-3.879982 -4.915165 -20.549618 -8.810306 30.149771 25.213480 -10.604738 -22.367231 17.676926 5.051418 -8.988047 -10.522137 -26.918556 -16.160564 30.604321 18.567425 11.701743 -12.306265 24.051661 -1.529295 -1.733474 -2.271200 -32.962627 -7.055896 40.716648 3.484125 -15.440584 -13.851834 12.872835 -10.653638
-5.629169 -5.193663 -18.631660 -9.579989 31.507393 24.906078 -9.142486 -21.589922 17.475746 5.220837 -10.709001 -9.455291 -25.380888 -17.182486 31.165899 19.057272 11.996492 -11.625894 23.181847 -0.265655 -3.067229 -1.420472 -31.520735 -7.168128 42.288345 3.030413 -14.871176 -12.511986 13.020598 -10.511514
-6.867624 -5.285511 -17.563976 -10.144528 32.297947 24.681345 -8.293903 -21.130428 17.376497 5.721446 -11.632162 -8.787748 -24.644192 -17.669773 31.451237 19.165920 12.141500 -11.293943 22.741894 0.797627 -3.771954 -0.913188 -31.005787 -7.245490 43.010918 2.544768 -14.243558 -11.813733 13.056485 -10.094279
-6.885270 -5.440577 -17.481205 -10.175927 32.316429 24.693697 -8.181686 -21.105288 17.253998 5.698182 -11.622929 -8.866798 -24.576715 -17.686653 31.445427 19.270760 12.110859 -11.257881 22.584011 0.850169 -3.763866 -0.900124 -30.978369 -7.305811 43.000191 2.670367 -14.165452 -11.694123 12.916650 -10.088818
-5.696608 -6.811170 -18.603987 -9.841960 31.593384 25.435778 -8.669518 -20.693970 16.925995 5.346596 -10.810905 -9.696028 -26.115089 -17.427773 30.614803 20.009205 11.812960 -11.105084 22.544725 0.565955 -3.151051 -1.516137 -31.653461 -7.679958 41.923138 4.403964 -14.750690 -11.206296 12.386933 -10.013249
-4.003566 -9.225990 -20.624382 -9.357924 30.019539 26.423344 -9.244972 -19.876726 16.507483 5.814308 -8.728020 -11.684188 -28.485474 -16.812466 29.182434 21.168196 11.502371 -10.662057 22.161064 0.179926 -2.413888 -2.904133 -33.590050 -8.447269 39.654091 6.972481 -15.011950 -10.129713 11.412428 -8.992127
-2.763593 -11.998508 -22.003788 -9.588831 28.467995 27.711426 -9.325363 -17.851870 15.962955 6.552332 -6.669290 -13.501465 -31.075165 -16.231335 27.868420 22.333282 11.179818 -9.339375 21.471298 1.074752 -1.772656 -4.449958 -35.852688 -9.729411 36.731403 10.394367 -14.925128 -8.406855 10.378635 -7.642452
-0.676305 -15.551744 -23.955408 -9.312359 26.918985 29.385363 -8.978937 -15.358503 15.003044 7.182155 -3.536381 -15.421558 -33.896622 -15.480907 26.035835 24.659210 10.087398 -7.846433 20.172245 1.522534 -1.037724 -7.278267 -38.600906 -10.788303 33.517513 14.142435 -14.724271 -5.762399 9.751634 -6.688237
2.092966 -21.308502 -25.488119 -8.984670 24.852835 30.190643 -7.412704 -11.809845 15.324883 7.628294 1.198033 -16.870054 -36.389984 -15.454100 23.301733 28.005173 7.761727 -5.285277 19.397755 1.460258 -0.306969 -11.418198 -40.518173 -13.065324 29.944836 17.111353 -13.516619 -1.716754 9.488778 -6.406007
5.137820 -25.527899 -27.226475 -11.005614 20.637608 29.371555 -3.830991 -6.606700 16.405676 8.028346 6.907018 -16.504265 -37.221588 -16.526661 20.490969 30.491104 7.464909 0.233706 19.637417 1.397677 2.801732 -15.084492 -41.061954 -16.266037 25.470087 17.770208 -10.375648 3.600428 10.005268 -7.844566
7.950212 -24.342480 -30.770536 -15.175179 14.250759 26.795372 1.153671 0.412262 18.831671 7.488471 15.326715 -12.549242 -38.701424 -14.568270 19.003017 31.578341 7.480010 6.755215 19.935680 2.137165 6.533656 -18.055002 -41.289093 -20.086912 18.956394 13.688431 -2.910522 10.125811 16.902103 -9.298406
12.736771 -25.949108 -30.119793 -20.034346 7.511374 24.406212 4.068115 7.291953 19.482290 11.253209 21.893040 -14.673820 -36.348175 -14.864517 17.294777 29.971401 12.012599 13.424082 19.676220 2.555004 9.599673 -22.985197 -38.548943 -22.410419 15.723187 11.416059 1.385234 17.732225 18.282715 -8.345622
19.966072 -30.577433 -22.932772 -20.249817 5.590693 21.617884 4.633251 13.819817 18.678011 17.844389 30.205774 -19.666962 -32.885281 -15.427666 12.872047 29.333897 15.491467 17.238781 15.125087 5.852778 15.293074 -28.370312 -34.228924 -21.130432 15.447877 8.873613 2.808350 24.125172 18.153589 -4.304464
26.425152 -36.586487 -12.902147 -17.140238 7.629995 18.895744 8.446224 14.882941 14.321075 23.875116 37.384758 -23.868486 -23.987188 -14.933382 11.481789 33.138420 12.335335 16.954073 6.039390 12.100781 24.514818 -35.118626 -26.444715 -18.967525 18.158333 5.042521 2.271187 28.241747 9.240890 0.889685
34.785149 -38.470303 -3.967458 -16.244299 8.120546 13.666477 12.948569 13.104415 10.976094 19.802935 44.634571 -20.432419 -11.972224 -15.899221 9.984888 36.220531 8.272265 16.358078 -1.740134 15.362807 33.355106 -32.100361 -16.436981 -18.149324 19.197075 4.483589 2.908334 31.581717 2.392009 3.992243
36.607391 -33.215847 1.873243 -14.339608 11.658199 4.824044 18.976128 13.531822 11.490898 19.721785 46.100685 -12.738444 -2.225126 -16.129871 12.354706 29.844032 12.379921 17.314037 -4.083374 19.938034 35.065205 -22.761818 -10.098728 -17.573416 21.054918 -1.091437 6.893012 32.538586 0.971539 10.583732
38.522762 -23.752678 4.817987 -15.125729 14.146677 -4.602998 21.503304 14.296231 8.015390 20.069641 45.227135 -8.976039 2.696347 -17.014668 14.119250 18.475731 17.062777 17.213604 -7.674020 25.511127 37.278934 -13.716382 -5.356380 -18.185112 19.921185 -6.347744 10.863595 29.942274 0.876215 16.462624
38.694695 -14.071240 7.482817 -18.687908 11.682961 -11.936609 26.412962 11.867785 2.517990 24.206055 44.711102 -6.264545 6.256306 -15.326629 14.269111 7.054653 18.817234 12.477601 -13.576010 34.455498 38.276993 -4.235511 -1.142609 -19.752071 19.185717 -12.609437 15.146807 26.121637 -0.137558 19.682501
38.035988 -4.004716 7.230076 -19.495659 8.250151 -18.761904 29.443035 6.218335 2.116676 28.007940 45.495106 2.001479 9.347235 -12.963470 14.167468 -1.398390 20.692389 7.773485 -12.416868 37.657345 37.621231 2.535547 0.500091 -23.554283 14.886763 -20.026978 20.190195 18.732565 -2.139051 22.171215
37.441223 3.405862 6.068061 -19.790579 4.333905 -22.235838 30.387856 -0.406283 2.734804 30.883379 43.499641 7.391846 11.747662 -12.310095 12.776322 -6.851256 24.600668 1.543181 -10.733130 39.482979 36.249016 8.235460 0.075721 -24.654129 12.927676 -25.990555 22.226267 12.750665 -1.270083 23.670237
35.825424 8.927548 3.826046 -19.581324 0.917133 -25.331017 31.117599 -7.329863 3.989141 32.108044 40.280899 10.444073 13.959652 -11.875384 12.337141 -12.092557 30.854858 -3.281852 -7.952622 40.428146 34.798607 12.351596 -0.002870 -24.730263 12.753083 -30.758881 22.592943 7.456067 -0.874983 25.625179
33.678467 12.255689 2.004193 -18.579264 -0.863812 -27.265472 31.518335 -11.983985 6.650125 32.447346 37.815838 12.833159 15.328283 -11.589989 12.149465 -15.618673 34.504101 -6.721593 -5.309797 39.716949 32.841225 14.131868 -0.649502 -24.391663 12.849716 -33.890278 22.654848 3.675395 0.068441 26.189495
32.085499 13.670353 0.467480 -18.851252 -2.272321 -28.144484 32.138027 -13.951566 7.772728 32.416130 36.651791 14.003181 15.259291 -11.461210 11.648209 -17.557991 36.979965 -8.936449 -3.659592 38.537521 31.977079 14.665810 -0.996891 -23.992420 13.345559 -35.737110 22.700880 1.682604 0.698138 25.651405
