24.291140 -26.451025 -21.974710 -21.932997 24.648008 17.718189 11.174388 27.047159 -0.528105 1.295358 28.837271 -28.862244 -17.968863 -11.741543 25.801590 29.096416 14.648860 21.930525 12.175620 6.161129 19.820173 -24.040611 -22.062010 -23.096487 20.345613 15.179504 -2.543675 31.407665 9.598741 0.033640
24.141510 -27.119291 -21.857872 -21.822987 24.773113 17.628651 11.169915 26.895878 -0.633662 1.155649 28.785524 -29.117758 -17.876616 -11.971583 25.702576 29.183277 14.779470 21.814453 11.987625 5.822818 19.771379 -24.743752 -21.878513 -23.315645 20.371313 15.067417 -2.390532 31.419310 9.438534 -0.171529
23.867653 -27.992159 -21.665508 -21.701830 24.918432 17.371370 11.286180 26.647602 -0.762317 1.047126 28.783129 -29.561352 -17.448545 -12.277644 25.625755 29.200573 15.084681 21.621502 11.707759 5.358070 19.763105 -25.663410 -21.468512 -23.662008 20.392494 14.932055 -2.126264 31.355234 9.150627 -0.611440
23.505941 -29.140095 -21.183886 -21.530619 25.249832 17.080923 11.291283 26.265787 -1.040588 0.923686 28.712946 -30.269125 -16.533810 -12.641331 25.677895 29.226408 15.529922 21.236134 11.185143 4.823172 19.693041 -26.700979 -20.714222 -23.938208 20.793680 14.688452 -2.017776 31.303925 8.610296 -0.896837
23.031551 -30.362028 -20.638403 -21.312637 25.647911 16.714775 11.123730 25.471552 -1.476637 0.723029 28.740337 -31.086063 -15.486783 -13.201865 25.562666 29.375048 15.962598 20.428711 10.375078 3.947350 19.624357 -27.851263 -19.776810 -24.335093 21.092089 14.289031 -1.838366 30.860737 7.924102 -1.450953
22.643484 -31.701372 -19.925962 -21.105976 26.078077 16.535097 10.768162 24.638510 -1.953021 0.313206 28.488911 -32.169426 -14.303849 -13.659208 25.613020 29.710947 16.109816 19.574247 9.479953 3.261887 19.274515 -29.181990 -18.705822 -24.652597 21.689682 14.076750 -1.874825 30.575485 7.364748 -2.012033
22.423454 -33.428478 -19.204666 -20.854832 26.474037 16.203625 10.762698 23.592888 -2.563583 -0.478114 28.605707 -33.154793 -13.151264 -14.272872 25.482044 30.202972 16.185047 18.712362 8.307941 2.418692 19.386536 -30.594334 -17.636631 -24.751534 22.417892 13.536236 -1.565632 30.055609 6.735671 -3.114355
21.985947 -35.229179 -18.294750 -20.691853 27.133938 16.073156 10.591950 22.695427 -3.150978 -1.168482 28.604401 -34.596298 -11.766887 -14.683955 25.725529 30.746683 16.252762 17.738848 7.071056 1.359139 19.531933 -32.050640 -16.653923 -24.756245 23.244207 12.981326 -1.416198 29.559584 6.068598 -4.055866
21.603346 -36.664986 -17.563986 -20.652685 27.507633 15.653436 10.431248 21.696779 -3.728282 -1.916113 28.412260 -36.039356 -10.498671 -14.892015 26.207281 30.938730 16.348118 16.796515 5.984845 0.518806 19.657261 -33.396839 -15.847816 -24.562639 23.908470 12.147571 -1.378883 28.598524 5.560653 -5.057111
21.084431 -38.203865 -17.042719 -20.347420 27.966633 15.044937 10.100333 20.360882 -4.159209 -2.684117 28.244398 -36.912899 -9.320079 -15.256290 26.275141 31.159149 16.198963 15.345434 4.763124 -0.145768 19.523548 -34.938812 -15.059796 -24.319143 24.782827 11.196942 -1.191781 27.611547 5.126361 -6.225827
20.914501 -39.823452 -16.084539 -20.044474 28.442789 14.397902 9.984680 19.062319 -4.456132 -3.844862 27.893692 -37.891308 -8.035033 -15.460927 26.317160 31.023487 16.315075 13.845681 3.621792 -0.617668 19.400108 -36.243286 -14.133980 -24.019629 25.855463 10.316999 -1.073606 26.722143 4.651251 -7.446111
20.561073 -40.951260 -15.226684 -19.672979 29.015251 13.926247 9.633846 17.650217 -4.745367 -4.832903 27.617479 -38.398579 -6.518615 -15.809528 26.350231 30.971712 16.261721 12.406688 2.481068 -1.195972 19.522665 -37.182541 -12.943379 -23.796129 26.643671 9.206701 -0.946517 25.275990 4.039315 -8.805653
20.489130 -42.157818 -14.192797 -19.431372 29.508741 13.559278 9.567047 16.703753 -4.998476 -5.905556 27.304184 -38.617939 -5.248866 -16.166447 26.638203 31.281286 15.914980 11.710791 1.717990 -1.489951 19.252604 -37.946167 -12.137628 -23.692383 27.397356 8.602433 -0.881339 24.588760 3.652461 -9.539163
20.403095 -42.991566 -13.744370 -19.135929 29.705723 13.154479 9.261668 15.623167 -5.233230 -6.616740 27.095146 -39.081787 -4.203799 -16.434729 26.757879 31.616697 15.496239 10.924408 0.880346 -1.894520 19.459551 -38.553757 -11.201128 -23.639257 27.935030 7.845582 -0.699764 23.894608 3.162389 -10.498650
20.383533 -43.477375 -13.044565 -19.042412 29.904905 12.607092 9.311737 14.540708 -5.590169 -7.493878 27.124887 -39.272377 -3.139347 -16.826311 26.718328 31.770353 15.165639 10.025339 0.064197 -2.346756 19.859028 -39.202579 -10.414236 -23.387489 28.545488 6.857617 -0.369470 23.168280 2.752712 -11.468461
20.324183 -43.747540 -12.379915 -18.745270 30.406250 12.245627 9.006862 13.685944 -5.739518 -8.224611 27.171322 -39.214211 -2.341330 -17.175589 26.618814 31.991016 14.826276 9.289490 -0.542153 -2.821866 20.152988 -39.353691 -9.621050 -23.131203 29.147532 6.288785 -0.340049 22.576843 2.429396 -12.252170
20.090570 -43.817612 -12.176826 -18.371943 30.657328 11.836851 8.801766 12.862516 -5.839396 -8.431996 27.306078 -39.010365 -1.966329 -17.281284 26.317398 32.053665 14.584055 8.560864 -0.813415 -3.096148 20.259972 -39.439354 -9.157702 -23.012167 29.480972 5.735187 -0.259222 21.968203 2.156260 -12.745015
19.947573 -43.835087 -11.879479 -18.159761 30.892500 11.525989 8.607295 12.250418 -5.938243 -8.546711 27.152542 -38.944984 -1.655240 -17.330589 26.218069 32.086258 14.388212 8.063107 -0.967340 -3.127061 20.233873 -39.414001 -8.736933 -22.890060 29.828360 5.517634 -0.364344 21.644547 1.958713 -12.955777
19.889002 -43.758362 -11.881342 -18.048923 30.975569 11.230917 8.461658 11.782967 -5.941718 -8.789356 27.057402 -38.751827 -1.469856 -17.370207 26.166414 32.116367 14.242499 7.665708 -1.049506 -3.229272 20.059061 -39.256008 -8.537871 -22.932629 29.918697 5.331649 -0.384082 21.328411 1.868348 -13.075080
19.874420 -43.734215 -11.877789 -18.014292 31.003933 11.183432 8.408395 11.709296 -5.928349 -8.800674 27.070610 -38.680115 -1.369453 -17.371185 26.167076 32.135334 14.232400 7.617153 -1.053849 -3.228260 20.064939 -39.277592 -8.464875 -22.935163 29.968582 5.256173 -0.365402 21.280191 1.879384 -13.161063
20.020723 -43.712708 -10.896927 -18.102022 31.390022 11.058167 8.870216 12.073945 -6.136580 -8.474026 27.112293 -38.665020 -0.699504 -17.467497 26.430435 32.361774 13.981298 7.835145 -1.384092 -2.876927 19.941671 -39.312263 -8.002663 -23.150486 30.148785 5.258380 -0.088645 21.658878 1.477515 -12.950182
20.321016 -43.411503 -8.754921 -18.063471 32.337650 10.790986 9.534013 12.647213 -6.632347 -7.499472 27.315336 -37.710400 1.859525 -17.861536 27.106747 32.852421 13.462589 8.102732 -2.503186 -1.779577 19.824686 -39.073856 -6.315713 -23.648483 30.845970 5.287163 0.561403 22.471523 0.426500 -12.512428
20.338448 -42.591335 -5.756594 -17.925453 33.710846 9.925936 10.445531 12.720527 -7.191158 -6.084391 27.797859 -36.416298 4.821291 -17.868742 27.938398 33.224266 12.484726 8.553261 -3.971421 0.340173 20.047081 -38.020561 -4.105011 -24.154091 31.360199 5.196425 1.157119 23.125675 -0.908164 -11.525109
20.507532 -40.520363 -1.682057 -17.693678 35.820621 8.788045 11.000331 12.768656 -7.885141 -3.581280 27.180052 -34.334160 8.568677 -17.830912 29.849903 33.735157 10.818925 9.099062 -5.414361 2.976741 20.006462 -35.717091 -1.243270 -24.682732 32.241543 5.044003 1.803320 24.059053 -2.699715 -9.323973
20.097673 -38.450592 2.301890 -17.135500 37.636551 7.775950 11.595792 12.879759 -8.503535 0.002709 26.930128 -31.792656 11.888997 -17.943672 30.639771 33.172485 9.828115 9.489252 -6.710123 6.561020 19.681469 -32.360474 1.435177 -24.840208 33.434193 4.248185 2.355515 25.432610 -3.595109 -6.160347
18.738194 -36.089165 5.102095 -17.377600 38.256874 5.904824 13.890775 13.137479 -8.900719 3.554156 26.089422 -27.970751 14.411867 -17.922804 31.954895 31.187443 9.328005 10.807262 -6.819739 9.669996 17.959564 -27.994818 3.147413 -24.017729 35.754616 3.048666 2.643775 26.878227 -3.690114 -1.675366
16.262663 -30.096891 9.691126 -18.380695 40.538670 3.314593 16.416140 13.387060 -9.080626 6.285036 22.479357 -23.245386 19.877850 -18.024643 36.084179 28.077221 10.352673 12.186700 -7.073551 13.271480 15.598388 -22.698729 5.658075 -23.129393 38.967945 0.118364 4.174566 28.242676 -4.705872 3.598801
13.861084 -22.535074 14.176419 -19.522663 42.858044 1.390995 17.637407 13.078230 -9.841671 10.202176 19.280548 -18.800789 22.845118 -17.381336 40.519539 21.913641 12.337329 13.624266 -5.974338 16.708513 12.567185 -17.726820 7.709982 -21.565573 41.172939 -2.459676 5.003724 27.377823 -5.371618 9.707231
9.971381 -13.582101 18.271053 -21.595627 44.149353 -1.281328 18.417501 10.844416 -11.373867 15.809299 15.374857 -11.996293 24.944494 -16.386871 44.206177 15.772261 11.737753 13.824901 -4.064712 20.954603 7.890979 -13.142007 11.544087 -20.877501 44.040962 -6.208997 4.161688 23.957163 -6.838226 16.443710
8.515719 -4.981235 20.780643 -21.138788 44.978001 -2.527189 16.881926 7.267413 -10.865198 19.500847 12.105344 -6.345730 28.083490 -15.705387 46.972893 8.779160 12.940207 10.550100 -2.585473 23.300531 4.901787 -7.210351 14.845396 -19.447453 46.628822 -9.183700 2.610943 19.114986 -5.970896 20.952349
10.661531 3.221789 18.650145 -19.860392 42.764412 -4.290139 13.862232 3.726567 -11.332739 22.931093 12.961068 -3.091483 25.987244 -14.639876 46.908695 0.536382 14.975245 7.616662 -0.974032 22.065542 5.049813 -1.497790 15.545665 -17.606800 46.478123 -11.774374 0.528652 14.311532 -4.580594 25.695950
14.371833 9.314244 12.475041 -18.251570 39.064426 -7.353855 10.419764 1.015838 -12.333819 26.875639 15.909443 -0.614118 21.399738 -11.661242 47.312237 -7.621444 16.098490 6.397242 3.156468 19.828379 7.833591 1.983679 13.714223 -14.343149 45.077572 -14.628463 -1.612095 9.026734 -3.168925 28.860580
20.300987 11.879310 8.108640 -17.450342 35.753582 -10.094467 7.168215 -2.704024 -15.142614 26.484936 19.591635 1.001889 17.171579 -8.251279 47.707928 -14.006697 14.374719 3.445235 5.353132 16.832165 13.355292 4.135831 13.095319 -11.322701 44.155334 -16.463760 -3.949454 3.226045 -2.574639 29.026585
24.752424 13.038852 5.223841 -16.487333 33.326221 -12.081320 4.517765 -5.555057 -17.236443 23.792166 23.710598 3.103796 14.165348 -6.450807 47.242119 -18.136066 11.315221 0.911047 5.941798 12.547306 18.445604 5.190434 12.353999 -10.851485 40.921394 -15.325713 -6.887620 -0.970578 -3.608586 27.877655
29.750992 14.045804 3.548982 -16.810745 31.000059 -14.309028 1.299751 -8.819180 -19.447208 18.848721 28.291599 3.428792 10.709008 -4.627287 44.938255 -20.956348 8.065900 -1.609079 5.538539 9.293343 23.033958 4.760420 10.640458 -10.943236 37.213020 -13.535724 -9.751658 -4.958353 -6.907947 27.386488
35.341644 15.348271 2.072487 -16.426561 28.810022 -16.338343 -2.214125 -11.389050 -19.640608 12.923910 33.616913 3.964343 9.342382 -2.506661 42.479561 -23.158222 3.584891 -6.298617 4.228914 7.029343 28.407808 4.282907 9.030706 -10.456558 33.046818 -11.633080 -12.344077 -8.933917 -9.694856 26.673769
38.034752 15.282378 0.699941 -15.961087 27.744701 -17.135881 -5.638621 -14.118416 -20.313341 9.102167 36.493790 4.171429 7.966455 -0.615729 41.478073 -24.271034 -1.267779 -10.057815 4.410417 4.953264 32.631145 4.652691 8.000261 -9.219617 31.112335 -10.494806 -14.791001 -12.522048 -11.750259 26.099918
40.392544 14.030435 -1.638471 -15.864809 25.441835 -17.338602 -7.147805 -15.201506 -20.895508 6.737532 39.164837 2.852640 6.500054 0.951820 39.946384 -24.313547 -4.004674 -12.364854 3.730775 3.576675 35.833271 3.996555 6.567962 -8.148264 29.226091 -9.585270 -16.054764 -14.000861 -12.278466 25.263481
41.667522 13.752666 -3.412776 -15.921323 23.463316 -17.771599 -7.809399 -15.787186 -20.585323 5.956952 40.575569 2.277643 4.938468 1.592011 38.453510 -24.952423 -5.037099 -13.776347 3.374175 2.996657 37.244083 3.378395 5.236538 -7.797538 27.557310 -9.540484 -16.531881 -15.408664 -12.546865 25.128124
41.801342 13.622557 -3.903256 -16.006742 22.961868 -17.944597 -8.010930 -15.997743 -20.384970 5.712832 41.025772 2.254254 4.489947 1.555385 37.875999 -25.131310 -5.323259 -14.131437 3.411615 2.680037 37.537586 3.334324 5.030396 -7.805417 27.055494 -9.507378 -16.644369 -16.011410 -12.581841 24.911545
41.731037 13.580056 -3.790283 -15.969384 23.133434 -17.969208 -7.941029 -15.911980 -20.451159 5.772365 40.819916 2.129171 4.502077 1.312959 37.740944 -25.091402 -5.157420 -14.211031 3.035707 2.821921 37.423637 3.371520 5.050134 -7.838443 27.182516 -9.600118 -16.589790 -15.838682 -12.619671 24.991432
41.501984 13.528484 -3.411829 -15.916355 23.606012 -17.921078 -7.981061 -15.824883 -20.852087 5.998419 40.255245 1.788809 4.538256 1.033025 37.917881 -25.127268 -4.756397 -14.039854 2.514936 3.087868 37.126106 3.367215 5.057298 -7.854444 27.480402 -9.758154 -16.603952 -15.442893 -12.654736 25.197979
41.001610 13.500796 -2.609706 -16.036882 24.327900 -17.883266 -7.870763 -15.754862 -21.281328 6.160367 39.502724 1.178819 4.876466 0.445077 38.056534 -25.079252 -4.113110 -13.827365 1.790381 3.417706 36.492050 3.327911 5.496054 -7.996124 28.152306 -10.145926 -16.506376 -14.967375 -12.832051 25.352055
40.204189 13.739161 -1.819727 -16.277205 25.275137 -18.047915 -7.685383 -15.630075 -22.133472 6.598170 38.405853 0.623587 5.648190 -0.068306 38.785156 -25.463018 -3.236800 -13.665494 1.185786 3.622044 35.533207 3.211134 6.188347 -8.284249 29.165148 -10.883989 -16.334352 -14.792645 -13.358296 25.581270
38.684967 13.981210 -0.907145 -16.716587 26.346457 -18.509823 -7.412926 -15.246840 -22.522516 7.388577 36.988445 -0.049879 6.332675 -1.023629 39.240532 -25.927593 -2.059849 -13.216601 0.773957 4.063997 34.203697 2.826779 6.714779 -8.861370 29.970793 -11.707758 -15.908490 -14.292548 -13.821130 25.782150
37.449921 14.224503 -0.471204 -16.758665 27.354580 -18.774174 -6.940785 -14.907443 -22.934721 8.351562 35.160603 -0.862215 6.475490 -2.172806 39.635124 -26.237587 0.039330 -12.752496 -0.092290 4.652722 32.626255 2.539999 7.098072 -9.190906 31.072735 -12.945473 -15.403229 -14.201167 -14.211152 26.058847
35.719318 13.987039 -0.475675 -17.012064 28.091152 -19.368376 -6.447572 -14.351178 -23.302767 9.497554 33.574150 -2.134136 6.833519 -3.043950 39.985847 -26.844757 2.437941 -11.962284 -0.376339 4.839993 31.082560 1.747464 7.392525 -9.647822 31.936684 -14.042078 -15.136688 -13.780115 -14.590356 26.086655
34.117363 13.340336 -0.782479 -17.092150 28.646212 -19.999012 -5.640079 -14.054771 -24.156183 10.930722 31.958866 -4.010234 6.977814 -3.625620 40.527470 -27.559816 4.657809 -11.198461 -0.938174 5.241190 29.899361 0.751669 7.605086 -9.688292 33.144581 -15.395109 -14.727152 -13.178572 -14.727687 25.809452
32.350494 12.672913 -1.366711 -17.574402 28.988972 -20.501017 -4.849310 -13.809114 -25.419901 12.135432 30.009636 -5.059591 7.319097 -4.410250 41.140572 -28.028393 6.545706 -10.682363 -1.451666 5.625026 28.301161 -0.062354 7.978810 -10.238173 33.889290 -16.743465 -14.233674 -12.897770 -14.796823 25.405785
30.203350 11.530828 -1.625889 -17.798021 29.755129 -20.818991 -4.193759 -13.537580 -26.444242 13.736217 27.978283 -6.375054 7.800298 -4.943536 41.885696 -28.021496 8.323484 -10.003429 -1.932159 6.256309 27.003225 -0.851583 8.662710 -10.453670 35.502522 -18.315067 -13.841786 -12.204514 -15.250852 25.266903
27.997698 10.317307 -2.054908 -18.010485 30.659250 -20.874786 -3.621895 -13.040349 -27.305264 15.113297 26.404722 -7.907535 8.057278 -5.539647 42.562855 -27.780167 9.932071 -9.557130 -2.381349 6.454487 25.368761 -2.098855 9.227421 -10.723178 37.253761 -19.704170 -13.414544 -11.819055 -15.709443 24.496748
26.106054 9.291321 -1.981394 -18.131481 31.371071 -21.119139 -3.169344 -12.853945 -28.161612 16.560986 24.794041 -9.718809 8.642276 -5.782322 43.582371 -28.190714 11.264812 -9.063106 -2.535576 6.898901 24.157578 -2.834463 9.653939 -10.830159 38.566765 -20.843777 -12.985434 -11.572808 -15.881824 23.607349
24.504807 8.329991 -1.952672 -18.328136 32.009792 -21.497631 -2.752909 -12.666661 -29.207230 17.938179 23.492666 -11.048784 9.086147 -5.567739 45.059570 -28.700409 12.249866 -8.138854 -2.007876 7.207760 23.159924 -4.008296 10.231064 -11.287235 39.353149 -21.882547 -12.244225 -11.361490 -16.415230 22.959473
22.912066 7.392879 -2.205586 -18.810648 32.564453 -21.890978 -2.400786 -12.394777 -30.442945 19.120033 21.618675 -12.587294 9.673766 -5.241457 47.048702 -29.536596 12.962564 -7.408886 -1.340063 7.468225 21.867926 -5.260700 10.517971 -11.663818 40.182423 -22.773464 -11.575979 -11.191496 -16.821609 22.211216
21.978796 6.615514 -2.795505 -18.876307 32.912498 -22.209038 -1.940088 -11.836803 -30.611105 19.384314 20.661377 -13.742031 10.370852 -4.820220 48.545475 -29.926777 13.501774 -7.067449 -1.099610 7.568617 21.345304 -5.982269 10.730999 -12.048722 40.583431 -23.348059 -11.162522 -10.841491 -17.074600 21.308136
21.403109 6.287642 -2.967043 -18.975071 33.184662 -22.423964 -1.845332 -11.680306 -30.942535 19.520712 19.596931 -14.875335 10.953062 -4.381730 49.746593 -30.615690 13.755655 -6.864316 -0.899152 7.732186 21.036612 -6.786434 11.231536 -12.571914 40.838421 -23.899097 -10.994207 -10.863068 -17.679489 20.727789
20.797337 5.929892 -3.197857 -19.090797 33.346199 -22.536741 -1.647722 -11.587036 -31.385921 19.633043 19.052853 -15.355055 11.414907 -4.019812 50.512039 -30.756699 13.896912 -6.668920 -0.531517 7.572331 20.719040 -7.361609 11.596328 -13.047635 40.928463 -24.181755 -10.867265 -10.963424 -18.165157 20.381493
20.281122 5.712349 -3.477503 -19.202120 33.401722 -22.686697 -1.363563 -11.433772 -31.602547 19.718973 18.827177 -15.792021 11.724006 -3.893222 50.793304 -30.787312 14.116960 -6.629038 -0.430144 7.329422 20.404190 -7.676769 11.614455 -13.472153 40.867882 -24.415344 -10.624303 -11.048244 -18.372017 20.073227
19.805647 5.644083 -3.523165 -19.239094 33.502365 -22.660875 -1.157276 -11.377020 -31.702208 19.859240 18.535357 -15.902737 12.020048 -3.915464 51.012447 -30.746605 14.287659 -6.740402 -0.603025 7.279693 20.109879 -7.789641 11.860634 -13.779737 40.901466 -24.673018 -10.378124 -11.115844 -18.428513 19.811472
19.729364 5.623312 -3.592111 -19.281317 33.467125 -22.637249 -1.088909 -11.313601 -31.759422 19.868456 18.451494 -16.076590 12.057169 -3.881175 51.019798 -30.786854 14.324122 -6.733484 -0.718821 7.351619 20.044878 -7.827759 11.872466 -13.858350 40.918800 -24.711697 -10.312554 -11.073870 -18.438591 19.739834
19.450411 5.700906 -3.558157 -19.270733 33.636665 -22.611258 -1.066555 -11.278719 -31.714235 20.141869 18.294691 -15.976752 11.935289 -3.936066 51.130527 -30.769753 14.511692 -6.440124 -0.529230 7.458908 19.923748 -7.761580 11.842592 -13.782284 40.993824 -24.761114 -10.303861 -10.963935 -18.274836 19.834311
18.692417 5.943532 -3.304948 -18.948992 34.128029 -22.633011 -0.773586 -11.112272 -31.299194 21.213167 17.684822 -15.846188 11.846750 -4.131865 51.434696 -30.925821 14.878756 -5.800939 -0.241741 8.224948 19.589533 -7.547020 11.941100 -13.551743 41.250034 -25.078440 -10.262851 -10.493725 -17.764732 20.234066
17.886358 6.100945 -2.602501 -18.498226 35.091122 -22.640398 -0.440079 -10.543907 -30.680958 22.369438 17.317095 -15.628423 11.845486 -5.079066 51.116360 -30.629232 15.250772 -5.341372 -0.936663 9.017968 18.956600 -7.018816 12.515351 -13.490999 41.746479 -25.761097 -10.366525 -9.492985 -17.280251 21.416023
16.837936 7.394263 -1.435518 -18.625675 35.806290 -22.849754 0.220438 -10.180005 -30.333864 24.238077 16.964945 -14.567108 12.227665 -6.068198 50.928493 -30.194817 15.687945 -4.390494 -1.397151 10.194859 17.556078 -6.585089 12.719378 -13.012916 42.522537 -26.647661 -10.324957 -8.455775 -16.138294 23.239807
15.826127 8.567015 0.026458 -18.622978 36.808044 -22.809731 0.940312 -9.290974 -29.937708 26.362959 16.356928 -12.984333 11.942662 -7.705474 49.997875 -28.990551 16.126995 -3.287117 -2.249935 11.845029 15.971670 -5.548265 12.483730 -12.568372 43.538937 -27.426138 -10.103060 -6.946276 -15.034312 25.026199
14.332944 8.943709 1.866150 -18.278025 37.953781 -22.013252 1.615525 -7.973863 -29.261400 29.107224 15.124711 -11.689457 12.015306 -9.304607 48.966465 -27.225872 16.579353 -1.215161 -2.902098 14.069561 13.424923 -4.233561 12.285551 -12.009531 45.253067 -27.850857 -9.270556 -3.998010 -13.834327 27.454607
12.834204 9.168410 4.194221 -17.888691 39.243271 -21.664186 2.730427 -5.997721 -28.551811 31.992044 14.079767 -10.605664 13.454002 -10.113246 49.167831 -25.830477 16.357569 1.506225 -3.142838 17.091320 11.760450 -3.099250 12.678013 -12.302413 45.984745 -27.444761 -7.539831 -0.948735 -13.230787 29.421881
12.342776 8.562944 8.018034 -17.380169 41.498264 -20.177042 3.016625 -3.637116 -28.109243 34.147339 13.712283 -9.860897 14.704206 -8.341640 51.366924 -25.093401 14.942973 4.779613 -1.221318 18.746923 11.214937 -2.563322 13.877757 -11.887933 47.183697 -26.601730 -6.599191 1.897923 -12.019400 30.290367
13.363956 6.931834 11.687261 -16.394423 43.393463 -19.376387 3.681717 -2.575407 -28.145784 34.267128 14.138942 -9.223999 16.152464 -6.423190 53.994247 -24.511999 14.290963 8.965829 1.206106 19.455187 11.499827 -3.049657 15.157709 -10.633014 49.084129 -25.597460 -5.649139 5.070314 -10.707148 30.519009
16.613243 3.935279 15.011254 -15.146750 44.478958 -18.412857 5.352182 -1.360084 -27.780811 32.159348 17.569263 -9.176734 18.326674 -3.704533 57.249020 -22.525799 13.033210 14.539325 3.478286 19.310717 15.284287 -4.538254 16.872993 -8.870975 50.113258 -23.848209 -4.159338 8.878472 -10.075742 28.868853
20.973848 1.142868 17.515985 -14.630163 43.902431 -17.169306 7.147465 -0.925018 -26.320833 28.207392 21.099615 -10.860853 20.581680 -3.629716 57.291870 -18.662037 12.413714 17.868723 2.747641 19.226767 18.967377 -6.145342 18.167730 -7.402944 49.944893 -20.915253 -3.141465 11.252368 -9.173215 27.171532
27.226088 -2.766011 18.766764 -13.122304 42.206455 -14.493009 8.155987 0.105660 -23.623394 23.567394 27.082417 -12.128510 21.574373 -2.704733 55.084423 -14.295297 11.598912 19.319647 2.928261 17.688381 23.628283 -8.418055 18.306435 -6.606280 48.213505 -17.268093 -0.361969 15.108029 -8.394978 26.113516
31.337919 -7.435949 18.593964 -11.856642 39.990013 -11.254558 8.397122 0.667800 -21.790970 20.572292 33.325005 -13.077226 21.864100 -2.030605 52.705326 -9.550610 9.932573 19.980955 2.351289 15.083896 26.782854 -10.632361 18.732536 -6.039909 46.826225 -14.074771 0.918041 17.129015 -7.041925 23.627272
35.244186 -11.800055 16.544813 -10.727891 37.062347 -7.750422 10.924223 3.554005 -18.065758 17.987501 37.063133 -14.514604 19.749992 -1.856731 50.842537 -4.983026 8.761835 21.894634 2.483669 13.574729 30.701010 -14.389655 16.699343 -4.453730 44.595863 -11.040977 2.383793 18.791023 -4.548232 21.331104
36.676193 -15.876421 11.445125 -9.737597 37.360493 -4.532484 15.623934 15.872655 -5.545597 8.953588 37.636349 -20.073647 18.410337 -3.217348 38.714458 12.313288 10.338235 19.014250 3.810609 18.985395 32.038399 -11.337346 5.052120 -7.245183 40.381222 -7.957663 1.608122 30.210909 3.362560 12.961545
37.761932 -20.833519 7.789212 -10.582387 35.244900 0.594405 17.022007 21.258041 -1.500225 5.693042 40.607246 -20.096891 13.491228 -4.991389 33.490494 20.592577 8.538526 20.517311 4.005788 17.795387 33.743828 -14.367738 1.259146 -6.440901 38.592228 -3.742534 1.198906 33.698593 6.517857 9.992339
38.016495 -26.845371 1.840490 -12.359179 32.336040 4.780808 17.319292 25.172348 -2.097359 6.272175 43.485085 -21.984598 7.326365 -7.808486 27.248697 27.172920 7.604501 22.170788 1.710563 17.957806 36.512131 -18.904881 -2.635108 -8.624251 34.137260 0.857005 0.961516 35.789146 6.746562 6.436143
37.045231 -30.947199 -6.685059 -11.993709 28.956284 7.036413 15.565098 25.650101 -2.836391 8.091706 43.383320 -22.897545 -1.936950 -11.612334 20.615602 32.224762 6.583852 21.781750 0.477604 17.314049 35.223953 -24.383198 -8.793418 -11.960516 27.946779 4.295478 0.977335 36.028606 6.698962 5.915019
35.357475 -32.458714 -14.925426 -11.755666 25.840343 9.356825 12.419893 24.229822 -3.088803 9.689732 43.282124 -22.283655 -10.850164 -13.642533 14.955976 35.108414 5.751885 19.856157 1.485173 14.923681 32.162491 -29.468809 -14.942001 -15.196122 22.326151 6.081245 1.637555 33.723251 7.047256 4.202772
30.621286 -32.633884 -23.595453 -11.399125 24.767656 10.615997 10.651737 23.801039 -4.099799 14.223884 40.238747 -22.732080 -20.268641 -14.843673 10.693049 34.831825 9.780214 16.216278 2.757119 13.719433 28.326283 -35.181343 -22.864614 -18.099791 18.968605 4.447170 2.676388 30.024292 6.284813 2.244366
26.792307 -32.450550 -30.012266 -11.097242 23.207464 10.781281 9.716554 22.334566 -2.606704 14.387459 38.405785 -22.095501 -26.774548 -15.318627 8.579499 33.152493 12.431707 14.702553 6.144928 11.289701 25.520605 -35.188316 -28.105595 -18.808134 16.746798 4.091160 2.044972 26.226477 9.725529 0.151882
24.810530 -30.251455 -36.265625 -10.718610 21.369917 10.132827 8.059195 19.079594 -0.151037 12.006773 35.908520 -20.795328 -31.603916 -16.153841 6.779808 31.271952 14.223449 12.716866 8.627990 9.617491 22.909468 -33.258606 -33.180218 -18.823938 15.112015 3.252971 0.234190 22.500633 13.639234 -1.373603
24.946302 -27.694221 -39.731007 -9.673410 20.841841 10.529362 5.359305 17.122219 2.218377 9.647608 34.554523 -20.132885 -34.814068 -15.598497 6.308669 30.733229 14.079925 9.002166 10.198667 6.678553 23.040228 -31.767740 -35.120052 -18.208296 14.715010 3.817138 -0.922186 20.472706 15.400168 -3.708333
24.154566 -25.026283 -43.641479 -8.256480 21.421696 11.149984 2.087644 15.252997 5.081007 7.377080 32.411312 -19.698256 -38.392464 -13.680863 6.634520 28.987995 13.980412 5.294211 12.313085 6.933073 22.831850 -28.613171 -38.796669 -16.419228 13.365009 5.302219 -3.966071 17.514408 17.578550 -3.140164
23.123930 -21.944490 -46.916286 -7.872858 21.365044 11.615505 -1.464376 12.666304 7.202142 4.412962 28.963293 -20.399090 -40.900730 -11.247737 7.667078 26.645910 12.265480 1.979070 14.366426 8.250463 21.539089 -22.651186 -41.389439 -15.016687 13.387437 6.427731 -6.573226 14.988017 19.372829 -1.775290
20.432972 -18.971264 -49.292519 -7.667013 21.479094 12.230280 -5.589827 9.653892 7.753547 5.195355 25.880882 -20.276348 -43.349651 -8.300080 10.105595 24.646988 9.820681 -0.633354 16.936232 8.977820 19.401381 -18.351837 -44.263470 -13.356863 14.296466 8.000539 -9.191689 12.707049 19.774437 0.395359
18.159641 -17.702473 -51.051815 -7.578045 21.144958 12.258020 -8.582952 7.072382 7.417771 7.057448 23.046419 -18.888721 -45.748699 -7.568198 10.762156 22.884842 9.262604 -3.597165 18.902798 8.282393 18.051733 -15.521975 -45.151520 -13.604923 13.837385 8.510769 -11.240489 9.330962 19.452332 2.828192
16.079655 -15.762931 -51.117321 -6.860141 22.406809 12.756192 -11.033997 5.669512 6.743277 10.818069 19.766476 -17.630409 -47.752003 -6.706310 11.008270 20.649067 9.143231 -4.933385 20.861631 10.760825 16.356270 -11.759301 -46.150043 -14.571053 12.443356 8.943523 -13.187579 6.438574 19.616940 6.658204
13.737226 -12.595562 -50.901180 -6.672117 23.533266 12.857819 -12.519972 4.600477 6.500862 14.991043 16.407660 -17.461550 -50.413918 -6.083058 11.418582 19.022326 8.624241 -4.783118 23.168114 13.677131 13.179680 -8.629683 -47.828785 -15.971235 11.057688 9.289832 -14.259019 4.668376 19.812641 10.669353
11.005192 -8.996392 -50.909180 -6.563569 24.176958 11.498457 -12.541320 3.824870 7.255745 18.955620 13.069924 -16.703241 -51.728519 -6.227329 11.441269 17.302773 8.526166 -4.918003 24.688480 17.080179 10.956228 -6.709811 -48.799076 -17.050846 9.849689 8.970352 -14.173564 2.848712 19.260262 13.211170
8.123660 -5.728499 -50.286758 -6.718293 24.870621 10.742655 -13.082155 2.405955 7.058836 22.726511 9.832546 -15.850781 -52.766998 -6.347661 11.291601 16.116434 8.497469 -5.508229 25.386871 20.309072 7.716086 -5.582365 -50.458458 -17.875908 9.212394 7.577957 -13.173972 1.834063 19.391390 15.265639
6.856261 -2.999382 -49.454407 -6.381020 25.716352 10.107596 -14.155070 1.146444 6.893534 25.735136 7.370479 -15.006338 -52.960968 -5.953382 11.686270 14.237518 9.047283 -6.788173 25.720030 23.160936 4.249189 -4.158080 -50.795345 -18.608046 9.050812 6.222515 -13.435182 0.227858 19.499258 18.065350
5.510235 -0.329797 -47.929638 -6.410844 26.652153 9.534361 -14.481690 0.661505 6.161350 28.816133 4.397164 -13.215778 -52.894958 -5.836454 12.304249 11.631483 10.326589 -7.501975 26.372408 26.778202 1.287792 -1.702610 -50.335587 -18.967794 9.537850 4.539881 -13.752254 -0.570473 19.802639 21.775677
3.740837 2.226794 -45.769470 -6.158902 28.095837 7.951097 -13.627715 -0.381220 5.662300 30.891531 1.558215 -11.545455 -51.212063 -6.314352 13.097543 9.504750 11.395028 -8.351554 26.503958 29.056908 -1.283721 0.306405 -48.703739 -19.153805 10.918106 2.107238 -13.996648 -0.771948 20.806034 24.612175
1.807550 4.973036 -43.628735 -6.141706 29.694422 6.632509 -12.268620 -0.565063 5.643913 33.171097 -0.662606 -8.839792 -49.129704 -6.770615 13.972689 7.368132 12.230077 -8.725011 26.924782 31.679399 -3.336918 2.303829 -48.312775 -19.374121 11.928127 -0.698223 -12.931913 -0.624778 21.923183 26.876881
0.259412 6.850909 -42.881638 -6.375563 30.410912 5.639428 -11.023583 -0.637681 5.685446 34.981369 -2.440187 -6.911439 -47.326180 -7.158874 14.653998 6.003084 13.045122 -9.293325 26.579132 33.469273 -4.351882 3.713963 -47.503597 -19.619644 12.585881 -2.844799 -12.067593 -0.926002 22.484632 28.004585
-1.038982 7.933478 -42.344254 -6.774109 30.794226 4.531655 -9.580976 -0.881395 5.774528 35.795357 -3.514832 -5.038426 -45.314529 -7.905599 15.070136 5.256239 13.757990 -9.886633 25.992695 34.142128 -5.190026 4.405845 -46.929974 -19.739607 13.223650 -4.669003 -11.227359 -1.392811 22.749737 28.406776
-1.577260 8.801930 -42.094315 -6.979760 30.885828 3.775239 -8.651639 -1.033860 5.753235 36.466019 -4.081426 -3.845750 -44.076313 -8.329398 15.386790 4.859141 14.307364 -10.027663 25.623310 34.605652 -5.484892 4.864306 -46.305504 -20.110271 13.362545 -6.040520 -10.199741 -1.676869 22.583275 28.675945
-1.805148 9.287503 -41.852795 -7.156262 30.883375 3.161127 -8.007829 -1.171762 5.741545 36.688541 -4.471436 -3.070835 -43.391304 -8.619269 15.490641 4.533850 14.613253 -10.249130 25.370544 35.022568 -5.682634 5.158411 -45.901482 -20.263960 13.513618 -6.928531 -9.651569 -1.818458 22.475288 29.051588
-1.922087 9.436849 -41.826248 -7.253748 30.844927 2.963769 -7.781821 -1.273400 5.735792 36.689934 -4.555475 -2.783416 -43.190434 -8.710268 15.530802 4.454802 14.739495 -10.373357 25.266624 35.068348 -5.721617 5.240188 -45.782394 -20.304033 13.591549 -7.223411 -9.441216 -1.959960 22.405041 29.067842
