-9.346731 -12.986574 -3.190213 -25.065865 18.782804 6.651885 -17.132267 -42.397949 25.015680 -19.669693 -8.128592 -11.335768 19.814058 -35.987274 11.846820 6.206380 -19.977999 -33.213451 41.684662 -11.009758 -14.303745 -13.795119 10.787619 -52.151035 13.552704 -1.820182 -27.784859 -21.245991 27.639164 -14.908623
-10.103449 -11.212858 -4.657534 -25.763025 17.414009 6.408876 -16.288729 -42.949623 23.579733 -17.277458 -8.363836 -10.553209 18.125067 -36.053009 11.210042 5.674604 -17.981556 -33.242916 41.011456 -9.635702 -14.955075 -13.305836 7.520830 -51.630146 13.145436 -2.226767 -25.898033 -20.961971 27.291887 -13.348727
-10.721206 -9.257547 -6.293828 -25.967442 16.469193 5.852877 -14.447649 -43.226437 21.737719 -14.101568 -8.117158 -9.625069 15.294422 -36.200417 9.419384 5.116313 -15.049436 -34.058823 39.322498 -8.263767 -14.680327 -12.408193 4.271665 -51.031460 12.050628 -2.546269 -23.952469 -21.545614 25.654232 -10.960555
-10.532869 -6.745052 -8.119843 -26.082027 15.308001 5.180120 -12.004333 -43.570972 19.752491 -12.007009 -7.780477 -8.287131 11.721422 -36.334007 6.748659 4.352086 -11.426126 -34.869320 37.124027 -6.245452 -13.839990 -10.690245 1.314508 -50.452442 10.947839 -2.545827 -21.244616 -22.453926 22.192810 -8.270759
-9.693163 -3.774429 -9.923158 -25.574055 14.072595 4.452998 -8.987097 -43.396191 17.489359 -9.309807 -7.140287 -7.614587 7.986530 -35.399620 5.326574 3.919085 -7.566767 -35.230011 34.574284 -4.437919 -12.918758 -8.399949 -1.542527 -50.045818 9.418263 -2.290458 -18.337505 -22.848909 18.394512 -4.702900
-8.565645 -0.531354 -10.865146 -24.987831 14.317423 4.167447 -5.703876 -42.326435 15.522779 -7.050599 -6.155145 -5.637579 4.708667 -34.310875 4.938896 3.304261 -3.180133 -35.003239 32.206886 -2.857289 -12.496528 -4.976731 -3.714928 -49.485336 8.678031 -2.106419 -15.407661 -22.899408 14.935789 -1.147259
-7.932041 0.649599 -12.281642 -24.070946 13.834193 3.419263 -4.439548 -42.296062 14.485071 -4.191317 -4.949190 -5.668097 2.150089 -33.342884 4.194717 2.534522 -0.920891 -35.214378 31.038811 -1.600713 -11.654069 -2.982453 -5.832576 -48.347031 8.493658 -2.161078 -13.972771 -23.025713 13.169345 1.254007
-7.011959 1.609285 -13.966772 -23.320761 13.329025 3.134703 -3.027569 -42.099522 13.538338 -2.386703 -4.442047 -5.134494 -0.014993 -32.580551 4.195239 1.639437 1.707456 -35.311424 30.313013 -0.391756 -10.831053 -1.439914 -8.587874 -47.233910 8.130641 -2.029331 -12.427608 -22.780025 11.840952 3.182140
-6.357371 1.660702 -15.574669 -22.621399 13.009228 3.409792 -1.872224 -41.605793 12.706921 -1.300652 -4.088141 -5.159396 -2.406897 -31.660231 4.269166 1.492311 3.842748 -35.250919 29.316683 0.280624 -9.963979 -1.049214 -10.831733 -46.160965 7.732391 -1.589724 -11.716574 -22.642494 10.936800 3.980362
-6.076804 1.740347 -16.461220 -22.408567 12.548801 3.454342 -1.259337 -41.213039 12.406555 -0.659332 -3.963223 -5.034074 -3.598155 -31.146616 4.452209 1.489537 4.767319 -35.047916 28.848679 0.715279 -9.337832 -0.957375 -11.966753 -45.556866 7.469614 -1.502252 -11.344023 -22.626320 10.613723 4.137888
-6.594798 1.839027 -16.764908 -22.555832 12.647214 3.516621 -0.719284 -41.022095 12.423115 -0.536332 -4.233471 -4.966483 -3.996823 -31.075092 4.751866 1.360878 5.472243 -34.946823 28.753580 0.865161 -9.632854 -0.917891 -12.534559 -45.408173 7.618243 -1.714067 -10.950281 -22.811129 10.460166 4.160099
-9.653126 2.641365 -18.676336 -23.184387 13.043330 3.832864 0.886026 -39.913807 13.341381 0.851909 -6.807204 -3.971756 -6.537480 -30.516705 6.473682 0.854089 8.858217 -33.880104 28.175974 2.571053 -11.677007 -0.796390 -15.702426 -43.872799 9.553319 -3.416014 -8.552981 -22.821941 10.150225 4.028732
-12.278235 3.427894 -22.124094 -22.307383 14.766939 6.138353 3.661815 -36.759357 13.548658 2.215385 -10.485712 -1.842550 -10.548792 -29.838190 8.812000 2.898305 11.435656 -31.884558 26.679787 3.937524 -13.657302 -1.394747 -20.138330 -39.850109 13.942206 -5.515171 -6.169434 -22.797497 10.499960 1.673246
-13.952700 5.819414 -26.301523 -20.503031 17.077551 8.956098 5.599027 -33.071346 15.042562 4.387118 -12.479176 0.871463 -15.899462 -28.257933 11.061534 5.008130 12.242925 -30.397690 26.353722 5.930617 -14.409840 -0.822064 -26.375601 -36.198231 16.598577 -6.856659 -2.773590 -21.697668 11.763637 -0.447195
-12.250773 9.572214 -31.990807 -18.592169 16.702795 11.840392 3.683578 -26.220591 20.221832 8.161963 -11.420824 5.730292 -22.652948 -24.284777 12.274438 5.230437 11.907810 -28.048555 27.930637 9.585635 -14.104061 2.993212 -32.981209 -32.110020 16.702925 -5.805653 -3.143632 -19.778887 13.374696 2.105137
-11.371916 6.740412 -37.168213 -15.333385 15.716985 12.326233 3.133135 -17.816534 26.519548 16.117060 -8.306302 4.648902 -30.698835 -22.127026 7.989684 3.737513 14.504942 -26.520880 27.732283 15.250414 -13.380436 -1.062042 -40.075714 -32.130600 11.622103 -5.970230 -1.586045 -19.295195 11.634584 8.774484
-7.482913 -0.647041 -42.489792 -7.506050 17.007620 11.364113 2.606884 -11.452402 33.173294 23.208843 -2.337160 -4.813118 -36.817589 -21.142302 3.290023 5.164088 16.605240 -25.289869 23.719635 16.295000 -6.062408 -0.991442 -43.419548 -31.377598 6.135510 0.787575 -4.717920 -15.501794 9.666990 13.495884
1.666667 -6.110347 -43.446854 -3.368957 14.766349 10.836085 -0.107799 -9.788590 33.656822 24.820213 4.680651 -16.011217 -41.745029 -10.133411 7.434427 5.628135 8.832532 -20.012766 27.053946 19.369173 5.879376 -0.139141 -44.294594 -24.273712 6.196471 6.795988 -12.698955 -11.523241 12.335690 14.352283
6.139484 -11.119668 -46.293613 -4.451402 7.738732 8.884125 0.920851 -11.266345 29.356159 25.920681 13.302939 -18.706867 -43.363419 -5.502673 6.063569 2.706651 9.194007 -18.691347 29.222570 17.511889 12.987857 -4.742566 -46.361248 -23.222687 0.784434 6.947666 -13.624726 -12.273955 10.556869 16.008184
8.935978 -11.772795 -47.758541 -4.351082 4.515891 5.825771 4.291091 -12.577979 27.715099 25.467426 17.484743 -18.637770 -42.981884 -5.165016 3.910123 0.670402 12.655042 -19.402327 27.952011 16.400496 18.093523 -6.813915 -45.488815 -23.006260 -1.646889 4.951934 -11.979073 -13.758302 7.715244 16.079561
9.170475 -11.633337 -47.887985 -4.358676 4.132983 5.302087 4.847199 -12.649649 27.600460 25.604364 18.025734 -18.693403 -42.693447 -5.230091 3.607941 0.395982 13.201522 -19.333841 27.770466 16.144899 18.543276 -6.933119 -45.234997 -23.082195 -1.904534 4.537688 -11.632668 -13.955010 7.270606 16.277161
8.645771 -11.194013 -47.998283 -4.360869 4.242133 5.284103 5.004541 -12.308394 27.674768 26.614695 17.273432 -18.494896 -43.120857 -5.217109 3.625271 -0.155677 13.423489 -19.100986 28.070824 17.452433 17.587049 -6.197173 -45.758690 -23.010643 -1.707644 4.383040 -11.817860 -13.848173 7.732291 17.298574
7.601583 -10.518204 -48.157150 -4.347473 4.619286 5.499044 4.995260 -11.672823 27.829256 28.561049 15.929847 -18.072777 -43.669617 -5.178714 3.868861 -0.894467 13.657323 -18.724344 28.502583 19.353201 16.214729 -5.000461 -46.767269 -22.705332 -1.280335 3.879904 -11.765497 -13.506721 8.395569 19.085011
6.496251 -9.138201 -47.464279 -4.531170 5.270859 5.798167 4.731017 -11.081353 27.604530 31.174341 13.836758 -17.205076 -44.104527 -5.306044 4.422334 -1.837646 13.985740 -17.988241 29.012873 21.899580 14.416616 -2.850541 -47.299839 -22.444118 -0.481230 3.197296 -11.619343 -12.933770 8.968218 21.380890
5.043142 -6.911417 -45.371643 -4.729681 6.876209 6.469179 4.047861 -10.207282 27.352262 34.309135 10.630986 -16.395039 -43.692017 -5.152755 6.195712 -2.667117 13.909821 -16.531853 29.413645 25.539648 11.910578 0.194053 -47.586723 -21.680861 1.422521 2.282058 -11.323658 -11.918357 10.188624 23.602415
3.858964 -4.082836 -43.352230 -4.937005 8.527516 6.682437 4.087521 -9.335780 26.816620 37.907852 7.914263 -15.709813 -42.961578 -4.729897 8.344817 -3.671734 14.011304 -14.963956 29.409899 29.695448 9.469983 3.404891 -48.129406 -21.171873 3.083308 1.111504 -10.749007 -11.023568 11.513868 26.136120
2.300486 -1.628593 -41.435493 -5.146750 10.478081 6.843997 4.617521 -8.264890 26.474037 40.770126 5.204871 -14.207442 -42.024792 -4.999796 10.079457 -4.316863 14.481925 -13.481469 29.513729 32.976753 6.659429 5.771438 -48.022717 -20.649685 5.335312 -0.452287 -9.943804 -9.953012 12.592750 27.741230
1.477847 0.603923 -39.136253 -5.438802 12.148131 6.670428 4.992863 -7.958076 26.006163 42.317894 3.314412 -11.869239 -40.568855 -5.726552 11.142357 -4.706409 15.321892 -12.924565 29.046955 35.024807 4.462076 7.737290 -47.240852 -20.425556 7.257446 -2.237656 -8.814798 -9.441830 13.031436 28.769558
0.449726 2.132014 -37.715813 -5.885715 13.100827 6.461894 5.590995 -7.739242 25.595257 43.594429 2.004220 -10.319931 -39.195789 -6.190654 12.240435 -4.582654 15.535459 -12.443517 28.630924 36.045746 3.079341 9.246675 -46.880146 -20.239985 8.620971 -3.584183 -7.930677 -9.098021 13.462840 29.436790
-0.098681 2.792423 -36.861404 -6.270414 13.517728 6.307656 6.007545 -7.737573 25.278004 43.947750 1.252552 -9.565792 -38.228848 -6.487707 12.988976 -4.411151 15.557720 -12.035263 28.437233 36.519676 2.327194 10.047601 -46.354923 -20.146503 9.520071 -4.300997 -7.422651 -8.956605 13.598236 29.512356
-0.318799 2.978119 -36.629246 -6.314946 13.730600 6.296275 6.098513 -7.688126 25.298998 44.036057 0.920030 -9.293365 -37.960369 -6.594193 13.216157 -4.415357 15.542889 -11.930004 28.442593 36.728664 2.066148 10.336537 -46.173820 -20.106884 9.829755 -4.517347 -7.285954 -8.918576 13.652270 29.546738
-1.297155 3.679042 -36.134773 -6.395725 14.496462 6.245001 6.322478 -7.630395 25.608271 44.293621 -0.203153 -8.378406 -37.412872 -6.954798 13.847025 -4.207851 15.180440 -11.958253 28.552784 37.058167 1.008828 10.997849 -45.956623 -19.963247 10.809056 -4.927083 -7.113284 -8.825992 14.017453 29.520763
-2.940074 4.931683 -35.014477 -6.601611 15.914040 6.166543 6.860819 -7.654355 25.957359 44.370575 -2.109562 -6.901055 -36.132744 -7.659905 15.073099 -3.527346 14.509242 -12.126785 28.364107 37.178082 -0.682050 12.060292 -45.013119 -19.788994 12.740113 -5.850657 -6.439583 -8.596004 14.299911 29.144028
-5.264496 6.553695 -33.384899 -7.313614 17.505880 6.056952 7.295234 -7.998048 26.421700 43.865387 -4.500424 -5.302570 -34.472782 -8.640655 16.531290 -2.813001 13.817845 -12.081648 28.382656 37.130672 -2.792259 13.289987 -43.464054 -19.670414 15.094261 -6.525004 -5.968682 -8.443170 14.548023 28.205400
-7.607712 8.359440 -31.618979 -8.209857 19.116194 5.776637 8.042916 -7.897622 27.229185 43.344963 -7.186331 -3.118528 -31.816635 -9.699910 18.525730 -2.649300 13.343724 -11.531379 28.802217 37.192871 -4.867114 14.439902 -41.499561 -19.535114 17.632374 -7.478229 -5.228721 -8.147758 14.845753 27.085072
-9.769664 10.373279 -29.023018 -9.125694 21.190643 5.435158 8.892982 -8.141971 28.051409 41.267368 -9.599078 -0.342606 -29.067135 -10.968493 20.639832 -1.572936 12.196500 -11.200830 29.337379 36.019882 -7.466930 15.822685 -39.055576 -19.852966 20.236784 -8.580585 -4.416068 -8.438658 15.291767 25.577728
-11.834997 12.746800 -25.558762 -9.977292 23.661285 4.765489 10.434677 -7.992877 28.504551 39.164783 -11.577137 2.972649 -25.471067 -12.127104 23.018717 -1.335125 12.491020 -10.478202 29.415949 35.325264 -9.694477 17.803930 -36.064960 -19.959097 23.250675 -9.976326 -3.366938 -8.533755 15.792384 23.747437
-10.025518 23.714041 -14.897339 -12.231881 29.191814 6.970850 7.821894 -16.446054 17.658258 33.980927 -13.764675 11.070455 -14.427043 -24.567770 17.101286 -0.305887 9.502650 -6.030819 32.549080 36.605186 -14.021360 15.260610 -27.150789 -23.128794 25.018898 -17.481928 0.195786 -3.002964 24.936722 24.051380
-12.895034 24.897282 -8.356926 -14.830271 32.072472 5.322267 10.785548 -17.976393 16.854908 30.075739 -17.074530 13.617290 -6.937346 -26.515511 20.698154 0.538475 8.948164 -7.405141 30.437836 35.170891 -17.309549 17.785704 -20.063456 -25.570250 29.284081 -18.436142 1.586888 -3.913029 23.156040 21.215528
-16.304762 24.323153 -1.236886 -17.078987 35.387566 4.049030 13.076202 -20.149979 16.094555 24.146049 -20.643826 15.098580 -0.199834 -28.802071 23.304245 1.742331 8.453765 -8.989351 28.088795 33.656509 -20.311388 19.253593 -13.172524 -28.128963 33.325687 -17.872631 2.154269 -4.372972 21.019182 17.671675
-20.562763 19.905466 2.331859 -18.968609 37.138348 4.265079 15.823619 -22.146210 16.014767 18.421362 -23.817839 13.635231 5.435627 -32.572731 23.603201 4.363966 9.534924 -12.617455 24.043814 29.921228 -24.110647 16.538950 -9.701550 -30.754227 37.763790 -18.000603 2.007209 -4.918037 16.484245 12.244431
-22.627575 17.737270 4.800673 -20.775723 37.887959 4.098146 16.004427 -24.654572 15.234919 13.632558 -25.292007 12.597414 10.699042 -34.416103 24.950478 5.590039 8.572054 -14.687943 22.378559 26.692175 -26.549986 14.752882 -5.915519 -33.301712 39.649605 -18.487711 3.470776 -5.893310 14.547902 8.781090
-23.615492 15.578120 7.635602 -22.002478 38.203152 3.014881 16.360023 -27.188202 14.688108 9.051809 -26.158329 11.516797 15.430781 -35.855499 26.228731 5.910125 8.729418 -16.065922 20.907749 23.926249 -28.067638 13.081299 -1.599594 -35.769474 40.851166 -18.888670 4.923555 -7.071143 12.192396 5.273504
-23.592531 13.601231 9.626965 -22.742146 38.611740 2.453295 17.216564 -28.735144 14.038568 5.471074 -26.265659 10.725699 19.454208 -37.227051 26.724894 6.085007 8.882812 -17.959879 19.551083 20.955378 -28.360840 11.510678 1.931400 -37.636425 41.501991 -19.288528 6.032513 -8.419390 10.031547 2.499301
-23.438417 11.363717 11.291639 -23.097326 38.940742 2.462705 17.141241 -30.255169 13.629463 1.492188 -26.068777 9.503810 22.471083 -37.973351 27.214275 6.330067 8.963737 -19.608608 19.188721 17.534649 -27.682640 9.822840 5.024805 -39.046364 41.953209 -18.582077 6.269289 -9.900857 8.292043 -0.688734
-22.793900 9.173225 12.670915 -23.640240 39.001610 2.619904 16.947313 -31.062592 13.439739 -2.054748 -25.474888 8.323725 25.759613 -38.496437 28.082872 6.416400 8.725778 -21.084408 18.810375 14.308699 -26.599672 8.468238 7.906367 -39.685047 42.631096 -18.038767 6.274744 -10.798703 6.869285 -3.609690
-21.989639 6.690934 14.027210 -24.294155 39.423351 2.768071 17.407352 -31.024456 13.552660 -5.130348 -24.424999 7.204082 28.216604 -38.586597 28.848005 6.788777 8.382914 -22.268543 18.165197 11.535214 -25.311869 7.045228 10.292319 -39.849747 43.267426 -17.233374 5.708837 -11.376190 5.891238 -6.276757
-21.493782 4.798441 15.439816 -24.717449 40.033737 3.007490 17.679277 -30.782316 13.658678 -7.305084 -23.796654 6.503501 30.099903 -38.601101 29.515150 7.276052 7.722452 -22.986839 17.757336 9.686633 -24.473490 5.783853 11.950882 -39.937057 43.711739 -16.548752 5.274368 -11.499154 5.344959 -8.393275
-21.123724 3.510795 15.689880 -24.759655 40.107056 3.427377 17.642239 -30.458830 13.653979 -8.394361 -22.964806 5.774000 30.543566 -38.319542 29.514305 7.754502 7.212172 -23.338833 17.460487 8.543912 -23.432955 4.867777 12.296432 -39.548801 43.630920 -15.980067 4.744027 -11.496628 5.134469 -9.607013
-20.880766 2.842959 15.187155 -24.636677 39.704430 3.799979 17.298700 -30.206390 13.704647 -8.731770 -22.512594 5.354693 30.615568 -38.088005 29.480530 7.966160 7.000919 -23.511618 17.320660 8.033289 -22.723816 4.369080 12.537438 -39.310505 43.491718 -15.540898 4.317671 -11.627784 4.915635 -10.206794
