7.026580 2.745483 -6.717023 -20.970602 41.371273 18.376041 6.821452 26.239901 8.768127 17.239216 5.925493 -0.103968 -13.483891 -32.221554 27.014727 15.319107 -15.185292 26.918791 10.519472 26.668110 -4.603033 -0.148215 -10.949404 -17.269260 28.926413 26.009100 11.348574 19.268652 12.627594 27.076611
6.787188 2.417802 -6.732075 -21.302147 41.197838 18.283455 7.125856 26.239782 8.560942 17.017912 5.933978 -0.640352 -13.386343 -32.422073 27.028713 15.277848 -14.868093 26.990984 10.151571 26.446537 -4.699184 -0.705415 -10.968067 -17.366652 28.995005 25.788166 11.496480 19.312288 12.299926 26.971495
6.379643 2.125600 -6.606122 -21.717321 41.353115 18.187634 7.229809 26.109289 8.266431 16.581493 5.576212 -1.219665 -13.151408 -32.752480 27.330574 15.172400 -14.649616 26.953272 9.679129 25.978380 -4.872249 -1.208353 -10.628002 -17.489985 29.465900 25.574965 11.326144 19.136925 11.966076 26.279888
6.061896 1.634445 -6.461579 -22.032322 41.393436 18.152727 7.476711 25.986935 8.073771 16.097563 5.514221 -1.756254 -12.750682 -33.031235 27.447475 15.293998 -14.301546 26.822893 9.115937 25.377836 -4.944064 -1.611305 -10.402297 -17.750072 29.626982 25.560774 11.202789 19.058123 11.518170 25.839296
5.624213 1.342102 -6.012610 -22.595055 41.474255 18.133949 7.617635 25.672018 7.699049 15.500433 5.078065 -2.369876 -12.008743 -33.289989 27.893509 15.513613 -14.364551 26.494909 8.378659 25.062010 -5.176562 -1.964288 -9.999454 -18.063679 30.213757 25.419552 10.969956 19.272297 11.069141 25.042349
5.311606 0.659653 -5.581926 -23.204399 41.474369 18.002895 7.734003 25.177681 7.069392 14.666150 4.747979 -3.551337 -11.185008 -33.297234 28.547995 15.303345 -14.220692 25.915228 7.582412 24.504274 -5.179471 -2.777073 -9.445807 -18.215900 30.974255 25.070333 10.501212 19.116896 10.281966 24.069841
4.583127 -0.196162 -4.872843 -23.995775 41.929726 17.578930 8.215948 24.766811 6.294442 13.490312 3.907315 -4.936790 -9.846675 -33.433464 29.858727 14.665642 -13.887808 25.519766 6.561155 23.813986 -5.513383 -3.878630 -8.176180 -18.292976 32.594147 24.383307 10.041212 18.802050 9.335828 22.543507
4.017092 -0.933665 -3.983484 -24.821423 42.183754 17.261501 8.219651 23.883745 5.358045 12.286598 2.909903 -6.195653 -8.389094 -33.597233 31.083336 14.290914 -13.754480 24.677580 5.364871 23.286121 -6.004374 -4.494095 -6.766867 -18.639116 33.611023 24.274635 9.469900 18.300125 8.329056 21.616377
3.174522 -2.034777 -2.938531 -25.483980 42.831055 16.852579 8.264253 23.131609 4.386106 10.943589 2.010139 -7.384252 -6.912938 -33.884216 32.384502 14.050810 -13.781718 23.921370 4.051705 22.410940 -6.671380 -5.674292 -5.495926 -18.661106 35.151321 24.218870 8.930418 18.385368 7.503943 20.569077
2.216555 -3.104904 -1.993354 -26.295649 43.496971 16.158638 8.320698 22.198576 3.143484 9.389657 1.231503 -8.355429 -5.303794 -34.394390 33.646545 13.728081 -13.874718 23.072035 2.578244 21.176302 -7.102712 -6.633656 -4.053372 -19.120764 36.094090 24.304974 8.475648 17.943104 6.706783 19.113220
1.752155 -4.156245 -1.040040 -26.966764 44.145267 15.717152 8.312027 21.481358 2.431014 7.425614 0.135706 -9.400813 -3.680200 -34.779713 35.144085 13.594670 -13.939651 22.352699 1.179549 20.091927 -7.706136 -7.112682 -2.693850 -19.129587 37.060677 24.451498 8.210630 17.269939 6.636698 17.950939
0.969683 -5.198596 -0.378261 -27.390100 44.893936 14.923723 8.322542 20.717203 1.745160 5.787193 -0.909224 -10.496693 -2.609035 -35.141815 36.261101 13.027257 -13.328741 21.912462 0.127681 19.126741 -8.016659 -7.964897 -1.569037 -18.988218 38.196541 24.358501 7.867925 16.529192 6.247860 16.665661
-0.240031 -6.094151 0.580358 -27.787119 45.774906 14.307281 8.742178 20.307360 1.641060 4.635183 -2.005975 -11.182951 -1.504940 -35.621265 37.173290 12.539510 -12.641939 21.531998 -0.624000 18.558622 -8.825471 -8.544714 -0.655799 -19.052544 39.617546 23.978840 7.463542 16.267471 5.894938 15.770396
-1.243624 -6.750124 1.331608 -28.073755 46.185040 13.661536 8.880415 19.397781 1.219620 3.919082 -3.052584 -11.856278 -0.629455 -35.950272 37.759464 12.037666 -12.091619 21.152416 -1.159624 18.185583 -9.425913 -9.728574 0.325204 -19.106058 40.420208 23.322088 7.725021 15.647955 5.213896 15.332335
-2.094742 -7.478706 1.964827 -28.170538 46.756199 13.390012 8.713832 18.768629 0.977631 3.399638 -4.040148 -12.026582 0.387459 -36.586079 38.262035 11.858850 -11.720044 20.580509 -1.793571 17.456947 -10.242086 -10.187488 1.434591 -19.192644 41.661083 22.580011 8.015919 15.277909 4.880753 14.665469
-2.640720 -7.803894 2.478950 -28.176895 47.070808 12.898688 8.785187 18.033918 0.690107 3.055840 -4.763157 -12.252200 1.202353 -36.858292 38.709774 11.466706 -11.327662 19.971285 -2.137865 16.873766 -11.054395 -10.847915 2.291447 -19.284369 42.182968 22.163048 8.427350 14.665288 4.717737 14.408203
-2.952027 -7.999718 2.816288 -28.182083 47.169300 12.512600 8.939514 17.316574 0.420088 2.682348 -5.138078 -12.466995 1.672134 -37.070763 38.842556 11.235618 -10.928078 19.548033 -2.537580 16.475985 -11.406804 -11.253500 2.758767 -19.272867 42.475430 21.877264 8.634466 14.378004 4.666758 14.155505
-3.162477 -8.188052 3.238064 -28.132475 47.367897 12.262205 8.916031 16.737946 0.211443 2.324704 -5.527140 -12.729519 2.235698 -37.142990 39.172256 10.970290 -10.721432 19.149305 -2.680283 16.039743 -11.681159 -11.557353 3.218690 -19.166830 42.801086 21.697996 8.656327 14.042908 4.619191 13.939566
-3.233434 -8.269112 3.529349 -28.115673 47.444675 12.037686 9.020185 16.326338 0.080855 2.090494 -5.726613 -12.749830 2.763750 -37.161587 39.467224 10.781632 -10.609436 18.974134 -2.757414 15.811467 -11.717827 -11.633332 3.603113 -19.037457 43.196445 21.532064 8.659351 13.900662 4.591818 13.763842
-3.305537 -8.357198 3.607002 -28.139904 47.449867 12.004173 9.105704 16.224150 0.013871 2.029275 -5.819032 -12.828535 2.819767 -37.162792 39.541935 10.726755 -10.548699 18.923679 -2.769422 15.742541 -11.755202 -11.713714 3.690887 -19.003414 43.257469 21.475779 8.650109 13.833740 4.577081 13.770743
-3.362135 -8.905961 3.888875 -28.146845 47.507526 12.171270 9.273808 16.503626 0.028464 2.197654 -5.787412 -13.046268 2.902153 -36.977371 39.695187 10.599766 -10.520163 19.162922 -2.649528 15.956656 -11.691928 -11.983938 3.791257 -18.636509 43.713825 21.297184 8.692957 14.073487 4.537336 13.787051
-3.178126 -10.437573 4.592784 -27.929714 47.620064 12.347149 9.828024 17.164490 -0.164043 2.908417 -5.254723 -13.847961 2.641767 -36.161316 39.989971 10.078805 -10.496964 19.970299 -2.251476 16.658915 -11.057675 -13.139277 3.751150 -17.620438 44.643726 20.569300 8.886953 14.845291 4.096187 14.058967
-2.532844 -12.422668 5.663638 -27.533844 47.622337 12.336721 10.600540 17.673595 -0.569709 3.414624 -4.421492 -15.883758 3.141297 -34.703083 40.999805 9.365495 -10.574231 21.020128 -1.659493 17.324255 -9.943503 -14.677306 3.531527 -15.859942 46.292896 19.398798 9.003534 16.301662 3.946167 14.220404
-1.720186 -14.666489 6.368220 -26.818233 47.421783 11.672160 11.834809 17.996973 -1.147596 4.104196 -2.909367 -18.282797 4.072028 -33.118805 42.026295 8.223069 -10.122518 22.327496 -1.046059 17.542299 -8.461582 -16.288759 3.419706 -14.099945 47.798836 17.506746 9.502036 17.432283 3.482907 14.148269
-0.125080 -17.356724 8.118694 -25.989775 47.490414 10.453308 13.400900 18.579773 -2.222569 5.336464 -0.876640 -20.193867 6.673598 -31.785931 43.072376 7.626195 -9.266590 23.166624 -1.730955 17.870813 -6.356339 -18.235983 4.164049 -12.093648 49.483780 15.219859 10.669895 19.606674 3.232008 14.547938
1.606766 -19.845575 10.447626 -24.516447 47.886749 8.671861 15.223004 18.837334 -3.294682 7.661891 2.413101 -22.330574 9.873599 -31.021980 42.542397 6.955906 -7.762133 22.841366 -4.274882 17.658321 -3.632787 -20.230627 5.177517 -9.618654 50.224724 12.788585 12.788494 20.073481 3.100228 14.868148
4.528772 -20.398520 12.624224 -23.272465 46.549240 5.839280 16.725681 17.001875 -5.277638 9.257211 7.035897 -23.391066 13.155747 -30.355196 40.384235 6.270917 -7.124208 21.005075 -8.084139 18.627934 0.523873 -20.687557 7.556677 -8.143881 49.933769 10.955411 15.734509 19.911753 2.430737 14.075210
8.233296 -19.454590 15.074853 -22.721531 43.696606 4.629718 17.449213 14.342779 -7.587860 11.533261 11.480277 -22.070847 17.474272 -29.986975 37.693169 6.289777 -6.306543 18.251053 -11.897714 20.682726 6.203103 -19.213959 8.701838 -8.595811 48.696548 7.215012 17.643263 20.567270 0.669114 11.357444
12.279021 -17.715094 17.034515 -22.315071 42.072323 2.311432 18.018574 12.587808 -10.685754 13.200740 15.904298 -19.226957 21.010532 -29.945961 35.148323 5.217854 -5.056920 15.434881 -13.981496 21.695648 11.880124 -14.395726 10.780343 -10.304425 47.157394 5.109159 18.429939 21.025043 -2.007676 9.821180
16.987083 -14.674067 18.663919 -21.405190 39.390903 -0.514738 18.603600 9.184609 -13.032837 14.039273 19.432970 -16.054407 22.843756 -30.261383 31.300777 4.859614 -5.353890 12.862411 -16.042948 23.916588 16.180151 -7.829885 12.237983 -13.029773 44.019402 3.809653 19.422813 21.436029 -4.184937 10.269065
20.033312 -9.511827 18.312880 -21.955748 35.946617 -3.304695 21.108986 6.481319 -14.887316 15.069374 23.773176 -11.853113 25.123867 -30.153753 26.780628 3.529600 -4.434261 11.001924 -16.641487 27.750130 18.321877 -0.806451 11.738668 -16.258043 39.399830 3.105110 21.258972 21.253914 -5.423614 12.443761
22.200834 -3.829843 17.207777 -22.426836 32.597946 -5.701827 24.800589 5.243926 -14.315079 15.991831 26.739016 -5.055422 24.751038 -30.958918 21.936890 1.959090 -2.665438 9.974292 -16.394768 31.871561 19.999771 3.972463 10.348710 -18.938925 34.269447 2.650132 24.328918 20.576778 -5.439488 16.038679
23.914110 2.962632 14.807781 -23.261538 28.188446 -7.661241 28.527977 3.938811 -13.026613 17.758299 28.338305 2.387959 23.026176 -31.212200 17.576063 0.477612 -2.524390 8.782223 -15.147382 36.989281 19.870872 8.564615 7.684918 -22.082058 28.181936 0.784285 28.124443 17.332735 -4.542736 18.961063
23.989300 8.915150 10.392434 -24.098402 23.927303 -9.298618 31.775101 3.573136 -10.521238 19.658415 27.656153 8.993088 20.342670 -31.219660 13.359373 -1.886828 -1.110829 6.729337 -12.220019 41.267574 18.985754 13.803244 5.609972 -25.093130 23.375057 -2.024738 31.274340 14.610709 -3.831937 20.099098
22.683119 12.587428 4.848527 -24.585899 20.654688 -10.951615 34.783417 4.774932 -7.716810 21.764400 27.000364 12.244982 16.603638 -30.899302 9.826580 -4.768471 1.775843 5.368703 -9.685231 44.142254 18.099310 18.690916 4.182799 -24.867100 20.889362 -3.869576 33.169357 11.757419 -1.326305 22.746477
22.030859 16.131601 -0.116402 -24.065132 18.417952 -12.771189 36.508026 5.145177 -4.816161 23.160049 25.340897 13.681335 12.916188 -30.746925 7.823061 -8.135251 5.012349 5.237146 -6.814754 46.001190 16.937452 20.900236 0.323066 -24.999624 18.618933 -7.025702 36.284409 10.244226 1.288308 23.905611
21.327108 18.769539 -4.215483 -23.478455 17.000113 -13.570991 36.901768 4.822306 -3.056853 24.437498 24.114813 15.122359 10.301633 -30.340462 6.677463 -11.785216 7.470131 4.039566 -4.563661 47.379818 16.332270 22.336586 -3.382983 -24.406975 17.606936 -10.172966 37.958412 8.296713 4.548832 23.438404
20.419182 20.850578 -8.112145 -23.125610 15.748539 -14.382764 37.830528 4.813083 -1.744354 25.593401 23.262043 16.076996 7.095078 -30.557825 5.542464 -14.513260 9.512527 3.631490 -2.784766 47.850685 15.227098 22.173515 -7.154651 -24.244106 16.452816 -13.081823 39.872242 7.126602 6.301473 23.083992
19.984674 21.567413 -10.793509 -23.085238 14.407521 -15.018467 38.285057 4.164066 -1.014807 25.345228 23.157978 16.556747 5.056474 -30.636322 4.753877 -16.297369 10.800391 3.419267 -1.673808 47.795258 14.799618 21.642052 -9.698266 -23.894819 15.544659 -14.564739 40.924023 6.206184 7.578148 22.557365
19.885614 21.754936 -11.765564 -23.118849 13.913824 -15.078236 38.396870 4.128472 -0.777501 25.203482 23.136599 16.817520 4.255108 -30.697487 4.403873 -16.829000 11.138362 3.244432 -1.262235 47.530418 14.550220 21.222467 -10.523426 -23.747423 15.354930 -15.013828 41.116348 5.945383 7.778048 22.472511
19.912477 21.792618 -11.807286 -23.076012 13.871871 -15.156224 38.414982 4.075840 -0.750709 25.275164 23.191315 16.807175 4.231979 -30.722984 4.318292 -16.908993 11.279336 3.274724 -1.265918 47.579777 14.678454 21.262037 -10.502844 -23.737970 15.288077 -15.177773 41.232647 5.861336 7.815066 22.434299
20.227118 21.805920 -11.727281 -22.915827 13.783690 -15.384459 38.403473 3.888160 -0.854794 25.409094 23.330471 16.745893 4.382370 -30.671667 4.331822 -17.137587 11.423469 3.253491 -1.287533 47.719124 15.026176 21.424086 -10.401887 -23.593344 15.329000 -15.447133 41.177185 5.779768 7.830717 22.462778
20.647177 21.891483 -11.689075 -22.636415 13.650314 -15.782411 38.336105 3.513077 -0.955107 25.634695 23.657370 16.415985 4.575715 -30.486420 4.238180 -17.543884 11.802921 3.085489 -1.425653 47.782043 15.778060 21.560236 -10.019882 -23.286333 15.442163 -15.885996 41.089157 5.572817 7.721748 22.426693
21.151274 21.943666 -11.788733 -22.259550 13.358556 -16.442736 38.315247 2.906961 -1.133624 25.955158 24.296412 16.118124 4.611799 -30.258005 3.892033 -18.012381 12.346597 2.842048 -1.569055 47.799221 16.559387 21.560184 -9.673117 -22.915733 15.574031 -16.398607 40.872700 5.346856 7.464425 22.483418
21.851629 21.622515 -11.632900 -21.787718 13.129924 -17.082079 38.234005 2.375434 -1.475910 26.244715 25.066578 15.510874 5.083512 -29.990015 3.682219 -18.597231 13.030650 2.666502 -1.762507 47.718540 17.660927 21.523632 -9.122225 -22.615015 15.525274 -16.913641 40.821568 4.905100 7.045040 22.616917
22.804668 21.274954 -11.393243 -21.292242 12.911753 -17.543255 37.953384 1.822803 -1.933320 26.499907 25.956369 14.756626 5.794112 -29.498400 3.686511 -19.183937 13.757592 2.431889 -1.857494 47.577209 18.894060 21.472330 -8.637394 -22.352364 15.369097 -17.217976 40.727283 4.519825 6.715172 22.621136
23.991873 21.075880 -11.224137 -20.464531 12.558723 -18.437515 37.736164 0.833822 -2.177652 26.696428 26.936958 14.116858 6.438258 -28.889231 3.648029 -20.068312 14.760427 2.215790 -1.770924 47.395607 20.427134 21.326929 -8.104087 -21.481474 15.651176 -17.645384 40.221004 4.102777 6.461554 22.609125
25.061668 20.960909 -10.845384 -19.748451 12.221941 -19.243946 37.452023 -0.343182 -2.543607 26.861282 27.926495 13.572285 7.225367 -28.345407 3.633821 -20.981525 15.779956 1.837585 -1.757934 47.093079 21.932676 21.354849 -7.575090 -20.815342 15.642282 -18.262472 40.139637 3.714336 6.168499 22.673439
26.407429 20.645168 -10.647073 -19.177397 11.656165 -19.981068 37.128571 -1.366003 -2.829441 26.456079 29.013250 12.598042 7.919434 -27.748762 3.674196 -21.774410 16.616932 1.550120 -1.882800 46.530743 23.339151 20.787403 -6.594402 -19.405046 16.382221 -18.857056 39.048141 2.788540 5.388212 23.189919
27.773958 20.388077 -10.202640 -18.760866 11.171152 -20.855293 36.936268 -2.525018 -3.446722 26.214972 30.200838 12.124510 8.880101 -27.145611 3.706917 -22.873789 17.592255 0.995775 -1.998075 45.739105 24.809278 19.941010 -5.578644 -18.178562 16.995367 -19.525040 38.209373 2.043972 4.385955 23.726639
29.072567 20.333284 -10.103503 -18.292900 10.456864 -21.908175 36.994747 -3.786667 -3.907373 26.037102 31.098934 11.813554 9.629786 -26.745461 3.472075 -23.994020 18.779942 0.364702 -2.179272 45.149147 26.079365 19.363150 -4.834391 -17.495005 16.774635 -20.465431 38.114273 0.778672 3.508713 24.134998
29.954794 20.256901 -9.872218 -17.679148 10.149452 -22.601299 36.789738 -4.808570 -4.216628 26.062639 31.860641 11.615560 10.714289 -26.470289 3.417982 -24.895123 19.798271 -0.255513 -2.349964 44.387466 27.382938 19.493624 -3.847152 -16.767477 16.751904 -21.198151 37.604176 -0.480283 2.952734 24.128172
30.781666 20.232113 -9.496483 -17.018610 9.923831 -23.579798 36.630051 -6.099436 -4.516197 25.858091 32.633656 11.435298 11.903570 -26.263836 3.354523 -25.805824 20.807943 -0.868549 -2.546471 43.574047 28.420620 19.300581 -3.059353 -16.041147 16.964817 -21.791008 36.617271 -1.566174 2.156084 24.457024
31.569315 20.127241 -8.940869 -16.495949 9.678401 -24.597248 36.462048 -7.476018 -5.032284 25.566435 33.235924 11.108500 13.114021 -25.975878 3.302214 -26.797405 21.884563 -1.789759 -2.736688 42.666527 29.552233 19.113518 -1.925083 -15.354736 17.275808 -22.394241 35.965630 -2.669387 1.247242 24.621227
32.073696 20.070261 -8.813354 -15.925294 9.497857 -25.355917 36.264416 -8.414315 -5.155039 25.486164 33.805386 10.857117 13.869100 -25.653088 3.161826 -27.713409 22.728027 -2.554121 -2.668060 41.953114 30.264027 18.834261 -1.346440 -14.797480 17.427595 -22.895620 35.511196 -3.518656 0.600184 24.717941
32.874878 19.844837 -8.786546 -15.594392 9.092934 -25.932150 36.308346 -8.945501 -5.472854 25.320642 34.535233 10.650505 14.453788 -25.476076 2.836760 -28.363499 23.635260 -3.091034 -2.769751 41.366394 31.142771 18.383980 -1.039464 -14.433643 17.322693 -23.415607 35.192081 -4.237627 -0.225547 24.901840
33.330139 19.727701 -8.625191 -15.301890 8.814690 -26.527267 36.227531 -9.737921 -5.819325 25.119219 34.982929 10.450095 15.157089 -25.224276 2.686434 -28.890364 24.226860 -3.786885 -2.904030 40.824448 31.839916 17.953218 -0.485042 -14.315775 17.347565 -23.822483 35.078278 -4.942541 -0.944839 24.848911
33.526108 19.710363 -8.645324 -15.168160 8.520988 -26.882338 36.233276 -10.193870 -5.951576 24.987654 35.391747 10.369550 15.626337 -25.019022 2.468965 -29.231176 24.579569 -4.338511 -2.974118 40.449894 32.197453 17.568310 -0.307593 -14.259665 17.284744 -24.022902 34.983894 -5.234339 -1.414936 25.001030
33.680893 19.701000 -8.606112 -15.109024 8.341207 -27.192986 36.231537 -10.522873 -6.056631 24.858141 35.549526 10.308251 15.873256 -24.925358 2.360840 -29.491461 24.849648 -4.688090 -3.010097 40.261040 32.314293 17.351135 -0.215845 -14.254381 17.275284 -24.205191 34.949837 -5.328465 -1.666847 25.109444
33.732349 19.725937 -8.675962 -15.039515 8.269361 -27.240639 36.129410 -10.664848 -6.038190 24.822773 35.659065 10.290667 15.927579 -24.907297 2.267351 -29.549253 24.931810 -4.772412 -3.052935 40.214779 32.341179 17.300295 -0.209403 -14.151767 17.325586 -24.296001 34.867496 -5.438237 -1.692922 25.131050
33.797153 19.627165 -8.475801 -15.087877 8.335651 -27.231184 36.169529 -10.583229 -6.138083 24.811329 35.770126 10.210345 16.063005 -24.908611 2.322660 -29.413183 24.812805 -4.676075 -3.177025 40.253479 32.479412 17.240980 -0.072776 -14.216924 17.301796 -24.220140 34.847008 -5.339682 -1.829437 25.180414
33.899662 19.306828 -8.077045 -15.124201 8.579381 -27.176662 36.196999 -10.288509 -6.303666 24.966795 36.005280 9.968264 16.258163 -24.956842 2.469491 -28.990717 24.486031 -4.194470 -3.439695 40.462971 32.572010 16.995808 0.035554 -14.317131 17.389576 -23.933725 34.670567 -4.932580 -2.097280 25.333452
34.290432 18.783323 -7.393697 -15.109010 8.918181 -26.918407 36.029221 -9.866099 -6.573788 24.926264 36.429623 9.606092 16.665709 -24.950468 2.767453 -28.219107 23.772291 -3.495999 -3.937602 40.780750 33.027988 16.840807 0.309769 -14.525912 17.457439 -23.542742 34.326855 -4.064445 -2.584765 25.616165
34.720837 18.091372 -6.644863 -15.160047 9.322049 -26.456757 35.803249 -9.287289 -7.019956 24.987249 36.835777 9.227207 16.907753 -24.977364 3.049916 -27.106489 22.740683 -2.683377 -4.573507 41.201389 33.492065 16.651148 0.668398 -14.597455 17.567825 -22.889744 33.917645 -3.099510 -2.984341 25.994493
35.108871 16.993233 -5.731390 -15.242633 9.856491 -25.993856 35.547585 -8.803245 -7.750910 24.939779 37.567089 8.507559 17.267935 -24.850662 3.489610 -25.826063 21.627163 -1.836918 -5.378952 41.269516 34.071587 16.375105 1.185763 -14.741368 17.625551 -21.916950 33.500347 -2.223888 -3.510686 26.073170
35.454895 15.476602 -4.707441 -15.241967 10.573997 -25.190468 35.280884 -7.708380 -8.574180 25.362276 37.877937 7.698219 17.243977 -24.724415 3.930019 -24.462490 20.363298 -0.726815 -6.179809 41.795341 34.695889 15.993842 1.396036 -14.858293 17.767584 -20.604340 32.739605 -0.790106 -4.076701 26.113487
35.538258 14.049697 -3.105979 -15.372992 11.559460 -24.263950 35.236160 -6.470230 -9.333956 25.712381 38.270065 6.745481 17.311792 -24.625854 4.586453 -22.904636 18.946709 0.458687 -6.772290 42.055328 35.411259 15.615464 1.390746 -14.715219 18.154556 -19.659021 31.855608 0.637040 -4.508408 25.588219
35.968758 12.062286 -1.422851 -15.363925 12.840393 -23.059940 34.849129 -4.752739 -10.132829 25.862673 38.899158 5.486935 16.889910 -24.511774 5.006098 -21.005655 17.356583 1.878906 -7.251643 42.062363 36.364311 14.747480 1.389925 -15.080531 18.388901 -18.798304 31.189049 2.648699 -5.058495 24.234440
36.386528 10.051748 0.707502 -15.469298 14.249175 -21.807249 34.121876 -3.253471 -11.137028 26.100096 39.472530 4.001945 16.966753 -24.426458 5.518596 -19.195837 15.806411 3.029392 -7.993251 41.641411 36.919708 13.909781 1.822771 -15.645760 19.095976 -17.876623 30.212618 4.918462 -5.936828 23.032391
37.187691 8.192584 2.601184 -15.705544 15.349415 -20.501339 33.389210 -1.778124 -12.126993 25.954432 40.066795 2.121852 17.277269 -24.075275 6.247165 -17.454185 14.238910 3.968536 -8.957137 41.179310 37.178070 12.094255 2.564898 -15.800994 19.778519 -16.649332 29.762527 6.482239 -6.981525 22.312677
37.875168 6.203968 4.095735 -15.948847 16.553968 -19.179054 32.863094 0.200528 -12.606754 25.301630 40.518364 0.026356 17.425787 -23.995522 7.007960 -15.910165 13.003073 5.271609 -9.777909 40.499420 36.919872 10.632057 3.010456 -15.753975 20.727320 -15.302873 28.974855 8.645797 -7.483421 22.101360
38.658417 4.063023 5.440217 -16.182858 17.840708 -17.891985 31.730356 1.928723 -13.287748 24.111515 40.925800 -2.395267 17.448605 -23.940582 7.996545 -13.801799 11.556820 6.810257 -10.509597 39.550991 36.983608 8.588924 3.232518 -15.031157 22.461729 -13.611679 27.050386 11.172027 -7.985073 21.653675
39.063210 1.076247 6.579041 -16.149303 19.376188 -16.250408 31.052483 4.240244 -13.697852 23.188334 41.429195 -5.178697 17.021109 -23.978256 8.767421 -11.659355 10.531362 8.450621 -11.236217 38.684204 38.191624 6.500093 3.234928 -13.464202 24.434975 -11.272340 25.127274 14.322566 -7.630300 20.109953
39.315052 -1.319590 7.515237 -16.194170 20.755356 -14.440413 30.620447 6.714457 -13.735133 22.308342 41.158962 -7.371398 17.119753 -24.183281 10.142861 -9.175738 9.095511 10.341067 -11.635807 37.963020 38.449757 4.881195 3.368256 -12.464449 26.382713 -9.335886 23.720037 17.259832 -7.502993 19.454264
37.782074 -8.831287 6.476883 -10.208174 28.110214 -17.481966 30.262465 12.379952 -6.833185 17.854420 43.400738 -7.301214 15.013654 -26.061483 14.358557 -9.590620 10.340266 20.081997 -8.327914 30.204777 38.093140 -0.467665 4.883099 -8.333432 28.512449 -5.579711 21.963482 19.840025 -4.618193 23.209156
38.409065 -11.239805 6.557244 -10.006241 29.151674 -14.665434 28.898975 14.934091 -6.015618 16.321051 43.951492 -9.964654 14.349742 -25.573895 15.399617 -7.087539 9.090961 22.283195 -7.817781 28.987745 38.895840 -1.626225 4.724915 -6.656032 30.308401 -3.157219 20.921383 22.648706 -2.646768 21.046963
38.840221 -13.278247 6.416779 -9.875224 30.063540 -11.799864 26.748266 17.120378 -5.496263 15.487927 44.119175 -12.328894 13.503967 -25.093958 16.348698 -4.612462 7.157739 23.882702 -7.427675 27.723791 38.564396 -2.992263 3.562900 -5.256395 31.585703 -1.128398 20.271763 24.630087 -0.272717 19.251484
38.950516 -14.839520 5.910661 -10.314890 30.610237 -9.259805 25.035616 18.958797 -5.169784 14.186317 43.869099 -14.346339 12.782988 -24.641773 17.572760 -2.134054 4.902304 25.308468 -6.998144 26.374241 38.293781 -5.114537 2.332161 -4.567553 32.479816 -0.072089 19.360474 25.731283 1.211023 16.849361
38.996620 -17.000816 5.401163 -10.648541 31.063490 -6.202203 23.247074 20.515715 -4.477378 12.769672 43.312004 -16.389442 11.601302 -24.057236 18.622028 0.395373 2.763412 25.909027 -6.533883 24.688734 37.370811 -8.334188 1.275793 -2.879721 34.713017 1.031804 18.281404 26.916002 2.974382 14.431058
38.266037 -19.866661 3.456100 -11.276460 31.425686 -3.393724 22.505671 21.181559 -7.057230 12.254926 42.571598 -19.665110 9.829307 -26.013582 17.670202 3.406214 1.562244 24.967150 -9.834159 22.897852 36.897945 -12.669764 -0.200423 -0.471789 36.520618 2.985009 19.472681 26.663202 3.759928 11.795579
37.861088 -22.073515 3.011045 -11.663579 31.811008 -1.478184 21.305862 21.855019 -6.811306 10.971627 42.162102 -21.301119 7.934789 -26.271013 18.329231 5.472690 -0.392350 25.701485 -9.970068 21.373371 36.236694 -15.454384 -0.010344 1.473273 37.486954 5.437692 18.934080 26.894636 5.420762 11.682079
37.946667 -24.360275 2.109499 -11.728231 32.153576 0.721446 20.424658 23.086288 -5.639191 9.241504 42.244591 -22.706123 6.476732 -26.662073 18.976669 7.317808 -1.912901 27.226969 -9.561587 19.586145 36.233166 -18.026621 -0.089689 2.709435 37.659416 8.029847 17.958691 27.094082 6.443071 10.833279
37.912861 -26.326452 0.560265 -12.104611 31.939247 3.301637 18.947374 24.329657 -4.802338 8.078915 42.712921 -23.987459 4.685366 -26.810869 19.313856 8.965062 -2.977952 28.190195 -9.155650 17.239159 36.108044 -20.945927 0.047180 3.265611 37.177971 10.885651 17.142914 26.821329 6.834233 10.307742
37.844429 -28.061296 -0.833683 -12.532345 31.633816 5.574453 17.663139 25.029411 -4.282655 6.779315 42.754032 -25.830645 2.606086 -26.701500 19.881115 10.686745 -4.427040 29.356581 -8.120258 15.075186 35.520756 -23.049551 -0.339102 3.318004 36.802612 13.522383 15.818343 27.093555 7.398634 9.934566
37.078232 -29.172909 -2.706583 -13.086077 31.474285 7.924539 16.179296 26.094362 -3.569487 5.903456 41.878197 -27.544775 0.062096 -26.598482 20.458309 11.963066 -5.497267 30.399693 -6.822813 13.283049 34.206413 -24.348293 -1.773910 3.178261 36.305958 16.120047 14.125106 27.316141 8.423524 9.672411
36.260517 -29.302248 -4.872369 -13.898004 30.808010 9.663951 15.149353 27.040218 -3.168456 5.425339 41.041531 -29.332096 -1.895410 -26.657400 21.046242 13.011154 -6.215762 31.020111 -5.966508 11.423100 33.534725 -25.642725 -2.827022 2.192182 35.131744 18.568575 13.001447 27.342367 8.613029 9.078079
35.363838 -29.700909 -6.792181 -14.739817 30.456417 11.496910 13.827760 28.051367 -2.926471 4.871647 40.361378 -30.811958 -4.457101 -26.577038 21.288582 13.736096 -7.050974 31.561892 -4.846427 9.949861 32.462757 -26.807573 -4.364617 1.530280 34.463753 20.631952 11.889069 27.729666 9.339167 8.846416
34.957737 -29.967663 -8.493462 -15.688315 29.528858 13.048105 12.758400 28.368633 -2.976968 4.326284 39.735229 -31.469109 -6.814608 -26.836454 20.900106 13.830766 -7.146179 31.412361 -4.035217 8.697455 31.162910 -27.777529 -5.900085 0.197766 33.189201 22.368696 11.279191 27.632141 9.462095 8.662226
33.957966 -30.094318 -10.068531 -16.457212 29.297234 14.594827 11.714996 29.069361 -2.798142 4.495903 38.686325 -32.077293 -8.954861 -27.022669 20.638283 13.670405 -6.675702 31.503414 -2.967067 7.810980 29.297560 -28.336767 -7.580489 -0.941048 32.122131 23.767214 11.061990 27.837135 10.065574 8.664165
32.166222 -29.963434 -11.541072 -16.851894 29.298866 15.671360 10.751588 29.201235 -2.320366 4.735345 36.760651 -32.851349 -11.088045 -27.123058 20.808680 12.980194 -5.780800 31.459362 -1.423588 6.971599 27.542982 -28.027565 -9.165359 -1.761483 31.329363 24.744965 10.853561 27.550341 10.960530 8.542934
30.704092 -29.305010 -13.248354 -17.662987 28.566427 16.274782 10.515584 29.090847 -1.925172 4.706013 35.135284 -33.379059 -13.478977 -27.351696 20.683939 12.345739 -4.590749 31.292906 -0.123129 6.486525 25.797821 -27.883709 -10.449361 -3.158798 29.856026 25.675821 10.985231 26.967730 11.412447 8.774647
29.268494 -28.915533 -15.175570 -18.511049 27.748194 16.676754 10.728654 29.235106 -1.310751 4.307558 33.672451 -33.390858 -15.614004 -27.695950 20.443682 11.922194 -3.538912 31.122530 1.079261 5.895097 24.159098 -27.976374 -11.941162 -4.287147 28.478394 26.320139 11.126887 26.320917 11.888830 8.889426
28.175924 -28.537062 -16.672665 -19.238268 27.114792 17.019268 10.789868 29.127472 -0.933195 3.741048 32.415306 -33.158218 -17.299847 -27.917282 20.556736 11.560319 -2.362925 31.195314 2.314619 5.141666 23.074064 -27.797464 -12.724270 -5.308550 27.367523 27.034773 11.269328 25.591591 12.176145 8.729771
27.217186 -27.798588 -17.853605 -19.945189 26.696411 17.358852 10.871777 28.923506 -0.582158 2.970263 31.119070 -32.846329 -18.788975 -28.072393 20.853386 11.041088 -1.251254 31.250048 3.503080 4.426405 22.111876 -27.498577 -13.654197 -6.374217 26.151756 27.539761 11.500137 24.636894 12.433184 8.477162
26.372801 -27.219553 -19.139341 -20.515396 26.015644 17.431408 11.024887 28.490566 -0.540281 2.625977 30.261572 -32.478085 -19.941130 -28.222927 21.068573 10.813260 -0.316493 31.228914 4.045727 3.932602 21.219639 -27.430445 -14.696470 -7.379529 24.947153 27.858551 11.919686 23.903090 12.757878 8.092902
25.505144 -26.698877 -20.188368 -21.033903 25.583673 17.605850 10.992168 28.190060 -0.373640 2.265562 29.446321 -32.084259 -20.909382 -28.229025 21.376631 10.810721 0.172178 31.192026 4.542019 3.461092 20.419209 -27.201353 -15.329054 -8.155080 24.206940 28.298088 11.972483 23.274384 12.936059 7.760435
24.930475 -26.550812 -20.990484 -21.419447 25.178482 17.657709 11.139093 27.822529 -0.392535 1.912786 29.044977 -31.574055 -21.842705 -28.303802 21.323774 10.932605 0.510499 31.047552 4.713125 3.112891 19.925161 -27.192791 -15.785937 -8.632588 23.778318 28.403799 12.217302 22.689711 13.019166 7.274842
24.554581 -26.391884 -21.526636 -21.703085 24.888109 17.696173 11.160477 27.376600 -0.486257 1.655574 28.695890 -31.324188 -22.458117 -28.265743 21.395041 10.979463 0.669221 30.787693 4.821054 2.882734 19.584244 -27.106102 -15.932380 -9.074817 23.469341 28.537197 12.366251 22.191536 12.988002 6.894516
24.373978 -26.279816 -21.873749 -21.920683 24.695112 17.723278 11.164201 27.168573 -0.509847 1.427171 28.406534 -31.230528 -22.745132 -28.193842 21.538698 10.911250 0.858949 30.662378 4.964662 2.702480 19.431459 -26.974211 -16.023266 -9.283917 23.286165 28.723259 12.340799 22.008356 13.039226 6.718365
24.267828 -26.164419 -22.054247 -22.002539 24.584560 17.729082 11.192079 27.085608 -0.535155 1.443696 28.317305 -31.140482 -22.828478 -28.211334 21.516600 10.866163 0.929601 30.563835 4.981164 2.663210 19.354650 -26.876745 -16.048170 -9.370864 23.203470 28.761299 12.358948 21.837585 13.044070 6.612505
