5.103993 -0.426378 -2.855256 -27.081854 35.563564 12.590868 1.311190 28.116623 15.941702 20.694157 6.546472 3.275269 -11.401798 -16.318035 33.799412 31.722912 0.214761 21.306372 17.270685 26.749615 -4.664775 -2.389900 -5.121857 -21.123108 25.131575 21.933111 5.760388 21.628695 21.164959 30.263391
4.888501 -0.713637 -2.882496 -27.417906 35.389740 12.525607 1.590868 28.123564 15.738378 20.452971 6.594252 2.608202 -11.155359 -16.473949 33.807827 31.688520 0.486477 21.245554 16.783846 26.594397 -4.761959 -2.976718 -5.135896 -21.204208 25.210615 21.724007 5.886711 21.665150 20.827747 30.166355
4.484454 -0.978323 -2.769935 -27.838858 35.552917 12.458539 1.692330 27.993555 15.443295 19.978743 6.300254 1.930490 -10.721693 -16.808170 34.185211 31.570868 0.499988 21.111803 16.141872 26.194441 -4.936852 -3.491616 -4.769266 -21.307766 25.708534 21.521002 5.675327 21.476631 20.493362 29.483944
4.165201 -1.453214 -2.648530 -28.144039 35.617554 12.468331 1.959815 27.868382 15.226464 19.460474 6.266916 1.273173 -10.270015 -17.132792 34.278046 31.468580 0.665808 20.892483 15.362559 25.690424 -5.032567 -3.913072 -4.528974 -21.561306 25.883743 21.534708 5.527939 21.389332 20.027689 29.070925
3.698006 -1.681195 -2.263805 -28.703760 35.706749 12.501310 2.109098 27.592236 14.866282 18.885221 5.926769 0.479414 -9.396098 -17.378099 34.854942 31.282770 0.518687 20.616070 14.361309 25.324762 -5.302474 -4.312100 -4.076563 -21.893562 26.483511 21.463274 5.286977 21.587494 19.509995 28.248302
3.394064 -2.328109 -1.850288 -29.305014 35.724300 12.419002 2.228276 27.098562 14.208331 18.045008 5.685421 -1.033723 -8.402745 -17.298748 35.457836 30.767809 0.477083 19.522997 13.022700 24.848013 -5.345878 -5.202609 -3.480459 -22.071623 27.260693 21.162870 4.825280 21.411333 18.638557 27.262283
2.668916 -3.125480 -1.155941 -30.079758 36.217556 12.044600 2.727818 26.689323 13.412512 16.856150 4.819328 -2.669308 -6.772778 -17.116997 36.696861 30.329781 0.443578 18.616138 11.831867 24.689661 -5.750064 -6.375326 -2.143221 -22.207552 28.915745 20.512495 4.366838 21.066175 17.581953 25.735050
2.051876 -3.917407 -0.334243 -30.903841 36.471523 11.785729 2.817190 25.849791 12.423997 15.685953 3.773473 -3.853920 -5.252330 -17.441364 37.874069 30.000927 -0.160922 17.762028 10.373490 24.477804 -6.301033 -7.073096 -0.753902 -22.608564 29.936913 20.430164 3.835755 20.538242 16.519827 24.796915
1.204615 -5.023537 0.637032 -31.557861 37.129803 11.449231 2.933320 25.184031 11.405891 14.360429 2.640653 -5.200162 -3.838321 -17.880995 38.780334 29.866892 -0.682114 16.814537 8.784684 24.214342 -7.044371 -8.310242 0.505478 -22.712641 31.432663 20.427347 3.352768 20.643232 15.652459 23.733418
0.264677 -6.071663 1.476771 -32.321194 37.843403 10.859481 3.080975 24.373182 10.129600 12.793839 1.747385 -6.268142 -2.197046 -18.286467 39.773354 29.578751 -0.901774 15.996699 7.650388 23.474918 -7.533102 -9.305250 1.888574 -23.256145 32.294571 20.487421 3.005857 20.202574 14.854430 22.265099
-0.235681 -7.110516 2.390480 -32.988861 38.506180 10.433906 3.191987 23.677290 9.332584 10.831094 0.795967 -7.258872 -0.423077 -18.667585 40.891766 29.624125 -0.753654 15.309933 6.810730 22.535624 -8.071582 -9.917877 3.383704 -23.313137 33.269604 20.468313 2.917460 19.543150 14.742079 20.996830
-1.023158 -8.151157 3.017849 -33.409946 39.244896 9.648594 3.280401 22.959967 8.568455 9.244397 -0.239019 -9.173055 0.892803 -18.690212 41.851868 29.116812 0.106437 14.623072 5.906523 22.064585 -8.426388 -10.852238 4.479188 -23.244308 34.314854 20.277208 2.664838 18.799770 14.385177 19.781483
-2.208356 -8.990664 3.916549 -33.724590 40.205471 9.099868 3.782925 22.580370 8.409522 8.035793 -1.343151 -10.348682 1.862154 -19.087397 42.666737 28.385626 0.770702 14.253251 5.131193 21.782013 -9.239350 -11.450616 5.343978 -23.330399 35.688320 19.880501 2.334845 18.529873 14.023077 18.882256
-3.183914 -9.635689 4.641476 -34.009632 40.610092 8.476972 3.933917 21.676313 7.964292 7.277766 -2.355921 -11.349242 2.986355 -19.306427 43.006828 28.059938 1.393745 13.482917 4.525022 21.590385 -9.835137 -12.602166 6.287557 -23.388517 36.469223 19.206717 2.609653 17.889406 13.339934 18.452938
-4.053403 -10.327178 5.246668 -34.089928 41.218487 8.230650 3.794752 21.092863 7.798485 6.654225 -3.311159 -11.794752 4.505212 -19.734144 43.482071 27.963898 1.860508 12.643100 3.995399 20.910172 -10.623907 -13.019662 7.351774 -23.445724 37.719479 18.490431 2.922769 17.480364 12.962102 17.752953
-4.531995 -10.600416 5.792969 -34.107529 41.516914 7.729885 3.798516 20.365229 7.572431 6.207709 -4.182900 -11.662526 5.224684 -20.144268 43.473705 28.000353 2.072818 11.807290 3.661111 20.623495 -11.440750 -13.618949 8.154103 -23.529066 38.249161 18.091648 3.386529 16.845961 12.757501 17.458372
-4.793193 -10.762667 6.153418 -34.144539 41.585079 7.325241 3.896035 19.676548 7.380584 5.769707 -4.681112 -12.075932 5.894355 -20.297733 43.734688 27.784594 2.373132 11.431041 3.293813 20.368731 -11.788616 -13.978538 8.543185 -23.504192 38.544254 17.825157 3.621232 16.567844 12.714270 17.140461
-4.979250 -10.921484 6.585906 -34.116947 41.772274 7.063434 3.852855 19.142311 7.230055 5.361184 -5.131915 -12.546670 6.739182 -20.304798 44.303562 27.727819 2.523975 11.191165 3.192128 19.962420 -12.042454 -14.234214 8.969583 -23.380430 38.888565 17.673719 3.656950 16.266348 12.668429 16.858944
-5.043521 -10.970283 6.885443 -34.117119 41.844933 6.841636 3.946662 18.765125 7.136374 5.095118 -5.377753 -12.733108 7.401516 -20.319044 44.617992 27.659557 2.604624 10.971164 3.043740 19.814367 -12.075477 -14.294222 9.326104 -23.244989 39.297787 17.522379 3.672969 16.141472 12.647978 16.620623
-5.118034 -11.041602 6.965405 -34.159740 41.840000 6.808313 4.022006 18.687906 7.096155 5.026477 -5.458911 -12.847095 7.538814 -20.311592 44.686733 27.673391 2.606980 10.900839 2.998400 19.786287 -12.111317 -14.366136 9.392605 -23.210152 39.361172 17.474298 3.680277 16.086332 12.635536 16.596518
-5.126233 -11.542447 7.202006 -34.083603 41.974800 7.058257 4.227098 18.907871 7.013413 5.113540 -5.391901 -13.274219 7.747411 -20.132887 44.973564 27.585569 2.572223 11.131024 2.893479 19.985064 -12.041834 -14.630569 9.486132 -22.830919 39.813446 17.301098 3.716300 16.317196 12.608116 16.601715
-4.864752 -12.975588 7.816967 -33.709724 42.226795 7.391266 4.858626 19.449078 6.637642 5.661330 -4.798787 -14.483702 7.609694 -19.448093 45.477032 26.960081 2.413707 11.675717 2.459064 20.592508 -11.402164 -15.742597 9.496158 -21.788229 40.776104 16.626331 3.927459 17.045095 12.076694 16.803850
-4.109844 -14.883904 8.817445 -33.251534 42.285187 7.538031 5.636507 19.867771 6.051114 6.044993 -3.971894 -16.955959 8.092983 -18.269045 46.751743 26.140684 2.062796 12.892653 2.546987 21.002031 -10.185365 -17.321554 9.318634 -19.950918 42.482903 15.530393 3.966554 18.469864 11.830533 16.843046
-3.194056 -17.043789 9.512409 -32.564224 42.019741 6.952634 6.726541 20.077320 5.408520 6.683946 -2.564073 -18.888973 8.284295 -17.184874 47.521736 24.804031 1.857796 13.569140 2.288133 20.862387 -8.555208 -18.948343 9.095245 -18.059998 44.017647 13.645182 4.333388 19.638367 11.428708 16.672314
-1.585996 -19.867893 11.363799 -31.734859 42.043983 5.787147 8.154454 20.407282 4.250092 7.796628 -0.948898 -20.691734 9.749009 -16.270668 48.517746 23.710344 2.683097 14.958213 2.149924 21.128508 -6.295105 -20.747200 9.501312 -15.686328 45.891285 11.539625 5.391797 21.735878 11.130057 16.865376
0.185678 -22.594341 13.767316 -30.155415 42.469120 4.081903 9.881445 20.541887 3.164402 10.014570 2.115186 -22.638947 12.493146 -15.506618 48.024548 23.015635 5.150943 14.963453 1.215029 20.415884 -3.419747 -22.584364 10.417622 -12.842504 46.809189 9.153673 7.370412 22.092930 10.905639 17.141697
3.291558 -23.291859 15.981495 -28.647293 41.396385 1.353413 11.405148 18.873247 1.284634 11.383471 6.876480 -22.573713 15.955523 -14.941167 46.168961 22.615963 8.015214 14.554746 -0.051558 19.836847 0.834370 -22.832777 12.732115 -11.362687 46.383087 7.437799 10.394015 21.916922 10.090019 16.501106
7.019142 -22.384399 18.476730 -28.029551 38.627331 -0.020858 12.233060 16.262247 -0.961445 13.699186 12.414084 -19.954062 19.853025 -16.208866 44.968277 20.767399 10.241063 15.470698 -2.546314 17.903574 6.407536 -21.295635 13.886413 -12.022767 45.065670 3.770228 12.580439 22.552626 8.179247 13.826212
10.986421 -20.567665 20.535280 -27.653980 36.872417 -2.604119 12.800697 14.345893 -3.996825 15.608891 17.712561 -15.994752 22.821877 -17.564985 42.785686 18.103554 12.256736 14.614601 -5.406563 17.046400 12.080402 -16.366499 15.913173 -13.824992 43.455395 1.780154 13.328650 23.137051 5.758255 12.174363
15.485710 -17.430986 22.394636 -27.045118 33.905033 -5.904960 13.274531 11.028519 -5.922086 16.816147 21.434851 -11.949219 24.441654 -19.116934 39.531124 16.688385 12.674290 13.324452 -8.463850 17.630251 16.615864 -9.561017 17.671284 -16.742048 40.197159 0.466872 14.278398 23.545973 3.721730 12.351428
18.351826 -12.434505 22.120914 -27.957979 29.991476 -9.100848 15.508781 8.607218 -7.260943 18.340799 25.479984 -6.684853 24.514408 -20.148153 35.384975 13.799382 13.067863 11.927650 -11.437163 20.579214 18.859097 -2.513264 17.625444 -20.186924 35.465736 -0.373385 15.801039 23.491755 2.740810 14.729225
20.391840 -6.949764 20.971718 -28.786108 26.289139 -11.691936 18.971067 7.586613 -6.360301 19.402111 29.471272 1.073446 23.368460 -20.255451 31.967485 11.572001 12.978571 11.157785 -12.280726 23.688383 20.505693 2.047900 16.352201 -23.012871 30.193335 -1.182634 18.866045 22.787127 3.022885 18.388203
21.997316 -0.216725 18.719061 -29.887859 21.729509 -13.799176 22.623341 6.488384 -4.935067 21.290665 31.864840 10.136021 22.279743 -19.753908 28.374592 9.994503 11.428300 9.244622 -11.631818 28.157103 20.303816 6.186189 13.784538 -26.379684 23.882177 -3.399519 22.764286 19.627867 4.298378 21.389042
22.039360 5.839104 14.491537 -30.784372 17.541780 -15.538364 25.832495 6.051916 -2.345891 23.011400 31.569468 16.902792 19.390396 -19.591373 25.287163 6.866559 12.931003 7.437552 -9.538004 31.032742 19.285004 11.142536 11.840265 -29.503441 19.110203 -6.404030 25.929825 17.082794 5.238284 22.588995
21.072973 9.745962 9.199085 -31.160652 14.388648 -17.145035 28.533970 6.924367 0.326767 24.848192 30.376421 20.907728 15.958611 -19.177910 22.886898 3.959631 17.477493 7.991187 -4.758775 33.019997 18.307241 15.860626 10.268226 -29.343237 16.585905 -8.359317 27.834585 14.522047 8.054229 25.257849
20.307995 13.230974 4.320945 -30.760811 12.034882 -19.138149 30.228548 7.252450 3.256880 26.451147 28.130400 23.206362 11.583376 -19.925831 20.926022 0.820509 22.198612 9.585588 -0.564063 34.150490 17.063755 18.001526 6.325188 -29.497871 14.219755 -11.574966 30.861719 13.237287 10.954662 26.522177
19.347618 15.589072 0.252109 -30.351957 10.461730 -20.240381 30.621313 7.259978 5.448075 28.042902 27.038143 24.282757 9.052857 -19.326101 20.085915 -1.907997 25.476950 9.300131 2.938541 34.745415 16.409964 19.437954 2.717935 -28.912331 13.183408 -14.766779 32.354160 11.333971 14.355103 26.178154
18.173012 17.415636 -3.665958 -30.264727 9.004044 -21.285229 31.513498 7.648026 7.222459 29.457685 26.274553 24.606863 5.688557 -19.083118 19.390535 -4.166057 27.447079 9.862032 5.190560 35.495609 15.272366 19.231447 -0.961633 -28.756311 12.026632 -17.732353 34.192558 10.129269 16.178017 25.897488
17.705496 18.114777 -6.249321 -30.327272 7.599017 -22.090410 31.799500 7.122071 8.204758 29.346556 26.143751 24.442225 3.531547 -19.146896 18.393782 -5.392664 28.842159 9.755107 6.047576 35.632263 14.851513 18.699514 -3.398608 -28.459194 11.061894 -19.236797 35.182209 9.131608 17.487675 25.414471
17.613117 18.305073 -7.193549 -30.374205 7.104190 -22.199316 31.848572 7.117805 8.521560 29.246847 26.047750 24.542618 2.731481 -19.298977 17.928558 -5.824934 29.240753 9.503570 6.295978 35.439621 14.600759 18.278511 -4.221704 -28.322166 10.838531 -19.721956 35.378689 8.837906 17.696835 25.356630
17.645657 18.343403 -7.233529 -30.330652 7.063408 -22.272381 31.864113 7.064472 8.545460 29.310009 26.083263 24.522482 2.730334 -19.366093 17.797371 -5.897392 29.424309 9.500522 6.244847 35.493374 14.728931 18.317244 -4.197246 -28.315216 10.769958 -19.887289 35.493050 8.753048 17.735353 25.320471
17.957211 18.358675 -7.152653 -30.174740 6.976178 -22.496637 31.849340 6.878625 8.446369 29.432941 26.212570 24.555922 2.859735 -19.341274 17.816120 -6.180151 29.502239 9.485734 6.172909 35.637466 15.073112 18.474491 -4.077044 -28.176674 10.806827 -20.164906 35.428871 8.666669 17.752434 25.360573
18.373377 18.446890 -7.121976 -29.920004 6.822971 -22.878929 31.772366 6.504243 8.343905 29.637579 26.536352 24.323132 3.133000 -19.215628 17.775393 -6.575572 29.848635 9.398217 6.072774 35.667358 15.832407 18.612148 -3.678690 -27.875242 10.911574 -20.587988 35.318748 8.475721 17.652590 25.346447
18.874466 18.495211 -7.231767 -29.570007 6.508617 -23.516790 31.737505 5.893783 8.156493 29.933584 27.000793 24.177563 3.134705 -19.217110 17.261385 -7.016143 30.438328 9.079255 5.834207 35.734009 16.618916 18.609589 -3.297044 -27.511051 11.028255 -21.103758 35.071274 8.234503 17.395506 25.442764
19.581896 18.167747 -7.086051 -29.109201 6.265713 -24.130392 31.642145 5.352355 7.790835 30.204176 27.651037 23.475853 3.717575 -19.253941 16.954010 -7.852559 31.022329 8.510775 4.947809 35.583805 17.728392 18.562510 -2.726007 -27.214567 10.960536 -21.626253 34.998394 7.763798 16.968245 25.617851
20.527002 17.794130 -6.872470 -28.622755 6.026230 -24.572790 31.348335 4.789851 7.319054 30.462738 28.606180 22.714083 4.689625 -18.913076 16.773258 -8.626079 31.814547 7.765100 4.498584 35.338001 18.973303 18.495243 -2.233509 -26.959394 10.774137 -21.939756 34.884262 7.336770 16.625950 25.682570
21.723795 17.577463 -6.733405 -27.794117 5.666339 -25.427488 31.136251 3.791714 7.034148 30.640553 29.521126 22.048048 5.428332 -18.529053 16.461386 -9.633073 32.907639 7.003613 4.135071 35.164845 20.511810 18.345490 -1.678850 -26.097172 11.055089 -22.380152 34.369007 6.907214 16.366018 25.673775
22.793043 17.461992 -6.391675 -27.068363 5.321414 -26.207346 30.857512 2.592965 6.636624 30.814810 30.579445 21.616375 6.287197 -18.315277 16.124363 -10.892214 33.796391 5.968086 3.278975 34.904278 22.029594 18.382732 -1.117290 -25.438196 11.036714 -22.996485 34.261959 6.488478 16.063080 25.752689
24.186289 17.195427 -6.226381 -26.418730 4.804710 -26.877367 30.544577 1.482409 6.243819 30.378691 31.574190 20.730871 6.925046 -17.824310 16.044731 -11.933788 34.391281 5.333274 2.632744 34.716133 23.447485 17.841824 -0.159101 -24.006336 11.795997 -23.558985 33.170135 5.550396 15.269824 26.229897
25.609423 16.985769 -5.818377 -25.949200 4.322685 -27.688555 30.339855 0.236810 5.512651 30.147612 32.625957 19.905264 7.897360 -17.199890 15.980841 -13.138615 35.014236 4.341807 1.795642 34.492252 24.924505 17.025261 0.839431 -22.757666 12.403274 -24.207556 32.301472 4.778244 14.266988 26.795265
26.976730 16.969093 -5.752412 -25.444504 3.590936 -28.676542 30.367023 -1.108774 4.927094 29.991745 33.380302 19.262493 8.615402 -16.585222 15.456610 -14.173310 35.765617 3.098473 0.988712 34.816174 26.192945 16.464851 1.572122 -22.058186 12.172533 -25.143358 32.180370 3.492935 13.392263 27.254147
27.917448 16.923862 -5.546341 -24.810968 3.253069 -29.319494 30.138144 -2.203632 4.510188 30.032673 34.116470 18.959517 9.764977 -16.092226 15.190074 -14.893371 36.248608 1.884569 0.371898 34.640778 27.503227 16.619299 2.561799 -21.319557 12.145014 -25.859381 31.653082 2.202481 12.822656 27.276388
28.794165 16.921635 -5.205353 -24.123634 2.997062 -30.254345 29.948557 -3.547061 4.129414 29.870243 34.748703 18.743721 10.785539 -16.010254 14.878050 -15.861903 36.500961 0.708327 -0.646906 34.254074 28.542093 16.449400 3.359265 -20.588171 12.366347 -26.443897 30.662233 1.091081 12.010659 27.604485
29.618343 16.829149 -4.669304 -23.565546 2.746644 -31.232950 29.774261 -5.006082 3.511515 29.578117 35.307209 18.518881 11.875583 -15.768454 14.769598 -17.210732 36.511063 -0.864274 -1.790833 33.785656 29.665445 16.279186 4.528472 -19.914133 12.677711 -27.060730 30.011005 -0.039412 11.076404 27.786777
30.134726 16.795429 -4.553065 -22.962931 2.581644 -31.949163 29.607611 -6.008996 3.298547 29.471952 35.867249 18.256212 12.592282 -15.451023 14.639510 -18.377167 36.734402 -1.954753 -2.269635 33.395943 30.364819 15.998559 5.146273 -19.374254 12.837010 -27.601562 29.556313 -0.898444 10.422437 27.896023
30.937023 16.566454 -4.533220 -22.600533 2.192331 -32.501434 29.691566 -6.595311 2.895673 29.297552 36.566116 18.076973 13.073009 -15.205695 14.290828 -19.241999 37.088394 -2.788500 -2.742246 33.194149 31.240458 15.552307 5.502552 -19.023396 12.752502 -28.150627 29.239693 -1.648895 9.573648 28.072296
31.357204 16.465057 -4.406694 -22.295298 1.914806 -33.078484 29.653261 -7.401481 2.510186 29.123302 37.078896 17.970808 13.814650 -15.059845 14.206555 -20.045105 37.352535 -3.582783 -3.239688 32.758438 31.948847 15.146004 6.120270 -18.923063 12.777633 -28.591160 29.119240 -2.410490 8.819383 28.031712
31.545332 16.464205 -4.461245 -22.127132 1.634502 -33.406052 29.693468 -7.872663 2.331272 29.007650 37.364914 17.781498 14.083428 -14.863816 14.006243 -20.542074 37.422199 -4.158293 -3.551045 32.714554 32.326248 14.788017 6.358944 -18.883566 12.713037 -28.815849 29.008244 -2.749541 8.317492 28.201027
31.695332 16.443161 -4.442605 -22.049625 1.464302 -33.692436 29.725086 -8.219575 2.187148 28.862246 37.373722 17.632677 14.142150 -14.776674 13.842931 -20.780201 37.529766 -4.530541 -3.708495 32.753788 32.458111 14.598658 6.495892 -18.889763 12.715473 -29.008858 28.984779 -2.880906 8.022505 28.299093
31.748531 16.465017 -4.511313 -21.969809 1.402099 -33.732224 29.637741 -8.382623 2.180520 28.809156 37.454552 17.580351 14.168871 -14.749482 13.732242 -20.863098 37.577606 -4.656842 -3.798439 32.775635 32.492500 14.553693 6.518280 -18.791883 12.762690 -29.105911 28.899286 -3.008053 7.982327 28.326904
31.824154 16.374353 -4.333749 -22.001505 1.476153 -33.706776 29.683651 -8.291458 2.067084 28.815821 37.556953 17.483303 14.265059 -14.773579 13.758943 -20.732981 37.420765 -4.586856 -3.976577 32.859413 32.628563 14.498050 6.655989 -18.857908 12.746569 -29.025753 28.892813 -2.905955 7.837820 28.368645
31.979979 16.081766 -3.933689 -21.983664 1.771456 -33.616688 29.724680 -8.036444 1.837653 28.923294 37.751003 17.078110 14.361952 -14.870814 13.889010 -20.340635 36.954430 -4.081532 -4.440039 33.242188 32.742096 14.276635 6.759556 -18.966064 12.812880 -28.707298 28.705067 -2.508873 7.550139 28.521585
32.452160 15.580047 -3.246684 -21.888060 2.176762 -33.314476 29.575895 -7.680799 1.462572 28.835062 38.238953 16.463322 14.738819 -14.823579 14.194461 -19.516277 36.030090 -3.362518 -5.144215 33.698540 33.224689 14.137903 7.014728 -19.167988 12.882918 -28.270145 28.381124 -1.636155 7.022330 28.789902
32.954594 14.904769 -2.522565 -21.891703 2.612302 -32.798096 29.357471 -7.116416 0.957598 28.853952 38.596863 15.815206 14.804957 -14.891444 14.327766 -18.456387 34.806549 -2.659578 -6.063531 34.324474 33.718327 13.970988 7.319880 -19.203014 13.020062 -27.558163 27.998266 -0.685061 6.589747 29.108551
33.359257 13.836021 -1.620694 -21.977842 3.165339 -32.296814 29.114052 -6.620773 0.221864 28.744825 39.311253 14.454996 14.942929 -14.519497 14.644049 -17.217272 33.285130 -2.129834 -7.244136 34.715145 34.305069 13.686589 7.772445 -19.320671 13.082212 -26.553888 27.614952 0.193306 6.027440 29.190081
33.706215 12.357165 -0.579893 -21.995825 3.909091 -31.466364 28.847898 -5.508820 -0.576326 29.064421 39.820583 13.084374 14.884166 -14.145093 15.515559 -16.290562 31.629240 -0.903605 -8.348571 35.357784 34.893539 13.264364 7.930006 -19.438650 13.230631 -25.257626 26.935764 1.686618 5.430688 29.239237
33.795631 10.915201 0.983221 -22.072170 4.979321 -30.456415 28.810749 -4.180712 -1.262285 29.302475 40.591824 11.786786 15.049439 -13.909151 16.418940 -15.204163 29.777946 0.168185 -9.380857 35.554546 35.560200 12.862647 7.901053 -19.308504 13.633865 -24.335402 26.141979 3.135281 4.947558 28.704370
34.214001 8.960709 2.648658 -22.038076 6.334609 -29.189808 28.460335 -2.413597 -2.016708 29.318562 41.629269 10.385795 14.587009 -13.574646 17.079288 -13.656090 27.682388 1.694716 -10.151580 35.633728 36.497913 12.017260 7.830340 -19.647755 13.918499 -23.444496 25.592531 5.175259 4.327853 27.277027
34.591515 6.959222 4.707192 -22.124832 7.802511 -27.840218 27.845695 -0.827821 -2.999954 29.443205 42.583263 9.470514 14.448014 -13.339966 17.965216 -12.229096 25.605707 3.362917 -10.356277 34.755074 37.046177 11.217087 8.189787 -20.193058 14.656240 -22.464705 24.722212 7.472800 3.389439 25.988354
35.356884 5.086033 6.538547 -22.313240 8.971719 -26.467670 27.199661 0.718125 -3.963948 29.242155 43.139217 7.757748 14.218275 -12.818717 19.123991 -10.836394 24.059654 5.157086 -10.534169 34.118286 37.295860 9.415304 8.874023 -20.338551 15.356830 -21.209249 24.363794 9.048331 2.284860 25.206938
36.066181 3.089641 7.989690 -22.472651 10.264297 -25.082552 26.709831 2.744261 -4.425014 28.540415 43.572994 5.840775 13.517275 -12.728245 20.148376 -9.526859 22.330631 7.487798 -11.103836 33.771786 37.059570 7.991879 9.223654 -20.231804 16.363356 -19.783274 23.662474 11.206307 1.686113 24.891182
36.787807 0.876314 9.259689 -22.639006 11.631305 -23.729879 25.732351 4.518830 -5.136977 27.275553 44.168884 3.616544 13.210345 -12.718146 21.085196 -7.445645 21.295967 9.851064 -11.083299 32.728397 37.124428 5.977424 9.333024 -19.434338 18.157976 -18.030586 21.798517 13.734076 1.106671 24.387014
37.180767 -2.068091 10.433960 -22.558292 13.204005 -22.077332 25.137695 6.693727 -5.662094 26.257790 44.421345 1.516403 12.072317 -13.397748 21.009533 -5.127054 21.204218 12.227765 -10.995049 31.988129 38.366493 3.886306 9.316637 -17.843769 20.134886 -15.655764 19.857887 16.848059 1.430102 22.840757
37.458366 -4.427239 11.415242 -22.527655 14.631259 -20.277031 24.736769 9.045328 -5.773938 25.337347 44.153210 -0.444357 12.159664 -13.790881 22.679581 -2.778217 20.547489 14.957880 -10.452868 30.680502 38.631306 2.243367 9.499542 -16.870481 22.058815 -13.742057 18.442564 19.756990 1.538056 22.224995
36.259186 -11.217681 9.835440 -16.765415 21.779226 -22.746620 24.729307 14.831124 0.911407 20.110369 42.864788 -6.805130 13.228700 -12.085267 22.661741 0.928467 17.913733 14.160558 -10.433958 33.499268 38.462990 -2.269208 10.786455 -12.795787 23.821909 -9.307526 16.878696 22.258171 4.116655 25.862890
36.872707 -13.592166 9.977686 -16.512337 22.864386 -20.001547 23.400908 17.380428 1.711497 18.683599 43.430027 -9.035658 12.789745 -12.428668 23.139280 3.642149 17.916548 16.472832 -9.840576 31.529652 39.264484 -3.409847 10.664719 -11.080665 25.698383 -6.856835 15.866978 25.019739 6.004444 23.660185
37.275936 -15.588140 9.819891 -16.339155 23.849983 -17.150833 21.333994 19.636381 2.274625 17.894556 43.402431 -11.273982 12.274305 -12.429107 23.678961 6.563910 17.983446 18.459038 -8.135889 29.262732 38.914165 -4.749956 9.589150 -9.662960 27.047800 -4.824743 15.214056 26.926502 8.294127 21.862911
37.346966 -17.234882 9.182544 -16.691528 24.475603 -14.524958 19.610415 21.542936 2.638345 16.650442 43.113026 -13.056536 12.230958 -12.569070 23.921165 9.696094 17.882122 19.352655 -6.507997 26.479548 38.589645 -6.847802 8.329594 -8.965406 27.974609 -3.730392 14.325365 27.995937 9.702232 19.486271
37.370487 -19.458225 8.580669 -16.960899 24.989799 -11.443563 17.838614 23.157341 3.348346 15.327755 43.185997 -14.428171 12.534381 -11.684823 25.082998 13.249644 16.885115 20.316719 -3.888433 23.776726 37.687595 -10.128650 7.223623 -7.255877 30.171473 -2.587883 13.203857 29.133909 11.394858 17.069548
36.496414 -22.925156 7.110478 -17.676262 25.279718 -9.281430 16.762327 23.494312 0.874460 15.254305 42.935764 -16.917271 11.324428 -11.684361 25.140535 17.504332 16.960260 20.029715 -4.650617 22.151834 36.840912 -15.281590 5.842926 -4.811258 32.244228 -1.364781 14.432416 29.127621 12.212406 14.719455
35.971783 -25.238358 6.763904 -17.676258 26.088369 -7.263422 15.848066 24.104168 0.823151 14.114125 42.832596 -18.244070 10.423935 -10.700200 25.395790 20.988014 14.845416 20.162464 -3.063142 21.326601 36.076530 -18.214136 5.972697 -2.702567 33.538342 1.253525 13.824633 29.157293 13.489629 14.707549
36.074512 -27.716646 6.010581 -17.591911 26.515297 -5.113826 14.822286 25.186815 1.901466 12.411397 42.926399 -19.001232 9.228340 -10.447045 25.365009 24.399250 12.672674 20.753740 -2.234382 20.555349 36.036945 -20.889551 5.872890 -1.353885 33.928623 3.834199 12.856915 29.270201 14.479937 13.838250
36.059277 -29.686878 4.439882 -17.896152 26.402185 -2.422039 13.508367 26.412119 2.592334 11.082015 43.189556 -20.603403 7.777854 -9.710937 25.456820 27.322374 10.658403 20.913708 -1.522358 19.601908 35.902393 -23.825951 5.934458 -0.730468 33.567986 6.768668 12.089399 29.006748 14.765600 13.274547
36.019726 -31.407845 2.996540 -18.284168 26.103758 -0.115417 12.237238 27.146915 3.139844 9.753039 42.884251 -23.417582 5.869058 -9.188004 25.981672 29.160751 9.188052 21.659334 -0.664171 18.381960 35.325722 -25.974569 5.385638 -0.577155 33.270489 9.456818 10.775335 29.358679 15.262406 12.873983
35.252403 -32.573170 1.144611 -18.766315 25.978191 2.242506 10.741636 28.200933 3.846099 8.923730 41.944603 -25.657427 3.341539 -8.998298 26.148703 30.368820 8.292547 22.099136 0.400887 16.985281 34.050320 -27.331125 3.870385 -0.660821 32.828865 12.049342 9.041149 29.577005 16.271187 12.612891
34.482433 -32.661110 -1.023757 -19.521961 25.293854 4.029307 9.669236 29.075321 4.196146 8.437953 41.054356 -27.854729 1.381767 -9.147157 26.611267 31.245047 7.796389 22.651127 1.081546 15.336480 33.467350 -28.642527 2.857174 -1.521008 31.798227 14.519628 7.787472 29.532385 16.442242 11.951888
33.609520 -33.009220 -2.910299 -20.292927 25.006403 5.902421 8.312343 30.024675 4.388827 7.896452 40.453709 -29.195200 -1.061670 -9.258842 26.586145 31.997160 7.131013 23.184025 2.191569 13.774255 32.453571 -29.759058 1.427887 -2.120915 31.181641 16.707710 6.576809 29.954275 17.098680 11.647213
33.216633 -33.121407 -4.563415 -21.300377 24.099644 7.525115 7.264331 30.365841 4.272035 7.298706 39.908936 -29.695223 -3.383922 -9.696237 26.004213 32.196358 7.356737 23.085505 3.039656 12.229231 31.253922 -30.776892 -0.168320 -3.389828 29.922867 18.386179 6.011797 29.865335 17.198700 11.415174
32.222271 -33.134838 -6.088867 -22.108097 23.961855 9.151252 6.280005 31.177168 4.401724 7.426977 38.803989 -30.204298 -5.451571 -10.055078 25.730003 32.196205 8.169977 23.313164 4.176755 10.988040 29.510220 -31.377655 -1.886741 -4.451159 28.882032 19.784235 5.811277 30.061983 17.749481 11.368148
30.357880 -32.973694 -7.626444 -22.581242 23.983841 10.293157 5.344016 31.528463 4.974085 7.751555 36.993050 -30.877932 -7.365073 -10.141606 26.051203 31.582199 9.066157 23.325121 5.508665 9.915000 27.777864 -31.048117 -3.453209 -5.265407 28.085297 20.748297 5.550500 29.851280 18.710630 11.295608
28.889149 -32.183983 -9.401816 -23.559839 23.178524 10.964324 5.127529 31.575895 5.393767 7.716959 35.433464 -31.256039 -9.772640 -10.337830 26.025335 30.983154 10.249928 23.193832 6.808157 9.292118 26.047478 -30.828714 -4.793013 -6.717579 26.536438 21.766464 5.711452 29.318254 19.199478 11.457341
27.450886 -31.804428 -11.340507 -24.522488 22.273779 11.328060 5.347113 31.729439 6.022132 7.356440 34.001396 -31.195244 -11.925760 -10.657412 25.805376 30.526394 11.245686 23.004793 7.964569 8.706468 24.299862 -30.824606 -6.356273 -8.040965 25.050314 22.481596 6.059909 28.738163 19.712923 11.487412
26.381353 -31.449062 -12.922493 -25.335588 21.563776 11.684937 5.271258 31.713900 6.548054 6.837636 32.795486 -30.841066 -13.436556 -10.774012 25.918552 30.105141 12.202323 22.956099 9.221412 8.005184 23.057692 -30.518995 -7.272985 -9.259511 23.855656 23.304840 6.387807 28.063923 20.168011 11.122132
25.396551 -30.724012 -14.286008 -26.162035 21.020475 12.040767 5.356925 31.659945 7.005729 6.086146 31.520693 -30.328861 -14.863333 -10.965895 26.049444 29.645475 13.204087 22.939970 10.454356 7.379780 21.908442 -30.144258 -8.332797 -10.512262 22.567226 23.906685 6.875203 27.198214 20.528305 10.659787
24.580120 -30.064552 -15.676949 -26.780529 20.265955 12.122184 5.465796 31.213472 7.079703 5.651222 30.655947 -29.920013 -15.817739 -11.285109 26.051161 29.283276 14.066340 22.888094 11.120503 6.988153 20.897804 -30.021191 -9.476575 -11.555161 21.398258 24.356817 7.426942 26.450106 20.916935 10.050417
23.765888 -29.487293 -16.899696 -27.300398 19.824244 12.434360 5.404535 31.049095 7.304594 5.202756 29.845318 -29.601372 -16.567516 -11.398285 26.176167 29.115786 14.428783 22.856853 11.726876 6.716431 19.985289 -29.690502 -10.319429 -12.310011 20.657181 24.878105 7.632851 25.781872 21.164463 9.511571
23.235382 -29.351061 -17.860600 -27.674397 19.387787 12.619538 5.442375 30.873629 7.376071 4.860501 29.447515 -29.163124 -17.242147 -11.627295 25.897320 29.131548 14.560037 22.545387 11.905124 6.520912 19.401430 -29.616617 -10.951802 -12.761257 20.222742 25.046310 7.966644 25.207020 21.380009 8.829297
22.914463 -29.150621 -18.502424 -28.001221 19.024313 12.731546 5.389535 30.502474 7.323356 4.526122 29.139141 -28.913361 -17.728580 -11.684085 25.768963 29.133204 14.545083 22.147484 12.018361 6.405594 19.033730 -29.474075 -11.164284 -13.205644 19.906858 25.242933 8.193238 24.655617 21.361685 8.295712
22.778709 -28.974991 -18.899258 -28.262135 18.788801 12.777235 5.366702 30.302559 7.306840 4.206418 28.888870 -28.837677 -17.992949 -11.673185 25.799675 29.049974 14.615805 21.985958 12.185569 6.295988 18.883410 -29.271160 -11.274623 -13.405956 19.729462 25.451687 8.248533 24.403852 21.345106 8.021188
22.680847 -28.841534 -19.086493 -28.360209 18.665010 12.784518 5.382974 30.228270 7.287929 4.214812 28.810904 -28.749605 -18.071337 -11.710918 25.740116 29.012672 14.651381 21.871391 12.199039 6.265290 18.801931 -29.169487 -11.289170 -13.492173 19.644541 25.480230 8.272581 24.216520 21.332951 7.927039
