29.434824 11.603918 -8.733179 -17.532652 8.472545 -40.589947 28.795761 -5.376415 2.081460 27.403927 36.338589 14.129296 15.181951 -11.408213 11.721412 -17.608883 37.196404 -9.061712 -3.322411 38.453053 31.565947 17.446531 -7.940750 -19.281887 18.034449 -31.031588 28.821215 -0.906113 -8.906894 22.280613
29.038471 11.608891 -8.751765 -17.703583 9.009930 -40.067139 28.685112 -4.606609 2.426442 27.650461 35.701965 14.503592 14.494231 -11.665186 11.770601 -16.365759 37.045162 -8.103062 -2.589867 39.042381 30.906851 17.670446 -8.441301 -19.434721 18.168194 -30.736176 28.897978 -0.287702 -8.425210 22.256042
27.650089 11.672876 -9.071396 -18.154001 9.864180 -38.998196 28.815659 -3.047956 3.454396 27.934143 34.360779 14.863598 13.372931 -11.957851 11.972299 -14.244605 36.534138 -6.742081 -1.435887 39.984123 29.442440 18.166830 -9.241452 -19.804237 18.374590 -29.918844 28.832161 0.844725 -7.533952 22.653772
26.185228 11.490764 -9.883125 -19.146343 10.431687 -37.352852 29.358183 -0.304526 4.454976 28.328550 33.042606 15.310154 11.629672 -12.487753 12.187375 -11.534678 35.753754 -4.420492 -0.273522 41.132732 27.744461 18.487690 -10.930788 -20.909660 18.149214 -28.830446 29.246054 2.660356 -6.611592 23.002728
24.012589 10.809097 -10.686377 -20.042419 11.340303 -35.961746 30.249899 2.391884 5.678092 28.501989 31.545778 15.268331 9.493938 -12.817983 12.576918 -9.276253 34.959629 -2.330334 1.369588 42.041523 25.156633 18.615326 -12.970461 -22.332930 17.898609 -27.640821 30.237032 4.935282 -5.688475 23.248871
21.048489 10.376339 -11.406783 -20.410780 12.987263 -34.248638 30.573935 5.201580 7.499511 28.818167 29.498117 16.236473 7.676172 -13.874726 12.929102 -6.617196 33.785679 -0.122725 2.990037 42.528774 22.038845 19.642307 -14.884200 -23.789974 17.622444 -25.903126 30.641315 6.713062 -4.357871 23.283260
18.413351 10.250961 -12.376646 -21.342043 14.254246 -32.971462 31.425444 8.013125 8.843191 28.612217 27.321247 17.400290 5.970478 -14.679159 13.023752 -4.410733 32.353161 1.271782 4.207326 43.216576 19.160645 19.965937 -16.224432 -25.610176 17.035978 -24.641462 31.236849 7.605690 -3.829009 23.146507
16.201662 10.698583 -12.874253 -22.591497 14.852237 -31.683279 31.966803 9.639971 9.749683 28.029905 25.410582 18.566946 4.564275 -15.466611 13.166645 -2.702030 30.851749 2.160302 4.808960 43.541443 16.509699 20.298975 -17.113688 -26.685591 17.185215 -23.887022 31.468454 8.400472 -3.428986 23.430107
14.989491 10.980723 -12.915327 -23.412409 15.447410 -30.364279 32.011913 10.875388 10.422543 27.329489 24.064827 19.317904 4.003608 -15.717066 13.689434 -1.488950 29.749134 2.621901 5.534894 43.601616 14.680579 20.371819 -17.777319 -27.304640 17.323376 -22.865700 31.335342 9.040752 -3.041891 23.586346
14.289563 10.929644 -13.075024 -23.873323 15.719123 -29.744972 32.053120 11.534701 10.617572 26.887083 23.570719 19.727398 3.545906 -15.924088 13.673883 -0.654860 29.378330 2.845669 6.014460 43.251900 13.562304 20.152643 -18.370272 -27.940737 17.068264 -22.207304 31.434416 9.386554 -2.957014 23.453022
14.326323 10.599858 -12.074158 -23.783400 16.292189 -29.563318 31.998604 11.536982 10.297524 26.978601 23.599459 19.591675 4.338644 -15.903815 14.156450 -0.159420 28.831408 3.085981 5.479937 43.458397 13.671618 20.426085 -17.565100 -28.165627 17.204609 -21.515413 31.122208 9.666533 -3.256885 23.572876
15.785299 7.705424 -5.333419 -23.693213 19.212219 -27.675343 30.934168 11.342490 7.473733 26.119017 24.822498 18.780596 9.822202 -15.864963 16.634726 3.074044 24.928650 3.427862 1.875069 42.901985 14.952289 20.368450 -11.892632 -29.317890 18.242266 -17.283529 29.080494 11.323541 -6.228932 23.589329
17.742189 4.057651 4.616343 -25.466167 22.187933 -23.940588 28.688574 10.455070 2.732818 23.082247 28.039820 16.397060 15.489719 -16.867960 19.880062 7.598222 15.927217 2.912115 -6.733695 39.953674 15.742089 16.139078 -3.982518 -30.834505 20.558443 -10.687655 26.130531 14.017920 -11.420116 22.766949
18.624563 -7.403131 14.937855 -23.546099 28.375795 -18.772181 24.857655 9.172371 0.223080 18.720703 29.022009 5.016995 21.200695 -17.912895 26.529522 11.982116 9.811917 5.277527 -14.012485 34.664188 17.948797 8.508684 2.181877 -26.341116 29.074083 -4.569509 23.561817 20.916126 -10.020082 16.512907
15.007713 -21.041618 21.334425 -19.190744 36.050957 -11.695617 19.656153 8.682696 2.259995 17.619925 23.643385 -8.783360 22.417040 -19.459188 34.130272 15.230534 6.820117 8.195877 -16.935360 26.220371 16.237473 -1.958650 6.993968 -18.014702 41.148849 -1.664176 20.910910 23.939005 -6.299005 7.801092
7.901230 -27.535847 21.433853 -19.341928 39.367184 -2.016552 18.391773 11.411193 7.613437 15.428777 16.283747 -18.037924 19.491241 -17.791651 42.604923 15.935079 3.753032 11.851283 -13.781270 22.453705 9.592123 -13.415044 6.218083 -12.751418 48.922874 1.555256 17.491486 25.469154 -2.489184 5.289172
1.426839 -26.128809 18.054043 -24.596138 39.214756 5.223220 17.449228 14.728396 10.962279 10.669344 6.070423 -23.522131 10.901581 -17.530334 46.125252 15.907359 -0.357798 12.924056 -11.122211 23.040117 -0.287679 -16.400053 2.575145 -13.142076 49.624458 7.293993 14.174219 25.321678 1.137119 8.154998
-2.446940 -21.410667 13.366511 -27.906128 39.668468 9.721630 13.177616 17.453249 14.092245 7.720710 -1.323846 -19.577606 5.456619 -18.864408 48.033577 18.451544 -3.925978 13.332482 -7.100693 23.430845 -6.811686 -13.058080 -0.205162 -16.914118 47.863873 13.294415 10.031123 24.445326 3.404690 8.574189
-4.836490 -16.380117 11.214615 -29.321810 39.969326 11.564129 10.934657 17.134338 16.278542 6.382573 -4.816483 -17.165579 3.317735 -20.358198 47.231236 20.578527 -4.978312 12.193153 -6.272153 23.584055 -10.201414 -9.382123 -0.819444 -20.656803 45.266453 17.054735 8.073674 21.701197 4.108939 7.441112
-5.713617 -13.172611 9.670094 -30.283245 39.616714 11.508576 9.479637 16.312056 16.953005 5.609251 -6.304896 -14.042470 2.767707 -21.776764 46.059093 21.096609 -4.965789 10.569767 -5.842284 22.849810 -11.990556 -7.025674 -0.902793 -23.434401 42.683647 18.608946 7.284370 19.115404 3.881447 7.203449
-5.628362 -12.555413 9.393315 -30.375608 39.431477 11.386545 9.211385 16.157207 17.015944 5.620282 -6.312363 -13.706764 2.572911 -21.817375 45.907806 21.174723 -5.014715 10.473792 -5.761240 22.827978 -12.020055 -6.762064 -1.099930 -23.776106 42.242790 18.830564 7.181833 18.951382 3.842850 7.210349
-5.360903 -12.323768 8.691477 -30.309294 39.108898 11.921186 9.222806 16.952637 17.398294 6.343991 -5.663774 -13.537822 1.385972 -21.565397 45.190876 21.443033 -4.866067 11.143289 -5.092757 23.325541 -11.689540 -6.482632 -1.763975 -23.795048 41.595989 19.359463 7.341574 19.429741 4.138910 7.704763
-4.544898 -11.752560 7.839634 -30.144890 38.744091 12.737203 9.138919 18.243750 17.955030 7.226040 -4.467294 -13.005773 -0.277199 -21.179279 44.463081 21.832932 -5.230828 12.223268 -4.240723 23.926439 -10.644631 -5.822022 -3.063776 -23.575396 40.535728 20.221443 7.119392 20.028597 4.573624 8.362617
-2.943342 -10.516352 6.124104 -29.615816 37.706314 13.006988 9.056158 19.353312 18.364391 8.527585 -2.666078 -12.160700 -2.879464 -20.417999 43.652401 22.473097 -6.165586 13.728074 -3.088976 24.906218 -9.294910 -4.848733 -5.116455 -23.359545 38.250214 21.360416 6.929220 20.466671 5.496185 9.602462
-1.419351 -8.928345 3.985503 -28.718874 36.576031 13.472806 8.494030 20.735868 19.076139 10.920432 -0.868637 -10.163651 -5.783233 -19.971596 41.883831 23.352192 -7.488543 14.895994 -1.913495 26.355341 -8.152053 -3.424181 -7.113989 -23.295980 35.916126 21.806877 7.577659 21.723375 6.388727 11.843631
-0.112284 -7.349013 1.944552 -27.309566 35.893551 13.783860 8.035488 22.567169 20.716377 13.709437 0.942062 -7.588617 -9.545561 -19.685184 39.217266 23.837349 -7.131102 16.236290 0.010883 27.744444 -7.055307 -1.714176 -9.876713 -22.649763 34.343037 21.886915 8.077383 23.384218 7.644720 14.195001
1.422191 -6.069307 0.305044 -25.808931 35.478733 14.203700 7.688549 24.216850 22.579790 15.912194 3.331755 -4.305334 -12.762843 -20.043409 36.894039 24.165939 -7.356980 17.511950 1.304151 27.869507 -5.981300 0.096690 -12.611981 -22.384817 31.913420 21.656517 8.818508 23.722471 9.052939 16.170452
2.420548 -5.135660 -0.908461 -24.257826 35.671432 14.261067 7.028296 25.404129 23.994024 17.525007 5.101573 -0.790860 -15.092716 -20.464380 35.632713 24.320553 -8.347825 19.126427 2.373032 28.326181 -5.407722 2.213274 -14.327640 -22.148788 30.363701 22.099644 9.249117 24.495201 10.385886 18.021633
3.116845 -4.801204 -1.361433 -23.310734 35.910896 14.018720 6.633665 25.778936 24.409533 18.448589 5.629128 0.776502 -16.407133 -20.020880 35.323849 23.729710 -8.030294 19.988153 4.096444 28.516842 -4.822442 3.164391 -15.099260 -21.670057 30.127541 21.748184 9.313022 24.790855 10.997245 18.679928
3.788240 -4.331629 -1.534938 -22.519375 36.081821 13.954269 6.194315 25.942989 24.673477 19.151495 5.914963 1.906778 -16.921734 -19.549030 35.183319 23.694073 -8.312303 20.153008 5.081799 28.849504 -4.337224 3.940240 -15.451248 -21.340425 30.006182 21.703247 9.197176 24.950357 11.375852 19.112461
3.870673 -4.266806 -1.557190 -22.420673 36.105072 13.936195 6.129450 25.936993 24.696264 19.228930 5.902052 2.038831 -16.958017 -19.511021 35.164810 23.734673 -8.342188 20.162100 5.180209 28.928101 -4.286900 4.052662 -15.453546 -21.296114 29.996490 21.704559 9.160491 24.954973 11.407372 19.165550
3.867132 -4.269404 -1.563307 -22.419466 36.106770 13.929676 6.128435 25.935930 24.693575 19.223194 5.902804 2.038136 -16.955666 -19.508999 35.168118 23.732641 -8.348913 20.157934 5.174428 28.932688 -4.290437 4.045853 -15.452418 -21.302065 29.993250 21.702576 9.157730 24.957499 11.398301 19.167194
3.868170 -4.269087 -1.562411 -22.420134 36.105553 13.930820 6.128708 25.935284 24.693878 19.222778 5.902661 2.039361 -16.955311 -19.508011 35.167820 23.734489 -8.346090 20.159861 5.179936 28.931700 -4.289684 4.046228 -15.451420 -21.301956 29.994278 21.702974 9.156364 24.957998 11.397603 19.166983
3.868601 -4.269509 -1.562134 -22.420391 36.105228 13.931119 6.128781 25.934923 24.693211 19.222887 5.901982 2.042414 -16.959618 -19.512152 35.162285 23.735823 -8.338271 20.160206 5.183358 28.925337 -4.289228 4.045139 -15.451852 -21.300859 29.995968 21.701782 9.156700 24.958204 11.398126 19.165623
3.868059 -4.269203 -1.562159 -22.421583 36.104641 13.931904 6.130597 25.936018 24.693960 19.222479 5.901932 2.041739 -16.960285 -19.511404 35.161674 23.734432 -8.338906 20.160089 5.182916 28.928135 -4.289019 4.045543 -15.451982 -21.300003 29.996563 21.702126 9.157098 24.958717 11.399766 19.164717
3.867752 -4.260441 -1.563889 -22.427883 36.097649 13.935901 6.130211 25.936256 24.692854 19.224358 5.900259 2.041462 -16.958893 -19.512981 35.162437 23.736385 -8.342229 20.154228 5.176372 28.929050 -4.288690 4.048944 -15.449718 -21.303047 29.992344 21.708359 9.153905 24.959116 11.398404 19.168997
3.870111 -4.262025 -1.558352 -22.426548 36.097961 13.938826 6.131969 25.935570 24.695314 19.223852 5.899643 2.038995 -16.962961 -19.513729 35.163017 23.731861 -8.344916 20.158941 5.173265 28.933151 -4.286451 4.048151 -15.449883 -21.299810 29.999319 21.704113 9.153635 24.958574 11.399771 19.163958
5.233448 -0.069120 -2.449637 -26.945265 35.293114 12.225731 0.810849 28.549698 17.608303 20.749239 6.825481 3.894274 -11.235193 -15.803031 33.682632 31.074245 -0.884636 21.631433 18.126562 26.874653 -4.463574 3.529162 -17.959534 -24.441133 28.837297 18.887884 3.151229 23.508980 4.017748 22.210981
5.233448 -0.069120 -2.449637 -26.945265 35.293114 12.225731 0.810849 28.549698 17.608303 20.749239 6.825481 3.894274 -11.235193 -15.803031 33.682632 31.074245 -0.884636 21.631433 18.126562 26.874653 -4.463574 3.529162 -17.959534 -24.441133 28.837297 18.887884 3.151229 23.508980 4.017748 22.210981
5.233448 -0.069120 -2.449637 -26.945265 35.293114 12.225731 0.810849 28.549698 17.608303 20.749239 6.825481 3.894274 -11.235193 -15.803031 33.682632 31.074245 -0.884636 21.631433 18.126562 26.874653 -4.463574 3.529162 -17.959534 -24.441133 28.837297 18.887884 3.151229 23.508980 4.017748 22.210981
5.128275 -0.395847 -2.881647 -26.923748 35.615047 12.758442 1.443060 28.117054 16.010597 20.850313 6.538216 3.448394 -11.499810 -16.192028 33.867035 31.832325 0.140555 21.282473 17.371346 26.776201 -4.284398 3.504471 -18.565546 -24.989420 28.872278 18.681110 2.629999 23.807886 2.704313 22.081291
5.152990 -0.416158 -2.839346 -26.953606 35.584560 12.624627 1.283362 28.076250 16.010593 20.793165 6.512439 3.444552 -11.459576 -16.275434 33.809845 31.791599 0.123049 21.380220 17.380291 26.866911 -4.274492 3.485451 -18.567852 -25.054005 28.749392 18.625887 2.640465 23.767992 2.691527 22.141056
5.153911 -0.415259 -2.850953 -26.970768 35.570145 12.611663 1.275200 28.074387 15.977151 20.794813 6.515267 3.452144 -11.454407 -16.266750 33.798786 31.793343 0.117309 21.358397 17.387434 26.873999 -4.285394 3.448319 -18.573595 -25.065536 28.731731 18.615244 2.641784 23.766771 2.661828 22.171478
5.155265 -0.409414 -2.847798 -26.988203 35.555820 12.609909 1.264136 28.078833 15.982569 20.792683 6.516634 3.450825 -11.457497 -16.271656 33.802841 31.786467 0.120898 21.374022 17.392506 26.865580 -4.285921 3.442757 -18.569218 -25.064739 28.733992 18.612434 2.640436 23.763653 2.658929 22.172792
5.164022 -0.390144 -2.852458 -27.013195 35.534431 12.616351 1.255229 28.074648 15.963896 20.789984 6.524790 3.458015 -11.443790 -16.260220 33.814430 31.788830 0.134223 21.374771 17.424356 26.851707 -4.284101 3.438332 -18.568144 -25.067307 28.740238 18.607788 2.622254 23.752960 2.634783 22.189337
5.162621 -0.397206 -2.843464 -26.995461 35.547401 12.615853 1.251928 28.073780 15.981511 20.798241 6.520556 3.449914 -11.446089 -16.263988 33.811737 31.795128 0.132030 21.372253 17.409744 26.858027 -4.286024 3.450496 -18.568735 -25.068306 28.731133 18.619984 2.633703 23.754686 2.650794 22.181986
5.162247 -0.397774 -2.845642 -26.995142 35.548737 12.615933 1.253965 28.076910 15.983588 20.795282 6.521975 3.449741 -11.446009 -16.261887 33.812233 31.796122 0.130498 21.372526 17.409170 26.859194 -4.285228 3.451775 -18.567774 -25.066429 28.732937 18.620819 2.633624 23.754959 2.652928 22.181360
5.159363 -0.401893 -2.848241 -26.996056 35.547459 12.614285 1.259100 28.078327 15.982219 20.793116 6.524755 3.462065 -11.449081 -16.260975 33.813538 31.785307 0.134119 21.379732 17.425785 26.852951 -4.286563 3.446188 -18.565044 -25.064594 28.733204 18.617052 2.636204 23.754961 2.655616 22.182045
5.165874 -0.396225 -2.846919 -26.999102 35.545628 12.614088 1.252419 28.076385 15.972044 20.793194 6.525196 3.461323 -11.446209 -16.261520 33.815872 31.787228 0.133870 21.380310 17.425297 26.849400 -4.286977 3.445152 -18.569967 -25.069399 28.730835 18.611622 2.632079 23.754248 2.645817 22.187107
5.160313 -0.398260 -2.847131 -26.998243 35.546009 12.616304 1.257866 28.078588 15.981429 20.794603 6.525607 3.451754 -11.444796 -16.259165 33.814663 31.787027 0.134897 21.378170 17.419668 26.853621 -4.286363 3.445849 -18.564955 -25.064486 28.732527 18.618937 2.637055 23.753885 2.657380 22.180752
