-13.763464 -17.230534 1.871327 -37.078995 7.855253 -2.778021 -24.839420 -36.635536 38.013710 -13.091691 -7.523766 -9.289875 13.880233 -22.852615 25.894375 9.813609 -14.207331 -39.296520 30.376694 -14.344145 -14.303745 -13.795119 10.787619 -52.151035 13.552704 -1.820182 -27.784859 -21.245991 27.639164 -14.908623
-14.232121 -15.379569 0.217596 -37.504845 6.806084 -2.922282 -23.725473 -37.064983 36.490829 -10.976645 -7.550035 -8.537482 11.972492 -23.089037 24.975088 9.467512 -12.362747 -39.309494 29.815769 -13.166066 -14.955075 -13.305836 7.520830 -51.630146 13.145436 -2.226767 -25.898033 -20.961971 27.291887 -13.348727
-14.729511 -12.882755 -1.844346 -37.578293 5.798214 -3.305538 -21.957150 -37.666443 34.251045 -7.799281 -7.383972 -7.608185 9.216653 -23.527544 23.193211 9.164622 -9.474834 -40.020596 28.209564 -12.019592 -14.680327 -12.408193 4.271665 -51.031460 12.050628 -2.546269 -23.952469 -21.545614 25.654232 -10.960555
-14.844531 -10.535527 -3.720050 -37.489544 4.891670 -3.924694 -19.260147 -38.170094 31.979681 -5.486743 -6.959792 -6.014223 5.778287 -23.768860 20.650537 8.783740 -5.805933 -40.971527 25.757980 -10.517613 -13.839990 -10.690245 1.314508 -50.452442 10.947839 -2.545827 -21.244616 -22.453926 22.192810 -8.270759
-14.380784 -7.580431 -5.298891 -36.879814 4.199444 -4.300997 -15.334922 -38.467705 28.668852 -2.856464 -6.221865 -4.352911 1.473226 -23.106337 18.670898 8.400969 -1.724053 -41.103661 23.338017 -8.463700 -12.918758 -8.399949 -1.542527 -50.045818 9.418263 -2.290458 -18.337505 -22.848909 18.394512 -4.702900
-12.749450 -4.490164 -5.868112 -35.679314 4.758004 -4.507497 -12.012019 -37.540756 26.369926 -0.539401 -5.176983 -2.428932 -1.860578 -22.067314 17.979324 7.577881 2.572762 -40.951309 21.163673 -6.784366 -12.496528 -4.976731 -3.714928 -49.485336 8.678031 -2.106419 -15.407661 -22.899408 14.935789 -1.147259
-11.577516 -3.197164 -7.334629 -34.073963 4.800775 -4.747435 -10.629803 -37.519638 24.749632 2.080396 -3.887234 -2.203740 -4.241581 -21.298597 17.093967 6.743558 4.856719 -41.172245 20.198921 -5.677488 -11.654069 -2.982453 -5.832576 -48.347031 8.493658 -2.161078 -13.972771 -23.025713 13.169345 1.254007
-10.563839 -2.675260 -9.662043 -32.607929 4.751202 -4.342437 -8.780866 -37.768517 22.846659 3.854168 -3.071763 -1.627503 -6.112439 -20.785179 16.933132 5.775214 7.447127 -40.861443 19.866432 -4.754210 -10.831053 -1.439914 -8.587874 -47.233910 8.130641 -2.029331 -12.427608 -22.780025 11.840952 3.182140
-9.830674 -2.820285 -11.635432 -31.578169 4.666942 -3.662731 -7.268218 -37.716427 21.311453 4.573195 -2.682689 -1.459568 -7.837090 -20.249584 16.942677 5.505593 9.240917 -40.380432 19.284012 -4.236049 -9.963979 -1.049214 -10.831733 -46.160965 7.732391 -1.589724 -11.716574 -22.642494 10.936800 3.980362
-9.451829 -2.770810 -12.630959 -31.009533 4.489148 -3.411990 -6.483717 -37.648788 20.504011 5.150124 -2.530382 -1.425971 -8.574050 -20.034985 16.873322 5.365061 9.849744 -39.941727 19.210493 -3.852682 -9.337832 -0.957375 -11.966753 -45.556866 7.469614 -1.502252 -11.344023 -22.626320 10.613723 4.137888
-9.824462 -2.568090 -13.073551 -30.897247 4.698720 -3.241684 -5.948081 -37.676872 20.239830 5.339002 -2.711255 -1.345736 -8.856469 -20.177774 16.844715 5.249927 10.411572 -39.756699 19.241039 -3.749628 -9.632854 -0.917891 -12.534559 -45.408173 7.618243 -1.714067 -10.950281 -22.811129 10.460166 4.160099
-12.193093 -1.166349 -15.240846 -30.294037 6.257687 -2.215870 -3.745634 -36.771511 20.359541 6.443252 -4.857470 -0.557179 -10.691840 -20.969769 16.434553 4.595036 12.327456 -38.199966 19.977852 -1.916626 -11.677007 -0.796390 -15.702426 -43.872799 9.553319 -3.416014 -8.552981 -22.821941 10.150225 4.028732
-15.457998 0.323933 -19.380276 -29.259836 8.660987 0.500364 -0.413226 -33.726860 20.938339 6.736224 -8.897566 1.781374 -13.648690 -21.390032 17.565060 5.918126 13.682407 -35.990059 20.007076 0.170294 -13.657302 -1.394747 -20.138330 -39.850109 13.942206 -5.515171 -6.169434 -22.797497 10.499960 1.673246
-16.542465 3.495451 -23.438269 -27.291300 11.312217 4.031174 1.187232 -30.060030 22.033594 7.412861 -11.536708 4.036397 -18.669710 -21.007479 18.750631 6.961082 14.807316 -33.724197 20.754236 3.162055 -14.409840 -0.822064 -26.375601 -36.198231 16.598577 -6.856659 -2.773590 -21.697668 11.763637 -0.447195
-14.161774 6.698712 -28.319057 -21.440430 13.905270 7.422939 1.718169 -26.524368 23.137272 10.893174 -8.740778 8.972138 -26.036615 -18.696207 18.468000 7.571000 12.950963 -27.228781 25.953239 7.659065 -14.104061 2.993212 -32.981209 -32.110020 16.702925 -5.805653 -3.143632 -19.778887 13.374696 2.105137
-12.078623 5.986828 -35.692802 -16.587166 13.822120 8.798898 3.440700 -22.422029 25.000734 16.670046 -4.640461 9.971486 -34.544079 -18.495094 12.698196 7.317691 12.028451 -19.755877 31.961998 13.454940 -13.380436 -1.062042 -40.075714 -32.130600 11.622103 -5.970230 -1.586045 -19.295195 11.634584 8.774484
-4.055983 1.891636 -37.428978 -9.155403 14.999160 9.853971 -0.906948 -17.875292 27.418242 23.648325 0.674123 4.031501 -39.832577 -21.742937 4.758607 9.438193 12.972271 -16.032774 30.290703 15.559957 -6.062408 -0.991442 -43.419548 -31.377598 6.135510 0.787575 -4.717920 -15.501794 9.666990 13.495884
5.349326 1.767650 -36.244072 -8.798717 11.635796 13.308377 -8.000121 -16.982422 24.374796 25.306273 8.805715 -5.063433 -45.904766 -18.729631 -0.565323 11.657240 11.660809 -14.081794 27.761007 17.893393 5.879376 -0.139141 -44.294594 -24.273712 6.196471 6.795988 -12.698955 -11.523241 12.335690 14.352283
11.168726 -2.190620 -39.099106 -11.053782 3.534125 13.051903 -8.696393 -19.166098 17.694929 26.063868 16.000175 -5.581046 -47.098045 -17.297623 -5.059865 10.741671 12.471425 -14.325374 26.641787 17.310394 12.987857 -4.742566 -46.361248 -23.222687 0.784434 6.947666 -13.624726 -12.273955 10.556869 16.008184
13.597936 -3.426327 -40.861481 -11.307158 -0.185961 9.967949 -5.028949 -20.565660 15.536900 25.676760 20.364634 -6.019593 -46.639900 -17.176003 -7.417904 9.386682 15.304109 -16.182501 24.485403 15.334015 18.093523 -6.813915 -45.488815 -23.006260 -1.646889 4.951934 -11.979073 -13.758302 7.715244 16.079561
13.825438 -3.418955 -41.157513 -11.283502 -0.634973 9.415889 -4.291699 -20.607769 15.376793 25.808184 20.786556 -6.052642 -46.429379 -17.367908 -7.715179 9.200484 15.928401 -16.127539 24.334354 14.927935 18.543276 -6.933119 -45.234997 -23.082195 -1.904534 4.537688 -11.632668 -13.955010 7.270606 16.277161
13.134664 -2.842410 -41.252895 -11.370472 -0.541110 9.450900 -4.405759 -20.383701 15.461504 26.900160 20.009850 -5.751077 -46.888489 -17.416969 -7.717631 8.698738 16.174120 -15.788897 24.660824 16.246698 17.587049 -6.197173 -45.758690 -23.010643 -1.707644 4.383040 -11.817860 -13.848173 7.732291 17.298574
12.062799 -1.891766 -41.298885 -11.341472 -0.048429 9.802097 -4.780510 -19.835854 15.607026 28.784616 18.830233 -5.274002 -47.550816 -17.591675 -7.681829 8.177941 16.444996 -15.271391 25.091335 17.932230 16.214729 -5.000461 -46.767269 -22.705332 -1.280335 3.879904 -11.765497 -13.506721 8.395569 19.085011
10.880112 -0.252914 -40.419804 -11.487267 0.930659 10.297899 -5.345296 -19.080051 15.468452 31.417105 16.790051 -4.350940 -48.210365 -17.932093 -7.373037 7.549786 16.793261 -14.540286 25.491055 20.257402 14.416616 -2.850541 -47.299839 -22.444118 -0.481230 3.197296 -11.619343 -12.933770 8.968218 21.380890
9.401809 1.915886 -38.566639 -11.592392 2.536790 10.997493 -5.928239 -17.883183 15.543101 34.715866 13.181700 -3.348815 -48.293884 -17.960285 -5.773015 6.750219 16.835238 -12.980319 26.109100 24.148474 11.910578 0.194053 -47.586723 -21.680861 1.422521 2.282058 -11.323658 -11.918357 10.188624 23.602415
8.709630 4.657977 -37.170113 -11.525731 3.961331 11.203758 -5.956661 -17.055050 15.433577 38.026608 9.836693 -2.664244 -47.613224 -17.652027 -3.808989 5.908828 16.487387 -11.310931 26.266499 28.658653 9.469983 3.404891 -48.129406 -21.171873 3.083308 1.111504 -10.749007 -11.023568 11.513868 26.136120
7.574155 7.325975 -35.664463 -11.706271 5.644912 11.233293 -5.841135 -16.304522 15.443720 40.423336 7.555975 -1.820571 -46.537895 -17.554234 -2.091305 5.222506 16.523270 -10.221095 26.267355 31.729757 6.659429 5.771438 -48.022717 -20.649685 5.335312 -0.452287 -9.943804 -9.953012 12.592750 27.741230
6.660511 9.750187 -33.326141 -11.964691 7.434142 11.091022 -5.650438 -15.844941 15.415752 42.066021 5.412920 -0.080822 -44.563713 -17.933273 -0.564112 4.530568 17.201929 -9.875415 25.666718 33.983948 4.462076 7.737290 -47.240852 -20.425556 7.257446 -2.237656 -8.814798 -9.441830 13.031436 28.769558
5.795132 11.195532 -31.654543 -12.228743 8.618902 10.943511 -5.417106 -15.533515 15.341856 43.110741 3.914274 1.071814 -43.029114 -18.299854 0.670010 4.528026 17.444408 -9.525599 25.119839 35.114967 3.079341 9.246675 -46.880146 -20.239985 8.620971 -3.584183 -7.930677 -9.098021 13.462840 29.436790
5.313455 11.786394 -30.788931 -12.412982 9.153805 10.853978 -5.203362 -15.471938 15.291247 43.349663 3.142620 1.659239 -42.128777 -18.491028 1.421800 4.609396 17.462238 -9.242984 24.948933 35.434258 2.327194 10.047601 -46.354923 -20.146503 9.520071 -4.300997 -7.422651 -8.956605 13.598236 29.512356
5.113244 11.978518 -30.529568 -12.422513 9.404701 10.848805 -5.156181 -15.426753 15.336913 43.428940 2.758425 1.957906 -41.881950 -18.602020 1.655610 4.598322 17.455364 -9.174177 24.946892 35.637459 2.066148 10.336537 -46.173820 -20.106884 9.829755 -4.517347 -7.285954 -8.918576 13.652270 29.546738
4.140185 12.659966 -29.990892 -12.422523 10.286622 10.869396 -5.047912 -15.340416 15.646885 43.752296 1.479370 2.994290 -41.327194 -18.980192 2.332532 4.771881 17.145716 -9.274650 24.987097 36.025711 1.008828 10.997849 -45.956623 -19.963247 10.809056 -4.927083 -7.113284 -8.825992 14.017453 29.520763
2.495416 13.881072 -28.916204 -12.645575 11.765249 10.760075 -4.670536 -15.507390 16.064680 43.640240 -0.574765 4.582592 -39.839874 -19.587961 3.811555 5.352039 16.317308 -9.416363 24.853874 36.274460 -0.682050 12.060292 -45.013119 -19.788994 12.740113 -5.850657 -6.439583 -8.596004 14.299911 29.144028
0.267292 15.274302 -27.405508 -13.305959 13.442685 10.578790 -4.248612 -16.071331 16.546465 42.800846 -2.984743 6.461768 -37.916592 -20.451199 5.452373 6.085077 15.255044 -9.393315 24.895351 36.409973 -2.792259 13.289987 -43.464054 -19.670414 15.094261 -6.525004 -5.968682 -8.443170 14.548023 28.205400
-1.848285 17.009336 -25.521317 -14.124109 15.094568 10.280609 -3.428369 -16.067137 17.208975 42.247017 -5.393373 8.945435 -35.270210 -21.543594 7.491142 6.552908 14.590960 -8.610792 25.297165 36.601940 -4.867114 14.439902 -41.499561 -19.535114 17.632374 -7.478229 -5.228721 -8.147758 14.845753 27.085072
-4.098727 19.214613 -23.104115 -15.331661 16.892664 9.859594 -2.727473 -16.363358 18.159849 40.254089 -7.636171 12.140595 -33.031910 -22.929831 9.424093 7.528051 13.818231 -8.097192 26.196692 35.436775 -7.466930 15.822685 -39.055576 -19.852966 20.236784 -8.580585 -4.416068 -8.438658 15.291767 25.577728
-6.251366 22.298412 -19.005941 -16.768782 19.229984 8.757469 -1.376912 -16.712179 18.708651 38.102840 -9.546379 15.666084 -29.512539 -24.423843 11.585505 7.998690 14.352666 -7.139587 26.237492 34.569447 -9.694477 17.803930 -36.064960 -19.959097 23.250675 -9.976326 -3.366938 -8.533755 15.792384 23.747437
-12.605465 20.406904 -11.029039 -20.914097 21.030739 0.097100 1.383327 -12.404362 27.701246 37.912651 -13.499348 14.633661 -20.551010 -15.348195 27.943060 3.193255 15.575667 -9.092909 24.044384 33.648293 -14.021360 15.260610 -27.150789 -23.128794 25.018898 -17.481928 0.195786 -3.002964 24.936722 24.051380
-15.430893 21.457968 -4.516069 -23.133650 24.154015 -1.473991 4.286889 -14.016165 26.812944 34.072041 -16.920486 17.068039 -12.561891 -17.297970 31.577551 3.860266 14.940560 -10.696009 21.874771 32.243988 -17.309549 17.785704 -20.063456 -25.570250 29.284081 -18.436142 1.586888 -3.913029 23.156040 21.215528
-18.694124 20.937555 2.649266 -25.179874 27.634022 -2.699565 6.555902 -16.146145 26.001524 28.352310 -20.390400 18.448048 -5.403879 -19.529873 34.140404 5.019425 14.108789 -12.517952 19.570553 30.604353 -20.311388 19.253593 -13.172524 -28.128963 33.325687 -17.872631 2.154269 -4.372972 21.019182 17.671675
-23.117907 16.252247 6.095868 -26.638681 29.594120 -2.592540 9.657991 -18.808599 25.196466 23.213140 -22.990595 17.458776 -0.131956 -23.092554 34.501591 7.907334 15.160845 -15.611679 15.871556 26.472120 -24.110647 16.538950 -9.701550 -30.754227 37.763790 -18.000603 2.007209 -4.918037 16.484245 12.244431
-25.488388 14.183327 8.641856 -28.705605 30.130299 -2.971090 9.724783 -21.346716 24.625481 18.665785 -24.420496 16.327662 5.192098 -24.774309 36.043964 9.076229 14.410161 -17.765587 13.967326 23.085735 -26.549986 14.752882 -5.915519 -33.301712 39.649605 -18.487711 3.470776 -5.893310 14.547902 8.781090
-26.242220 11.980660 11.684291 -29.936272 30.434391 -4.204816 9.849050 -23.820036 24.303398 14.034967 -25.499500 15.558248 10.175973 -26.278156 37.606976 9.502110 14.557982 -19.188616 12.499720 20.105536 -28.067638 13.081299 -1.599594 -35.769474 40.851166 -18.888670 4.923555 -7.071143 12.192396 5.273504
-26.010349 9.862453 13.802219 -30.533276 31.118492 -4.893551 10.794855 -25.205015 23.722475 10.421432 -25.522285 14.682760 13.921932 -27.448812 37.941975 9.673427 14.601459 -21.208855 11.140032 17.105150 -28.360840 11.510678 1.931400 -37.636425 41.501991 -19.288528 6.032513 -8.419390 10.031547 2.499301
-25.890789 7.459377 15.449870 -30.893242 31.413065 -5.000597 10.828617 -26.667070 23.328684 6.482343 -25.397190 13.243439 17.173044 -28.042231 38.648438 9.963077 14.543276 -23.076748 10.449234 13.754243 -27.682640 9.822840 5.024805 -39.046364 41.953209 -18.582077 6.269289 -9.900857 8.292043 -0.688734
-25.362427 5.041313 16.941637 -31.376200 31.416691 -4.963141 10.678391 -27.595854 23.068789 2.990161 -24.647816 12.082173 20.454226 -28.615671 39.441372 10.073839 14.281987 -24.535116 10.106465 10.466485 -26.599672 8.468238 7.906367 -39.685047 42.631096 -18.038767 6.274744 -10.798703 6.869285 -3.609690
-24.620743 2.386503 18.352095 -31.972467 31.812609 -4.869609 11.188755 -27.679317 23.050863 0.002945 -23.563726 10.993631 22.806767 -28.737490 40.142559 10.475881 13.906353 -25.674219 9.497329 7.774421 -25.311869 7.045228 10.292319 -39.849747 43.267426 -17.233374 5.708837 -11.376190 5.891238 -6.276757
-24.147552 0.418202 19.781517 -32.403389 32.387215 -4.657346 11.500482 -27.491812 23.105162 -2.119032 -22.868145 10.257686 24.641077 -28.771238 40.807697 10.992274 13.201185 -26.344675 9.106823 5.929894 -24.473490 5.783853 11.950882 -39.937057 43.711739 -16.548752 5.274368 -11.499154 5.344959 -8.393275
-23.678251 -1.080402 19.849434 -32.397556 32.413792 -4.089876 11.272024 -27.141846 23.142946 -3.188076 -21.991749 9.540979 25.036304 -28.483595 40.812511 11.453055 12.696284 -26.657986 8.828731 4.804759 -23.432955 4.867777 12.296432 -39.548801 43.630920 -15.980067 4.744027 -11.496628 5.134469 -9.607013
-23.412342 -1.711222 19.298103 -32.265160 32.032063 -3.684001 10.906343 -26.879492 23.200895 -3.411597 -21.522591 9.153782 25.091879 -28.243933 40.785477 11.667480 12.469620 -26.824827 8.705281 4.291662 -22.723816 4.369080 12.537438 -39.310505 43.491718 -15.540898 4.317671 -11.627784 4.915635 -10.206794
