-20.882910 2.939299 15.259357 -24.695162 39.696480 3.707283 17.392216 -30.292362 13.688267 -8.789837 -21.692698 7.447355 20.457876 -47.974758 34.573650 -9.167931 -1.926354 -16.836441 0.862152 0.848677 -22.465422 8.472780 6.524927 -35.382984 47.578053 -9.422750 10.240078 -15.377204 -5.221228 -15.211738
-20.927492 4.489967 15.819510 -24.978567 39.772255 2.908247 18.090595 -30.797354 13.288893 -8.048998 -22.085691 8.177590 20.435556 -48.367867 34.427902 -9.785969 -0.898494 -16.528225 0.808899 1.828309 -23.104006 8.985913 6.302321 -35.688644 47.738091 -10.602085 11.469914 -15.169223 -5.136365 -14.460788
-20.866165 7.233925 14.689651 -24.839533 38.715885 1.980853 18.588844 -31.253288 12.802723 -5.796725 -22.361542 9.547460 19.396898 -48.779491 33.683750 -10.764011 1.018835 -15.887907 0.651506 3.883230 -23.457541 9.930875 4.598259 -35.493393 47.192398 -12.381570 12.993362 -15.044511 -4.768113 -12.512681
-20.371914 10.564574 13.016805 -24.426355 37.126560 0.976423 18.913704 -31.472012 12.313360 -2.740923 -22.368767 11.315672 17.281260 -49.062027 32.135750 -11.876033 3.234172 -15.178754 0.503104 6.385809 -23.768208 10.743213 1.644570 -35.121422 46.087479 -14.423105 14.822691 -14.610530 -3.901972 -10.087483
-19.852587 13.252791 12.012578 -24.324343 36.406441 0.091039 19.967068 -30.762951 12.113947 0.360752 -22.106970 12.876281 15.150672 -49.053474 30.844656 -12.881556 4.930421 -14.231746 0.291681 9.032043 -23.781471 11.230446 -1.318739 -34.740150 44.839920 -16.350521 16.599739 -13.739142 -3.104447 -7.748306
-19.200140 15.188656 11.323298 -24.255457 36.071552 -0.569621 21.177706 -29.425453 12.392771 2.972597 -21.558306 14.353777 13.193109 -48.771675 29.619562 -13.913953 6.412190 -13.095434 -0.025413 12.078173 -23.279902 12.509308 -3.136908 -33.804039 44.630905 -17.740000 17.788719 -12.108354 -2.469972 -5.618062
-18.465084 16.898785 9.970622 -23.752308 35.285057 -0.806919 21.601547 -27.941410 12.893153 5.578931 -20.571697 15.719780 11.383537 -48.670624 28.045086 -14.564620 7.458904 -11.975675 -0.020505 14.450573 -22.277588 13.706253 -5.242495 -32.814713 43.812798 -18.364166 18.313835 -10.709036 -1.682253 -3.433664
-17.456303 18.180710 8.339024 -23.453917 34.542992 -0.893405 22.504377 -26.703259 12.877604 7.679271 -19.167700 16.618729 9.526912 -48.344582 26.854570 -14.831348 8.168133 -11.237782 -0.008606 16.033720 -20.451754 14.427737 -7.304287 -32.044636 42.509281 -18.707462 18.695343 -9.737167 -1.066415 -1.736229
-16.044865 18.748859 6.887712 -22.771442 33.641300 -1.134626 23.254959 -25.380554 12.969144 9.601186 -17.776545 16.835213 7.602755 -47.887730 25.809790 -15.222760 8.911375 -10.398879 0.266444 17.174177 -19.179661 14.466464 -9.454432 -31.458021 40.987213 -18.984697 18.918432 -9.193743 -0.491628 -0.315851
-15.271054 19.018623 6.343884 -22.452311 33.214275 -1.275019 23.587793 -24.880562 12.957308 10.328863 -17.228359 16.823421 6.592025 -47.562077 25.380859 -15.395164 9.187493 -9.885137 0.477560 17.865316 -18.623079 14.383578 -10.519056 -31.152697 40.270161 -18.950350 18.929743 -8.866372 -0.204603 0.232030
-15.163484 19.001923 5.796132 -22.385649 32.865437 -1.408472 23.818964 -24.837822 13.042284 10.468512 -17.173271 16.773407 6.193614 -47.617805 25.006525 -15.673723 9.628257 -9.998427 0.550218 17.901932 -18.442289 14.299167 -10.973329 -31.262066 39.716026 -18.986713 18.925455 -9.097450 -0.166951 0.425597
-15.392885 18.957123 1.783642 -22.236950 30.747496 -2.002898 24.875484 -24.828621 13.989861 11.183711 -17.067722 16.411871 2.744310 -47.865791 22.550388 -17.587482 12.491936 -10.974471 1.255075 17.967207 -18.090389 13.869911 -13.189966 -32.360607 36.579895 -19.661171 19.424807 -10.993659 -0.316597 1.759573
-16.695646 18.954376 -5.876313 -21.914841 27.272047 -2.498277 26.193817 -25.009014 15.678374 13.053762 -16.649181 15.680573 -4.581154 -47.827335 17.841326 -19.682899 15.438046 -13.529496 2.699848 17.044380 -17.149506 12.757225 -17.447805 -33.443279 31.619246 -19.970860 19.822367 -14.319382 -0.480551 3.683455
-18.441750 16.578972 -16.701385 -20.987352 23.543015 -0.531840 25.198294 -24.655933 17.847029 13.338006 -16.733171 14.451237 -14.565893 -47.471779 12.832181 -19.391876 14.764717 -16.875151 5.697944 13.431171 -18.546906 8.885995 -25.875715 -34.672501 25.138605 -16.995081 17.963081 -17.621538 0.315375 5.304353
-17.128897 13.197572 -27.332834 -18.313200 20.422203 4.839287 18.343660 -24.084684 19.124336 13.771694 -14.297402 11.215560 -24.300396 -44.017582 11.202355 -17.327345 10.432552 -17.820372 10.278457 9.681776 -16.940758 4.651378 -35.181065 -33.245220 18.913088 -10.975687 12.353298 -19.609106 2.838004 4.633379
-13.156679 10.629607 -33.699314 -17.462402 16.995909 10.251156 8.340263 -23.551985 21.213915 11.836196 -10.113070 8.594389 -33.903526 -36.506016 12.236987 -13.633588 1.798881 -19.804100 13.027980 8.038971 -15.382928 4.766887 -40.181332 -30.987497 16.545815 -4.048040 3.501262 -19.027821 8.783992 3.059437
-7.762939 8.237055 -36.912582 -16.903101 14.440941 16.232286 -2.111274 -23.706657 21.651640 9.257188 -4.499653 3.903011 -41.187698 -27.889612 15.613803 -8.668973 -7.819127 -19.367327 14.644382 5.840092 -10.004383 2.533102 -42.435059 -26.646107 16.129642 2.909135 -4.916981 -18.959904 12.776688 -2.190291
-1.633317 4.959731 -37.161163 -16.356670 12.854222 20.940855 -8.222267 -23.816971 18.775312 6.454020 1.128877 -2.478732 -44.051899 -20.006294 21.300579 -5.302593 -10.689763 -19.826731 12.614869 0.451688 -2.107312 0.071061 -41.885727 -21.473520 18.048290 5.651107 -9.628737 -19.646748 14.357483 -7.985398
3.822894 1.301460 -36.291718 -15.256012 12.869235 23.935406 -10.860963 -23.502970 16.809883 1.961166 4.960854 -7.709013 -45.620014 -15.840689 25.226986 -3.166078 -9.650754 -17.543600 11.863101 -4.139588 4.939312 -2.763223 -40.835453 -16.703775 20.683739 6.463982 -10.646496 -19.709988 13.668246 -13.204612
6.370761 -1.038477 -35.802998 -14.860598 13.239211 25.342764 -11.265733 -22.558393 15.990739 -0.502234 7.365893 -10.071568 -45.320953 -14.943632 26.474258 -1.531861 -9.298468 -16.628975 10.640126 -6.921627 7.859782 -4.820954 -39.674213 -15.068553 22.065390 6.869973 -10.565452 -19.017815 12.824964 -16.447060
6.636699 -1.415183 -35.713264 -14.819872 13.321562 25.463898 -11.203367 -22.496094 15.914145 -0.895837 7.448798 -10.588193 -45.093662 -14.867279 26.753214 -1.410502 -9.192574 -16.429251 10.452882 -7.166041 8.144311 -5.035255 -39.405136 -14.983324 22.251184 6.916007 -10.440421 -18.893904 12.623775 -16.901747
5.879194 -1.248953 -35.221401 -14.827000 14.021686 25.937759 -11.213165 -22.523872 15.707645 -1.143789 6.654735 -10.836416 -45.196522 -14.802176 27.535213 -1.065689 -9.263618 -16.326553 10.247657 -7.093661 7.414713 -4.771012 -39.475548 -14.674337 23.148777 6.999831 -10.411380 -18.890585 12.734622 -17.190598
5.059263 -0.894307 -34.303425 -14.903788 15.025733 26.336695 -11.019182 -22.337006 15.590680 -1.152616 5.121472 -10.857687 -45.108032 -15.078552 28.385023 -0.675602 -9.341255 -16.100214 9.986417 -6.321595 6.418622 -4.442719 -39.638454 -14.244678 24.433903 6.804273 -10.208476 -18.763660 13.085044 -17.344051
3.443217 -0.131837 -33.110989 -15.185261 16.557753 26.817221 -10.532430 -22.041431 15.566133 -1.013429 3.153110 -10.131529 -44.250008 -15.711639 29.800264 -0.051503 -9.180069 -15.898566 9.175908 -5.596662 4.670268 -3.812880 -39.620510 -13.773868 26.231920 6.234659 -9.797501 -18.084129 13.643069 -17.364498
1.504715 -0.023293 -30.696003 -15.238781 19.012215 27.385540 -10.115599 -20.943052 16.006004 -0.395525 0.714377 -9.549056 -42.888802 -16.723610 31.423630 0.821477 -8.679546 -15.039314 8.319035 -4.730931 2.575469 -2.980889 -39.632866 -12.832849 28.931288 5.592289 -9.502722 -16.330687 14.826410 -16.969110
-1.544124 -0.156429 -28.543489 -15.797306 21.572952 27.542728 -9.015141 -19.924595 16.816645 -0.076710 -2.054697 -8.752545 -40.703064 -18.447926 32.939835 1.675471 -7.946113 -13.859101 7.246166 -3.855785 -0.223149 -2.752844 -39.179619 -12.164218 32.068310 4.330985 -8.950852 -14.110366 16.563616 -17.001091
-3.874428 -1.034406 -26.995764 -16.286848 23.554546 27.637943 -7.224383 -18.794434 17.062979 -0.238068 -4.533441 -7.724328 -38.268368 -20.163481 34.134846 2.690792 -7.481399 -12.844574 5.762575 -3.040160 -2.166648 -2.456961 -37.946037 -11.538868 35.378113 3.073002 -8.213701 -11.526137 17.726742 -17.649601
-6.314999 -1.327654 -25.039213 -17.134520 25.139427 27.301086 -5.900914 -18.366722 16.964201 0.166802 -6.678465 -6.762993 -36.537964 -21.425127 34.902752 3.418641 -7.069258 -11.999827 4.655816 -2.019921 -3.686584 -2.013830 -36.346260 -11.413630 37.905895 2.256075 -7.568853 -9.707498 18.444664 -18.398365
-7.997639 -1.663844 -23.171621 -17.745750 26.471750 26.956236 -4.678676 -17.670481 16.851347 0.630855 -8.468081 -5.793071 -35.037666 -22.398705 35.426083 3.940351 -6.817647 -11.234462 3.768355 -0.646813 -4.945454 -1.098983 -34.827248 -11.436211 39.668282 1.855095 -7.109345 -8.411478 18.555622 -18.456934
-9.196259 -1.658152 -22.121826 -18.161451 27.262066 26.662148 -4.007256 -17.385706 16.811792 1.283588 -9.340049 -5.320686 -34.173916 -22.829075 35.941227 4.116068 -6.610796 -10.639016 3.336636 0.286241 -5.606023 -0.518960 -34.244286 -11.459225 40.452950 1.382441 -6.603399 -7.832952 18.559956 -18.089151
-9.213347 -1.837623 -22.009769 -18.175137 27.296688 26.660282 -3.929123 -17.365601 16.713968 1.298549 -9.322219 -5.433394 -34.102734 -22.835125 35.955269 4.202667 -6.582016 -10.600333 3.185129 0.301932 -5.602328 -0.527960 -34.175148 -11.519928 40.451172 1.499720 -6.570181 -7.717511 18.412655 -18.077587
-7.997163 -3.214126 -22.923923 -17.715391 26.578522 27.229511 -4.575411 -17.214588 16.286367 1.263784 -8.484985 -6.258350 -35.626698 -22.636808 35.131920 4.957890 -6.725378 -10.384780 3.200525 -0.170950 -5.000332 -1.155793 -34.750912 -11.798397 39.478073 3.092574 -7.227631 -7.366660 17.741117 -17.869881
-5.971928 -5.622134 -24.281820 -17.104433 25.209173 28.246643 -5.535432 -16.864271 15.252064 1.707130 -6.516023 -8.346601 -38.198769 -22.397976 33.487766 6.066743 -6.472975 -9.550327 3.113442 -0.866083 -3.960973 -2.300359 -36.350536 -12.368199 37.410130 5.461487 -7.841179 -6.949908 16.558723 -16.879501
-4.312979 -8.263848 -25.093920 -16.968861 23.775475 29.408833 -6.244776 -15.504727 14.233687 2.730253 -4.487739 -10.206985 -40.977390 -22.038258 32.223061 7.313620 -6.358326 -7.699762 2.796011 -0.469382 -2.928587 -3.623155 -38.449696 -13.216072 34.949440 8.597292 -8.146254 -6.007326 15.103456 -15.544911
-1.729562 -12.094289 -26.307446 -15.716745 22.767324 30.953842 -6.602002 -13.521731 13.041092 4.244339 -1.317309 -12.204477 -43.908573 -21.563227 30.557142 9.482760 -6.775524 -5.631636 2.033288 -0.917763 -1.752648 -6.054318 -41.364178 -13.727658 32.171444 12.139490 -8.338056 -4.099935 14.130036 -14.339650
1.295370 -17.703016 -27.482040 -14.446108 21.318623 31.478277 -5.543552 -10.850840 13.001779 5.108944 3.188077 -13.832166 -46.309887 -22.646721 27.694895 12.462564 -7.366070 -1.843287 2.155666 -2.198325 -0.635040 -10.039605 -42.875370 -15.084973 29.312786 15.160288 -8.181263 -0.816268 12.730902 -13.009568
4.401248 -22.170767 -29.248480 -14.777092 18.125214 30.152723 -2.256607 -5.898582 14.768853 6.453731 8.464691 -13.998121 -47.036037 -24.373716 24.994242 14.787229 -5.699913 4.613418 3.204554 -3.348099 2.688297 -14.101890 -42.964939 -17.516329 24.983299 15.562221 -6.170382 3.424843 12.165877 -12.334502
8.007111 -24.973974 -32.363503 -12.291492 16.786161 28.763695 3.306025 -0.999405 15.596628 7.232633 16.255846 -12.108445 -45.333199 -26.542538 21.106747 14.328199 -2.398577 15.415434 10.523502 -5.074293 6.415840 -17.839855 -45.646141 -16.857210 21.559263 15.592293 -0.405779 8.836419 11.411266 -9.058404
13.554497 -25.824978 -32.007469 -14.402606 12.384389 27.542913 8.427406 4.923297 13.937305 9.981360 22.446648 -14.129982 -41.829533 -29.502693 16.044357 12.130409 1.725199 22.625553 12.117719 -4.011849 9.563736 -22.491699 -42.621037 -18.550066 19.550482 14.342705 4.675143 16.280779 9.768622 -7.673620
21.934513 -27.830555 -26.218801 -13.216922 11.960144 26.473989 10.901596 11.046201 11.181245 14.729028 30.171009 -20.196621 -37.536144 -31.917921 9.458438 10.547075 3.614115 26.759172 9.370061 0.469609 15.287418 -26.698069 -38.417282 -17.022799 19.517555 11.919822 7.091777 21.748785 8.538365 -4.707841
28.794102 -33.301979 -16.560316 -10.280077 14.188641 24.804539 14.316560 12.732765 6.764111 20.295933 36.890087 -26.297571 -28.035078 -32.619526 6.678963 13.307962 -1.644449 25.656225 -1.068022 8.149877 24.755533 -32.267330 -31.984060 -15.025445 21.581966 8.880864 7.639227 25.754454 0.725831 -1.583064
37.028614 -35.253578 -8.046367 -9.842225 14.191153 19.667688 18.611984 11.411698 3.792586 16.696877 44.595943 -22.183365 -16.051086 -33.951447 4.852169 16.335316 -5.753462 25.657015 -9.007945 11.339370 33.756454 -29.085575 -22.108112 -14.261518 22.670727 8.657043 7.892702 29.153677 -5.516877 1.055524
38.453831 -29.958349 -1.978162 -8.138494 17.664621 10.586829 24.723516 11.683265 4.211020 16.533100 45.355289 -15.482968 -5.811928 -33.584305 6.315956 11.609385 -2.602680 25.095289 -11.678363 18.378435 35.215595 -20.004808 -15.958781 -13.733442 24.646824 3.127198 12.190305 30.268488 -7.286617 7.634220
40.330231 -20.671808 0.998108 -8.714236 20.373039 1.111527 27.372723 12.279159 0.511933 16.967165 45.014435 -11.509108 1.656694 -31.903975 6.826489 4.132221 2.963655 22.909483 -11.478074 24.864725 37.096741 -11.068420 -11.409057 -14.106246 23.946167 -2.055065 16.320051 27.489639 -8.049505 13.665183
40.608349 -11.061212 3.484766 -12.243845 17.864861 -5.974286 32.155060 9.663271 -5.345857 21.161711 44.625668 -6.527414 6.922108 -31.189907 5.995837 -4.127224 9.360279 19.921082 -11.683066 30.677427 38.057232 -1.556367 -7.343241 -15.414245 23.474781 -8.147967 20.567097 23.613331 -9.311646 16.884918
40.044033 -0.796168 3.321204 -12.940098 14.477904 -12.823614 35.282318 3.616394 -6.075378 24.882647 44.997314 0.301549 10.062370 -29.775179 4.698179 -13.172728 12.922338 14.213020 -11.592496 33.622372 37.441921 5.194605 -5.674821 -19.136099 19.180046 -15.502061 25.485018 16.175648 -11.319560 19.452873
39.400326 6.624396 2.117007 -13.092284 10.729631 -16.228197 36.436924 -2.988242 -5.463305 27.612440 42.861332 5.189825 11.734226 -29.435789 4.144659 -20.363157 17.116409 9.915717 -9.955770 35.143505 36.041470 10.893362 -6.263151 -20.139084 17.303894 -21.478546 27.626263 10.226995 -10.551443 20.939758
37.586918 12.060741 -0.284494 -12.860282 7.479812 -19.130630 37.513710 -9.649578 -4.127649 28.565573 39.752480 8.519180 13.118876 -29.918627 4.289614 -27.298065 21.909609 5.677759 -8.608767 35.750790 34.581902 15.074089 -6.491301 -20.160702 17.280338 -26.140116 28.340826 4.976098 -10.383832 22.589752
35.487370 15.449962 -2.135148 -11.801039 5.858964 -20.900480 37.948532 -14.185323 -1.386135 28.595102 37.386566 10.638951 13.663758 -30.220238 4.112234 -31.615723 24.869633 2.454785 -7.108665 35.028805 32.621483 16.834183 -7.330065 -19.749880 17.465357 -29.167221 28.617929 1.247664 -9.594020 22.988134
34.058357 16.970028 -3.711287 -11.913198 4.584627 -21.645086 38.627937 -16.236233 -0.464602 28.459831 36.297741 11.589166 13.696601 -30.083855 3.964883 -33.810188 26.698380 0.473402 -5.990380 34.172516 31.809767 17.387562 -7.797132 -19.282888 17.993069 -30.901772 28.718513 -0.744976 -9.024062 22.375767
