22.697763 -29.149069 -19.005272 -28.276878 18.738102 12.774369 5.369639 30.191809 7.290518 4.089452 29.317112 -28.117659 -27.401821 -19.928743 30.574623 13.551868 6.236440 27.743505 -2.794289 0.850276 19.361103 -27.104561 -15.961318 -9.462080 23.213892 28.742588 12.475641 21.878456 12.973540 6.490810
22.505512 -29.889528 -18.868719 -28.131544 18.887009 12.677911 5.382180 30.020222 7.162266 4.043565 29.289171 -28.270123 -27.294758 -20.162209 30.428135 13.711027 6.335466 27.618620 -2.934715 0.528857 19.335646 -27.749111 -15.791489 -9.678026 23.209667 28.647482 12.727461 21.785761 12.707022 6.196844
22.189573 -30.808435 -18.605648 -27.998011 19.059071 12.369647 5.519686 29.704622 6.993142 4.018733 29.311829 -28.584341 -26.866932 -20.459362 30.279152 13.739739 6.617216 27.371029 -3.146130 0.077667 19.356411 -28.627758 -15.425516 -10.017043 23.239094 28.470207 13.103528 21.676432 12.340008 5.624071
21.777319 -31.983793 -18.048649 -27.812750 19.418814 12.000284 5.616590 29.145889 6.599145 3.945564 29.263491 -29.160698 -25.937965 -20.861507 30.281597 13.773150 7.013718 26.926451 -3.674107 -0.515501 19.275507 -29.652256 -14.793853 -10.202451 23.625919 28.226448 13.306237 21.578417 11.863564 5.210093
21.266418 -33.253357 -17.354021 -27.591679 19.819109 11.496384 5.487247 28.125412 6.085763 3.755937 29.339718 -29.825291 -24.906698 -21.455202 30.161869 13.887606 7.415954 26.169279 -4.416126 -1.461978 19.134304 -30.786711 -14.026263 -10.480003 23.963766 27.843269 13.682543 21.114582 11.209352 4.515283
20.803019 -34.666355 -16.482004 -27.358650 20.316608 11.245525 5.185206 27.166447 5.525024 3.449115 29.157539 -30.861301 -23.641186 -21.959045 30.325918 14.191914 7.483777 25.408564 -5.345257 -2.247859 18.738386 -32.057671 -13.172227 -10.706530 24.617702 27.680241 13.799343 20.873747 10.607430 3.777842
20.599138 -36.460114 -15.719437 -27.048307 20.753555 10.944944 5.169042 26.072308 4.882454 2.644732 29.335405 -31.759195 -22.491796 -22.539700 30.250490 14.562313 7.545317 24.643785 -6.398170 -3.125415 18.783522 -33.431805 -12.194168 -10.760654 25.440321 27.163969 14.229642 20.451014 9.883698 2.575248
20.183996 -38.350636 -14.757264 -26.865265 21.413801 10.809663 4.949929 25.076956 4.289012 1.937055 29.408371 -33.059986 -21.064661 -22.974421 30.512844 15.065749 7.574079 23.709948 -7.613922 -4.235530 18.833324 -34.883999 -11.211125 -10.711702 26.453957 26.675507 14.506540 20.103374 9.139276 1.549339
19.855850 -39.862316 -13.946465 -26.761299 21.785521 10.329755 4.665282 23.876997 3.676207 1.223760 29.263651 -34.325985 -19.802860 -23.314585 30.840483 15.286442 7.686544 22.768766 -8.777686 -5.106157 18.858572 -36.188446 -10.519807 -10.498846 27.251156 25.918634 14.690724 19.354517 8.582417 0.457643
19.416996 -41.341873 -13.501695 -26.388708 22.254766 9.787840 4.331389 22.480169 3.188635 0.410593 29.109591 -35.033993 -18.700388 -23.803017 30.807737 15.524098 7.535727 21.441076 -10.001147 -5.802297 18.649055 -37.585503 -9.813984 -10.285707 28.197807 24.986851 14.967097 18.502550 8.145119 -0.839294
19.340570 -42.896236 -12.599623 -25.992189 22.785780 9.274935 4.194730 21.159817 2.829031 -0.834783 28.803308 -35.897099 -17.406507 -24.019976 30.872663 15.425219 7.581657 20.039524 -11.091952 -6.327610 18.501200 -38.870232 -8.900982 -10.059880 29.322756 24.094893 15.130659 17.778965 7.718912 -2.112257
19.076866 -43.966301 -11.839912 -25.532724 23.388624 8.886763 3.869800 19.735514 2.487948 -1.928946 28.568306 -36.333145 -15.842937 -24.390802 30.912477 15.437587 7.514893 18.619459 -12.205550 -6.966430 18.596210 -39.800594 -7.626167 -9.942044 30.216963 23.036343 15.182187 16.429287 7.120056 -3.578923
19.041542 -45.155125 -10.913114 -25.221849 23.922340 8.609642 3.841911 18.813562 2.195223 -3.081277 28.269512 -36.520973 -14.538119 -24.804707 31.195099 15.719277 7.242368 17.901926 -12.955096 -7.388241 18.319206 -40.559044 -6.796950 -9.889991 31.046705 22.366789 15.150386 15.849551 6.815627 -4.380226
18.988749 -46.038200 -10.459132 -24.801075 24.182016 8.198269 3.548676 17.645182 1.889485 -3.820050 28.087032 -36.919491 -13.438073 -25.096245 31.337093 16.064735 6.851200 17.090258 -13.760963 -7.992914 18.476768 -41.186970 -5.699436 -9.931478 31.638645 21.664810 15.198323 15.195652 6.345040 -5.241592
18.921873 -46.622391 -9.759512 -24.653147 24.371937 7.574617 3.553236 16.527744 1.563266 -4.623731 28.114233 -37.094429 -12.346106 -25.505764 31.332790 16.182390 6.571339 16.197498 -14.553660 -8.562282 18.864820 -41.878986 -4.708796 -9.772882 32.260578 20.758709 15.408211 14.493523 5.961555 -6.065144
18.851057 -46.909306 -9.093080 -24.335236 24.870657 7.153416 3.220047 15.676985 1.431434 -5.297560 28.137589 -37.027523 -11.589412 -25.854408 31.265177 16.314367 6.282539 15.448400 -15.126174 -9.158738 19.128244 -42.034397 -3.867049 -9.550323 32.879372 20.250860 15.441340 13.922988 5.698873 -6.802008
18.612942 -46.951431 -8.886191 -24.016880 25.081022 6.712374 2.990371 14.929053 1.387888 -5.465293 28.251078 -36.868702 -11.270533 -25.981104 31.020847 16.292484 6.071332 14.730349 -15.423721 -9.560673 19.259718 -42.078251 -3.385372 -9.399038 33.238354 19.767347 15.568188 13.291228 5.495430 -7.330660
18.494331 -46.921795 -8.578423 -23.806686 25.323627 6.395867 2.808728 14.337348 1.277414 -5.599105 28.068140 -36.868599 -10.980517 -26.054777 30.961945 16.265574 5.920454 14.276455 -15.615775 -9.651682 19.250160 -42.010971 -2.933851 -9.318060 33.557453 19.601807 15.483953 12.929041 5.388702 -7.556876
18.447557 -46.820274 -8.568950 -23.692739 25.409407 6.091221 2.668358 13.874622 1.272345 -5.849374 27.961861 -36.708027 -10.806232 -26.091351 30.943850 16.250641 5.780432 13.894467 -15.717898 -9.778386 19.116310 -41.838612 -2.729584 -9.391834 33.591167 19.517824 15.472944 12.552255 5.333448 -7.740273
18.432753 -46.808968 -8.566852 -23.652996 25.437080 6.046678 2.609148 13.802161 1.281092 -5.850691 27.968355 -36.651302 -10.717309 -26.097136 30.952372 16.252855 5.776992 13.836273 -15.738442 -9.806815 19.139992 -41.857948 -2.647465 -9.372444 33.657967 19.472378 15.504793 12.477130 5.323271 -7.839719
18.609337 -46.746525 -7.571413 -23.713316 25.849781 5.935771 3.096815 14.115041 1.018118 -5.588867 28.015841 -36.649014 -10.069266 -26.221607 31.220734 16.513420 5.505844 14.131346 -16.070728 -9.453885 19.061489 -41.955593 -2.143726 -9.579426 33.784950 19.475683 15.769904 12.868493 4.968606 -7.622355
18.907755 -46.382797 -5.380956 -23.678080 26.800100 5.683686 3.830548 14.642200 0.455670 -4.712948 28.215967 -35.702732 -7.626794 -26.718054 31.885929 17.003986 5.030417 14.620062 -17.144798 -8.386069 18.980909 -41.812317 -0.433563 -10.056868 34.341187 19.446257 16.404682 13.719142 3.989094 -7.024765
18.961731 -45.520134 -2.368589 -23.534889 28.142857 4.835477 4.756409 14.703012 -0.107134 -3.450322 28.703054 -34.433670 -4.779672 -26.898846 32.665829 17.530672 3.980951 15.376907 -18.653151 -6.247090 19.276735 -40.699043 1.645175 -10.475002 34.754665 19.331207 17.118141 14.240398 2.640972 -6.193274
18.994261 -43.541229 1.587414 -23.396128 30.152725 3.718500 5.458086 14.832964 -0.839592 -0.902933 28.013588 -32.282051 -1.018159 -27.145891 34.352295 18.095665 2.505311 15.976571 -20.226425 -3.681298 19.314087 -38.510975 4.536347 -10.940684 35.669582 19.067047 17.807854 14.961133 0.731298 -4.258395
18.638542 -41.459301 5.633992 -22.858013 31.959337 2.641000 5.957016 14.886023 -1.452165 2.690691 27.839405 -29.414240 2.532140 -27.422586 34.930798 17.396168 1.847929 16.331293 -21.596107 -0.184377 19.034555 -35.361393 7.150919 -11.392203 36.674904 18.224659 18.387911 15.990991 -0.470157 -1.604928
17.551575 -39.068043 8.384637 -22.960897 32.681049 0.857505 8.162359 15.191800 -1.826669 6.234144 26.966190 -25.840734 5.136671 -26.889936 36.229851 15.909590 0.969982 17.359680 -21.646017 3.658476 17.458544 -31.153675 8.554997 -11.026648 38.761265 16.328236 18.217628 17.723885 -0.370740 2.443876
14.967499 -32.975685 12.997474 -23.835947 35.192577 -1.755221 10.856993 15.262302 -2.090863 8.925965 23.169697 -21.803806 10.613464 -26.275017 39.972748 13.417665 1.415451 17.582512 -22.252197 8.702313 15.220307 -25.595526 10.610860 -10.443138 42.451225 12.350639 19.443579 19.863489 -0.981027 6.826952
12.501652 -25.441986 17.524311 -24.902998 37.601128 -3.552578 12.387151 14.927835 -3.035635 12.757133 18.960434 -18.535685 14.061826 -24.412106 42.718533 9.746346 2.639290 15.931446 -21.657988 14.981427 13.105068 -18.210068 11.624124 -10.101717 45.453159 7.833588 19.987751 20.888220 -1.399207 10.013998
8.726252 -16.096230 22.120634 -27.237509 38.696545 -6.414719 13.130539 12.672488 -4.545619 18.305635 13.994558 -14.001656 16.498999 -21.603136 44.889034 5.418966 1.953526 13.313459 -19.839781 22.543337 10.373921 -8.434414 14.115656 -11.302747 48.832489 2.918427 18.492523 20.230551 -2.147866 11.101252
7.149047 -7.500221 24.465855 -27.247620 38.917892 -7.823767 11.228123 9.257747 -3.690421 22.409433 9.995274 -10.255740 19.776394 -18.513474 47.341545 0.965677 2.955616 9.968019 -16.468592 27.866951 9.048204 1.625340 17.061363 -11.853522 52.587002 -1.676728 16.216015 17.185019 -2.092485 10.524748
9.135122 0.464374 22.165611 -26.244759 36.308144 -9.791166 8.226997 5.603176 -4.198324 26.050196 10.133728 -8.579313 18.130379 -14.479417 47.612896 -4.086560 3.974814 6.421503 -12.228734 29.589334 10.117800 9.915517 16.457031 -10.779822 53.568714 -5.390015 12.813807 13.900475 -2.175344 12.765975
12.600038 6.492735 16.220646 -24.415417 32.998951 -12.817988 4.722145 2.683086 -5.244710 29.861526 12.417699 -7.917225 14.222570 -10.665590 46.777458 -10.368822 5.309741 2.959907 -8.079640 29.015467 12.829276 15.373067 11.842319 -9.310040 51.700542 -8.548419 9.260674 11.213860 -1.968006 14.940296
18.434658 8.753133 11.785494 -23.688454 29.598370 -15.756628 1.442319 -0.904271 -7.915801 29.692629 15.586620 -7.213681 11.162985 -6.792374 46.223560 -15.721504 4.732709 -1.807589 -5.378145 26.951097 17.422537 17.347767 9.731355 -7.851295 50.211521 -11.279746 3.995900 5.828277 -4.514583 16.076056
23.007599 9.818463 8.800416 -22.264357 27.627119 -17.595882 -1.015060 -3.679224 -10.203516 27.110617 19.857605 -6.010818 9.886551 -4.310580 45.114498 -18.940483 2.953521 -6.049232 -4.785935 23.247316 21.454313 16.341177 8.597061 -8.016083 46.560524 -11.913683 -0.322587 0.209236 -8.429545 16.006552
28.383755 11.191862 6.899071 -21.300800 26.279749 -19.148636 -3.597021 -7.252785 -13.474184 21.946222 24.998627 -6.071209 8.280235 -2.605033 42.574978 -21.252178 0.512055 -9.707357 -5.794404 19.519293 25.545759 15.142323 6.511335 -8.455613 42.317780 -11.502237 -3.953100 -3.635516 -10.903479 15.366578
34.308441 12.907175 4.909572 -20.053699 24.757483 -20.394735 -6.537016 -10.361303 -14.856963 15.642723 30.460627 -5.357224 7.676114 -0.528691 40.057644 -23.181053 -2.977587 -14.401133 -6.184970 16.719107 30.859072 13.959339 4.086049 -8.872304 36.881210 -10.780585 -7.196846 -6.539689 -11.474380 14.863231
37.228352 13.233702 3.016984 -19.352463 24.072300 -20.551338 -9.327499 -12.962270 -16.113653 11.308089 33.550480 -4.906103 7.032314 1.005112 39.054790 -23.875839 -6.954025 -18.204994 -5.731499 13.977081 35.360344 13.652590 3.060305 -8.318422 34.238308 -10.270446 -10.755308 -9.784052 -13.121737 15.325693
39.758720 12.061188 0.387349 -18.664619 22.318386 -20.402382 -10.370586 -14.011987 -17.012957 8.748347 36.167362 -5.707389 5.822823 2.548707 37.914310 -24.020622 -9.106703 -20.333977 -5.544300 11.738362 38.339542 12.593185 1.572335 -7.625778 32.196995 -9.748652 -12.553762 -11.048483 -13.473577 15.252017
40.983429 11.928307 -1.783306 -18.320610 20.803646 -20.527304 -10.463144 -14.755318 -17.194353 7.848938 37.489311 -5.889908 4.357924 2.963581 36.427334 -24.406157 -9.662644 -21.479044 -5.324977 10.780971 39.712234 11.677629 0.594962 -7.700715 30.234125 -9.865672 -13.779095 -12.278425 -13.942274 15.735534
41.107681 11.798080 -2.356256 -18.231951 20.469284 -20.608253 -10.520521 -15.067855 -17.155823 7.536822 37.909920 -5.871894 3.962367 2.985249 35.923370 -24.577478 -9.881943 -21.840561 -5.080779 10.346218 39.982910 11.460666 0.575969 -7.919286 29.620520 -9.953631 -14.121313 -12.800583 -13.931476 15.649381
41.031849 11.771125 -2.239955 -18.237715 20.601635 -20.650249 -10.463815 -14.970475 -17.199984 7.610587 37.715847 -5.916099 4.033422 2.867011 35.968052 -24.591888 -9.748772 -21.779070 -5.232449 10.432174 39.820877 11.482919 0.428560 -7.953408 29.738808 -10.022707 -14.010026 -12.561805 -13.989929 15.731007
40.827618 11.710227 -1.787060 -18.291279 20.966478 -20.667233 -10.623753 -14.803947 -17.479658 7.876330 37.195259 -6.167974 4.153544 2.781706 36.369976 -24.701889 -9.494393 -21.488169 -5.524477 10.640716 39.463493 11.448964 0.209696 -7.983470 30.067392 -10.198061 -13.928229 -12.154976 -14.299463 15.932472
40.408379 11.572052 -0.792075 -18.499544 21.522781 -20.769812 -10.797835 -14.721018 -17.705379 8.037457 36.457756 -6.596488 4.592628 2.425731 36.801903 -24.880754 -9.004496 -21.154715 -5.982210 10.893241 38.715340 11.398997 0.229673 -8.158979 30.810686 -10.580566 -13.686299 -11.506360 -14.533706 15.808002
39.616909 11.784527 0.163665 -18.982155 22.230322 -21.060049 -10.852489 -14.495076 -18.346884 8.555120 35.337555 -7.054426 5.472034 2.061063 37.776627 -25.183968 -8.321799 -20.667114 -6.364716 11.167073 37.694736 11.322591 0.594839 -8.582712 31.883783 -11.354006 -13.372166 -11.157896 -15.662611 15.992990
38.135342 12.006220 1.109075 -19.533194 23.178263 -21.565794 -10.708528 -14.131117 -18.708761 9.333459 33.828400 -7.528224 6.185348 1.212573 38.382305 -25.622335 -7.262393 -19.912306 -6.547250 11.745798 36.601490 11.160060 1.191712 -9.300135 32.706993 -12.419169 -13.200527 -10.835084 -16.451191 16.044697
36.808502 12.268779 1.648978 -19.864580 23.956615 -21.952200 -10.445881 -13.711576 -18.916430 10.385595 32.026745 -8.185391 6.430326 0.605271 39.384308 -26.178217 -5.600529 -18.981579 -6.757718 12.207347 35.040070 10.837775 1.218525 -9.936199 33.747810 -13.747027 -12.401873 -10.643633 -17.219639 15.809859
34.945808 11.923438 1.792251 -20.224733 24.569281 -22.747814 -10.157153 -13.136393 -19.066776 11.730694 30.421232 -9.097538 6.692371 -0.217832 39.936958 -26.988258 -3.535365 -17.920214 -6.868750 12.107800 33.595722 10.118690 1.533820 -10.548513 34.637222 -14.918175 -12.110408 -10.378168 -17.864986 15.604237
33.290348 11.238403 1.612072 -20.409540 24.992565 -23.501701 -9.622430 -12.914136 -19.786869 13.324881 28.945353 -10.369173 6.651889 -0.551736 40.666218 -27.749128 -1.568919 -16.893129 -6.758741 12.155908 32.174774 8.702468 1.552340 -10.827701 35.896042 -16.647247 -11.557685 -10.015493 -18.903942 15.360507
31.513613 10.371395 1.208606 -21.021471 25.140078 -24.254551 -9.104231 -12.683975 -20.830688 14.759521 27.078825 -11.372099 6.976318 -1.197360 41.485268 -28.404816 0.365276 -16.093178 -6.880005 12.226297 30.374989 7.642204 1.683918 -11.098465 36.958847 -17.834976 -10.900093 -10.068489 -19.709652 15.207053
29.318266 9.078620 1.122385 -21.312157 25.771618 -24.879957 -8.594035 -12.417162 -21.582335 16.536383 25.386606 -12.114835 7.333909 -2.057399 42.217781 -28.520868 2.368026 -14.932629 -7.158272 12.519300 28.812273 6.529812 2.065872 -11.146597 38.519562 -19.054646 -10.203494 -9.807306 -20.785194 15.238585
27.117052 7.874343 0.832787 -21.722780 26.478352 -25.168829 -8.137158 -11.913114 -22.232962 17.919344 23.885729 -13.679991 7.629630 -2.712234 43.062466 -28.336845 4.342159 -13.719088 -7.355158 12.517671 26.799658 4.925304 2.560851 -11.420373 40.172302 -20.251944 -9.493661 -9.948050 -22.206619 14.932269
25.222540 6.794015 0.972879 -21.857857 27.145941 -25.533037 -7.715308 -11.697409 -22.964138 19.419600 22.516479 -14.712315 8.037060 -3.330701 43.784084 -28.299490 6.038634 -12.738148 -7.264428 12.457170 25.286661 3.932401 3.087826 -11.524172 41.621140 -21.264851 -9.100370 -10.004044 -22.856007 14.421518
23.551218 5.771747 1.110216 -22.238724 27.669920 -26.022005 -7.413096 -11.397283 -23.783205 20.821512 21.136269 -15.936953 8.366801 -3.590799 44.685661 -28.380590 7.649426 -11.894736 -6.847987 12.578498 24.088425 2.288937 3.952336 -12.073718 42.606884 -22.431532 -8.491798 -10.295425 -24.465229 14.008099
21.913330 4.690796 0.901717 -22.860197 28.135780 -26.453386 -7.157078 -10.953871 -24.835928 22.038319 19.530474 -17.105808 8.730721 -3.704406 45.997009 -28.376690 8.982370 -11.039934 -6.261310 12.719782 22.723166 0.454195 4.773423 -12.517970 43.826912 -23.546627 -8.066070 -10.427695 -25.907860 13.485156
20.994682 3.836884 0.307573 -22.929150 28.472927 -26.814924 -6.716842 -10.447274 -24.976442 22.268545 18.790022 -17.876923 9.159932 -3.750181 46.962559 -28.376120 9.941859 -10.539158 -6.108862 12.359763 22.249628 -0.419410 5.723903 -12.453999 44.799568 -23.929893 -8.051126 -10.570983 -26.793987 13.046628
20.372957 3.457080 0.158788 -23.065382 28.758144 -27.056583 -6.662077 -10.246693 -25.214680 22.432606 18.021013 -18.784212 9.591939 -3.877801 47.431770 -28.382433 10.719728 -10.594181 -6.285339 12.168424 22.056093 -1.319151 6.738313 -12.470843 45.503963 -24.267242 -7.893496 -10.776874 -27.532429 12.531323
19.698311 3.049759 -0.031541 -23.294674 28.868021 -27.241268 -6.535682 -10.086720 -25.508375 22.589209 17.583351 -19.365099 9.867955 -3.904887 47.864025 -28.438168 11.144851 -10.554103 -6.367749 11.927644 21.744545 -2.171226 7.376252 -12.462401 45.898735 -24.257143 -7.759184 -10.997257 -28.200386 12.490763
19.143919 2.812913 -0.255776 -23.456390 28.918194 -27.425413 -6.307788 -9.903359 -25.636824 22.690239 17.295246 -19.661821 9.941515 -4.029135 47.960186 -28.552017 11.390042 -10.613748 -6.444211 11.774617 21.442308 -2.710434 7.628511 -12.690260 46.009888 -24.385670 -7.519054 -11.070436 -28.495550 12.291419
18.621450 2.707694 -0.267253 -23.603071 28.956234 -27.455887 -6.162055 -9.762046 -25.589720 22.860413 16.956312 -19.644871 10.099260 -4.214813 48.110611 -28.488586 11.647961 -10.607870 -6.583660 11.664136 21.174870 -3.010343 7.906237 -12.755866 46.235825 -24.486702 -7.205686 -11.142180 -28.672396 12.090884
18.542835 2.679641 -0.332095 -23.665150 28.904419 -27.442844 -6.112438 -9.699739 -25.632910 22.869722 16.912951 -19.742064 10.097795 -4.275194 48.101780 -28.468113 11.771592 -10.542128 -6.636492 11.638186 21.137636 -3.083337 7.973625 -12.764509 46.258884 -24.474100 -7.150223 -11.157859 -28.727743 12.110673
18.266394 2.711982 -0.287083 -23.718916 29.028698 -27.446863 -6.161726 -9.638740 -25.484747 23.109201 16.737970 -19.729406 10.045241 -4.207481 48.261208 -28.507160 11.867732 -10.309537 -6.502219 11.834330 21.024355 -2.962830 7.819547 -12.759059 46.289833 -24.526619 -7.032340 -11.014433 -28.564693 12.086827
17.480295 2.842441 -0.006464 -23.565271 29.381218 -27.564478 -5.987092 -9.446189 -24.873404 24.142492 16.203953 -19.683945 10.118329 -4.247396 48.608845 -28.668131 12.115492 -9.724433 -6.273748 12.567241 20.637234 -2.396504 7.524828 -12.806293 46.367432 -24.819305 -6.877470 -10.548057 -28.197535 12.342069
16.535357 2.938703 0.671759 -23.622385 29.944429 -27.680513 -5.806484 -8.614393 -23.891317 25.352858 15.706132 -19.237741 10.316446 -4.779145 48.699158 -28.604824 12.252771 -8.885453 -6.323956 13.340244 19.907036 -1.551810 7.343496 -13.130498 46.570724 -25.442781 -6.732974 -9.467837 -27.916153 13.296744
15.198659 4.321497 1.880511 -24.458008 30.082468 -28.193504 -5.323865 -8.127333 -23.248232 27.502617 14.868458 -18.761772 10.830907 -4.999709 49.168812 -28.863647 12.240195 -7.770563 -6.325054 15.188647 18.484642 -0.562078 6.402075 -13.269341 46.771080 -26.046190 -6.356682 -7.917210 -26.813036 14.633287
14.013893 5.410848 3.283108 -24.778194 30.770908 -28.270906 -4.714798 -7.021750 -22.562904 29.769995 13.799466 -17.185230 10.721648 -5.743303 49.238121 -28.922258 11.816579 -6.478120 -6.296400 17.169481 16.913816 1.049174 5.470015 -13.210476 47.003407 -26.430004 -5.450567 -6.228303 -25.035198 15.829247
12.566849 5.865754 5.260430 -24.523584 31.830021 -27.562666 -4.089776 -5.882157 -21.929478 32.362095 12.474054 -15.729313 10.879349 -6.620204 49.251957 -28.015991 10.894941 -4.259912 -6.628982 19.636885 14.935883 3.485322 4.644736 -12.362789 48.335155 -26.205742 -4.293727 -2.961041 -22.662983 17.283596
11.157328 6.423261 7.732488 -24.056347 33.200985 -27.133511 -2.901771 -4.125576 -21.407320 35.010277 11.145456 -14.585777 12.188089 -7.258299 49.566544 -27.026960 9.537764 -2.181740 -7.538089 23.273664 14.030405 5.256746 4.639081 -12.240577 49.061363 -25.151367 -2.723606 0.707596 -21.310005 18.406237
10.761647 5.881331 11.597981 -23.415285 35.465511 -25.581400 -2.669355 -1.961138 -21.128965 37.134323 10.134057 -14.779522 13.138618 -6.351882 50.962704 -26.028345 8.505443 0.496021 -7.065707 26.261719 14.028426 7.010821 6.337712 -11.470169 50.627598 -24.219507 -1.633622 3.239135 -19.603329 18.596455
11.789670 4.292974 15.254177 -22.777100 36.900257 -25.094658 -2.008775 -0.834955 -20.997259 37.448425 10.182611 -15.187070 14.065732 -5.358908 52.550777 -24.295734 8.454145 4.575567 -5.990084 28.367445 14.315732 6.737369 7.680306 -10.010618 52.743015 -23.157497 -0.656908 5.874963 -18.522568 18.485260
14.933679 1.248685 18.723015 -21.673513 37.866413 -24.345087 -0.473069 0.593115 -20.266506 35.489956 13.133321 -15.624673 15.204585 -3.494244 54.291195 -21.021259 7.628991 9.871106 -4.855366 29.579874 18.034304 5.826114 9.506266 -8.162986 54.162979 -21.352030 0.588024 9.281057 -17.644270 16.433262
19.341675 -1.658569 21.423069 -21.068146 37.364944 -23.094740 1.167047 1.051017 -18.834028 31.803541 16.711647 -17.319290 17.060989 -3.300867 54.271301 -16.934149 7.104507 13.331590 -5.487225 29.993538 21.475958 4.555111 10.348697 -6.417302 54.278336 -18.835264 1.551071 11.882254 -15.840886 14.466076
25.451576 -5.569326 22.650856 -19.458008 35.778725 -20.619623 2.182819 1.925817 -16.051491 27.266878 22.784973 -19.572641 17.937683 -2.238232 51.812740 -12.430918 6.706055 14.676349 -5.449584 28.154320 26.299099 2.078574 10.520667 -5.246027 53.353745 -15.866658 3.261944 16.610430 -14.686088 13.666387
29.315210 -10.341510 22.564243 -18.224215 33.568596 -17.684025 2.472632 2.478744 -14.094098 24.649401 29.053209 -21.259399 18.077026 -1.361591 48.992264 -7.285535 5.022957 14.760732 -6.173779 25.710838 29.818945 0.364860 11.246598 -4.655432 52.138741 -12.838269 4.280233 18.905949 -13.475173 11.058812
33.158802 -14.941530 20.405361 -17.080385 30.592793 -14.252996 4.992203 5.391954 -10.341415 22.276922 32.822231 -22.817987 15.976483 -0.970420 46.828712 -2.499017 3.815038 16.129007 -6.161953 24.513010 33.971272 -3.234148 9.296968 -2.966067 50.368034 -10.330647 5.614048 20.573853 -11.458200 8.119857
34.841118 -18.564505 14.739318 -16.188875 30.873161 -10.293959 10.104394 17.873453 1.966937 12.314260 37.657459 -19.668081 11.160948 -9.908108 41.240501 1.498751 2.751014 22.072714 -9.451754 16.604883 32.268200 -12.925530 6.125872 3.741509 45.171989 0.593281 14.501889 22.931490 4.029227 12.150857
36.132759 -23.544077 11.204184 -16.666859 29.339426 -4.869522 11.759211 23.416729 5.857006 8.469954 40.930439 -20.110395 5.653847 -12.582232 37.368732 7.516020 1.063605 25.221975 -10.281764 14.075810 33.154144 -16.940544 2.681322 5.325092 42.501266 6.253188 14.598186 25.904900 8.208098 11.351598
36.303989 -29.645365 5.267278 -18.547081 26.479343 -0.575256 12.167299 27.523148 5.346257 8.723984 43.952362 -20.663406 -1.273581 -16.487461 31.301006 12.586111 0.879648 27.874403 -12.351121 11.990138 35.578453 -21.834074 0.432945 3.738617 37.645977 12.314323 14.761662 27.408434 8.507995 10.069072
35.330360 -33.816246 -3.139504 -18.618549 22.586105 1.430412 10.090894 27.781799 4.607734 10.693865 44.218269 -20.985966 -10.266363 -20.483582 25.572174 16.846853 -0.071563 28.523369 -13.318364 10.138843 34.008472 -27.408100 -4.958272 0.526000 31.167845 16.974583 14.992723 27.515217 8.254017 11.016522
33.270573 -35.335495 -11.241899 -18.710243 19.225424 3.427850 6.908661 26.223007 4.306461 12.617267 43.937496 -20.053808 -19.799971 -22.790693 19.965015 19.242453 -0.836808 26.734541 -12.318685 7.593753 31.167015 -32.354179 -10.594141 -2.616521 25.517591 19.272223 15.645540 25.130560 8.371358 9.434907
28.320829 -35.874580 -19.745899 -18.236856 18.248138 4.432468 4.941778 25.702154 3.346845 17.521505 40.600719 -20.748695 -30.036261 -24.253826 15.658043 18.340092 1.979536 22.622492 -12.419816 6.696317 27.776194 -37.769894 -17.327417 -4.175952 22.397287 18.823456 18.471853 20.818781 9.515924 7.327711
24.530792 -35.836040 -26.507397 -17.867073 16.613459 4.936478 3.779883 24.466599 4.980840 17.830452 38.793121 -20.046299 -36.665058 -24.807610 13.178263 16.816019 4.178944 20.787573 -9.272839 4.628855 24.915239 -37.745953 -22.496334 -4.803338 19.946833 18.727610 18.118847 16.881578 12.813728 5.766065
22.594522 -33.909996 -32.526958 -17.562128 14.813195 4.434559 1.878451 21.427113 7.567830 15.432366 36.601925 -18.569715 -41.207943 -25.470816 11.408298 14.833491 5.779803 18.884508 -6.644670 3.085738 22.305706 -35.925667 -27.382002 -5.030889 18.192268 18.519667 16.179741 13.075079 16.081306 4.543720
22.997032 -31.142799 -35.945751 -16.507137 14.261051 4.984179 -1.160347 19.489248 9.967379 12.884025 35.274330 -18.129318 -44.629368 -24.902180 11.058716 14.061170 5.688401 15.476904 -5.140680 0.083699 22.599192 -35.058327 -29.475822 -4.021374 17.909855 19.068008 14.492383 11.074270 18.621048 2.420760
22.679832 -27.987902 -39.868912 -15.043930 14.923123 5.970368 -4.817623 17.749702 12.820727 10.129547 33.045120 -17.967922 -48.476795 -23.202730 11.752336 12.192898 5.610779 12.323191 -3.463929 0.282658 22.607752 -32.293808 -32.853252 -2.432746 16.795519 20.414316 11.436494 8.154065 20.779127 2.567707
21.998602 -23.986315 -43.447926 -14.587607 15.319879 6.974316 -8.095747 15.054096 14.368222 6.380105 29.738518 -18.296129 -50.927959 -20.928604 12.835207 9.651844 3.686272 8.955972 -1.716144 1.480375 21.112951 -26.684498 -34.907997 -1.427087 16.661486 20.469786 8.882397 5.056978 22.602957 4.146662
19.456234 -20.199121 -46.605682 -13.769751 16.194328 8.488566 -11.122953 11.886979 13.878411 6.489195 26.771786 -18.105623 -53.265934 -17.934809 15.302734 7.612233 1.040667 6.335078 0.820534 2.228146 18.829863 -22.939381 -37.465290 -0.249780 17.115292 21.395483 5.884352 3.279878 23.823109 7.035937
17.192833 -18.781593 -48.588844 -12.964052 16.560942 8.985947 -13.144536 9.193771 12.827759 7.963241 23.957148 -16.696346 -55.669582 -17.244505 15.894030 5.795025 0.552621 3.260810 2.787859 1.299706 17.600769 -20.383224 -38.381645 -0.417640 16.447708 21.540199 3.667631 -0.037215 24.050159 9.633228
15.209440 -16.443287 -48.897884 -11.930971 18.157536 9.676208 -14.810454 7.556954 11.678367 11.468610 20.574324 -15.606576 -57.798714 -16.405207 16.120476 3.581437 0.505169 1.858082 4.707750 3.648283 15.714737 -16.921505 -39.865814 -1.487996 14.492525 21.998943 1.783256 -2.605657 24.760649 13.585958
12.790163 -13.550404 -48.500462 -11.317217 19.563480 9.531677 -16.268822 6.512324 11.566995 16.103861 17.157701 -15.552322 -60.569767 -15.754397 16.512774 1.993398 -0.076653 2.026875 7.004449 6.657392 12.398392 -13.437732 -41.795631 -2.981517 12.641372 22.599970 0.548490 -4.428166 25.322487 17.605873
10.396566 -10.049015 -48.382030 -10.615196 20.624527 8.287942 -16.331837 5.523295 12.116869 19.764505 13.813842 -14.803416 -61.948669 -15.923805 16.534449 0.340619 -0.257090 1.955662 8.560187 10.094006 9.901295 -10.992141 -42.497231 -4.338897 11.263942 22.233866 0.397502 -6.291203 25.207085 20.425983
7.667623 -6.584321 -47.745090 -10.768846 21.270767 7.630472 -17.226912 4.250072 12.125917 23.437613 10.597921 -13.914848 -63.015690 -16.066721 16.368319 -0.834094 -0.343444 1.365272 9.261609 13.305513 6.785358 -9.882485 -43.621876 -5.119838 11.014414 20.605349 1.258327 -7.597035 25.135540 22.815121
6.218166 -3.816582 -46.770641 -10.980824 21.585609 6.619672 -18.823582 3.066844 12.529559 26.609800 8.159362 -13.045739 -63.229431 -15.699370 16.763783 -2.737232 0.155212 0.054630 9.552691 16.094698 3.392019 -8.822912 -43.955727 -5.668947 11.259571 19.172009 1.538039 -9.136900 24.938299 25.136118
4.589491 -1.133565 -45.099457 -11.520411 22.108427 5.691759 -19.323092 2.724855 12.225879 30.037619 5.205010 -11.236316 -63.164185 -15.600947 17.380526 -5.371967 1.412655 -0.696534 10.168786 19.653166 0.625162 -6.686236 -44.044334 -5.743330 11.870435 17.872150 1.643197 -9.633350 25.240360 28.166361
2.332697 1.017181 -42.683807 -11.815042 23.016407 3.313437 -18.716862 1.937376 12.576463 33.065910 2.379653 -9.551947 -61.482124 -16.092136 18.180105 -7.526459 2.464826 -1.565413 10.266394 21.897699 -1.895050 -4.167768 -43.142868 -5.515864 13.618552 15.989918 2.256598 -9.927584 25.819637 29.923759
-0.080152 2.719226 -40.344173 -12.178020 24.202290 1.278024 -17.504873 1.938265 13.250977 36.009235 0.173037 -6.839902 -59.398827 -16.545404 19.057421 -9.671173 3.259174 -1.966370 10.648208 24.519279 -3.903821 -1.318957 -42.958733 -5.526759 14.874866 13.615890 3.744103 -10.023837 26.421238 31.563213
-1.791153 4.065844 -39.324554 -12.585203 24.739662 -0.156850 -16.507753 1.799399 13.650747 38.121277 -1.600795 -4.912293 -57.597031 -16.940275 19.741314 -11.055893 4.060812 -2.548081 10.270705 26.302368 -4.941874 0.414592 -42.334312 -5.684255 15.601588 11.907140 4.852017 -10.347331 26.469269 32.511669
-3.207411 4.846943 -38.629169 -13.082231 25.010284 -1.457920 -15.211126 1.453940 13.771894 39.181774 -2.668988 -3.034587 -55.586182 -17.691572 20.158358 -11.812626 4.758395 -3.149253 9.660249 26.970991 -5.781469 1.393519 -41.695793 -5.784693 16.385832 10.276634 5.842488 -10.873919 26.348478 32.793804
-3.751550 5.701665 -38.222645 -13.419549 24.964300 -2.373643 -14.377476 1.220356 13.813850 39.892616 -3.229681 -1.828728 -54.353817 -18.126581 20.474066 -12.203020 5.298066 -3.283108 9.283456 27.426529 -6.106454 1.916742 -41.074223 -6.127849 16.636549 9.044001 6.897016 -11.102256 26.026247 33.028522
-4.000219 6.091521 -37.891346 -13.646063 24.897661 -3.093089 -13.752216 1.010048 13.803755 40.134094 -3.617270 -1.051232 -53.668983 -18.419392 20.577156 -12.530972 5.598195 -3.507054 9.021224 27.842113 -6.351874 2.348649 -40.689274 -6.264146 16.815500 8.225315 7.458681 -11.230911 25.854881 33.401630
-4.133238 6.225222 -37.822201 -13.749661 24.850761 -3.338674 -13.514556 0.869007 13.787256 40.144531 -3.699756 -0.765842 -53.466209 -18.509907 20.618032 -12.610666 5.725817 -3.631822 8.915654 27.886061 -6.403778 2.490170 -40.582855 -6.309678 16.888941 7.955593 7.678019 -11.360043 25.778280 33.413509
