33.799248 17.041203 -3.894307 -11.831462 4.490028 -21.692728 38.733021 -16.540646 -0.295983 28.472988 35.998222 11.697008 13.628673 -30.040592 4.099649 -33.985287 26.767778 0.332330 -5.781501 34.103359 31.565947 17.446531 -7.940750 -19.281887 18.034449 -31.031588 28.821215 -0.906113 -8.906894 22.280613
33.365135 16.801521 -3.850697 -11.679877 5.045122 -21.063168 38.848415 -15.961794 0.332143 28.785395 35.455647 12.000331 12.909122 -30.398106 4.414425 -33.392757 26.175632 1.307607 -5.543142 34.635361 30.906851 17.670446 -8.441301 -19.434721 18.168194 -30.736176 28.897978 -0.287702 -8.425210 22.256042
31.924902 16.547710 -3.949855 -11.647984 5.915450 -19.817703 39.256573 -14.824521 1.761188 29.336077 34.233490 12.501156 11.524415 -30.921358 4.924352 -32.204823 24.801563 2.828456 -5.137997 35.741081 29.442440 18.166830 -9.241452 -19.804237 18.374590 -29.918844 28.832161 0.844725 -7.533952 22.653772
30.475290 15.994269 -4.556514 -11.791611 7.063918 -18.233564 39.852089 -12.294723 3.349106 29.930134 32.975716 13.205199 9.339681 -31.766376 5.117532 -30.310747 23.171101 4.962529 -4.832446 37.130478 27.744461 18.487690 -10.930788 -20.909660 18.149214 -28.830446 29.246054 2.660356 -6.611592 23.002728
28.457100 14.852809 -4.750565 -11.936891 8.151104 -16.547506 40.856747 -10.179959 5.132865 30.587843 31.309849 13.525347 6.720176 -32.580585 5.342406 -28.675125 21.594654 6.943801 -4.207226 38.216026 25.156633 18.615326 -12.970461 -22.332930 17.898609 -27.640821 30.237032 4.935282 -5.688475 23.248871
25.355539 13.879744 -5.214012 -11.823500 9.664441 -14.647918 41.492435 -8.070877 7.379479 31.303814 29.192293 14.288915 4.701837 -33.895725 5.787756 -26.308664 19.944817 9.245313 -3.263286 38.838902 22.038845 19.642307 -14.884200 -23.789974 17.622444 -25.903126 30.641315 6.713062 -4.357871 23.283260
22.638273 13.359281 -5.965583 -12.554978 10.566669 -13.235608 42.623234 -6.094374 8.829008 31.554880 27.078985 15.442571 2.799321 -35.096226 5.996763 -24.646490 18.391140 10.809330 -2.669246 39.308411 19.160645 19.965937 -16.224432 -25.610176 17.035978 -24.641462 31.236849 7.605690 -3.829009 23.146507
20.514437 13.733482 -6.477225 -13.823304 11.017445 -11.612688 43.261337 -4.457745 9.983944 30.799652 25.180769 16.743601 1.156484 -36.196537 6.089345 -23.263916 16.695599 11.671274 -2.441329 39.548164 16.509699 20.298975 -17.113688 -26.685591 17.185215 -23.887022 31.468454 8.400472 -3.428986 23.430107
19.207026 13.819871 -6.647847 -14.570517 11.438572 -10.188887 43.583061 -3.326869 10.908875 30.030018 23.764929 17.676468 0.463842 -36.679798 6.671644 -22.205427 15.470001 12.297573 -1.871542 39.544567 14.680579 20.371819 -17.777319 -27.304640 17.323376 -22.865700 31.335342 9.040752 -3.041891 23.586346
18.502867 13.728445 -6.764106 -14.998303 11.640853 -9.401721 43.708977 -2.668023 11.296779 29.532824 23.306284 18.168232 -0.001361 -36.945370 6.841979 -21.620190 14.871947 12.616089 -1.552143 39.213310 13.562304 20.152643 -18.370272 -27.940737 17.068264 -22.207304 31.434416 9.386554 -2.957014 23.453022
18.560112 13.485423 -5.772854 -14.946429 12.247046 -9.352001 43.548969 -2.593162 11.021441 29.630171 23.341778 17.960039 0.858494 -36.752960 7.379499 -21.050066 14.400632 12.810530 -1.839010 39.414692 13.671618 20.426085 -17.565100 -28.165627 17.204609 -21.515413 31.122208 9.666533 -3.256885 23.572876
19.954449 10.888425 0.856459 -15.485397 15.334766 -8.360886 41.705338 -1.791753 7.954970 29.034864 24.523848 16.861313 6.579833 -36.383659 9.424611 -16.709433 11.134025 12.844863 -4.856739 39.012863 14.952289 20.368450 -11.892632 -29.317890 18.242266 -17.283529 29.080494 11.323541 -6.228932 23.589329
21.880959 8.045133 9.140478 -18.584085 18.963341 -6.474059 37.986107 -0.489388 1.233291 25.226446 27.353271 13.784648 13.597110 -36.309216 12.345962 -9.474932 4.570504 12.288807 -10.657498 36.683376 15.742089 16.139078 -3.982518 -30.834505 20.558443 -10.687655 26.130531 14.017920 -11.420116 22.766949
23.062216 -2.069279 17.969114 -18.973505 26.087654 -3.391008 32.006134 -0.421488 -5.365572 19.935825 28.593681 3.804172 20.591286 -36.293728 18.313074 -1.466776 3.142337 15.317335 -13.043336 29.445293 17.948797 8.508684 2.181877 -26.341116 29.074083 -4.569509 23.561817 20.916126 -10.020082 16.512907
19.023045 -13.963919 21.051420 -18.470894 34.135483 0.256281 24.043377 2.140414 -9.199148 17.051420 23.174576 -13.044198 26.535841 -32.808567 27.058344 4.548944 6.751172 16.574606 -10.225478 21.123842 16.237473 -1.958650 6.993968 -18.014702 41.148849 -1.664176 20.910910 23.939005 -6.299005 7.801092
12.278699 -21.537655 22.029465 -18.369114 40.155266 7.535140 19.426304 6.773921 -5.464780 16.331829 15.628062 -20.775076 24.673786 -29.283169 36.334030 9.018544 4.487212 19.269375 -5.209375 17.084795 9.592123 -13.415044 6.218083 -12.751418 48.922874 1.555256 17.491486 25.469154 -2.489184 5.289172
5.927564 -19.415371 17.999817 -22.225439 42.016560 12.965044 17.692797 12.705114 -0.734243 12.090577 6.247579 -23.662502 17.032202 -27.412876 39.874584 12.384829 1.064944 21.161572 2.120641 17.169178 -0.287679 -16.400053 2.575145 -13.142076 49.624458 7.293993 14.174219 25.321678 1.137119 8.154998
0.707757 -14.835724 14.081443 -27.623762 40.871510 18.427444 14.392164 14.066595 0.416013 9.114623 -1.100835 -19.509228 10.868386 -28.688658 41.850189 15.584089 -3.988559 22.592775 7.041438 18.438761 -6.811405 -13.057706 -0.204512 -16.914209 47.863285 13.295118 10.031865 24.444813 3.405078 8.574543
-1.111861 -9.843111 12.904041 -30.104319 40.095055 21.506136 10.765209 12.794226 0.395254 9.197809 -4.110070 -16.164547 8.892231 -30.594210 40.456024 17.931965 -5.598144 20.923740 7.758809 18.312849 -10.201748 -9.382607 -0.819356 -20.657068 45.265312 17.054976 8.073557 21.699802 4.108308 7.442126
-1.732427 -6.493851 11.676692 -31.346601 38.933235 22.033268 9.328759 11.070786 -0.299749 9.713323 -5.201171 -12.896200 8.931276 -32.253544 39.416275 18.863094 -6.074021 19.049980 7.549132 17.307310 -11.990556 -7.025674 -0.902793 -23.434401 42.683647 18.608946 7.284370 19.115404 3.881447 7.203449
-1.688860 -5.906086 11.288301 -31.387552 38.715591 21.953539 9.182387 10.799689 -0.348557 9.800351 -5.147121 -12.453524 8.776347 -32.421864 39.185265 18.914021 -6.128897 18.877199 7.591577 17.174147 -12.020055 -6.762064 -1.099930 -23.776106 42.242790 18.830564 7.181833 18.951382 3.842850 7.210349
-1.436571 -5.602787 10.510428 -31.501518 38.239918 22.561554 9.084576 11.604153 0.026294 10.558433 -4.595802 -12.229163 7.653395 -32.186214 38.571819 19.227943 -6.065410 19.609222 8.279908 17.814341 -11.689540 -6.482632 -1.763975 -23.795048 41.595989 19.359463 7.341574 19.429741 4.138910 7.704763
-0.634425 -4.969593 9.504423 -31.611759 37.657036 23.343143 8.871561 12.778647 0.514121 11.365366 -3.465271 -11.663511 6.237267 -31.785208 37.836536 19.580099 -6.194904 20.774422 9.476648 18.373194 -10.644631 -5.822022 -3.063776 -23.575396 40.535728 20.221443 7.119392 20.028597 4.573624 8.362617
1.089087 -3.678703 7.834820 -31.223671 36.691765 23.821323 8.800077 14.225319 1.105076 12.746268 -1.462601 -10.743145 3.976790 -31.185938 36.719227 19.883673 -6.680248 22.111187 10.694071 18.940344 -9.294910 -4.848733 -5.116455 -23.359545 38.250214 21.360416 6.929220 20.466671 5.496185 9.602462
2.560578 -2.080583 5.545760 -30.549635 35.382957 24.270109 8.596545 15.614599 1.509898 15.282233 0.572684 -8.631630 1.097401 -30.954592 34.910397 20.232227 -7.989232 23.879662 12.394849 20.089338 -8.152053 -3.424181 -7.113989 -23.295980 35.916126 21.806877 7.577659 21.723375 6.388727 11.843631
3.962715 -0.285940 3.304476 -29.171391 34.490753 24.462580 7.976703 17.115572 2.501507 18.452841 2.740492 -6.094475 -2.479398 -30.546524 32.611439 20.138231 -8.333121 25.935131 14.571425 21.623613 -7.055307 -1.714176 -9.876713 -22.649763 34.343037 21.886915 8.077383 23.384218 7.644720 14.195001
5.506832 1.359045 1.031442 -27.409685 34.429325 24.509691 7.795920 18.848688 4.476636 20.287416 4.956666 -3.471301 -5.195978 -30.363091 30.161251 20.120605 -7.721267 27.431971 16.941109 21.990435 -5.981300 0.096690 -12.611981 -22.384817 31.913420 21.656517 8.818508 23.722471 9.052939 16.170452
6.848999 2.757822 -0.500280 -25.010532 35.780613 24.217186 7.206051 21.026285 6.743398 21.161898 6.246764 -0.998021 -7.411505 -30.510334 28.462812 20.561209 -8.271123 28.677702 18.349236 22.629332 -5.407722 2.213274 -14.327640 -22.148788 30.363701 22.099644 9.249117 24.495201 10.385886 18.021633
7.512112 3.202239 -1.969468 -22.773655 36.870178 23.415884 7.349538 22.090748 8.689709 21.420950 6.677472 0.280622 -8.867390 -30.237923 27.994299 19.879936 -8.638026 29.147974 19.332890 23.245718 -4.822442 3.164391 -15.099260 -21.670057 30.127541 21.748184 9.313022 24.790855 10.997245 18.679928
8.077535 3.708939 -2.010479 -21.773939 37.195229 23.696033 7.122641 22.443253 9.615744 21.895025 6.963683 1.454370 -9.467071 -29.829887 27.754702 19.891617 -9.270852 29.167742 19.972889 23.722086 -4.337224 3.940240 -15.451248 -21.340425 30.006182 21.703247 9.197176 24.950357 11.375852 19.112461
8.114949 3.751030 -2.008965 -21.658688 37.217854 23.729753 7.042769 22.409651 9.672892 21.971882 6.950519 1.591805 -9.519651 -29.778982 27.755030 19.902246 -9.356858 29.162153 20.048302 23.818899 -4.286900 4.052662 -15.453546 -21.296114 29.996490 21.704559 9.160491 24.954973 11.407372 19.165550
8.115697 3.751245 -2.010034 -21.663355 37.213516 23.729591 7.046813 22.411381 9.668030 21.973894 6.946622 1.582983 -9.514426 -29.781219 27.758884 19.898413 -9.356075 29.160740 20.042908 23.814808 -4.290437 4.045853 -15.452418 -21.302065 29.993250 21.702576 9.157730 24.957499 11.398301 19.167194
8.114334 3.750807 -2.015034 -21.658262 37.217743 23.726273 7.048124 22.413324 9.674372 21.972563 6.947096 1.583156 -9.513556 -29.780453 27.758980 19.899883 -9.357131 29.160669 20.043602 23.814993 -4.289684 4.046228 -15.451420 -21.301956 29.994278 21.702974 9.156364 24.957998 11.397603 19.166983
8.116202 3.747396 -2.013584 -21.649662 37.225842 23.724331 7.040854 22.409946 9.677439 21.969912 6.946939 1.581995 -9.513389 -29.780371 27.758678 19.899582 -9.356061 29.160364 20.042873 23.815147 -4.289228 4.045139 -15.451852 -21.300859 29.995968 21.701782 9.156700 24.958204 11.398126 19.165623
8.115690 3.750947 -2.015994 -21.651150 37.224106 23.724241 7.041248 22.409843 9.677202 21.970816 6.947513 1.582245 -9.513224 -29.779541 27.759251 19.898945 -9.356000 29.161091 20.044010 23.814947 -4.289019 4.045543 -15.451982 -21.300003 29.996563 21.702126 9.157098 24.958717 11.399766 19.164717
8.116353 3.747407 -2.010722 -21.658594 37.220108 23.727823 7.042029 22.410385 9.667175 21.972166 6.945413 1.582639 -9.515582 -29.778418 27.754385 19.902512 -9.360521 29.157640 20.041445 23.823652 -4.288690 4.048944 -15.449718 -21.303047 29.992344 21.708359 9.153905 24.959116 11.398404 19.168997
8.114717 3.751295 -2.014291 -21.655657 37.220505 23.725370 7.039350 22.409554 9.667655 21.975752 6.946884 1.582128 -9.513172 -29.776121 27.754684 19.902582 -9.359056 29.157715 20.044241 23.822725 -4.286451 4.048151 -15.449883 -21.299810 29.999319 21.704113 9.153635 24.958574 11.399771 19.163958
7.705561 0.323885 1.173533 -16.964247 35.417492 26.786757 10.598751 17.949087 19.771503 22.385332 6.680078 1.176382 -13.539046 -31.654251 27.150023 15.338357 -15.193121 28.016857 12.506688 26.211254 -4.463574 3.529162 -17.959534 -24.441133 28.837297 18.887884 3.151229 23.508980 4.017748 22.210981
7.705561 0.323885 1.173533 -16.964247 35.417492 26.786757 10.598751 17.949087 19.771503 22.385332 6.680078 1.176382 -13.539046 -31.654251 27.150023 15.338357 -15.193121 28.016857 12.506688 26.211254 -4.463574 3.529162 -17.959534 -24.441133 28.837297 18.887884 3.151229 23.508980 4.017748 22.210981
7.705561 0.323885 1.173533 -16.964247 35.417492 26.786757 10.598751 17.949087 19.771503 22.385332 6.680078 1.176382 -13.539046 -31.654251 27.150023 15.338357 -15.193121 28.016857 12.506688 26.211254 -4.463574 3.529162 -17.959534 -24.441133 28.837297 18.887884 3.151229 23.508980 4.017748 22.210981
7.786795 0.302618 0.761142 -16.983377 35.180801 27.689119 11.413445 17.615290 19.470842 21.845270 5.947314 0.049611 -13.501332 -32.027504 27.186403 15.471540 -15.054627 26.945709 10.568560 26.624067 -4.284398 3.504471 -18.565546 -24.989420 28.872278 18.681110 2.629999 23.807886 2.704313 22.081291
7.791396 0.371640 0.720047 -17.097607 35.130695 27.669247 11.418487 17.683159 19.455502 21.852015 5.899650 0.034159 -13.505698 -32.166550 27.003824 15.347962 -15.222427 26.912207 10.652173 26.759422 -4.274722 3.485011 -18.568785 -25.055340 28.748501 18.624620 2.639916 23.768772 2.689867 22.141550
7.798476 0.369028 0.726113 -17.096764 35.122116 27.663345 11.409269 17.665821 19.448923 21.857927 5.905619 0.021726 -13.511815 -32.174480 26.999018 15.341984 -15.226947 26.916025 10.632648 26.763895 -4.285394 3.448319 -18.573595 -25.065536 28.731731 18.615244 2.641784 23.766771 2.661828 22.171478
7.797767 0.363121 0.724184 -17.096695 35.125732 27.662907 11.406885 17.674299 19.454771 21.853399 5.905095 0.013878 -13.507338 -32.170963 26.996843 15.340596 -15.233346 26.908787 10.630942 26.770519 -4.285921 3.442757 -18.569218 -25.064739 28.733992 18.612434 2.640436 23.763653 2.658929 22.172792
7.802681 0.362102 0.731325 -17.077723 35.129906 27.666204 11.412700 17.667881 19.480816 21.861069 5.912533 0.015556 -13.503145 -32.156288 27.006922 15.329816 -15.253799 26.894522 10.623179 26.774626 -4.284101 3.438332 -18.568144 -25.067307 28.740238 18.607788 2.622254 23.752960 2.634783 22.189337
7.798558 0.353406 0.728938 -17.075436 35.139721 27.664433 11.422020 17.683235 19.482361 21.858589 5.903665 0.021362 -13.511497 -32.167545 27.000669 15.331835 -15.242378 26.908051 10.637170 26.774586 -4.286024 3.450496 -18.568735 -25.068306 28.731133 18.619984 2.633703 23.754686 2.650794 22.181986
7.797642 0.352791 0.729216 -17.073872 35.139744 27.667480 11.422414 17.684475 19.486349 21.860556 5.905784 0.024510 -13.511903 -32.165119 27.001827 15.332915 -15.241279 26.907671 10.637937 26.771841 -4.285228 3.451775 -18.567774 -25.066429 28.732937 18.620819 2.633624 23.754959 2.652928 22.181360
7.804361 0.357936 0.733410 -17.069851 35.133255 27.663406 11.413707 17.667494 19.484873 21.861801 5.908360 0.018460 -13.505863 -32.164070 27.000374 15.337830 -15.243834 26.903345 10.628716 26.776873 -4.286563 3.446188 -18.565044 -25.064594 28.733204 18.617052 2.636204 23.754961 2.655616 22.182045
7.802787 0.360008 0.729771 -17.070675 35.136589 27.663427 11.412509 17.672947 19.486502 21.860050 5.907087 0.012510 -13.502431 -32.157280 27.009470 15.327987 -15.248987 26.897652 10.625695 26.776251 -4.286977 3.445152 -18.569967 -25.069399 28.730835 18.611622 2.632079 23.754248 2.645817 22.187107
7.802080 0.354789 0.729632 -17.078117 35.132805 27.659786 11.413825 17.669733 19.476419 21.857847 5.907900 0.019837 -13.509512 -32.164772 26.996504 15.337869 -15.242959 26.899374 10.628076 26.777719 -4.286363 3.445849 -18.564955 -25.064486 28.732527 18.618937 2.637055 23.753885 2.657380 22.180752
