-9.346731 -12.986574 -3.190213 -25.065865 18.782804 6.651885 -17.132267 -42.397949 25.015680 -19.669693 -7.204934 -9.429611 9.575933 -45.785370 16.879454 -10.793077 -29.136450 -26.510052 25.256876 -18.183931 -15.195602 -19.081532 21.959885 -42.181717 12.880404 8.813513 -16.339890 -28.331671 39.823498 -6.971329
-10.103449 -11.212858 -4.657534 -25.763025 17.414009 6.408876 -16.288729 -42.949623 23.579733 -17.277458 -7.441468 -8.637261 7.879208 -45.857685 16.248432 -11.329421 -27.117357 -26.514603 24.605213 -16.831720 -15.844799 -18.603355 18.702728 -41.657249 12.475657 8.412201 -14.452846 -28.050850 39.464855 -5.390159
-10.721206 -9.257547 -6.293828 -25.967442 16.469193 5.852877 -14.447649 -43.226437 21.737719 -14.101568 -7.198336 -7.687801 5.035894 -46.007263 14.457148 -11.884298 -24.196398 -27.335953 22.919472 -15.454069 -15.571959 -17.716551 15.464759 -41.065437 11.374810 8.097284 -12.496403 -28.628160 37.818523 -2.983944
-10.532869 -6.745052 -8.119843 -26.082027 15.308001 5.180120 -12.004333 -43.570972 19.752491 -12.007009 -6.857825 -6.335567 1.458666 -46.139889 11.799736 -12.657628 -20.586882 -28.142361 20.715652 -13.424149 -14.733659 -16.008963 12.508905 -40.498482 10.261874 8.094545 -9.770328 -29.544100 34.363682 -0.304617
-9.693163 -3.774429 -9.923158 -25.574055 14.072595 4.452998 -8.987097 -43.396191 17.489359 -9.309807 -6.209629 -5.651724 -2.259917 -45.203693 10.396378 -13.103384 -16.693075 -28.463697 18.176687 -11.616046 -13.829901 -13.738621 9.645814 -40.082684 8.743101 8.352979 -6.893218 -29.962770 30.557644 3.279677
-8.565645 -0.531354 -10.865146 -24.987831 14.317423 4.167447 -5.703876 -42.326435 15.522779 -7.050599 -5.222855 -3.694485 -5.534333 -44.099991 10.037013 -13.728700 -12.309258 -28.211811 15.804955 -10.016551 -13.409644 -10.313080 7.438312 -39.512264 8.015011 8.518554 -3.973733 -30.019730 27.117447 6.795416
-7.932041 0.649599 -12.281642 -24.070946 13.834193 3.419263 -4.439548 -42.296062 14.485071 -4.191317 -4.032555 -3.740505 -8.103793 -43.119648 9.317379 -14.514913 -10.031617 -28.409346 14.647009 -8.765379 -12.563964 -8.311314 5.298651 -38.363796 7.834466 8.458396 -2.534683 -30.144430 25.375584 9.182105
-7.011959 1.609285 -13.966772 -23.320761 13.329025 3.134703 -3.027569 -42.099522 13.538338 -2.386703 -3.550885 -3.190963 -10.285687 -42.362118 9.330286 -15.418998 -7.367044 -28.499937 13.945302 -7.580947 -11.733968 -6.760111 2.548133 -37.241970 7.472896 8.602065 -0.976249 -29.892565 24.069496 11.115846
-6.357371 1.660702 -15.574669 -22.621399 13.009228 3.409792 -1.872224 -41.605793 12.706921 -1.300652 -3.208309 -3.177517 -12.686618 -41.452061 9.388395 -15.561966 -5.215441 -28.461243 12.957334 -6.929878 -10.863791 -6.363117 0.311880 -36.170601 7.071158 9.045938 -0.253011 -29.750811 23.172825 11.925057
-6.076804 1.740347 -16.461220 -22.408567 12.548801 3.454342 -1.259337 -41.213039 12.406555 -0.659332 -3.088910 -3.036904 -13.877754 -40.944218 9.564628 -15.564507 -4.279524 -28.268078 12.490750 -6.503682 -10.235100 -6.267034 -0.819949 -35.569294 6.809159 9.135038 0.116856 -29.730652 22.848316 12.087008
-6.594798 1.839027 -16.764908 -22.555832 12.647214 3.516621 -0.719284 -41.022095 12.423115 -0.536332 -3.358485 -2.971360 -14.275980 -40.874306 9.864964 -15.695493 -3.572722 -28.167217 12.393117 -6.354532 -10.531005 -6.227324 -1.387686 -35.420803 6.957178 8.925207 0.510216 -29.916817 22.695412 12.107900
-9.653126 2.641365 -18.676336 -23.184387 13.043330 3.832864 0.886026 -39.913807 13.341381 0.851909 -5.931977 -1.986195 -16.805634 -40.318871 11.583811 -16.204256 -0.177490 -27.098961 11.810255 -4.636870 -12.590421 -6.125427 -4.561184 -33.883152 8.893536 7.223912 2.887665 -29.941572 22.366899 11.992761
-12.278235 3.427894 -22.124094 -22.307383 14.766939 6.138353 3.661815 -36.759357 13.548658 2.215385 -9.610870 0.143840 -20.816273 -39.656731 13.919705 -14.190458 2.429984 -25.105787 10.300008 -3.282041 -14.573775 -6.741545 -8.983512 -29.862724 13.280876 5.144423 5.259042 -29.923029 22.698299 9.657481
-13.952700 5.819414 -26.301523 -20.503031 17.077551 8.956098 5.599027 -33.071346 15.042562 4.387118 -11.603454 2.866952 -26.174831 -38.074127 16.158316 -12.091558 3.230673 -23.653559 9.968759 -1.304699 -15.310338 -6.121593 -15.207660 -26.246487 15.913401 3.815081 8.673504 -28.813494 23.977097 7.515307
-12.250773 9.572214 -31.990807 -18.592169 16.702795 11.840392 3.683578 -26.220591 20.221832 8.161963 -10.543596 7.747664 -32.921368 -34.113705 17.366446 -11.888605 2.925088 -21.298002 11.548057 2.328487 -15.009923 -2.318054 -21.810522 -22.137848 16.028202 4.879056 8.284450 -26.901775 25.582197 10.083024
-11.371916 6.740412 -37.168213 -15.333385 15.716985 12.326233 3.133135 -17.816534 26.519548 16.117060 -7.455163 6.668134 -40.975281 -31.945507 13.078768 -13.351817 5.515729 -19.781082 11.371417 8.024100 -14.283633 -6.361949 -28.912113 -22.161570 10.943454 4.710644 9.856399 -26.412107 23.859638 16.731188
-7.482913 -0.647041 -42.489792 -7.506050 17.007620 11.364113 2.606884 -11.452402 33.173294 23.208843 -1.479700 -2.785732 -47.092411 -30.963068 8.380906 -11.903048 7.615398 -18.520952 7.368389 9.067786 -6.975907 -6.318618 -32.265537 -21.392956 5.477461 11.451399 6.708155 -22.624660 21.874710 21.482880
1.666667 -6.110347 -43.446854 -3.368957 14.766349 10.836085 -0.107799 -9.788590 33.656822 24.820213 5.545404 -14.000051 -52.015217 -19.948709 12.525704 -11.437919 -0.164651 -13.242497 10.693206 12.162051 4.956824 -5.494636 -33.151024 -14.287595 5.537169 17.446428 -1.268808 -18.645924 24.530407 22.345463
6.139484 -11.119668 -46.293613 -4.451402 7.738732 8.884125 0.920851 -11.266345 29.356159 25.920681 14.169909 -16.707996 -53.637207 -15.316956 11.160431 -14.369139 0.189138 -11.919532 12.851602 10.307250 12.068162 -10.096465 -35.217026 -13.232501 0.126571 17.589968 -2.181009 -19.397345 22.763062 23.984272
8.935978 -11.772795 -47.758541 -4.351082 4.515891 5.825771 4.291091 -12.577979 27.715099 25.467426 18.352432 -16.657902 -53.249809 -14.979375 9.012477 -16.406221 3.654314 -12.623714 11.579484 9.197525 17.172714 -12.187054 -34.341824 -13.011093 -2.303737 15.583127 -0.525783 -20.885658 19.910048 24.058619
9.170475 -11.633337 -47.887985 -4.358676 4.132983 5.302087 4.847199 -12.649649 27.600460 25.604364 18.897095 -16.719160 -52.955650 -15.036373 8.715379 -16.676727 4.188821 -12.557840 11.393512 8.950000 17.624762 -12.294585 -34.091633 -13.090023 -2.563935 15.164968 -0.176434 -21.081480 19.473717 24.244148
8.645771 -11.194013 -47.998283 -4.360869 4.242133 5.284103 5.004541 -12.308394 27.674768 26.614695 18.146982 -16.519150 -53.382401 -15.024821 8.731013 -17.230530 4.410043 -12.327226 11.690928 10.255230 16.669010 -11.559626 -34.614250 -13.018470 -2.367383 15.010436 -0.359738 -20.974035 19.935234 25.266083
7.601583 -10.518204 -48.157150 -4.347473 4.619286 5.499044 4.995260 -11.672823 27.829256 28.561049 16.806343 -16.102839 -53.926800 -14.985109 8.973678 -17.971708 4.643925 -11.953105 12.119785 12.156699 15.296660 -10.362641 -35.622894 -12.712374 -1.939834 14.506019 -0.307836 -20.633921 20.597553 27.050537
6.496251 -9.138201 -47.464279 -4.531170 5.270859 5.798167 4.731017 -11.081353 27.604530 31.174341 14.716466 -15.239029 -54.356606 -15.112414 9.523158 -18.918245 4.975988 -11.222773 12.630309 14.698093 13.498879 -8.212261 -36.151485 -12.453214 -1.144427 13.825381 -0.160618 -20.062531 21.165710 29.345577
5.043142 -6.911417 -45.371643 -4.729681 6.876209 6.469179 4.047861 -10.207282 27.352262 34.309135 11.504854 -14.424827 -53.941681 -14.958446 11.293754 -19.741329 4.910407 -9.769154 13.044335 18.332542 10.993276 -5.165400 -36.436924 -11.690982 0.758282 12.911592 0.134178 -19.047731 22.384706 31.563148
3.858964 -4.082836 -43.352230 -4.937005 8.527516 6.682437 4.087521 -9.335780 26.816620 37.907852 8.783278 -13.742660 -53.212360 -14.531936 13.444982 -20.738741 5.017319 -8.198112 13.054099 22.487883 8.554230 -1.950433 -36.980247 -11.183015 2.420980 11.741348 0.708702 -18.150915 23.713585 34.094791
2.300486 -1.628593 -41.435493 -5.146750 10.478081 6.843997 4.617521 -8.264890 26.474037 40.770126 6.076020 -12.241757 -52.287426 -14.805459 15.179440 -21.393942 5.486782 -6.708244 13.154181 25.773417 5.744824 0.414633 -36.874012 -10.658191 4.678503 10.179173 1.515223 -17.077356 24.799694 35.698956
1.477847 0.603923 -39.136253 -5.438802 12.148131 6.670428 4.992863 -7.958076 26.006163 42.317894 4.189647 -9.904441 -50.832516 -15.533235 16.244274 -21.786604 6.318798 -6.147942 12.678889 27.827518 3.546728 2.378230 -36.092785 -10.433196 6.600907 8.393196 2.645430 -16.565380 25.239702 36.730335
0.449726 2.132014 -37.715813 -5.885715 13.100827 6.461894 5.590995 -7.739242 25.595257 43.594429 2.879011 -8.348458 -49.457668 -15.997381 17.339300 -21.658037 6.530108 -5.672058 12.262271 28.848791 2.161316 3.883371 -35.734417 -10.246611 7.965200 7.046866 3.530035 -16.216530 25.670755 37.401684
-0.098681 2.792423 -36.861404 -6.270414 13.517728 6.307656 6.007545 -7.737573 25.278004 43.947750 2.127013 -7.593599 -48.489685 -16.294386 18.088455 -21.484413 6.551035 -5.263977 12.068455 29.323017 1.409426 4.685019 -35.209122 -10.152883 8.864115 6.330570 4.037956 -16.074972 25.806385 37.477978
-0.318799 2.978119 -36.629246 -6.314946 13.730600 6.296275 6.098513 -7.688126 25.298998 44.036057 1.794720 -7.320525 -48.218296 -16.402319 18.314463 -21.487276 6.541751 -5.159482 12.074736 29.528090 1.144561 4.964195 -35.027477 -10.112012 9.174179 6.113984 4.173016 -16.039303 25.852928 37.524227
-1.297155 3.679042 -36.134773 -6.395725 14.496462 6.245001 6.322478 -7.630395 25.608271 44.293621 0.672135 -6.406002 -47.671024 -16.762932 18.945532 -21.280542 6.178723 -5.187496 12.184026 29.857927 0.087055 5.625131 -34.810516 -9.968313 10.153460 5.704001 4.345683 -15.946910 26.218035 37.498241
-2.940074 4.931683 -35.014477 -6.601611 15.914040 6.166543 6.860819 -7.654355 25.957359 44.370575 -1.233800 -4.929279 -46.391121 -17.468117 20.171642 -20.601034 5.506856 -5.356827 11.993573 29.977079 -1.603770 6.687083 -33.866673 -9.794213 12.084247 4.780334 5.020051 -15.716837 26.500275 37.122250
-5.264496 6.553695 -33.384899 -7.313614 17.505880 6.056952 7.295234 -7.998048 26.421700 43.865387 -3.624158 -3.331629 -44.732048 -18.448673 21.630632 -19.888723 4.814255 -5.310832 12.011794 29.930672 -3.712572 7.918570 -32.318371 -9.675827 14.437944 4.106201 5.491806 -15.564315 26.750189 36.182285
-7.607712 8.359440 -31.618979 -8.209857 19.116194 5.776637 8.042916 -7.897622 27.229185 43.344963 -6.310478 -1.146340 -42.077770 -19.508663 23.624535 -19.726879 4.340669 -4.760411 12.431531 29.991648 -5.787690 9.068016 -30.353874 -9.540117 16.976385 3.152073 6.231989 -15.270388 27.047752 35.061985
-9.769664 10.373279 -29.023018 -9.125694 21.190643 5.435158 8.892982 -8.141971 28.051409 41.267368 -8.725036 1.630213 -39.328342 -20.777441 25.738319 -18.649578 3.195419 -4.431623 12.968081 28.815725 -8.386985 10.451358 -27.909348 -9.858234 19.580711 2.050087 7.044785 -15.561045 27.493382 33.555050
-11.834997 12.746800 -25.558762 -9.977292 23.661285 4.765489 10.434677 -7.992877 28.504551 39.164783 -10.705094 4.947661 -35.731827 -21.937218 28.116211 -18.411123 3.493841 -3.710984 13.049255 28.116388 -10.614846 12.431147 -24.917459 -9.964749 22.593588 0.654009 8.093279 -15.658116 27.990669 31.726934
-10.025518 23.714041 -14.897339 -12.231881 29.191814 6.970850 7.821894 -16.446054 17.658258 33.980927 -12.770922 13.021030 -24.192173 -33.931168 22.478397 -16.761028 1.555261 1.424143 17.858564 28.768709 -15.108866 10.441725 -16.893322 -14.330908 24.292379 -7.716184 10.334994 -9.634642 35.602699 31.567087
-12.895034 24.897282 -8.356926 -14.830271 32.072472 5.322267 10.785548 -17.976393 16.854908 30.075739 -16.081554 15.567945 -16.700071 -35.881104 26.075949 -15.918329 1.001580 0.049398 15.743591 27.333723 -18.399521 12.962745 -9.812315 -16.779947 28.545671 -8.670875 11.729211 -10.550151 33.818989 28.727589
-16.304762 24.323153 -1.236886 -17.078987 35.387566 4.049030 13.076202 -20.149979 16.094555 24.146049 -19.651005 17.045881 -9.961196 -38.169357 28.684492 -14.716005 0.505399 -1.532332 13.389444 25.820993 -21.403484 14.427630 -2.926636 -19.343210 32.579929 -8.107728 12.297259 -11.014765 31.680548 25.181313
-20.562763 19.905466 2.331859 -18.968609 37.138348 4.265079 15.823619 -22.146210 16.014767 18.421362 -22.962738 15.691324 -4.726126 -42.340179 28.598640 -12.549426 0.493356 -6.066407 7.684557 22.819731 -25.027399 11.224142 1.332739 -20.842005 37.059689 -7.436901 13.414981 -11.986726 28.668167 20.223934
-22.628233 17.736906 4.798954 -20.774887 37.889126 4.096969 16.004778 -24.653151 15.235731 13.631984 -24.431589 14.643643 0.437441 -44.231983 30.024916 -11.458769 -0.416553 -7.949357 6.030097 19.469057 -27.473696 9.417479 5.226900 -23.333551 38.980026 -7.831152 14.901976 -13.003830 26.747276 16.788837
-23.615492 15.578120 7.635602 -22.002478 38.203152 3.014881 16.360023 -27.188202 14.688108 9.051809 -25.295773 13.556149 5.156929 -45.674484 31.318558 -11.155402 -0.276395 -9.310675 4.542486 16.704115 -28.969027 7.773075 9.555558 -25.804609 40.181496 -8.228633 16.358963 -14.190153 24.407337 13.243640
-23.592531 13.601231 9.626965 -22.742146 38.611740 2.453295 17.216564 -28.735144 14.038568 5.471074 -25.401327 12.763009 9.181740 -47.041683 31.813889 -10.977052 -0.128839 -11.213080 3.182163 13.735700 -29.260202 6.210007 13.084244 -27.676615 40.829529 -8.630905 17.469683 -15.534925 22.247665 10.461945
-23.438417 11.363717 11.291639 -23.097326 38.940742 2.462705 17.141241 -30.255169 13.629463 1.492188 -25.204113 11.524943 12.192308 -47.780750 32.306587 -10.766146 -0.088161 -12.900754 2.767780 10.330819 -28.580088 4.546892 16.171362 -29.093122 41.269230 -7.910303 17.737932 -17.004675 20.557911 7.223042
-22.793900 9.173225 12.670915 -23.640240 39.001610 2.619904 16.947313 -31.062592 13.439739 -2.054748 -24.619202 10.344182 15.484528 -48.316174 33.175045 -10.676324 -0.290130 -14.357203 2.415804 7.091300 -27.495665 3.182168 19.059053 -29.728004 41.952606 -7.365898 17.722723 -17.901325 19.107498 4.334649
-21.989639 6.690934 14.027210 -24.294155 39.423351 2.768071 17.407352 -31.024456 13.552660 -5.130348 -23.569983 9.223980 17.941578 -48.406498 33.940830 -10.304414 -0.632471 -15.540447 1.771223 4.317533 -26.207701 1.759505 21.446844 -29.890726 42.588879 -6.558585 17.157822 -18.479902 18.131260 1.668611
-21.493782 4.798441 15.439816 -24.717449 40.033737 3.007490 17.679277 -30.782316 13.658678 -7.305084 -22.935528 8.520717 19.827688 -48.408897 34.607986 -9.809055 -1.317298 -16.273945 1.353235 2.481987 -25.363855 0.511702 23.100147 -29.986570 43.027550 -5.878917 16.730164 -18.603926 17.594849 -0.473594
-21.123724 3.510795 15.689880 -24.759655 40.107056 3.427377 17.642239 -30.458830 13.653979 -8.394361 -22.107475 7.787388 20.269997 -48.126610 34.606384 -9.339215 -1.826002 -16.632046 1.052488 1.341257 -24.321285 -0.403507 23.443674 -29.599495 42.947937 -5.310330 16.201326 -18.599215 17.388508 -1.698424
-20.880766 2.842959 15.187155 -24.636677 39.704430 3.799979 17.298700 -30.206390 13.704647 -8.731770 -21.653885 7.381397 20.334284 -47.903324 34.570015 -9.115532 -2.037500 -16.792269 0.922118 0.825832 -23.614067 -0.915215 23.689283 -29.357767 42.811939 -4.877304 15.768705 -18.731153 17.150829 -2.272850
