5.421700 9.783125 -33.730694 -5.152331 15.298313 11.458517 0.374425 -14.589399 13.560278 42.482697 2.768575 -4.755919 -45.260429 -24.652925 9.283259 -19.687147 3.788771 -1.204355 17.176220 29.958452 0.639103 1.366456 -33.147247 -13.123892 6.132523 2.044689 3.835416 -11.432097 31.764353 38.505596
4.537830 7.651720 -35.626659 -5.418826 14.118021 12.098718 1.787013 -14.683275 14.301718 42.314896 2.296295 -6.416754 -47.866432 -26.887758 5.908758 -19.264757 4.922719 -3.572993 13.772765 30.419121 0.374776 -1.936885 -34.344616 -12.533386 6.679887 1.614410 4.436384 -11.808905 31.005346 38.271275
5.413908 6.059356 -37.311779 -4.992488 13.067844 12.286039 1.596795 -14.882992 14.586279 41.101280 3.776963 -7.935754 -49.447594 -26.764189 4.373778 -19.318695 4.535165 -3.344523 14.862497 29.425642 1.639441 -3.778666 -34.623802 -12.586249 5.634606 2.289206 3.585922 -11.848185 31.340576 37.407375
6.296985 3.531553 -39.723942 -4.604485 11.401562 12.423796 1.570964 -15.084520 14.875707 39.383312 6.062909 -9.917416 -50.951309 -26.553476 2.678446 -18.939554 3.749046 -3.449890 15.807454 27.273920 3.677426 -6.006480 -35.423306 -12.660304 3.904206 3.368251 2.554134 -12.240485 31.334682 36.417431
7.472127 0.989354 -41.338692 -4.361940 9.654882 12.239551 1.511690 -15.837239 15.162185 37.005371 8.886774 -10.906341 -51.300594 -26.967417 0.337158 -18.563578 3.402446 -4.601429 16.028677 24.031435 6.294205 -8.890413 -35.282494 -13.482047 1.246278 4.780243 1.364409 -13.077184 30.617172 35.092747
8.364167 -1.557821 -42.991531 -4.175363 8.239237 12.015612 1.573462 -16.890335 15.232103 33.669880 11.986485 -11.642480 -51.794930 -27.336557 -1.841469 -17.732721 3.199823 -6.280942 16.156715 19.700771 8.746617 -12.393996 -34.428341 -14.336754 -0.755955 5.901116 0.646885 -13.865810 29.344126 32.751629
10.067530 -3.502997 -44.932594 -3.947596 6.616331 11.401257 1.955377 -18.227625 15.184641 30.205912 15.452044 -12.487407 -51.983795 -27.403347 -3.473384 -16.832287 3.265934 -7.882725 15.555032 15.763137 11.040167 -15.277934 -34.360542 -14.999681 -2.705977 6.852973 0.348310 -14.849087 28.022635 30.995438
11.581828 -4.884007 -45.665630 -3.701291 5.738923 11.091076 2.307423 -18.961679 15.382496 27.304441 17.426254 -13.318928 -51.518806 -27.330694 -4.032612 -16.018141 2.982222 -8.586034 15.098203 13.305176 12.709354 -17.402155 -34.137180 -15.122190 -3.520082 7.451837 0.331664 -15.268466 27.493252 29.019772
12.785721 -5.653530 -45.656502 -3.644504 5.350474 10.862047 2.485922 -19.462536 15.355974 25.327375 18.733978 -13.741508 -50.974434 -27.296013 -4.287409 -15.297109 2.635441 -9.052203 14.674280 11.532695 14.138981 -18.600714 -33.270554 -15.373812 -3.990358 7.926065 0.365683 -15.610543 26.831020 27.281849
13.483727 -6.194927 -45.565720 -3.614426 5.238259 10.819962 2.524428 -19.644005 15.330803 24.229673 19.505251 -13.987926 -50.546059 -27.323833 -4.273773 -14.732441 2.432647 -9.252636 14.301190 10.263328 15.106373 -19.212393 -32.830963 -15.481142 -4.290508 8.134494 0.538614 -15.784754 26.348755 26.378326
13.197670 -6.253583 -45.416180 -3.606490 5.634341 11.301148 1.933278 -19.589359 15.525262 24.147102 18.964062 -13.989937 -50.772083 -27.279394 -4.010123 -14.499636 1.850646 -9.283439 14.506867 10.536930 14.626115 -19.209229 -32.992039 -15.449406 -4.035190 8.424782 0.254216 -15.641185 26.739635 26.175762
9.837788 -5.566961 -43.830063 -3.559961 9.391139 14.210052 -0.920583 -17.860834 17.269382 25.231291 14.560744 -14.319075 -51.423382 -27.639683 -1.939892 -12.921264 -1.405616 -7.863694 16.602570 12.110969 9.374996 -17.124107 -33.630173 -15.581212 -1.329675 9.974024 -1.574757 -13.976795 29.895964 26.220356
4.785893 -0.346953 -40.396027 -2.818769 16.450134 14.988012 -1.813141 -16.215776 22.969152 24.401291 6.211490 -11.591262 -51.403011 -28.388689 3.573684 -10.475979 -0.786454 -9.743078 13.723916 13.413876 3.348902 -10.564312 -32.888390 -14.295933 6.023750 11.354411 -0.548460 -13.993877 30.464802 23.542059
-4.602649 1.590044 -38.905170 -4.675228 19.923414 12.629588 2.323779 -16.630047 25.940237 23.610443 -1.396492 -1.911775 -45.847488 -35.518917 4.334578 -11.717112 3.757847 -12.425480 13.864421 11.221940 -9.131894 -10.456573 -32.503387 -21.291744 5.960758 6.484989 6.160509 -17.882090 28.970377 23.240334
-11.630811 5.505738 -35.294212 -14.429317 16.333172 10.838327 3.247667 -21.798773 23.147505 18.204817 -6.102492 10.431953 -40.942692 -33.263458 12.701138 -11.540278 2.945917 -14.647637 16.096867 7.131798 -15.425441 -6.329162 -29.867712 -22.708303 10.862474 3.682706 10.682471 -23.000340 28.695335 15.000767
-14.659857 6.259890 -28.710608 -21.395697 14.950936 8.717357 2.299120 -26.805311 21.196455 11.647412 -8.035549 12.750260 -33.561909 -35.213516 17.640451 -8.232468 1.778028 -18.514038 12.775090 -0.351244 -15.312842 -0.873877 -23.641544 -23.065252 15.482461 6.466460 10.604141 -24.341764 28.512280 5.724790
-16.057236 3.625095 -24.728369 -23.547756 14.778229 6.732990 3.658149 -32.257877 17.798468 6.090863 -8.889823 8.337174 -27.884344 -35.058186 19.067888 -8.413347 2.873989 -24.363125 8.441156 -6.228801 -15.279335 -2.459002 -17.851049 -26.148373 15.830900 8.733982 11.961096 -28.627045 21.243336 2.034091
-14.274945 -0.228485 -20.178675 -24.556601 11.751945 1.382489 0.449926 -36.973385 17.985243 6.086381 -7.403630 3.862732 -22.415676 -37.460186 16.074337 -11.135894 3.092926 -24.949331 9.773412 -8.489782 -14.434237 -2.777480 -11.979597 -30.418404 11.770140 10.839382 7.649761 -29.544384 19.984400 5.937219
-11.795790 -1.463713 -16.421612 -27.111214 8.331604 -1.611650 -3.216718 -39.315872 18.862900 5.542019 -3.254081 3.338632 -18.570076 -40.170448 12.109656 -12.760542 1.004798 -27.226873 11.423940 -11.511020 -11.676599 -0.682162 -7.464677 -34.818840 7.038747 12.779758 5.034951 -29.620201 21.190954 7.412138
-8.876491 -1.896946 -13.944983 -28.409698 6.441265 -2.270688 -5.373111 -39.530731 18.891012 3.712901 -0.997039 2.215423 -16.454794 -40.496845 10.836535 -12.461575 -1.526814 -27.696918 11.805114 -12.881432 -9.685571 0.588440 -5.271536 -36.515339 5.121315 14.445947 3.898833 -29.344135 22.584206 5.977799
-8.415990 -2.001690 -13.616088 -28.431316 6.152370 -2.399611 -6.075381 -39.630222 19.075499 3.603867 -0.810301 2.075001 -16.013330 -40.406830 10.739577 -12.347822 -2.383515 -27.801342 11.883197 -12.836713 -9.481565 0.575096 -4.658987 -36.712883 4.899245 14.631696 3.444854 -29.172016 22.643749 6.077820
-8.751176 -2.261491 -12.754429 -28.236746 6.844030 -2.461682 -6.881716 -40.359947 19.247765 3.276598 -1.146011 1.946086 -15.229718 -40.297382 11.303827 -12.213964 -2.695589 -28.204527 11.574763 -13.053291 -9.907224 0.538404 -3.753377 -36.912941 5.491872 14.838790 3.116374 -29.461832 22.291237 5.881950
-9.465307 -2.269214 -11.322334 -28.089617 7.885191 -2.370321 -8.004770 -41.229210 19.645975 2.534953 -1.617473 1.500377 -13.598623 -40.329411 12.058550 -11.936978 -4.222867 -28.937819 11.571067 -13.623233 -10.323853 -0.009142 -1.772696 -36.941471 6.865549 14.994824 2.046223 -30.536797 21.797611 5.244205
-10.601575 -3.324709 -9.715639 -28.003441 9.093314 -1.926238 -9.366720 -42.098850 20.155342 1.031191 -2.526912 0.364271 -12.106009 -40.338196 12.728895 -10.889760 -6.946522 -29.561108 11.588923 -14.297586 -10.996693 -1.626110 0.501172 -37.506920 7.919730 15.690837 0.500763 -31.090628 22.014112 3.163687
-11.453737 -4.461787 -8.641458 -28.274281 10.191157 -0.978542 -9.845723 -42.409924 20.567896 -1.741525 -4.125626 0.304308 -10.106541 -40.650146 14.517880 -9.651996 -8.993637 -29.570383 12.274845 -15.329905 -12.304849 -3.758165 1.888579 -38.197762 8.813925 16.323582 -0.500249 -30.952642 22.529375 0.765794
-12.870889 -7.133826 -8.138722 -28.504911 11.248034 0.281297 -11.396220 -42.855106 21.992939 -4.990730 -5.394571 -1.710425 -7.276607 -40.520180 16.808075 -8.814616 -12.381363 -29.613409 13.796709 -17.052383 -13.862267 -7.082044 3.656167 -38.389473 10.467690 16.475306 -2.901024 -31.126045 24.158035 -2.030647
-13.650019 -9.890965 -6.826411 -28.084267 13.431090 1.652942 -13.950851 -42.914474 23.887676 -7.926375 -6.145356 -3.012659 -4.059317 -39.964268 19.913069 -8.211938 -16.078108 -29.449896 15.767365 -18.898014 -15.174859 -9.022536 5.994667 -38.108864 12.890005 16.832106 -5.391150 -31.563457 25.893154 -5.270664
-13.683836 -12.171429 -5.041519 -27.335077 15.067226 2.497205 -16.571749 -42.690960 25.600979 -10.122325 -6.343776 -4.348410 -1.036326 -39.022953 23.038008 -7.630647 -19.331291 -28.737751 17.675770 -20.621086 -15.434793 -10.567733 8.372193 -38.106655 14.212399 17.247128 -7.768915 -31.562447 28.287636 -8.491873
-13.196238 -14.095517 -3.493042 -27.037382 16.073597 3.088139 -18.361273 -42.529125 27.174284 -13.183033 -6.242981 -4.954011 1.922082 -38.219627 25.150927 -7.161032 -22.007645 -28.142948 18.922256 -22.218407 -15.325619 -11.367721 11.240682 -38.361702 15.185769 17.873756 -9.598902 -31.180338 29.516226 -11.285768
-13.039880 -16.152580 -2.076452 -26.733002 17.086491 3.231394 -19.059649 -41.944294 28.458786 -15.108022 -5.698971 -5.389481 3.786835 -38.134769 25.711535 -6.853549 -23.802727 -28.005514 19.722683 -23.749384 -14.599756 -11.788253 14.477360 -38.976994 15.436641 18.372055 -11.047375 -31.458271 29.572163 -13.118345
-12.996343 -16.394186 -1.981080 -26.669157 17.180447 3.250056 -19.054996 -41.891029 28.522310 -15.411932 -5.578299 -5.480006 3.988824 -37.991100 25.773039 -6.799582 -24.037729 -28.053759 19.754128 -23.918547 -14.496249 -11.854477 14.756734 -39.030975 15.414675 18.465796 -11.216862 -31.525583 29.527895 -13.313975
-12.984511 -16.331993 -1.988088 -26.681776 17.183300 3.283396 -19.012783 -41.884258 28.500904 -15.442929 -5.559707 -5.476737 3.969976 -38.000038 25.762102 -6.791203 -24.024681 -28.081560 19.721926 -23.952291 -14.501880 -11.799762 14.720798 -39.027164 15.412580 18.491716 -11.182798 -31.525923 29.535635 -13.338202
-12.973494 -16.312813 -1.960396 -26.696470 17.167873 3.305053 -19.023943 -41.880726 28.511171 -15.432079 -5.576870 -5.484192 3.961713 -38.048016 25.775810 -6.815409 -23.958904 -28.026587 19.750322 -23.985956 -14.497419 -11.806313 14.743158 -39.020935 15.418676 18.488791 -11.188386 -31.533854 29.539913 -13.329216
-12.995464 -16.334288 -1.980923 -26.695875 17.172594 3.267234 -19.043394 -41.862270 28.526012 -15.415805 -5.565081 -5.477487 3.980002 -38.004379 25.759327 -6.795434 -24.036276 -28.085201 19.730801 -23.934668 -14.502491 -11.822440 14.734659 -39.029720 15.421604 18.490425 -11.196774 -31.526529 29.532160 -13.324922
-12.983715 -16.334587 -1.986951 -26.691387 17.154871 3.265328 -19.066200 -41.854897 28.540735 -15.408381 -5.577909 -5.474151 3.977706 -37.994041 25.778164 -6.798164 -24.036465 -28.034664 19.767551 -23.935835 -14.509443 -11.823300 14.707565 -39.039536 15.389214 18.483215 -11.195638 -31.489792 29.566889 -13.324176
-12.931365 -16.209616 -1.966898 -26.741098 17.136084 3.339527 -19.034283 -41.812309 28.515387 -15.466391 -5.588190 -5.485067 3.965584 -38.044556 25.795521 -6.818643 -23.934566 -27.970650 19.771923 -23.990442 -14.502506 -11.808226 14.726363 -39.030796 15.391201 18.484909 -11.180916 -31.503624 29.556728 -13.327871
-12.951734 -16.231607 -1.979602 -26.728119 17.141373 3.312395 -19.048597 -41.807526 28.539930 -15.438104 -5.574141 -5.487934 3.976238 -37.995823 25.782654 -6.801205 -24.029688 -28.048191 19.741919 -23.935740 -14.506061 -11.818429 14.721865 -39.033226 15.390873 18.484604 -11.189837 -31.505873 29.551287 -13.319024
-8.581906 -12.611753 -2.735481 -24.568567 19.535578 5.923691 -18.172018 -41.395031 25.654772 -20.193821 -5.082056 -7.958790 12.598129 -44.019562 18.480272 -13.256847 -29.142683 -23.927494 30.329670 -19.350872 -14.334435 -18.155649 22.931561 -43.396904 11.827494 8.611051 -15.993534 -27.655920 41.435860 -8.050772
-8.581906 -12.611753 -2.735481 -24.568567 19.535578 5.923691 -18.172018 -41.395031 25.654772 -20.193821 -5.082056 -7.958790 12.598129 -44.019562 18.480272 -13.256847 -29.142683 -23.927494 30.329670 -19.350872 -14.334435 -18.155649 22.931561 -43.396904 11.827494 8.611051 -15.993534 -27.655920 41.435860 -8.050772
-8.581906 -12.611753 -2.735481 -24.568567 19.535578 5.923691 -18.172018 -41.395031 25.654772 -20.193821 -5.082056 -7.958790 12.598129 -44.019562 18.480272 -13.256847 -29.142683 -23.927494 30.329670 -19.350872 -14.334435 -18.155649 22.931561 -43.396904 11.827494 8.611051 -15.993534 -27.655920 41.435860 -8.050772
-9.303829 -13.348593 -3.113707 -24.888374 18.947313 6.596143 -17.201283 -42.290894 25.160378 -19.943430 -7.175862 -9.540372 9.660766 -45.784859 16.903156 -10.572908 -29.362305 -26.404682 25.368067 -18.346403 -15.144388 -19.220074 22.017225 -42.329750 12.700242 8.936328 -16.691412 -28.235485 39.795834 -7.024345
-9.222268 -13.227663 -3.057404 -24.985340 18.877098 6.657980 -17.208157 -42.381950 25.056425 -19.979258 -7.151205 -9.579003 9.742780 -45.741749 16.935577 -10.724318 -29.300894 -26.483261 25.342548 -18.380194 -15.102633 -19.196712 22.218960 -42.226028 12.848234 8.864058 -16.603342 -28.369263 39.840275 -7.046315
-9.211487 -13.221610 -3.031387 -24.990107 18.868023 6.666361 -17.211056 -42.398533 25.050989 -19.968489 -7.151041 -9.580323 9.732852 -45.749111 16.936094 -10.731811 -29.319143 -26.473528 25.341316 -18.377275 -15.094118 -19.201979 22.232557 -42.228077 12.841661 8.868609 -16.595646 -28.373236 39.849434 -7.046519
-9.218219 -13.226462 -3.025924 -24.991024 18.871014 6.659986 -17.213089 -42.395348 25.059336 -19.965197 -7.150995 -9.586534 9.734080 -45.737877 16.944105 -10.731827 -29.317827 -26.477802 25.332214 -18.374111 -15.095339 -19.191772 22.228254 -42.231686 12.836776 8.872365 -16.588779 -28.370888 39.850903 -7.056116
-9.218980 -13.221990 -3.023982 -24.963337 18.883411 6.661880 -17.198517 -42.384293 25.110401 -19.961515 -7.147545 -9.586836 9.732663 -45.723808 16.941467 -10.731281 -29.339296 -26.495668 25.324871 -18.361834 -15.096889 -19.178268 22.218050 -42.240047 12.826280 8.881218 -16.574671 -28.363081 39.879749 -7.078549
-9.220818 -13.224371 -3.036712 -24.967419 18.884356 6.663914 -17.198965 -42.382126 25.093012 -19.961933 -7.159762 -9.584868 9.726859 -45.743351 16.940531 -10.735898 -29.315689 -26.476927 25.339287 -18.373156 -15.096288 -19.172937 22.216850 -42.239120 12.829959 8.882339 -16.586533 -28.358973 39.876003 -7.071343
-9.219861 -13.227155 -3.036672 -24.964314 18.886194 6.666431 -17.198263 -42.378895 25.098036 -19.964020 -7.157908 -9.583776 9.728195 -45.739624 16.944592 -10.734831 -29.313515 -26.476891 25.337772 -18.376154 -15.093762 -19.172131 22.219429 -42.236713 12.830526 8.885295 -16.582739 -28.362539 39.873692 -7.073545
-9.217376 -13.220182 -3.026757 -24.961260 18.883453 6.662311 -17.203281 -42.384315 25.110161 -19.960344 -7.151707 -9.580142 9.730518 -45.729435 16.943256 -10.723838 -29.331629 -26.486172 25.334217 -18.365179 -15.092670 -19.168354 22.215847 -42.240986 12.824529 8.883236 -16.576180 -28.365007 39.877453 -7.082162
-9.219006 -13.220913 -3.031159 -24.958370 18.887135 6.659389 -17.205009 -42.381561 25.111586 -19.960911 -7.154829 -9.585887 9.729831 -45.728783 16.943316 -10.731670 -29.331623 -26.492855 25.327972 -18.363462 -15.092034 -19.166912 22.214361 -42.243595 12.823812 8.881901 -16.576721 -28.364698 39.875813 -7.085186
-9.218509 -13.222622 -3.028705 -24.971510 18.879473 6.656731 -17.205299 -42.387283 25.094885 -19.960093 -7.155813 -9.579887 9.723734 -45.735828 16.942043 -10.727854 -29.325024 -26.481298 25.336813 -18.369362 -15.092605 -19.176146 22.217432 -42.238014 12.828389 8.879311 -16.577620 -28.365944 39.872540 -7.076365
