-5.287297 -14.047535 10.402373 -5.573194 -7.346154 -4.830752 -19.660755 -16.388649 15.864315 5.791001 8.389827 7.021601 0.002023 4.405923 11.149198 8.163047 18.553745 3.545631 -10.742115 -14.852268 12.170973 -7.064089 26.765228 -4.355317 -16.659283 -26.803200 2.265030 -6.511203 4.644430 3.704130
-5.363206 -14.001563 10.443853 -5.567076 -7.336580 -4.795512 -19.587891 -16.362198 15.859149 5.790596 8.438727 6.944107 0.146501 4.304728 11.126847 8.163544 18.534262 3.576932 -10.759098 -14.713336 12.125704 -7.101122 26.651258 -4.397940 -16.664833 -26.865475 2.198800 -6.433622 4.653834 3.662580
-5.422163 -13.983202 10.521091 -5.611421 -7.282122 -4.784864 -19.446541 -16.295334 15.902925 5.745540 8.560400 6.863417 0.374817 4.154602 11.116347 8.213662 18.478088 3.668592 -10.794580 -14.520460 12.099822 -7.035629 26.545198 -4.481853 -16.680002 -26.901615 2.112383 -6.326312 4.660171 3.549959
-5.513576 -13.966393 10.580114 -5.721267 -7.176867 -4.728240 -19.242611 -16.224777 16.004433 5.708889 8.711460 6.795758 0.595695 4.030716 11.142629 8.246840 18.417288 3.722744 -10.839556 -14.307779 12.036079 -7.025339 26.314280 -4.536189 -16.684731 -26.967220 2.014608 -6.122584 4.648780 3.425782
-5.614510 -13.824568 10.626209 -5.764301 -7.166654 -4.626361 -19.142532 -16.222017 15.982777 5.676783 8.766157 6.746092 0.637849 3.998110 11.117310 8.226529 18.446245 3.670133 -10.854351 -14.229547 12.014243 -7.029940 26.129482 -4.645364 -16.775608 -27.045334 1.901308 -6.058556 4.510109 3.250551
-5.442134 -13.929207 10.574221 -5.848790 -6.951548 -4.809411 -18.773285 -15.890466 16.232988 5.518927 8.829554 6.709893 0.817184 3.882791 11.154635 8.287436 18.274805 3.867409 -10.830265 -14.156872 12.029693 -6.989136 25.981531 -4.879990 -16.804617 -27.112440 1.771943 -5.959570 4.526615 3.119101
-5.781030 -13.962591 10.874089 -6.098761 -6.723982 -4.686955 -18.314445 -15.763903 16.447111 5.414268 8.890476 6.481098 1.235802 3.558708 11.155072 8.373592 18.012125 4.186819 -10.788103 -13.900592 12.104940 -7.013276 25.601866 -5.037046 -16.874903 -27.372810 1.575058 -5.785773 4.527852 3.023772
-6.038656 -13.942175 11.161022 -6.201498 -6.663771 -4.596646 -18.079624 -15.727801 16.505070 5.353180 9.068909 6.315727 1.658682 3.333814 11.197461 8.497908 17.855774 4.364829 -10.762863 -13.620368 12.171423 -7.075460 25.254034 -5.099524 -16.936474 -27.670643 1.385716 -5.631404 4.574676 2.993352
-5.955544 -14.110473 11.287204 -6.294957 -6.586828 -4.685108 -18.012657 -15.702817 16.624386 5.264834 9.109585 6.288555 1.906005 3.296536 11.297914 8.542426 17.743349 4.443377 -10.741405 -13.480287 12.373396 -6.957351 25.112354 -5.145697 -16.954823 -27.774662 1.252670 -5.506265 4.772514 2.860252
-6.180402 -14.177658 11.521318 -6.518302 -6.340312 -4.571535 -17.550014 -15.580451 16.879562 5.202657 9.185855 6.219583 2.154599 3.174266 11.328853 8.575675 17.596998 4.540896 -10.754114 -13.339470 12.613181 -6.686908 24.746981 -5.326806 -17.012344 -28.088692 1.073017 -5.337526 4.435748 2.757799
-6.064115 -14.201157 11.514082 -6.562517 -6.142034 -4.593622 -17.213800 -15.415625 17.077551 5.147623 9.377614 6.197507 2.462223 3.079900 11.424439 8.736457 17.383795 4.744237 -10.615276 -13.287004 12.812762 -6.514737 24.547468 -5.530031 -17.074032 -28.328821 0.896573 -5.307358 4.237642 2.669932
-6.051319 -14.309296 11.583479 -6.665768 -5.995390 -4.631645 -16.974415 -15.290398 17.198893 5.064044 9.526829 6.244386 2.645635 3.069765 11.531163 8.950398 17.184168 4.887674 -10.498140 -13.318387 12.930276 -6.232698 24.609415 -5.655886 -17.060177 -28.363291 0.764177 -5.296104 4.091097 2.515422
-6.089524 -14.467125 11.713198 -6.844042 -5.834211 -4.706485 -16.744324 -15.164402 17.350519 4.893662 9.766621 6.277460 2.900047 3.042838 11.655737 9.201585 17.027098 4.926985 -10.383961 -13.253838 13.010392 -5.756683 24.721777 -5.823423 -17.167843 -28.500330 0.636852 -5.390090 3.989308 2.434221
-5.857285 -14.628673 11.713217 -6.864068 -5.811746 -4.842146 -16.808407 -15.158326 17.392324 4.828246 9.867632 6.361318 2.919943 3.072383 11.711861 9.328858 16.974911 5.011014 -10.274239 -13.383235 13.201284 -5.341712 24.583929 -5.981206 -17.263363 -28.714394 0.469869 -5.324989 3.789216 2.273394
-5.869718 -14.737956 11.872808 -7.078542 -5.478666 -4.788570 -16.224621 -14.928891 17.720295 4.686006 10.029659 6.397150 3.113694 3.074050 11.822160 9.493711 16.843546 5.056051 -10.198788 -13.328994 13.382852 -5.001504 24.479712 -6.021247 -17.306580 -28.813957 0.404274 -5.245740 3.655731 2.187779
-5.910484 -14.869530 11.927412 -7.283234 -5.223568 -4.793423 -15.847377 -14.752367 17.963078 4.549089 10.122839 6.444747 3.195548 3.068185 11.881420 9.591102 16.757315 5.163995 -10.101015 -13.386402 13.573375 -4.795485 24.364037 -6.098608 -17.315411 -28.878868 0.324533 -5.149460 3.339823 2.021367
-5.987868 -14.968331 12.040951 -7.456067 -5.059534 -4.817359 -15.587576 -14.627618 18.109179 4.422420 10.187956 6.473685 3.218860 3.076293 11.931693 9.716070 16.711298 5.154306 -10.032351 -13.460254 13.670910 -4.684156 24.138763 -6.213551 -17.313599 -29.010878 0.182435 -4.981050 3.042392 1.859918
-5.977044 -15.059490 12.139406 -7.487084 -5.009723 -4.851843 -15.485724 -14.577822 18.169699 4.353269 10.306923 6.489080 3.364943 3.060834 11.992521 9.809579 16.635248 5.122982 -10.026354 -13.384934 13.652810 -4.591561 24.173859 -6.212557 -17.299500 -28.943964 0.171110 -4.952443 3.035007 1.782497
-5.892777 -15.127244 12.118950 -7.507745 -5.003532 -4.941171 -15.497666 -14.527832 18.193010 4.302883 10.359259 6.540557 3.393947 3.095808 12.055943 9.871315 16.575312 5.175178 -9.963558 -13.443171 13.602820 -4.599635 24.224348 -6.186224 -17.268646 -28.836533 0.176333 -4.937435 3.055290 1.707207
-5.909167 -15.161016 12.152260 -7.561385 -4.963590 -4.960200 -15.441223 -14.493393 18.224785 4.274380 10.374799 6.526712 3.414574 3.090458 12.058182 9.870255 16.574057 5.148392 -9.973114 -13.419426 13.589574 -4.616087 24.216795 -6.187900 -17.265102 -28.826900 0.168704 -4.931884 3.071863 1.697309
-6.018587 -15.218397 12.293526 -7.733088 -4.807413 -4.958272 -15.164871 -14.370546 18.363592 4.185589 10.479151 6.575460 3.475253 3.106036 12.093431 9.942427 16.554226 5.125388 -9.912923 -13.460273 13.659758 -4.490177 24.181704 -6.220136 -17.268482 -28.870747 0.133165 -4.888322 2.751937 1.607681
-6.194793 -15.365204 12.545388 -7.966887 -4.606633 -5.004827 -14.795172 -14.195883 18.572552 3.957096 10.788197 6.630538 3.874721 2.984377 12.238801 10.149328 16.343233 5.162448 -9.810343 -13.283126 13.785424 -4.243767 24.367249 -6.354384 -17.232616 -28.798798 0.064965 -4.918609 2.310723 1.383388
-6.355173 -15.554546 13.041970 -8.326905 -4.222533 -5.083886 -13.967531 -13.779986 18.982410 3.601652 11.161625 6.740249 4.260021 2.859112 12.437217 10.417608 16.094690 5.130708 -9.686155 -13.162487 14.148864 -3.711349 24.295214 -6.861824 -17.255419 -29.081495 -0.218945 -4.765203 1.374259 1.029509
-6.466519 -15.892060 13.602024 -8.863701 -3.696434 -5.368134 -12.911693 -13.114289 19.534765 2.816284 11.742468 6.814918 4.951677 2.730832 12.782827 10.979744 15.588137 5.361508 -9.162535 -13.132804 14.901404 -3.143843 24.368547 -7.671169 -17.309105 -29.321255 -0.565985 -4.781974 0.765443 0.600209
-6.510462 -17.015182 14.763723 -10.026657 -2.571580 -5.823777 -11.471848 -12.426039 20.384043 2.033332 11.808596 7.126454 5.283051 2.742764 13.472788 11.305818 14.687593 5.917222 -8.384352 -13.408333 15.593148 -2.430017 25.143629 -8.522442 -17.446033 -29.708202 -1.174015 -5.265111 0.195167 0.248357
-6.565857 -18.290005 16.019114 -10.994276 -1.569524 -6.085273 -10.341567 -12.152782 20.972235 1.554292 11.920684 7.695081 5.850311 2.788932 14.256927 11.758436 13.518737 6.762430 -7.733190 -13.451427 14.953973 -0.263738 24.740736 -10.066259 -18.890411 -28.236826 -0.090801 -6.337747 -1.410913 -0.149255
-5.070723 -19.127687 16.350330 -11.926584 -0.891167 -8.055011 -9.249954 -10.327074 21.101297 0.577714 11.287491 8.621889 7.137653 2.459724 15.679212 11.947061 11.327699 8.366525 -6.968104 -13.038404 10.577716 2.709814 23.616014 -14.089958 -21.687664 -23.463898 2.308866 -7.826940 -3.131776 -1.692085
-1.148900 -19.519293 13.767222 -12.257250 0.267192 -10.128921 -9.086322 -8.878435 21.160351 1.013118 9.756850 9.352792 7.569458 2.433872 17.123913 10.169534 9.779674 9.320445 -5.851786 -13.267207 3.973130 2.398541 22.201551 -15.765480 -23.797104 -20.411255 3.030808 -8.205065 -1.531317 -2.517638
1.826285 -19.279322 10.034808 -12.855810 0.806696 -12.031397 -9.917739 -7.652369 20.870716 1.588592 6.827555 9.665914 8.064731 2.232349 18.467945 6.892940 7.071888 11.008248 -5.486742 -12.853875 -1.531889 -0.069785 18.709803 -18.816166 -25.566780 -17.046843 3.611779 -7.276046 2.464156 -4.125072
4.151990 -18.649406 5.637362 -14.115993 1.189992 -14.389866 -10.922475 -5.879676 20.465101 2.108491 4.530045 9.057574 7.964598 1.544003 18.708147 3.153254 5.010025 13.457072 -5.885805 -12.992994 -6.609757 -4.017391 13.736164 -20.974344 -25.769958 -15.587968 2.175868 -3.545919 8.721532 -6.684095
6.699758 -17.290365 0.589750 -15.315603 1.304675 -16.707253 -11.568319 -3.396979 20.170259 2.428306 2.224309 8.203148 7.787661 0.992901 18.926811 -1.940753 3.389735 15.451623 -6.913472 -12.233812 -9.833169 -5.076985 9.323992 -21.076561 -25.763519 -13.934408 2.230888 0.970791 15.357526 -8.643739
9.193133 -14.897064 -2.599232 -15.778831 1.463824 -17.514772 -10.968339 -1.480849 19.792688 3.610868 0.760816 7.143381 7.660015 0.436481 18.791380 -6.029698 2.665221 16.249060 -7.787818 -11.092107 -8.916422 -9.420772 6.162996 -20.264536 -23.307699 -11.877405 3.189876 5.243976 19.989359 -9.745375
10.519635 -13.000878 -3.784849 -16.068592 1.686973 -17.947477 -9.777218 0.336621 19.574823 4.388110 0.200595 6.088614 8.051337 -0.290977 18.634514 -9.487793 2.458210 16.351557 -9.053585 -9.031138 -9.021129 -12.758179 4.966170 -17.359549 -21.374424 -10.671436 4.738814 7.656394 23.104454 -8.705669
11.137936 -11.778850 -6.093140 -15.819370 1.869138 -17.638996 -9.606431 1.051006 19.823271 4.840503 0.271769 4.544939 8.467584 -0.559881 19.050884 -10.959423 1.819716 16.609865 -10.071164 -7.111641 -9.590508 -16.015564 5.342537 -16.214571 -20.415848 -9.810941 6.189400 8.206047 24.109825 -8.104032
12.639681 -10.241051 -7.508187 -15.570324 1.656729 -18.439701 -9.338149 2.570640 19.777290 4.911992 1.459106 3.150028 8.972683 -1.400748 18.884037 -12.633892 2.510502 16.190105 -10.891859 -5.395915 -9.933030 -19.118315 7.137258 -15.545903 -18.979065 -7.488046 8.191563 8.342072 24.708910 -8.267984
14.320951 -9.191687 -8.943192 -15.699633 1.870899 -19.531193 -8.748953 4.382357 20.033018 4.847661 4.447428 0.529679 10.079532 -2.804656 17.738295 -14.525577 3.980357 16.047688 -11.543940 -4.159659 -10.794154 -21.689409 8.961977 -14.496473 -17.289331 -6.172277 9.151455 8.767838 24.144030 -8.583615
15.456470 -8.202017 -10.034834 -15.288914 1.675386 -20.145041 -8.608995 5.471196 19.945208 4.689205 6.840159 -1.720478 10.326772 -3.610260 16.561916 -15.888813 6.053972 15.276345 -11.983793 -3.477616 -10.789668 -23.555387 9.318077 -13.595543 -16.170443 -5.368797 9.909248 9.423010 23.006540 -9.025331
16.378418 -7.462082 -11.124878 -15.625436 1.399670 -21.218702 -9.005952 6.549268 19.563061 4.658703 7.717844 -3.111734 10.507425 -3.932559 15.889874 -16.169950 6.779261 15.152114 -12.041545 -3.333584 -10.291150 -24.864048 9.085640 -13.075594 -15.685921 -5.244573 10.445902 9.799508 22.607782 -8.971987
16.646805 -6.861154 -11.441688 -15.841021 1.077751 -21.778837 -9.219624 7.147607 19.125156 4.762052 7.904412 -3.816917 10.572803 -4.098429 15.438405 -16.181923 6.806523 15.293080 -11.994471 -3.558619 -10.673429 -25.329803 8.561044 -12.792359 -15.588190 -5.373051 10.263921 10.245487 23.017145 -9.176596
16.605860 -6.821931 -11.570908 -15.825855 0.961783 -21.865328 -9.378076 7.190863 19.056671 4.734091 8.063249 -4.074957 10.565112 -4.163941 15.277369 -16.236557 6.858337 15.384124 -11.947468 -3.742709 -10.635657 -25.535082 8.299848 -12.873854 -15.551006 -5.481723 10.203368 10.378529 22.974768 -9.203657
16.651257 -6.830059 -11.511461 -15.831458 1.001763 -21.829210 -9.341203 7.152036 19.068712 4.771601 8.083556 -4.063113 10.639832 -4.182705 15.276190 -16.226171 6.839595 15.385810 -11.964359 -3.687689 -10.632943 -25.517027 8.255855 -12.826051 -15.579829 -5.521157 10.194128 10.379260 23.065481 -9.161269
16.679169 -6.857426 -11.359550 -15.759514 1.035239 -21.734549 -9.285940 7.054852 19.069080 4.841740 8.102242 -3.964238 10.653552 -4.136809 15.309245 -16.251911 6.878312 15.362171 -12.045595 -3.564125 -10.579987 -25.430565 8.297811 -12.804729 -15.593265 -5.516708 10.265523 10.315048 23.055981 -9.028358
16.753416 -6.840952 -11.181889 -15.826374 1.061211 -21.778271 -9.242115 7.063732 19.018179 4.890727 8.082674 -3.930119 10.735456 -4.173725 15.353236 -16.385380 6.933311 15.325610 -12.067456 -3.456219 -10.542953 -25.329489 8.303919 -12.688984 -15.633471 -5.538183 10.325078 10.266897 23.196615 -8.896017
16.848757 -6.809198 -10.784464 -15.823809 1.177407 -21.702433 -9.003837 7.019883 18.973930 5.109463 8.163556 -3.887897 10.838321 -4.145907 15.412805 -16.635984 7.006788 15.298972 -12.215946 -3.155905 -10.690388 -25.284927 8.366323 -12.645192 -15.615719 -5.487074 10.316565 10.268656 23.267479 -8.852644
16.816975 -6.943365 -10.766972 -15.964102 1.226996 -21.707899 -9.181461 6.872246 18.885729 5.246329 8.115056 -3.686190 10.822455 -4.205822 15.344652 -16.654795 7.092065 15.191360 -12.417141 -2.958899 -10.763253 -25.114372 8.105530 -12.386456 -15.767895 -5.653661 10.334443 10.220559 23.595694 -8.510368
17.017273 -7.011585 -10.713436 -16.128672 1.332443 -21.770908 -9.236865 6.805746 18.755424 5.579314 7.920978 -3.633953 10.905961 -4.306281 15.376208 -17.035130 6.998998 15.309680 -12.562754 -2.689385 -11.035840 -25.186094 7.808484 -12.210164 -15.774872 -5.671803 10.240218 10.446152 23.897480 -8.487123
16.981501 -7.230839 -10.764631 -16.359182 1.436975 -21.747747 -9.355456 6.675866 18.778570 5.656511 7.313165 -3.181931 10.939792 -4.480603 15.436526 -16.952585 6.614012 15.524972 -12.456381 -3.024744 -11.447784 -25.148771 7.565745 -12.100540 -15.908016 -5.686668 10.136957 10.491871 24.426819 -8.417120
17.155653 -7.363412 -10.160872 -16.431791 1.606655 -21.611572 -9.187862 6.438999 18.679331 6.135342 6.779422 -2.842324 10.804387 -4.546717 15.600031 -17.252714 6.340498 15.719153 -12.395018 -3.179308 -11.909448 -25.025211 7.263487 -11.776684 -15.947681 -5.768375 9.925707 10.818020 24.976454 -8.456532
17.338713 -7.389748 -9.750184 -16.612782 1.795234 -21.485756 -8.949451 6.318817 18.614298 6.600412 6.414303 -2.753157 11.002942 -4.535137 15.760150 -17.555189 5.993998 15.899494 -12.531537 -2.817775 -12.262206 -24.851343 7.257319 -11.517168 -15.976468 -5.870873 9.746979 10.965754 26.085836 -8.311911
17.231066 -7.568000 -9.441973 -16.889788 1.963736 -21.366476 -8.876840 6.135290 18.545259 6.926414 5.776541 -2.174502 11.147412 -4.475428 15.934718 -17.564468 5.507602 16.210930 -12.579792 -2.739093 -12.668822 -24.698851 7.020043 -11.484695 -16.141533 -6.026571 9.443187 11.175072 26.997307 -8.362126
17.251865 -7.798633 -9.068895 -17.109362 2.146292 -21.262194 -8.828774 5.912973 18.453003 7.397634 5.024178 -1.638021 11.236602 -4.529032 16.128067 -17.680643 5.020619 16.548811 -12.547464 -2.837710 -12.956866 -24.355795 6.971546 -11.567452 -16.231291 -6.096034 9.195827 11.312060 27.734045 -8.376547
17.112768 -8.073657 -8.625688 -17.445318 2.269515 -21.319860 -8.903884 5.732138 18.273207 7.708415 4.380864 -1.756377 11.410411 -4.610998 16.348560 -18.010353 4.284212 17.068411 -12.483482 -2.754913 -13.090694 -23.785709 7.106863 -11.302043 -16.189066 -6.130657 8.916032 11.731889 28.955814 -8.620480
17.172190 -8.125967 -8.121574 -17.632328 2.362504 -21.287096 -8.792518 5.621188 18.076590 8.187311 3.588766 -1.335270 11.396865 -4.692734 16.558826 -17.941519 3.653801 17.316896 -12.332778 -2.915770 -12.929038 -23.230614 7.199586 -11.380997 -16.228447 -6.048745 8.845985 11.857407 29.698048 -8.700630
17.171244 -8.293097 -7.675965 -17.655453 2.467308 -21.050934 -8.741496 5.295687 17.934006 8.700914 2.695292 -0.587957 11.194392 -4.568882 16.781990 -17.883139 3.288068 17.459829 -12.209118 -3.112907 -12.779450 -22.739237 6.816379 -11.677803 -16.488468 -6.404617 8.629798 11.759547 30.013611 -8.485701
17.091705 -8.490351 -7.337022 -17.919521 2.561728 -21.100883 -8.741068 5.220688 17.793222 8.991717 1.887105 -0.273308 11.098193 -4.467831 17.065269 -17.789921 2.618816 17.816330 -12.085231 -3.224911 -12.747726 -22.261694 6.539198 -11.774853 -16.583900 -6.572841 8.335174 11.954675 30.497274 -8.606194
16.991226 -8.648623 -7.186022 -18.111452 2.660451 -21.064915 -8.743649 5.109678 17.721769 9.216216 1.103447 -0.130882 11.126117 -4.513852 17.159502 -17.712549 2.071465 18.111387 -11.958164 -3.259311 -12.419240 -21.995016 6.655895 -11.920575 -16.513212 -6.512390 8.115455 12.072579 30.993979 -8.882573
17.079811 -8.699479 -6.595334 -18.109819 2.696751 -21.023996 -8.585681 5.000624 17.568712 9.556924 0.621389 0.120631 11.107945 -4.492157 17.242409 -17.623655 1.799422 18.217749 -11.959044 -3.209510 -12.209636 -21.810410 6.630535 -12.138495 -16.511513 -6.655302 7.758652 12.139042 31.234497 -9.107357
16.949062 -8.802914 -6.506243 -18.222061 2.715748 -20.921209 -8.685706 4.805206 17.472507 9.727812 0.280600 0.391936 11.016488 -4.351754 17.288021 -17.502420 1.706751 18.228466 -12.017551 -3.154351 -11.954072 -21.869837 6.216821 -12.355747 -16.659283 -6.872047 7.604619 12.122309 31.400869 -9.132027
17.093708 -8.802500 -6.185455 -18.142315 2.747363 -20.869467 -8.536003 4.762870 17.401999 9.977975 0.041708 0.692996 10.989726 -4.335554 17.274023 -17.479742 1.709082 18.218580 -12.017565 -3.171751 -11.947264 -21.763384 6.244369 -12.568529 -16.721640 -6.906190 7.523812 12.075270 31.638098 -9.162001
17.030287 -8.840729 -6.140701 -18.236746 2.754605 -20.924856 -8.525084 4.808730 17.401178 9.927059 0.005376 0.741229 10.977287 -4.339386 17.297220 -17.461342 1.665490 18.209436 -12.005401 -3.197129 -12.028657 -21.636875 6.201011 -12.539803 -16.783985 -6.962586 7.452061 12.140923 31.752764 -9.215425
17.081566 -8.790443 -6.183852 -18.193993 2.748267 -20.899677 -8.522906 4.807162 17.405416 9.946717 0.003742 0.685872 11.005376 -4.355332 17.274483 -17.513865 1.706250 18.212698 -12.047237 -3.121603 -12.072606 -21.748583 6.262739 -12.451056 -16.726027 -6.888733 7.495105 12.136938 31.771986 -9.218284
17.171938 -8.729944 -6.322201 -18.147314 2.756828 -20.829971 -8.571974 4.746861 17.407576 10.022598 -0.029713 0.400572 11.071895 -4.474968 17.276119 -17.536690 1.585925 18.281610 -12.055665 -3.049966 -12.005305 -22.070412 6.226016 -12.419800 -16.579847 -6.790659 7.553089 12.186181 31.596231 -9.256987
17.170828 -8.586967 -6.605116 -18.132809 2.746989 -20.874924 -8.515448 4.937717 17.513634 9.804295 0.218593 0.091067 11.224862 -4.664662 17.161898 -17.756674 1.635204 18.347662 -12.054367 -3.039782 -12.212175 -22.110466 6.363068 -12.254597 -16.506056 -6.648623 7.690485 12.261765 31.542440 -9.233475
17.682987 -8.309922 -6.479110 -17.842306 2.678370 -20.887154 -8.449494 4.965862 17.351820 10.145041 0.417010 -0.090555 11.210258 -4.764221 17.035957 -17.933941 1.850350 18.290306 -12.155938 -2.974784 -12.427897 -22.232172 6.446166 -11.809513 -16.431122 -6.633857 7.880350 12.296803 31.586496 -8.968201
18.060957 -7.942666 -6.464093 -17.631029 2.638153 -20.931601 -8.222040 5.194118 17.284313 10.229852 1.124463 -0.561722 11.471919 -4.957179 16.724186 -18.280416 2.337624 18.195599 -12.439031 -2.683960 -12.764338 -22.831553 6.325979 -11.671158 -16.270096 -6.503538 8.051974 12.469734 31.418884 -8.898714
18.339193 -7.552907 -6.900697 -17.451433 2.552319 -20.968004 -8.212975 5.395950 17.225277 10.267591 1.500038 -1.056260 11.609455 -5.152256 16.496563 -18.772295 2.722871 18.100824 -12.644934 -2.339157 -13.296186 -23.273043 6.070528 -11.119796 -16.092983 -6.286276 8.298977 12.855014 31.463476 -8.794341
18.523497 -6.902379 -7.330641 -17.225142 2.180014 -21.246675 -8.296478 5.841166 17.015680 9.986044 1.770737 -1.276381 11.439922 -5.299593 16.191689 -19.027388 3.333299 17.543711 -12.834203 -2.240841 -13.710536 -23.623209 5.783628 -10.441061 -15.917195 -6.286544 8.421279 13.433744 31.718966 -8.759373
19.133718 -6.466309 -7.238956 -16.709717 2.020288 -21.240465 -8.198359 5.899200 16.844923 10.294638 2.367733 -2.040630 11.467567 -5.582570 15.746662 -19.599260 4.208472 17.053740 -13.119314 -1.940728 -14.192036 -24.520731 5.839967 -10.053154 -15.640530 -6.163312 8.470695 13.693149 31.631201 -8.858918
19.240795 -5.964342 -7.715676 -16.272053 1.818765 -21.150309 -8.093273 6.095154 16.987997 9.969163 2.449111 -2.613347 11.207600 -5.859466 15.447564 -19.758595 4.638281 16.702396 -12.903130 -2.335535 -14.876457 -24.987236 5.483490 -9.311182 -15.364739 -6.130627 8.491371 14.480455 31.785492 -8.988632
19.577345 -5.091704 -8.177555 -15.769248 1.480421 -21.202738 -7.948390 6.494848 16.827324 9.970779 3.007221 -3.318959 11.664401 -6.118200 15.149377 -19.983246 4.866024 16.561512 -13.001427 -2.179421 -15.240066 -25.609575 5.883938 -9.358406 -15.098495 -5.609210 8.724346 14.595989 31.693357 -9.420628
19.863287 -3.630044 -8.562114 -14.869201 0.831531 -20.957830 -7.594095 6.987299 16.521887 10.171529 2.859328 -4.166222 11.718820 -6.283088 14.982979 -20.079126 4.530912 16.273775 -12.842757 -2.618583 -16.289557 -25.713930 6.536195 -8.896263 -14.689190 -4.773592 8.901422 15.108069 31.325607 -10.257784
19.883448 -2.174885 -9.041855 -13.794024 0.004317 -20.635359 -7.323615 7.528627 16.143534 10.454254 2.386932 -4.932502 11.719943 -6.697826 14.669063 -20.256998 4.198504 15.967244 -12.798237 -2.959174 -16.545839 -25.771517 7.124995 -8.594340 -14.282494 -3.941891 9.209476 15.340294 30.534979 -11.000175
19.868124 -1.174689 -9.209410 -13.396822 -0.591376 -20.494606 -7.205220 7.882680 15.951508 10.266336 2.408280 -6.080545 12.080950 -6.921855 14.202678 -20.711437 4.095300 15.213426 -12.888837 -3.170376 -17.054785 -25.203388 8.157660 -7.820009 -13.746599 -3.250804 9.303304 15.832655 30.335491 -11.661453
19.544100 -0.603252 -9.394181 -13.364766 -0.596759 -20.109459 -6.349595 8.403852 16.494188 9.765079 2.512861 -6.980923 12.703725 -7.384808 14.216593 -21.060936 3.382820 14.939617 -12.573104 -3.434790 -17.849192 -24.512157 9.247604 -6.900348 -13.029852 -2.539518 9.169297 16.669806 29.942055 -12.605836
16.807634 -0.175489 -9.586735 -11.608294 -1.716874 -21.216536 -5.174125 10.377668 18.049440 4.347874 2.787723 -11.247148 11.153615 -6.307274 12.333453 -17.033142 3.459835 17.069941 -6.987070 -9.889190 -2.269833 -27.631876 24.623316 4.617847 -2.928439 -20.391346 -5.283288 15.634335 30.844250 -10.915396
16.671721 1.088471 -9.421656 -11.090639 -2.289284 -20.777353 -4.329280 10.960900 18.162287 4.024881 1.779747 -12.552726 11.239906 -6.925703 12.319903 -17.280996 2.666395 16.404039 -6.464810 -10.554153 -2.878190 -27.002234 25.726473 5.515593 -1.935505 -19.514471 -5.283912 16.954861 30.411108 -12.024447
16.544142 2.485952 -9.687765 -10.683947 -2.696700 -20.167957 -3.384234 11.549179 18.401247 3.944936 1.194430 -13.459224 11.243229 -7.345032 12.381537 -17.028372 2.011575 16.096428 -6.133738 -10.730586 -3.046295 -26.029833 26.862698 6.726716 -1.087842 -18.679073 -5.138239 18.015535 30.246681 -12.953784
16.507215 3.452969 -9.866827 -10.715897 -2.812246 -19.641989 -2.575741 11.937771 18.779253 3.706343 0.942922 -14.474261 11.285619 -7.844600 12.185178 -16.966038 1.740592 15.656322 -6.037583 -10.872851 -3.189536 -24.810598 27.528473 8.370785 -0.168700 -17.677650 -4.907697 19.464523 29.658146 -13.968970
16.118607 4.168825 -10.230362 -10.358022 -3.107626 -19.271185 -1.843276 12.553132 19.107801 3.744437 0.147829 -15.732863 11.719443 -8.186576 11.832782 -16.828979 1.456387 15.326957 -5.771070 -10.881152 -3.620818 -23.496317 28.497114 9.230150 0.610494 -16.620583 -4.643416 20.574848 29.141340 -14.952524
15.511018 5.542009 -9.995860 -11.450969 -3.294811 -18.497133 -0.901833 13.184354 18.996801 3.948357 0.920325 -16.008324 11.438190 -9.911613 11.273635 -16.953903 1.229443 15.278364 -6.999321 -10.393557 -4.695392 -21.585154 28.664867 9.621849 1.878485 -15.189533 -3.824769 23.212700 27.104296 -16.005079
15.262572 6.390159 -9.603491 -11.273944 -3.486001 -17.724539 -0.176278 13.286009 18.924564 4.436272 0.532686 -16.979004 11.466649 -10.608276 10.695179 -16.800653 0.975552 15.489398 -7.413498 -9.984753 -5.045955 -20.365129 29.446951 9.953865 3.044060 -14.212446 -3.584265 24.625353 24.722013 -16.909193
14.521894 7.035712 -9.603193 -10.135193 -3.921784 -17.154476 0.758354 13.824235 19.010666 4.981456 -0.452976 -18.056835 11.375379 -11.126436 10.212338 -16.339626 0.736436 15.583950 -7.311634 -9.815745 -4.685941 -19.293081 29.512693 10.770649 4.209389 -13.166769 -3.098989 26.088371 21.930960 -17.828730
13.927108 8.124399 -10.175893 -9.159481 -4.536199 -16.670433 1.271432 14.406290 18.863646 5.461874 -1.659066 -18.506020 11.436134 -11.133745 9.927176 -15.771345 0.381477 16.232283 -7.392498 -8.965069 -4.092401 -19.026316 29.379375 11.860461 5.044224 -11.991277 -2.649726 27.224541 19.267805 -19.145048
14.111226 8.862700 -10.469229 -8.608477 -4.683545 -16.455503 1.934630 14.918992 18.881523 5.734736 -2.471294 -19.624834 11.687376 -11.673328 9.132203 -15.366233 0.463841 16.438057 -7.714234 -8.097557 -3.647791 -18.343184 28.630514 12.768523 5.367254 -11.441456 -2.220655 28.214195 17.800913 -19.717018
14.189316 9.890692 -10.091377 -8.071877 -4.960947 -15.918074 2.800736 15.225378 18.808952 6.119275 -3.214778 -20.209482 11.374341 -11.922001 8.956798 -14.987940 0.282800 16.807728 -7.828589 -7.387986 -3.240427 -17.468929 27.753088 13.967058 5.736523 -11.287208 -1.846396 29.459660 16.520643 -19.817949
14.019562 10.810665 -10.231846 -7.966974 -5.299453 -15.438118 3.000071 15.292377 18.632353 6.237096 -3.985097 -21.363159 11.114945 -12.074308 8.151542 -14.726426 0.483719 16.512384 -7.920887 -7.472003 -2.701207 -17.007399 26.379774 15.323206 6.001961 -11.205672 -1.574053 30.878958 15.303706 -20.261278
13.808887 11.978547 -10.062374 -7.655559 -5.825523 -14.757767 3.279509 15.312884 18.130713 7.025874 -4.185901 -21.943598 11.030856 -12.238788 7.918715 -14.808228 0.378783 16.974066 -8.084206 -6.909427 -2.544291 -16.718346 25.439213 16.125845 6.438264 -11.481606 -1.337874 32.085751 14.299512 -19.981695
13.820141 12.728312 -9.958792 -7.587402 -5.958995 -14.391916 3.514347 15.295354 17.879591 7.437849 -5.186756 -22.922539 10.770656 -12.588200 6.939034 -14.575081 0.614459 17.020338 -8.510735 -6.907211 -2.319239 -16.586670 24.392012 17.163095 6.735015 -11.730093 -1.021943 32.895054 13.001996 -19.470818
13.810258 13.898413 -9.592164 -7.778467 -6.180252 -13.667227 3.852664 15.122822 17.516703 7.865753 -5.634628 -23.568140 10.670431 -12.489123 6.383816 -14.695411 0.886267 17.320318 -8.731745 -6.429180 -1.891626 -16.773581 23.279371 18.146374 6.852149 -11.956519 -0.689929 33.515701 11.683484 -19.101511
13.721678 14.907777 -9.526619 -7.304976 -6.541746 -13.045160 4.126406 15.082899 17.048025 8.853905 -6.897353 -24.747768 10.092700 -12.703130 5.621442 -14.406124 0.880622 17.396204 -9.163301 -6.434078 -1.416125 -18.001963 22.202181 18.900843 7.015555 -12.245825 -0.401474 33.730637 10.493358 -18.615135
13.776087 16.130201 -9.514162 -6.500093 -6.975954 -12.304733 4.429688 14.986806 16.543018 9.914337 -7.549406 -25.194204 9.921759 -12.572279 5.202355 -14.436826 1.090266 17.617323 -9.281917 -6.159826 -0.876854 -19.070677 21.019577 19.547743 7.186677 -12.644294 -0.190346 34.071346 9.143085 -18.148458
13.645277 17.136942 -9.548872 -5.858916 -7.392474 -11.695904 4.562472 14.847662 16.205793 10.558897 -8.266767 -25.400480 9.532382 -12.425469 4.832392 -14.067058 1.092017 17.695614 -9.448718 -5.888006 -0.311249 -20.193911 19.776937 20.213161 7.155674 -13.048896 0.161931 34.113358 7.699425 -17.509684
13.456482 18.020996 -9.406540 -5.455547 -7.749633 -11.196589 4.748783 14.806240 15.832760 11.018333 -9.480766 -26.127092 9.071548 -12.469511 4.247226 -13.813116 1.179643 17.810726 -9.616831 -5.956659 0.223473 -21.073269 18.728521 20.840219 7.184412 -13.452369 0.534067 34.266693 6.349301 -16.857744
12.847512 18.686129 -9.188221 -5.026064 -7.945046 -10.671150 5.234545 14.907738 15.676281 11.336226 -10.297503 -26.684490 8.620030 -12.239645 3.934240 -13.663630 1.381075 17.804497 -9.623081 -5.904856 0.811292 -21.746750 17.609665 21.441019 7.114658 -13.846775 1.022594 34.420406 5.465228 -16.061686
12.236528 19.300144 -9.186329 -4.526199 -8.277256 -10.135404 5.448063 14.861888 15.594247 11.422256 -10.894423 -26.650059 8.138807 -11.950199 3.691240 -13.336741 1.665798 17.575151 -9.729671 -5.832724 1.429136 -22.265501 16.992376 21.560905 6.987501 -14.004171 1.420178 34.096363 4.568419 -15.474339
11.964151 19.976568 -8.840475 -4.285495 -8.475788 -9.525365 5.793259 14.730257 15.407579 11.816923 -11.461916 -27.077972 7.832750 -11.877143 3.379071 -13.079823 1.828261 17.506441 -9.875993 -5.663641 1.852266 -22.341516 16.264643 21.944729 6.886781 -14.258909 1.640458 34.183800 3.489654 -15.110931
11.780121 20.332235 -8.689035 -4.089474 -8.596386 -9.210620 5.967733 14.654395 15.376135 11.816027 -12.064768 -27.420528 7.569120 -11.918957 3.189751 -12.926838 1.880791 17.431528 -10.033464 -5.573104 2.057116 -22.754030 15.704370 22.088318 6.877379 -14.549494 1.727485 34.302338 3.103143 -14.808722
11.443274 20.632483 -8.457330 -3.904759 -8.730215 -8.838331 6.198026 14.613740 15.237202 12.105621 -12.419391 -27.525169 7.386031 -11.815147 3.090848 -12.867969 1.959994 17.388657 -10.081308 -5.547823 2.312432 -22.944586 15.315706 22.092634 6.838327 -14.736978 1.881765 34.314186 2.619617 -14.538911
11.351559 20.953184 -8.345562 -3.606497 -8.837186 -8.563992 6.329729 14.533783 15.093699 12.426786 -12.850846 -27.430973 7.114396 -11.696923 3.010079 -12.828477 1.938308 17.505762 -10.122552 -5.566878 2.438297 -22.899141 14.875756 22.324381 6.695463 -14.896532 1.999894 34.326244 2.341096 -14.285220
11.301007 21.009012 -8.384457 -3.590761 -8.862090 -8.529527 6.347706 14.550943 15.097509 12.409868 -12.850319 -27.510685 7.102262 -11.682551 2.975597 -12.861220 1.992810 17.508724 -10.118019 -5.575788 2.495678 -22.960962 14.741878 22.364017 6.672854 -14.886992 2.070919 34.334568 2.237983 -14.236315
