-12.273804 -5.308083 -21.886543 8.303457 -13.815035 -1.730452 -14.693395 -1.371601 16.666550 19.879292 -7.113490 -8.850860 5.667757 18.842529 -1.168216 -14.410314 18.444052 2.462682 -9.305674 -23.840965 -3.633786 -24.322004 21.871740 21.241028 -26.030754 3.878190 23.530815 -12.976879 -11.314238 -7.587776
-12.116049 -5.256474 -21.962019 8.389668 -13.879148 -1.799464 -14.711875 -1.310522 16.630663 19.881775 -7.144416 -9.026928 5.532051 18.811825 -1.334235 -14.489840 18.431803 2.413871 -9.483515 -24.009302 -3.423927 -24.639353 21.819231 21.316330 -26.004614 4.111016 23.967422 -13.003785 -11.427115 -7.353090
-12.577601 -5.340602 -22.039165 8.376524 -13.890142 -1.737751 -14.713543 -1.305703 16.725754 19.672085 -7.050921 -9.046044 5.536627 18.755947 -1.278573 -14.521884 18.550058 2.331970 -9.440699 -23.953049 -2.664833 -24.365026 21.466103 21.111004 -25.951408 4.247102 24.185108 -12.856792 -11.084993 -7.312915
-12.583018 -5.221866 -22.258076 8.568151 -14.119396 -1.783721 -14.901587 -1.285103 16.570366 19.612398 -7.092141 -9.365928 5.325691 18.756371 -1.481348 -14.376476 18.503496 2.285133 -9.508403 -24.332432 -2.551790 -24.729973 21.461878 21.123087 -25.985699 4.432667 24.669451 -12.952846 -11.496791 -7.041908
-12.452427 -4.983111 -22.741072 8.982744 -14.427370 -1.717103 -15.155342 -1.324145 16.428862 19.655891 -7.366150 -9.664500 5.174819 18.674625 -1.542768 -14.328555 18.281961 2.463710 -9.487791 -24.348227 -2.277240 -25.253546 21.242800 21.067047 -25.929356 4.660793 25.132683 -12.908403 -11.965041 -6.912471
-12.549871 -4.952199 -23.222801 9.133499 -14.489927 -1.564785 -15.274074 -1.422540 16.573877 19.432959 -7.360158 -9.935667 4.915390 18.758499 -1.706922 -14.194259 18.356207 2.387654 -9.564279 -24.551640 -1.783561 -25.561687 20.938229 20.833294 -25.891428 4.992260 25.726582 -12.830168 -12.180948 -6.713364
-11.849078 -4.751408 -23.802212 9.715979 -14.957165 -1.993212 -15.489596 -0.969788 16.332628 19.340530 -8.158461 -10.754866 4.608824 18.709572 -1.897091 -14.346462 17.592340 2.900164 -9.527970 -24.777153 -1.949084 -26.565466 20.275244 21.087780 -25.868355 5.356052 26.447350 -12.518283 -13.311865 -6.400618
-11.756755 -3.999699 -24.602810 10.267801 -15.638302 -1.954896 -15.877897 -0.796300 15.900330 19.504047 -8.811901 -11.381077 4.065494 18.810513 -2.352334 -14.388667 17.372669 3.007977 -9.703938 -25.150454 -1.993852 -27.597464 19.429722 21.228432 -25.910057 5.761628 27.025082 -12.267281 -14.644851 -6.408899
-11.544384 -3.452550 -25.647749 10.531246 -16.237696 -1.919961 -16.446253 -0.748109 15.562447 19.576630 -9.864838 -11.814628 3.422014 18.941936 -2.441641 -14.826828 16.959349 3.353885 -9.852051 -25.150232 -1.963032 -28.795477 18.621094 21.357267 -25.710659 5.888955 27.355820 -11.860191 -15.289960 -6.191908
-11.089895 -2.869500 -26.522919 10.967907 -16.660412 -2.046975 -16.647402 -0.445411 15.366940 19.650257 -11.121011 -12.448520 2.545328 19.342920 -2.883486 -14.972236 16.743860 3.604350 -10.103728 -25.521177 -1.820318 -30.142397 17.707018 21.225626 -25.245277 5.966558 27.126587 -11.126059 -15.254476 -6.583859
-10.511902 -1.883904 -27.487053 11.335512 -17.145718 -2.127897 -16.633591 0.107195 15.012673 19.773306 -12.195049 -13.399796 2.397909 18.666965 -3.215817 -15.420669 16.306940 4.063652 -10.545733 -25.056313 -2.807000 -31.926167 16.732939 21.559982 -25.160568 5.672797 27.035839 -10.554829 -15.232487 -6.361706
-9.445723 -0.737235 -28.571472 11.513956 -17.391293 -2.217247 -16.356945 0.766461 14.799014 20.206924 -13.293592 -14.096810 1.980466 18.570419 -3.422799 -16.330317 15.971454 4.714983 -11.191803 -24.417553 -4.307781 -34.058823 15.397853 22.229832 -25.097784 5.441305 26.931080 -9.634957 -14.409339 -6.176019
-9.145337 0.532989 -29.859766 11.540342 -17.631567 -2.088174 -15.852263 1.583458 14.812373 20.540672 -14.275990 -15.018509 1.949635 18.041508 -3.583104 -16.790041 15.057150 5.937966 -11.690884 -23.506639 -5.413153 -35.668964 13.853273 22.754782 -25.086170 5.118171 26.803436 -8.635460 -13.361644 -5.924770
-8.961046 1.528245 -31.115814 11.085598 -17.301382 -1.922680 -14.994188 2.402314 15.160943 20.683918 -15.066929 -15.888492 1.776954 17.432983 -3.998925 -17.142254 14.894508 6.660435 -12.423881 -22.289118 -6.472019 -37.184978 12.257915 23.353838 -25.055838 4.630497 26.339037 -7.607221 -12.058679 -5.920153
-8.950018 2.606655 -32.338390 10.666611 -17.161592 -1.835723 -14.336957 3.236902 15.366487 20.894236 -15.717413 -16.610567 1.717156 16.923790 -4.121794 -17.566580 15.002810 6.927294 -12.692762 -21.371977 -7.141841 -39.242496 10.744676 23.374905 -24.748825 4.577678 26.044151 -6.811414 -10.390398 -5.901258
-9.519215 3.663232 -33.407215 10.135433 -17.077055 -1.547015 -13.829381 3.787602 15.502170 20.992905 -16.117378 -17.368378 1.590670 16.588367 -4.406109 -17.891548 15.249329 6.926620 -13.688255 -20.142887 -6.996439 -40.492466 9.020317 23.381729 -24.551409 3.925696 25.425617 -6.077901 -9.462818 -5.831262
-9.807088 4.504529 -34.437805 9.720423 -16.822926 -1.173576 -13.345395 4.103859 15.759893 21.329929 -16.470627 -17.480816 1.289863 16.786816 -4.396494 -18.520472 15.436544 6.975529 -14.867270 -19.011618 -6.505511 -41.121883 7.829740 23.345922 -24.291698 4.001731 25.454220 -5.386964 -8.460212 -5.811864
-10.040227 5.190954 -34.863087 9.550705 -16.783251 -1.025819 -12.917784 4.488866 15.796504 21.625807 -16.384520 -17.789177 1.236352 16.797602 -4.582784 -18.856232 15.708375 7.000962 -15.609246 -18.166843 -6.715663 -42.098202 7.056515 23.563103 -24.222080 3.729067 25.412632 -5.089442 -8.392747 -5.513597
-10.578779 5.650510 -35.227600 9.317882 -16.778299 -0.913418 -12.696052 4.753906 15.792870 21.637009 -16.669718 -17.968567 1.143100 16.849508 -4.570544 -19.130466 15.718684 7.237024 -16.045382 -17.660198 -6.411465 -42.468925 6.423988 23.562208 -24.124172 3.631104 25.409084 -4.655370 -8.030595 -5.547159
-10.589457 5.800139 -35.297314 9.165162 -16.676970 -0.865282 -12.538185 4.826143 15.862745 21.657036 -16.623840 -18.039158 1.110286 16.925392 -4.554817 -19.199255 15.795804 7.272122 -16.183657 -17.413111 -6.251002 -42.524841 6.288593 23.460428 -24.073689 3.563853 25.324347 -4.544401 -7.959085 -5.623755
-10.478460 5.298557 -35.228886 9.497708 -16.921213 -1.001315 -13.063622 4.539048 15.829721 21.274702 -16.703306 -17.956310 0.921689 16.895264 -4.325055 -18.752279 15.517182 7.029296 -15.772022 -18.006039 -6.601985 -42.492393 6.542110 23.380585 -24.292044 3.544002 25.285336 -5.032168 -8.407849 -5.581351
-10.517677 4.268011 -34.429752 10.131185 -17.364628 -1.554935 -13.613784 4.415071 15.879923 19.703724 -17.447821 -17.637386 0.250275 17.227716 -3.485877 -17.281620 14.662244 6.847528 -14.370911 -19.575937 -6.012002 -40.938068 7.380582 23.333414 -24.534578 3.298535 25.317423 -5.641671 -8.913610 -5.392838
-10.803145 2.940627 -31.866840 11.838492 -18.098719 -2.086726 -14.164759 3.725070 15.991413 17.483261 -18.073469 -17.319942 -0.044880 17.937931 -2.641729 -14.274209 13.203489 7.045848 -11.940541 -22.142569 -3.676602 -37.243465 7.782281 23.113911 -25.141346 3.905972 26.444162 -5.987050 -10.353833 -5.629198
-12.210814 1.524791 -28.825075 14.671562 -19.614878 -3.018195 -14.779946 3.463368 16.282598 13.908901 -18.378611 -16.441200 -0.578750 19.652533 -2.185581 -11.002226 13.485976 5.033613 -11.085874 -23.834616 -1.511355 -32.119823 7.191298 22.696301 -27.133316 5.073976 29.048462 -7.317343 -12.163510 -4.489736
-15.675577 -0.269012 -25.515270 16.880920 -21.187548 -2.371236 -16.114050 1.555609 16.600817 10.635793 -18.606413 -14.594001 -1.154181 20.995047 -1.278725 -7.921913 15.234720 1.170790 -11.054680 -24.326433 2.061169 -27.082819 7.642019 23.183622 -28.174030 3.617267 29.459946 -9.143967 -15.437146 -2.684027
-19.136610 -0.714563 -20.880768 16.851063 -21.835455 -2.327390 -15.244544 1.508807 16.792822 8.380203 -17.967161 -12.501442 -0.769727 19.970840 0.061523 -5.272024 16.521210 -1.683965 -10.571676 -23.096628 8.070498 -20.624811 6.543588 24.059473 -27.850264 0.951831 29.457941 -7.771949 -13.616656 -0.217284
-22.112722 0.308645 -14.105042 15.585032 -22.738379 -3.285002 -12.996678 3.232051 15.973248 6.448205 -17.843721 -13.628966 1.120482 17.036255 -0.806362 0.613203 18.342154 -2.645701 -8.761589 -21.105444 15.509055 -13.409302 6.301823 26.948233 -27.047312 -0.534804 29.849102 -4.917735 -8.489966 2.278211
-22.720907 2.154168 -6.558031 14.374510 -22.615337 -3.849612 -9.186591 5.017231 15.102494 7.193460 -18.695280 -14.882480 3.956531 11.705658 -1.561952 4.014785 21.520185 -5.524411 -6.170428 -17.989855 15.886348 -10.682015 8.991231 29.341864 -26.077606 -4.790626 23.859907 -3.774004 -11.346959 0.405380
-18.838518 3.909500 0.318292 14.121891 -21.052010 -2.939853 -5.314898 4.697184 13.994156 11.568157 -22.537148 -15.986214 7.065043 7.646203 -2.961845 8.899413 20.619192 -5.325590 -5.583537 -16.024506 16.298784 -7.130339 12.333288 30.447775 -24.576618 -7.378347 19.642927 -1.127349 -9.665727 -1.978644
-14.823394 4.658785 4.268295 15.125019 -19.447081 -2.207909 -2.359331 4.233829 13.838871 16.063786 -26.029367 -16.962059 9.868144 3.359036 -4.477062 12.852179 17.377884 -2.422762 -6.575018 -13.823437 8.691426 -4.530959 18.445078 28.808283 -21.748882 -11.926429 13.155786 1.751748 -15.420187 -5.002651
-10.286661 6.901840 8.019951 12.714887 -18.084593 -1.725303 0.700844 4.864477 13.087102 19.192776 -26.539463 -18.187065 11.325934 0.325319 -3.275466 14.320295 14.031337 -0.751176 -6.078532 -12.218839 6.052180 -1.229859 23.453217 28.720608 -18.519924 -11.269814 12.382105 4.486181 -16.147697 -5.437060
-6.880537 9.094381 11.333218 7.557248 -15.553806 -1.046918 5.185735 6.694802 12.772131 20.791012 -24.097406 -20.574503 12.728818 -3.664756 -0.255951 14.917127 9.148809 0.959167 -4.022178 -10.995207 3.856726 4.055429 28.816313 29.615248 -14.399226 -8.211539 13.127696 6.855709 -15.760474 -4.037961
-2.325237 12.369994 13.699438 0.735865 -13.293173 -0.051797 7.607232 6.859691 12.004728 20.905643 -19.498644 -23.692402 11.335464 -9.914417 4.063729 15.088525 2.744033 2.509699 -3.273434 -10.735277 2.158746 8.408135 32.002613 31.802843 -10.676620 -5.387806 12.662072 12.023140 -16.688049 -6.430290
3.130100 16.223206 14.774991 -7.262943 -11.469197 0.427262 8.049785 6.026137 12.168240 16.290409 -13.071714 -25.240597 8.728993 -16.354578 7.566564 13.574824 -2.018709 3.155770 -4.645579 -10.534589 -0.538821 8.994267 34.361649 28.619705 -5.555641 -3.733770 11.330826 18.977058 -15.006661 -8.290708
9.359111 20.098183 13.560400 -14.156614 -9.791407 0.293781 7.004551 4.473059 13.242817 9.880260 -8.366680 -26.255550 5.742990 -21.919811 10.622453 10.053260 -5.230594 4.112085 -6.433671 -10.504472 -2.193117 4.411971 33.539307 25.110266 -2.446790 -2.476631 9.088204 23.484810 -14.539302 -13.420338
10.717518 22.048382 10.875038 -17.283527 -9.085371 -0.587581 6.688170 5.209589 14.551612 5.474288 -4.080030 -27.062553 3.160160 -25.417408 11.046603 6.280396 -5.772589 5.797801 -8.683854 -10.138951 -2.186756 0.097167 30.561769 20.961931 -0.333898 -2.501194 6.227116 27.133270 -15.993859 -18.093599
11.115989 23.606556 7.125635 -19.118162 -8.963592 -1.512199 5.219620 5.465074 15.715442 0.342290 -0.683401 -27.239241 1.741811 -27.552431 8.847228 2.678206 -3.875614 7.813298 -11.585513 -9.496928 -1.122454 -3.774338 26.662645 18.577662 0.824463 -2.329677 4.783737 29.477436 -19.378927 -22.184465
11.341127 24.649530 3.955351 -19.627388 -9.204904 -2.400161 4.033327 5.879880 16.675684 -3.441332 1.975393 -27.289886 -0.022225 -28.510624 7.262441 -0.112951 -1.818673 9.118608 -13.682344 -9.287655 -0.809694 -6.887877 22.690331 17.531950 1.135789 -2.188870 3.435258 31.372438 -21.875090 -25.130405
11.057533 25.260792 1.476832 -20.498158 -9.421593 -2.962715 2.851645 6.008240 17.527319 -6.454176 3.907509 -27.215496 -1.302341 -29.167404 6.149914 -2.271185 -0.092291 9.722341 -15.200892 -9.158075 -0.826648 -8.795454 19.998972 16.299755 1.436968 -3.183701 2.468838 32.633705 -22.982334 -25.842564
11.110846 25.328732 0.574542 -20.778036 -9.424901 -3.351132 2.446807 6.257899 17.532137 -6.758426 4.745840 -27.316992 -1.785192 -29.201294 6.075024 -2.958602 0.458459 9.806946 -15.414865 -9.179423 -0.788649 -9.503345 18.832455 15.969410 1.421969 -3.557649 2.086488 33.025803 -23.062859 -26.145552
11.230588 25.367710 0.543248 -20.794643 -9.413598 -3.407160 2.422375 6.286275 17.465137 -6.647911 4.626956 -27.321884 -1.827693 -29.197912 6.101575 -2.952888 0.437399 9.809316 -15.380216 -9.198298 -0.846933 -9.525002 18.718908 16.085810 1.428213 -3.601429 2.069085 33.120850 -22.878984 -26.138094
11.417111 25.337660 0.339450 -20.889717 -9.369919 -3.615245 2.317589 6.379745 17.442978 -6.697362 4.635329 -27.368828 -1.811939 -29.130589 6.249693 -3.148063 0.340168 9.942879 -15.237651 -9.181018 -0.973054 -9.749110 18.554012 16.172995 1.490920 -3.595392 2.039332 33.282776 -22.643038 -26.149588
11.822024 25.290560 0.255846 -20.922169 -9.281088 -3.882353 2.229327 6.460532 17.319708 -6.538611 4.533762 -27.353130 -1.871089 -29.066793 6.404772 -3.328914 0.202309 10.102233 -15.062373 -9.205561 -1.201283 -10.027909 18.427338 16.356518 1.526858 -3.623300 1.934224 33.421955 -22.199036 -26.176313
12.179765 25.265093 0.099406 -20.894463 -9.210964 -4.198076 2.151558 6.596801 17.224092 -6.433463 4.167743 -27.358141 -1.894239 -28.898701 6.574266 -3.395849 -0.073271 10.400406 -14.788315 -9.268363 -1.393071 -10.238428 18.073011 16.432867 1.622147 -3.753826 1.899307 33.718002 -21.818205 -26.069174
12.745431 25.391405 0.062473 -20.748650 -9.169672 -4.443975 2.156636 6.778259 16.884939 -5.683963 3.647859 -27.383688 -2.027414 -28.755568 6.845139 -3.641582 -0.394504 10.806124 -14.381217 -9.376039 -1.787332 -10.420049 17.670858 16.840790 1.737831 -3.971141 1.802584 34.302429 -21.247267 -25.957626
13.087288 25.489117 -0.053363 -20.807671 -9.173761 -4.757984 2.042078 6.994586 16.551764 -5.151707 3.390186 -27.334148 -2.066638 -28.596624 7.094441 -4.174903 -0.575732 11.288667 -13.983953 -9.505843 -2.384452 -10.679542 17.323246 17.102654 1.865922 -4.014400 1.682245 34.893204 -20.335119 -26.001205
13.742787 25.621775 -0.169039 -20.596251 -9.199743 -5.171476 1.892007 7.161584 16.264238 -4.787588 3.065549 -27.264948 -2.137282 -28.454721 7.167771 -4.493018 -0.657606 11.684090 -13.866805 -9.402104 -2.948794 -10.997074 16.872366 17.656450 1.888834 -4.152014 1.647284 35.316765 -19.574041 -25.707470
14.508883 25.822107 -0.332409 -20.134811 -9.291340 -5.463717 1.736736 7.227934 15.935184 -4.337990 2.640144 -27.080055 -2.325884 -28.352139 7.444964 -5.100022 -0.856116 12.172738 -13.522184 -9.489249 -3.578848 -11.426634 16.343042 17.619459 2.131120 -4.428535 1.480526 36.024189 -18.383991 -25.464018
15.503817 26.280920 -0.301764 -20.177494 -9.330130 -5.686491 1.570773 7.258175 15.376438 -3.406544 1.863733 -27.013714 -2.545199 -28.317299 7.702814 -5.499090 -1.234805 12.598247 -13.173898 -9.608424 -4.145315 -11.578905 15.614502 17.880644 2.256334 -5.003554 1.368129 36.699192 -17.208271 -24.821463
16.510683 26.491653 -0.195995 -19.936882 -9.345402 -5.978653 1.392123 7.243607 14.870190 -2.540694 1.326316 -26.936642 -2.850639 -28.171825 8.014236 -5.863160 -1.533089 12.898357 -12.930210 -9.610126 -4.808643 -11.939482 15.208006 18.164032 2.522603 -5.332284 1.317597 37.285301 -16.012274 -24.217722
17.146795 26.765387 -0.234406 -19.528011 -9.429749 -6.183859 1.330622 7.308815 14.574728 -1.986231 0.696383 -26.876362 -3.261210 -28.012928 8.511185 -6.301613 -1.872638 13.162745 -12.498985 -9.754712 -5.577227 -12.479740 14.851586 18.697645 2.796616 -5.683806 1.219115 37.735123 -14.845640 -23.525782
17.920275 27.009712 -0.194992 -19.377033 -9.449614 -6.318032 1.213140 7.280712 14.140297 -1.259804 -0.140159 -26.841255 -3.801935 -27.966974 8.836009 -6.617066 -2.223316 13.457931 -12.203795 -10.005840 -6.179537 -12.739898 14.521004 19.476717 2.766331 -6.165918 1.246827 37.737511 -13.464032 -22.501482
18.755983 27.584894 -0.055982 -19.368393 -9.556104 -6.329071 1.153454 7.225011 13.673241 -0.577348 -0.892436 -26.853878 -4.118139 -27.790276 9.117078 -6.891026 -2.519448 13.759135 -11.980009 -9.943465 -6.829080 -13.076046 14.092609 20.371473 2.894734 -6.497985 1.314988 38.180290 -12.530215 -21.677238
19.477003 27.774553 -0.141740 -19.130283 -9.610266 -6.569797 0.981183 7.254869 13.330086 -0.032316 -1.426150 -27.030258 -4.302888 -27.552683 9.542108 -7.072587 -2.836311 13.812060 -11.639894 -9.910695 -7.441939 -13.254090 13.804985 21.323318 2.948887 -6.802765 1.477229 38.420151 -11.646792 -20.753222
19.808798 28.050617 -0.063028 -18.970428 -9.718164 -6.604574 0.929703 7.321399 12.807101 0.853808 -2.367465 -26.942001 -4.815993 -27.274372 9.873063 -7.387512 -3.074180 13.986470 -11.347626 -10.098497 -8.024255 -13.707408 13.270316 22.191669 2.949341 -7.230295 1.528625 38.661350 -10.774114 -19.954266
20.022583 28.224977 -0.130363 -18.499554 -9.794462 -6.648471 1.084057 7.483162 12.625597 1.281760 -3.142522 -26.710541 -5.168636 -26.931238 10.037521 -7.652567 -3.232975 14.085662 -11.187851 -10.136659 -8.397552 -13.839440 12.845144 23.183205 2.837642 -7.571781 1.696786 38.750183 -10.149888 -19.073381
20.394152 28.383141 -0.171106 -18.226992 -9.827135 -6.686630 1.090837 7.504424 12.424426 1.667784 -3.799612 -26.590416 -5.478277 -26.691101 10.235612 -7.892924 -3.444919 14.166368 -11.085079 -10.148515 -8.898438 -13.893851 12.489567 23.757414 2.845620 -7.886135 1.679137 39.038086 -9.466328 -18.529903
20.599707 28.560331 -0.249135 -18.010952 -9.894129 -6.722004 1.081200 7.553606 12.276417 1.931869 -4.167092 -26.721992 -5.533963 -26.493414 10.406815 -8.125749 -3.600466 14.321400 -10.946592 -10.102633 -9.106380 -14.040283 12.054109 24.474697 2.721210 -8.085236 1.777188 39.124672 -9.149949 -18.126881
20.769289 28.689547 -0.198666 -17.765697 -9.926195 -6.712528 1.114179 7.542754 12.134606 2.202646 -4.490777 -26.626436 -5.672039 -26.308418 10.456686 -8.324701 -3.637674 14.451747 -10.893763 -10.060545 -9.292450 -14.075938 11.805298 24.883307 2.678988 -8.253451 1.808031 39.226097 -8.956433 -17.807571
20.819437 28.800476 -0.240459 -17.755150 -9.967628 -6.720502 1.111621 7.587707 12.065302 2.294651 -4.599444 -26.662874 -5.736505 -26.299276 10.490466 -8.374819 -3.687362 14.477852 -10.862873 -10.080982 -9.345838 -14.152156 11.685522 25.097990 2.653720 -8.300458 1.869123 39.238132 -8.822108 -17.654745
20.837839 28.680140 -0.121917 -17.782644 -9.896875 -6.735560 1.164332 7.581303 12.074942 2.374875 -4.625162 -26.606464 -5.689867 -26.312464 10.531585 -8.271451 -3.757568 14.457962 -10.838453 -10.072061 -9.397841 -14.046998 11.784791 25.151583 2.601185 -8.286968 1.822594 39.186527 -8.707976 -17.741179
20.787481 28.367006 0.089652 -17.675850 -9.802261 -6.822248 1.291764 7.625331 12.178919 2.419815 -4.488940 -26.631996 -5.445037 -26.356010 10.692261 -8.004385 -3.908213 14.336671 -10.641482 -10.140281 -9.476602 -13.610354 12.142138 25.288774 2.537074 -8.171960 1.818975 39.094368 -8.509266 -17.853456
20.865068 28.082687 0.414301 -17.518459 -9.757659 -6.917756 1.359193 7.637544 12.085375 2.791595 -4.483906 -26.462814 -5.190946 -26.481342 10.870504 -7.659438 -4.204596 14.291937 -10.476788 -10.192197 -9.629551 -13.143554 12.462568 25.509903 2.474459 -8.032536 1.879767 39.087776 -8.260939 -17.889299
20.982018 27.739222 0.719941 -17.494478 -9.630768 -7.075838 1.449048 7.691081 12.031830 3.163202 -4.360790 -26.246153 -4.858502 -26.620201 11.095132 -7.447903 -4.553477 14.293925 -10.302584 -10.282773 -9.887067 -12.396991 13.086603 25.734749 2.454986 -7.810443 1.938589 39.089188 -7.855877 -17.924404
21.307444 27.456667 1.227810 -17.488773 -9.418215 -7.136618 1.702153 7.651957 12.095247 3.440843 -4.238126 -25.883921 -4.347116 -26.831699 11.360202 -7.243502 -5.091494 14.484833 -10.276245 -10.202460 -10.183165 -11.393912 13.853950 25.960665 2.437644 -7.661714 1.945230 39.099949 -7.424391 -17.867767
21.754755 27.013914 1.619707 -17.338371 -9.237616 -7.255555 1.749047 7.435713 12.343799 3.238852 -4.363146 -25.385857 -3.900386 -26.763939 11.614957 -7.151842 -5.492565 14.635061 -10.004149 -10.384047 -10.574679 -9.826588 15.018781 26.125151 2.352499 -7.365245 1.975933 38.877014 -6.909823 -17.780024
22.440561 26.591076 2.100465 -17.317614 -8.904764 -7.328050 1.825814 7.089609 12.618400 3.092794 -4.303831 -24.961243 -3.195819 -26.668129 11.923315 -6.707237 -5.892220 14.479916 -9.589420 -10.474284 -11.058005 -8.329702 16.163858 26.055077 2.434191 -7.117646 1.945205 38.871490 -6.033086 -17.631624
22.687401 25.817465 2.747238 -17.336637 -8.473764 -7.658894 2.099452 7.135647 12.757952 3.415023 -4.144760 -24.318171 -2.355939 -26.622343 12.275176 -6.446721 -6.310730 14.458382 -9.302522 -10.455987 -11.386786 -6.272279 17.392523 25.822979 2.392522 -6.882911 1.938616 38.785934 -5.381083 -17.552038
23.012651 25.050453 3.465832 -17.565311 -7.970966 -7.972126 2.375957 7.054223 13.152615 2.995681 -4.249322 -23.529877 -1.932120 -26.904953 12.632987 -6.238299 -6.931593 14.707206 -9.203326 -10.722154 -11.495959 -4.141342 18.810259 25.522215 2.291395 -6.696725 1.771670 38.592403 -4.742120 -17.735743
23.821074 24.212730 4.206024 -17.327110 -7.700486 -8.234054 2.112172 6.405754 13.552195 2.074641 -4.005167 -22.297096 -1.274887 -27.048378 12.817516 -5.900569 -7.274254 14.808155 -9.290951 -10.799406 -11.696873 -2.027822 20.411655 25.142660 2.052345 -6.443787 1.600318 38.091942 -4.049770 -17.968279
23.879112 23.335291 4.722836 -16.886742 -7.379853 -8.671704 2.252330 6.415010 13.793501 1.982717 -3.912195 -21.135380 -0.993505 -27.328508 13.252652 -5.534328 -7.862184 14.788738 -9.377102 -10.895378 -11.744037 -0.342587 21.601873 24.555513 2.021678 -6.285560 1.361753 37.945118 -3.343617 -18.209528
24.216017 22.541918 5.441813 -16.260780 -7.109457 -8.879745 2.377003 6.151560 13.932407 2.166741 -3.869475 -20.157427 -0.534835 -27.359938 13.642543 -5.309938 -8.292233 14.782165 -9.348232 -11.051720 -11.671159 1.955370 22.757582 24.423746 1.970546 -6.158937 1.289531 37.999836 -2.661587 -18.263014
24.928793 21.884531 6.298526 -15.631398 -6.740765 -9.001970 2.593942 5.615268 14.516073 1.451755 -4.533432 -18.873878 -0.201071 -27.392435 14.245529 -4.676517 -8.940313 14.901717 -9.199050 -11.117387 -11.817054 4.540107 23.982515 24.650579 1.636259 -6.168138 1.255181 37.724991 -1.367285 -17.966309
25.200041 20.992746 6.947344 -15.485473 -6.233954 -9.188510 2.790035 5.292042 15.036294 1.166909 -5.260358 -17.669456 0.060829 -27.251205 14.821090 -4.043954 -9.453813 14.867126 -9.006611 -11.403340 -11.916028 6.969256 24.882748 24.819979 1.031833 -6.497740 1.111503 37.221218 -0.179327 -17.539236
6.173723 8.043448 -0.242269 8.457662 -8.444456 -16.010462 10.319654 19.387367 16.479433 15.668104 -18.390779 -22.244350 19.758446 -4.319705 3.758062 -7.468204 2.396040 17.509161 2.534312 -10.911369 -11.507182 -1.383205 24.132868 28.920195 -5.058495 -9.873759 1.913909 25.862774 9.274783 -18.440420
6.535501 7.390950 0.449020 8.638556 -8.419980 -16.098995 9.955699 18.821331 16.432425 15.739563 -18.615574 -21.436508 19.938812 -4.233380 4.523733 -7.040179 1.757085 17.192751 2.743331 -11.239360 -11.680053 0.040316 24.388369 30.466291 -7.127541 -9.951250 1.599207 23.997417 11.282116 -18.865839
6.892325 6.718406 1.445147 8.723572 -8.357220 -15.908010 9.631124 18.011349 16.287121 16.092121 -18.892241 -20.212448 19.461784 -4.247786 5.472152 -6.613264 1.117886 17.038481 2.921554 -11.736651 -11.461097 1.167146 24.755384 31.440624 -8.832987 -9.911024 1.466972 22.284389 12.619918 -19.309011
6.893246 5.817108 1.909815 8.577377 -8.025404 -16.079638 9.551127 17.756599 16.479496 16.057165 -19.469400 -19.324009 19.479944 -3.860496 6.114661 -6.177892 0.812819 17.053877 3.074495 -11.847143 -11.469040 1.439912 24.703743 32.051403 -10.375429 -9.966858 1.443310 20.662441 14.279794 -19.232073
6.953314 4.950053 2.222881 8.660987 -7.791829 -16.349089 9.508928 17.666588 16.677992 16.213684 -19.757715 -18.238104 19.779196 -3.356295 6.288036 -5.985412 0.903893 17.309416 3.223212 -12.000813 -11.463764 1.990403 24.499626 32.151947 -11.605104 -10.343758 1.491174 19.254635 15.290019 -18.404917
6.103941 3.551306 2.584780 6.711082 -7.783563 -16.991989 8.840875 18.297886 15.651158 18.094793 -20.637781 -17.141695 20.870924 -2.467199 6.093411 -6.334207 2.033915 17.194153 3.522966 -11.716561 -12.977584 0.029272 23.562443 32.613579 -14.272983 -10.874012 1.089415 16.284779 16.852352 -18.305088
6.896690 3.008315 3.219321 6.102448 -7.485010 -17.137854 8.378587 17.644415 15.544024 18.387756 -20.777174 -15.878302 21.149324 -2.654970 6.415793 -5.870421 1.999029 17.546858 3.202374 -11.325538 -12.415088 -0.347042 22.907619 31.817713 -15.920718 -11.192058 0.950306 14.318359 18.446833 -18.060261
6.617969 1.820831 3.398091 6.415792 -7.347835 -17.681562 8.270276 17.768076 15.726325 18.573139 -20.766144 -14.770448 21.721954 -2.533713 6.458548 -5.406367 2.184121 18.015850 3.168016 -10.975808 -12.503997 -1.062416 22.037876 31.450342 -17.777576 -11.366758 0.792163 12.513988 19.067900 -18.499603
6.753374 0.901972 3.805489 6.990029 -7.327645 -17.967432 7.846835 17.295670 15.761002 18.688189 -21.138350 -13.617433 21.933849 -2.578473 6.660632 -4.427363 1.890871 18.715757 3.124953 -10.711112 -12.023738 -1.693183 20.789972 31.650793 -19.360561 -12.178371 0.674897 11.015979 20.115566 -17.987873
6.849501 0.174237 4.428386 7.297760 -7.202222 -18.077892 7.829206 17.027637 15.807400 19.039356 -21.104525 -12.518532 22.542568 -2.554945 6.480981 -4.338734 2.250356 19.530716 2.986851 -10.195864 -11.899909 -2.713470 19.776197 30.943953 -20.716261 -12.639919 0.465168 9.689541 20.660051 -18.077288
6.902136 -0.532439 4.793512 7.902312 -7.120269 -18.303503 7.720915 16.811188 15.835801 19.207457 -20.860394 -11.715971 22.895607 -2.749388 6.319414 -3.947679 2.444299 19.992071 2.798922 -9.897939 -11.658891 -3.240429 19.153151 30.592648 -21.874470 -12.973755 0.229510 8.614149 21.244406 -18.360016
6.886664 -1.457324 5.043742 8.032476 -6.967758 -18.610622 7.479667 16.659575 15.868755 19.440701 -20.837130 -10.659874 23.228607 -2.783666 6.072319 -3.709231 2.892632 20.659439 2.553459 -9.509921 -11.297250 -4.078431 18.174810 29.654924 -22.827160 -13.515132 0.034593 7.646330 21.628729 -18.039381
7.052443 -1.971130 5.379300 8.025125 -7.046949 -18.649956 7.016169 16.253040 15.687967 19.636053 -20.769575 -9.733520 23.495699 -2.783952 5.736315 -3.393087 3.262294 21.223520 2.219804 -9.257929 -11.060397 -4.810994 17.705614 28.811068 -23.561888 -14.062727 -0.256100 6.663022 22.093977 -17.823324
7.128730 -2.428760 5.510872 8.006136 -7.251192 -18.682878 6.413382 15.840889 15.571922 19.484221 -20.555286 -8.685191 23.330334 -2.638322 5.603967 -2.708539 3.460275 21.705397 2.013461 -8.983225 -10.835623 -5.261396 16.646721 28.597290 -24.404797 -14.667042 -0.511646 5.947795 22.252455 -17.579048
6.969242 -3.161425 5.289722 7.976851 -7.273060 -18.844297 5.887710 15.629189 15.662582 19.276320 -20.774122 -7.917094 23.528969 -2.505535 5.548531 -2.348772 3.690965 21.932623 1.995053 -8.681446 -10.648770 -5.717383 15.947080 28.263353 -25.286774 -15.077092 -0.814310 4.941648 22.418402 -17.522522
7.031000 -3.859245 5.313318 7.868096 -7.457046 -19.070509 5.220775 15.367342 15.564404 19.083208 -20.586405 -7.062863 23.835951 -2.465990 5.810223 -2.086357 3.868620 22.202234 1.997155 -8.379371 -10.768534 -5.868764 15.771544 27.601795 -26.027035 -15.409058 -1.093350 3.888186 22.637350 -17.435770
6.818656 -4.516279 5.081398 7.920788 -7.531168 -19.207094 4.762693 15.172971 15.705369 18.697889 -20.745062 -6.355543 23.759247 -2.260137 6.217576 -2.141199 4.154685 22.212301 2.224868 -8.212702 -10.572380 -6.232389 15.265750 27.338675 -26.585291 -15.724220 -1.343805 3.232268 22.699938 -17.464802
6.815491 -4.996769 4.891937 8.143754 -7.811443 -19.247515 3.987590 14.747238 15.494985 18.685490 -20.972433 -5.599725 23.668938 -1.984387 6.459337 -1.950830 4.388501 22.183374 2.361191 -8.232413 -10.503125 -6.647805 14.962029 26.848078 -27.040863 -16.088791 -1.672332 2.585571 22.959415 -17.404367
6.701218 -5.450750 4.737051 8.221063 -8.023889 -19.369749 3.392898 14.494110 15.455146 18.404270 -21.310760 -4.906217 23.559696 -1.741551 6.753567 -1.697410 4.553467 22.051237 2.466779 -8.256660 -10.571086 -6.764137 14.525705 26.628286 -27.587708 -16.585491 -2.038269 1.974494 23.306475 -17.202795
6.558717 -5.873782 4.681485 8.251809 -8.228159 -19.420439 2.935636 14.296191 15.463352 18.108036 -21.312336 -4.453948 23.728786 -1.429492 6.681643 -1.486587 4.802436 22.036100 2.442534 -8.149747 -10.391487 -6.921275 14.343659 26.050146 -27.892036 -16.791416 -2.145741 1.347846 23.116507 -17.024817
6.503898 -6.269470 4.639546 8.252600 -8.329176 -19.540997 2.607788 14.171863 15.545738 17.776100 -21.310200 -3.823819 23.753242 -1.192995 6.871115 -1.521569 5.138187 21.831144 2.566210 -8.157531 -10.191051 -6.964707 14.092934 25.699251 -28.150402 -17.055410 -2.238517 0.977450 23.153357 -16.788912
6.345655 -6.614502 4.635096 8.320709 -8.433585 -19.574900 2.316389 14.002998 15.574965 17.527203 -21.595690 -3.365810 23.591484 -0.944690 7.195033 -1.346992 5.175118 21.661940 2.691417 -8.208158 -10.032792 -6.700613 13.793234 25.671865 -28.393167 -17.293615 -2.306334 0.862517 23.230413 -16.597057
6.019741 -6.892280 4.673179 8.194727 -8.460592 -19.479277 2.151589 13.851240 15.620763 17.328810 -21.703959 -3.146167 23.641453 -0.769811 7.314801 -1.129337 5.255373 21.599752 2.820667 -8.257329 -9.754998 -6.638756 13.642008 25.477919 -28.587620 -17.507130 -2.332556 0.604185 23.147106 -16.428301
5.964308 -7.147666 4.636074 8.189775 -8.475683 -19.523899 1.966812 13.745880 15.673448 17.229151 -21.614054 -2.922305 23.650257 -0.710693 7.485261 -1.071559 5.380012 21.400305 2.903738 -8.249582 -9.613834 -6.656661 13.624949 25.224306 -28.664196 -17.566631 -2.351569 0.414496 23.136648 -16.398499
5.899758 -7.272989 4.616971 8.094770 -8.543292 -19.660330 1.785114 13.768309 15.619039 17.129351 -21.521891 -2.895992 23.696375 -0.682325 7.590501 -0.977416 5.447381 21.261900 3.035808 -8.224538 -9.517130 -6.527921 13.501690 25.307093 -28.745392 -17.696434 -2.389361 0.410443 23.249884 -16.353371
5.870230 -7.334880 4.611820 8.170028 -8.550941 -19.637957 1.777179 13.736563 15.670668 17.068953 -21.556850 -2.800503 23.666237 -0.637932 7.602718 -0.879174 5.458470 21.252188 3.019214 -8.233632 -9.491149 -6.374988 13.520123 25.301254 -28.822132 -17.719490 -2.377958 0.344017 23.304207 -16.303059
