-11.776117 -18.572880 7.137901 0.824842 -7.665355 -6.434608 -17.248764 -11.386588 15.743195 13.104719 2.928093 4.574983 7.408191 14.203242 7.794954 6.592187 22.179594 4.021714 -6.047286 -14.299279 25.322908 -5.399627 18.552698 6.836745 -25.217360 -18.035229 8.672009 -11.218149 12.779157 -4.554321
-11.907584 -18.506266 7.255718 0.796562 -7.604671 -6.389444 -17.039143 -11.297863 15.782811 13.055426 3.104057 4.419676 7.778333 13.950115 7.766409 6.645205 22.103781 4.135962 -6.100490 -13.969667 25.267492 -5.358151 18.341063 6.709196 -25.230118 -18.134033 8.506137 -11.027981 12.764775 -4.730729
-12.127026 -18.364969 7.350547 0.659378 -7.491240 -6.240180 -16.730259 -11.205805 15.862782 13.002865 3.314465 4.301069 8.045058 13.792482 7.759409 6.654549 22.076307 4.145853 -6.161427 -13.681197 25.202654 -5.311842 17.948519 6.511067 -25.302139 -18.295383 8.279799 -10.751590 12.616189 -5.024495
-12.293711 -18.502707 7.598089 0.330119 -7.048228 -6.300806 -15.898130 -10.745223 16.326509 12.744957 3.424902 4.032903 8.644479 13.360548 7.797795 6.801158 21.641426 4.664733 -6.091689 -13.347850 25.313150 -5.269506 17.420944 6.124273 -25.413082 -18.632431 7.940257 -10.491701 12.643620 -5.260312
-12.455099 -18.642080 8.022528 0.105047 -6.910383 -6.296997 -15.605071 -10.693590 16.500196 12.584726 3.659386 3.848576 9.308425 13.079806 7.937031 6.968946 21.371086 4.923376 -6.062825 -12.930328 25.538939 -5.214834 16.921457 5.981952 -25.459763 -19.093485 7.612330 -10.183218 12.875381 -5.328783
-12.575548 -18.739420 8.248707 -0.159400 -6.460158 -6.206635 -14.795206 -10.398084 16.957209 12.474825 3.926909 3.749136 9.871037 12.871988 8.065034 7.163440 21.015623 5.210887 -5.928064 -12.731874 25.984198 -4.813634 16.329885 5.639310 -25.609854 -19.629030 7.279638 -10.010956 12.346293 -5.524484
-12.601688 -19.005537 8.448399 -0.439978 -6.154686 -6.321631 -14.327703 -10.146315 17.230787 12.215999 4.323486 3.821629 10.321383 12.826649 8.300189 7.627898 20.658001 5.394867 -5.696917 -12.683470 26.211092 -4.033048 16.514139 5.322647 -25.695181 -19.766926 7.019125 -10.074472 12.097808 -5.807467
-12.373255 -19.270000 8.599942 -0.651979 -5.811839 -6.397243 -13.824497 -9.923254 17.589088 12.026094 4.612638 3.919964 10.572012 12.828999 8.482384 7.933754 20.450302 5.541187 -5.503266 -12.727830 26.607683 -3.254805 16.308931 5.065517 -25.806896 -20.054302 6.771608 -9.902403 11.791810 -6.095274
-12.511869 -19.512945 8.760213 -1.008385 -5.396449 -6.432384 -13.181792 -9.605152 17.971771 11.790174 4.769626 3.985978 10.690047 12.840969 8.590926 8.155278 20.319674 5.644544 -5.324077 -12.859759 26.920588 -2.947851 15.996916 4.841285 -25.811127 -20.224861 6.539396 -9.654185 11.159537 -6.477147
-12.433125 -19.681566 8.828675 -1.039475 -5.344497 -6.561016 -13.087842 -9.492897 18.052000 11.692708 4.940230 4.055077 10.862406 12.859160 8.709300 8.314137 20.186129 5.669269 -5.258749 -12.845181 26.855476 -2.833667 16.086983 4.858159 -25.755863 -20.057938 6.529965 -9.598199 11.163775 -6.619760
-12.559002 -19.768970 9.001767 -1.258709 -5.154763 -6.574992 -12.763020 -9.340862 18.216848 11.581056 5.059547 4.089823 10.941896 12.868284 8.747480 8.386921 20.164629 5.619153 -5.205964 -12.864284 26.927183 -2.721104 16.056334 4.818849 -25.750950 -20.090614 6.484005 -9.554963 10.835208 -6.727054
-12.857897 -20.091368 9.759458 -1.876674 -4.563907 -6.691230 -11.576861 -8.777824 18.844894 10.956295 5.741115 4.260911 11.730195 12.608513 9.111396 8.853256 19.701647 5.599352 -4.986184 -12.555324 27.669453 -1.885284 16.456003 4.206118 -25.690540 -20.232929 6.071269 -9.527557 9.231753 -7.562142
-13.106346 -21.555689 11.560839 -3.596959 -2.955087 -7.504601 -9.079988 -7.359747 20.216290 9.316437 6.400740 4.682436 12.892563 12.325324 10.138156 9.739909 18.255314 6.372493 -3.598706 -12.761837 28.623705 -0.924899 17.865133 2.785953 -25.785900 -20.927694 5.064687 -10.183428 7.485373 -8.283078
-11.574875 -23.701902 12.822528 -5.316487 -1.226158 -9.560243 -6.906410 -5.405444 21.055727 7.888039 5.965594 6.071443 14.566297 12.143793 12.173781 10.503826 15.009114 9.038646 -2.090804 -12.638975 19.268206 1.918469 17.468924 -1.629648 -30.693165 -18.089033 5.380231 -14.441120 1.782820 -9.766589
-5.307333 -23.737175 7.014187 -6.415489 -0.008935 -14.090388 -7.714880 -2.232525 20.478844 8.223339 1.348274 7.085575 15.234613 11.713360 15.062587 5.698172 10.930323 11.647504 -0.089457 -12.922719 4.355550 -3.670879 14.357359 -6.785670 -34.284718 -13.548905 4.058186 -15.508879 4.486229 -12.306257
-0.278504 -21.676775 -2.007595 -8.817719 0.323014 -19.013128 -9.373021 2.154474 19.641848 8.875876 -3.134480 5.546845 15.118358 10.207432 15.625119 -3.170292 7.426950 15.804286 -1.454914 -12.055433 -3.734273 -8.875816 4.872649 -8.697083 -34.646023 -11.023191 2.107428 -7.265519 17.327696 -17.270313
3.618845 -17.429035 -6.539796 -9.464282 0.732319 -20.097923 -7.608679 5.768889 19.064077 11.055629 -5.200480 3.402966 15.362503 9.029959 15.449656 -10.606471 6.212241 16.895189 -3.533162 -8.933608 -5.730444 -16.109531 -0.684009 -4.382986 -31.444221 -8.158900 4.471603 -0.545152 23.147062 -17.580744
5.545959 -14.881937 -10.744171 -9.055525 0.782531 -20.698904 -7.226819 8.138416 19.561752 11.183121 -3.752593 0.332180 16.258450 8.030697 15.609238 -13.569404 6.191996 16.987940 -5.367020 -5.422988 -5.539180 -22.576345 1.582618 -2.912073 -28.468575 -5.085044 8.021933 0.513712 26.128345 -16.586620
8.290319 -12.799471 -13.118670 -8.777452 0.763962 -22.373562 -6.447158 11.060171 19.639608 11.069880 1.573998 -4.594451 17.684311 5.644211 13.250656 -16.845737 9.835628 16.049919 -6.404587 -3.483018 -3.811773 -27.645947 4.467597 -1.359397 -24.833843 -2.653998 10.243112 1.319845 25.857321 -16.679731
9.418549 -11.471960 -14.557595 -9.359688 0.180772 -23.991903 -7.049500 12.742088 18.828199 11.155496 2.639716 -6.669922 17.855106 5.169662 12.243015 -17.057779 10.493826 16.063242 -6.371654 -3.642648 -3.583294 -28.998510 3.892882 -0.599972 -24.096930 -2.243438 10.970386 2.362639 26.219074 -16.733469
9.432259 -11.435133 -14.632032 -9.372028 0.107830 -24.039843 -7.177061 12.739957 18.776587 11.144907 2.785042 -6.893055 17.881891 5.087802 12.112168 -17.090187 10.491049 16.163710 -6.345705 -3.790890 -3.493407 -29.162577 3.593326 -0.640795 -24.069489 -2.340753 10.954809 2.517264 26.309078 -16.708183
9.537667 -11.446390 -14.287331 -9.363132 0.165764 -23.994139 -7.072396 12.657167 18.720621 11.271404 2.770199 -6.754398 17.983250 5.084910 12.204459 -17.251020 10.572686 16.103275 -6.448978 -3.547211 -3.413048 -28.941088 3.651870 -0.508086 -24.113911 -2.347127 11.103517 2.418398 26.424131 -16.420164
9.649404 -11.544409 -13.796381 -9.487123 0.300286 -23.986572 -7.009832 12.511259 18.561563 11.586988 2.790462 -6.501024 18.073360 5.037848 12.223922 -17.527849 10.716342 15.970002 -6.794803 -3.039716 -3.605865 -28.636030 3.550558 -0.176567 -24.210106 -2.460931 11.143073 2.382035 26.859716 -15.966063
9.763556 -11.828765 -13.859932 -9.899122 0.540611 -23.959352 -7.179358 12.269459 18.481464 12.030628 2.010611 -5.994290 18.195435 4.772650 12.298950 -17.815105 10.244924 16.307798 -6.851481 -3.087937 -4.211118 -28.652441 3.117465 0.102588 -24.260397 -2.449929 10.982800 2.708313 27.649523 -15.874018
10.119524 -11.992613 -12.838087 -10.156997 0.890644 -23.732241 -6.773297 11.943842 18.317022 12.944812 1.122419 -5.576654 18.270937 4.711677 12.581502 -18.409296 9.668693 16.664328 -6.923584 -2.883865 -5.055224 -28.341970 2.728728 0.522210 -24.347630 -2.628402 10.580716 3.192219 28.951370 -15.844124
10.031308 -12.423827 -12.199924 -10.650536 1.244680 -23.518530 -6.672935 11.533395 18.175787 13.720112 -0.321889 -4.444452 18.498497 4.738374 12.950167 -18.500868 8.705380 17.303371 -6.911674 -2.925699 -6.173820 -28.106295 2.156985 0.435738 -24.813551 -3.237457 9.686992 3.451940 30.014662 -16.064093
9.937814 -12.757858 -11.282371 -11.209064 1.457760 -23.571083 -6.651778 11.264927 17.803419 14.480031 -1.783383 -4.120287 18.663008 4.594086 13.360131 -18.771252 7.358039 18.042322 -6.700826 -2.995542 -7.110591 -26.944611 1.945100 0.484189 -25.171864 -3.393795 9.122622 3.980565 31.367655 -16.522131
10.002090 -13.066481 -10.432863 -11.429205 1.655199 -23.316832 -6.602306 10.773862 17.458572 15.430111 -3.488358 -3.005690 18.348091 4.913457 13.835409 -18.638865 6.273938 18.585608 -6.540315 -3.314820 -7.516872 -26.040068 1.156775 0.146207 -25.763210 -3.862500 8.550199 4.033082 31.766159 -16.690645
10.061858 -13.248200 -9.624743 -11.607659 1.791142 -23.209538 -6.437709 10.518785 17.187153 16.107468 -4.744364 -2.527467 18.420143 4.792865 14.004046 -18.605619 5.570328 18.859324 -6.478989 -3.212076 -7.712908 -25.490580 0.893973 -0.036836 -25.919075 -4.026571 7.909529 4.298440 32.166687 -17.233410
10.097264 -13.336767 -9.175718 -11.658253 1.843332 -23.055281 -6.379433 10.281461 16.997374 16.572849 -5.342150 -1.941841 18.257675 4.972635 14.051859 -18.441778 5.410774 18.895805 -6.545028 -3.218581 -7.619655 -25.363741 0.536797 -0.309805 -26.183615 -4.305972 7.577572 4.209617 32.378883 -17.418493
10.094095 -13.322983 -9.170870 -11.711891 1.847290 -23.082102 -6.362707 10.323521 17.000933 16.548397 -5.382868 -1.953324 18.278385 4.954077 14.050521 -18.476507 5.412807 18.886383 -6.568921 -3.166438 -7.708467 -25.354567 0.552298 -0.206492 -26.159241 -4.300737 7.551400 4.286856 32.535480 -17.440046
10.152117 -13.129080 -9.612794 -11.636844 1.836629 -23.063852 -6.365111 10.459639 17.119171 16.366484 -5.163508 -2.547638 18.488621 4.629244 13.962199 -18.728012 5.396411 18.971216 -6.580100 -3.066036 -7.790258 -25.784515 0.608249 -0.035761 -25.951851 -4.071519 7.768095 4.398267 32.372700 -17.414755
11.019842 -12.484316 -9.482997 -11.114903 1.710492 -23.121572 -6.083313 10.711691 16.909672 16.726402 -4.263376 -3.230653 18.648464 4.393211 13.567841 -19.138063 5.981682 18.932936 -6.937748 -2.815080 -7.839343 -26.558661 0.726530 0.406118 -25.545116 -3.819643 8.241571 4.636268 32.633183 -17.007196
11.445347 -11.443948 -10.307938 -10.727993 1.239191 -23.446100 -6.147819 11.382040 16.622351 16.502951 -3.618561 -3.936303 18.545685 4.001745 13.092126 -19.840406 6.904376 18.329006 -7.334649 -2.423714 -8.017477 -27.489412 0.553202 1.523388 -24.900002 -3.600748 8.647612 5.487335 33.194431 -16.691103
12.192617 -10.512197 -10.640663 -9.765607 0.847469 -23.414450 -5.960378 11.673422 16.596676 16.370701 -2.890081 -5.262625 18.334660 3.437987 12.312274 -20.572090 8.220004 17.549664 -7.433703 -2.525186 -8.137668 -28.693274 0.562160 2.750589 -24.015131 -3.091510 9.164735 6.591480 33.903912 -16.626501
12.855642 -8.145639 -11.456504 -8.353765 -0.111855 -23.160791 -5.434258 12.514585 16.123186 16.647955 -2.373311 -6.830328 18.878864 3.020627 11.830517 -20.906082 8.110882 17.131514 -7.370111 -2.820109 -8.924449 -29.070793 2.123769 3.370597 -22.908844 -1.340959 9.920539 7.543766 34.371315 -17.700050
12.957775 -5.617956 -12.053185 -6.953386 -1.527437 -22.660740 -5.043563 13.370723 15.501120 16.850674 -2.715621 -8.791383 19.395306 2.504222 10.954988 -21.699947 7.871389 16.082661 -7.466889 -3.244079 -9.704310 -28.513020 3.914508 4.230237 -21.755751 0.346514 10.424939 8.429005 33.593903 -19.069508
11.073410 -3.911538 -12.449525 -7.889300 -1.801083 -22.855406 -3.176366 15.121279 17.766401 10.740366 -0.746136 -12.933732 17.300709 0.657358 9.120452 -18.522686 6.559810 17.664108 -4.114676 -9.315771 11.442628 -26.082823 17.302084 9.813536 -7.743712 -11.301870 1.810836 13.908984 39.159401 -17.661779
10.750074 -1.300324 -12.606027 -6.957575 -2.789109 -21.836996 -1.399677 16.337841 18.116652 10.346264 -2.257281 -15.116008 17.453789 -0.406374 9.093978 -18.495411 5.147823 16.710886 -3.291010 -10.157626 10.671601 -24.328478 20.468412 11.276245 -5.191558 -9.260441 1.818336 16.709732 38.409103 -19.883501
10.284927 0.385142 -13.060751 -6.783802 -3.184656 -20.948456 0.146543 17.343380 18.800806 10.066447 -3.218754 -17.370550 17.557505 -1.476620 9.026057 -18.103865 4.196015 15.740939 -2.847450 -10.431630 10.300607 -21.444025 22.264067 13.887665 -3.160559 -7.399301 2.404987 19.668457 37.364113 -21.482504
8.897051 1.946614 -12.722279 -5.716409 -3.780838 -19.580481 2.239693 18.561655 18.696135 11.582538 -5.088316 -19.248795 18.339176 -1.174002 8.194424 -17.965612 4.235034 15.752133 -2.260552 -9.688215 7.924635 -18.171356 23.108786 17.509493 -2.707741 -4.951209 3.064215 22.535648 32.989235 -24.228325
8.009012 4.054864 -13.024419 -4.108417 -4.742843 -18.288198 3.611641 19.312286 18.573984 12.361969 -7.106400 -20.767159 18.166569 -1.787512 7.548153 -16.801672 3.267241 16.558296 -2.336135 -8.700974 8.769645 -17.267742 23.614450 18.080530 0.037356 -3.111435 4.066534 25.500978 28.430040 -25.290766
8.361795 5.929524 -12.858484 -3.518268 -5.046744 -17.433107 5.054945 19.988510 18.370060 13.059812 -8.461485 -22.427025 17.745621 -2.956958 6.747710 -15.882572 2.920025 17.182356 -2.955075 -7.140552 9.336007 -15.601929 23.202976 18.462673 1.888890 -2.535236 4.739606 28.295200 25.988272 -25.129713
8.212879 8.199466 -12.582441 -3.323164 -5.884081 -16.118126 5.464256 19.829426 17.583799 13.960560 -9.033362 -24.093948 16.893671 -3.826597 6.036858 -15.468860 2.621760 17.277582 -3.455632 -6.687620 10.078591 -14.585530 21.580893 19.742020 3.505735 -2.924361 5.303757 31.219692 23.505373 -24.342371
8.003957 10.084915 -12.074045 -3.647206 -6.217515 -15.062736 6.080474 19.771135 16.878641 15.016225 -10.122953 -25.750629 16.135517 -4.502068 4.787162 -15.186326 2.801051 17.544661 -4.225204 -6.259194 10.614718 -14.383384 19.531889 20.885878 4.692065 -3.880439 5.871430 33.353878 21.140081 -22.655088
8.141958 12.460938 -11.932762 -2.762976 -6.994904 -13.616219 6.542410 19.478973 15.885262 16.854645 -11.802748 -27.297806 14.974765 -4.968269 3.797755 -14.776138 2.761306 17.785162 -5.116452 -5.956048 11.383210 -16.110985 17.114641 20.876532 6.011782 -4.909729 6.719336 35.098457 19.018963 -20.388380
8.110141 14.516371 -11.707791 -2.178010 -7.714361 -12.397850 6.720996 19.043037 15.137291 17.689133 -13.594270 -28.094902 13.898989 -5.271714 2.865979 -14.091754 2.749386 17.914818 -5.707737 -5.713265 12.104678 -17.832565 14.831118 21.037279 6.630095 -6.091891 7.523678 35.973740 16.381411 -18.237171
7.135896 15.955690 -11.389271 -1.541906 -8.249922 -11.287907 7.296833 18.907867 14.911202 17.715504 -14.750366 -28.445812 12.602094 -5.297667 2.381522 -13.554980 3.062409 17.675745 -6.125120 -5.638586 12.918347 -19.012173 13.121298 20.869808 6.874337 -6.796104 8.459306 36.178425 14.611333 -16.286179
6.667301 16.994307 -10.883319 -1.122207 -8.563278 -10.358312 7.829958 18.699413 14.685173 18.079239 -15.828011 -29.135231 11.989785 -5.448214 1.775853 -13.172310 3.342131 17.580542 -6.600427 -5.344990 13.296294 -19.581675 12.069828 21.084780 6.807033 -7.252944 8.760616 36.238522 12.932597 -15.664602
6.378492 17.682714 -10.530414 -0.763847 -8.790031 -9.674583 8.133021 18.471304 14.439914 18.480814 -16.531143 -29.128172 11.522768 -5.337700 1.609917 -13.083146 3.387006 17.637592 -6.763653 -5.321841 13.589991 -19.859758 11.289455 21.146978 6.666963 -7.619631 9.028190 36.219376 12.131446 -15.049204
