-1.870584 -14.556213 21.629133 -19.572254 -7.029739 -12.793863 -19.813154 -12.963076 11.509434 -2.155666 12.166698 13.690585 -0.000235 -5.320719 19.999443 3.402710 17.420107 -0.959967 -6.550848 -13.778545 -1.863008 17.528404 13.531667 -21.888245 -21.223553 -22.009937 5.490516 6.464550 -0.801851 0.745884
-1.487132 -14.571556 21.346226 -19.539391 -7.148850 -13.165195 -20.081554 -12.816673 11.361956 -2.201440 11.921000 13.786653 -0.048293 -5.316611 20.203531 3.172307 17.052967 -0.550704 -6.291033 -14.040141 -2.350955 17.686274 13.145745 -21.976255 -21.346073 -22.254932 5.065241 6.851882 -0.006504 0.492294
-0.692257 -14.622597 20.666710 -19.531887 -7.288176 -13.989124 -20.594887 -12.459669 11.038054 -2.294455 11.222241 13.845895 -0.514542 -5.239325 20.331116 2.167998 16.934061 -0.184313 -6.151553 -14.388332 -3.120787 17.310682 12.388825 -22.112804 -21.413567 -22.356544 4.559315 7.513075 1.437334 0.143679
0.560848 -14.749090 19.163588 -19.643139 -7.184166 -15.014833 -21.029755 -11.876469 10.951814 -2.405812 9.982046 13.961135 -1.037677 -4.943645 20.790966 0.893431 15.998066 0.786991 -5.908646 -14.919385 -3.914644 16.757055 11.741888 -22.227730 -21.334656 -22.575012 3.781726 8.254328 3.556804 -0.260932
2.315322 -14.682272 17.591164 -19.493284 -7.159714 -15.970025 -21.795185 -11.556891 10.680138 -2.011312 8.309097 14.009981 -1.239192 -5.025603 21.172890 -0.413224 14.481966 2.387034 -5.743731 -15.349958 -4.471302 16.212862 10.524135 -22.794825 -21.385250 -22.911938 2.923831 9.140738 5.889341 -0.770376
4.610638 -14.554012 15.431927 -19.468189 -7.032614 -17.554384 -22.341080 -10.519783 10.569778 -2.064881 6.826712 13.604421 -1.886064 -5.007757 21.380417 -2.260092 13.544116 3.476143 -5.523660 -15.924469 -5.065142 14.940906 8.392141 -23.043703 -21.255764 -23.817871 1.625801 10.645908 7.751748 -1.453417
5.834390 -14.627139 14.322947 -19.894817 -6.774263 -18.593340 -22.626881 -9.915443 10.490931 -2.074041 5.516097 13.469815 -2.410869 -4.960325 21.400930 -3.454762 13.008588 4.069349 -5.541563 -16.281542 -5.868742 14.343319 7.041967 -23.305307 -21.258839 -24.502865 0.436296 11.662579 9.240621 -2.157429
6.433531 -14.326341 13.243023 -19.615250 -7.265783 -19.250481 -23.612320 -9.788323 9.984657 -2.052135 4.158598 13.542279 -2.917276 -4.844814 21.513546 -4.676808 12.345456 4.782318 -5.697238 -16.600189 -6.601326 14.185928 5.839862 -23.454578 -21.382423 -25.179684 -0.503264 12.526411 10.662622 -2.615809
7.611919 -14.046832 11.779669 -19.878181 -7.157908 -20.372816 -23.742424 -8.793299 9.942311 -2.300322 2.952608 13.377253 -3.091456 -5.050272 21.490847 -5.561476 11.693345 5.462079 -5.768956 -16.672178 -6.782590 13.905314 4.366148 -23.402269 -21.418554 -25.538963 -0.812031 13.473203 11.767863 -2.737631
7.991423 -13.868899 11.296632 -19.897356 -7.165894 -20.694197 -23.790779 -8.493465 9.879672 -2.327842 2.663331 13.331469 -3.372361 -5.035200 21.457884 -5.956914 11.828698 5.338746 -5.838372 -16.668842 -7.087356 13.685601 3.585795 -23.351057 -21.490927 -25.676626 -0.974183 13.970688 12.553543 -2.818843
7.931971 -13.933105 11.137726 -20.169483 -7.038657 -20.889343 -23.664679 -8.237040 9.974886 -2.546639 2.443384 13.455917 -3.410397 -4.973805 21.554970 -5.941896 11.597447 5.446487 -5.791494 -16.763165 -7.306763 13.908256 3.639861 -23.374252 -21.573242 -25.666227 -1.033686 13.983629 12.799424 -2.877480
7.787368 -14.127657 10.711731 -21.135099 -6.372538 -21.526094 -22.654202 -7.094694 10.522892 -3.395872 1.256861 13.701464 -2.929496 -5.045208 21.860746 -5.482963 9.851617 6.767820 -5.601021 -16.932074 -8.636613 13.650238 5.461391 -23.657816 -21.517843 -24.609009 -0.968485 13.104997 13.796588 -3.238492
8.368608 -13.585382 10.083676 -21.318459 -5.993253 -21.946085 -21.376141 -5.797820 10.923492 -3.915467 0.434734 13.482662 -2.226533 -5.376253 22.179653 -4.963614 7.955355 7.899706 -5.353992 -16.844618 -10.275350 10.923129 5.471730 -23.947348 -21.052860 -23.485428 -0.765226 13.351723 16.545664 -3.367604
9.253616 -12.913966 10.310746 -21.258736 -5.492910 -22.183409 -19.362190 -4.424258 11.475689 -4.164361 0.527227 12.731728 -0.238192 -6.363184 22.504471 -4.581112 5.976162 9.443126 -5.167902 -15.846440 -10.549521 8.452357 5.674027 -24.438570 -20.504633 -21.162762 0.956700 13.275946 18.759125 -2.989609
9.733174 -12.695542 10.161715 -21.542744 -4.776523 -21.818224 -17.970026 -3.899905 12.332001 -3.888121 2.410648 11.461832 1.298293 -7.340922 22.050476 -4.214489 5.912701 9.767083 -5.213275 -15.199903 -10.906700 6.690423 8.047635 -25.452179 -19.744240 -18.442184 2.571078 12.211347 20.764696 -2.993511
9.479008 -12.228569 9.324220 -22.143082 -3.624678 -21.020237 -15.738935 -2.843082 13.775431 -3.881850 4.464780 9.953517 3.479944 -8.346286 21.633732 -3.581027 5.227097 10.784545 -5.603040 -13.736673 -10.188807 3.742909 10.319550 -26.121021 -18.401085 -15.517713 4.098181 10.846474 21.114853 -2.983742
7.916729 -11.737621 10.018982 -22.753036 -3.065813 -19.939993 -13.669010 -2.130892 15.012753 -4.671555 5.876647 9.161334 5.012818 -9.197382 20.751482 -1.566411 4.764999 11.441098 -6.220507 -12.955029 -8.366794 1.918514 13.693264 -27.794180 -17.107468 -12.622025 5.738647 9.357006 21.926064 -3.122257
7.706243 -11.706646 10.835012 -22.604025 -2.636762 -19.346037 -12.036332 -1.566503 16.073990 -5.362909 7.587402 8.382172 6.536467 -10.053544 19.800423 -0.707977 5.043012 11.638997 -6.682926 -12.047843 -7.633077 1.124907 17.182281 -28.828192 -16.169361 -10.140617 7.379071 7.701721 22.245369 -2.916646
8.388634 -11.377302 10.973865 -21.968586 -2.213615 -18.737822 -10.518231 -0.988979 16.897062 -5.196567 7.716650 7.829182 7.280264 -10.699515 19.182705 -0.363011 5.130462 11.961687 -6.890529 -11.419517 -6.974057 -0.141073 17.565941 -28.939604 -15.799763 -8.486216 9.139696 7.303654 24.765707 -1.851374
8.698693 -11.288485 10.695685 -21.806961 -1.720650 -18.184113 -9.864639 -1.023117 17.409613 -4.811584 7.954251 7.527364 8.229934 -11.352414 18.644690 -0.095913 5.144888 12.230738 -7.428594 -10.463061 -6.518156 -0.090457 17.754667 -29.010906 -15.856447 -7.781104 10.209094 6.923089 25.148142 -1.097714
8.764561 -11.287172 10.762575 -21.750566 -1.681109 -18.060640 -9.825809 -1.122996 17.424200 -4.626199 7.953177 7.580122 8.166140 -11.340642 18.648983 -0.180551 5.230975 12.175561 -7.405715 -10.526383 -6.379555 -0.142397 17.730232 -29.156645 -15.828838 -7.431419 10.505467 6.914917 25.300360 -1.055804
8.536832 -11.660087 11.047895 -21.805862 -1.493488 -17.779219 -9.801805 -1.506865 17.613163 -4.579444 8.089827 7.728603 8.217755 -11.287746 18.659349 0.262400 5.264072 12.094167 -7.418229 -10.557662 -6.565160 0.394777 17.640938 -29.527460 -16.250648 -7.511790 10.416134 6.543200 24.584387 -1.139554
8.450353 -11.850008 11.191882 -21.925926 -1.077568 -17.412874 -9.199090 -1.527048 18.067499 -4.589800 8.487739 8.106107 8.365161 -11.021660 18.781109 1.118864 5.133194 11.958205 -7.390590 -10.726520 -6.095118 1.341197 17.417967 -30.276323 -16.878834 -7.395741 10.772216 5.791498 22.748503 -1.091021
8.897388 -12.379703 12.127691 -21.612164 -0.714412 -16.718824 -9.099311 -2.485202 18.238531 -3.787231 9.074225 8.363649 8.517798 -10.837643 18.753946 2.162769 5.209434 11.773431 -7.480169 -10.602214 -4.909259 1.555070 17.088963 -31.547758 -17.470007 -6.424244 11.823240 4.897714 22.086721 -0.872405
8.484323 -12.802965 13.338854 -20.981113 -0.397558 -15.449351 -8.525350 -3.622451 18.819109 -3.479943 9.167894 8.564981 8.714707 -10.649417 18.977068 3.946151 4.590677 12.013464 -7.406436 -10.508040 -4.155505 1.463316 16.888643 -33.037045 -18.155422 -6.168184 12.289424 3.513519 19.505428 -0.666200
7.669841 -13.268843 14.792999 -20.720137 -0.023271 -14.194231 -7.838600 -4.586873 19.405556 -3.226584 9.039099 9.292634 9.030735 -10.258050 19.466167 5.753760 4.164731 11.633988 -7.394791 -10.179145 -2.592364 2.240388 16.113455 -34.331059 -19.208368 -6.366694 13.112214 1.881202 16.247309 0.117501
7.290689 -13.497808 16.233213 -20.094971 0.242428 -13.214687 -7.128842 -5.341578 19.821020 -3.047158 8.606831 9.542342 9.124238 -10.060843 19.687654 7.373080 3.787513 11.315917 -7.294774 -9.891505 -0.123377 3.560205 15.037709 -35.606094 -19.951447 -6.808673 13.882852 1.028540 13.734190 0.837108
6.722741 -13.898554 17.526287 -19.568081 0.775058 -12.191025 -6.037599 -5.909807 20.665941 -3.248298 8.916683 9.936711 9.339654 -9.968647 19.746050 9.534296 3.969645 10.976102 -6.981057 -9.908032 2.214584 4.695918 13.778356 -36.679287 -20.721245 -7.137430 14.664907 0.431616 11.889991 1.381296
6.001575 -13.842040 18.339813 -18.994530 0.695213 -11.541935 -5.678599 -6.316064 20.881399 -3.441008 8.993732 9.803784 9.714690 -10.206396 19.749147 10.845033 3.803720 11.088596 -6.757162 -9.585095 4.060451 5.350419 12.987819 -36.982296 -21.062965 -7.686325 15.204047 0.086294 10.333967 2.078668
5.575490 -13.771732 18.784248 -18.708511 0.975301 -10.794937 -5.026212 -6.617128 21.296955 -3.389751 9.059109 9.852901 9.707747 -10.108389 19.747498 11.693784 3.762364 11.029771 -6.720009 -9.615607 5.188673 5.968473 12.709304 -36.963203 -21.064159 -8.195345 15.288544 0.056137 8.989187 2.345959
5.619788 -13.745697 18.876144 -18.511030 0.932795 -10.706607 -5.028180 -6.726112 21.303263 -3.372319 9.120981 9.883813 9.621442 -10.028675 19.654594 11.860026 3.897497 10.944556 -6.773096 -9.703149 5.360271 6.037784 12.651027 -37.006180 -21.078728 -8.211785 15.360829 0.052968 8.935501 2.401435
5.618840 -13.746292 18.875755 -18.510124 0.932736 -10.706997 -5.027892 -6.725333 21.303217 -3.371378 9.121040 9.883802 9.621337 -10.028749 19.654949 11.860139 3.897270 10.944162 -6.772926 -9.703146 5.360226 6.037673 12.651173 -37.006248 -21.078629 -8.211707 15.360820 0.053023 8.935410 2.401399
5.619283 -13.746040 18.876415 -18.510582 0.932788 -10.706546 -5.027774 -6.725539 21.302591 -3.370094 9.121315 9.883682 9.621089 -10.029079 19.655365 11.860253 3.896954 10.944032 -6.772865 -9.703264 5.360315 6.037351 12.651115 -37.005947 -21.078674 -8.211449 15.360866 0.052974 8.935147 2.400968
5.615574 -13.747831 18.875023 -18.506104 0.932297 -10.707747 -5.026478 -6.722926 21.302647 -3.367049 9.121315 9.883682 9.621089 -10.029079 19.655365 11.860253 3.896954 10.944032 -6.772865 -9.703264 5.360365 6.038457 12.650308 -37.004463 -21.079269 -8.211622 15.359954 0.052159 8.934518 2.400313
5.614473 -13.748861 18.874111 -18.505802 0.932235 -10.708548 -5.026731 -6.722315 21.303038 -3.368170 9.121185 9.883780 9.621237 -10.028994 19.655045 11.860129 3.897179 10.944218 -6.772977 -9.703177 5.360012 6.038186 12.651228 -37.005447 -21.078720 -8.211228 15.360187 0.052287 8.934699 2.400204
5.614415 -13.748882 18.874050 -18.505791 0.932237 -10.708566 -5.026717 -6.722319 21.303131 -3.368397 9.121098 9.883715 9.621284 -10.028841 19.655060 11.860179 3.897198 10.944217 -6.772886 -9.703180 5.360012 6.038186 12.651228 -37.005447 -21.078720 -8.211228 15.360187 0.052287 8.934699 2.400204
5.615260 -13.748372 18.874113 -18.506145 0.932271 -10.708374 -5.026959 -6.722943 21.303440 -3.369699 9.121284 9.883580 9.621208 -10.029007 19.655380 11.860227 3.896956 10.943986 -6.772741 -9.703262 5.360049 6.037827 12.651431 -37.005432 -21.078693 -8.211182 15.360440 0.052299 8.935031 2.400321
4.954810 -14.177294 18.360443 -17.381630 0.651573 -11.180227 -5.156075 -6.507012 22.029486 -5.155885 9.328698 9.331082 9.235628 -9.469173 20.120373 12.709330 3.206264 11.118568 -5.964370 -10.410748 5.990481 6.447975 13.575201 -37.762230 -20.051815 -8.325850 15.102012 0.577875 9.031854 2.482354
4.954810 -14.177294 18.360443 -17.381630 0.651573 -11.180227 -5.156075 -6.507012 22.029486 -5.155885 9.328698 9.331082 9.235628 -9.469173 20.120373 12.709330 3.206264 11.118568 -5.964370 -10.410748 5.990481 6.447975 13.575201 -37.762230 -20.051815 -8.325850 15.102012 0.577875 9.031854 2.482354
4.954810 -14.177294 18.360443 -17.381630 0.651573 -11.180227 -5.156075 -6.507012 22.029486 -5.155885 9.328698 9.331082 9.235628 -9.469173 20.120373 12.709330 3.206264 11.118568 -5.964370 -10.410748 5.990481 6.447975 13.575201 -37.762230 -20.051815 -8.325850 15.102012 0.577875 9.031854 2.482354
5.718215 -13.686192 18.805557 -18.608421 0.920724 -10.702441 -5.129333 -6.826765 21.398806 -3.789511 9.156143 9.850924 9.526678 -10.010193 19.680035 11.960696 3.824187 10.998393 -6.740833 -9.793754 5.598598 5.823941 12.868477 -36.991371 -20.968037 -8.050097 15.406268 0.003541 9.100928 2.264735
5.626258 -13.747087 18.866137 -18.512228 0.933834 -10.706453 -5.031355 -6.727126 21.307135 -3.380477 9.122121 9.882442 9.609376 -10.028190 19.658457 11.868869 3.886748 10.951978 -6.771173 -9.712918 5.348761 6.033429 12.651514 -37.009548 -21.076241 -8.203457 15.366136 0.056856 8.932496 2.400687
5.616071 -13.752571 18.863773 -18.509256 0.932287 -10.709550 -5.030659 -6.720468 21.304052 -3.370750 9.116867 9.878322 9.617036 -10.016657 19.660046 11.868451 3.888769 10.947077 -6.761079 -9.712411 5.351448 6.038151 12.640469 -36.992390 -21.087029 -8.207104 15.363999 0.053889 8.931809 2.397252
5.608335 -13.750679 18.872145 -18.509422 0.929987 -10.711103 -5.029360 -6.719102 21.302053 -3.371670 9.119099 9.880682 9.625863 -10.023358 19.658813 11.860034 3.895684 10.937366 -6.765548 -9.703161 5.359485 6.042216 12.643864 -36.995922 -21.084316 -8.211357 15.360043 0.052619 8.930660 2.396934
5.587907 -13.764350 18.863945 -18.477320 0.929115 -10.719280 -5.018688 -6.702004 21.304167 -3.348665 9.116696 9.878800 9.635438 -10.015341 19.650303 11.858203 3.904377 10.941804 -6.763587 -9.700764 5.366037 6.017936 12.623796 -36.962715 -21.113142 -8.204489 15.362766 0.028311 8.932788 2.377929
5.611130 -13.750411 18.872395 -18.493595 0.931606 -10.712183 -5.024079 -6.718604 21.306028 -3.368759 9.115408 9.881328 9.631489 -10.019168 19.649899 11.858623 3.903417 10.944406 -6.767911 -9.700547 5.366178 6.007426 12.635768 -36.971771 -21.110634 -8.198206 15.360589 0.019237 8.931060 2.368240
5.612209 -13.749567 18.872795 -18.496067 0.931672 -10.710985 -5.025277 -6.720719 21.306353 -3.371419 9.111902 9.881061 9.634358 -10.015141 19.648155 11.858523 3.905184 10.944658 -6.765621 -9.700511 5.365028 6.006164 12.635794 -36.970543 -21.111568 -8.197636 15.361030 0.018106 8.931020 2.367845
5.601660 -13.756051 18.868097 -18.486771 0.930834 -10.715092 -5.022491 -6.712694 21.306152 -3.363004 9.113246 9.881701 9.630995 -10.017782 19.651112 11.859206 3.902603 10.944222 -6.766464 -9.700772 5.367020 6.010176 12.629517 -36.964146 -21.114832 -8.201270 15.360780 0.020419 8.932632 2.371136
5.598587 -13.757881 18.867443 -18.485512 0.930566 -10.715892 -5.021494 -6.710074 21.305239 -3.359030 9.116466 9.882362 9.627999 -10.021717 19.652641 11.859080 3.900626 10.943723 -6.768772 -9.701247 5.366521 6.009826 12.630115 -36.965061 -21.114315 -8.200994 15.361053 0.020761 8.933335 2.370912
5.608804 -13.752871 18.873013 -18.496622 0.930775 -10.711109 -5.024322 -6.717510 21.303904 -3.365050 9.120181 9.883082 9.622121 -10.028280 19.657354 11.859935 3.895175 10.941684 -6.771014 -9.702235 5.368047 6.020730 12.630392 -36.969311 -21.109724 -8.207841 15.358239 0.027307 8.937024 2.375174
