12.534924 -6.044930 2.553872 3.776699 -5.259141 -14.880412 1.673954 8.632367 18.189276 16.407177 -19.789873 -0.857190 21.598696 -2.074727 10.564868 -2.064814 0.497593 20.434042 -2.610585 -5.760504 9.532195 -3.226875 14.863487 19.422714 -20.531763 -16.056177 2.830307 7.175613 36.987640 -10.101973
12.513304 -6.075186 2.435015 3.744609 -5.161372 -14.856270 1.719620 8.620945 18.310398 16.379351 -19.640955 -1.006211 21.689949 -2.086347 10.348578 -2.039668 0.566498 20.551237 -2.687536 -5.814826 9.578610 -3.455886 14.965773 19.300680 -20.356216 -15.885978 2.865083 7.245687 36.937710 -10.246033
12.293942 -6.035506 2.428883 3.441746 -5.004897 -14.854637 1.873601 8.718046 18.367561 16.347439 -19.430182 -1.180555 21.720432 -2.037407 10.187745 -2.088544 0.540599 20.768291 -2.766402 -5.880879 9.641432 -3.813121 15.308386 19.023890 -20.073118 -15.596263 2.911407 7.205121 36.722229 -10.484241
12.334981 -5.840130 2.431221 3.312803 -4.861308 -14.855087 2.120819 8.841963 18.409185 16.440166 -19.137951 -1.528241 21.709644 -2.092711 10.117755 -1.986821 0.439452 20.854376 -2.771475 -5.915178 9.862418 -3.779761 15.522227 19.093899 -19.790352 -15.439413 2.984932 7.466725 36.663120 -10.692248
12.188274 -5.834656 2.236968 2.991672 -4.588364 -14.856394 2.338977 8.972836 18.615808 16.404331 -18.719194 -1.910516 21.773897 -2.137387 10.011435 -1.794138 0.339056 20.930639 -2.815304 -5.958306 10.011287 -3.872165 16.006256 18.996300 -19.540222 -15.134642 3.035818 7.479298 36.552574 -11.048340
11.811075 -5.886918 2.036507 2.618955 -4.317195 -14.849057 2.612025 9.176043 18.861368 16.280544 -18.179794 -2.561930 22.008423 -2.223623 9.804899 -1.424390 0.218999 21.061575 -2.807568 -5.991844 10.345523 -4.143842 16.505510 18.770159 -19.066143 -14.918789 3.110667 7.651989 36.268394 -11.364986
11.577532 -5.846697 1.984965 2.215997 -4.117983 -14.885672 2.836031 9.370916 18.932276 16.325481 -17.416300 -3.028674 22.260752 -2.274014 9.516597 -1.229650 0.318522 21.186255 -2.874277 -5.975837 10.624553 -4.564236 17.084545 18.418203 -18.623104 -14.523591 3.253241 7.673523 35.986877 -11.707956
11.153547 -5.883279 1.872643 1.795744 -3.832053 -14.791182 3.227888 9.595737 19.229094 16.099657 -16.708450 -3.566056 22.472580 -2.382419 9.202757 -0.998982 0.396817 21.226076 -2.929312 -5.981552 11.006783 -4.456870 17.520121 18.335676 -18.374535 -14.236532 3.468170 7.840173 35.628784 -12.081602
10.312676 -5.763102 1.769567 0.861409 -3.426427 -14.806646 3.769827 10.060286 19.515215 15.635383 -15.482790 -4.555930 23.094593 -2.664363 8.739510 -0.770799 0.568468 21.083607 -3.050858 -5.673389 11.465327 -5.017664 18.148294 17.608681 -17.897964 -13.690897 3.828408 7.805422 34.959450 -12.503345
9.567675 -5.631347 2.028529 0.424515 -3.160515 -14.491779 4.439143 10.298576 19.759989 15.466949 -15.050656 -4.845674 23.133005 -2.688956 8.544940 -0.531410 0.761651 20.975737 -3.075895 -5.681921 11.679686 -5.419356 18.401892 17.199112 -17.559479 -13.222399 4.062893 7.957968 34.331985 -12.973750
8.982299 -5.572352 2.058792 -0.181971 -2.943225 -14.325152 4.785687 10.483374 19.972528 15.108095 -14.288315 -5.379381 23.413490 -2.813118 8.098231 -0.088487 0.950300 20.870245 -3.155481 -5.676822 12.072397 -5.847132 19.194765 16.749979 -17.079500 -12.507781 4.424801 7.860152 33.415287 -13.566433
8.064341 -5.453788 1.956448 -1.184359 -2.505077 -14.321277 5.404678 11.016019 20.347132 14.411319 -13.334953 -6.094776 24.020317 -3.027475 7.622390 0.254821 1.157145 20.877623 -3.242985 -5.477281 12.255330 -5.969377 19.762815 16.330404 -16.733358 -11.933594 4.710236 7.898458 32.778492 -14.039474
7.637447 -5.249030 2.143374 -1.585959 -2.326280 -14.096291 5.851525 11.186424 20.425062 14.343790 -12.694834 -6.682211 24.246094 -3.146680 7.467135 0.353776 1.341337 20.692083 -3.217547 -5.270350 12.693279 -6.121353 20.021017 16.238861 -16.368275 -11.584929 4.861301 8.047992 32.253395 -14.442423
7.161355 -5.175270 2.303772 -2.308467 -2.065220 -13.959787 6.224849 11.395517 20.503265 14.311619 -11.986994 -7.371982 24.536331 -3.310988 7.310528 0.500103 1.521793 20.576790 -3.133765 -5.114260 12.832376 -6.304897 20.600012 15.769220 -16.115562 -11.171700 5.053159 7.832385 31.515087 -14.791043
6.582755 -5.204844 2.092470 -2.673317 -1.776154 -13.820663 6.672363 11.674783 20.954887 13.695160 -11.364981 -7.946189 24.778412 -3.601244 7.071682 0.897557 1.577718 20.461596 -3.174577 -5.144524 13.061881 -6.169445 21.613241 15.319902 -15.669851 -10.641601 5.338005 7.702206 30.687866 -15.088742
6.093136 -5.057294 2.100641 -2.875975 -1.635844 -13.634101 7.181725 11.970694 21.202200 13.339626 -10.982906 -8.126364 24.880753 -3.731133 7.026481 1.065414 1.716284 20.204786 -3.250384 -5.063293 13.340878 -6.036512 22.122534 15.115017 -15.390383 -10.400014 5.509255 7.698728 30.354570 -15.245578
5.779866 -4.894625 2.279437 -2.887091 -1.624496 -13.380355 7.559636 12.061447 21.363970 13.152187 -10.765217 -8.403432 25.029709 -3.843986 6.827553 1.398553 1.925298 19.891657 -3.290557 -5.038893 13.480460 -5.979218 22.512169 14.974971 -15.195267 -10.136968 5.646336 7.681533 30.011057 -15.441917
5.434161 -4.971294 2.275062 -2.920854 -1.627519 -13.343360 7.605428 12.110117 21.461542 12.963929 -10.727590 -8.626956 25.066803 -3.883687 6.714709 1.596101 1.979487 19.734655 -3.313052 -4.983108 13.717701 -5.788324 22.750158 14.917818 -15.031740 -9.943639 5.853404 7.781501 29.590052 -15.551888
5.190728 -4.907700 2.386838 -2.980812 -1.635748 -13.287400 7.766271 12.215013 21.493689 12.841431 -10.764703 -8.706488 25.126415 -3.952221 6.552876 1.769231 2.050203 19.647106 -3.387375 -5.007369 13.822967 -5.596554 23.028330 15.026391 -14.896183 -9.819674 5.910897 7.811517 29.285961 -15.613319
5.082850 -4.921058 2.355779 -3.047196 -1.586325 -13.307595 7.850645 12.301504 21.559977 12.733702 -10.744925 -8.764169 25.131691 -3.970351 6.534295 1.782007 2.049260 19.634607 -3.395205 -4.992958 13.847134 -5.621100 23.050016 15.020118 -14.872938 -9.789824 5.945501 7.793668 29.152849 -15.612726
4.920724 -4.725453 2.702317 -2.985143 -1.574407 -13.001184 8.237750 12.303165 21.623476 12.772005 -10.838251 -9.006055 25.166420 -4.082963 6.333977 1.925503 2.060181 19.556479 -3.518658 -4.891386 14.189960 -5.533111 23.292341 15.100660 -14.670163 -9.543659 6.180171 7.836079 28.835842 -15.685584
4.232569 -4.168272 3.253574 -2.892568 -1.701683 -12.647791 9.115831 12.716051 21.828684 12.420155 -11.206932 -9.924090 25.211174 -4.381031 5.597514 2.231701 2.267451 18.941608 -3.879022 -5.106531 14.683423 -4.384199 24.194094 15.988289 -14.059229 -8.963142 6.817228 8.350449 27.770988 -15.711222
4.224594 -3.011453 4.282833 -2.091574 -1.921286 -11.587114 10.469266 12.751741 22.050112 12.824141 -11.935551 -10.818609 25.069912 -4.517990 4.890324 2.718255 2.297138 18.100657 -4.279863 -5.473165 15.636237 -2.626666 25.728247 17.435587 -13.159916 -8.321030 7.600780 9.026648 26.044704 -15.783933
3.438373 -1.413265 5.593567 -0.384800 -2.598804 -9.649841 11.767660 12.214962 22.116484 13.195322 -14.175241 -11.891137 24.115269 -4.015465 4.810788 3.605961 1.244976 16.303135 -4.529283 -6.297272 16.752874 1.136843 28.126604 19.106134 -11.859262 -7.322422 8.480556 10.262775 23.533937 -15.992496
2.019950 0.663898 6.585185 1.514704 -3.846634 -7.741614 12.948792 12.044721 22.149385 13.212688 -15.472441 -14.012511 23.350342 -3.902203 4.460508 4.911709 0.484830 14.080451 -4.461761 -7.283427 17.574718 4.334148 30.306143 21.543581 -9.827566 -5.581721 9.593475 12.198383 19.471703 -15.937328
1.931509 4.645043 7.195835 3.396005 -5.776206 -4.764619 13.082232 10.600570 21.143255 13.747962 -17.305658 -16.720005 20.682970 -4.900876 4.817309 6.700939 -0.897298 10.906402 -4.962532 -8.133854 19.890913 6.424109 30.822783 22.181631 -6.425343 -4.499551 11.367537 15.480511 13.228402 -14.628136
0.474134 7.510345 6.960788 4.983236 -8.100851 -1.924163 11.981233 9.004347 19.757286 15.514359 -18.288174 -20.924950 18.919868 -4.978406 3.887068 8.815839 -0.869825 7.391215 -5.333521 -8.161688 21.131529 7.560284 30.406530 24.141375 -4.114398 -4.512721 13.606714 18.608803 7.328771 -11.274467
-0.789852 10.772102 6.194239 6.814882 -10.625139 0.536237 10.720304 7.753357 18.152523 16.776501 -19.540049 -23.728231 16.578388 -5.119175 2.499111 9.781184 0.190182 4.801901 -6.774685 -7.771961 21.896780 8.038175 27.365026 24.217642 -1.933326 -5.805193 15.581394 22.327562 0.963589 -6.996114
-0.846185 14.224401 4.739319 8.475451 -12.962936 2.652593 9.058727 6.227236 16.898161 17.140759 -21.102388 -26.349907 12.666947 -4.825225 1.585437 9.538020 1.824333 2.727358 -8.207605 -7.655059 22.688246 4.562886 24.759386 23.584408 -0.337406 -7.120781 16.871223 23.993118 -4.820377 -4.416287
-0.148248 17.896780 3.822676 9.032412 -14.979664 4.874834 7.156265 3.874934 15.417933 18.080784 -22.506584 -28.807503 8.851438 -2.757536 0.718154 7.533523 4.150610 1.622726 -9.109375 -7.921580 25.031658 0.956775 18.942499 21.779234 0.970721 -9.415859 18.129150 26.271561 -10.319643 -0.889521
-0.832844 22.198650 2.802952 7.837080 -16.968775 6.214306 5.704873 2.996675 12.960979 19.274216 -23.547367 -30.831549 3.651321 -1.648582 0.873033 5.228657 6.715600 1.678797 -8.900032 -8.042950 25.895830 -3.384608 12.731318 19.983673 2.154633 -10.694813 18.239185 28.246607 -14.303515 0.266038
-2.751804 25.464851 0.397393 6.998992 -19.028500 6.846188 3.737355 2.761966 10.550142 19.823841 -23.406984 -32.154808 0.256213 -0.099325 1.298138 1.938761 9.581282 1.210201 -10.227842 -5.637407 24.598852 -7.832385 7.001921 18.142784 2.997189 -12.874746 17.806240 30.254137 -17.802540 2.687654
-7.934626 27.880508 -3.016487 3.495255 -19.987898 8.077681 2.394948 3.026371 9.494738 19.136742 -20.287252 -32.268131 -0.854373 2.587261 3.959538 -0.435339 10.433587 -0.194250 -14.313189 0.896788 22.714993 -10.777125 -0.009733 16.213932 1.965099 -12.587009 19.619513 32.501163 -20.403833 4.184888
-13.989833 27.672489 -8.166424 -0.132947 -18.023247 10.308176 2.942132 2.927074 11.236013 17.975708 -15.341707 -32.151470 -1.435691 5.976246 6.884496 -1.587051 10.274551 -1.340885 -18.698362 7.014744 18.583187 -13.825263 -8.624745 12.402469 0.237194 -11.415884 21.095877 35.152843 -22.148745 4.291809
-18.973965 26.038868 -11.792376 -2.522872 -15.159538 12.735826 4.204917 2.131540 13.400837 17.919376 -11.269562 -31.376898 -1.001404 9.996243 9.886012 -2.481656 9.976399 -1.551797 -21.804487 12.421608 17.109156 -15.281510 -14.900070 7.315906 -1.052277 -11.105126 21.550087 36.467327 -23.543344 4.260351
-23.368759 24.412027 -15.405280 -5.092628 -11.876774 16.292467 5.414747 0.075458 16.256502 18.714668 -8.332283 -29.847805 -2.291078 13.916168 13.012815 -1.279832 7.986245 -1.168467 -23.838621 14.518796 15.028269 -18.434059 -18.063662 3.702607 -1.852457 -13.312946 20.268700 36.122074 -26.880941 6.121259
-26.313829 22.307543 -17.180134 -5.735464 -9.415770 19.265450 6.410172 -2.093710 18.639753 19.703350 -6.014438 -28.301151 -2.950530 18.279161 15.386241 -0.523461 6.452867 -0.605119 -25.618025 15.568717 13.702340 -19.662895 -20.681469 0.649457 -2.954631 -15.413452 18.774368 35.437889 -30.080353 6.884509
-28.147688 20.363039 -17.866844 -5.380240 -8.012391 20.328671 7.183008 -2.826344 20.102484 19.805193 -4.508903 -26.952847 -3.926640 21.357271 17.207069 0.813111 4.835478 0.547049 -25.990965 15.336302 12.188630 -19.870295 -21.524660 -1.912266 -3.606206 -16.419647 17.214621 34.760170 -32.916748 6.310757
-29.783121 19.096209 -17.934416 -4.997387 -7.496173 20.876724 7.476319 -3.211737 20.728796 19.754490 -4.130742 -26.142513 -4.731196 22.970057 18.464073 2.106794 3.616131 1.283398 -25.698162 14.691842 11.721005 -19.395096 -21.394995 -3.728817 -4.092669 -16.754494 16.380281 34.052467 -33.425224 5.852964
-30.228861 18.667830 -17.869085 -4.946912 -7.361134 21.049599 7.398001 -3.512628 20.925192 19.564947 -3.663702 -25.969841 -4.824401 23.341139 18.631264 2.580492 3.386775 1.490618 -25.395704 14.236384 11.451281 -19.524145 -21.153959 -4.348040 -4.349647 -16.894054 15.982455 33.539043 -33.689835 5.551397
-30.132931 18.760080 -17.947533 -4.877690 -7.431025 21.009670 7.376786 -3.454822 20.887590 19.612625 -3.705335 -26.052700 -4.906044 23.251440 18.731754 2.447125 3.361849 1.385658 -25.423201 14.282216 11.522243 -19.487913 -21.105534 -4.266406 -4.217098 -16.814163 16.164078 33.701443 -33.592644 5.750837
-30.089622 18.901142 -18.091705 -4.684971 -7.566717 20.854885 7.448277 -3.164141 20.776562 19.876190 -3.910071 -26.214769 -4.837823 22.984890 18.777924 2.228929 3.334457 1.131298 -25.455961 14.445670 11.584710 -19.407610 -21.108400 -3.926117 -3.939249 -16.731771 16.407377 34.022041 -33.379581 6.124093
-29.875017 19.199156 -18.526241 -4.378137 -7.858553 20.522619 7.444709 -2.667566 20.598713 20.113956 -4.406485 -26.554049 -4.823342 22.788746 18.697166 1.679813 3.794158 0.552515 -25.679531 14.812184 11.751660 -19.349905 -20.989891 -3.392494 -3.479824 -16.687365 16.808348 34.567703 -33.300579 6.670608
-29.530573 19.631857 -18.630398 -4.072712 -8.255932 20.216270 7.364057 -2.317484 20.313160 20.301395 -4.472161 -27.102829 -4.448489 22.174965 18.289532 1.221607 4.038073 0.227583 -25.658819 14.877984 11.836255 -19.579603 -20.521540 -2.840580 -2.870240 -16.364193 17.298573 35.058590 -32.979568 7.122941
-29.298893 20.085606 -18.724817 -3.741473 -8.788099 19.803801 7.252637 -1.836001 19.995810 20.493248 -4.449068 -28.043667 -4.025822 20.686382 17.583530 0.162325 4.700275 -0.494083 -24.983517 14.473145 12.000117 -19.864294 -19.859985 -2.245286 -2.128481 -16.026611 17.722857 35.543720 -32.118755 7.472326
-28.793470 20.787254 -18.885748 -3.044819 -9.511727 19.465523 7.073435 -1.394870 19.503664 20.979052 -5.172532 -28.618793 -4.033750 19.681719 17.069332 -0.150003 5.295115 -1.292652 -24.905954 14.360328 12.233204 -20.118307 -18.926811 -1.608204 -1.512070 -15.498999 18.441833 35.788193 -31.334314 8.028511
-28.639772 21.399082 -18.820704 -2.613330 -10.395319 18.761942 6.742315 -0.668860 18.797131 20.970501 -5.744361 -29.167784 -4.181021 18.504074 16.933865 -0.552075 5.538085 -2.148619 -24.495783 13.957200 12.799352 -19.837540 -18.113577 -1.271873 -0.720866 -14.885074 19.169363 36.579666 -30.199873 8.383668
-28.568436 21.835566 -18.509178 -2.095459 -11.208504 17.909782 6.586508 0.198342 18.201200 20.844503 -6.273255 -29.918406 -4.172855 17.383369 16.511398 -1.056349 6.121377 -3.000815 -23.764538 13.372404 13.111459 -19.421057 -16.863325 -0.968904 0.100601 -14.172241 19.768335 37.127075 -29.490410 8.589510
-27.656645 22.260351 -18.282223 -1.538813 -12.132209 16.555740 6.127226 1.207850 17.433661 20.550951 -6.902120 -30.572449 -4.185081 16.500504 16.297375 -1.364861 6.487575 -3.597417 -23.008648 12.754357 13.261525 -19.117094 -15.686244 -0.510682 0.939514 -13.475939 20.312654 37.578949 -28.329264 8.905722
-27.209047 22.415354 -18.002768 -0.964526 -12.719717 15.693459 6.080255 2.030437 16.975845 20.465931 -7.408709 -31.089899 -3.957795 15.219964 16.010489 -1.488761 6.867026 -4.121490 -22.336226 12.427679 13.220247 -19.004183 -14.508427 -0.715191 1.850714 -12.958307 20.673874 38.041458 -27.130747 9.244650
-26.695623 22.801285 -17.785686 -0.224234 -13.482733 15.139890 5.818826 2.490992 16.491707 20.518875 -7.751447 -31.612614 -4.025632 14.125637 15.799674 -1.717203 7.052312 -4.680988 -21.586847 11.698506 13.279523 -18.242811 -13.301086 -0.615095 2.552911 -12.421610 21.200077 38.490757 -26.336206 9.661715
-26.404383 23.020525 -16.973152 0.926908 -14.170298 14.518494 6.029312 3.153210 16.022120 20.511154 -8.018589 -32.072437 -3.907887 13.607835 15.368715 -1.957569 7.408521 -4.948202 -21.269163 11.294171 13.533109 -17.718649 -12.390297 -1.192349 3.246379 -12.105991 21.687107 38.986420 -25.816784 10.261346
-26.044649 23.272753 -16.660248 1.670482 -14.780577 13.990450 5.864802 3.544026 15.620588 20.483810 -8.340316 -32.606087 -3.670873 12.725460 15.028074 -2.128310 7.865427 -5.429180 -20.360445 10.686204 13.959234 -17.424105 -11.680480 -1.481732 3.882591 -11.862380 22.052402 39.358681 -25.094976 10.659504
-26.046766 23.402998 -16.629883 2.226471 -15.312256 13.627352 5.578514 3.805405 15.296911 20.381729 -8.601042 -32.966141 -3.522734 11.815565 14.975416 -2.237414 7.966839 -5.864852 -19.727880 10.313289 13.992974 -17.015772 -11.035776 -1.837422 4.494803 -11.833841 22.267647 39.970345 -24.109095 11.193022
-25.960711 23.491228 -16.161652 2.889971 -15.818031 13.229383 5.510662 4.109546 14.976835 20.284466 -8.718184 -33.237297 -3.589463 11.382101 15.050548 -2.163538 7.849427 -6.216160 -19.340418 9.779414 13.989615 -16.717802 -10.463475 -2.015704 4.887956 -11.672928 22.446238 40.201248 -23.604052 11.487300
-25.581631 23.562487 -15.819688 3.539604 -16.202255 12.771781 5.543625 4.497807 14.796732 20.127392 -8.848296 -33.465366 -3.682117 11.129825 15.151004 -2.025480 7.729814 -6.419471 -19.255472 9.563571 13.886895 -16.660780 -9.744728 -2.387917 5.382782 -11.602200 22.506023 40.439713 -22.982546 11.801324
-25.383024 23.615868 -15.533766 4.057849 -16.636942 12.298063 5.457237 4.863761 14.624674 19.884590 -9.005685 -33.631374 -3.900680 11.003696 14.987084 -1.954939 7.873549 -6.574887 -18.961067 8.957037 13.745207 -16.467241 -9.359691 -2.304210 5.533558 -11.446993 22.659857 40.506348 -22.393198 12.018671
-25.124241 23.672441 -15.507862 4.300876 -16.708941 12.277916 5.452747 4.836649 14.625389 19.887888 -9.082855 -33.742832 -3.807491 10.874317 14.881680 -1.944764 7.920534 -6.645068 -18.841349 8.878174 13.959124 -16.412056 -8.969864 -2.340215 5.775587 -11.448605 22.620285 40.557255 -22.330751 12.045819
-24.984682 23.798342 -15.505568 4.525885 -16.813374 12.244337 5.474892 4.866794 14.594474 19.869276 -9.023018 -33.803295 -3.751304 10.738115 14.822742 -1.883591 7.866377 -6.604715 -18.881529 8.858733 14.052386 -16.354046 -8.827031 -2.487332 5.955276 -11.457682 22.663372 40.741646 -22.169500 12.171515
-24.831825 23.805271 -15.460295 4.595758 -16.806871 12.274055 5.493905 4.814525 14.602753 19.890648 -8.971478 -33.840710 -3.780695 10.607585 14.930322 -1.877003 7.752535 -6.680518 -18.772364 8.798121 14.029656 -16.333508 -8.732510 -2.462283 5.988157 -11.436122 22.687126 40.717949 -22.157824 12.239304
-24.553677 23.719255 -15.291115 4.690434 -16.748552 12.123596 5.618752 4.970264 14.532866 20.036993 -8.974693 -34.036716 -3.418273 10.278811 14.658874 -1.963344 7.873093 -6.534223 -18.606688 8.740982 14.086105 -15.887988 -8.465397 -2.319069 6.142993 -11.367087 22.640051 40.906647 -22.071274 12.091995
-24.226393 23.752140 -14.171381 4.694481 -16.994335 11.472092 5.913662 5.651189 14.122212 19.962387 -9.075809 -34.245747 -2.859728 9.399651 14.477047 -1.832119 7.690472 -6.202549 -18.240814 8.749070 14.413625 -14.834063 -7.964738 -2.088739 6.404350 -11.296389 22.541615 41.271896 -21.663633 11.678200
-23.563608 23.707396 -13.251869 4.809624 -17.138470 10.947225 6.089201 6.102493 13.857017 20.130850 -9.919386 -34.436321 -2.236589 8.894110 13.544067 -1.552378 7.826445 -5.864005 -17.646441 8.145954 15.035481 -14.162415 -7.241848 -1.319944 6.586296 -11.230555 22.507486 41.338825 -21.888086 11.181603
-21.835691 23.790522 -12.291527 4.589229 -17.370432 9.878181 5.868832 6.647020 13.237106 20.131634 -10.598656 -35.156963 -1.513408 6.903893 12.268983 -1.397492 8.271631 -5.342999 -16.649115 7.206261 15.343259 -13.809925 -6.045663 0.415461 6.918438 -12.364959 21.473076 41.255333 -21.666433 11.056501
-19.721931 24.395494 -10.010514 4.164242 -18.101376 8.406105 5.699918 7.493324 12.159045 20.052917 -11.696920 -35.630684 -1.005815 5.795434 10.748571 -1.025508 8.864656 -4.453646 -15.674861 5.785992 17.050505 -13.214313 -4.006157 2.018675 7.655964 -13.351282 20.526295 40.887558 -21.120234 10.850445
-16.748547 25.237448 -7.489236 4.258168 -18.651241 7.419074 5.700716 7.694510 11.371389 20.145376 -13.385775 -35.657406 -0.472231 3.470539 9.027001 -0.680421 8.940354 -3.221080 -13.862625 3.445823 19.078695 -11.552083 -1.143320 4.119985 8.507012 -14.198736 19.673418 40.709602 -20.985888 10.474592
-12.801313 25.251324 -5.026819 4.708895 -18.646051 6.510314 5.678345 7.424856 10.788234 20.417606 -14.785599 -35.660622 -0.013218 1.238894 7.198158 -0.115568 9.529354 -2.426142 -12.026064 1.058279 22.167742 -10.464274 2.530465 6.012382 9.848242 -15.238854 18.426472 40.086029 -20.226915 9.742518
-10.096631 24.498354 -2.797837 4.566330 -17.915497 6.088199 6.296126 7.116220 11.105398 20.285759 -16.607019 -35.333202 1.467606 -0.061285 5.035599 -0.117367 9.505064 -0.496622 -10.614061 -1.038168 22.990770 -8.594945 4.928216 8.508673 9.676720 -15.749864 17.253328 39.051460 -19.287279 8.493954
-6.518117 23.851168 -0.940283 5.329515 -17.118731 5.531997 6.959893 6.763934 11.705392 20.166822 -18.299841 -34.935623 2.754940 -1.235806 3.141314 1.322168 8.740844 1.465513 -9.215440 -3.327766 23.184591 -7.104641 6.874070 11.971601 8.694947 -15.355526 16.351246 37.643517 -18.078449 6.344664
-3.740572 23.309847 0.926357 5.345827 -15.768816 5.846735 8.534835 6.351871 12.897243 20.328022 -20.221354 -33.799206 3.908820 -2.415247 2.361843 2.071468 6.985183 2.588505 -8.843349 -4.845127 23.321543 -4.217734 8.188755 14.866661 7.681596 -13.701332 16.410913 37.430325 -15.991359 3.809065
-1.122896 22.764942 2.606993 6.102272 -15.107126 5.908425 9.359096 5.891419 13.584020 19.651258 -21.540644 -32.957394 6.076592 -3.195407 0.710450 2.440247 5.748599 4.169899 -8.295741 -5.759530 23.554083 -1.642982 9.094112 15.539079 6.599997 -12.776623 16.124025 37.541058 -13.475683 1.456532
1.798532 21.629625 4.279670 7.451257 -14.434679 4.881842 10.399012 6.289555 14.287050 18.886122 -23.029341 -30.748852 7.313773 -2.994121 0.566899 2.440269 3.670565 6.568772 -7.810541 -6.757766 22.592710 -0.383322 11.006228 16.642509 6.346804 -12.079761 15.347735 37.464596 -9.021951 -0.376633
5.019083 19.914894 3.289996 7.876898 -13.208908 2.324973 10.744396 7.842891 14.815611 18.425064 -22.510328 -28.962900 9.915055 -3.588885 2.135051 0.809026 2.291754 7.706727 -6.594069 -6.222899 21.364969 1.077029 12.163841 16.648806 6.278256 -11.106113 14.676011 38.265213 -3.259325 -2.294336
7.413431 18.045006 2.897141 7.910753 -11.431612 -0.203851 11.459263 9.082130 15.468128 17.771181 -21.469015 -26.726665 12.731980 -3.518086 3.509993 -0.659326 0.604048 9.484098 -5.020586 -6.172522 19.617798 1.894624 14.693802 18.445780 5.479923 -10.654813 13.161824 36.781624 1.428798 -5.010412
9.343509 14.361753 1.163347 4.050098 -8.460947 -5.471134 10.618655 11.752772 16.957907 15.490693 -20.225721 -22.906292 14.055423 -5.289112 3.448194 -3.434157 -0.534552 14.161287 -6.122106 -7.045969 18.104963 -0.062854 20.425859 22.762726 5.039237 -8.655185 11.537950 32.829895 10.976058 -7.403976
11.291471 11.016462 -0.115712 3.835419 -6.531092 -9.387257 10.282739 13.500478 17.496780 16.123859 -18.495810 -21.081924 16.974976 -5.906880 5.628847 -5.694862 -2.641760 16.206991 -4.508143 -7.497779 15.282384 1.856981 23.309408 25.154676 3.284161 -7.680330 9.370496 31.465195 19.760832 -10.966619
11.658176 7.488189 -2.174180 2.334381 -5.060923 -12.766911 8.857266 14.789726 18.268427 15.174540 -16.183569 -18.607758 17.854399 -5.044990 8.020165 -8.791969 -3.276487 17.192764 -3.176877 -8.858201 11.872640 2.337588 24.948006 25.378626 0.435483 -7.034373 6.690178 29.081057 28.210310 -15.072016
11.348274 3.649808 -4.399288 -1.241788 -3.444761 -15.539849 6.522532 15.205379 19.064651 13.534275 -12.697481 -16.443020 18.435474 -4.410522 8.836137 -10.968404 -1.759893 17.314447 -3.135638 -9.436856 9.988933 -3.057750 25.983995 22.810932 -2.262668 -6.299867 4.792429 24.163864 34.077824 -17.843973
11.869995 0.387624 -5.392643 -3.949810 -1.963275 -17.983788 4.738833 15.334341 19.287176 12.909056 -9.504844 -14.157225 19.094694 -2.983976 9.139279 -12.816733 0.096040 18.021193 -2.715665 -10.029965 8.635062 -10.854594 24.562918 17.645769 -5.720829 -8.276753 3.248958 18.477554 39.609768 -17.364416
10.818449 -4.069156 -7.692112 -4.512383 -1.282514 -20.756189 2.052827 15.916740 19.025408 13.965937 -7.181440 -11.497273 20.358582 -0.792172 8.619796 -14.652710 3.923864 19.987829 -3.160268 -8.426391 7.740772 -18.340176 19.571165 14.503542 -11.372322 -9.827274 2.191839 12.405346 40.445808 -18.522398
11.249389 -7.387712 -7.134477 -7.023794 0.163676 -22.146250 -0.495229 14.152184 18.491648 13.440657 -3.475700 -8.814427 19.721006 0.873942 9.170268 -14.963038 6.032256 21.702497 -3.763201 -7.527762 7.801322 -23.199129 16.215569 9.422907 -14.040312 -11.283230 0.838238 8.915799 39.769936 -18.628214
11.171531 -10.506195 -7.078689 -8.427263 1.214335 -22.057051 -2.755431 11.762897 18.313082 14.199734 -2.636461 -6.236434 19.157295 2.265617 10.323480 -14.798876 6.411086 21.860283 -3.696807 -7.227127 7.977767 -24.340834 15.789185 6.082537 -16.094164 -12.472799 0.778125 5.483174 38.646057 -16.999029
8.539034 -13.183472 -6.582304 -10.722673 2.069597 -22.049654 -3.369395 10.928902 18.675150 13.909542 -4.787914 -2.915452 18.429386 4.082667 11.912332 -13.143751 4.703018 22.052046 -3.224797 -8.154436 6.446113 -25.083338 14.001565 3.275946 -18.795437 -12.750422 0.070119 2.926853 37.166077 -17.413944
5.423304 -15.330267 -6.874822 -13.192179 1.901096 -23.190729 -5.072909 10.686464 18.638651 11.822166 -5.614359 -0.560734 17.501789 5.479318 12.902753 -11.608924 4.404040 21.114832 -1.799651 -10.297548 5.580115 -21.921167 11.530668 0.930523 -20.953428 -14.288711 -2.167082 2.509106 36.742695 -18.762362
4.188393 -16.715183 -7.131994 -13.880013 1.516733 -24.189890 -6.428503 10.332820 18.686918 10.037567 -5.221513 0.490024 16.448523 6.596748 13.242534 -10.929076 5.262741 20.847826 -0.861432 -12.320586 5.836049 -17.589661 9.601267 -1.297387 -23.133219 -15.074659 -2.948865 2.155654 36.031536 -19.034685
3.876968 -17.421303 -6.745463 -12.631618 0.513661 -24.152246 -8.205436 8.738027 18.216715 9.585311 -5.072368 1.662625 15.410991 7.685326 13.686507 -10.246921 5.628734 20.422659 -0.418690 -13.396792 8.048316 -13.853946 7.669607 -3.450315 -24.817831 -14.206699 -1.926321 1.871880 35.052162 -18.991570
3.528113 -18.688383 -5.571898 -11.225177 -0.426369 -24.112946 -10.114530 6.807730 17.431616 9.124901 -6.279865 3.076286 13.524856 8.937889 14.773952 -9.611171 5.734748 19.765364 0.398932 -14.777791 9.128478 -11.962549 5.583252 -6.116822 -26.826523 -14.686544 -2.289993 0.895342 35.306931 -19.178621
3.691844 -20.086714 -4.751027 -10.369640 -1.130258 -24.252436 -12.378592 4.805275 16.529202 9.132341 -6.383130 4.665314 12.673514 9.657724 15.293426 -8.422037 6.101789 18.864195 0.326134 -15.341451 10.488589 -9.987440 4.167336 -8.684982 -28.712875 -16.152603 -3.402503 -0.399608 34.469547 -19.313194
2.100072 -21.972147 -3.832112 -9.652670 -1.245747 -23.361547 -13.596026 2.762988 16.769770 8.465954 -5.990142 6.139548 11.480594 10.934063 15.466695 -6.521500 6.752824 17.845575 0.424034 -16.804026 12.019696 -8.131074 4.987420 -10.679195 -29.597351 -19.067425 -5.961054 -2.046074 30.864611 -20.038706
0.843851 -23.491020 -1.454556 -9.164970 -1.291730 -23.148325 -13.650167 1.892676 17.125229 7.236042 -3.650198 6.769116 11.218745 11.721814 15.241333 -4.120929 8.205219 16.567049 0.855943 -17.703186 15.732800 -6.403424 7.107960 -11.921782 -29.189602 -20.473709 -6.636502 -3.368550 25.563791 -20.292395
-1.341775 -24.648722 1.205841 -8.551897 -1.060479 -21.140293 -13.324206 -0.060332 17.621912 7.220153 -1.315886 7.817877 11.089592 12.751600 15.326242 -1.407767 9.388336 15.712364 1.058736 -18.387327 19.077591 -4.568480 9.575155 -11.724591 -28.967110 -20.877916 -5.558596 -4.952892 22.491312 -19.063765
-4.086933 -25.437155 2.964328 -8.891249 -0.770362 -19.594469 -12.601096 -0.948313 18.489464 6.342096 0.330170 7.989893 10.441136 13.762633 15.226291 0.285951 10.486366 14.557939 1.137702 -18.569931 22.062431 -3.125553 10.997188 -9.568722 -28.307726 -20.844997 -3.918113 -5.887900 18.803553 -17.619913
-5.700413 -25.676643 3.871513 -8.892870 -0.709454 -18.355881 -12.353035 -1.730435 18.908243 6.107103 1.101299 8.324241 9.849076 14.637743 15.146680 2.147501 11.179057 13.791043 1.167806 -18.687586 23.017994 -2.896047 12.980092 -8.045931 -27.783731 -20.163857 -2.550031 -7.345333 16.360918 -16.430563
-6.870986 -25.763638 4.287663 -8.427915 -0.785947 -16.743528 -12.519514 -3.014569 19.168818 6.579230 1.260944 8.807016 9.355982 15.206267 14.878209 4.103694 11.573707 13.321605 0.777164 -18.719564 23.575592 -0.766878 15.483397 -6.548083 -27.849716 -20.511906 -2.096018 -9.022486 14.316269 -15.399262
-8.608101 -25.680372 4.873168 -8.145516 -1.213937 -15.372924 -12.979854 -4.181004 19.099726 6.683905 2.041364 9.109153 9.090238 15.554243 14.485462 5.507909 12.723530 12.259053 0.406011 -18.581388 24.190140 2.333923 18.013678 -4.954937 -28.127052 -21.418316 -1.954122 -10.484787 11.906307 -14.454157
-10.173378 -25.828392 6.044037 -8.010585 -1.514210 -14.390230 -13.143339 -5.013707 19.028530 6.845988 3.197798 9.067477 8.770043 15.791980 13.845347 6.109334 14.615746 10.583541 -0.057533 -18.270796 25.590086 4.598546 19.099287 -3.424547 -28.000772 -22.036203 -1.497742 -10.752761 10.001797 -13.724302
-10.767876 -25.473909 6.566842 -7.336479 -2.001207 -13.531263 -13.506400 -5.790226 18.764475 7.354599 4.020228 8.697703 8.874693 15.690165 13.460347 6.631217 15.525458 9.690102 -0.254813 -17.927710 26.827082 5.843407 18.800592 -2.478598 -28.009853 -22.483074 -0.874819 -10.561113 8.969621 -12.886841
-10.887526 -25.240025 7.124992 -6.698420 -2.262746 -12.685175 -13.684058 -6.603522 18.634676 7.973049 4.710396 8.185661 8.768055 15.473328 13.069409 6.506950 16.582312 8.904138 -0.453197 -17.624348 27.334894 6.266503 18.291636 -1.633092 -27.930279 -22.802555 -0.514293 -10.127617 8.639508 -12.343109
-11.268757 -25.055275 7.300317 -6.572865 -2.440941 -12.369528 -13.801722 -6.850322 18.517191 8.074662 5.165400 7.943594 8.885995 15.455862 13.002370 6.575750 16.984098 8.580749 -0.556936 -17.385500 27.752850 6.448668 17.844841 -1.299802 -27.933926 -23.211033 -0.494236 -9.829828 8.292871 -12.128395
-11.238007 -24.973927 7.267965 -6.389785 -2.552331 -12.248160 -13.948256 -7.008650 18.434607 8.233772 5.334710 7.792295 8.954298 15.386244 12.903200 6.565953 17.155294 8.495243 -0.596939 -17.306902 27.889584 6.382208 17.635900 -1.114029 -27.892584 -23.298409 -0.424693 -9.694733 8.104252 -12.045291
