19.877514 2.512964 13.103449 -9.249380 -8.486508 -15.652708 -3.878627 3.270390 14.009051 2.744189 -12.259796 2.755887 11.121926 -18.983833 17.151655 -1.887531 -1.722534 14.938302 -7.115795 -5.349782 -16.830103 5.412839 15.969581 0.675103 -13.424414 -16.692524 6.028498 19.165575 28.633688 1.610607
19.589554 2.608963 13.153994 -9.716707 -8.329470 -15.710007 -3.734324 3.406244 14.037964 2.668761 -11.910078 2.628016 11.204236 -19.247421 16.923021 -2.066852 -1.628610 15.050182 -7.369671 -5.305214 -16.894417 4.857100 16.378687 0.084106 -13.059156 -15.977283 6.252368 19.183758 28.303328 1.118027
19.442940 2.927579 13.287455 -10.284701 -8.103242 -15.869797 -3.365886 3.753508 13.998725 2.802464 -11.287668 2.119807 11.326375 -19.565903 16.856810 -2.026417 -1.728108 14.987185 -7.471977 -5.120763 -16.657194 4.978003 16.836735 -0.218645 -12.693005 -15.195478 6.649242 19.548294 27.972330 0.444793
18.738859 3.047486 13.407521 -11.240505 -7.818739 -16.093460 -2.951779 4.282725 14.019149 2.743263 -10.082466 1.304774 11.910901 -20.076197 16.506516 -1.814713 -1.444392 14.786235 -7.603666 -4.791821 -16.613827 4.284632 17.554407 -1.037764 -12.136575 -14.155787 7.128241 19.750500 27.016069 -0.526302
17.445509 3.200796 13.500756 -12.657679 -7.271568 -16.163010 -2.060225 5.086008 14.347422 2.216083 -8.389223 0.037660 12.860112 -20.850279 15.924291 -1.766569 -0.756838 14.044347 -7.766716 -4.100317 -15.815178 3.985223 18.574282 -2.103303 -11.445423 -12.914905 7.924134 19.973173 25.947691 -1.594933
16.127354 3.402883 13.935496 -13.646880 -6.841392 -15.712324 -1.064059 5.508352 14.692300 1.823928 -7.415425 -0.528944 13.115050 -21.372503 15.518898 -1.334967 -0.191084 13.364449 -7.911489 -3.866932 -15.464503 3.318940 19.537279 -3.185977 -10.659388 -11.523866 8.628663 20.201832 24.372850 -2.853077
14.808405 3.780370 14.223502 -15.040541 -6.315260 -15.523064 -0.052792 6.203182 14.980471 1.223537 -6.095877 -1.525267 13.917104 -21.798155 14.863079 -1.152107 0.526721 12.853718 -8.101704 -3.322276 -15.237787 3.335524 20.086874 -3.438688 -10.185133 -10.554609 9.069894 20.436033 22.916515 -3.865764
13.671410 3.820560 14.319658 -16.227228 -5.823875 -15.346615 0.698985 6.737387 15.365864 0.695617 -5.194475 -2.431573 14.648772 -22.214081 14.257238 -0.901186 1.077456 12.517039 -8.351028 -2.902025 -15.610579 3.509955 21.378397 -4.012447 -9.834646 -9.374619 9.603311 20.030483 20.882822 -4.761454
12.786119 4.096938 14.525009 -16.516045 -5.663642 -14.966959 1.558617 7.155106 15.763931 0.110370 -4.608306 -2.801391 14.959153 -22.560717 13.988809 -0.524436 1.491428 11.923454 -8.549417 -2.640156 -15.423236 3.728005 22.084578 -4.245072 -9.514434 -8.819798 9.889490 19.941803 20.057508 -5.208062
12.209706 4.093661 14.653051 -16.675995 -5.657183 -14.877113 1.769230 7.313719 15.878305 -0.173683 -4.562119 -3.059437 15.088023 -22.729790 13.752369 -0.233023 1.623518 11.622746 -8.727019 -2.484696 -15.245005 4.097668 22.532732 -4.198759 -9.333531 -8.371618 10.200932 20.008705 19.306597 -5.492273
11.911916 4.277779 14.990453 -16.675909 -5.608965 -14.611691 2.241924 7.431142 15.974131 -0.190857 -4.647625 -3.325074 15.219712 -22.890162 13.493550 -0.162467 1.723281 11.471862 -8.886868 -2.293220 -15.175798 4.209844 22.639772 -4.041107 -9.301260 -7.957869 10.518521 19.987526 18.708494 -5.710277
11.142124 5.846007 16.361303 -15.725398 -5.859338 -13.200999 4.404281 7.876364 16.359030 0.298320 -6.090688 -5.119518 15.553465 -23.153801 11.796599 0.242146 2.307115 9.990426 -9.778600 -2.537460 -14.755898 7.082761 24.220686 -1.204113 -8.993848 -6.159925 11.907843 20.481834 15.137479 -6.834044
8.624497 9.479087 18.873884 -11.810135 -7.845551 -9.425800 7.115376 7.428831 16.297207 1.226788 -10.208424 -8.177281 14.651204 -22.248692 10.861611 1.922497 1.298842 5.908276 -10.034224 -3.866552 -12.937900 12.836142 27.290998 5.026287 -7.875591 -2.604645 14.044419 21.736462 7.976613 -8.649176
3.293727 13.951874 17.541658 -4.304442 -12.734202 -5.163978 7.274761 7.550191 13.912870 6.514409 -16.807867 -15.825660 14.508351 -18.065468 7.662088 4.627704 3.289775 -0.311852 -8.574230 -3.902019 -6.505431 15.054272 25.230543 15.647135 -7.732758 1.130311 18.090803 23.438026 -5.972311 -10.387278
-3.256311 17.350672 13.323387 4.182261 -18.258459 -2.425204 5.714735 8.673016 10.938043 11.952499 -23.339777 -22.052158 12.799895 -12.063139 2.230589 4.199445 9.357110 -4.099313 -8.482839 -3.586530 -3.227477 9.065196 19.624392 19.531275 -7.913978 0.911860 21.335163 24.125145 -17.298155 -8.367342
-3.564091 24.510929 10.377447 3.541681 -21.735069 0.876026 2.321543 6.063595 7.211808 14.826861 -25.514174 -27.301821 3.263287 -8.876978 1.900159 0.562465 13.113567 -4.548363 -8.311146 -5.057152 0.172557 1.243426 6.415078 18.480486 -6.768087 -3.995743 22.059219 28.179218 -25.457415 -4.072005
-10.532178 28.947500 2.270963 -0.822472 -23.070341 3.556378 -0.131151 6.186638 4.912931 16.926378 -21.819429 -29.002888 -1.831484 -3.322111 6.178512 -3.871262 14.859879 -6.205429 -14.484491 4.063226 4.309257 -6.870448 -5.742186 15.672226 -5.358943 -6.085090 22.718515 32.752071 -28.662907 -1.414982
-21.035139 25.931641 -9.524629 -6.458702 -16.467155 10.070952 2.195321 4.193616 10.283837 17.986225 -12.681652 -28.172951 -2.133404 5.329966 12.126142 -5.657364 12.678479 -6.176816 -22.756533 15.219098 11.241895 -14.672626 -17.220413 8.937905 -4.211821 -9.107912 21.944107 36.400932 -26.566301 1.227637
-26.823978 21.910250 -15.824163 -9.641391 -9.816349 17.351255 4.767133 -0.772698 16.543425 20.022957 -6.404468 -25.870712 -4.617856 15.012470 16.766834 -1.819134 6.840957 -2.463636 -27.086212 16.648470 12.671717 -20.511139 -21.659958 1.817388 -4.340448 -13.336250 19.034607 34.869545 -32.153973 3.552903
-29.467648 18.280172 -17.815910 -8.133595 -7.072345 19.668371 6.466196 -2.295165 19.849792 20.396772 -3.418645 -24.567062 -6.746548 20.628527 19.253494 1.956415 2.935355 1.018509 -27.466927 14.677394 12.038589 -20.728006 -21.981829 -2.389278 -5.007629 -15.051262 16.693277 33.194355 -35.501804 3.076178
-29.843716 17.902987 -17.909382 -7.881186 -6.999071 19.834635 6.399966 -2.553333 20.088362 20.240124 -3.023826 -24.461884 -6.946795 20.806152 19.529699 2.375777 2.702001 1.051044 -27.152155 14.246366 11.940831 -20.893415 -21.573431 -2.937258 -5.033000 -15.170191 16.435860 32.830822 -35.716488 3.020206
-29.826637 18.330275 -18.380634 -7.303116 -7.543192 19.239107 6.473121 -1.605028 19.629734 20.859478 -3.850350 -24.868401 -6.824682 20.410744 19.488424 1.444819 3.134223 0.233848 -27.454720 14.853409 12.036219 -20.744844 -21.662680 -2.188352 -4.378492 -14.906256 17.143089 33.781796 -35.491356 3.807044
-29.868420 19.268473 -18.167408 -6.668748 -8.813096 18.199127 6.185266 -0.405927 18.488998 21.421593 -4.396818 -25.959148 -6.044623 17.934528 18.761662 -0.407837 4.253783 -1.421188 -26.613829 14.861453 12.119032 -21.158024 -20.745829 -0.893419 -3.290137 -14.047114 18.103039 34.653542 -34.613007 4.244883
-29.651953 20.675276 -17.698318 -5.657376 -10.842573 16.789747 5.400754 1.003500 16.719786 21.857178 -6.211137 -26.726524 -6.003273 15.301568 18.492310 -1.658900 5.671383 -3.941973 -25.905745 14.906298 12.061389 -21.107094 -18.594164 -0.695546 -1.579835 -12.848845 19.416588 35.895378 -32.502155 5.376018
-29.234903 21.611902 -16.762558 -4.385428 -12.978961 14.347651 4.667845 3.121863 14.957985 21.498682 -7.723073 -27.889660 -5.875597 12.910546 18.111523 -3.031815 7.168760 -6.158823 -24.267452 14.145113 11.082183 -19.873899 -15.995996 -0.758568 0.261964 -11.443911 20.740835 37.394409 -30.578608 6.874439
-28.815025 22.118605 -16.018948 -2.842159 -14.624460 12.633291 4.355916 4.780144 13.711836 21.578726 -8.871653 -28.790272 -5.484399 10.388378 17.697815 -3.860080 8.263604 -7.796575 -22.695759 13.446609 9.388541 -18.688162 -13.506498 -1.223420 1.728480 -10.408181 21.448277 38.585041 -29.209967 7.877852
-28.577450 22.681196 -14.629469 -0.786669 -16.248995 11.211714 4.288483 6.051048 12.608311 21.321123 -9.906312 -29.612272 -4.876061 8.892323 16.925171 -4.565750 9.537463 -8.877545 -21.421698 12.847321 9.030091 -17.705744 -11.982852 -1.869140 2.665450 -9.633532 22.272114 39.343719 -28.283360 8.649136
-28.700006 22.908583 -13.913475 0.385570 -17.462366 10.214359 3.867965 6.825026 11.757094 21.048899 -10.577138 -30.154881 -4.660486 7.487219 17.010361 -4.767800 9.872478 -9.925975 -20.384577 12.276397 8.504458 -16.859911 -10.820349 -2.195762 3.558976 -9.448387 22.639799 40.217999 -27.027288 9.517037
-28.301128 23.088955 -13.210186 1.685522 -18.385420 9.241528 3.837252 7.643696 11.335310 20.625824 -11.014088 -30.515251 -5.003068 7.049770 17.152039 -4.697355 10.196752 -10.659369 -19.914740 11.701044 7.677972 -16.454157 -9.536495 -2.857239 4.278284 -9.118317 22.944008 40.659016 -26.279926 10.259094
-27.922537 23.304350 -13.131996 2.166321 -18.592749 9.150833 3.868117 7.685924 11.261122 20.644623 -11.180328 -30.624535 -4.737707 6.797639 16.933750 -4.758839 10.414137 -10.778094 -19.843740 11.766220 7.698754 -16.282663 -8.538368 -3.494804 4.986439 -8.959792 23.039913 41.037090 -26.053755 10.588674
-27.574459 23.223967 -12.935238 2.313412 -18.562126 9.018814 3.978114 7.799217 11.186168 20.754971 -11.138723 -30.837311 -4.396361 6.324157 16.779190 -4.900478 10.419365 -10.713438 -19.611872 11.675997 7.589311 -15.747740 -8.170359 -3.316223 5.147836 -8.850964 23.002747 41.216942 -26.025152 10.467455
-26.437225 23.505434 -10.323026 2.284854 -19.208824 7.572354 4.396262 9.071859 10.204255 20.642345 -12.202669 -31.182966 -2.970994 4.588793 15.580462 -4.961345 11.317020 -10.734437 -18.255564 11.341767 7.644604 -13.471014 -7.545622 -2.628675 5.162653 -8.362698 22.991840 41.771389 -25.977274 9.185253
-22.846445 24.481855 -5.880768 1.538317 -20.805471 4.207376 3.968848 11.116032 7.921842 20.030378 -14.109608 -32.432961 -1.493310 1.250684 12.958606 -4.482827 12.886691 -9.906367 -16.080502 9.362153 6.279659 -10.360295 -5.784788 0.183579 4.486374 -8.366343 22.153496 41.640831 -26.668386 6.841555
-16.722113 25.629692 0.002484 1.432110 -21.931238 1.543328 3.595513 11.613590 5.933653 19.442570 -17.119827 -32.533684 -0.295973 -3.789174 9.044518 -3.817060 14.453259 -8.253070 -12.180779 4.728017 1.637363 -6.564065 -2.117230 3.707723 3.213206 -8.381292 21.064201 40.641739 -29.367758 4.424469
-10.918954 24.929377 5.427634 1.361361 -21.330568 -0.215929 4.153065 11.122087 6.220950 17.556145 -20.913546 -32.172054 2.012204 -7.210017 4.365788 -2.206136 14.879178 -4.835211 -8.281674 -0.513004 -1.210636 -1.458579 1.235664 9.724325 0.407426 -7.771775 20.200996 38.274857 -28.873817 1.410758
-5.809051 24.377710 9.593640 1.938604 -20.148527 -0.359591 5.865975 10.328074 7.570619 15.825480 -24.052599 -29.956432 5.600095 -9.926169 2.300658 -1.476126 12.008491 -2.673443 -7.161501 -2.774024 -1.993706 3.134217 2.933630 15.176656 -2.360624 -4.687545 20.667973 37.267971 -25.800560 -3.170021
0.836254 21.949987 10.484838 2.327444 -18.036669 -3.756112 6.918017 11.549362 8.983446 13.778091 -24.937262 -25.583393 9.593181 -10.344198 4.307282 -3.566628 8.756124 0.286655 -5.765543 -2.525226 -4.836818 6.091689 5.190390 15.939959 -3.077466 -2.990681 19.367191 37.674023 -15.809190 -6.557415
10.942151 19.817242 11.209180 -2.299534 -13.729862 -9.218653 6.162016 11.170659 11.115808 7.395830 -19.715771 -19.045116 9.354015 -16.762413 7.997993 -5.912538 2.481518 7.149750 -6.453573 -4.919105 -10.423839 5.882890 14.538631 16.459284 -1.459437 -2.404361 16.078922 35.498863 -1.215387 -8.469769
16.576839 14.936302 9.031078 -7.544320 -9.928528 -15.219049 3.306774 11.653763 12.444138 4.580584 -13.184507 -13.900837 11.019233 -19.794426 12.794158 -11.066915 -0.924428 10.282109 -5.916731 -6.590645 -17.760201 10.032327 20.667747 15.227694 -2.713271 -1.736739 10.831669 34.644127 15.840951 -13.668947
17.479155 8.101154 6.146737 -15.019892 -6.527113 -20.331142 -1.022125 11.723879 13.547305 1.690863 -6.257221 -9.182722 10.957448 -18.775898 14.880776 -14.236875 1.017268 11.332417 -5.605175 -8.469909 -21.092024 -1.277496 20.976566 1.952537 -4.704169 -5.527316 7.531763 28.295389 28.298731 -10.540156
18.752935 2.027410 5.689027 -21.126764 -3.731866 -23.511225 -6.124454 9.251251 12.511660 1.314268 2.752168 -3.343909 10.136394 -18.423943 16.099001 -16.766836 5.448905 13.702178 -8.752061 -5.129113 -22.435511 -12.892141 16.094427 -10.170427 -7.706483 -9.871048 5.592874 21.965002 29.648895 -7.344797
16.346006 -3.975019 5.948024 -24.059929 -2.131853 -23.763353 -9.225934 6.139582 13.201635 0.196683 2.022018 2.077969 7.795181 -15.015116 19.121124 -13.919789 3.153318 14.686982 -7.866807 -6.984817 -17.601614 -14.538358 16.139378 -16.806211 -9.598011 -13.218325 4.405407 16.973953 30.237316 -4.275028
12.714396 -8.030870 3.534413 -26.555939 -1.655270 -24.510294 -11.966582 4.462442 14.615587 -3.270480 2.070816 5.131323 4.913549 -11.417501 20.479860 -10.115869 1.978024 15.167903 -5.692878 -12.540148 -13.695358 -8.256560 11.827581 -22.469065 -12.249217 -16.039938 1.376916 16.644051 30.985022 -5.198158
12.422649 -9.981883 4.607405 -23.658354 -3.385351 -23.985863 -15.779241 0.467588 13.350780 -3.663764 1.136359 7.915530 2.198199 -8.591168 22.015491 -9.224082 2.207959 14.203975 -5.325156 -14.368171 -7.543175 -2.531230 7.671108 -28.509953 -14.949500 -14.960553 2.621389 16.309893 31.785126 -5.331346
11.233464 -13.002681 7.070446 -22.322144 -4.023619 -22.760588 -18.829113 -3.800934 12.485992 -3.403211 1.377327 11.013276 0.405626 -6.658279 22.579821 -6.329532 3.447149 12.131103 -5.292511 -16.265024 -6.970214 1.692798 6.571986 -32.303589 -18.546772 -19.090672 -1.039700 13.108908 26.470129 -6.177433
8.586607 -15.240485 13.081358 -21.517097 -3.816862 -20.444544 -18.305986 -6.688132 12.620783 -3.260321 5.527973 13.609427 0.912081 -5.662640 22.631416 -2.768478 7.010021 8.695029 -5.103618 -16.512754 -5.008168 6.973040 8.893024 -32.469276 -20.067255 -20.115372 -0.101494 10.531090 16.004438 -5.693327
4.270306 -15.980799 16.762636 -22.261156 -3.902727 -18.347883 -17.472073 -7.897877 13.146072 -4.285829 7.473186 14.607526 0.283367 -4.824951 22.694202 -0.670779 10.152449 5.277587 -4.844823 -15.747368 -2.852398 9.493442 11.808980 -28.798698 -19.748676 -19.503269 2.718326 8.160945 9.065551 -3.319491
0.799381 -15.802637 18.690224 -21.998245 -4.871921 -16.142881 -18.102901 -9.631029 12.869659 -4.243830 8.271542 15.535457 -0.254082 -4.674508 21.980339 2.494847 12.263368 3.081398 -5.213238 -15.554032 -3.473952 14.879065 15.802761 -25.461033 -20.752380 -20.426682 3.670011 5.375457 4.387115 -1.371722
-1.398765 -15.533433 20.496187 -21.381792 -5.787736 -14.502958 -18.807690 -11.175413 12.340419 -3.663468 10.380935 15.138370 -0.223228 -4.691159 20.995380 3.632513 15.010539 0.637558 -5.904118 -14.751121 -2.510121 18.215052 16.351210 -23.270195 -21.148273 -20.824671 5.051091 5.009373 0.600512 -0.102810
-2.129785 -15.123198 21.401222 -20.705334 -6.366226 -13.528888 -19.187210 -12.106041 11.961172 -3.056811 11.468942 14.380806 -0.153807 -5.039108 20.524696 3.580256 16.375841 -0.375998 -6.189231 -14.234133 -2.023029 18.479750 15.126868 -22.639509 -21.405277 -21.373379 5.466360 5.396303 -0.443330 0.475351
