-2.734375 -17.298880 15.232731 -15.734382 -4.894832 -11.228703 -19.049828 -13.557409 15.959953 -2.979009 14.521920 9.763222 -1.117759 -1.114370 15.767235 8.961913 15.429570 6.689951 -4.840561 -19.576147 4.232724 7.976689 21.415155 -18.043089 -19.071047 -29.852085 -3.646698 0.326393 -3.510376 -1.859983
-2.627284 -17.314116 15.187292 -15.786065 -4.887248 -11.408376 -19.008860 -13.399033 15.969349 -3.115073 14.447842 9.815747 -1.141377 -1.107765 15.870034 8.939715 15.273582 6.813154 -4.706151 -19.691126 4.115196 8.172696 21.297129 -18.126543 -19.135242 -29.955450 -3.841094 0.475714 -3.221270 -2.012243
-2.364433 -17.311447 15.005491 -15.705570 -5.026323 -11.650244 -19.297092 -13.367491 15.808659 -3.086752 14.278992 9.862647 -1.184165 -1.094349 15.968270 8.721562 15.109065 7.062852 -4.568317 -19.838011 3.735914 8.249362 21.169420 -18.126856 -19.210365 -30.070152 -4.074299 0.664354 -2.833135 -2.177273
-1.974129 -17.374935 14.583319 -15.713175 -5.091619 -12.109085 -19.603304 -13.180252 15.639517 -3.154891 13.961666 9.883967 -1.375556 -1.044110 16.083271 8.215213 15.007266 7.280088 -4.425254 -20.026117 3.047018 8.084531 20.842434 -18.235403 -19.348240 -29.845230 -4.144932 0.871576 -2.319973 -2.397143
-1.645247 -17.358160 14.320955 -15.698666 -5.194160 -12.485043 -19.844702 -13.012512 15.477871 -3.210282 13.560013 9.883550 -1.678240 -0.999296 16.077200 7.626095 15.029325 7.400805 -4.412884 -20.188568 2.630398 7.934018 20.374273 -18.626673 -19.454809 -29.392479 -4.076626 1.191473 -1.633775 -2.716234
-0.904538 -17.432100 13.482294 -15.706266 -5.103819 -12.957410 -20.092810 -12.776154 15.450481 -3.158967 12.943542 9.907447 -1.957128 -0.846323 16.278006 6.947768 14.557494 7.895570 -4.292703 -20.465822 1.966424 7.634836 19.984919 -18.883551 -19.512531 -29.196684 -4.336182 1.545468 -0.461739 -3.028771
-0.177191 -17.552128 12.722458 -15.798505 -4.893906 -13.366925 -20.177334 -12.549643 15.512974 -3.100281 12.239869 10.002031 -2.198172 -0.645707 16.569748 6.179911 13.984597 8.424862 -4.198775 -20.734106 1.420293 7.465784 19.629387 -18.883718 -19.571705 -29.469471 -4.831049 1.866937 0.517605 -3.198772
0.625786 -17.595791 12.004625 -15.800447 -4.779751 -13.753618 -20.457081 -12.454614 15.442931 -2.824856 11.340667 9.900834 -2.165442 -0.755973 16.761078 5.456546 13.068158 9.451969 -4.064393 -20.910715 0.868275 7.168625 19.070061 -19.205585 -19.729763 -29.380554 -5.088486 2.089552 1.775385 -3.369665
1.733415 -17.548132 11.085006 -15.674532 -4.713605 -14.241020 -20.838781 -12.284769 15.337093 -2.554423 10.594601 10.054247 -2.342489 -0.734851 16.948273 4.985509 12.333547 10.151092 -4.022257 -21.210939 0.427039 6.926586 18.237898 -19.493441 -19.838737 -29.709690 -5.599342 2.610138 2.727815 -3.606814
2.875518 -17.526506 9.910583 -15.800963 -4.490838 -15.042938 -20.918291 -11.653700 15.402920 -2.616252 9.946167 9.860629 -2.502803 -0.754860 17.021854 4.238431 11.740202 10.841527 -3.992175 -21.365391 -0.180352 6.369238 17.031004 -19.467358 -19.804413 -30.234701 -6.316428 3.536581 3.675937 -3.953205
4.061940 -17.445356 8.947989 -15.711529 -4.548453 -15.881830 -21.326046 -11.179335 15.244198 -2.645874 9.094752 9.668476 -3.003298 -0.689590 17.163244 3.185098 11.284709 11.338481 -3.815347 -21.843559 -0.315496 5.927853 16.087975 -19.680605 -19.690323 -30.362812 -6.748893 4.332376 4.902545 -4.362525
4.724469 -17.462669 8.293978 -15.806619 -4.480238 -16.382757 -21.511215 -10.893066 15.222185 -2.667274 8.732729 9.635253 -3.198514 -0.598152 17.116211 2.879613 11.051323 11.648360 -3.901258 -22.047588 -0.829742 5.646249 15.433977 -19.597967 -19.720993 -30.910309 -7.416204 4.817140 5.592957 -4.594847
5.174033 -17.513193 7.702581 -15.981815 -4.417905 -16.880297 -21.805222 -10.674871 15.125422 -2.697346 7.734855 9.547019 -3.662571 -0.575869 17.144176 2.120938 10.693923 12.016454 -3.835401 -22.361921 -2.074179 5.189972 14.727489 -19.408724 -19.818535 -31.819572 -8.574218 5.315001 5.762032 -4.994724
5.502169 -17.371531 7.257567 -15.854185 -4.681786 -17.262289 -22.277279 -10.575619 14.850673 -2.726730 6.998371 9.509624 -4.074764 -0.503728 17.141935 1.330815 10.486381 12.332928 -3.896490 -22.616785 -3.101751 5.049678 14.102169 -19.306021 -20.014584 -32.675068 -9.574450 5.681754 6.035908 -5.309048
5.745869 -17.226465 6.651614 -15.780685 -4.891935 -17.593798 -22.760750 -10.490623 14.623426 -2.741041 6.378096 9.645147 -4.151039 -0.469826 17.237818 0.927344 10.005327 12.798821 -3.976041 -22.734629 -3.630102 4.857029 13.190639 -19.154730 -20.172596 -33.268524 -10.039676 6.154590 6.621038 -5.307972
6.530725 -17.101950 5.693789 -16.122587 -4.727638 -18.425409 -22.732121 -9.715782 14.677187 -3.038000 5.804021 9.533870 -4.244766 -0.528716 17.194874 0.468115 9.616055 13.222087 -4.034698 -22.856358 -3.745078 4.693702 12.140602 -19.095480 -20.215654 -33.712418 -10.414616 6.818590 7.060703 -5.451529
6.903108 -16.943464 5.185438 -16.102551 -4.755851 -18.711361 -22.856531 -9.479457 14.602338 -3.022739 5.155250 9.486037 -4.337374 -0.625867 17.214766 0.050733 9.324876 13.497365 -4.073242 -22.808752 -4.145975 4.631238 11.741181 -18.910463 -20.306671 -33.914139 -10.556884 7.029628 7.555399 -5.385086
7.269180 -16.793005 4.905789 -15.991369 -4.839129 -18.926756 -22.986053 -9.337529 14.506822 -2.959210 4.912282 9.479822 -4.441674 -0.654944 17.220184 -0.215698 9.296884 13.553809 -4.069099 -22.843164 -4.394946 4.567616 11.359747 -18.795717 -20.374901 -34.123081 -10.701105 7.262112 7.914640 -5.366913
7.275535 -16.771109 4.663156 -16.119946 -4.753123 -19.016531 -22.909220 -9.192553 14.551191 -3.038015 4.895052 9.413559 -4.570654 -0.651914 17.161129 -0.345820 9.489030 13.351403 -4.128347 -22.775331 -4.776199 4.407061 11.066894 -18.776487 -20.427204 -34.171642 -10.844969 7.445977 8.164624 -5.462010
7.221051 -16.760845 4.647118 -16.107597 -4.799322 -19.005899 -22.976330 -9.227720 14.518806 -3.039738 4.868204 9.408050 -4.609046 -0.638265 17.162384 -0.400106 9.499125 13.334338 -4.127186 -22.794561 -4.799549 4.415146 11.034749 -18.751410 -20.444038 -34.220490 -10.862494 7.470532 8.212316 -5.440700
7.207832 -16.838947 4.507837 -16.406315 -4.624004 -19.208189 -22.790823 -8.945355 14.644930 -3.254499 4.660825 9.551965 -4.617913 -0.576463 17.266647 -0.346569 9.255962 13.458055 -4.089460 -22.867002 -5.061203 4.642122 11.123199 -18.781355 -20.535591 -34.187305 -10.919218 7.442636 8.389197 -5.511960
7.243763 -16.950809 4.397066 -16.975554 -4.250124 -19.629246 -22.263197 -8.313490 14.901121 -3.680058 4.059615 9.741969 -4.502169 -0.558009 17.410536 -0.176915 8.534893 13.927312 -4.038881 -22.931669 -5.584864 4.868189 11.683807 -18.829443 -20.616556 -33.897194 -10.910825 7.185781 8.817963 -5.623991
7.080302 -17.039431 4.125139 -17.440376 -3.920785 -19.896486 -21.717081 -7.740705 15.205976 -4.143593 3.415926 9.852342 -4.183114 -0.610174 17.607315 0.133222 7.414802 14.837076 -3.934629 -23.060429 -5.991442 4.529002 12.552497 -19.098434 -20.526218 -33.127716 -10.699094 6.747332 9.652892 -5.808219
7.111905 -16.927149 3.626460 -17.920452 -3.549133 -20.190401 -21.003601 -6.966610 15.554143 -4.609229 2.720241 9.993534 -4.015693 -0.591604 17.833927 0.522721 6.456265 15.427894 -3.853992 -23.012178 -7.249886 3.634017 13.066559 -19.759693 -20.591030 -32.291096 -10.705233 6.471589 11.140966 -6.217508
7.502483 -16.488104 3.363214 -17.657640 -3.503284 -20.223181 -20.418617 -6.477451 15.667377 -4.680987 2.500229 9.676820 -3.550323 -0.874168 17.944214 0.771705 5.519332 15.943789 -3.647238 -23.048197 -7.543710 1.815851 12.283897 -19.789951 -20.189690 -31.079670 -9.802565 6.958661 13.209344 -5.892095
8.037308 -16.036730 3.466063 -17.775795 -3.178323 -20.490948 -19.157967 -5.506544 15.973007 -4.933215 2.581370 9.180830 -2.536790 -1.483852 18.090981 0.800334 4.475846 16.755835 -3.376989 -22.684191 -6.300055 0.986542 12.175293 -20.354956 -19.771175 -28.678082 -7.807069 7.114595 16.359133 -5.424372
8.440609 -15.747931 3.723893 -17.599794 -3.032069 -20.480371 -18.347239 -5.074703 16.188726 -4.853293 2.561594 8.904918 -1.513469 -1.906325 18.278297 1.076285 3.559410 17.433073 -3.481629 -21.944895 -5.304487 0.279050 12.058474 -20.700296 -19.408916 -27.194483 -6.375042 7.165959 17.531004 -5.027623
8.685066 -15.878819 4.116671 -18.070971 -2.508665 -20.566576 -17.475410 -4.646118 16.673574 -4.864238 3.150245 8.282498 -1.016263 -2.376607 18.073153 0.938376 3.588835 17.462572 -3.456729 -21.637371 -4.294606 -0.226137 12.759179 -21.476610 -18.871729 -25.300205 -4.974982 7.309138 20.067606 -5.062397
8.883898 -15.501545 3.990976 -18.145658 -2.301514 -20.405148 -16.749844 -4.250079 16.985235 -4.711942 4.450187 7.664124 0.157282 -3.022325 17.877632 1.379555 3.472943 17.713192 -3.428219 -21.209990 -4.072831 -0.148642 14.323030 -22.426943 -18.592350 -22.785442 -3.358304 6.725691 21.168520 -5.216300
8.721555 -15.181092 3.829088 -18.462425 -2.077433 -20.451323 -15.829162 -3.431828 17.436600 -5.035365 5.413051 6.929192 1.494683 -3.769675 17.686111 1.815050 3.203302 18.108500 -3.510167 -20.307991 -4.003102 -1.569503 15.210381 -23.261351 -17.921030 -20.447523 -2.182561 6.351099 21.084068 -5.638792
8.173423 -14.831762 3.756319 -19.003206 -1.631821 -20.141129 -14.709407 -2.773411 17.972321 -5.176491 6.376934 6.295378 2.627888 -4.540208 17.570271 1.723317 3.119952 18.356634 -3.627378 -19.380617 -4.383261 -3.129603 16.422697 -23.948652 -17.648504 -18.226959 -0.877342 5.307949 21.373451 -5.565216
7.406469 -14.309428 4.236562 -19.605293 -1.539082 -19.935629 -13.716115 -2.070219 18.215574 -5.534309 7.100571 6.030653 3.552232 -5.151876 17.125826 2.340771 3.485300 18.186495 -4.079844 -18.506281 -4.377193 -4.203021 17.730440 -24.394470 -17.432667 -16.632473 0.249233 4.143791 21.210188 -5.208371
6.589767 -14.075001 5.287911 -19.861288 -1.368874 -19.374273 -12.715248 -1.880023 18.594536 -5.750033 7.796475 5.788394 4.677232 -5.841324 16.769714 2.878724 3.334022 18.379984 -4.392974 -17.850101 -4.086475 -4.254760 18.282337 -24.996542 -17.260899 -14.946890 1.495337 4.038850 21.309921 -5.338886
6.260477 -13.901524 6.284761 -19.910793 -1.399941 -19.121450 -12.011552 -1.649286 18.762833 -5.901099 8.542524 5.535660 5.580541 -6.447596 16.328890 3.147159 3.784730 18.203339 -4.706742 -17.129755 -3.464384 -4.174943 19.718939 -25.358374 -16.962778 -13.344071 2.870893 3.463017 21.796343 -5.159070
6.254450 -13.664902 7.151181 -20.089067 -1.325041 -19.004641 -11.147017 -1.137362 18.836641 -5.943895 8.988024 5.494593 6.478504 -7.270957 16.011164 3.203551 4.193859 17.739599 -4.825639 -16.410097 -2.794184 -3.935008 20.836143 -25.152819 -16.618530 -12.343403 3.899913 3.090049 22.449411 -4.727256
6.401017 -13.494324 7.597108 -19.928555 -1.342775 -18.843914 -10.635308 -0.892278 18.923569 -5.826357 9.054502 5.313589 6.913880 -7.753430 15.781707 3.393343 4.204548 17.888124 -4.916925 -16.017933 -2.836854 -4.635262 20.918388 -25.137712 -16.414480 -11.558612 4.630160 3.082529 23.772243 -4.364178
6.910190 -13.160604 7.836617 -19.646318 -1.183594 -18.570196 -9.783846 -0.467170 19.143351 -5.505064 8.615498 5.290687 7.152139 -8.127877 15.658590 3.357578 4.455159 17.562283 -4.948390 -15.587070 -2.297620 -4.853040 21.214275 -25.069647 -16.240490 -10.489486 5.810535 2.953496 24.954916 -3.919153
7.163950 -13.136291 8.020882 -19.648520 -0.973811 -18.481371 -9.466993 -0.395705 19.211712 -5.226753 8.744705 5.150969 7.800058 -8.638603 15.287023 3.516306 4.595044 17.580843 -5.330243 -14.902153 -1.903645 -4.668161 21.365538 -25.148321 -16.265966 -10.028998 6.511699 2.810699 25.525576 -3.506711
7.278948 -12.907244 8.029053 -19.602148 -0.873064 -18.188871 -9.163097 -0.381812 19.298466 -4.924155 8.685403 5.113336 8.114616 -8.951962 15.152936 3.407593 4.720464 17.567148 -5.512356 -14.489042 -1.642471 -4.955181 21.299284 -25.276688 -16.165922 -9.624952 6.963409 2.856262 26.175495 -3.297295
7.399908 -12.804726 8.100415 -19.514366 -0.828183 -17.965279 -9.078482 -0.518761 19.280550 -4.609667 8.713201 5.158857 8.010184 -8.931962 15.157031 3.215339 4.915063 17.437054 -5.493042 -14.516629 -1.546917 -5.112662 21.318298 -25.272249 -16.069670 -9.455177 7.148327 2.895849 26.240160 -3.238189
7.426793 -12.866159 8.163203 -19.579782 -0.821621 -18.046213 -9.104565 -0.499948 19.264753 -4.635494 8.677132 5.184618 8.071560 -8.958899 15.179293 3.287734 4.824805 17.486860 -5.486509 -14.510032 -1.483668 -5.108244 21.310259 -25.454355 -16.116869 -9.336212 7.217885 2.834634 26.262781 -3.294317
7.193538 -13.023869 8.374032 -19.681978 -0.817216 -18.034197 -9.114456 -0.559492 19.292070 -4.760334 8.750408 5.237656 8.227478 -8.940329 15.221999 3.573742 4.730216 17.506498 -5.511528 -14.393394 -1.384897 -4.855873 21.177893 -25.709635 -16.285313 -9.222391 7.318058 2.766692 26.252422 -3.384752
7.043118 -13.223873 8.558161 -19.672012 -0.812530 -17.957716 -9.199660 -0.747364 19.332220 -4.807696 8.723462 5.360540 8.065152 -8.887514 15.284959 3.716731 4.872098 17.355261 -5.424281 -14.536675 -1.050385 -4.667456 20.910421 -26.265055 -16.520298 -8.781698 7.728531 2.647894 26.347361 -3.476789
6.887233 -13.329117 8.686649 -19.705647 -0.735280 -17.861773 -9.030896 -0.746947 19.466209 -4.931015 8.996110 5.588983 8.115455 -8.754403 15.429872 4.014356 5.062535 17.018625 -5.360137 -14.460235 -0.169051 -4.208798 20.879627 -26.791546 -16.692331 -8.349203 8.251139 2.349596 26.042036 -3.455597
6.595988 -13.330910 8.959698 -19.841965 -0.748012 -17.867193 -8.811185 -0.581636 19.524166 -5.165822 8.923396 5.876829 8.157280 -8.647659 15.567757 4.560421 4.855772 16.981207 -5.252168 -14.639939 0.475240 -4.050025 20.148127 -27.748629 -17.108219 -7.654391 8.985518 2.140884 25.765739 -3.505789
6.537376 -13.627356 9.480309 -19.611450 -0.810933 -17.700773 -9.073181 -1.075320 19.427387 -5.056501 9.117653 6.046852 8.387011 -8.593742 15.679160 5.070191 4.822840 16.867441 -5.246984 -14.452338 0.969831 -4.027556 19.534151 -28.703070 -17.452930 -7.014897 9.618100 2.005582 25.568100 -3.611810
6.495280 -13.945833 9.754340 -19.465393 -0.594213 -17.395504 -8.884552 -1.368926 19.775356 -5.101593 9.444506 6.157868 8.242761 -8.418019 15.808995 5.676370 4.922682 16.680393 -5.150862 -14.491495 0.953232 -3.628770 19.647449 -29.499195 -17.885605 -6.511921 10.093627 1.307009 24.129641 -3.718357
6.025754 -14.210838 10.144209 -19.248711 -0.380875 -16.747259 -8.659818 -1.957739 20.124123 -5.087406 9.495498 6.464885 8.401656 -8.416068 16.015953 6.193574 4.896335 16.429358 -5.061309 -14.398025 1.503376 -3.614599 19.616369 -30.292341 -17.992104 -6.091630 10.516318 0.808008 22.791677 -3.731306
5.988386 -14.354242 10.971522 -18.895031 -0.293024 -16.170668 -8.338103 -2.466027 20.304132 -4.768013 9.564783 6.538804 8.699853 -8.445471 16.072763 6.812654 4.789527 16.374689 -5.149256 -14.020434 1.756077 -3.416543 19.434998 -31.160027 -18.413902 -5.788393 10.888049 0.092493 21.466900 -3.661296
5.817973 -14.598959 11.431008 -18.907257 0.019294 -15.667360 -7.914148 -2.773601 20.669781 -4.640723 9.578623 6.878160 9.043283 -8.260334 16.503807 7.711457 4.495681 16.068890 -5.100411 -13.658419 2.798376 -2.788644 18.960379 -31.880804 -18.880333 -5.635142 11.576948 -0.535219 20.202471 -3.255251
5.170350 -14.971632 11.990204 -18.674648 0.367139 -14.742067 -7.517616 -3.489747 21.224611 -4.551027 9.507346 7.123726 9.055528 -8.005477 16.746494 8.718888 4.125494 16.048311 -5.146428 -13.544842 2.979831 -1.783872 18.351313 -32.299805 -19.535454 -5.377449 12.360490 -1.059162 18.557562 -2.935675
5.144217 -15.004211 12.692060 -18.098976 0.342316 -14.457664 -7.112540 -3.627884 21.487497 -4.788530 8.941157 7.316671 8.885017 -7.873318 17.159771 9.308293 4.014052 15.569953 -4.904993 -13.335977 4.303830 -0.959223 18.166410 -32.806408 -19.780640 -5.535118 12.751147 -1.670573 16.944752 -2.647931
4.388366 -15.158567 13.612593 -17.946554 0.314313 -14.060963 -6.941512 -4.014565 21.554876 -4.991489 8.963305 7.368586 9.125741 -7.732880 17.196041 10.137582 3.793550 15.510598 -5.041337 -13.007618 5.321957 0.011592 17.464363 -33.245728 -20.213873 -5.723817 13.158681 -1.914105 15.706957 -2.367080
4.328896 -15.271467 14.189336 -17.590004 0.556310 -13.532840 -6.438134 -4.319633 21.925283 -4.896540 9.221901 7.438289 9.496490 -7.654334 17.185068 11.240696 3.637143 15.495713 -5.147412 -12.663419 6.378086 0.715314 17.289162 -33.677574 -20.444969 -5.882438 13.434295 -2.388431 14.244667 -2.189829
3.837065 -15.594101 14.851607 -17.410719 0.818537 -13.114243 -5.887068 -4.506165 22.391451 -5.264723 9.323529 7.810234 9.442462 -7.507427 17.414227 12.192936 3.859917 15.015862 -4.945739 -12.718411 7.360441 1.962267 16.655140 -34.045403 -20.879433 -6.143967 13.697974 -2.562869 12.890375 -2.074989
3.536894 -15.662395 15.165515 -17.179615 0.882678 -12.775789 -5.696294 -4.735404 22.559523 -5.307721 9.342354 7.830040 9.623839 -7.504996 17.508373 12.836159 3.744186 14.853568 -5.020103 -12.348662 8.476783 2.249907 16.097187 -34.421112 -21.154877 -6.278925 14.169201 -2.886765 12.016762 -1.656363
3.356819 -15.634523 15.529308 -16.750061 0.889724 -12.380238 -5.439122 -4.968592 22.742281 -5.341219 9.395557 7.716705 9.866753 -7.538465 17.596163 13.396146 3.398951 15.116635 -4.984269 -12.122539 9.466372 2.702654 15.694248 -34.559265 -21.277718 -6.467232 14.418866 -2.997069 11.167434 -1.422224
3.170931 -15.589562 15.884380 -16.516701 0.920968 -12.054001 -5.189814 -5.134962 22.847612 -5.305440 9.292381 7.888037 9.875013 -7.481236 17.755814 13.765276 3.398783 14.863992 -5.074235 -11.920077 10.182014 3.180425 15.364372 -34.613930 -21.322884 -6.678912 14.559193 -2.965287 10.381135 -1.258722
3.086811 -15.609176 15.915584 -16.412754 1.216678 -11.588326 -4.783998 -5.317899 23.163881 -5.135659 9.302776 7.924806 9.885547 -7.399615 17.876766 13.963006 3.271199 14.776217 -5.166747 -11.800148 10.676906 3.410910 15.240158 -34.591690 -21.294971 -6.793868 14.690629 -2.940928 9.791222 -1.179192
3.145755 -15.595591 16.030987 -16.208132 1.171498 -11.510037 -4.784202 -5.424883 23.164843 -5.112598 9.365757 7.951845 9.805434 -7.300408 17.806915 14.093709 3.389791 14.675205 -5.247336 -11.852770 10.868255 3.461725 15.106746 -34.631378 -21.319891 -6.796455 14.794080 -2.916435 9.774086 -1.110419
3.144474 -15.596321 16.030378 -16.206560 1.171374 -11.510634 -4.783870 -5.423978 23.165077 -5.111794 9.366179 7.951854 9.805604 -7.300850 17.806345 14.093509 3.390099 14.675391 -5.247786 -11.852665 10.867761 3.461689 15.107103 -34.631973 -21.319433 -6.796839 14.794198 -2.915859 9.774604 -1.109730
3.144485 -15.596367 16.030516 -16.207933 1.171511 -11.510482 -4.784049 -5.423996 23.164694 -5.111484 9.366322 7.951872 9.805524 -7.301068 17.806295 14.093451 3.390093 14.675417 -5.247942 -11.852649 10.867911 3.461787 15.107311 -34.632191 -21.319183 -6.796786 14.794050 -2.915835 9.773828 -1.109625
3.144485 -15.596367 16.030516 -16.207933 1.171511 -11.510482 -4.784049 -5.423996 23.164694 -5.111484 9.366322 7.951872 9.805524 -7.301068 17.806295 14.093451 3.390093 14.675417 -5.247942 -11.852649 10.867501 3.462432 15.107323 -34.633736 -21.318277 -6.797441 14.794066 -2.914870 9.774026 -1.108308
3.146325 -15.595302 16.031313 -16.210194 1.171693 -11.509699 -4.784649 -5.425365 23.164495 -5.112732 9.366133 7.951905 9.805917 -7.300638 17.805891 14.093312 3.390455 14.675472 -5.247890 -11.852612 10.867501 3.462432 15.107323 -34.633736 -21.318277 -6.797441 14.794066 -2.914870 9.774026 -1.108308
3.146325 -15.595302 16.031313 -16.210194 1.171693 -11.509699 -4.784649 -5.425365 23.164495 -5.112732 9.366039 7.951958 9.805574 -7.300968 17.806160 14.093455 3.390036 14.675527 -5.247936 -11.852530 10.867501 3.462432 15.107323 -34.633736 -21.318277 -6.797441 14.794066 -2.914870 9.774026 -1.108308
3.145574 -15.595624 16.030857 -16.208324 1.171529 -11.510094 -4.784301 -5.424855 23.164896 -5.112486 9.366226 7.952215 9.804868 -7.301595 17.806702 14.093751 3.389391 14.675310 -5.248188 -11.852546 10.867463 3.462304 15.107302 -34.633736 -21.318405 -6.797504 14.794103 -2.915005 9.774168 -1.108279
3.145124 -15.596014 16.030397 -16.207489 1.171570 -11.510490 -4.784199 -5.424510 23.165117 -5.112607 9.366226 7.952215 9.804868 -7.301595 17.806702 14.093751 3.389391 14.675310 -5.248188 -11.852546 10.866954 3.462125 15.108009 -34.635284 -21.317430 -6.797925 14.794086 -2.914254 9.774272 -1.107504
3.145124 -15.596014 16.030397 -16.207489 1.171570 -11.510490 -4.784199 -5.424510 23.165117 -5.112607 9.366226 7.952215 9.804868 -7.301595 17.806702 14.093751 3.389391 14.675310 -5.248188 -11.852546 10.867007 3.462629 15.107508 -34.634933 -21.317692 -6.798174 14.794154 -2.914084 9.774291 -1.107152
3.145124 -15.596014 16.030397 -16.207489 1.171570 -11.510490 -4.784199 -5.424510 23.165117 -5.112607 9.366226 7.952215 9.804868 -7.301595 17.806702 14.093751 3.389391 14.675310 -5.248188 -11.852546 10.866861 3.462568 15.107712 -34.635269 -21.317476 -6.798298 14.794101 -2.913975 9.774293 -1.106995
3.145897 -15.595724 16.030834 -16.209888 1.171818 -11.510087 -4.784615 -5.424992 23.164621 -5.112644 9.365305 7.952269 9.805251 -7.301016 17.806244 14.093596 3.389763 14.675759 -5.248053 -11.852290 10.866861 3.462568 15.107712 -34.635269 -21.317476 -6.798298 14.794101 -2.913975 9.774293 -1.106995
3.144598 -15.596228 16.030674 -16.208179 1.171692 -11.510387 -4.783768 -5.423903 23.164564 -5.110851 9.365305 7.952269 9.805251 -7.301016 17.806244 14.093596 3.389763 14.675759 -5.248053 -11.852290 10.867318 3.462696 15.106869 -34.633942 -21.318369 -6.797986 14.794034 -2.914607 9.774173 -1.107711
3.144819 -15.596085 16.030733 -16.209093 1.171774 -11.510210 -4.783938 -5.424113 23.164339 -5.111133 9.365552 7.952233 9.805142 -7.301134 17.806530 14.093699 3.389506 14.675540 -5.247986 -11.852394 10.867290 3.462838 15.106901 -34.633892 -21.318336 -6.798057 14.793973 -2.914537 9.774113 -1.107721
3.144282 -15.596396 16.030333 -16.208876 1.171768 -11.510527 -4.783937 -5.423669 23.164392 -5.110885 9.365552 7.952233 9.805142 -7.301134 17.806530 14.093699 3.389506 14.675540 -5.247986 -11.852394 10.867290 3.462838 15.106901 -34.633892 -21.318336 -6.798057 14.793973 -2.914537 9.774113 -1.107721
3.143973 -15.596603 16.030081 -16.208126 1.171658 -11.510677 -4.783797 -5.423407 23.164539 -5.110810 9.365552 7.952233 9.805142 -7.301134 17.806530 14.093699 3.389506 14.675540 -5.247986 -11.852394 10.867369 3.461933 15.107549 -34.634060 -21.318302 -6.797443 14.793862 -2.915210 9.773769 -1.108760
2.987093 -15.545273 16.159834 -15.663113 1.164997 -11.590066 -4.609948 -5.479051 23.557472 -5.809816 9.925871 7.562042 9.934666 -7.287788 17.661983 14.729358 3.240493 14.709081 -5.000324 -12.156011 11.348882 3.002736 15.304066 -33.610344 -21.974606 -6.817827 14.318488 -3.999572 10.061949 -2.086990
2.987093 -15.545273 16.159834 -15.663113 1.164997 -11.590066 -4.609948 -5.479051 23.557472 -5.809816 9.925871 7.562042 9.934666 -7.287788 17.661983 14.729358 3.240493 14.709081 -5.000324 -12.156011 11.348882 3.002736 15.304066 -33.610344 -21.974606 -6.817827 14.318488 -3.999572 10.061949 -2.086990
2.987093 -15.545273 16.159834 -15.663113 1.164997 -11.590066 -4.609948 -5.479051 23.557472 -5.809816 9.925871 7.562042 9.934666 -7.287788 17.661983 14.729358 3.240493 14.709081 -5.000324 -12.156011 11.348882 3.002736 15.304066 -33.610344 -21.974606 -6.817827 14.318488 -3.999572 10.061949 -2.086990
2.987093 -15.545273 16.159834 -15.663113 1.164997 -11.590066 -4.609948 -5.479051 23.557472 -5.809816 9.925871 7.562042 9.934666 -7.287788 17.661983 14.729358 3.240493 14.709081 -5.000324 -12.156011 11.348882 3.002736 15.304066 -33.610344 -21.974606 -6.817827 14.318488 -3.999572 10.061949 -2.086990
2.987093 -15.545273 16.159834 -15.663113 1.164997 -11.590066 -4.609948 -5.479051 23.557472 -5.809816 9.925871 7.562042 9.934666 -7.287788 17.661983 14.729358 3.240493 14.709081 -5.000324 -12.156011 11.348882 3.002736 15.304066 -33.610344 -21.974606 -6.817827 14.318488 -3.999572 10.061949 -2.086990
3.194350 -15.563290 16.028906 -16.253832 1.177884 -11.500936 -4.811298 -5.475930 23.207344 -5.248391 9.451706 7.927723 9.840851 -7.316600 17.766045 14.162286 3.361151 14.710885 -5.270199 -11.863250 10.891278 3.484775 15.223118 -34.563705 -21.297873 -6.828506 14.707066 -2.960367 9.821013 -1.198154
3.459598 -15.427197 16.132395 -16.439199 1.218220 -11.366224 -4.826374 -5.653940 23.186769 -5.321635 9.545580 7.971104 9.696724 -7.460424 17.888260 14.162950 3.251194 14.649111 -5.367570 -11.838836 10.870055 3.401572 15.154076 -34.666977 -21.284008 -6.760496 14.779733 -2.926039 9.789474 -1.132202
3.301617 -15.507055 16.092421 -16.312416 1.181267 -11.453260 -4.820194 -5.538074 23.165262 -5.225193 9.444486 7.985997 9.696948 -7.429504 17.864294 14.115464 3.320985 14.665654 -5.323141 -11.861827 10.832324 3.484463 15.106344 -34.711029 -21.278048 -6.814951 14.808762 -2.873732 9.754230 -1.034102
3.159502 -15.586788 16.034010 -16.215155 1.170667 -11.508698 -4.790856 -5.435671 23.167917 -5.135225 9.379499 7.956614 9.784699 -7.322609 17.818981 14.100904 3.372163 14.672036 -5.258470 -11.859000 10.863353 3.462526 15.103468 -34.652790 -21.309803 -6.803843 14.791159 -2.906839 9.779218 -1.101613
3.146418 -15.595079 16.029301 -16.214085 1.171850 -11.510998 -4.786954 -5.426293 23.166481 -5.122396 9.373279 7.950161 9.802287 -7.307478 17.813232 14.095224 3.381764 14.667677 -5.247601 -11.855980 10.873443 3.453160 15.095560 -34.624962 -21.329733 -6.793574 14.790253 -2.925225 9.774824 -1.124839
3.147234 -15.594471 16.030336 -16.212725 1.171304 -11.509929 -4.786583 -5.427387 23.166708 -5.123866 9.377249 7.949090 9.799704 -7.309723 17.817522 14.096306 3.378732 14.664448 -5.246672 -11.857369 10.872168 3.455451 15.094121 -34.623272 -21.330313 -6.795936 14.790977 -2.923046 9.777662 -1.121429
3.142468 -15.597214 16.028204 -16.211800 1.172158 -11.510104 -4.784261 -5.423685 23.166147 -5.116640 9.374203 7.950291 9.803446 -7.307549 17.812603 14.094003 3.383722 14.666429 -5.248160 -11.854352 10.871308 3.452580 15.098095 -34.630585 -21.326635 -6.796145 14.791324 -2.922058 9.777076 -1.119237
3.146062 -15.595638 16.028835 -16.214130 1.172803 -11.509007 -4.785218 -5.426222 23.166410 -5.119791 9.375450 7.949635 9.801142 -7.308577 17.816494 14.094739 3.381376 14.664836 -5.246757 -11.855540 10.871497 3.457933 15.098188 -34.620399 -21.330349 -6.795946 14.791692 -2.924334 9.776775 -1.118999
3.145289 -15.596029 16.028515 -16.213154 1.172743 -11.509368 -4.785006 -5.425733 23.166609 -5.119439 9.375549 7.949445 9.800989 -7.308678 17.816788 14.094598 3.381176 14.664517 -5.246594 -11.855696 10.871943 3.458763 15.097258 -34.618759 -21.331270 -6.795721 14.791625 -2.924938 9.776320 -1.119391
3.107775 -15.619624 16.016001 -16.215263 1.171296 -11.520490 -4.780126 -5.396707 23.157721 -5.084309 9.368307 7.937854 9.830527 -7.286822 17.794472 14.089711 3.404349 14.671266 -5.235535 -11.848180 10.881280 3.453815 15.098924 -34.609703 -21.337387 -6.795883 14.790566 -2.936302 9.767356 -1.115421
3.127932 -15.606853 16.024481 -16.223618 1.171741 -11.515824 -4.785223 -5.411351 23.159578 -5.103064 9.385545 7.942080 9.807440 -7.308152 17.807800 14.096105 3.389491 14.670671 -5.245170 -11.855329 10.870537 3.445237 15.124094 -34.634979 -21.319340 -6.795235 14.790659 -2.930388 9.776330 -1.114598
3.135071 -15.601139 16.028486 -16.199800 1.169491 -11.513113 -4.781079 -5.417359 23.163870 -5.107094 9.369077 7.947524 9.809930 -7.296716 17.806597 14.095641 3.390512 14.672526 -5.240290 -11.855224 10.870208 3.447204 15.122761 -34.636795 -21.318417 -6.796584 14.791234 -2.928065 9.776917 -1.111358
3.132013 -15.602859 16.027340 -16.195641 1.169046 -11.514082 -4.779761 -5.415050 23.164093 -5.104658 9.367981 7.946774 9.811143 -7.294792 17.806618 14.095489 3.391180 14.672206 -5.238711 -11.855224 10.870211 3.447310 15.122622 -34.635712 -21.319708 -6.796527 14.791428 -2.928976 9.776189 -1.111620
3.135298 -15.600859 16.028723 -16.197350 1.169272 -11.512911 -4.780481 -5.417569 23.164234 -5.107130 9.368834 7.947268 9.809033 -7.296413 17.807922 14.096155 3.389582 14.672143 -5.239649 -11.855382 10.870022 3.447290 15.122944 -34.636036 -21.319353 -6.796571 14.791553 -2.928570 9.776195 -1.111665
3.133632 -15.601823 16.027916 -16.195599 1.169171 -11.513672 -4.780049 -5.416333 23.164446 -5.105965 9.368802 7.947142 9.808980 -7.296552 17.808014 14.096035 3.389470 14.672014 -5.239674 -11.855395 10.869794 3.448216 15.122458 -34.636627 -21.318966 -6.797745 14.791627 -2.927321 9.777104 -1.109979
3.116120 -15.614040 16.018932 -16.214767 1.170643 -11.519863 -4.782212 -5.402472 23.159809 -5.094709 9.376968 7.942202 9.819697 -7.297363 17.796524 14.093177 3.399516 14.675117 -5.242679 -11.852338 10.874883 3.437999 15.126343 -34.626015 -21.324989 -6.788636 14.786846 -2.942118 9.763677 -1.127990
3.118006 -15.612671 16.020260 -16.217010 1.170779 -11.519042 -4.782834 -5.403925 23.159399 -5.095900 9.378325 7.942210 9.816334 -7.299792 17.799097 14.094124 3.396899 14.674602 -5.243440 -11.853049 10.874089 3.436232 15.128128 -34.629669 -21.322414 -6.788618 14.786094 -2.941995 9.762327 -1.127218
3.116051 -15.613841 16.019468 -16.216362 1.170721 -11.519751 -4.782457 -5.402444 23.159290 -5.094077 9.377681 7.941654 9.817642 -7.298666 17.798775 14.093961 3.397512 14.674306 -5.242500 -11.852767 10.873931 3.436820 15.127787 -34.629265 -21.322588 -6.788985 14.786212 -2.941672 9.762670 -1.126639
3.128019 -15.606982 16.024668 -16.221098 1.171495 -11.515289 -4.784625 -5.411612 23.159355 -5.102534 9.377346 7.941874 9.815419 -7.298301 17.802916 14.094642 3.394076 14.670499 -5.240593 -11.853206 10.878379 3.442592 15.116673 -34.609589 -21.333418 -6.786716 14.781735 -2.947351 9.762480 -1.140263
3.125533 -15.608359 16.023621 -16.219864 1.171373 -11.516171 -4.784158 -5.409845 23.159351 -5.100830 9.378822 7.941938 9.814023 -7.299907 17.803738 14.094871 3.393057 14.670278 -5.241410 -11.853580 10.877905 3.443740 15.117197 -34.611542 -21.331871 -6.787082 14.781775 -2.945819 9.761654 -1.139165
3.128515 -15.605700 16.025434 -16.197075 1.169210 -11.515499 -4.780079 -5.412498 23.163542 -5.102360 9.362432 7.945542 9.817544 -7.288411 17.802443 14.093955 3.395169 14.672816 -5.235856 -11.853208 10.878412 3.444537 15.115415 -34.609184 -21.333794 -6.787354 14.781721 -2.946491 9.761785 -1.139318
