-3.150106 -8.578655 21.776684 -13.471113 -11.989782 -8.074523 -22.847214 -16.311989 8.825045 1.484363 8.886974 10.760604 -1.933629 -6.470890 15.097713 3.597502 22.048700 -5.156483 -10.856093 -11.809152 -4.419215 6.617269 17.139780 -14.667397 -18.741375 -16.291775 14.364155 3.107697 3.942983 8.236446
-3.212085 -8.522857 21.821396 -13.467062 -11.978325 -8.037264 -22.777851 -16.296766 8.826019 1.464544 8.947654 10.691009 -1.802632 -6.585376 15.082876 3.601814 22.021685 -5.129969 -10.883405 -11.676289 -4.435079 6.607436 17.034025 -14.705414 -18.730732 -16.358711 14.292992 3.201784 3.923767 8.190104
-3.268692 -8.503063 21.900795 -13.518425 -11.922911 -8.023252 -22.636955 -16.232693 8.867386 1.422632 9.067183 10.610332 -1.569470 -6.731725 15.070436 3.650297 21.966455 -5.035827 -10.917141 -11.484504 -4.429711 6.712890 16.926958 -14.784242 -18.734755 -16.398064 14.201055 3.330801 3.912614 8.066306
-3.376348 -8.496563 21.951687 -13.616335 -11.816875 -7.973094 -22.428667 -16.151054 8.972835 1.389522 9.216087 10.544295 -1.351870 -6.851872 15.097382 3.686752 21.895975 -4.973420 -10.965126 -11.277894 -4.455822 6.700635 16.703051 -14.824410 -18.730038 -16.493320 14.082747 3.526790 3.892968 7.944914
-3.506748 -8.375130 21.993603 -13.647295 -11.808662 -7.880497 -22.319057 -16.124786 8.944866 1.388414 9.270836 10.493977 -1.314381 -6.880221 15.073936 3.664845 21.915846 -5.017717 -10.984700 -11.205213 -4.381725 6.741668 16.507576 -14.949165 -18.775654 -16.615658 13.968362 3.624757 3.750453 7.825225
-3.301643 -8.464167 21.953850 -13.730230 -11.602819 -8.062882 -21.963339 -15.808153 9.186368 1.219540 9.308382 10.461135 -1.127067 -6.967911 15.111224 3.712958 21.741117 -4.806870 -10.953421 -11.140229 -4.300124 6.850029 16.344053 -15.135023 -18.834406 -16.691057 13.857806 3.694422 3.766041 7.712937
-3.631163 -8.499426 22.252609 -13.950062 -11.390722 -7.950973 -21.518286 -15.678544 9.385166 1.131117 9.366491 10.230203 -0.716926 -7.276820 15.107944 3.817879 21.451181 -4.471917 -10.924058 -10.895998 -4.187129 6.856788 15.974955 -15.287382 -18.893307 -16.944286 13.677457 3.869142 3.784674 7.636312
-3.871221 -8.473773 22.539352 -14.049275 -11.335493 -7.858685 -21.297169 -15.652563 9.430870 1.079287 9.540888 10.052977 -0.307837 -7.471217 15.145417 3.973758 21.265863 -4.278633 -10.911377 -10.626267 -4.107795 6.801608 15.639568 -15.331855 -18.937798 -17.216736 13.517656 4.020550 3.870195 7.637845
-3.791152 -8.645766 22.671158 -14.155455 -11.259716 -7.954467 -21.227188 -15.616724 9.548329 0.991884 9.592188 10.056733 -0.110718 -7.529126 15.239374 4.017841 21.144339 -4.202985 -10.924160 -10.523530 -3.996143 6.950912 15.513834 -15.376153 -18.920269 -17.350912 13.393536 4.160295 3.991109 7.596175
-4.006531 -8.704094 22.906223 -14.363017 -11.016493 -7.835501 -20.768524 -15.503813 9.800508 0.931681 9.640720 10.006231 0.096731 -7.626663 15.258592 4.056613 21.016752 -4.131661 -10.933662 -10.415360 -3.716853 7.152758 15.099134 -15.513964 -18.974327 -17.681616 13.204418 4.349519 3.701630 7.485109
-3.891051 -8.721031 22.895626 -14.397423 -10.815768 -7.856157 -20.426834 -15.337485 10.000904 0.872285 9.806919 10.004105 0.349946 -7.685252 15.343826 4.225474 20.795553 -3.927206 -10.807923 -10.411535 -3.511346 7.310816 14.825409 -15.676749 -19.050201 -17.942070 13.030303 4.415285 3.536155 7.403636
-3.874045 -8.822329 22.967724 -14.502325 -10.667669 -7.886187 -20.186749 -15.219994 10.120694 0.789494 9.956970 10.042542 0.561088 -7.696817 15.455156 4.430431 20.600977 -3.785566 -10.683467 -10.422719 -3.359900 7.586418 14.834765 -15.778622 -19.035698 -18.009859 12.868863 4.448840 3.366109 7.237603
-3.902623 -8.986109 23.099350 -14.682298 -10.510635 -7.970275 -19.962605 -15.089437 10.270258 0.619051 10.201306 10.084779 0.804616 -7.720331 15.571303 4.677503 20.460396 -3.765941 -10.590793 -10.348130 -3.224584 8.051715 14.915003 -15.935892 -19.149223 -18.162672 12.748157 4.348160 3.260474 7.173474
-3.664909 -9.167358 23.098705 -14.692856 -10.477959 -8.120065 -20.003729 -15.063961 10.348007 0.531600 10.308060 10.163333 0.824990 -7.690004 15.627328 4.811124 20.399361 -3.686196 -10.488653 -10.474489 -3.006506 8.502004 14.753752 -16.119890 -19.240417 -18.397745 12.549777 4.433166 3.057955 7.000672
-3.703820 -9.290628 23.252571 -14.949505 -10.109465 -8.060782 -19.384089 -14.821800 10.716408 0.358345 10.465049 10.206210 1.014737 -7.685646 15.742642 4.970707 20.251890 -3.630165 -10.421418 -10.429964 -2.805090 8.876612 14.691791 -16.184780 -19.277121 -18.497494 12.460133 4.510097 2.901649 6.876676
-3.748811 -9.411366 23.306221 -15.173228 -9.843683 -8.052134 -18.997990 -14.651920 10.966822 0.212928 10.554562 10.255160 1.090510 -7.692180 15.803970 5.067911 20.152679 -3.517651 -10.329416 -10.495090 -2.622335 9.078382 14.600695 -16.307892 -19.260406 -18.581343 12.335723 4.629338 2.568070 6.681787
-3.840674 -9.514807 23.422886 -15.335953 -9.682586 -8.085294 -18.731491 -14.513562 11.114262 0.083469 10.628109 10.281993 1.137408 -7.696911 15.849497 5.193689 20.095480 -3.519597 -10.275579 -10.549723 -2.517970 9.195660 14.388744 -16.405993 -19.267982 -18.726543 12.172811 4.790780 2.286056 6.509444
-3.828445 -9.608819 23.523769 -15.370958 -9.629583 -8.128050 -18.620632 -14.452724 11.181974 0.003494 10.754243 10.300673 1.292561 -7.718795 15.909204 5.289820 20.019770 -3.545495 -10.275311 -10.466310 -2.523070 9.290338 14.452180 -16.397844 -19.255035 -18.672321 12.156232 4.792969 2.268005 6.446970
-3.744645 -9.674966 23.508083 -15.391475 -9.626041 -8.219005 -18.632895 -14.401779 11.204206 -0.050619 10.813317 10.355815 1.329028 -7.690111 15.971345 5.352112 19.955412 -3.487803 -10.221243 -10.519836 -2.563461 9.297319 14.526413 -16.381229 -19.208597 -18.571194 12.163972 4.808240 2.281356 6.392785
-3.761612 -9.709630 23.540192 -15.445082 -9.586034 -8.237477 -18.576832 -14.367900 11.236147 -0.077832 10.831879 10.342944 1.354458 -7.698275 15.974580 5.351807 19.952742 -3.513336 -10.228807 -10.493846 -2.580576 9.273274 14.517167 -16.379917 -19.205347 -18.567516 12.155992 4.813223 2.300483 6.389814
-3.882445 -9.770175 23.669613 -15.618245 -9.427766 -8.231844 -18.300680 -14.245762 11.381135 -0.166413 10.940748 10.390849 1.411141 -7.666215 16.011122 5.433877 19.921360 -3.520748 -10.176008 -10.537204 -2.498572 9.400216 14.498748 -16.410450 -19.203167 -18.619259 12.101445 4.853264 1.985218 6.289863
-4.063646 -9.935472 23.910583 -15.880078 -9.203565 -8.281079 -17.917259 -14.067774 11.616144 -0.408078 11.286698 10.437103 1.816279 -7.746459 16.163210 5.691525 19.684126 -3.452760 -10.095394 -10.342987 -2.329447 9.671292 14.778162 -16.560543 -19.145178 -18.538425 11.991302 4.804987 1.504928 5.998871
-4.236232 -10.119312 24.361105 -16.260880 -8.803793 -8.318604 -17.107033 -13.698460 12.050082 -0.773683 11.647079 10.519607 2.206000 -7.762794 16.357649 6.022016 19.413713 -3.424491 -9.961756 -10.229314 -1.842462 10.296590 14.888149 -17.010866 -19.177273 -18.754457 11.665593 4.880823 0.407407 5.457591
-4.461070 -10.480805 24.822149 -16.810614 -8.279657 -8.540786 -16.107384 -13.098796 12.620628 -1.548437 12.371111 10.569204 2.907318 -7.768592 16.664103 6.800158 18.801401 -3.000999 -9.474183 -10.233885 -1.185607 10.867141 15.067033 -17.849697 -19.208923 -18.996960 11.304452 4.822381 -0.376013 5.038663
-4.643341 -11.613656 25.742073 -17.972626 -7.150661 -8.899044 -14.788499 -12.521307 13.490927 -2.266334 12.480267 10.904189 3.276372 -7.617511 17.349752 7.165694 17.837130 -2.319757 -8.837181 -10.440252 -0.575103 11.291226 15.503922 -18.537607 -19.313805 -19.458710 10.691645 4.532018 -0.784322 4.731249
-4.505992 -12.935783 26.625008 -18.848831 -5.886219 -8.785428 -13.532990 -12.484402 14.302610 -2.383267 12.648778 11.525697 3.954707 -7.307412 18.295799 7.460549 16.374506 -1.259540 -8.539898 -10.216521 0.567642 12.248988 16.277750 -19.611986 -19.842775 -19.945312 10.291106 3.144044 -1.876821 4.914748
-1.882516 -14.387529 25.168530 -18.016342 -4.861975 -9.977489 -12.671029 -11.492200 15.506814 -3.508476 10.877266 12.802060 4.087397 -6.664200 20.767750 8.602382 12.685930 1.226149 -7.749017 -10.207904 1.070590 11.261134 15.359035 -22.226637 -20.811045 -20.669380 9.162099 1.556133 -0.540279 5.350952
4.519400 -15.127642 21.789989 -15.717041 -3.152088 -10.843094 -12.011139 -11.212325 16.741802 -2.205261 8.669954 13.937802 3.779466 -5.826161 22.659607 7.231389 10.097146 2.862009 -7.437224 -10.060478 -1.901833 9.183480 15.358824 -23.618950 -21.253700 -20.107029 8.076668 0.908420 1.972447 5.055892
9.361328 -15.567548 16.313755 -14.178697 -1.924820 -11.991221 -12.478385 -10.710121 18.352268 -2.382674 6.616817 13.275604 4.122223 -5.333067 24.231409 4.991427 6.721247 5.231336 -7.012377 -9.702404 -5.620134 6.320694 13.048525 -26.661802 -22.034481 -15.856081 9.208904 2.403475 8.524650 3.038053
13.290480 -15.279314 10.955415 -14.277584 -0.902327 -13.344032 -13.233980 -9.878211 18.922409 -1.360000 4.199173 12.781737 4.136168 -5.462790 24.936829 1.425509 4.411580 7.475982 -7.777279 -9.006357 -10.615733 2.613807 8.433868 -28.624712 -22.323034 -13.949734 7.488359 6.253248 14.369407 -0.776582
15.735201 -14.166922 5.052979 -15.245603 -0.451860 -15.331070 -13.791640 -7.555947 19.198290 -1.164257 2.399435 11.626858 4.017751 -5.538532 24.792109 -3.575175 2.478849 10.060781 -9.282512 -8.130991 -14.275293 0.851386 5.780530 -29.449219 -21.988113 -12.384993 6.830437 9.711237 19.064598 -3.047821
17.913631 -12.050640 1.204940 -14.949422 -0.331506 -16.085106 -13.262422 -5.674672 19.337994 -0.539694 0.743054 10.642408 3.461409 -5.740780 24.919914 -7.074155 1.014952 11.352315 -10.115529 -7.407304 -16.081783 -2.565886 4.388264 -28.112959 -19.651356 -9.535719 7.696341 13.576994 22.416258 -4.528491
18.868498 -10.402639 -0.497125 -15.105593 -0.047798 -16.347006 -12.236027 -4.059438 19.497076 -0.113070 0.356253 9.338090 3.555518 -6.270184 24.759388 -10.356600 0.756752 11.629075 -11.250034 -5.670118 -16.950987 -6.322689 3.559687 -25.273111 -18.049686 -8.677718 8.714371 15.285936 23.915812 -3.805914
19.372282 -9.153003 -2.348067 -15.191615 0.052715 -16.225210 -12.046472 -3.154863 19.489536 0.563875 0.291155 8.011100 4.240535 -7.198780 25.066362 -12.092834 0.483708 11.490788 -12.136187 -3.621123 -16.970243 -9.479556 3.853389 -23.909967 -17.264668 -7.657593 10.265239 15.613903 25.110989 -3.343784
20.901129 -7.473961 -3.437976 -15.084277 -0.191424 -16.936653 -11.682425 -1.641188 19.214447 1.107093 1.314063 6.619683 4.795993 -8.263613 24.860966 -14.068038 1.550021 10.690562 -13.107963 -1.594981 -16.859293 -12.522514 5.472699 -23.182993 -15.787216 -5.534848 12.290468 15.666404 26.029110 -3.090648
22.464867 -6.302425 -4.511644 -15.319487 -0.070760 -17.945616 -11.070292 0.121722 19.250536 1.345500 4.165146 3.954951 5.753492 -9.419017 23.737865 -15.915517 3.081478 10.628573 -13.938906 -0.244510 -16.413504 -15.407762 7.502076 -22.584074 -13.743886 -4.105319 13.591882 15.915654 25.905027 -3.014619
23.572062 -5.239003 -5.346510 -15.033310 -0.287137 -18.513178 -10.866346 1.214695 19.029558 1.408178 6.705235 1.704781 6.173034 -10.281889 22.446011 -17.451412 5.356061 9.783581 -14.493964 0.586573 -15.608226 -17.635349 7.846937 -21.965982 -12.377055 -3.389653 14.598701 16.322571 25.169996 -2.767184
24.164557 -4.505034 -6.603056 -15.499823 -0.473392 -19.327513 -11.250649 2.122438 18.752546 1.470509 7.704136 0.318125 6.408319 -10.637478 21.685207 -17.794565 6.210745 9.612855 -14.624953 0.804605 -14.334436 -18.980175 7.623712 -21.643631 -11.544045 -3.278485 15.369122 16.858654 25.103333 -2.369914
24.253218 -3.904824 -7.148164 -15.826330 -0.695200 -19.674475 -11.474825 2.570429 18.393997 1.685254 7.944888 -0.386501 6.524252 -10.885027 21.225243 -17.868090 6.309722 9.685363 -14.587776 0.642877 -13.907342 -19.586510 7.151237 -21.362703 -11.126257 -3.595817 15.278085 17.460295 25.726526 -2.272476
24.211573 -3.850799 -7.286703 -15.855124 -0.791621 -19.724512 -11.633502 2.579799 18.334166 1.650380 8.107539 -0.647277 6.519141 -10.949638 21.066910 -17.942467 6.359379 9.779269 -14.546560 0.466239 -13.542075 -19.851494 6.897603 -21.387056 -11.002062 -3.790981 15.224708 17.629341 25.725740 -2.238730
24.255898 -3.868418 -7.230592 -15.843363 -0.751355 -19.691673 -11.589742 2.550889 18.347128 1.704567 8.123383 -0.633444 6.575458 -10.971415 21.073975 -17.919189 6.327321 9.789010 -14.562731 0.510075 -13.579275 -19.825737 6.865928 -21.365410 -11.028888 -3.814044 15.221894 17.632141 25.816729 -2.190185
24.287817 -3.898269 -7.078655 -15.769370 -0.721585 -19.607748 -11.538597 2.459913 18.348162 1.761991 8.131676 -0.533754 6.591452 -10.919168 21.102072 -17.935547 6.357900 9.776153 -14.637206 0.621931 -13.638467 -19.723591 6.904563 -21.346197 -11.085474 -3.763844 15.286777 17.544941 25.788620 -2.111305
24.326191 -3.884189 -6.931985 -15.832195 -0.691383 -19.631330 -11.497563 2.456679 18.308401 1.815686 8.087674 -0.484571 6.655508 -10.960791 21.159229 -18.050463 6.392737 9.742167 -14.663185 0.724290 -13.750882 -19.588156 6.872309 -21.268150 -11.175385 -3.716491 15.376572 17.483040 25.903976 -1.993876
24.407118 -3.864381 -6.554798 -15.825860 -0.590073 -19.581329 -11.280387 2.428841 18.268782 2.001957 8.127827 -0.419406 6.736667 -10.912243 21.216927 -18.275530 6.458437 9.725980 -14.810995 1.004686 -14.059125 -19.539661 6.950955 -21.300920 -11.194247 -3.561133 15.395253 17.472132 25.947775 -2.017401
24.354525 -3.997328 -6.536106 -15.957184 -0.545383 -19.592690 -11.453460 2.290202 18.187925 2.112706 8.052925 -0.218770 6.719916 -10.955853 21.136126 -18.268217 6.537928 9.644735 -15.004333 1.185060 -14.325126 -19.321188 6.683429 -21.094503 -11.419987 -3.644713 15.424650 17.396732 26.185209 -1.759521
24.543375 -4.061513 -6.469970 -16.101631 -0.444041 -19.649511 -11.500289 2.221951 18.060564 2.435549 7.829118 -0.159135 6.787608 -11.048706 21.174767 -18.631418 6.407035 9.798983 -15.136926 1.419927 -14.797372 -19.353510 6.429862 -20.976171 -11.476110 -3.526522 15.355103 17.610954 26.430681 -1.837247
24.545044 -4.282040 -6.481036 -16.305779 -0.359245 -19.662104 -11.622966 2.112244 18.063520 2.506217 7.214046 0.288012 6.806684 -11.192266 21.235062 -18.512648 6.000870 10.032530 -15.018695 1.053647 -15.480815 -19.310472 6.264960 -20.867964 -11.662474 -3.433075 15.240607 17.621319 26.945173 -1.860242
24.725012 -4.440437 -5.957069 -16.349796 -0.194894 -19.542233 -11.492300 1.874214 17.992189 2.943301 6.706017 0.596345 6.655740 -11.235877 21.410011 -18.795244 5.686640 10.262000 -14.934312 0.856012 -16.216333 -19.194429 5.848243 -20.638159 -11.853392 -3.273762 15.110999 17.917694 27.509041 -2.057706
24.939772 -4.458156 -5.525026 -16.498699 0.008617 -19.389673 -11.223617 1.736863 17.936773 3.444780 6.356174 0.661069 6.830638 -11.204822 21.545845 -19.090956 5.337962 10.451438 -15.070303 1.182980 -16.709726 -19.073713 5.816838 -20.473408 -11.968010 -3.200510 14.962651 17.970980 28.464157 -2.066072
24.884256 -4.692273 -5.203787 -16.708338 0.134752 -19.422724 -11.171025 1.663961 17.889711 3.608772 5.695109 1.240291 6.895304 -11.119646 21.760042 -19.033772 4.800607 10.763737 -15.107516 1.204442 -17.099630 -18.989243 5.698352 -20.291918 -12.112141 -3.422151 14.498371 18.130703 29.313753 -2.229604
24.968058 -4.985865 -4.912551 -16.827927 0.264438 -19.426205 -11.212012 1.477806 17.825899 3.912981 4.954871 1.746105 6.894961 -11.126237 21.992920 -19.085203 4.254354 11.148058 -15.057133 1.031556 -17.617521 -18.620075 5.533942 -20.403128 -12.345937 -3.518270 14.174424 18.243492 29.680792 -2.435387
24.753874 -5.326437 -4.552179 -17.099358 0.360711 -19.594385 -11.308686 1.390432 17.726479 3.986056 4.363354 1.597967 7.025535 -11.190231 22.234241 -19.395357 3.477541 11.702340 -14.985535 1.065455 -17.915867 -18.072420 5.526094 -20.325294 -12.400689 -3.458413 13.956414 18.595867 30.732924 -2.717171
24.778788 -5.463789 -4.188307 -17.198130 0.431735 -19.655291 -11.244462 1.346777 17.627234 4.240434 3.628425 1.966131 6.960026 -11.222931 22.441231 -19.309975 2.814546 12.007489 -14.829327 0.850424 -18.197996 -17.446302 5.462125 -20.377333 -12.570108 -3.444778 13.769746 18.823330 31.396530 -2.913607
24.787258 -5.708854 -3.862276 -17.088303 0.493145 -19.519621 -11.257810 1.071288 17.571983 4.483634 2.761522 2.684713 6.676975 -11.067774 22.687466 -19.189573 2.359696 12.225501 -14.692644 0.578356 -18.089455 -16.979357 5.112534 -20.651501 -12.882497 -3.738848 13.558504 18.768328 31.815790 -2.829823
24.696924 -5.920758 -3.600951 -17.310158 0.583806 -19.589624 -11.281331 1.002474 17.464373 4.696899 1.965742 2.991081 6.552365 -10.931944 22.986568 -19.071606 1.633835 12.625583 -14.574736 0.432009 -18.061483 -16.592892 4.733289 -20.798769 -12.981287 -3.775740 13.377398 19.083309 32.531021 -2.991319
24.619364 -6.080829 -3.462208 -17.487040 0.687490 -19.557058 -11.282435 0.891938 17.399744 4.928477 1.220891 3.153816 6.560024 -10.982470 23.099991 -19.014574 1.085015 12.897153 -14.512881 0.431367 -18.097752 -16.292313 4.580425 -20.845659 -12.998177 -3.740027 13.169930 19.366867 33.090153 -3.236068
24.657724 -6.175035 -2.990959 -17.414612 0.736591 -19.492975 -11.135760 0.758203 17.348349 5.112747 0.788100 3.372132 6.527619 -10.957506 23.220133 -18.933483 0.798914 12.985387 -14.501392 0.476542 -18.078020 -16.115108 4.405732 -21.035309 -13.083323 -3.905916 12.839970 19.462685 33.285187 -3.425175
24.533932 -6.285278 -2.925267 -17.526770 0.758094 -19.389429 -11.243783 0.560053 17.258154 5.279976 0.451928 3.641021 6.413663 -10.810974 23.286114 -18.805073 0.685133 12.980119 -14.554985 0.519248 -17.836292 -16.057547 3.992062 -21.152481 -13.220581 -4.193403 12.636793 19.541195 33.426777 -3.474001
24.698977 -6.272857 -2.592794 -17.438063 0.770667 -19.341059 -11.117152 0.504143 17.167448 5.532947 0.218575 3.919661 6.344703 -10.777414 23.278830 -18.750429 0.647157 13.006871 -14.542306 0.442272 -17.728748 -15.937499 4.026186 -21.277975 -13.272584 -4.196994 12.591142 19.510319 33.716671 -3.506881
24.639360 -6.319832 -2.574275 -17.523287 0.789592 -19.385675 -11.101244 0.542738 17.186430 5.473360 0.174508 3.950690 6.313205 -10.773415 23.303301 -18.709452 0.577530 13.019972 -14.508614 0.381958 -17.716188 -15.863482 3.997864 -21.253477 -13.303524 -4.215864 12.549670 19.557903 33.905384 -3.541932
24.693949 -6.261857 -2.595789 -17.489311 0.778218 -19.364988 -11.098899 0.544756 17.175388 5.510412 0.185077 3.904596 6.356578 -10.796505 23.281517 -18.781523 0.636829 13.002496 -14.565236 0.482648 -17.795734 -15.931213 4.023277 -21.187460 -13.256171 -4.163965 12.595304 19.581440 33.902756 -3.517225
24.794609 -6.201549 -2.731226 -17.427326 0.780166 -19.297745 -11.152257 0.482943 17.180422 5.571696 0.165883 3.607954 6.429944 -10.915848 23.282017 -18.813261 0.545802 13.053159 -14.568170 0.563670 -17.723227 -16.242517 3.947649 -21.189463 -13.114807 -4.073374 12.667378 19.665144 33.738705 -3.540504
24.770685 -6.061142 -3.001029 -17.432959 0.785923 -19.330540 -11.069428 0.681991 17.286243 5.384491 0.442517 3.312434 6.599697 -11.128857 23.177538 -19.080561 0.638173 13.086959 -14.591184 0.608662 -17.830259 -16.276445 4.066181 -21.081015 -13.008905 -3.875748 12.880986 19.777336 33.840687 -3.471788
25.312492 -5.765661 -2.824723 -17.160040 0.704188 -19.343672 -11.012481 0.706323 17.070946 5.807526 0.644062 3.132418 6.576955 -11.230906 23.046484 -19.254303 0.855298 13.044831 -14.701259 0.658297 -17.888630 -16.498877 4.176082 -20.772604 -12.848935 -3.780260 13.139388 19.835949 34.041275 -3.185759
25.704241 -5.364706 -2.716654 -16.968742 0.651819 -19.386564 -10.769607 0.936636 16.940214 5.985829 1.343528 2.658942 6.833876 -11.427104 22.706758 -19.611547 1.350576 12.979600 -14.988978 0.926718 -17.903524 -17.035601 4.226724 -20.654272 -12.561502 -3.587198 13.372567 20.010296 33.969925 -3.087774
25.909754 -4.961828 -3.193819 -16.819086 0.588013 -19.328432 -10.762170 1.071064 16.881887 6.096190 1.719612 2.165586 6.963253 -11.634985 22.417683 -20.141232 1.761937 12.910496 -15.244986 1.267745 -18.235388 -17.618677 4.152102 -20.274813 -12.309422 -3.422186 13.556205 20.192457 33.721691 -2.958120
25.928272 -4.285124 -3.682014 -16.716820 0.277383 -19.451715 -10.819303 1.431287 16.674784 5.983835 1.967120 1.962475 6.863377 -11.822376 22.017635 -20.488230 2.454612 12.355329 -15.468567 1.412135 -18.585882 -18.059641 3.838033 -19.630331 -12.130356 -3.473708 13.647388 20.631847 33.795921 -2.848379
26.413607 -3.817815 -3.679070 -16.303005 0.179268 -19.290806 -10.715049 1.385633 16.513771 6.455202 2.555172 1.255232 6.972989 -12.148563 21.508705 -21.171366 3.422351 11.818269 -15.828924 1.817221 -18.723166 -18.948647 3.815437 -19.257313 -11.808194 -3.269142 13.847742 20.820730 33.736778 -2.793148
26.585268 -3.270053 -4.012889 -15.904154 -0.021759 -19.165415 -10.576161 1.557468 16.567112 6.312447 2.645010 0.689276 6.767264 -12.436295 21.133354 -21.399778 3.929123 11.470554 -15.642509 1.449550 -18.966623 -19.673180 3.485527 -18.617836 -11.470394 -3.111364 13.998667 21.382174 33.960281 -2.798363
27.005617 -2.328221 -4.314278 -15.470995 -0.344507 -19.167707 -10.378623 1.929265 16.310301 6.539544 3.207065 0.030531 7.336509 -12.720379 20.694592 -21.705317 4.298641 11.312223 -15.817816 1.690387 -18.693495 -20.240908 4.105738 -18.645994 -10.980865 -2.519360 14.357609 21.495033 34.155258 -3.073275
27.281286 -0.844443 -4.631313 -14.611875 -0.985307 -18.909668 -9.984588 2.437051 15.966592 6.818551 3.222660 -0.868756 7.619523 -12.961776 20.381792 -22.022202 4.193070 10.964311 -15.688601 1.388207 -19.143301 -20.246517 4.821746 -18.084930 -10.439253 -1.642908 14.798372 21.976944 34.063370 -3.575967
27.294992 0.626208 -5.141407 -13.543921 -1.814866 -18.551939 -9.733968 2.943897 15.597410 7.091266 2.806816 -1.656092 7.782897 -13.340498 19.964842 -22.287043 4.001452 10.702497 -15.643736 1.098000 -18.724579 -20.399746 5.423583 -17.704510 -9.781544 -1.062109 15.152667 22.288139 33.438427 -3.948693
27.189226 1.586416 -5.381788 -13.169134 -2.406523 -18.461149 -9.621631 3.362700 15.440313 6.840214 2.771264 -2.783705 8.202158 -13.484863 19.415627 -22.702093 3.987399 10.008175 -15.733416 0.921257 -18.732035 -19.997763 6.197382 -16.912817 -9.221352 -0.582147 15.237344 22.740681 33.027134 -4.493740
26.751883 2.057189 -5.667503 -13.071575 -2.405607 -18.173622 -8.753082 4.023057 15.967310 6.509165 2.503442 -3.581280 8.762113 -13.810329 19.481049 -22.894480 3.190967 9.920678 -15.344903 0.631773 -18.978596 -19.400438 7.161189 -15.859842 -8.483028 -0.046185 15.061791 23.559708 32.542274 -5.480505
17.751951 4.418886 0.003348 -19.841429 -6.134550 -24.618986 -8.671311 10.833858 11.972378 -0.668669 3.824582 -7.970739 8.028069 -17.039768 15.831553 -19.201872 5.889569 10.753970 -7.356584 -8.169969 -20.027088 -15.886915 16.012510 -8.054848 -4.275359 -9.264327 6.104606 25.645370 28.087576 -8.255831
17.320677 5.501735 0.017239 -19.195286 -6.759602 -24.348198 -7.881687 11.601973 12.091005 -0.960001 2.316669 -9.114921 8.221156 -17.189594 15.555270 -19.548685 5.528523 10.074811 -6.786474 -8.784616 -20.424814 -15.197868 16.799309 -6.816903 -3.611419 -8.220802 6.163613 26.764574 27.612696 -9.654588
17.138443 6.816947 -0.373410 -18.566549 -7.233838 -23.772821 -7.046534 12.192992 12.281320 -0.902007 1.529409 -9.976188 8.482190 -17.287199 15.337738 -19.449224 5.343709 9.851406 -6.383052 -8.868585 -20.373171 -14.117402 17.995125 -5.469954 -2.964448 -7.105236 6.215908 27.580349 27.329990 -11.108724
16.816624 7.675467 -0.649372 -18.484592 -7.450859 -23.413092 -6.307745 12.765995 12.602982 -1.171130 1.211380 -11.043533 8.680793 -17.563698 15.028382 -19.459011 5.289069 9.440173 -6.224843 -8.940609 -20.274660 -12.992590 18.558258 -3.573259 -2.372825 -5.894513 6.319564 28.690506 26.552267 -12.739658
16.221231 8.330626 -1.159730 -18.155766 -7.716524 -23.114260 -5.516438 13.531879 13.017200 -1.309567 0.471983 -12.388299 9.230124 -17.766376 14.624297 -19.384016 5.104528 9.042874 -5.897772 -8.916443 -20.614656 -11.863955 19.324135 -2.191392 -2.096704 -4.614828 6.546108 29.378288 25.916637 -14.334997
15.450222 9.790328 -0.686293 -19.138393 -7.955323 -22.313833 -4.420627 14.258382 12.556919 -0.536087 0.383239 -12.604634 9.375332 -18.605000 14.395370 -20.206276 5.370616 8.285439 -6.893066 -7.626397 -22.620214 -10.531390 19.285418 0.108523 -2.183179 -3.039405 6.862001 30.347589 23.015356 -16.700115
15.193800 10.598502 -0.601350 -18.765751 -7.950047 -21.381613 -3.541193 14.233852 12.838685 -0.250293 -0.109738 -13.715971 9.711816 -18.873133 13.872957 -20.140234 5.187063 8.345284 -7.093578 -7.156883 -22.409992 -9.823421 19.755941 1.090200 -1.706724 -1.406003 7.435767 30.996269 21.050234 -18.371525
14.823732 11.469000 -0.625638 -18.016680 -8.250367 -20.615431 -2.638924 14.535997 12.987654 0.163630 -0.941363 -14.834645 9.834993 -19.334476 13.398570 -19.872272 4.976046 8.326934 -7.068613 -6.808747 -22.231390 -9.194838 19.892351 2.432025 -1.228439 -0.012999 8.083427 31.845909 19.087017 -19.646441
14.343098 12.611238 -1.127024 -17.056984 -8.906411 -20.126104 -2.206594 15.010049 12.831224 0.406027 -1.985409 -15.305837 9.865460 -19.521255 13.166392 -19.343117 4.590764 8.842141 -7.191693 -5.897320 -21.641703 -9.005684 19.812716 3.822295 -0.632031 1.121510 8.684199 32.818077 17.326754 -20.662697
14.608243 13.424726 -1.320269 -16.572063 -9.059258 -19.813911 -1.578760 15.413616 12.738674 0.767076 -2.771784 -16.442591 10.158206 -20.122993 12.418652 -18.950794 4.642903 8.997939 -7.496225 -4.964124 -21.388533 -8.477754 19.175745 4.716833 -0.173073 1.547438 9.137424 34.023041 16.549082 -20.776272
14.511248 14.446890 -0.928940 -15.879570 -9.385880 -19.243877 -0.673621 15.785256 12.529182 1.383824 -3.531349 -17.038065 9.974427 -20.302578 12.118806 -18.640671 4.632131 9.355636 -7.590897 -4.250670 -21.017841 -8.059758 18.785631 5.648422 0.173199 1.847308 9.534195 34.912640 15.812139 -20.821371
14.119281 15.200229 -1.033077 -15.318655 -9.815437 -18.769194 -0.412576 15.959801 12.219580 2.013590 -4.276579 -18.234322 9.813121 -20.335117 11.310996 -18.444456 4.863233 9.038499 -7.628076 -4.301761 -20.370350 -8.028755 17.856762 6.652534 0.553646 2.126427 9.843825 35.967686 14.769040 -21.168804
13.579287 16.274981 -0.897039 -14.854412 -10.371864 -18.154709 0.003313 16.225666 11.673590 3.037913 -4.398992 -18.934496 9.779704 -20.508926 11.190820 -18.543976 4.701149 9.376018 -7.707822 -3.674862 -19.740011 -8.064383 16.987104 7.451342 0.794556 2.067333 10.217084 36.677750 13.294962 -21.058983
13.184989 16.910175 -0.842929 -14.808253 -10.515667 -17.846117 0.380629 16.509422 11.304659 3.855798 -5.564440 -20.114004 9.599515 -20.536655 10.350014 -18.294363 4.900909 9.261773 -7.842465 -3.686538 -19.299757 -8.143554 15.684468 8.660153 0.783412 1.837544 10.538020 37.199242 11.549615 -20.743803
12.599700 17.732325 -0.700414 -14.644886 -10.809912 -17.341152 0.813513 16.741671 10.946920 4.553319 -6.245826 -20.899357 9.620145 -20.163652 9.982419 -18.316471 5.092241 9.349366 -7.739530 -3.204434 -18.839998 -8.057879 14.575033 9.821351 0.903153 1.700245 10.867763 37.900520 10.102899 -20.518150
12.354313 18.681488 -0.720243 -14.160517 -11.191703 -16.772772 1.102659 16.817806 10.508570 5.455247 -7.593565 -22.077263 8.978106 -20.346500 9.395570 -17.913664 4.985883 9.287230 -8.037785 -3.279818 -18.363331 -8.950737 13.332298 10.708197 1.111739 1.479154 11.217650 38.385391 8.875201 -20.051741
12.275370 19.816175 -0.805127 -13.380494 -11.630547 -16.103552 1.390323 16.809305 10.065265 6.329010 -8.299847 -22.506342 8.755603 -20.246002 9.144986 -17.947943 5.070024 9.365971 -8.001997 -3.097986 -17.911768 -9.819075 11.954601 11.508457 1.256543 1.098135 11.571742 38.890892 7.532675 -19.453844
12.156462 20.816910 -0.839750 -12.762579 -12.046095 -15.497277 1.520696 16.661655 9.757942 6.868211 -9.089870 -22.748886 8.349811 -20.076761 8.968122 -17.594954 4.940452 9.289860 -8.076133 -2.800916 -17.457510 -10.868643 10.663047 12.247137 1.228996 0.719592 11.977195 38.989769 6.138321 -18.732513
11.960308 21.687235 -0.718316 -12.414049 -12.394397 -14.996932 1.679665 16.601395 9.402726 7.248234 -10.272725 -23.490513 7.849461 -20.045488 8.407542 -17.237185 4.949063 9.369363 -8.323690 -2.835338 -16.966221 -11.766900 9.543512 12.909770 1.236937 0.371736 12.408134 39.171726 4.820846 -18.045385
11.397257 22.383654 -0.504816 -12.003200 -12.588591 -14.460785 2.152649 16.652880 9.316751 7.353800 -11.060783 -24.044754 7.341036 -19.893217 8.194528 -17.063677 5.055582 9.293685 -8.343641 -2.784835 -16.500557 -12.684630 8.445213 13.391783 1.148153 -0.039955 12.956471 39.224556 4.079597 -17.148470
10.846205 23.041327 -0.504064 -11.571310 -12.909838 -13.891418 2.351293 16.547829 9.289092 7.279839 -11.631016 -23.957308 6.839901 -19.763390 7.969548 -16.765701 5.301503 9.053813 -8.510364 -2.717156 -15.929225 -13.227637 7.730219 13.563221 0.932113 -0.220492 13.331752 38.825123 3.223603 -16.566305
10.669815 23.747236 -0.154053 -11.326853 -13.093864 -13.274111 2.685957 16.356415 9.172883 7.499525 -12.183783 -24.366379 6.457129 -19.703520 7.720054 -16.467154 5.398665 8.964085 -8.690307 -2.552058 -15.503193 -13.311089 7.026805 13.860502 0.833808 -0.485221 13.562120 38.900497 2.259118 -16.160799
10.501304 24.116344 -0.025542 -11.086928 -13.216848 -12.943599 2.863246 16.253155 9.185162 7.417897 -12.839149 -24.684210 6.091687 -19.687094 7.531163 -16.307791 5.439908 8.900191 -8.875591 -2.490472 -15.279151 -13.832396 6.512183 13.838823 0.848879 -0.725873 13.688376 38.993107 1.884091 -15.884825
10.189767 24.427687 0.196366 -10.888275 -13.348514 -12.544832 3.098872 16.186481 9.071381 7.670451 -13.220610 -24.795139 5.850073 -19.523071 7.473021 -16.254969 5.501149 8.820750 -8.918840 -2.495524 -14.995351 -14.057081 6.109470 13.825665 0.832730 -0.912736 13.864440 39.039814 1.446530 -15.579313
10.141740 24.769472 0.308971 -10.591990 -13.460503 -12.249909 3.218602 16.069534 8.945147 7.943045 -13.654651 -24.674911 5.522029 -19.409580 7.401578 -16.250185 5.470860 8.932282 -8.987923 -2.551514 -14.890878 -14.050017 5.713356 13.988403 0.740486 -1.107121 13.974957 39.083710 1.223879 -15.274511
10.101877 24.831011 0.272220 -10.561848 -13.488101 -12.210266 3.237866 16.079374 8.953169 7.920679 -13.650119 -24.752604 5.506057 -19.394789 7.364335 -16.293957 5.526224 8.935076 -8.983709 -2.575469 -14.826985 -14.124190 5.602369 14.007402 0.721884 -1.096034 14.041339 39.075016 1.139916 -15.228192
