11.827278 23.464113 -3.838744 -8.044521 -10.934469 -9.735023 4.708081 14.396557 12.721035 8.242440 -11.186983 -27.828514 3.395698 -16.764124 3.672799 -11.141129 2.611290 16.200499 -7.674402 -9.013352 -11.766751 -20.989534 11.999227 18.060083 3.978954 -12.954466 3.954741 35.783642 -2.860794 -13.406270
11.285187 23.046888 -3.868706 -8.492119 -10.854125 -9.729627 4.681919 14.441824 12.966466 7.848054 -10.502539 -27.833565 3.625114 -17.062738 3.472252 -10.695104 2.847135 15.886098 -7.779294 -9.099287 -11.456634 -21.081760 12.842197 16.737324 4.125878 -12.710880 3.895168 35.315201 -3.143558 -13.788599
10.749396 22.553076 -3.775574 -9.402938 -10.788599 -9.648596 4.379125 14.236230 13.235599 7.120395 -8.864002 -28.094767 4.100608 -17.763721 3.262558 -10.202389 3.138718 15.611047 -8.094659 -9.098371 -10.759933 -21.350197 13.708006 15.248639 4.121672 -12.226139 3.851619 34.543976 -4.019584 -14.742433
9.652041 21.851782 -3.885874 -10.056784 -10.728693 -9.443156 4.356431 14.160326 14.012472 5.688302 -7.189782 -28.156704 4.781327 -18.209227 2.658839 -9.741702 3.764551 15.272780 -8.568816 -9.012046 -10.029471 -21.628889 14.753078 13.420549 3.981625 -11.853805 3.698541 33.530083 -4.838602 -15.813622
8.167278 20.850815 -4.126419 -10.341637 -10.706360 -9.346311 4.229279 14.113002 14.898017 4.037080 -5.557977 -28.224491 5.655793 -18.401865 2.122170 -9.196332 4.452803 14.709193 -9.022593 -8.909539 -9.208610 -21.955435 15.842172 11.318106 3.807795 -11.469616 3.636158 32.282761 -5.720737 -16.763906
6.447833 20.175955 -4.238165 -11.044314 -10.692895 -8.881668 4.324551 14.105318 15.550323 2.832711 -4.245341 -28.390369 6.367949 -18.730301 1.400254 -8.446257 5.200065 14.079932 -9.570621 -8.834995 -8.458518 -22.440960 17.452776 9.450830 3.430964 -11.136302 3.834522 30.308483 -6.319516 -17.019781
4.713638 19.387749 -4.402552 -11.460140 -10.677086 -8.467710 4.417348 13.997232 16.580521 0.935541 -2.954678 -28.525871 6.889776 -18.899200 0.749854 -7.635301 5.977997 13.210564 -10.211800 -8.734320 -7.797399 -22.658632 19.313292 8.030775 3.257429 -10.942692 3.915714 28.426956 -7.014411 -16.999331
3.683830 18.933973 -4.504679 -11.354498 -10.771671 -7.961442 4.506965 13.738323 17.327517 -0.233305 -2.221769 -28.552649 7.116473 -19.132389 0.192679 -6.878467 6.510146 12.373587 -10.760988 -8.760226 -7.024950 -23.460424 20.349926 6.793217 2.960263 -11.094736 3.913326 26.723953 -7.803514 -16.684748
2.685251 18.657885 -4.480618 -11.442863 -10.956558 -7.512512 4.493141 13.514727 17.775400 -1.084294 -1.410650 -28.638084 7.341289 -19.119896 -0.144620 -6.530648 7.133514 11.645627 -11.214780 -8.614180 -6.590282 -23.924305 21.226673 6.153644 2.558091 -10.864794 4.005190 25.456661 -8.204620 -16.756443
2.072993 18.684660 -4.161999 -11.310617 -11.111788 -7.022707 4.660443 13.304053 17.934296 -1.276546 -1.446450 -28.553129 7.462361 -19.106998 -0.508486 -6.191095 7.394541 11.384643 -11.522884 -8.580544 -6.293629 -23.778454 21.770218 5.863262 2.478504 -10.698103 4.168053 25.008781 -8.714299 -16.764225
1.989231 18.576809 -3.191817 -11.029890 -11.146531 -6.575707 5.062960 12.993961 17.997602 -1.130030 -1.972458 -28.373684 7.868162 -19.260916 -0.432689 -5.571342 6.843221 11.311929 -11.478931 -8.590732 -6.183802 -22.421154 22.535072 6.120246 2.415065 -10.557321 4.461248 24.858917 -9.069999 -16.494152
3.879628 17.539000 2.468797 -9.082866 -10.734013 -5.009611 6.958057 11.195500 17.499475 1.557776 -5.235054 -26.476866 10.361173 -20.125565 -0.685711 -1.363989 3.971122 11.049945 -11.496288 -8.594763 -5.695936 -13.655047 26.375210 9.241579 2.609102 -8.999745 6.480765 25.959454 -9.543439 -15.500581
6.923358 17.027786 9.692456 -4.004467 -11.156407 -2.384460 7.914584 6.566012 17.894951 2.732489 -9.982399 -22.310108 10.485808 -20.490597 0.540807 5.520797 1.268435 8.521394 -12.032021 -9.442946 -5.109902 -1.855207 31.741472 15.224640 0.381482 -8.107189 9.573239 23.315136 -8.950665 -9.586084
7.017097 17.096277 14.719553 -0.159073 -13.235865 1.573583 4.734271 -0.533467 16.627234 4.269026 -15.218897 -18.253578 4.574229 -18.900253 4.444360 14.470491 0.227225 3.134656 -11.181164 -11.594666 -3.008919 9.361235 34.999519 14.406715 0.409605 -11.606207 13.237739 21.757977 -12.598269 3.776795
5.720539 16.247925 14.029367 -0.087468 -16.648296 3.908150 -3.740684 -7.364293 14.232965 4.407034 -15.175852 -13.934991 -2.066424 -17.047543 2.729232 16.692352 5.616860 -1.953427 -15.950260 -13.437518 -2.322743 4.931523 33.436424 2.932823 1.110933 -18.263531 13.894258 21.023006 -13.435872 15.758363
-1.951642 14.277446 6.635686 -5.739094 -19.017374 3.202820 -11.126138 -8.334923 14.613890 -4.905417 -8.856086 -11.643328 -8.663964 -13.432440 4.682798 11.900022 10.066817 -7.704389 -16.952221 -17.591366 8.719044 -2.877487 23.675898 -1.807413 -1.005125 -16.219090 21.692039 18.297535 -5.209644 24.885389
-4.260151 11.105111 -6.712237 -2.822113 -20.864077 3.433547 -18.423532 -10.552767 16.344271 -9.009958 -4.914201 -9.126676 -15.007821 -3.368163 8.060668 3.470949 7.378328 -5.717449 -19.472509 -22.769880 6.864561 -6.681856 19.037252 -4.956877 -1.998667 -8.136304 31.432852 16.952909 -4.969160 29.220037
1.969188 10.120712 -18.463531 -0.855708 -19.551573 4.305159 -21.456646 -11.888786 17.052328 -4.684423 -5.704580 -9.434998 -17.325151 0.277656 6.565751 -5.182966 4.613833 -1.119292 -22.757183 -25.795229 -8.283648 -16.637474 19.603519 -7.924880 -2.287076 -4.976806 31.271923 14.434494 -12.722976 27.874685
6.730699 13.326236 -25.185814 -6.717434 -16.452322 4.419753 -19.801552 -9.572679 16.350798 1.621725 -4.435462 -12.678796 -16.149635 -2.995530 5.523996 -11.276237 2.237234 4.596602 -23.333504 -23.901896 -14.296899 -27.359398 20.764952 -8.652790 1.182983 -3.993854 27.270590 17.270893 -8.888742 23.106339
7.284015 15.905355 -28.340994 -9.476337 -15.175714 5.613304 -18.788410 -8.954487 15.984573 5.426029 -3.267304 -13.254121 -15.514308 -4.058133 4.390711 -15.729644 4.190243 4.400714 -26.960777 -19.896303 -16.805529 -34.014477 21.200830 -10.212676 2.564312 -4.146757 25.852360 18.117901 -7.332046 22.107750
7.187878 16.269375 -28.277552 -9.627039 -15.014497 5.718977 -18.405201 -8.767118 15.911735 5.803364 -3.223094 -13.255343 -15.294667 -4.113234 4.194749 -16.094786 4.374879 4.560884 -27.211111 -19.528194 -16.426104 -34.399052 21.144964 -10.048833 2.524746 -3.964018 25.844368 18.216759 -7.049749 21.536041
7.959972 15.109646 -27.480381 -9.187403 -15.070907 5.444936 -19.064655 -9.409830 15.840440 5.535746 -3.034825 -12.721654 -15.229965 -4.189183 4.373801 -15.443669 4.071201 4.320318 -26.093195 -20.882975 -16.368456 -33.280998 22.353926 -10.036239 2.038780 -3.455018 25.846472 17.160128 -7.539620 20.757010
8.905896 13.245995 -25.274504 -8.053778 -15.410175 4.820089 -20.035160 -10.338483 15.381510 5.237429 -2.340922 -11.798907 -14.830836 -4.046830 4.680419 -14.510905 3.641148 4.304980 -23.926134 -23.215334 -16.680082 -31.245184 24.417963 -8.678548 0.841277 -2.462539 26.610294 15.080408 -9.829551 20.128416
8.619798 11.154613 -22.846779 -7.226873 -15.829939 4.549794 -21.529594 -11.935177 14.820096 4.935003 -1.162362 -10.041731 -14.673064 -2.840436 5.200301 -13.797585 3.738373 3.452649 -22.995129 -25.256575 -14.748006 -27.256157 26.462811 -7.641971 -0.536107 -1.355829 27.616682 12.608068 -12.851381 19.434366
7.192139 8.714508 -20.483335 -7.428567 -15.295553 4.492786 -22.291954 -13.378886 14.962509 4.197423 0.541758 -8.215501 -14.250569 -2.020113 5.505697 -12.474550 5.075769 1.726490 -21.891001 -26.652918 -11.923891 -23.501804 29.678091 -8.357316 -1.072604 -0.011147 28.359598 9.942101 -15.628263 18.604662
6.173584 7.151243 -18.644035 -8.226677 -14.388537 4.687930 -22.115545 -14.251806 15.508732 3.918362 2.974220 -6.604385 -13.361482 -1.877057 6.411744 -11.824781 5.601259 0.961451 -21.248987 -26.778395 -10.911219 -20.061316 31.285009 -8.019960 -2.038799 0.752112 29.010033 8.415859 -15.798787 18.385969
5.868437 5.819890 -16.803211 -8.951940 -13.100641 4.596030 -21.145878 -14.467286 16.272234 3.673396 5.052844 -5.594781 -12.376750 -2.416448 7.167944 -11.213667 5.996265 0.291479 -20.965403 -26.495394 -11.363897 -17.718229 34.362404 -8.833626 -1.699140 0.332009 28.125225 8.149734 -13.384300 18.106379
5.227284 5.582651 -15.708345 -9.525648 -12.566322 4.905867 -20.733017 -14.825837 16.392818 4.003179 6.163952 -4.465816 -11.918550 -2.724302 7.505516 -11.218571 6.649943 -0.129854 -21.160486 -26.019873 -12.572007 -16.444300 36.467506 -10.461743 -0.490266 -0.934751 26.558407 8.643441 -11.226789 18.809725
5.073601 5.211935 -14.942263 -10.012026 -12.040358 4.903115 -20.235958 -14.808828 16.696207 4.085870 6.535971 -3.832725 -11.584840 -2.661147 7.821545 -11.427604 6.893427 -0.259142 -21.125063 -25.579798 -13.262256 -15.742176 37.538467 -11.838802 0.357002 -1.767363 25.254774 9.374702 -9.822154 18.768585
5.338388 5.227855 -14.752952 -9.942579 -11.989074 4.908797 -20.159678 -14.854425 16.678581 4.341429 6.537018 -3.631114 -11.463425 -2.611928 7.909053 -11.336398 6.816682 -0.128420 -21.023378 -25.479090 -14.275544 -15.789143 38.274635 -12.384794 0.656831 -2.296489 24.458021 9.549475 -9.965712 18.661865
5.302973 5.172819 -14.755004 -9.988079 -11.909698 4.943877 -20.137066 -14.898052 16.731306 4.379533 6.535902 -3.622001 -11.438716 -2.615880 7.937036 -11.356572 6.809254 -0.125970 -20.992727 -25.414227 -14.232518 -15.733147 38.232430 -12.452477 0.707900 -2.383125 24.349583 9.629589 -9.927104 18.635382
5.302973 5.172819 -14.755004 -9.988079 -11.909698 4.943877 -20.137066 -14.898052 16.731306 4.379533 6.535720 -3.621989 -11.438571 -2.615683 7.936848 -11.356610 6.809412 -0.125929 -20.992678 -25.414162 -14.232518 -15.733147 38.232430 -12.452477 0.707900 -2.383125 24.349583 9.629589 -9.927104 18.635382
5.302973 5.172819 -14.755004 -9.988079 -11.909698 4.943877 -20.137066 -14.898052 16.731306 4.379533 6.535720 -3.621989 -11.438571 -2.615683 7.936848 -11.356610 6.809412 -0.125929 -20.992678 -25.414162 -14.232518 -15.733147 38.232430 -12.452477 0.707900 -2.383125 24.349583 9.629589 -9.927104 18.635382
5.302262 5.172508 -14.755712 -9.989132 -11.909424 4.943814 -20.137238 -14.897667 16.731016 4.379067 6.536076 -3.621375 -11.439175 -2.616695 7.936269 -11.357023 6.809534 -0.125623 -20.994104 -25.414055 -14.233463 -15.733705 38.234383 -12.454361 0.709063 -2.382672 24.349632 9.629557 -9.927590 18.636000
5.303426 5.172914 -14.755211 -9.988871 -11.909595 4.943928 -20.137362 -14.898346 16.731573 4.378804 6.536740 -3.621711 -11.439613 -2.617026 7.937356 -11.356698 6.808795 -0.125806 -20.993692 -25.414436 -14.233081 -15.732763 38.232563 -12.452512 0.707880 -2.382888 24.349665 9.629440 -9.927485 18.635658
5.303700 5.173078 -14.754879 -9.988450 -11.909541 4.944105 -20.137114 -14.898458 16.731508 4.379553 6.536740 -3.621711 -11.439613 -2.617026 7.937356 -11.356698 6.808795 -0.125806 -20.993692 -25.414436 -14.233081 -15.732763 38.232563 -12.452512 0.707880 -2.382888 24.349665 9.629440 -9.927485 18.635658
5.303700 5.173078 -14.754879 -9.988450 -11.909541 4.944105 -20.137114 -14.898458 16.731508 4.379553 6.536740 -3.621711 -11.439613 -2.617026 7.937356 -11.356698 6.808795 -0.125806 -20.993692 -25.414436 -14.233081 -15.732763 38.232563 -12.452512 0.707880 -2.382888 24.349665 9.629440 -9.927485 18.635658
1.763209 3.452410 -16.542034 -5.829198 -12.338327 3.491872 -19.290852 -12.463055 17.490873 6.354163 3.137409 -4.695278 -7.763515 2.478342 5.452571 -12.014895 9.929976 1.265554 -18.648222 -25.145664 -7.574094 -19.244856 27.920361 2.991300 -11.670359 -1.383393 24.970629 -0.418994 -8.459966 8.219906
1.763209 3.452410 -16.542034 -5.829198 -12.338327 3.491872 -19.290852 -12.463055 17.490873 6.354163 3.137409 -4.695278 -7.763515 2.478342 5.452571 -12.014895 9.929976 1.265554 -18.648222 -25.145664 -7.574094 -19.244856 27.920361 2.991300 -11.670359 -1.383393 24.970629 -0.418994 -8.459966 8.219906
1.763209 3.452410 -16.542034 -5.829198 -12.338327 3.491872 -19.290852 -12.463055 17.490873 6.354163 3.137409 -4.695278 -7.763515 2.478342 5.452571 -12.014895 9.929976 1.265554 -18.648222 -25.145664 -7.574094 -19.244856 27.920361 2.991300 -11.670359 -1.383393 24.970629 -0.418994 -8.459966 8.219906
2.174157 3.426296 -16.285507 -6.488583 -12.135314 3.625052 -19.265671 -12.561124 17.305899 6.719355 3.278433 -4.587489 -7.761632 2.111580 5.257035 -12.110888 10.007524 1.528582 -18.870129 -25.018837 -9.562255 -19.124926 28.662420 1.535262 -10.900618 -1.951963 24.150808 0.426175 -9.159348 8.469908
1.838014 3.270758 -16.418652 -6.253501 -12.187206 3.487711 -19.224541 -12.329229 17.307787 6.879951 3.142342 -4.600139 -7.644531 2.264994 5.163374 -12.165145 10.146754 1.531313 -18.824884 -24.986284 -9.598727 -19.077452 28.611382 1.539744 -10.923147 -1.965034 24.184299 0.444665 -9.157509 8.503614
1.823076 3.261110 -16.419994 -6.245475 -12.188726 3.483315 -19.218390 -12.316032 17.303549 6.896748 3.134191 -4.607069 -7.625815 2.277798 5.159873 -12.174752 10.160330 1.522664 -18.811617 -24.980301 -9.596334 -19.089468 28.607527 1.561984 -10.940740 -1.958985 24.181149 0.427997 -9.160281 8.484076
1.819581 3.258823 -16.421751 -6.242075 -12.189573 3.481423 -19.217876 -12.312624 17.302813 6.899211 3.134438 -4.605439 -7.626091 2.274539 5.160983 -12.176991 10.162403 1.518673 -18.814726 -24.975332 -9.598851 -19.087337 28.609236 1.567279 -10.944102 -1.956586 24.182365 0.425994 -9.159820 8.482777
1.787180 3.238598 -16.428808 -6.243923 -12.191195 3.474187 -19.211798 -12.287439 17.292734 6.935330 3.127604 -4.620900 -7.603888 2.296839 5.156971 -12.176618 10.171350 1.520264 -18.794622 -24.972090 -9.595158 -19.100658 28.621531 1.564845 -10.944658 -1.952760 24.181625 0.416689 -9.160378 8.482856
1.812793 3.255225 -16.422537 -6.235193 -12.190994 3.479972 -19.215523 -12.307875 17.300932 6.907039 3.120580 -4.605989 -7.622878 2.288760 5.160743 -12.174644 10.163904 1.524184 -18.806223 -24.974802 -9.601807 -19.103809 28.626974 1.553648 -10.936890 -1.949906 24.185701 0.421700 -9.155976 8.485374
1.812473 3.255072 -16.423309 -6.234070 -12.191029 3.479480 -19.215654 -12.307739 17.301691 6.905818 3.120003 -4.606631 -7.621754 2.290230 5.160527 -12.174825 10.164517 1.523920 -18.805044 -24.974779 -9.601928 -19.104094 28.626583 1.555463 -10.938577 -1.950348 24.185678 0.421053 -9.156174 8.484694
1.798924 3.245239 -16.426708 -6.248163 -12.190071 3.476785 -19.214607 -12.295792 17.295431 6.923343 3.134917 -4.617286 -7.616076 2.285632 5.164032 -12.173289 10.162742 1.520014 -18.800901 -24.974533 -9.599280 -19.112740 28.630922 1.560323 -10.941450 -1.945345 24.183670 0.412452 -9.164039 8.475557
1.800794 3.246609 -16.424904 -6.250693 -12.189961 3.477879 -19.215054 -12.297265 17.294716 6.923070 3.132515 -4.617176 -7.617362 2.286266 5.165430 -12.173011 10.161981 1.520634 -18.800264 -24.974585 -9.600625 -19.112394 28.630533 1.560452 -10.940165 -1.946552 24.182667 0.413279 -9.164524 8.477406
1.801100 3.246659 -16.425411 -6.244648 -12.190359 3.477131 -19.214470 -12.297388 17.295885 6.922402 3.138838 -4.615830 -7.620634 2.280782 5.166938 -12.174069 10.160280 1.517129 -18.803585 -24.975456 -9.597623 -19.104332 28.623320 1.573412 -10.946610 -1.945968 24.178707 0.409286 -9.167611 8.468339
