-8.481119 -17.308077 19.698792 -13.708020 -8.819174 -16.555510 -19.371105 -8.390233 11.825865 -2.579477 10.311659 10.562625 3.304475 -0.008175 15.417316 5.689499 20.837774 2.670981 -1.526859 -17.035572 -4.416069 8.438393 16.892084 -13.722147 -26.627720 -26.304855 -3.365121 -3.662120 -9.375304 -6.977965
-8.206381 -17.336306 19.466875 -13.719065 -8.931440 -16.963472 -19.571636 -8.161232 11.697469 -2.712542 10.035406 10.662702 3.200098 0.038555 15.626321 5.369610 20.525072 3.034112 -1.264240 -17.302643 -4.826367 8.711715 16.678743 -13.790125 -26.715351 -26.402500 -3.679345 -3.289355 -8.602036 -7.269107
-7.499759 -17.346981 18.815607 -13.750517 -9.079647 -17.748594 -20.082085 -7.830268 11.399944 -2.902835 9.304525 10.704095 2.662155 0.091625 15.707053 4.351060 20.459291 3.388502 -1.077120 -17.711651 -5.347307 8.346425 15.853906 -13.950130 -26.879103 -26.283228 -3.900845 -2.804093 -6.971403 -7.496014
-6.383671 -17.472010 17.477280 -14.024670 -8.990986 -18.934477 -20.425325 -7.052630 11.305447 -3.211727 8.031850 10.752583 2.083078 0.320695 16.164810 2.919229 19.585085 4.266758 -0.753366 -18.237684 -6.217527 7.784955 15.296055 -14.288382 -26.802536 -26.126585 -4.481380 -2.150037 -4.775959 -7.939835
-4.990770 -17.364220 16.174665 -14.002082 -9.152610 -20.117403 -21.184753 -6.490328 10.938618 -3.257841 6.402132 10.759881 2.039846 0.107931 16.554173 1.787483 18.057806 5.876802 -0.424164 -18.636753 -6.791492 6.797655 14.064507 -15.159656 -26.707914 -25.731117 -4.991215 -1.141932 -2.192412 -8.667624
-2.731182 -17.237993 14.101138 -14.031687 -9.049051 -21.761194 -21.724804 -5.405186 10.801381 -3.375066 4.921741 10.406316 1.382921 0.050007 16.774513 -0.055477 17.156954 6.953605 -0.124893 -19.276527 -8.516304 5.267200 12.177089 -15.122965 -26.734304 -27.266552 -6.875398 0.097974 -1.207720 -9.307248
-1.614649 -17.311152 12.810884 -14.280105 -8.907863 -22.724720 -22.235069 -4.948610 10.687882 -3.365214 3.538002 10.242540 0.798252 0.140550 16.764179 -1.227330 16.574348 7.579279 -0.136921 -19.676760 -11.049107 4.309199 10.552722 -14.400167 -27.127014 -29.360439 -9.007658 0.990239 -0.821495 -9.728531
-0.996643 -17.010099 11.834433 -14.032478 -9.381826 -23.439058 -23.127441 -4.739188 10.192940 -3.429792 2.129236 10.332000 0.316712 0.237032 16.861364 -2.359660 15.859019 8.351398 -0.249814 -20.020769 -12.565591 3.823837 8.959757 -14.133919 -27.531708 -30.847555 -10.429032 1.807419 0.143247 -10.000145
0.139246 -16.740057 10.329638 -14.275244 -9.298935 -24.562548 -23.299290 -3.753994 10.149549 -3.710898 0.916213 10.201478 0.130385 0.114440 16.872292 -3.215327 15.200039 9.015642 -0.310905 -20.095831 -13.308776 3.706710 7.793177 -13.791353 -27.655392 -31.530565 -11.058948 2.637008 1.004164 -10.168641
0.511123 -16.562452 9.822728 -14.283724 -9.313469 -24.882107 -23.360909 -3.456712 10.084963 -3.734553 0.644257 10.122968 -0.132834 0.108399 16.822472 -3.630041 15.361805 8.873391 -0.364365 -20.070620 -13.953019 3.548313 7.319031 -13.630047 -27.790844 -31.880405 -11.442732 2.959136 1.645561 -10.270483
0.442739 -16.629377 9.646558 -14.556568 -9.189226 -25.066271 -23.254013 -3.218274 10.179644 -3.951121 0.420889 10.251580 -0.169212 0.174237 16.921339 -3.630532 15.140855 8.968354 -0.325881 -20.149179 -14.215436 3.744829 7.361145 -13.639826 -27.897249 -31.921869 -11.522020 2.943443 1.841461 -10.300640
0.319090 -16.832739 9.222929 -15.595571 -8.459706 -25.728621 -22.156666 -2.007102 10.742402 -4.744784 -0.677832 10.505877 0.381830 0.049010 17.254068 -3.253881 13.399215 10.261775 -0.222325 -20.174103 -14.936786 3.679040 8.575799 -13.992263 -27.865736 -31.022793 -11.308712 2.283937 2.877851 -10.434961
0.838330 -16.300415 8.521723 -15.899296 -7.944913 -26.004839 -20.773235 -0.775990 11.241451 -5.179705 -1.468807 10.328746 1.186238 -0.364117 17.617153 -2.829458 11.476343 11.434968 0.025091 -20.030758 -15.874819 0.907972 8.274321 -14.720266 -27.377699 -28.982605 -10.370995 2.540201 6.615211 -10.461251
1.884918 -15.646034 8.739638 -15.859522 -7.338489 -26.150208 -18.680195 0.528823 11.832266 -5.163173 -1.442684 9.540915 3.044688 -1.353740 17.884384 -2.587457 9.581095 12.935850 0.193336 -19.085714 -12.343539 -0.381532 8.140860 -16.649994 -26.041433 -23.365810 -5.984240 3.399119 12.369880 -10.161588
2.604399 -15.431138 8.732700 -16.197304 -6.520222 -25.783058 -17.164005 1.038227 12.715901 -4.784134 0.399280 8.296578 4.622028 -2.335404 17.416201 -2.288576 9.399548 13.338904 0.119158 -18.432878 -10.950086 -1.814955 10.246934 -18.154390 -25.028744 -19.388340 -3.263216 2.724920 15.714517 -10.333546
2.380994 -15.031450 7.697825 -16.617500 -5.340013 -24.832300 -14.951190 1.960975 14.250593 -4.749083 2.412451 6.652957 6.713484 -3.293551 16.977589 -1.425471 8.466275 14.642678 -0.215474 -17.101456 -9.831386 -4.437578 12.420154 -19.025490 -23.628727 -16.235741 -1.452002 1.777151 16.659075 -10.290615
0.875194 -14.421309 8.571649 -17.274839 -4.937412 -23.899870 -13.016070 2.709897 15.286781 -5.581691 3.875103 5.993767 8.471982 -4.227325 16.179083 0.351672 8.191993 15.109724 -0.942400 -15.915678 -7.873364 -6.224890 15.058300 -20.023272 -22.548431 -13.496218 0.503430 0.468598 17.961094 -9.891007
0.929668 -14.243671 9.726532 -17.107174 -4.572428 -23.203913 -11.423276 3.117743 16.046576 -5.696557 5.375089 5.333923 9.841260 -5.095120 15.238505 1.425795 8.489017 15.238299 -1.351956 -15.121070 -6.348949 -5.735594 17.629034 -20.386452 -21.840416 -10.344228 3.338043 -0.526613 19.356325 -9.212284
1.810837 -13.758246 10.206156 -16.571096 -4.239078 -22.569435 -9.931235 3.647586 16.559752 -5.108412 5.282290 4.957952 10.566436 -5.846247 14.763344 1.723720 8.604844 15.413808 -1.550648 -14.360549 -5.358599 -6.108540 17.804651 -20.511690 -21.453487 -7.815513 5.872785 -0.495383 22.137777 -8.397818
2.173383 -13.659600 9.975887 -16.422132 -3.751383 -21.974375 -9.288026 3.574101 17.008863 -4.579704 5.416413 4.684860 11.386403 -6.539441 14.246985 2.071928 8.632659 15.694075 -2.068200 -13.458683 -4.306075 -6.077287 18.217541 -20.846060 -21.300097 -6.950810 7.063871 -0.755534 23.058144 -7.707135
2.276238 -13.637352 10.082953 -16.391075 -3.696597 -21.844080 -9.215672 3.483584 17.000422 -4.327436 5.430770 4.715702 11.328519 -6.516232 14.258813 1.985778 8.699876 15.671891 -2.040071 -13.517392 -3.944129 -6.035203 18.304453 -20.947752 -21.198917 -6.635165 7.370638 -0.706334 23.354723 -7.691476
2.094315 -14.051144 10.246252 -16.453897 -3.469413 -21.553486 -9.216295 3.087930 17.219084 -4.246864 5.472955 4.907144 11.327118 -6.429039 14.335924 2.389704 8.665345 15.610785 -2.071049 -13.532331 -3.236390 -5.314111 17.986994 -21.579193 -21.565855 -6.251890 7.827288 -0.900636 23.337271 -7.792928
2.042293 -14.375126 9.993402 -16.475994 -2.873017 -21.046270 -8.559150 2.981493 17.958763 -4.340215 5.808152 5.356899 11.456824 -6.075911 14.600034 3.272088 8.387130 15.488034 -2.052389 -13.650140 -1.976010 -4.140975 17.521881 -22.430227 -22.086842 -5.514209 8.784145 -1.258435 22.665537 -7.786202
2.330453 -14.923582 10.837396 -16.246368 -2.399561 -20.280146 -8.355356 2.031421 18.246424 -3.596472 6.558130 5.666371 11.735418 -5.767317 14.544860 4.165239 8.474307 15.338350 -2.296637 -13.448936 -1.403090 -3.366906 17.215332 -23.513922 -22.768478 -4.738983 9.651288 -2.083591 21.399294 -7.707016
2.000715 -15.404287 11.786067 -15.806360 -1.808610 -18.867912 -7.694599 0.812947 18.961378 -2.988592 6.800092 6.028351 12.184668 -5.564723 14.659726 5.376126 8.104015 15.299575 -2.577767 -13.031805 -0.395660 -3.461020 17.075420 -25.252470 -23.337540 -4.344997 10.170423 -3.521684 18.669920 -7.662221
1.367247 -15.876705 13.137426 -15.618070 -1.181992 -17.358988 -6.850110 -0.302914 19.619665 -2.317931 6.814739 6.739373 12.677008 -5.144923 15.239110 7.191448 7.429734 14.925348 -2.782997 -12.497113 1.218167 -2.243174 15.957844 -26.572929 -24.441902 -4.045189 11.598701 -4.808353 15.725823 -6.912368
0.914361 -16.108635 14.571228 -14.950226 -0.942007 -16.371157 -6.178362 -1.080163 20.022223 -2.163699 6.331257 7.118845 13.003344 -4.987917 15.740426 8.455192 7.092917 14.232942 -2.856827 -11.733802 3.445956 -0.966688 14.935988 -27.663939 -25.161814 -4.550888 12.269609 -5.740848 12.968785 -6.231188
0.590711 -16.531885 15.803858 -14.367636 -0.355701 -15.334204 -5.065135 -1.653511 20.884691 -2.263744 6.536501 7.659529 13.345113 -4.837192 16.099415 10.362172 7.207768 13.514071 -2.844730 -11.255668 5.627103 0.924189 13.989744 -28.510967 -25.761202 -4.939899 12.856361 -6.056472 10.925010 -6.001256
0.074565 -16.545427 16.408264 -13.762222 -0.231000 -14.447407 -4.615292 -2.234490 21.247816 -2.179157 6.531161 7.663407 13.858959 -5.015540 16.299883 11.404523 6.993816 13.343497 -2.913335 -10.453882 7.683251 1.771729 12.850376 -29.159676 -26.223440 -5.209699 13.650084 -6.337445 9.379109 -5.390261
-0.160066 -16.581640 16.606129 -13.513844 0.261492 -13.539792 -3.872112 -2.632801 21.830816 -1.914240 6.350407 7.925435 13.888768 -4.890317 16.575569 11.938230 6.940765 12.909868 -3.123162 -10.072552 9.022401 2.381469 12.351336 -29.326000 -26.259016 -5.505474 13.962741 -6.342212 8.079463 -5.107897
-0.104973 -16.559851 16.715408 -13.337107 0.221673 -13.452579 -3.874200 -2.741523 21.819563 -1.867126 6.404554 7.965267 13.811723 -4.807756 16.501646 12.045289 7.093769 12.785741 -3.205386 -10.120864 9.233090 2.470231 12.254473 -29.378851 -26.286915 -5.525851 14.050183 -6.345109 8.013811 -5.039833
-0.106189 -16.554811 16.730139 -13.332990 0.208746 -13.459517 -3.882701 -2.740238 21.805803 -1.868796 6.408733 7.961623 13.810341 -4.801954 16.495903 12.051976 7.087251 12.796599 -3.209366 -10.125207 9.233885 2.470730 12.252852 -29.379154 -26.287510 -5.525703 14.050963 -6.344638 8.014497 -5.039454
-0.105379 -16.554216 16.731365 -13.333681 0.209158 -13.459352 -3.881971 -2.740152 21.805080 -1.866924 6.408326 7.962229 13.810843 -4.802470 16.495941 12.051147 7.087874 12.795747 -3.209625 -10.124470 9.231601 2.471149 12.252736 -29.377798 -26.288074 -5.525729 14.050586 -6.344614 8.014395 -5.039761
-0.108362 -16.556725 16.728378 -13.330988 0.208918 -13.461062 -3.882469 -2.738690 21.806379 -1.869437 6.412375 7.962531 13.808949 -4.805730 16.498211 12.052297 7.085913 12.793359 -3.210292 -10.124882 9.231297 2.472145 12.252926 -29.379309 -26.286860 -5.526274 14.050738 -6.343282 8.014188 -5.038353
-0.108362 -16.556725 16.728378 -13.330988 0.208918 -13.461062 -3.882469 -2.738690 21.806379 -1.869437 6.412325 7.962557 13.808967 -4.805694 16.498219 12.052294 7.085911 12.793333 -3.210266 -10.124872 9.231297 2.472145 12.252926 -29.379309 -26.286860 -5.526274 14.050738 -6.343282 8.014188 -5.038353
-0.106852 -16.555735 16.729195 -13.332369 0.209034 -13.460510 -3.882858 -2.739966 21.806669 -1.871374 6.411895 7.962098 13.809993 -4.804759 16.497257 12.052078 7.086806 12.793878 -3.209918 -10.124571 9.230305 2.473350 12.253813 -29.381815 -26.284363 -5.526489 14.050813 -6.341259 8.013750 -5.036706
-0.106852 -16.555735 16.729195 -13.332369 0.209034 -13.460510 -3.882858 -2.739966 21.806669 -1.871374 6.411895 7.962098 13.809993 -4.804759 16.497257 12.052078 7.086806 12.793878 -3.209918 -10.124571 9.230305 2.473350 12.253813 -29.381815 -26.284363 -5.526489 14.050813 -6.341259 8.013750 -5.036706
-0.354823 -16.614695 16.920456 -11.628425 -0.057792 -13.805894 -3.701571 -2.751267 22.298098 -3.136448 5.679160 7.144930 14.035945 -3.279259 16.859646 12.785756 6.946719 12.835919 -1.634558 -10.681365 8.909066 2.513333 12.979990 -28.415174 -26.941286 -5.556281 13.544940 -7.428817 8.201931 -5.827461
-0.354823 -16.614695 16.920456 -11.628425 -0.057792 -13.805894 -3.701571 -2.751267 22.298098 -3.136448 5.679160 7.144930 14.035945 -3.279259 16.859646 12.785756 6.946719 12.835919 -1.634558 -10.681365 8.909066 2.513333 12.979990 -28.415174 -26.941286 -5.556281 13.544940 -7.428817 8.201931 -5.827461
-0.354823 -16.614695 16.920456 -11.628425 -0.057792 -13.805894 -3.701571 -2.751267 22.298098 -3.136448 5.679160 7.144930 14.035945 -3.279259 16.859646 12.785756 6.946719 12.835919 -1.634558 -10.681365 8.909066 2.513333 12.979990 -28.415174 -26.941286 -5.556281 13.544940 -7.428817 8.201931 -5.827461
0.200294 -16.394876 16.775209 -13.554168 0.273822 -13.343639 -3.930134 -2.937758 21.859341 -2.082618 6.427520 8.018505 13.723683 -4.880870 16.609299 12.104721 6.990149 12.738038 -3.297225 -10.038938 9.257054 2.381699 12.360717 -29.286100 -26.290798 -5.446112 14.039622 -6.401425 8.070720 -5.159467
-0.098180 -16.550688 16.719353 -13.343610 0.218249 -13.461333 -3.879743 -2.743330 21.825130 -1.907013 6.428964 7.957374 13.827262 -4.811458 16.501106 12.063096 7.096405 12.771754 -3.206635 -10.109069 9.226866 2.459314 12.249552 -29.349339 -26.316614 -5.521062 14.044574 -6.372967 8.010095 -5.065389
-0.122637 -16.565821 16.709705 -13.318974 0.215447 -13.470222 -3.872475 -2.725925 21.825764 -1.892052 6.416726 7.950948 13.838029 -4.793079 16.500629 12.062406 7.101171 12.771616 -3.192513 -10.109185 9.227801 2.465405 12.242840 -29.325380 -26.328514 -5.514240 14.047288 -6.378692 8.003291 -5.073905
-0.118984 -16.565788 16.709389 -13.323199 0.218053 -13.467010 -3.871244 -2.727390 21.824848 -1.884300 6.408025 7.951950 13.840610 -4.786765 16.500084 12.058932 7.102780 12.772586 -3.191921 -10.107581 9.229316 2.468776 12.240259 -29.328949 -26.322783 -5.516571 14.047442 -6.371722 8.005398 -5.067837
-0.141447 -16.581194 16.710743 -13.324650 0.221691 -13.461216 -3.859446 -2.710276 21.808058 -1.811410 6.421210 7.973918 13.793109 -4.837378 16.506197 12.047985 7.086204 12.789371 -3.226157 -10.121794 9.222794 2.511608 12.248480 -29.399946 -26.265459 -5.527500 14.054520 -6.313042 7.988732 -5.013939
-0.132797 -16.576447 16.715061 -13.320490 0.220938 -13.459074 -3.860641 -2.717607 21.809740 -1.819234 6.424493 7.967214 13.805473 -4.826632 16.502384 12.047761 7.090980 12.782799 -3.216194 -10.119716 9.217826 2.504390 12.262966 -29.424013 -26.247137 -5.532211 14.054456 -6.303202 7.994182 -5.001432
-0.137902 -16.579987 16.712669 -13.315764 0.220262 -13.461004 -3.859895 -2.714210 21.809887 -1.816718 6.422325 7.965396 13.808188 -4.822858 16.501358 12.047814 7.092468 12.783183 -3.213620 -10.119067 9.220801 2.496099 12.260726 -29.410347 -26.258453 -5.531425 14.053911 -6.315278 7.999335 -5.008440
-0.146851 -16.584248 16.710398 -13.301733 0.218319 -13.463528 -3.856826 -2.709070 21.810623 -1.810935 6.421455 7.965919 13.806787 -4.822560 16.502934 12.047883 7.092063 12.782775 -3.212923 -10.120610 9.216729 2.507418 12.264232 -29.424089 -26.244850 -5.528654 14.055388 -6.301298 7.991786 -5.001832
-0.141922 -16.582077 16.712383 -13.325769 0.220221 -13.460956 -3.861768 -2.712063 21.807211 -1.811686 6.425724 7.966580 13.801345 -4.830896 16.504318 12.048600 7.089038 12.783868 -3.218469 -10.120982 9.218925 2.507213 12.260052 -29.414204 -26.251915 -5.528047 14.053592 -6.305958 7.992958 -5.009070
-0.120583 -16.568014 16.717957 -13.332371 0.221676 -13.455391 -3.866346 -2.727997 21.812105 -1.834913 6.427453 7.965645 13.807551 -4.824821 16.504419 12.049541 7.092962 12.776711 -3.213253 -10.120065 9.214286 2.513572 12.264851 -29.428785 -26.239895 -5.534745 14.055613 -6.296950 7.994768 -4.990748
