-1.872977 -15.357926 18.725605 -18.290649 -6.255206 -12.150713 -19.869247 -13.553282 13.691406 -4.234477 13.593946 12.258597 -1.278545 -3.837229 18.880169 5.831628 15.797010 1.959805 -6.616017 -16.258482 -2.398048 15.198262 16.606213 -22.050200 -20.030685 -24.938900 2.017350 5.250587 -3.770227 -0.425689
-1.767749 -15.376281 18.648336 -18.339300 -6.254916 -12.321220 -19.856781 -13.408227 13.690887 -4.339072 13.507710 12.302756 -1.307578 -3.808246 18.965689 5.787997 15.656034 2.090613 -6.490111 -16.372879 -2.451093 15.357541 16.531855 -22.211870 -20.030643 -24.951576 1.882475 5.437983 -3.410086 -0.593158
-1.524113 -15.379656 18.463009 -18.259886 -6.393530 -12.556969 -20.147934 -13.382839 13.535011 -4.321653 13.329477 12.356460 -1.357605 -3.778045 19.071331 5.528829 15.471110 2.359071 -6.376083 -16.526098 -2.743298 15.454083 16.476227 -22.217691 -20.045830 -24.965349 1.707558 5.667077 -2.936737 -0.792822
-1.099362 -15.446350 18.040079 -18.281017 -6.441734 -13.016329 -20.445992 -13.197973 13.373205 -4.404531 13.000937 12.388859 -1.539355 -3.747788 19.175480 5.038689 15.356066 2.598171 -6.250721 -16.707397 -3.116652 15.296390 16.159266 -22.285330 -20.098179 -24.797194 1.643574 5.928390 -2.221601 -0.949261
-0.684758 -15.434343 17.735119 -18.211790 -6.512365 -13.323042 -20.683830 -13.096275 13.229383 -4.349824 12.627093 12.406600 -1.797186 -3.729875 19.179569 4.491367 15.339224 2.763407 -6.249571 -16.858643 -3.245355 15.093513 15.716736 -22.614408 -20.088844 -24.613403 1.540750 6.308086 -1.333229 -1.181169
-0.002028 -15.495511 16.940315 -18.232658 -6.462385 -13.818201 -20.955448 -12.846107 13.165518 -4.322233 12.026649 12.455997 -2.089205 -3.633102 19.357258 3.869004 14.915593 3.248797 -6.128157 -17.162407 -3.617201 14.756038 15.279305 -22.834398 -20.051025 -24.439720 1.331166 6.770476 0.016631 -1.440993
0.564703 -15.589431 16.288692 -18.408169 -6.361213 -14.375845 -21.070141 -12.484993 13.164066 -4.476558 11.334604 12.551663 -2.325808 -3.513008 19.645809 3.163267 14.378613 3.741573 -5.999815 -17.409248 -4.046691 14.551397 15.035766 -22.870470 -20.049870 -24.548985 0.955783 7.068199 1.025966 -1.625992
1.244389 -15.631883 15.661542 -18.474022 -6.307203 -14.836797 -21.373600 -12.331114 13.062380 -4.353748 10.428275 12.457821 -2.288009 -3.682151 19.850576 2.403485 13.484049 4.746604 -5.863624 -17.536963 -4.656516 14.162343 14.525209 -23.047031 -20.158749 -24.653137 0.573974 7.338100 2.377582 -1.767209
2.140744 -15.558184 14.928792 -18.440529 -6.366994 -15.493656 -21.756384 -11.985465 12.874804 -4.322195 9.694277 12.603265 -2.419832 -3.721631 20.033409 1.954440 12.848767 5.378930 -5.756124 -17.817160 -5.112331 13.805027 13.752806 -23.215731 -20.228378 -25.059212 -0.009650 7.847665 3.394682 -2.019329
3.200964 -15.499180 13.824887 -18.586235 -6.213163 -16.311621 -21.881374 -11.350939 12.891558 -4.445509 9.089540 12.415450 -2.523856 -3.817893 20.123819 1.264789 12.275982 6.026771 -5.663383 -17.965761 -5.648229 13.129230 12.480047 -23.199120 -20.265228 -25.800816 -0.791303 8.619732 4.208674 -2.230794
4.365673 -15.411436 12.801579 -18.458300 -6.283387 -17.106544 -22.338001 -10.927176 12.723787 -4.414158 8.231713 12.217572 -3.007617 -3.749204 20.251507 0.172175 11.840720 6.495614 -5.497921 -18.417624 -6.223800 12.438485 11.499058 -23.275560 -20.314335 -26.425385 -1.550752 9.168687 4.977340 -2.492923
5.071646 -15.433575 12.121849 -18.546379 -6.187541 -17.585022 -22.521799 -10.669096 12.714275 -4.372413 7.781145 12.195045 -3.245023 -3.615482 20.222263 -0.158904 11.542004 6.829076 -5.605858 -18.618475 -7.185129 11.848108 10.712609 -23.115938 -20.502159 -27.364357 -2.487823 9.450635 5.234694 -2.598054
5.545713 -15.485698 11.541430 -18.731800 -6.094666 -18.072557 -22.775652 -10.442963 12.637644 -4.375763 6.856757 12.073085 -3.649081 -3.619603 20.224003 -0.949717 11.220668 7.170153 -5.551042 -18.884443 -8.216482 11.339089 9.948997 -22.946117 -20.550953 -28.194878 -3.534506 9.992261 5.547177 -2.958985
5.899123 -15.326415 11.089289 -18.567492 -6.359936 -18.433962 -23.233540 -10.348186 12.367958 -4.377491 6.100594 12.038089 -4.034997 -3.545595 20.234993 -1.714299 10.968808 7.503433 -5.621996 -19.110132 -9.026066 11.137261 9.350115 -22.936127 -20.690029 -28.920305 -4.399745 10.368637 5.986612 -3.255663
6.170832 -15.175653 10.456657 -18.449930 -6.581938 -18.740395 -23.745985 -10.299299 12.135321 -4.361899 5.424504 12.181022 -4.173939 -3.454753 20.338310 -2.100754 10.505294 7.921772 -5.722299 -19.220079 -9.380383 10.925467 8.444894 -22.849054 -20.813927 -29.312473 -4.703996 10.869946 6.745271 -3.273386
6.933475 -15.060072 9.416190 -18.708485 -6.456138 -19.534883 -23.804852 -9.588255 12.177706 -4.618886 4.774254 12.080668 -4.349116 -3.452620 20.311613 -2.588256 10.134491 8.289182 -5.806054 -19.330839 -9.475414 10.719171 7.456715 -22.843512 -20.811180 -29.623199 -5.008185 11.557266 7.255117 -3.458860
7.308885 -14.895818 8.867990 -18.619003 -6.536170 -19.809855 -24.011135 -9.396378 12.074553 -4.584613 4.110996 12.038390 -4.446867 -3.535319 20.327585 -3.003178 9.834648 8.578586 -5.849150 -19.295073 -9.800558 10.657291 7.105960 -22.684389 -20.857145 -29.740866 -5.107592 11.794121 7.799874 -3.424669
7.693224 -14.746332 8.584595 -18.494308 -6.620930 -20.009327 -24.154118 -9.277164 11.977728 -4.506046 3.880649 12.034839 -4.553514 -3.565829 20.339630 -3.270418 9.798968 8.637118 -5.852580 -19.328737 -10.068067 10.591098 6.790108 -22.608202 -20.902437 -29.861057 -5.224945 12.026639 8.184999 -3.448734
7.707959 -14.734288 8.368103 -18.649588 -6.526730 -20.132740 -24.058815 -9.101515 12.022848 -4.604587 3.857291 11.974656 -4.685420 -3.541682 20.291264 -3.391631 9.959022 8.461319 -5.926459 -19.262499 -10.370413 10.441930 6.515394 -22.591413 -20.929558 -29.913639 -5.360694 12.223291 8.478330 -3.530344
7.660607 -14.726881 8.367804 -18.652815 -6.560081 -20.131582 -24.103222 -9.120537 11.996630 -4.611145 3.826716 11.968626 -4.726780 -3.517663 20.291328 -3.442369 9.961387 8.450131 -5.933575 -19.280945 -10.407851 10.456198 6.478823 -22.555605 -20.953590 -29.968525 -5.379133 12.248552 8.521621 -3.507106
7.647423 -14.792516 8.213083 -18.920349 -6.404491 -20.326643 -23.936148 -8.847178 12.113007 -4.824216 3.640499 12.102567 -4.732837 -3.475766 20.381258 -3.391488 9.743071 8.558552 -5.885299 -19.365803 -10.613532 10.663057 6.554125 -22.594475 -21.037365 -29.959040 -5.436959 12.218560 8.705445 -3.559943
7.685208 -14.897051 8.085327 -19.469591 -6.037299 -20.739817 -23.416519 -8.222301 12.362692 -5.228776 3.067253 12.282456 -4.617194 -3.496616 20.503559 -3.231577 9.077755 8.996971 -5.818541 -19.440617 -10.944949 10.870589 7.082288 -22.673084 -21.088800 -29.728859 -5.431734 11.953197 9.183205 -3.617569
7.570210 -14.978795 7.865620 -19.969646 -5.676944 -21.013868 -22.815121 -7.626778 12.672495 -5.668464 2.426196 12.383934 -4.228435 -3.608223 20.698093 -2.950990 7.977023 9.889485 -5.692986 -19.507299 -11.437938 10.513900 7.913333 -22.840721 -21.024048 -29.249136 -5.400319 11.487792 9.902188 -3.724964
7.642388 -14.855558 7.459285 -20.482109 -5.276629 -21.296965 -22.034733 -6.840725 13.017981 -6.083117 1.785395 12.547337 -3.966440 -3.686515 20.932634 -2.636288 7.047510 10.472213 -5.610868 -19.397114 -12.415421 9.651190 8.430578 -23.317080 -21.023739 -28.859539 -5.611803 11.205246 11.267159 -3.962350
8.035570 -14.421892 7.221953 -20.255199 -5.235162 -21.345205 -21.471561 -6.358086 13.111693 -6.150422 1.610267 12.217639 -3.410434 -4.001104 21.051880 -2.405976 6.065819 11.033242 -5.406701 -19.365654 -12.743123 7.761006 7.808919 -23.365564 -20.601465 -27.812325 -4.879314 11.598776 13.154137 -3.673651
8.565502 -14.005138 7.345854 -20.459253 -4.873195 -21.666830 -20.182713 -5.331698 13.426435 -6.445876 1.700302 11.712369 -2.427475 -4.544510 21.204416 -2.379566 5.012872 11.846660 -5.158243 -19.002111 -11.816289 6.998700 7.850512 -24.139494 -20.215158 -25.393400 -3.035044 11.715561 15.855964 -3.462620
8.904919 -13.734900 7.610770 -20.391438 -4.689278 -21.717257 -19.333179 -4.818186 13.635706 -6.445325 1.781175 11.413337 -1.346715 -5.066557 21.343279 -2.104874 4.126892 12.584147 -5.220892 -18.309961 -10.480128 6.807567 7.716182 -24.558649 -19.764027 -23.252161 -1.176208 12.183609 17.331614 -3.385288
9.244682 -13.920938 7.814879 -20.843489 -4.093904 -21.651192 -18.512278 -4.539701 14.184780 -6.328518 2.461981 10.784256 -0.750048 -5.629166 21.138279 -2.270834 4.218347 12.582812 -5.156152 -17.973314 -9.548137 6.241326 8.759039 -25.217690 -19.027435 -21.290535 0.075928 12.294492 19.854498 -3.539098
9.571144 -13.587479 7.499247 -20.797291 -3.782472 -21.288427 -17.780649 -4.322536 14.603167 -6.020740 3.651768 10.145679 0.264083 -6.096206 20.906067 -1.852990 4.031897 12.900733 -5.230917 -17.632605 -9.081675 5.790167 10.203421 -26.240904 -18.647957 -19.225452 1.361583 11.620281 20.772081 -3.729810
9.662745 -13.364016 7.037154 -20.954962 -3.328404 -21.063684 -16.776451 -3.726555 15.256385 -6.057117 4.629322 9.338256 1.464041 -6.653022 20.633522 -1.286364 3.593719 13.504833 -5.368029 -16.963865 -8.773132 4.417129 10.878025 -26.667444 -17.954014 -17.799915 2.034677 11.319856 20.961912 -3.805221
9.198723 -13.141476 6.582692 -21.378700 -2.615401 -20.408766 -15.532578 -3.299227 16.111502 -6.045451 5.620752 8.648464 2.433372 -7.205739 20.500605 -1.227208 3.305239 13.959392 -5.529135 -16.209543 -8.350453 2.931345 12.284538 -27.123053 -17.361568 -15.988073 3.174836 10.396698 21.523581 -3.522414
8.529699 -12.771761 6.544973 -21.786247 -2.300674 -19.906580 -14.488592 -2.815339 16.730810 -6.423305 6.472323 8.280477 3.307078 -7.635512 20.022322 -0.356250 3.435703 14.033260 -5.997941 -15.453782 -7.874402 1.516479 13.882008 -27.607401 -16.871969 -14.399729 4.302547 9.215770 21.731344 -3.060348
7.719012 -12.548107 7.568262 -22.092657 -2.102476 -19.366428 -13.457659 -2.587268 17.149855 -6.654332 7.264459 7.900444 4.310462 -8.163713 19.656736 0.236425 3.179071 14.371465 -6.237988 -14.963150 -6.400914 1.271360 15.130402 -28.492195 -16.230312 -12.986351 5.249986 8.875364 22.522530 -3.143154
7.407852 -12.420559 8.436505 -22.127661 -2.065984 -19.072123 -12.728118 -2.379005 17.426077 -6.866004 8.132746 7.561713 5.194301 -8.690336 19.181585 0.558424 3.547271 14.314948 -6.561345 -14.314394 -5.591273 0.873839 17.149635 -29.117689 -15.664565 -11.597432 6.262457 7.987772 22.692268 -3.052636
7.425676 -12.240726 9.151575 -22.233433 -1.921472 -18.852411 -11.837440 -1.939598 17.620707 -6.891104 8.680661 7.390675 5.935169 -9.211954 18.821922 0.840858 3.816256 14.069179 -6.706040 -13.750613 -4.988893 1.271954 18.385059 -29.046759 -15.287254 -10.392428 7.328846 7.652497 23.385202 -2.797408
7.631097 -12.046511 9.600145 -22.055420 -1.929796 -18.653704 -11.318694 -1.729734 17.700434 -6.695740 8.806711 7.152553 6.326195 -9.647257 18.565104 1.122012 3.758187 14.325767 -6.797173 -13.454993 -4.688472 0.710790 18.495619 -29.165234 -15.013285 -9.519931 8.163812 7.706571 24.973467 -2.415311
8.212563 -11.746527 9.736517 -21.742880 -1.676342 -18.310823 -10.404834 -1.346970 18.037807 -6.363824 8.418522 7.064692 6.523047 -9.926132 18.442280 1.175216 3.931374 14.120498 -6.836057 -13.043211 -4.476435 0.449151 18.956305 -29.104706 -14.874802 -8.594627 9.133462 7.424449 25.852961 -1.946631
8.545706 -11.805334 9.712135 -21.689960 -1.331523 -18.092405 -10.039721 -1.373762 18.279131 -6.071078 8.565856 6.925562 7.165061 -10.368409 18.078716 1.371150 3.988577 14.183960 -7.231866 -12.371169 -4.382308 0.588475 19.041796 -29.244202 -15.007433 -8.187295 9.757157 7.171203 25.951777 -1.528752
8.626315 -11.597622 9.686152 -21.631260 -1.240323 -17.799898 -9.754794 -1.361151 18.382200 -5.797444 8.516209 6.885118 7.485306 -10.640227 17.966789 1.299693 4.040669 14.203988 -7.402741 -11.968459 -4.339724 0.335347 19.013666 -29.392057 -14.976670 -7.752264 10.179719 7.111687 26.305223 -1.320825
8.703934 -11.513828 9.735935 -21.539642 -1.213352 -17.610155 -9.687288 -1.467959 18.370649 -5.532792 8.551993 6.926416 7.381138 -10.615822 17.976109 1.108423 4.221273 14.079188 -7.380935 -12.000162 -4.304988 0.206631 18.977066 -29.396765 -14.922970 -7.580292 10.377366 7.138812 26.318613 -1.230624
8.712204 -11.570208 9.811595 -21.613472 -1.219405 -17.705515 -9.716677 -1.434498 18.345001 -5.575053 8.513450 6.949103 7.442480 -10.645021 17.992935 1.172171 4.146104 14.121305 -7.379241 -11.994129 -4.298472 0.235095 18.948809 -29.562258 -14.988154 -7.468934 10.437194 7.085179 26.381882 -1.260740
8.530449 -11.745194 9.950006 -21.698677 -1.152153 -17.629946 -9.697346 -1.539959 18.423201 -5.641831 8.570774 6.996041 7.573160 -10.630794 18.006857 1.470882 4.083197 14.141299 -7.411169 -11.909472 -4.340422 0.511526 18.810562 -29.716833 -15.208146 -7.581805 10.376493 6.960041 26.139185 -1.268720
8.501144 -11.926975 10.150339 -21.686836 -1.094656 -17.487171 -9.757569 -1.791975 18.433527 -5.485393 8.520237 7.141950 7.429675 -10.585261 18.065754 1.560154 4.243579 13.963710 -7.341605 -12.023944 -4.507851 0.632706 18.497622 -30.120810 -15.544007 -7.519534 10.442605 6.796449 25.921867 -1.279372
8.435297 -12.054339 10.164911 -21.689863 -0.907336 -17.267246 -9.532196 -1.879112 18.651245 -5.478163 8.815473 7.338808 7.467515 -10.435938 18.180923 1.881896 4.370300 13.709052 -7.312063 -11.988914 -4.299871 1.009570 18.381811 -30.544167 -15.874211 -7.243095 10.759220 6.500992 25.516451 -1.235502
8.336489 -12.166651 10.127729 -21.735733 -0.682600 -17.070261 -9.220363 -1.873522 18.958235 -5.587929 8.785128 7.534796 7.401115 -10.232843 18.251106 2.525182 4.006099 13.892951 -7.256023 -12.310909 -4.044487 1.395243 18.010038 -30.731756 -16.191597 -7.190346 10.987480 6.370438 24.951445 -1.157344
8.553672 -12.516915 10.461222 -21.404858 -0.546972 -16.710222 -9.393272 -2.536325 19.021664 -5.256888 9.106493 7.624920 7.630975 -10.118038 18.221409 3.124929 3.847793 13.976126 -7.351058 -12.214711 -3.999692 1.399789 17.834810 -31.271788 -16.545181 -6.949929 11.207578 5.936285 24.270224 -1.141181
8.596984 -12.745697 10.917715 -21.283415 -0.372563 -16.413908 -9.180318 -2.824650 19.258158 -5.172940 9.426442 7.755768 7.566001 -9.996241 18.258450 3.564717 4.130245 13.632054 -7.297534 -12.163363 -4.080773 1.434376 17.819395 -32.005424 -16.995090 -6.458403 11.741221 5.035057 22.906370 -0.877618
8.148038 -13.015375 11.295080 -21.032047 -0.174386 -15.792698 -8.965923 -3.405078 19.635061 -5.226609 9.544973 7.986540 7.755428 -9.983296 18.415512 4.275454 3.980534 13.560369 -7.210335 -12.131934 -3.614450 1.058821 17.793339 -32.937325 -17.185089 -5.966015 12.186622 4.364897 21.603479 -0.853991
8.115429 -13.211136 11.984199 -20.663664 0.008091 -15.160243 -8.571308 -3.920309 19.967762 -4.985887 9.626110 8.022044 8.034693 -10.001438 18.450603 5.046496 3.754979 13.621202 -7.308245 -11.805622 -3.467746 1.120052 17.411283 -33.774429 -17.716022 -5.738400 12.521180 3.658339 20.373058 -0.750704
7.920265 -13.431179 12.516428 -20.694992 0.253684 -14.716790 -8.195573 -4.195597 20.254129 -4.870063 9.568662 8.377092 8.292071 -9.790164 18.926260 5.983560 3.451145 13.317063 -7.184651 -11.520947 -2.801854 1.445602 17.092333 -34.486691 -18.264561 -5.634982 13.061141 2.810998 18.648775 -0.434116
7.296318 -13.686599 13.482410 -20.353794 0.367681 -14.008656 -7.844364 -4.785868 20.590611 -4.905772 9.551125 8.619514 8.395951 -9.649727 19.165222 6.968719 3.234082 13.216529 -7.125179 -11.391583 -2.083475 2.048568 16.969397 -34.834541 -18.694921 -5.940762 13.272972 2.009741 16.964762 -0.045843
7.323215 -13.723722 14.200504 -19.819750 0.362876 -13.741755 -7.442401 -4.922351 20.830202 -5.091756 9.078276 8.806037 8.293081 -9.656713 19.469957 7.557347 3.208747 12.791685 -6.833277 -11.284077 -0.911429 2.751502 16.439835 -35.470879 -19.138472 -6.265345 13.549702 1.368167 15.174634 0.317414
6.617095 -13.869635 15.123935 -19.679073 0.300811 -13.378614 -7.346103 -5.324304 20.826935 -5.228755 9.167367 8.837737 8.594669 -9.686743 19.422544 8.418747 3.098221 12.735065 -6.852184 -11.045140 0.216428 3.249624 15.985320 -35.983448 -19.448385 -6.609896 13.781808 0.954066 13.994283 0.654298
6.532700 -14.033655 15.594897 -19.316492 0.546772 -12.919173 -6.877026 -5.585299 21.255350 -5.259035 9.444279 8.882506 8.969421 -9.683358 19.359213 9.526778 3.033548 12.707773 -6.892630 -10.731314 1.752913 3.586604 15.778500 -36.542610 -19.585072 -6.801522 14.102463 0.506838 13.023145 0.947514
6.032048 -14.363090 16.176678 -19.218502 0.881416 -12.455687 -6.293200 -5.788323 21.765362 -5.579029 9.578234 9.245847 8.904243 -9.594770 19.496527 10.517685 3.291400 12.274772 -6.672769 -10.860087 2.893978 4.185438 15.074095 -37.221046 -19.967270 -6.916726 14.453600 0.332686 12.188519 1.042126
5.603596 -14.400385 16.521729 -19.000830 0.912794 -12.129711 -6.098191 -5.999811 21.939077 -5.717036 9.675051 9.228647 9.104079 -9.679028 19.506355 11.248212 3.225747 12.180566 -6.738525 -10.528736 3.837412 4.458234 14.512568 -37.512749 -20.276970 -7.113564 14.846770 0.057881 11.335221 1.384896
5.359924 -14.363167 16.903519 -18.593378 0.876602 -11.777582 -5.878944 -6.209852 22.093777 -5.812310 9.737083 9.100686 9.310067 -9.763098 19.555344 11.902208 2.941158 12.472899 -6.598132 -10.404394 4.689791 4.904132 14.319300 -37.566120 -20.364622 -7.362264 14.999499 -0.098120 10.315836 1.554765
5.071783 -14.305818 17.260162 -18.356291 0.854304 -11.504858 -5.665143 -6.341366 22.201206 -5.918284 9.704628 9.199303 9.314676 -9.747262 19.583464 12.428082 3.011310 12.327603 -6.564942 -10.360457 5.360898 5.266064 14.035487 -37.591640 -20.405252 -7.592836 15.109843 -0.102313 9.586883 1.734143
4.967849 -14.317015 17.291534 -18.255466 1.155306 -11.046991 -5.241663 -6.507878 22.537214 -5.782263 9.724171 9.192269 9.279802 -9.698236 19.599646 12.754378 2.918279 12.342046 -6.551373 -10.400764 5.841578 5.414662 13.936890 -37.616261 -20.379841 -7.746358 15.198028 -0.117966 8.961469 1.827751
5.019742 -14.278074 17.424997 -18.050547 1.082890 -10.975212 -5.258994 -6.611650 22.506231 -5.755454 9.784060 9.209482 9.200379 -9.612008 19.494001 12.917972 3.065249 12.260276 -6.598155 -10.490234 5.990547 5.487125 13.848581 -37.637688 -20.405418 -7.765930 15.276118 -0.111547 8.907782 1.897656
5.019742 -14.278074 17.424997 -18.050547 1.082890 -10.975212 -5.258994 -6.611650 22.506231 -5.755454 9.784060 9.209482 9.200379 -9.612008 19.494001 12.917972 3.065249 12.260276 -6.598155 -10.490234 5.990364 5.486917 13.848905 -37.638062 -20.405239 -7.765946 15.276159 -0.111501 8.907806 1.897743
5.021463 -14.277091 17.425411 -18.051924 1.083034 -10.974758 -5.259637 -6.612994 22.506550 -5.757629 9.784060 9.209482 9.200379 -9.612008 19.494001 12.917972 3.065249 12.260276 -6.598155 -10.490234 5.990364 5.486917 13.848905 -37.638062 -20.405239 -7.765946 15.276159 -0.111501 8.907806 1.897743
5.021463 -14.277091 17.425411 -18.051924 1.083034 -10.974758 -5.259637 -6.612994 22.506550 -5.757629 9.784060 9.209482 9.200379 -9.612008 19.494001 12.917972 3.065249 12.260276 -6.598155 -10.490234 5.990457 5.486386 13.848799 -37.637268 -20.406040 -7.765976 15.276113 -0.112264 8.908086 1.897276
5.021652 -14.277016 17.425743 -18.051388 1.082936 -10.974594 -5.259452 -6.613038 22.506330 -5.756855 9.784512 9.209557 9.199800 -9.612555 19.494459 12.917953 3.064817 12.260125 -6.598371 -10.490436 5.990442 5.486522 13.848722 -37.637440 -20.405899 -7.766167 15.276033 -0.112139 8.907963 1.897501
5.022892 -14.276325 17.426514 -18.051138 1.082906 -10.974042 -5.259490 -6.614039 22.506350 -5.757499 9.782732 9.209157 9.201782 -9.610449 19.493027 12.917878 3.066974 12.261144 -6.597496 -10.489787 5.990477 5.487157 13.847926 -37.637142 -20.406212 -7.766698 15.275563 -0.112319 8.907713 1.897648
5.022892 -14.276325 17.426514 -18.051138 1.082906 -10.974042 -5.259490 -6.614039 22.506350 -5.757499 9.782732 9.209157 9.201782 -9.610449 19.493027 12.917878 3.066974 12.261144 -6.597496 -10.489787 5.990293 5.486948 13.848248 -37.637508 -20.406033 -7.766712 15.275601 -0.112274 8.907739 1.897732
5.023266 -14.276269 17.426540 -18.052685 1.082999 -10.973940 -5.259864 -6.614277 22.506308 -5.758193 9.781528 9.209077 9.202991 -9.608908 19.492100 12.917670 3.068104 12.261651 -6.597006 -10.489427 5.990293 5.486948 13.848248 -37.637508 -20.406033 -7.766712 15.275601 -0.112274 8.907739 1.897732
5.023560 -14.276123 17.426540 -18.052774 1.082999 -10.973890 -5.259986 -6.614511 22.506445 -5.758727 9.781555 9.209187 9.202950 -9.608969 19.492142 12.917678 3.068073 12.261607 -6.597044 -10.489459 5.990293 5.486948 13.848248 -37.637508 -20.406033 -7.766712 15.275601 -0.112274 8.907739 1.897732
5.023560 -14.276123 17.426540 -18.052774 1.082999 -10.973890 -5.259986 -6.614511 22.506445 -5.758727 9.781889 9.209676 9.202003 -9.609732 19.492695 12.917830 3.067503 12.261446 -6.597484 -10.489664 5.990225 5.486954 13.848229 -37.638077 -20.405724 -7.766730 15.275919 -0.111900 8.908254 1.898086
5.023758 -14.275928 17.426601 -18.052608 1.082995 -10.973873 -5.259998 -6.614691 22.506590 -5.758956 9.781889 9.209676 9.202003 -9.609732 19.492695 12.917830 3.067503 12.261446 -6.597484 -10.489664 5.990269 5.487261 13.847872 -37.638260 -20.405676 -7.766864 15.276013 -0.111652 8.908584 1.898362
5.022646 -14.276457 17.425842 -18.050426 1.082852 -10.974541 -5.259633 -6.613925 22.507204 -5.759097 9.782386 9.209796 9.201726 -9.610174 19.492910 12.917855 3.067303 12.261230 -6.597703 -10.489790 5.990252 5.487454 13.848179 -37.638687 -20.405384 -7.766996 15.275960 -0.111419 8.908648 1.898488
5.022646 -14.276457 17.425842 -18.050426 1.082852 -10.974541 -5.259633 -6.613925 22.507204 -5.759097 9.784379 9.210111 9.200168 -9.612472 19.493885 12.918063 3.066009 12.260725 -6.598807 -10.490026 5.990304 5.486837 13.848292 -37.638641 -20.405687 -7.766956 15.275901 -0.111960 8.908914 1.898287
5.022646 -14.276457 17.425842 -18.050426 1.082852 -10.974541 -5.259633 -6.613925 22.507204 -5.759097 9.784379 9.210111 9.200168 -9.612472 19.493885 12.918063 3.066009 12.260725 -6.598807 -10.490026 5.990624 5.486876 13.847626 -37.637409 -20.406448 -7.766873 15.275753 -0.112475 8.908916 1.897784
5.022646 -14.276457 17.425842 -18.050426 1.082852 -10.974541 -5.259633 -6.613925 22.507204 -5.759097 9.784379 9.210111 9.200168 -9.612472 19.493885 12.918063 3.066009 12.260725 -6.598807 -10.490026 5.990316 5.486360 13.848185 -37.638096 -20.406101 -7.766802 15.275874 -0.112372 8.908785 1.897737
4.656494 -14.474796 17.305706 -17.159603 0.815570 -11.296008 -5.340458 -6.481031 22.764040 -6.456281 9.637829 8.819293 8.938583 -9.105680 19.714142 13.494626 2.652539 12.424705 -5.771193 -11.190885 6.758026 5.993899 14.458096 -38.212975 -19.475121 -7.974755 15.264436 0.563709 9.400658 2.386786
4.656494 -14.474796 17.305706 -17.159603 0.815570 -11.296008 -5.340458 -6.481031 22.764040 -6.456281 9.637829 8.819293 8.938583 -9.105680 19.714142 13.494626 2.652539 12.424705 -5.771193 -11.190885 6.758026 5.993899 14.458096 -38.212975 -19.475121 -7.974755 15.264436 0.563709 9.400658 2.386786
4.656494 -14.474796 17.305706 -17.159603 0.815570 -11.296008 -5.340458 -6.481031 22.764040 -6.456281 9.637829 8.819293 8.938583 -9.105680 19.714142 13.494626 2.652539 12.424705 -5.771193 -11.190885 6.758026 5.993899 14.458096 -38.212975 -19.475121 -7.974755 15.264436 0.563709 9.400658 2.386786
4.656494 -14.474796 17.305706 -17.159603 0.815570 -11.296008 -5.340458 -6.481031 22.764040 -6.456281 9.637829 8.819293 8.938583 -9.105680 19.714142 13.494626 2.652539 12.424705 -5.771193 -11.190885 6.758026 5.993899 14.458096 -38.212975 -19.475121 -7.974755 15.264436 0.563709 9.400658 2.386786
4.656494 -14.474796 17.305706 -17.159603 0.815570 -11.296008 -5.340458 -6.481031 22.764040 -6.456281 9.637829 8.819293 8.938583 -9.105680 19.714142 13.494626 2.652539 12.424705 -5.771193 -11.190885 6.758026 5.993899 14.458096 -38.212975 -19.475121 -7.974755 15.264436 0.563709 9.400658 2.386786
5.032027 -14.284443 17.395626 -18.051306 1.057728 -11.019778 -5.315760 -6.621822 22.536448 -5.898185 9.702055 9.153460 9.185678 -9.481281 19.512081 12.928809 3.034802 12.280253 -6.492959 -10.566246 6.272903 5.619318 13.982871 -37.738167 -20.210606 -7.650187 15.408126 0.042198 9.136598 1.985467
5.093652 -14.262630 17.366266 -18.021389 1.103953 -10.964569 -5.270750 -6.656523 22.568771 -5.845922 9.735402 9.205849 9.158130 -9.579821 19.500492 12.912620 3.048148 12.270228 -6.585533 -10.523905 6.121884 5.431215 13.890661 -37.602459 -20.390739 -7.692502 15.332652 -0.138612 9.002231 1.901780
5.033504 -14.264850 17.413982 -18.047855 1.086377 -10.977192 -5.262615 -6.617424 22.510777 -5.762170 9.746716 9.215288 9.256131 -9.562443 19.420677 12.902457 3.130013 12.278197 -6.605473 -10.469964 6.028879 5.510695 13.872271 -37.637241 -20.359154 -7.769195 15.280574 -0.078995 8.848769 1.929035
5.027405 -14.278645 17.416265 -18.059883 1.090462 -10.969658 -5.257825 -6.617068 22.514719 -5.763133 9.786495 9.212693 9.199537 -9.617004 19.491058 12.914223 3.067024 12.261849 -6.604627 -10.490030 6.024628 5.496136 13.868877 -37.647907 -20.381834 -7.758387 15.285213 -0.099207 8.929814 1.908417
5.021329 -14.281874 17.417564 -18.064810 1.090096 -10.969691 -5.257764 -6.614245 22.511662 -5.755249 9.778999 9.209781 9.204165 -9.606300 19.488668 12.914711 3.070851 12.264051 -6.598804 -10.488800 6.023034 5.503693 13.869228 -37.649380 -20.381170 -7.759569 15.285280 -0.095718 8.932591 1.912695
5.022009 -14.281153 17.417683 -18.064129 1.090261 -10.969599 -5.257769 -6.614814 22.512053 -5.755425 9.778263 9.207828 9.207381 -9.603567 19.487904 12.914344 3.072080 12.263415 -6.596366 -10.488376 6.022985 5.504644 13.867882 -37.649479 -20.381142 -7.760811 15.285125 -0.094932 8.932844 1.914135
5.029601 -14.275259 17.427656 -18.059280 1.088362 -10.967262 -5.255656 -6.618439 22.508360 -5.751391 9.777348 9.209110 9.211565 -9.604498 19.486015 12.911714 3.075115 12.262622 -6.595957 -10.486164 5.989480 5.493457 13.848762 -37.639851 -20.403015 -7.770705 15.275378 -0.107092 8.907255 1.904240
5.022627 -14.276284 17.431192 -18.068130 1.084253 -10.972379 -5.259788 -6.613503 22.501926 -5.752600 9.773083 9.208669 9.208955 -9.602598 19.489769 12.914906 3.072572 12.263135 -6.593404 -10.486311 5.985404 5.502997 13.855205 -37.651413 -20.393812 -7.773674 15.274236 -0.098977 8.907758 1.913656
5.022627 -14.276284 17.431192 -18.068130 1.084253 -10.972379 -5.259788 -6.613503 22.501926 -5.752600 9.773083 9.208669 9.208955 -9.602598 19.489769 12.914906 3.072572 12.263135 -6.593404 -10.486311 5.985328 5.503141 13.855652 -37.651772 -20.393385 -7.773355 15.274301 -0.098536 8.907744 1.913462
5.011223 -14.282055 17.425625 -18.047903 1.082911 -10.974607 -5.253200 -6.603737 22.501286 -5.733172 9.786033 9.204741 9.204715 -9.609518 19.490808 12.917156 3.067852 12.265331 -6.595833 -10.488753 6.001827 5.513159 13.807995 -37.586842 -20.434853 -7.770369 15.277965 -0.117812 8.916817 1.907478
5.013437 -14.279949 17.424618 -18.047266 1.082612 -10.976566 -5.256156 -6.606849 22.504406 -5.746363 9.783426 9.208467 9.204582 -9.607622 19.485657 12.918533 3.070039 12.269467 -6.598127 -10.489509 5.992002 5.481995 13.848379 -37.635574 -20.407806 -7.764502 15.277543 -0.113178 8.909355 1.896375
5.016774 -14.277940 17.426241 -18.043972 1.082316 -10.975786 -5.256015 -6.609465 22.505995 -5.750522 9.777535 9.207584 9.207956 -9.601697 19.485119 12.918262 3.072008 12.269010 -6.594383 -10.489461 5.991525 5.485701 13.847526 -37.630398 -20.408783 -7.765292 15.276955 -0.112780 8.908413 1.897425
5.015325 -14.278872 17.425655 -18.043312 1.082253 -10.976465 -5.255842 -6.608452 22.506010 -5.749772 9.777078 9.207482 9.208490 -9.601063 19.484451 12.918109 3.072589 12.269464 -6.594280 -10.489320 5.992006 5.483758 13.848721 -37.629532 -20.409916 -7.764244 15.276565 -0.115311 8.908647 1.895794
5.016096 -14.278304 17.426208 -18.043751 1.082391 -10.976082 -5.255824 -6.608977 22.505840 -5.749680 9.777826 9.207324 9.207671 -9.601991 19.485296 12.918284 3.071770 12.269170 -6.594417 -10.489540 5.991821 5.482467 13.848051 -37.631874 -20.409897 -7.765006 15.276440 -0.115216 8.909342 1.895986
5.016129 -14.278419 17.426422 -18.043400 1.082346 -10.975843 -5.255640 -6.608946 22.505440 -5.748749 9.779571 9.207666 9.206120 -9.604235 19.486080 12.918306 3.070661 12.268721 -6.595570 -10.489876 5.991684 5.482539 13.848060 -37.632812 -20.409344 -7.764709 15.276608 -0.114510 8.909647 1.895953
5.014094 -14.279787 17.426109 -18.051901 1.082474 -10.975471 -5.256431 -6.606885 22.502615 -5.745421 9.787062 9.208302 9.200651 -9.611769 19.489552 12.918809 3.066190 12.267327 -6.598711 -10.490696 5.991548 5.490450 13.843700 -37.634651 -20.409790 -7.768711 15.279405 -0.110819 8.916276 1.906538
5.014222 -14.279893 17.426533 -18.051142 1.082155 -10.975092 -5.255581 -6.606337 22.501932 -5.744065 9.787251 9.207649 9.200222 -9.612655 19.490211 12.919248 3.065190 12.267201 -6.598667 -10.490479 6.000542 5.497951 13.820835 -37.590324 -20.434376 -7.764377 15.277448 -0.126382 8.914392 1.896497
5.013319 -14.280329 17.426083 -18.049614 1.082052 -10.975610 -5.255274 -6.605747 22.502340 -5.743843 9.787269 9.207660 9.200196 -9.612703 19.490231 12.919253 3.065166 12.267182 -6.598689 -10.490484 6.000703 5.497671 13.820852 -37.589966 -20.434544 -7.764107 15.277389 -0.126655 8.914220 1.895884
5.014534 -14.279828 17.427591 -18.048710 1.081993 -10.975252 -5.255712 -6.607311 22.502607 -5.744466 9.784474 9.207648 9.201400 -9.609482 19.490372 12.918884 3.066116 12.266227 -6.596731 -10.491150 5.992071 5.494287 13.841732 -37.627720 -20.413113 -7.769713 15.278781 -0.112307 8.918915 1.907396
5.017892 -14.278502 17.428249 -18.050003 1.081898 -10.974400 -5.257036 -6.609866 22.503260 -5.748351 9.782309 9.207559 9.202256 -9.607480 19.490131 12.918938 3.066747 12.266797 -6.595568 -10.490895 5.992207 5.491655 13.842924 -37.629745 -20.412487 -7.768171 15.278618 -0.112821 8.918368 1.905416
5.014986 -14.279874 17.426052 -18.042694 1.081470 -10.976341 -5.255970 -6.608147 22.505573 -5.750244 9.782264 9.207131 9.203528 -9.606133 19.489063 12.918927 3.068040 12.267196 -6.595078 -10.490614 5.992292 5.492767 13.842014 -37.628979 -20.412476 -7.769425 15.278481 -0.112553 8.918227 1.905884
