6.133305 23.823687 0.776863 -5.417953 -15.436426 -15.200871 3.553063 19.001892 8.516553 7.268212 -15.100586 -26.821888 6.878547 -16.715588 2.423945 -14.467697 8.653962 12.677009 -5.360032 -6.524784 -24.419956 -18.887753 8.716730 22.081175 -2.591358 -10.146081 3.277354 33.086998 -11.749424 -18.160749
5.918330 23.640625 0.688656 -5.643044 -15.436601 -15.238001 3.492163 19.048508 8.643709 7.001015 -14.786066 -26.930027 7.029716 -16.857157 2.372561 -14.256498 8.725369 12.530405 -5.372186 -6.563669 -24.276983 -19.026794 9.080446 21.570456 -2.545324 -10.025452 3.258637 32.822231 -11.910440 -18.328796
5.588552 23.422247 0.752725 -5.893648 -15.362045 -15.203473 3.523342 19.047850 8.775423 6.783708 -14.456025 -26.842388 7.155375 -16.953997 2.199769 -14.014501 8.943006 12.356473 -5.408547 -6.609848 -24.087566 -19.073011 9.590666 20.914871 -2.506750 -9.831864 3.204855 32.535526 -12.147505 -18.692657
5.167844 23.204725 0.753227 -6.203465 -15.346591 -15.164862 3.484707 19.042849 8.967833 6.383456 -13.689242 -26.910978 7.381929 -17.256842 2.042024 -13.772566 9.159387 12.233795 -5.542236 -6.640132 -23.578760 -19.206518 9.868368 20.458254 -2.586601 -9.555197 3.267161 32.171501 -12.800483 -19.207815
4.990265 22.977602 0.837057 -6.749222 -15.292447 -15.106014 3.307512 18.881508 9.116610 5.946592 -12.833317 -27.170414 7.697286 -17.560350 2.047559 -13.538074 9.273944 12.016069 -5.654107 -6.553740 -23.197081 -19.511827 10.388092 19.540228 -2.536103 -9.237923 3.207948 31.829464 -13.226237 -19.911211
4.613055 22.633070 0.780967 -7.096924 -15.187992 -15.104130 3.328742 18.861988 9.591484 5.127848 -11.811438 -27.294399 8.180511 -17.843943 1.809487 -13.272941 9.544651 11.765666 -5.938309 -6.371114 -22.659216 -19.695929 11.156151 18.563314 -2.572156 -8.903074 3.213646 31.248234 -13.858430 -20.607233
3.750977 22.224123 0.741430 -7.290180 -15.239576 -14.945802 3.381878 18.917994 9.904272 4.573049 -11.193085 -27.273438 8.448808 -17.894180 1.533943 -13.053571 9.899606 11.560845 -6.029692 -6.437683 -22.274702 -20.154095 11.773654 17.267281 -2.534377 -8.715880 3.104045 30.678802 -14.117595 -21.140619
3.009930 21.637417 0.621117 -7.581459 -15.190323 -14.945685 3.251996 18.891838 10.294384 3.795805 -10.343855 -27.344790 8.770888 -18.091908 1.351817 -12.793330 10.193345 11.211933 -6.177057 -6.579918 -21.806786 -20.268766 12.354851 16.055737 -2.590561 -8.598408 3.060298 30.003311 -14.424424 -21.480524
2.382056 21.361603 0.674255 -7.744074 -15.215760 -14.779030 3.248573 18.768799 10.706560 2.889608 -9.426076 -27.379047 9.255370 -18.186077 1.129375 -12.500613 10.540999 10.860105 -6.449149 -6.347234 -21.350618 -20.611433 13.019828 15.296324 -2.746161 -8.192928 3.091443 29.227325 -14.831843 -22.111990
1.723653 20.937464 0.684921 -8.060122 -15.195454 -14.608231 3.235559 18.702631 10.982050 2.326459 -8.699745 -27.531494 9.634514 -18.329893 0.800810 -12.035881 10.913856 10.474536 -6.726951 -6.245805 -20.860758 -20.727995 13.874496 14.439547 -2.976366 -7.806477 3.255463 28.230656 -15.180364 -22.448050
0.734955 20.730242 0.695739 -8.627445 -15.177051 -14.237659 3.363778 18.695810 11.280827 1.774414 -8.102125 -27.589088 9.870943 -18.501131 0.615654 -11.664652 11.153265 10.090564 -6.902135 -6.275954 -20.555311 -21.216778 15.089808 13.492517 -3.059203 -7.435949 3.286817 27.182205 -15.393920 -22.794531
-0.170767 20.294868 0.698271 -9.000717 -15.119351 -13.989426 3.426753 18.629108 11.728373 0.938680 -7.234545 -27.652908 10.121797 -18.594994 0.341317 -11.274736 11.567369 9.630042 -7.224228 -6.154110 -20.488815 -21.378916 16.317440 12.390551 -2.860819 -7.313638 3.361467 26.508430 -15.409575 -22.590872
-1.015475 19.917448 0.639197 -9.333746 -15.105152 -13.826392 3.451610 18.621048 12.151272 0.213872 -6.729937 -27.803989 10.407063 -18.709736 -0.017493 -10.731030 11.856460 9.196300 -7.555240 -6.109531 -20.132439 -21.088869 16.773636 12.128155 -3.033239 -7.386923 3.513530 25.845291 -16.037970 -22.260584
-1.681529 19.680441 0.523535 -9.474453 -15.129931 -13.545525 3.490509 18.514229 12.549017 -0.428792 -6.392175 -27.819702 10.547879 -18.809547 -0.194316 -10.417392 12.042289 8.829072 -7.683630 -6.235667 -19.846037 -21.492027 17.168093 11.406076 -3.164997 -7.540900 3.527698 25.166803 -16.197294 -22.034212
-2.056498 19.487585 0.463024 -9.472784 -15.158748 -13.345102 3.530150 18.405458 12.899724 -0.989160 -6.080446 -27.845894 10.619143 -18.927385 -0.487562 -9.893142 12.290191 8.346831 -8.007928 -6.162066 -19.366018 -21.818577 17.429516 11.015259 -3.456676 -7.629883 3.624469 24.347744 -16.782421 -21.823278
-2.679112 19.280867 0.370836 -9.716822 -15.234262 -13.183206 3.454527 18.312128 13.223510 -1.695193 -5.666438 -27.874851 10.780116 -18.855700 -0.679447 -9.620614 12.616168 7.936797 -8.222235 -6.122385 -19.050314 -22.104548 17.773319 10.653485 -3.806861 -7.547537 3.684133 23.559761 -17.003071 -21.846792
-3.045726 19.242682 0.463126 -9.650906 -15.342738 -12.903440 3.510220 18.208117 13.336296 -1.819139 -5.461412 -27.884293 10.878041 -18.797283 -0.790427 -9.535724 12.862759 7.601724 -8.327430 -6.082521 -18.920189 -22.255091 18.199545 10.360437 -3.918921 -7.501493 3.696692 23.122313 -17.128305 -21.848879
-3.450333 19.261076 0.510507 -9.587359 -15.452938 -12.640866 3.582355 18.139893 13.458603 -1.956311 -5.439737 -27.884586 10.983930 -18.787910 -0.979102 -9.382359 13.011514 7.459017 -8.458813 -6.056604 -18.737780 -22.242872 18.423235 10.059938 -3.974291 -7.457482 3.805243 22.882488 -17.394573 -21.801718
-3.622916 19.290586 0.766260 -9.476964 -15.492733 -12.391348 3.696293 18.001755 13.482251 -1.924948 -5.517800 -27.857235 10.990371 -18.803406 -1.093214 -9.173524 13.074899 7.334897 -8.526939 -6.062995 -18.638849 -22.215727 18.736822 9.947741 -4.023985 -7.399642 3.837079 22.627449 -17.550089 -21.806196
-3.746894 19.251125 0.790097 -9.502302 -15.512126 -12.328774 3.712430 17.975296 13.546136 -2.028082 -5.420502 -27.864494 11.032789 -18.789225 -1.102075 -9.173139 13.077548 7.336895 -8.551447 -6.041421 -18.580149 -22.289934 18.877367 9.818137 -4.061018 -7.362708 3.838049 22.472687 -17.688509 -21.835941
-3.690431 19.179548 1.719929 -9.176331 -15.529511 -11.967329 4.086272 17.690342 13.560176 -1.833524 -5.991064 -27.622181 11.383128 -18.998329 -1.038256 -8.604119 12.546026 7.239746 -8.545092 -6.105412 -18.563284 -20.809019 19.499784 10.398987 -4.073271 -7.233706 4.066463 22.468864 -18.028336 -21.645329
-2.762710 18.800718 4.484625 -8.095651 -15.369973 -11.198944 5.118309 16.986595 13.015594 -0.004463 -7.271744 -26.986961 12.551561 -19.509911 -1.128397 -6.855044 11.173678 7.243948 -8.454431 -6.028250 -18.616165 -17.081545 21.400387 11.472115 -3.746991 -6.409128 4.690744 22.958029 -18.459558 -21.584032
-1.917277 17.957365 7.249157 -6.564748 -15.227264 -10.530802 5.952715 15.911419 13.256894 0.529785 -8.953604 -25.629280 13.944685 -20.022432 -1.484503 -4.680528 9.939418 7.009705 -8.749712 -6.063942 -18.227575 -12.171432 23.566048 13.342859 -3.904399 -5.745631 5.727119 23.161577 -19.233103 -21.076376
-0.158112 17.673998 11.261231 -4.666706 -15.167410 -9.279190 7.026321 14.098327 13.299606 1.884458 -11.522921 -23.979879 14.439995 -19.897984 -0.587597 -1.675308 8.190204 6.146918 -8.577152 -6.526516 -18.744513 -6.261229 25.179674 16.319944 -4.905695 -6.038172 6.462191 22.467533 -19.289186 -18.306910
-0.345091 16.608212 13.655456 -0.229181 -15.882629 -8.474890 7.189573 12.396013 13.774812 2.476485 -14.228458 -21.701998 14.376192 -19.499004 -0.239445 2.123071 7.443719 4.533797 -8.938810 -6.839191 -18.088043 -0.556068 27.970688 18.952484 -6.214299 -6.104318 8.446871 20.765429 -17.920238 -14.076573
1.495111 17.943415 17.794212 3.005019 -16.935379 -5.715391 6.213891 7.431003 13.860983 1.001968 -18.793474 -19.193806 11.211352 -17.707926 2.902646 7.417590 5.571394 2.174251 -7.653567 -7.923383 -16.768408 6.979828 29.458559 19.106129 -6.815534 -8.003415 10.333934 20.007908 -19.465475 -7.602686
3.816131 19.108206 20.086754 4.358878 -18.133978 -2.951685 3.579763 2.022358 13.477001 -0.184889 -19.996929 -17.098442 5.939265 -18.536037 7.243661 11.867339 3.462228 -1.612292 -7.509616 -9.675738 -16.660673 10.087192 31.016527 17.573374 -6.357696 -10.144684 12.162582 18.766365 -21.563105 -0.495917
3.541290 18.551737 20.163883 3.692306 -19.468727 -1.167571 -0.278179 -1.850613 12.883503 -0.868841 -19.122507 -14.893041 1.289292 -18.520035 8.087431 14.560265 4.497339 -5.132391 -9.301371 -11.029407 -15.855128 8.250522 31.267361 13.081650 -6.633166 -12.536283 13.203389 17.203318 -21.802271 5.046892
2.378873 17.625013 18.469540 1.612655 -21.077768 -0.258953 -5.369741 -4.656914 11.255627 -0.368546 -17.628952 -13.115680 -1.705776 -18.605183 5.791211 14.779627 8.110139 -7.661097 -12.673030 -11.905644 -15.167169 5.055216 29.258982 7.655619 -6.383064 -15.648292 13.145112 17.291676 -21.430372 9.463179
-1.716690 15.675610 14.591303 -3.119619 -21.649778 -0.114250 -9.761317 -5.829498 11.244347 -4.366260 -14.987336 -11.697912 -4.242438 -18.501328 4.001724 13.943095 10.761533 -9.234536 -15.179899 -13.482823 -11.027034 4.203841 23.102320 3.415445 -6.921033 -17.779942 15.548890 18.463560 -17.753792 15.670742
-4.247018 14.653280 9.195419 -6.314289 -21.552443 0.335144 -12.585357 -6.531280 12.544070 -8.846457 -9.193884 -11.383344 -8.200459 -15.723922 5.703356 10.628057 12.410251 -11.965421 -15.241562 -16.676054 2.817813 -0.273036 20.661997 -1.471859 -4.116960 -14.412715 22.642054 18.731802 -7.009102 23.039026
-6.465655 13.132236 2.163503 -5.902164 -22.323694 0.933447 -16.169735 -7.896833 14.369083 -12.338615 -4.655688 -10.524177 -11.420733 -11.068159 7.318379 5.774249 12.318547 -11.495504 -16.158396 -19.246687 4.237031 -3.930628 19.671528 -3.678983 -2.989174 -12.998112 26.438435 17.578760 -6.354815 27.441610
-3.777706 11.363690 -5.979355 -3.442063 -21.991711 2.525945 -19.557972 -10.643347 15.998595 -11.894523 -4.023451 -9.060903 -15.134116 -4.899335 8.866767 2.834201 7.863052 -7.955590 -19.147848 -22.584753 5.311625 -6.296809 18.720804 -6.037340 -2.309097 -7.483360 31.572737 17.398830 -4.804670 28.071320
0.028650 10.021405 -13.745060 -1.633415 -20.516344 4.571037 -21.370083 -13.000882 17.666182 -8.832344 -4.111127 -7.750215 -17.319004 -0.985988 8.601911 -2.418544 5.392693 -4.928374 -22.172476 -24.885588 -0.983362 -11.656473 18.632654 -7.348297 -2.693972 -6.476366 31.125320 14.557112 -10.712647 27.815928
3.176773 10.272165 -18.707649 -1.599494 -19.829416 4.378497 -22.193054 -12.712979 17.666292 -6.951652 -4.570215 -9.684170 -17.927113 -0.569104 6.935480 -4.848369 3.993036 -1.704351 -22.981432 -26.269293 -10.287444 -16.947821 19.947285 -8.798651 -2.407553 -5.184695 30.868683 14.347990 -13.557151 28.166813
6.311474 11.941004 -22.099113 -4.084477 -18.344820 3.447250 -20.999737 -10.446489 17.049334 -3.749977 -4.037110 -11.604445 -16.805283 -2.425503 5.658814 -8.344779 2.678208 1.776633 -23.225456 -25.438528 -16.154940 -22.355591 19.525202 -9.625890 -1.642683 -3.237753 29.971130 16.215809 -11.487763 25.502459
7.734700 13.632591 -24.757488 -7.457642 -16.988523 4.037953 -20.518324 -9.873796 16.208473 -0.064007 -3.648831 -12.874738 -16.482332 -4.080350 5.325258 -11.119353 2.334970 3.565320 -23.671926 -24.087542 -19.631437 -27.602278 20.411484 -10.338461 -0.113612 -4.142585 26.873802 17.118568 -11.500851 23.151346
7.997428 15.221795 -26.848927 -9.481001 -16.396242 4.425727 -20.078049 -9.127786 15.654112 2.164605 -3.130407 -13.288075 -15.923501 -4.877933 4.713152 -14.256114 3.702651 3.261653 -25.649359 -21.685738 -21.677771 -32.094757 20.383917 -11.100298 0.524088 -4.401391 25.515190 17.359495 -10.853959 22.028362
8.223988 16.526911 -27.216202 -10.480115 -15.912667 4.937401 -19.491024 -8.971316 15.215969 4.101259 -2.385058 -13.415138 -15.422183 -5.722020 4.218507 -15.834195 4.422258 3.210506 -27.049669 -20.009344 -22.005953 -34.146152 20.522070 -12.020015 1.041363 -3.958896 25.535477 17.950146 -10.603995 21.341864
8.129379 17.083410 -27.128048 -10.823312 -15.696654 5.063121 -19.005695 -8.734156 15.158272 4.526215 -2.268747 -13.434302 -15.327010 -5.878746 4.109844 -16.252237 4.663446 3.345778 -27.516811 -19.371557 -21.973993 -34.432522 20.417355 -12.122226 1.144664 -3.752763 25.486965 18.302280 -10.411782 20.868546
8.152360 16.947805 -27.030586 -10.671064 -15.787975 5.014544 -19.151096 -8.803879 15.071207 4.528685 -2.332879 -13.378062 -15.284520 -5.981688 4.092146 -16.172777 4.551179 3.358327 -27.393311 -19.572615 -22.032986 -34.442844 20.509768 -11.959892 1.020061 -3.690353 25.558136 18.114323 -10.500003 20.857512
8.676337 16.551092 -26.654831 -10.513308 -15.799532 4.918259 -19.359844 -9.061533 15.086242 4.459702 -1.980476 -13.187818 -15.236775 -6.020682 4.122838 -15.881333 4.465737 3.168582 -26.943930 -20.152279 -21.982725 -34.322189 21.077345 -11.899467 0.848600 -3.534460 25.551991 17.469627 -10.825601 20.712427
8.906561 15.907729 -26.180851 -10.349545 -15.887604 4.747030 -19.818962 -9.439880 15.005024 4.140154 -2.044509 -12.886140 -15.264409 -6.026168 4.271145 -15.543389 4.244602 3.129173 -26.252987 -21.031475 -21.795053 -33.334904 21.603333 -11.968444 0.619285 -3.115680 25.622400 17.180973 -10.750409 20.133821
9.150042 15.076471 -25.196949 -9.942383 -16.144188 4.461438 -20.352760 -9.854409 14.802576 3.746168 -1.592133 -12.778475 -15.034287 -6.125041 4.315388 -14.960551 4.010644 3.142485 -25.131376 -22.199594 -22.066111 -32.662010 22.776327 -11.750816 0.283210 -2.961560 25.753632 16.343311 -11.747054 19.985851
9.736650 14.064690 -24.049200 -9.336663 -16.276283 4.154301 -20.902069 -10.424605 14.609535 3.708278 -1.393957 -11.841087 -14.719920 -6.071414 4.737131 -15.130992 3.879591 3.088408 -24.250933 -23.201845 -21.813990 -31.222101 23.739220 -10.505055 -0.488432 -1.946206 26.493568 15.109644 -12.798131 19.443851
9.848680 13.093295 -22.718422 -8.946747 -16.406990 4.081397 -21.566267 -11.334590 14.397804 3.508341 -0.848792 -10.921358 -14.487541 -5.791724 5.060477 -15.119243 3.808949 2.689454 -24.065172 -23.925816 -21.344065 -28.723873 23.877731 -9.468705 -1.606762 -1.626397 26.996441 14.289011 -14.196868 19.077456
9.760518 12.148248 -21.386744 -8.602570 -16.658825 3.936920 -22.356415 -12.162552 14.058025 3.468707 -0.007115 -10.009198 -14.487065 -5.024425 5.672215 -14.685893 3.716251 2.055884 -23.389799 -25.178568 -20.551458 -26.649452 24.717567 -8.890615 -2.325389 -1.080779 27.434275 13.025969 -15.762938 18.788401
9.496901 10.962738 -19.954815 -8.684208 -16.370192 3.838256 -22.783840 -13.003504 14.028475 3.258463 1.034254 -9.022251 -14.579848 -4.633101 5.968263 -14.255542 4.505091 0.865435 -23.000910 -26.044291 -19.658731 -24.472038 25.869501 -8.753956 -2.795881 -0.672163 27.658092 11.926810 -16.966459 18.392649
8.444363 9.877701 -18.708958 -8.648735 -16.168566 3.883815 -22.979221 -13.603325 14.151955 3.092502 2.064744 -8.352944 -14.191958 -4.483765 6.253573 -13.360148 4.832821 0.220305 -22.291967 -26.699730 -17.905499 -21.945189 27.094398 -8.875147 -3.216221 -0.038199 28.051849 10.729968 -18.070040 17.954531
7.867733 8.920302 -17.708429 -8.884342 -15.719052 3.985757 -22.992994 -14.192781 14.496217 3.022732 3.017395 -7.301895 -14.145341 -3.831162 6.674025 -12.967210 5.223513 -0.174629 -21.886477 -27.139931 -17.106346 -19.542273 27.692331 -8.510738 -3.730140 0.581077 28.438999 10.111914 -18.221415 17.619934
7.200947 8.324557 -16.819752 -9.218781 -15.342003 4.074114 -22.781277 -14.435014 14.642660 3.005907 4.278987 -6.592306 -13.366076 -4.335859 7.204209 -12.796897 5.388110 -0.487624 -21.668936 -26.777311 -17.198164 -18.003984 28.792612 -8.508488 -4.132857 0.811422 28.887951 9.468032 -18.288237 17.984175
6.824532 7.699448 -15.806803 -9.457054 -14.762651 4.001907 -22.212727 -14.416084 14.960859 2.891168 5.539818 -6.163535 -12.845946 -4.578384 7.421172 -12.481723 5.886799 -1.088315 -21.540485 -26.720108 -17.341946 -16.390398 29.918705 -8.785861 -4.284016 1.051684 28.817478 9.328347 -17.553381 17.670992
6.595592 6.926089 -14.944427 -9.839474 -14.179253 3.879291 -21.816372 -14.477805 15.272803 2.831041 6.399294 -5.544755 -12.266006 -4.816771 7.905658 -12.525749 6.144434 -1.385913 -21.404362 -26.275591 -17.679873 -15.044202 31.315977 -9.140821 -3.959348 0.799358 28.226238 9.370511 -15.966325 17.679993
5.677013 6.594201 -14.479773 -10.280809 -13.716866 4.248951 -21.567581 -14.816297 15.536234 2.918990 7.325798 -4.723487 -11.966762 -4.831010 8.084732 -12.450883 6.955237 -1.945947 -21.529078 -25.984499 -17.811914 -14.001140 32.468548 -9.935877 -3.471149 0.259909 27.364069 9.477352 -14.337312 17.759270
5.725019 6.546680 -13.916350 -10.458361 -13.644813 4.022563 -21.389269 -14.642679 15.400946 3.034252 7.491928 -4.408062 -11.709843 -5.053529 8.199127 -12.750996 7.006383 -1.971685 -21.608065 -25.690489 -18.398844 -13.684898 33.607861 -10.635971 -2.792333 -0.111502 26.786674 9.769222 -13.543563 18.005388
5.539939 6.249420 -13.395773 -10.911303 -13.340166 3.871474 -21.129612 -14.531439 15.524561 2.952535 7.884767 -4.121337 -11.546769 -5.041694 8.253569 -12.757354 7.168933 -2.146735 -21.622072 -25.686470 -18.762383 -13.356928 34.185188 -11.290574 -2.466199 -0.623244 26.174589 10.067797 -12.618046 18.033644
5.475720 6.080532 -13.282298 -11.043823 -13.073686 3.960054 -20.915321 -14.563790 15.746608 2.954911 7.953759 -3.784070 -11.331347 -5.049816 8.369759 -12.892350 7.219636 -2.064748 -21.605440 -25.332706 -19.212051 -13.384196 35.005829 -12.241101 -1.890926 -1.000690 25.415493 10.362686 -11.975419 17.850248
5.816272 6.162523 -13.110489 -11.047107 -13.111249 3.829821 -20.896141 -14.475347 15.564522 3.169409 7.804458 -3.682332 -11.280890 -5.081361 8.318139 -13.016564 7.278224 -2.108930 -21.617285 -25.278395 -19.780062 -13.827572 35.726917 -12.578205 -1.661780 -1.179289 25.260857 10.426144 -11.971421 17.973173
5.642569 6.083183 -13.051723 -11.107710 -13.043377 3.885703 -20.875481 -14.527546 15.619306 3.143752 7.847722 -3.494789 -11.165580 -5.109711 8.476165 -12.933925 7.295445 -2.089580 -21.458929 -25.108831 -19.952242 -13.441728 35.783676 -12.616294 -1.647951 -1.428789 24.818008 10.512548 -11.760984 17.768011
5.601922 6.032518 -13.043679 -11.158276 -12.969095 3.914313 -20.853230 -14.563030 15.660797 3.180967 7.851881 -3.493890 -11.160417 -5.133973 8.528900 -12.954930 7.294751 -2.124558 -21.421539 -25.041914 -19.904934 -13.432899 35.790184 -12.747513 -1.586303 -1.504746 24.717394 10.591619 -11.697557 17.725780
5.601577 6.032341 -13.043464 -11.157513 -12.969061 3.914272 -20.852823 -14.562693 15.660663 3.182221 7.851881 -3.493890 -11.160417 -5.133973 8.528900 -12.954930 7.294751 -2.124558 -21.421539 -25.041914 -19.904934 -13.432899 35.790184 -12.747513 -1.586303 -1.504746 24.717394 10.591619 -11.697557 17.725780
5.601577 6.032341 -13.043464 -11.157513 -12.969061 3.914272 -20.852823 -14.562693 15.660663 3.182221 7.851881 -3.493890 -11.160417 -5.133973 8.528900 -12.954930 7.294751 -2.124558 -21.421539 -25.041914 -19.904934 -13.432899 35.790184 -12.747513 -1.586303 -1.504746 24.717394 10.591619 -11.697557 17.725780
5.601577 6.032341 -13.043464 -11.157513 -12.969061 3.914272 -20.852823 -14.562693 15.660663 3.182221 7.851881 -3.493890 -11.160417 -5.133973 8.528900 -12.954930 7.294751 -2.124558 -21.421539 -25.041914 -19.904934 -13.432899 35.790184 -12.747513 -1.586303 -1.504746 24.717394 10.591619 -11.697557 17.725780
5.602517 6.032728 -13.042725 -11.158336 -12.969110 3.913267 -20.852613 -14.561659 15.659595 3.183033 7.852014 -3.492815 -11.158724 -5.134375 8.526496 -12.956361 7.296544 -2.125334 -21.422972 -25.040459 -19.905687 -13.430337 35.791069 -12.747630 -1.585901 -1.504695 24.718172 10.594130 -11.696105 17.725908
5.602517 6.032728 -13.042725 -11.158336 -12.969110 3.913267 -20.852613 -14.561659 15.659595 3.183033 7.852014 -3.492815 -11.158724 -5.134375 8.526496 -12.956361 7.296544 -2.125334 -21.422972 -25.040459 -19.905687 -13.430337 35.791069 -12.747630 -1.585901 -1.504695 24.718172 10.594130 -11.696105 17.725908
5.602517 6.032728 -13.042725 -11.158336 -12.969110 3.913267 -20.852613 -14.561659 15.659595 3.183033 7.852014 -3.492815 -11.158724 -5.134375 8.526496 -12.956361 7.296544 -2.125334 -21.422972 -25.040459 -19.905529 -13.430694 35.791313 -12.747950 -1.585824 -1.504571 24.718079 10.593888 -11.696349 17.725641
5.602040 6.032298 -13.044636 -11.161764 -12.969161 3.912611 -20.854322 -14.561647 15.659709 3.178480 7.849905 -3.491597 -11.153830 -5.130963 8.517077 -12.957006 7.302197 -2.125638 -21.424513 -25.038309 -19.905504 -13.427285 35.793411 -12.742620 -1.586334 -1.497898 24.720518 10.590816 -11.700658 17.722555
5.601717 6.032152 -13.044120 -11.160269 -12.969210 3.912662 -20.853661 -14.561278 15.659449 3.180650 7.850412 -3.492603 -11.155740 -5.131909 8.522220 -12.956484 7.299271 -2.125591 -21.422773 -25.039505 -19.905653 -13.426862 35.792194 -12.741706 -1.586658 -1.498120 24.720760 10.591196 -11.700179 17.722862
5.602161 6.032432 -13.043648 -11.159916 -12.969165 3.912930 -20.853367 -14.561485 15.659511 3.181647 7.851527 -3.492778 -11.157220 -5.133467 8.524625 -12.956075 7.297624 -2.125713 -21.422775 -25.040169 -19.905666 -13.431681 35.791752 -12.748870 -1.585872 -1.504811 24.717810 10.593737 -11.696465 17.725420
5.602161 6.032432 -13.043648 -11.159916 -12.969165 3.912930 -20.853367 -14.561485 15.659511 3.181647 7.851527 -3.492778 -11.157220 -5.133467 8.524625 -12.956075 7.297624 -2.125713 -21.422775 -25.040169 -19.905565 -13.431845 35.792168 -12.749236 -1.585766 -1.504832 24.717815 10.593697 -11.696655 17.725399
5.602102 6.032412 -13.043632 -11.159859 -12.969134 3.912903 -20.853313 -14.561433 15.659544 3.181765 7.852164 -3.493048 -11.157874 -5.134030 8.525458 -12.955890 7.297009 -2.125922 -21.422703 -25.040586 -19.905569 -13.431314 35.791008 -12.747961 -1.586246 -1.504770 24.717913 10.593662 -11.696265 17.725328
5.602102 6.032412 -13.043632 -11.159859 -12.969134 3.912903 -20.853313 -14.561433 15.659544 3.181765 7.852164 -3.493048 -11.157874 -5.134030 8.525458 -12.955890 7.297009 -2.125922 -21.422703 -25.040586 -19.905569 -13.431314 35.791008 -12.747961 -1.586246 -1.504770 24.717913 10.593662 -11.696265 17.725328
5.601946 6.032287 -13.044048 -11.160320 -12.969206 3.912713 -20.853651 -14.561392 15.659630 3.180717 7.852214 -3.492960 -11.157279 -5.133751 8.524088 -12.956076 7.297740 -2.125901 -21.423153 -25.040342 -19.905569 -13.431314 35.791008 -12.747961 -1.586246 -1.504770 24.717913 10.593662 -11.696265 17.725328
5.601946 6.032287 -13.044048 -11.160320 -12.969206 3.912713 -20.853651 -14.561392 15.659630 3.180717 7.852214 -3.492960 -11.157279 -5.133751 8.524088 -12.956076 7.297740 -2.125901 -21.423153 -25.040342 -19.905569 -13.431314 35.791008 -12.747961 -1.586246 -1.504770 24.717913 10.593662 -11.696265 17.725328
-1.866953 2.168487 -16.285994 -1.774340 -13.701113 1.342879 -18.857746 -9.883388 16.310350 8.396328 -0.643893 -5.671251 -3.178458 6.712541 4.034901 -13.922381 13.455483 -0.113842 -15.227264 -24.008795 -12.418344 -17.824667 24.668631 6.493447 -16.931816 0.872610 25.345287 -2.100725 -10.890126 4.554034
-1.866953 2.168487 -16.285994 -1.774340 -13.701113 1.342879 -18.857746 -9.883388 16.310350 8.396328 -0.643893 -5.671251 -3.178458 6.712541 4.034901 -13.922381 13.455483 -0.113842 -15.227264 -24.008795 -12.418344 -17.824667 24.668631 6.493447 -16.931816 0.872610 25.345287 -2.100725 -10.890126 4.554034
-1.866953 2.168487 -16.285994 -1.774340 -13.701113 1.342879 -18.857746 -9.883388 16.310350 8.396328 -0.643893 -5.671251 -3.178458 6.712541 4.034901 -13.922381 13.455483 -0.113842 -15.227264 -24.008795 -12.418344 -17.824667 24.668631 6.493447 -16.931816 0.872610 25.345287 -2.100725 -10.890126 4.554034
-1.866953 2.168487 -16.285994 -1.774340 -13.701113 1.342879 -18.857746 -9.883388 16.310350 8.396328 -0.643893 -5.671251 -3.178458 6.712541 4.034901 -13.922381 13.455483 -0.113842 -15.227264 -24.008795 -12.418344 -17.824667 24.668631 6.493447 -16.931816 0.872610 25.345287 -2.100725 -10.890126 4.554034
-1.866953 2.168487 -16.285994 -1.774340 -13.701113 1.342879 -18.857746 -9.883388 16.310350 8.396328 -0.643893 -5.671251 -3.178458 6.712541 4.034901 -13.922381 13.455483 -0.113842 -15.227264 -24.008795 -12.418344 -17.824667 24.668631 6.493447 -16.931816 0.872610 25.345287 -2.100725 -10.890126 4.554034
-1.673751 2.174777 -16.023598 -2.975788 -13.518883 1.135947 -18.781021 -9.468704 15.997634 8.937194 0.215648 -5.238776 -3.144858 5.357554 3.470606 -14.289197 13.626466 0.155663 -16.350260 -23.618376 -14.066028 -18.421139 24.709585 6.245653 -16.741621 0.016347 24.546646 -2.018810 -11.955938 4.988367
-1.031242 2.266015 -15.661819 -3.591721 -13.329103 1.198728 -18.784363 -9.664925 15.895125 9.076434 0.503610 -5.072144 -3.372131 4.821479 3.632652 -14.342375 13.400331 0.172682 -16.585388 -23.584873 -14.183574 -18.046656 24.943136 6.053559 -16.746845 0.274520 24.507889 -1.931855 -11.203189 4.834589
-1.284815 2.185382 -15.670463 -3.434243 -13.430258 1.099944 -18.795343 -9.519011 15.793386 9.232087 0.515015 -5.080317 -3.379883 4.811660 3.597608 -14.408199 13.503177 0.079073 -16.614985 -23.567757 -14.156643 -17.873899 24.780626 5.848436 -16.729815 0.391094 24.721630 -1.800106 -11.023572 5.027640
-1.366543 2.117501 -15.737106 -3.333547 -13.435141 1.074771 -18.780109 -9.472559 15.826071 9.243046 0.452149 -5.111924 -3.303641 4.918408 3.581550 -14.421882 13.531429 0.089151 -16.538570 -23.583948 -14.161697 -17.809113 24.761702 5.930039 -16.785759 0.413074 24.724094 -1.795347 -11.059685 4.970943
-1.387340 2.104239 -15.745573 -3.310035 -13.437820 1.067089 -18.773441 -9.457124 15.826071 9.258511 0.438786 -5.118580 -3.288686 4.939963 3.578212 -14.424083 13.538137 0.089897 -16.523113 -23.583794 -14.161042 -17.801094 24.749208 5.949373 -16.801456 0.417405 24.726332 -1.801560 -11.079119 4.963469
-1.387340 2.104239 -15.745573 -3.310035 -13.437820 1.067089 -18.773441 -9.457124 15.826071 9.258511 0.438785 -5.118189 -3.288562 4.939972 3.577460 -14.424110 13.538380 0.090303 -16.523758 -23.583532 -14.161423 -17.800024 24.748379 5.950573 -16.802116 0.417344 24.726770 -1.801411 -11.079028 4.963925
-1.383635 2.105389 -15.745237 -3.312180 -13.436697 1.067807 -18.773632 -9.458951 15.826355 9.257949 0.437907 -5.117072 -3.285565 4.938240 3.576049 -14.426521 13.538928 0.092955 -16.524017 -23.582743 -14.146068 -17.788496 24.745024 5.936737 -16.789995 0.424541 24.738218 -1.789658 -11.058724 4.979199
-1.387361 2.103147 -15.746442 -3.313835 -13.436603 1.066937 -18.773191 -9.455819 15.824509 9.263650 0.434309 -5.118375 -3.281429 4.942338 3.576387 -14.428182 13.541854 0.090142 -16.520226 -23.579809 -14.147076 -17.792456 24.742884 5.943583 -16.796099 0.425708 24.737680 -1.794793 -11.061552 4.973827
-1.387361 2.103147 -15.746442 -3.313835 -13.436603 1.066937 -18.773191 -9.455819 15.824509 9.263650 0.434328 -5.118426 -3.281235 4.942455 3.576048 -14.428115 13.541989 0.090265 -16.520447 -23.579664 -14.147076 -17.792456 24.742884 5.943583 -16.796099 0.425708 24.737680 -1.794793 -11.061552 4.973827
-1.402851 2.095287 -15.737760 -3.324449 -13.435123 1.067914 -18.761082 -9.437012 15.808244 9.318409 0.466365 -5.101730 -3.316114 4.890879 3.577370 -14.425921 13.525822 0.105943 -16.561401 -23.582685 -14.156814 -17.744572 24.748735 5.872705 -16.740107 0.408943 24.743423 -1.733314 -11.072112 5.033651
-1.400814 2.095757 -15.736919 -3.314818 -13.436205 1.068053 -18.761761 -9.441043 15.811062 9.313271 0.463120 -5.109479 -3.306421 4.905684 3.580567 -14.423135 13.526793 0.097186 -16.545835 -23.581465 -14.158915 -17.758871 24.758783 5.861794 -16.734571 0.412077 24.742416 -1.735904 -11.066962 5.026695
-1.399725 2.096788 -15.736622 -3.314026 -13.435984 1.068460 -18.761360 -9.441805 15.811303 9.312245 0.463490 -5.109040 -3.306580 4.905903 3.580410 -14.422989 13.526628 0.096929 -16.545822 -23.581730 -14.162183 -17.757055 24.760805 5.855237 -16.728699 0.409640 24.742487 -1.731284 -11.066243 5.034038
-1.404182 2.093395 -15.738482 -3.309912 -13.436776 1.066824 -18.760746 -9.438697 15.811099 9.315306 0.462237 -5.110521 -3.305056 4.908106 3.580032 -14.422788 13.527469 0.097291 -16.544058 -23.581312 -14.160542 -17.767067 24.759123 5.869565 -16.740374 0.410008 24.741882 -1.744561 -11.059925 5.028318
-1.404182 2.093395 -15.738482 -3.309912 -13.436776 1.066824 -18.760746 -9.438697 15.811099 9.315306 0.462237 -5.110521 -3.305056 4.908106 3.580032 -14.422788 13.527469 0.097291 -16.544058 -23.581312 -14.160575 -17.768003 24.759125 5.870517 -16.741161 0.410163 24.741938 -1.745805 -11.059518 5.027996
-1.405038 2.093291 -15.738475 -3.310391 -13.437245 1.066418 -18.761547 -9.438746 15.810837 9.314951 0.462237 -5.110521 -3.305056 4.908106 3.580032 -14.422788 13.527469 0.097291 -16.544058 -23.581312 -14.160542 -17.767067 24.759123 5.869565 -16.740374 0.410008 24.741882 -1.744561 -11.059925 5.028318
-1.412558 2.089469 -15.741730 -3.296981 -13.438438 1.063657 -18.757740 -9.432922 15.812288 9.320415 0.459850 -5.109876 -3.303484 4.910326 3.579063 -14.423493 13.528688 0.098416 -16.543463 -23.582230 -14.161668 -17.750982 24.760859 5.855538 -16.726498 0.413201 24.742939 -1.728863 -11.071845 5.032655
-1.407306 2.092208 -15.739143 -3.322892 -13.436163 1.066290 -18.763058 -9.436605 15.809097 9.317918 0.457585 -5.113279 -3.300601 4.912869 3.578558 -14.423965 13.530158 0.099079 -16.540667 -23.581930 -14.160199 -17.752241 24.759520 5.858454 -16.729383 0.413366 24.742416 -1.730643 -11.070978 5.029526
-1.407000 2.092439 -15.738757 -3.324648 -13.436095 1.066697 -18.763126 -9.436665 15.808413 9.318914 0.465900 -5.110052 -3.309578 4.900824 3.581431 -14.422616 13.524917 0.099270 -16.548887 -23.582848 -14.160544 -17.751173 24.757753 5.861952 -16.731712 0.412528 24.742191 -1.731657 -11.070420 5.028928
-1.386648 2.106535 -15.733509 -3.327601 -13.434910 1.072295 -18.766989 -9.452421 15.813779 9.295779 0.468635 -5.110588 -3.303777 4.906483 3.583289 -14.421771 13.527787 0.088928 -16.542830 -23.581831 -14.163238 -17.743795 24.761572 5.851243 -16.720921 0.405880 24.743366 -1.721811 -11.068029 5.044569
-1.387954 2.105697 -15.733749 -3.328364 -13.434943 1.071883 -18.766788 -9.451298 15.813385 9.297436 0.468721 -5.110415 -3.303806 4.906318 3.583040 -14.421782 13.527897 0.089055 -16.543100 -23.581810 -14.163976 -17.745653 24.762579 5.848587 -16.720287 0.406353 24.743502 -1.722280 -11.067238 5.044347
-1.387954 2.105697 -15.733749 -3.328364 -13.434943 1.071883 -18.766788 -9.451298 15.813385 9.297436 0.468721 -5.110415 -3.303806 4.906318 3.583040 -14.421782 13.527897 0.089055 -16.543100 -23.581810 -14.164472 -17.748287 24.763769 5.845960 -16.719599 0.406542 24.742889 -1.722263 -11.066079 5.042790
