6.295063 17.638968 -10.525455 -0.787969 -8.775123 -9.637162 8.139174 18.442760 14.498899 18.383595 -16.433867 -29.180206 11.585673 -5.317212 1.529026 -13.084867 3.505173 17.615126 -6.790407 -5.308853 13.697631 -19.864819 11.297149 21.052616 6.627164 -7.550056 9.064252 36.149971 11.923282 -15.157086
5.464424 17.028008 -10.656737 -1.006816 -8.719867 -9.746271 8.210080 18.732038 14.727854 18.268028 -15.896929 -29.304443 12.022113 -5.304815 1.308481 -12.696430 3.849582 17.247765 -6.710886 -5.355204 14.188338 -19.964359 11.958402 20.313917 6.447051 -7.184886 8.945495 35.472237 11.515639 -16.012178
4.443768 16.322527 -10.658751 -1.741349 -8.639843 -9.754828 8.114476 18.897825 14.841047 18.233759 -14.675037 -29.720556 12.670926 -5.358415 1.080603 -12.330195 4.287134 16.897451 -6.672781 -5.351143 15.238583 -20.401484 12.492673 19.685385 5.880800 -6.433901 8.853206 34.334686 10.383193 -17.841055
3.059065 15.418436 -10.836323 -2.103193 -8.570808 -9.630690 8.256364 19.060314 15.597128 17.185307 -13.301159 -29.932295 13.584545 -5.268961 0.534607 -11.865478 5.008975 16.459600 -6.868469 -5.168797 16.520884 -21.177986 13.367621 19.180243 4.773540 -5.517834 8.580934 32.234310 9.314965 -20.243425
1.857859 14.570698 -11.070652 -2.389945 -8.548096 -9.475354 8.015245 18.766228 16.637493 15.020339 -11.699610 -30.114923 14.525929 -5.253962 0.064509 -11.346278 5.739523 15.840615 -7.255121 -4.980686 18.107973 -21.891630 14.219810 18.962297 3.169016 -4.058932 8.500008 29.542107 8.185392 -23.175043
0.039223 13.811102 -11.213871 -2.924469 -8.556095 -9.051691 8.140058 18.824715 17.315613 13.880306 -10.448305 -30.387955 15.311685 -5.449286 -0.593434 -10.593017 6.514039 15.187251 -7.646149 -4.889832 19.416113 -22.572577 15.562718 19.621521 1.346263 -2.590527 8.704319 26.534389 6.895069 -25.461914
-1.849687 12.961743 -11.525917 -3.199687 -8.560939 -8.703379 8.273964 18.841030 18.437237 11.930556 -9.136307 -30.591599 15.969338 -5.532090 -1.279295 -9.786847 7.354479 14.250844 -8.193452 -4.787143 20.300274 -23.110682 16.344625 20.093664 -0.079012 -2.359821 8.738587 23.900780 5.984135 -26.354078
-3.115367 12.348881 -11.823063 -2.830136 -8.714419 -8.334765 8.408877 18.796202 19.278812 10.739880 -8.466741 -30.686920 16.285660 -5.622302 -1.824269 -9.028320 7.921607 13.315095 -8.587641 -4.819920 21.202847 -24.508614 16.910551 20.268250 -1.462954 -2.277766 8.775016 21.255955 5.274062 -26.944277
-4.289514 11.950106 -11.898779 -2.659497 -8.947390 -7.972911 8.449468 18.736929 19.745146 10.020204 -7.748771 -30.794706 16.526030 -5.520920 -2.102794 -8.688951 8.482680 12.561221 -8.924461 -4.736044 21.690470 -25.409117 17.560949 20.124323 -2.415369 -2.037811 8.824945 19.473484 4.949672 -27.453566
-4.887626 12.001863 -11.601030 -2.544751 -9.102360 -7.474859 8.604880 18.519392 19.902617 9.822213 -7.813012 -30.753901 16.638168 -5.465387 -2.436899 -8.365228 8.733884 12.273252 -9.160347 -4.731839 21.967529 -25.355692 18.006905 19.938448 -2.624382 -1.923236 8.972261 18.928129 4.499132 -27.499815
-5.007618 11.869755 -10.656347 -2.212896 -9.146979 -7.060697 9.024803 18.261953 19.963205 9.996751 -8.395870 -30.533302 17.025909 -5.625916 -2.365049 -7.739210 8.177382 12.211593 -9.096711 -4.780982 22.019680 -23.877661 18.787907 20.098982 -2.628934 -1.760831 9.253983 18.893993 4.053142 -27.240543
-3.039501 10.952770 -4.800565 -0.385743 -8.709044 -5.347365 10.980268 16.361988 19.374617 12.804150 -11.779569 -28.583847 19.446043 -6.495961 -2.465061 -3.504666 5.196134 11.942700 -8.946231 -4.967892 21.438190 -13.919747 23.830750 19.391024 0.047439 -0.640736 11.167485 22.335342 3.222156 -24.313494
-0.706434 10.002498 2.083669 5.715998 -9.268105 -3.033270 12.201070 12.287134 19.956589 14.242999 -17.373106 -24.153458 20.120617 -6.239399 -1.919903 3.424883 2.935816 9.771833 -9.008554 -6.226117 20.366365 -1.272358 29.932959 21.525890 -0.017897 -2.157354 13.804241 21.938103 4.744332 -15.056935
6.918570 14.678128 9.872945 6.100465 -10.828032 3.356266 7.263844 -0.825362 19.825251 7.714626 -19.713604 -18.601366 8.719592 -10.506173 5.592547 13.554232 -2.015193 3.689054 -10.673975 -9.161755 21.264158 9.214748 32.120377 16.726057 1.646096 -7.769320 16.600407 22.376839 0.242207 -0.794546
8.260516 15.746587 10.317212 3.576472 -14.168825 7.130908 -1.935421 -10.046961 17.863661 4.745597 -17.023886 -13.681767 -2.921064 -12.890466 7.255322 17.371504 0.364898 -2.669637 -16.629457 -12.418783 21.798891 6.276957 29.358965 10.609651 0.755907 -14.542255 17.401871 20.449923 -0.707596 10.713116
0.943905 13.748619 3.214268 -4.622804 -16.576979 6.211207 -10.309603 -11.305162 17.616535 -5.372493 -7.144180 -11.373710 -9.436869 -12.398019 7.669218 12.528114 5.444917 -7.985582 -20.130735 -16.120287 21.855188 -0.205602 21.813570 4.665657 -0.470398 -17.149353 21.373486 18.484951 -2.250116 21.830523
-1.355834 11.631775 -7.732415 -3.956285 -20.222128 4.900712 -18.979641 -12.901782 17.703550 -11.686472 -2.284167 -8.829679 -16.610159 -5.097501 10.502015 3.391964 4.628572 -7.297993 -21.687414 -22.133520 10.072500 -3.668606 17.272804 -5.214800 -1.983554 -9.160914 31.155916 18.622501 -5.283396 27.154696
4.900508 11.164577 -18.254101 -2.490001 -19.864630 5.035384 -22.698479 -14.174143 18.052345 -9.227722 -2.999278 -9.535545 -19.656433 -2.288661 8.168761 -4.572128 2.627235 -2.107510 -23.784693 -26.871962 -6.127378 -14.568030 18.488888 -10.664534 -2.011707 -6.061286 30.958014 16.931911 -11.828121 26.324537
9.339192 14.273209 -25.095871 -8.779897 -16.734659 5.241427 -21.244938 -11.910227 17.299776 -2.830833 -1.816960 -12.247445 -18.842636 -5.948014 6.712162 -10.665120 0.382586 3.922211 -25.161100 -24.939734 -10.711837 -24.914179 19.220154 -13.691105 2.534748 -6.013735 27.790390 21.526314 -4.646602 24.464533
9.767481 16.750612 -28.520222 -11.651325 -15.360682 6.392767 -20.251701 -11.199157 17.017715 1.023047 -0.433720 -12.754193 -18.252193 -7.176705 5.520615 -15.203849 2.232925 3.875754 -29.049820 -20.939070 -13.499793 -31.165827 17.957108 -13.933303 3.710746 -6.774854 25.850279 22.590199 -2.892420 23.919456
9.782255 17.130262 -28.466280 -11.871586 -15.163679 6.541081 -19.893955 -11.084641 16.969728 1.481187 -0.367242 -12.750775 -18.125746 -7.301083 5.379880 -15.550836 2.339707 4.079497 -29.379068 -20.579012 -13.320918 -31.428568 18.001913 -14.169254 3.999596 -6.851496 25.763571 23.002460 -2.682053 23.796251
10.473361 16.004436 -27.720074 -11.437154 -15.225847 6.312855 -20.530140 -11.725249 16.968828 1.131295 -0.233055 -12.171180 -18.032177 -7.327523 5.554186 -14.900598 1.986016 3.890410 -28.252420 -21.950832 -12.783665 -30.070597 19.235920 -14.418921 3.901836 -6.079793 26.326336 22.409067 -2.321778 23.766729
11.403160 14.214784 -25.474808 -10.452600 -15.634781 5.707124 -21.568502 -12.671873 16.465532 0.848416 0.486272 -11.269356 -17.625084 -7.204447 5.782660 -14.010806 1.643456 3.973176 -26.162893 -24.262957 -11.845531 -28.042698 21.503736 -14.389011 3.187192 -4.085070 27.935747 20.741974 -3.543823 23.133398
11.318237 12.284649 -22.968174 -9.722506 -16.024675 5.488788 -23.044476 -14.366262 15.947258 0.476012 1.904749 -9.661251 -17.846054 -6.037323 6.344675 -12.834352 1.618577 3.157586 -25.279905 -26.458710 -9.398463 -23.787281 23.780249 -13.450987 1.884793 -2.792328 29.086433 18.052116 -6.100302 22.340971
9.904797 9.949471 -20.505909 -9.855084 -15.450593 5.489711 -23.693050 -15.800588 16.058384 0.245388 3.747890 -7.917752 -17.309807 -5.384393 6.767052 -11.615772 2.947504 1.328441 -24.180174 -27.808842 -7.384544 -18.980982 25.851688 -12.777477 0.799441 -1.769225 29.539680 15.528738 -8.410441 21.604593
8.919269 8.520976 -18.386909 -10.529869 -14.542192 5.678029 -23.393044 -16.660816 16.528883 0.235379 6.294825 -6.208739 -16.594952 -5.463290 7.765581 -11.017920 3.425814 0.632201 -23.680183 -27.910803 -7.013484 -14.822390 26.718561 -11.944241 -0.268853 -1.607373 29.948555 14.387403 -8.824702 21.815155
8.461629 7.191948 -16.515888 -11.345057 -13.312429 5.440581 -22.471024 -16.746632 17.198446 -0.155078 8.314312 -5.133049 -15.562998 -6.011802 8.400842 -10.498860 3.835526 0.070784 -23.482210 -27.558672 -7.975589 -13.178945 29.086256 -13.193094 0.026680 -2.323916 29.174118 14.114213 -6.329810 22.257221
7.862368 6.806910 -15.479122 -11.945204 -12.691439 5.626345 -22.017109 -17.017990 17.382204 0.063348 9.504949 -4.037389 -15.076926 -6.325483 8.579352 -10.421891 4.384585 -0.228663 -23.683615 -27.224831 -8.633039 -12.493843 30.918768 -15.240322 1.232071 -3.405802 27.921412 14.578312 -4.554575 22.993080
7.591284 6.373222 -14.778078 -12.389011 -12.163415 5.548547 -21.528633 -16.920908 17.640566 0.092952 9.854223 -3.423006 -14.635021 -6.251713 8.722716 -10.579844 4.672709 -0.327173 -23.645826 -26.813131 -8.985723 -12.328354 31.738291 -16.586611 1.900050 -4.096225 26.839729 15.036058 -3.289799 23.082661
7.716372 6.318621 -14.729204 -12.368444 -12.092585 5.547176 -21.477745 -16.925831 17.631430 0.222183 9.719853 -3.240448 -14.431771 -6.073938 8.708847 -10.479194 4.701026 -0.204055 -23.536129 -26.625048 -9.357160 -12.494650 32.036697 -16.741037 1.954646 -4.195579 26.547985 15.072472 -3.020037 23.033007
7.654897 6.265739 -14.739147 -12.434711 -12.010306 5.579650 -21.459515 -16.964909 17.680916 0.252647 9.723944 -3.236046 -14.417671 -6.071820 8.742797 -10.467897 4.656620 -0.175048 -23.510492 -26.569368 -9.282513 -12.443200 32.014496 -16.825226 2.040363 -4.302022 26.428923 15.164415 -2.988262 23.039137
7.654897 6.265739 -14.739147 -12.434711 -12.010306 5.579650 -21.459515 -16.964909 17.680916 0.252647 9.723944 -3.236046 -14.417671 -6.071820 8.742797 -10.467897 4.656620 -0.175048 -23.510492 -26.569368 -9.282513 -12.443200 32.014496 -16.825226 2.040363 -4.302022 26.428923 15.164415 -2.988262 23.039137
7.654897 6.265739 -14.739147 -12.434711 -12.010306 5.579650 -21.459515 -16.964909 17.680916 0.252647 9.723944 -3.236046 -14.417671 -6.071820 8.742797 -10.467897 4.656620 -0.175048 -23.510492 -26.569368 -9.282513 -12.443200 32.014496 -16.825226 2.040363 -4.302022 26.428923 15.164415 -2.988262 23.039137
7.654874 6.265560 -14.739925 -12.434012 -12.010584 5.579797 -21.459892 -16.965096 17.680883 0.251628 9.722224 -3.235683 -14.416670 -6.070173 8.740915 -10.468078 4.657976 -0.175362 -23.510059 -26.568933 -9.283645 -12.443906 32.019890 -16.821920 2.040466 -4.297368 26.426956 15.158279 -2.992513 23.030485
7.655841 6.266115 -14.739376 -12.435339 -12.010380 5.580235 -21.459991 -16.965832 17.681059 0.250921 9.721601 -3.236076 -14.415847 -6.069611 8.740699 -10.468196 4.658544 -0.174840 -23.509592 -26.568792 -9.282931 -12.443978 32.019432 -16.831541 2.044242 -4.301495 26.427952 15.166231 -2.988812 23.037313
7.656618 6.266435 -14.739176 -12.435700 -12.010403 5.580399 -21.460335 -16.966461 17.681089 0.249642 9.722002 -3.235931 -14.416186 -6.070080 8.740713 -10.468050 4.658341 -0.175197 -23.509829 -26.568853 -9.282529 -12.442314 32.018539 -16.833174 2.044746 -4.302639 26.427931 15.167685 -2.988358 23.039204
7.656886 6.266599 -14.739134 -12.435935 -12.010437 5.580518 -21.460409 -16.966640 17.681173 0.249490 9.722425 -3.235982 -14.416501 -6.070506 8.741043 -10.467957 4.658010 -0.175318 -23.509937 -26.569050 -9.282483 -12.442870 32.019314 -16.834005 2.045038 -4.302347 26.428146 15.167634 -2.988432 23.038969
-6.988582 -2.059342 -19.834179 3.122316 -13.309181 0.422882 -16.511486 -5.887313 17.157511 14.333132 -3.655984 -7.819376 1.272107 13.834034 1.371280 -13.329591 15.161845 1.779075 -11.929502 -24.603104 -0.259910 -20.557343 22.200653 14.542629 -20.694992 3.684504 26.752254 -7.687733 -5.545691 -0.516441
-6.988582 -2.059342 -19.834179 3.122316 -13.309181 0.422882 -16.511486 -5.887313 17.157511 14.333132 -3.655984 -7.819376 1.272107 13.834034 1.371280 -13.329591 15.161845 1.779075 -11.929502 -24.603104 -0.259910 -20.557343 22.200653 14.542629 -20.694992 3.684504 26.752254 -7.687733 -5.545691 -0.516441
-6.988582 -2.059342 -19.834179 3.122316 -13.309181 0.422882 -16.511486 -5.887313 17.157511 14.333132 -3.655984 -7.819376 1.272107 13.834034 1.371280 -13.329591 15.161845 1.779075 -11.929502 -24.603104 -0.259910 -20.557343 22.200653 14.542629 -20.694992 3.684504 26.752254 -7.687733 -5.545691 -0.516441
-7.976536 -2.856536 -20.178848 3.689414 -13.362068 0.036750 -16.166739 -4.900870 16.962000 15.688931 -4.520416 -8.109824 2.357079 15.172202 0.579842 -13.592700 15.949058 2.261827 -11.378721 -24.387472 -0.101266 -21.373194 21.878160 16.697336 -22.631603 4.210071 26.626854 -9.097043 -5.446321 -1.657209
-8.146749 -2.945284 -20.256142 3.845489 -13.384825 -0.024609 -16.130054 -4.776201 16.954172 15.829705 -4.633996 -8.151314 2.467706 15.324849 0.530669 -13.611109 16.011801 2.271141 -11.297673 -24.373064 -0.084378 -21.394938 21.799704 16.717283 -22.649561 4.200799 26.646824 -9.155062 -5.447747 -1.719283
-8.202919 -2.979917 -20.275415 3.902472 -13.390679 -0.041176 -16.108082 -4.731506 16.948824 15.890315 -4.623150 -8.141631 2.452526 15.303801 0.533783 -13.611988 16.005405 2.274103 -11.311493 -24.375498 -0.081090 -21.397684 21.791849 16.734045 -22.662136 4.204265 26.647299 -9.164932 -5.446115 -1.731509
-8.204175 -2.982894 -20.276272 3.906161 -13.391050 -0.043111 -16.108107 -4.730058 16.949322 15.891060 -4.622789 -8.142230 2.450290 15.303335 0.535450 -13.610934 16.004515 2.273327 -11.311975 -24.375360 -0.080850 -21.397295 21.791418 16.737940 -22.665026 4.205333 26.648746 -9.167483 -5.445088 -1.731702
-8.261983 -3.018782 -20.290426 3.958466 -13.397346 -0.057107 -16.082291 -4.684144 16.939157 15.958984 -4.618701 -8.138637 2.442013 15.292274 0.537077 -13.610055 15.997483 2.275585 -11.319489 -24.373472 -0.045219 -21.449734 21.756342 16.850805 -22.763813 4.257694 26.648430 -9.257611 -5.434959 -1.860486
-8.273471 -3.024806 -20.294846 3.970036 -13.398600 -0.060077 -16.079327 -4.676587 16.938965 15.967919 -4.607191 -8.150664 2.428513 15.284523 0.567649 -13.600675 15.976993 2.253990 -11.306586 -24.376894 -0.059746 -21.422604 21.755602 16.821268 -22.735121 4.239049 26.646700 -9.224991 -5.440059 -1.813553
-8.274752 -3.025365 -20.294975 3.970551 -13.398571 -0.060468 -16.078693 -4.675569 16.938948 15.969124 -4.608032 -8.150727 2.429008 15.285638 0.567017 -13.600881 15.977673 2.254287 -11.306355 -24.376734 -0.059912 -21.422058 21.755421 16.821573 -22.735016 4.238792 26.646595 -9.224561 -5.440161 -1.813044
-8.224737 -2.996334 -20.282146 3.921722 -13.392597 -0.048441 -16.098446 -4.712615 16.946289 15.914432 -4.616236 -8.148797 2.441212 15.296035 0.548948 -13.605428 15.992358 2.267436 -11.309197 -24.374552 -0.053338 -21.431021 21.758436 16.835037 -22.747131 4.247794 26.648222 -9.238294 -5.443006 -1.829713
-8.262927 -3.020054 -20.293486 3.961770 -13.397825 -0.058708 -16.083706 -4.683922 16.941977 15.955126 -4.621751 -8.150283 2.451130 15.307516 0.543586 -13.607858 15.998021 2.267990 -11.303306 -24.375042 -0.051414 -21.433516 21.759323 16.837484 -22.747766 4.248890 26.645584 -9.241234 -5.443950 -1.837676
-8.222393 -2.993591 -20.278915 3.918875 -13.391657 -0.046109 -16.097607 -4.715152 16.944654 15.915436 -4.613790 -8.149245 2.432151 15.288442 0.559065 -13.602590 15.984143 2.262307 -11.309290 -24.374073 -0.060722 -21.415335 21.761513 16.816912 -22.729143 4.238766 26.649395 -9.216768 -5.440371 -1.802863
