11.524911 -0.967657 10.800952 0.611567 -9.177961 -16.346281 0.136887 8.110007 15.042027 9.408717 -18.809381 -0.629256 19.171082 -9.127090 11.831433 -0.075595 2.582813 16.475212 -2.771612 -4.829893 -15.996934 3.576630 12.907339 13.911370 -22.415249 -16.749435 3.889132 10.881592 19.138462 -7.700587
11.425911 -0.915635 10.831268 0.220190 -9.072797 -16.383900 0.145278 8.149106 14.990246 9.398325 -18.565184 -0.771217 19.250019 -9.272943 11.730748 -0.175860 2.650221 16.419638 -2.845342 -4.764659 -16.116571 3.274656 13.286425 13.542574 -22.328524 -16.424889 3.954733 10.719302 19.037741 -8.053438
11.318229 -0.829405 10.961746 -0.016053 -8.998130 -16.371412 0.265904 8.212097 14.964149 9.438214 -18.357347 -0.765611 19.262135 -9.368982 11.629240 -0.302301 2.722736 16.413216 -2.965834 -4.734939 -16.216110 2.980520 13.660753 13.289999 -22.315264 -16.038452 4.042587 10.508041 19.071260 -8.396629
11.203816 -0.820132 11.011807 -0.061311 -8.937405 -16.379950 0.460198 8.330522 15.069052 9.351349 -18.197653 -0.902772 19.383451 -9.480814 11.406254 -0.306238 2.804822 16.425478 -3.084492 -4.648277 -16.049347 2.821263 13.769852 13.334507 -22.336880 -15.778479 4.196475 10.442907 19.177351 -8.614521
11.070465 -0.634457 11.231094 -0.173381 -8.807790 -16.231895 0.845578 8.411758 15.203480 9.221966 -17.910713 -1.118090 19.511463 -9.627977 11.124488 -0.276349 2.883542 16.466700 -3.146169 -4.708106 -16.183836 2.614140 14.230066 13.138756 -22.218708 -15.381021 4.345908 10.306090 18.912481 -8.951232
10.707502 -0.554856 11.383583 -0.728095 -8.496939 -16.192341 1.192446 8.565946 15.260408 9.333691 -17.745932 -1.220542 19.603947 -9.662632 10.877086 -0.250734 3.035612 16.578703 -3.252120 -4.778362 -16.453655 2.441523 14.763374 12.981785 -22.069214 -14.783863 4.525977 10.193345 18.581049 -9.394909
10.540489 -0.476393 11.551904 -1.186503 -8.300439 -16.223274 1.375868 8.660463 15.253819 9.346094 -17.357454 -1.711955 19.800276 -9.777149 10.776814 0.030885 2.994901 16.573298 -3.322121 -4.616955 -16.220448 2.422682 15.100637 13.003309 -21.874796 -14.308378 4.727120 10.334484 18.348972 -9.804370
10.064860 -0.439790 11.463856 -1.872727 -8.019338 -16.284977 1.682992 8.981310 15.417686 9.057306 -16.566803 -2.247020 20.164352 -9.933659 10.467916 -0.027229 3.259099 16.385233 -3.347497 -4.450449 -16.025681 2.008900 15.894081 12.455898 -21.437206 -13.729801 5.005335 10.112445 17.594687 -10.106913
9.377991 -0.333357 11.456191 -2.526962 -7.731431 -16.218683 2.137002 9.304684 15.667276 8.671076 -15.809662 -2.734514 20.484686 -10.239244 10.157155 0.099338 3.588032 16.180208 -3.453933 -4.234203 -16.059149 1.579320 16.672760 11.757051 -20.933487 -13.151687 5.177101 10.054196 16.884043 -10.560671
8.848630 -0.206636 11.481859 -2.610257 -7.571890 -16.157881 2.676918 9.669291 15.898589 8.467296 -15.207371 -3.117505 20.908258 -10.624799 9.627746 0.488305 3.931798 15.998928 -3.718648 -4.119655 -16.178888 1.919886 17.535023 11.551388 -20.609953 -12.594961 5.466887 10.072828 16.390066 -10.828803
8.082531 -0.174594 11.531023 -3.336899 -7.250000 -16.123278 3.106369 9.990389 16.113983 8.152908 -14.388971 -3.651579 21.337341 -11.003110 9.155975 0.561248 4.282399 15.920171 -3.857830 -4.060967 -15.973505 1.643644 18.142847 11.375999 -20.241341 -12.209263 5.673264 10.054703 15.770724 -11.191380
7.477633 0.021388 11.710115 -3.781010 -7.061721 -15.985492 3.546585 10.214970 16.206491 8.025452 -13.899244 -4.149174 21.589073 -11.264380 8.784789 0.721099 4.597552 15.602184 -4.007648 -3.880000 -15.750082 1.697244 18.971365 11.135700 -19.801966 -11.584472 6.005261 10.052069 15.116929 -11.583185
6.436616 0.047471 11.925825 -4.580161 -6.746985 -15.750453 4.266829 10.639282 16.594526 7.522572 -13.488518 -4.498163 21.716446 -11.323251 8.621677 0.775499 4.802926 15.355119 -4.088225 -3.723544 -15.780974 1.406310 19.654169 10.782907 -19.435347 -10.977027 6.127755 9.912670 14.569825 -12.104620
5.650121 0.102360 12.023286 -5.210627 -6.513209 -15.669645 4.777906 11.020361 16.849951 7.034034 -12.977409 -5.158856 22.000813 -11.463596 8.203715 1.059411 5.137959 14.910781 -4.200225 -3.599086 -15.448625 1.585587 20.461376 10.746704 -19.031858 -10.362301 6.540823 9.862683 13.707553 -12.369061
5.252271 0.144243 12.122324 -5.517771 -6.469181 -15.526512 4.937718 11.092437 16.889412 6.914781 -12.632654 -5.581374 22.099476 -11.512651 7.893970 1.308146 5.400039 14.523692 -4.302502 -3.533042 -15.204972 1.806240 21.314716 10.553796 -18.739038 -9.850439 6.905676 9.689186 12.943669 -12.636581
4.653446 0.055458 12.133711 -5.834064 -6.360471 -15.375822 5.197866 11.234800 17.149075 6.592578 -12.457331 -5.868811 22.196648 -11.544533 7.619678 1.647855 5.600016 14.227857 -4.377452 -3.510427 -15.165550 2.207802 21.903097 10.921341 -18.704449 -9.637682 7.086236 9.478495 12.420674 -12.592328
3.913666 -0.028643 12.170865 -5.990025 -6.252592 -15.127217 5.541768 11.338737 17.476219 6.121728 -12.269487 -6.130928 22.319786 -11.590113 7.361990 1.981204 5.840158 13.877810 -4.473695 -3.426600 -14.976195 2.425055 22.590691 10.801353 -18.411797 -9.212342 7.266832 9.453712 11.639400 -12.913257
3.529096 -0.022236 12.211353 -6.306950 -6.132985 -15.132261 5.857581 11.604546 17.654837 5.779848 -12.058201 -6.400794 22.532829 -11.748883 7.194634 2.050389 5.957280 13.726436 -4.512719 -3.384835 -14.786061 2.483133 22.974798 10.681356 -18.207541 -8.930129 7.431677 9.465270 11.221098 -13.083813
3.287074 -0.000807 12.227142 -6.372555 -6.099252 -15.098120 6.004104 11.706718 17.703424 5.652506 -11.952358 -6.624745 22.690781 -11.805505 7.040353 2.099911 6.057899 13.571736 -4.617115 -3.286900 -14.654040 2.635795 23.193396 10.658543 -18.052750 -8.672253 7.535097 9.458870 10.701386 -13.234396
3.230024 -0.024867 12.264412 -6.367080 -6.094867 -15.022855 6.009280 11.625149 17.780901 5.569909 -11.895479 -6.610915 22.734066 -11.854358 6.978360 2.068277 6.160605 13.475091 -4.607093 -3.354555 -14.641964 2.688263 23.397165 10.617826 -18.056877 -8.613419 7.565726 9.315433 10.550208 -13.238574
3.029619 0.315748 12.357721 -6.368792 -6.019695 -14.788259 6.565145 11.868409 17.945929 5.418303 -12.058315 -6.947920 22.795998 -11.795804 6.902760 1.952774 6.156917 13.364362 -4.550815 -3.377558 -14.726033 2.776204 23.396212 10.674762 -17.988762 -8.602365 7.656396 9.469959 10.289224 -13.190655
3.170747 1.182921 12.833618 -5.746348 -6.198882 -14.180200 7.212968 11.809011 17.891209 5.729424 -12.589827 -8.144397 22.515354 -11.778601 6.875826 1.683123 5.798625 12.591075 -4.363768 -4.042877 -14.586432 3.655886 23.690123 11.267990 -17.376308 -7.906879 8.052709 10.509054 9.330935 -13.720728
3.273257 3.259526 13.661276 -4.540113 -6.784952 -12.964952 8.572745 11.965900 17.798487 6.137848 -13.846603 -9.592230 21.863853 -11.574795 6.758379 2.081049 4.794306 11.207107 -4.496748 -4.731658 -14.048444 5.477964 25.052382 12.639226 -16.161436 -6.673539 8.569086 11.859829 7.381975 -14.957124
2.519620 5.259449 14.094682 -3.226984 -7.582094 -11.631018 9.801324 12.194557 17.963160 5.908576 -14.311092 -12.309654 21.282381 -11.728306 6.569715 2.234569 3.864763 9.569016 -4.393388 -5.554770 -14.021313 7.551525 27.219913 14.368549 -13.836751 -4.503316 9.074500 14.198237 4.613146 -16.425097
1.613457 8.799443 12.946981 -1.497984 -9.568130 -9.749760 9.974654 12.328226 17.308611 5.757983 -15.675053 -16.009401 19.634577 -12.234245 5.996720 2.089256 3.411286 6.675076 -4.468864 -6.566081 -11.630314 7.874993 27.425030 17.246086 -11.375488 -2.523501 10.246783 17.114799 -1.339658 -18.132786
0.934294 11.979993 11.590559 0.100747 -11.423759 -7.766829 10.097278 12.477116 16.289848 7.791767 -16.169989 -20.271673 18.802208 -12.766706 4.368434 2.525138 3.509537 4.631593 -5.340118 -6.110323 -10.040543 6.285705 25.863823 19.260363 -9.804391 -0.698951 12.203559 19.891190 -7.773548 -19.421030
-0.856234 15.600686 10.583220 2.454829 -14.001997 -5.185279 9.902808 12.160748 14.947637 9.025558 -16.745285 -23.905685 17.346241 -12.646698 1.728984 2.274046 5.456472 2.990039 -6.912079 -4.985498 -8.656773 2.517451 22.089010 21.427416 -8.063185 -0.718679 14.183530 22.751572 -13.151774 -17.862997
-4.153102 19.241205 9.442300 5.759536 -16.814167 -2.531231 9.789202 12.143286 13.288330 11.539009 -19.201900 -28.958393 13.954751 -11.247001 -0.102018 2.568027 7.268320 1.092247 -7.009722 -4.744734 -6.481379 -1.375554 14.466530 21.482864 -8.285198 -3.379093 15.262589 25.025547 -20.092085 -15.804646
-6.383291 23.777502 7.995387 4.426708 -18.128000 -0.411788 8.769448 11.242004 11.800120 12.511693 -19.548040 -32.417828 8.783076 -10.797169 -1.645042 0.179742 10.545220 0.308157 -8.353700 -4.860511 -3.543893 -7.090513 7.206181 20.428179 -9.059992 -6.022275 14.611482 25.177227 -26.111006 -16.492392
-9.978606 27.177280 5.684284 -1.070117 -17.416452 1.205696 8.176776 10.622703 10.945539 12.392344 -17.329918 -33.349796 6.007482 -9.773960 -1.344614 -2.088623 13.998405 0.299288 -11.720360 0.148875 -0.548939 -12.515170 0.337052 18.842867 -9.053893 -7.368526 14.599711 25.562557 -27.636032 -15.958878
-14.571456 28.341345 2.093540 -4.836656 -15.175180 3.843917 8.888854 9.444209 12.355239 11.008526 -12.625975 -31.856857 5.312833 -5.543445 3.876153 -3.884150 14.562753 -0.759269 -18.347658 11.454808 4.883653 -19.252592 -10.394419 13.891928 -10.921270 -8.853687 13.616169 25.884975 -27.675514 -17.520624
-20.234186 26.645786 -3.032547 -6.830019 -11.512968 7.602258 10.048219 7.314192 15.841751 10.045583 -7.905578 -29.415852 5.119391 1.721219 9.775563 -3.221535 11.834476 0.225726 -23.950802 20.590816 11.635249 -24.100296 -18.014204 10.963293 -12.727726 -8.928795 14.281842 25.351330 -25.348383 -18.115232
-25.787066 22.546677 -7.040333 -6.729420 -6.616334 12.400644 12.273061 4.053793 21.007484 10.264347 -4.817099 -24.555336 4.245325 9.517115 12.633188 -0.878519 9.621762 2.673698 -28.586199 24.654379 16.544069 -27.769224 -24.288229 8.880164 -15.069048 -11.341114 13.903350 23.317749 -24.894764 -15.918185
-28.115049 17.990747 -7.820594 -5.546368 -3.202056 15.532764 13.652757 0.856058 24.705057 10.556557 -2.820956 -21.484816 3.723481 14.006235 13.412906 4.099846 7.690650 4.949669 -29.445818 24.231541 20.944754 -28.129377 -25.665903 5.548245 -17.732878 -10.574836 14.098345 19.204582 -25.587452 -15.978429
-32.602962 12.327589 -6.217331 -4.659590 -1.817163 18.686769 12.496215 -3.803592 26.883623 11.632742 -1.440741 -17.093128 1.103759 19.821119 13.826180 10.555956 6.117095 8.669068 -30.143305 21.058035 24.179178 -24.688353 -25.393454 0.366110 -20.023258 -6.847238 16.994986 17.015446 -24.132383 -16.124353
-37.451157 8.147058 -1.956295 -2.625751 -2.549997 21.185200 10.171299 -8.593340 26.389181 13.756195 -1.547936 -13.641205 -2.332013 25.025148 14.984550 17.368086 4.659002 10.791777 -28.807364 16.152082 26.510672 -22.088888 -23.841373 -3.240416 -22.628304 -5.421022 18.964363 13.662210 -23.784380 -15.159399
-40.393223 4.251379 -1.756371 0.578063 -4.175518 22.026800 5.988181 -12.469146 25.209070 14.829601 -3.617247 -9.493342 -8.016626 31.069448 18.200859 20.608366 1.733699 13.083432 -27.406231 11.255897 28.292765 -18.645372 -19.657286 -3.730940 -24.508274 -5.638925 19.313499 9.105677 -27.026787 -14.796581
-40.207619 1.863891 -1.209977 2.411003 -4.909691 22.623669 3.048565 -15.693609 24.470301 15.572855 -6.138023 -6.218867 -12.034980 34.795254 20.627884 21.508621 0.055267 14.967742 -26.261251 8.710397 28.257708 -14.444394 -17.310972 -3.991255 -25.944120 -5.069388 19.695751 6.362558 -30.394321 -14.843271
-39.984875 0.507674 -0.527659 3.433870 -5.287527 22.574392 1.862546 -16.939692 23.874659 15.957877 -6.369073 -5.491689 -13.096568 36.463505 21.662647 21.435848 0.034074 15.803233 -25.595076 8.002379 28.157904 -12.623044 -15.500768 -3.929165 -26.409073 -4.632242 19.779129 4.560782 -31.528387 -14.781780
-39.433163 0.252405 -0.725279 3.624010 -5.386621 22.223366 1.552023 -16.919407 23.793375 15.695337 -6.163598 -5.330868 -13.045950 36.577679 21.940502 21.483110 0.078115 15.866595 -25.105457 7.695106 27.565920 -11.928524 -15.075100 -3.709256 -26.677794 -4.126357 19.993296 4.154111 -31.579967 -14.897520
-39.699974 0.284849 -0.622333 3.599572 -5.300215 22.423460 1.732766 -16.978258 23.860357 15.854836 -6.127592 -5.387459 -13.014867 36.453365 21.855032 21.445257 0.043770 15.872931 -25.189198 7.786933 27.645906 -12.124263 -15.147896 -3.785600 -26.658043 -4.194273 19.916349 4.167861 -31.618216 -14.957379
-39.988216 0.388437 -0.527481 3.514532 -5.252673 22.566622 1.901222 -16.953556 23.896660 15.988081 -6.298656 -5.491220 -13.135954 36.492344 21.872890 21.407652 -0.059413 15.815124 -25.295597 7.914921 28.097103 -12.506653 -15.194149 -3.838762 -26.514748 -4.372251 19.776299 4.178792 -31.859442 -15.026994
-40.518131 0.759381 -0.544796 3.281106 -5.207016 22.793207 2.285110 -16.735064 24.085386 16.024296 -6.380199 -5.696981 -13.029315 36.610699 21.735075 21.596001 -0.189253 15.769851 -25.950499 8.421813 28.433279 -13.244456 -15.607800 -3.904811 -26.408056 -4.486336 19.676254 4.431692 -31.943636 -15.237605
-40.754932 1.227269 -0.690078 3.025438 -5.059956 22.924301 2.876547 -16.268177 24.388262 15.936929 -6.527301 -5.820987 -12.645526 36.217705 21.668308 21.672897 -0.298764 15.496198 -26.120855 8.778779 28.437658 -13.912408 -16.096235 -3.941627 -26.310297 -4.421575 19.656330 4.866096 -31.795725 -15.517908
-41.362354 1.763421 -0.979828 2.648504 -4.828776 23.183289 3.568752 -15.759024 24.654467 15.996047 -6.528482 -6.158765 -12.384131 35.612724 21.516895 21.781311 -0.435608 14.905177 -26.222681 8.955456 28.748236 -14.856147 -16.646156 -3.931095 -26.084484 -4.419423 19.670570 5.389776 -31.729979 -15.723077
-41.866360 2.227729 -1.353852 1.869192 -4.529980 23.030104 4.335241 -14.830956 24.893381 15.665247 -6.198645 -6.948588 -11.467727 35.098808 21.225739 21.879137 -0.414779 14.223054 -26.736685 10.083277 29.148466 -16.016870 -17.368639 -3.711165 -25.733240 -4.562136 19.679989 6.165122 -31.278505 -15.771085
-42.073917 2.925873 -1.138945 1.435615 -4.174633 23.067972 5.645582 -13.860486 25.316179 15.381414 -5.588627 -7.898359 -10.538032 34.330433 20.877028 21.992422 -0.219020 13.789110 -26.935951 10.778791 29.588997 -17.387667 -17.754045 -3.518470 -25.239162 -4.479506 19.482574 6.712179 -30.709837 -16.220932
-42.256817 3.819898 -1.116643 1.034517 -3.916247 23.344995 6.733756 -13.196657 25.515881 15.490570 -5.031528 -8.706794 -9.456839 33.261406 20.224281 21.967539 0.135045 13.082972 -26.850309 11.136104 29.702265 -18.700418 -18.287863 -3.657035 -24.819164 -4.607515 19.202581 7.217165 -30.053608 -16.398205
-42.063297 4.510591 -0.920616 0.469991 -3.730906 23.360060 7.392847 -12.704951 25.502356 15.187172 -4.528062 -9.769105 -8.136764 32.248272 19.732664 21.932497 0.231850 12.493279 -27.382330 12.333920 29.572447 -19.933981 -18.417686 -3.572673 -24.384680 -4.526299 19.045860 7.546354 -29.457895 -16.553486
-41.665394 5.031343 -0.768788 0.046730 -3.507183 23.300589 8.017219 -12.188702 25.574938 14.977720 -4.244233 -10.245038 -7.738336 31.874613 19.867535 21.786736 0.308557 11.887183 -27.631172 13.060773 29.606546 -21.142939 -18.794096 -3.625182 -24.133614 -4.324682 18.989864 7.805242 -29.348640 -16.928499
-41.961155 5.491698 -0.705373 -0.409144 -3.043674 23.597939 9.077577 -11.630832 25.912413 14.986124 -4.208565 -10.811441 -6.985891 30.958103 19.769360 21.660625 0.379810 11.050750 -27.359776 13.656880 29.585110 -22.467176 -19.465139 -3.652168 -23.876152 -4.310395 18.834444 8.222511 -28.977882 -17.191219
-42.319996 5.927467 -0.742870 -0.833157 -2.778411 23.664665 9.902431 -10.962168 26.062202 14.841825 -3.485653 -11.575294 -5.952475 29.825281 19.373634 21.769182 0.505053 10.382316 -27.545053 14.497109 29.713799 -23.465290 -19.865843 -3.604665 -23.608530 -4.213492 18.693323 8.574142 -28.524450 -17.514887
-42.063816 6.085532 -0.491299 -0.901819 -2.677175 23.428040 10.367478 -10.430655 25.934736 14.898997 -2.674265 -12.374791 -5.052669 28.855085 19.178612 21.849667 0.647192 9.890733 -27.452145 15.001201 30.019638 -24.189772 -19.902952 -3.593156 -23.386122 -4.051903 18.656693 8.682679 -28.001762 -17.754448
-41.630146 6.285857 -0.160636 -1.170084 -2.432873 23.214792 10.988187 -9.913031 26.016901 14.790975 -1.966835 -13.088605 -4.539737 28.193897 19.156044 21.669298 0.782612 9.605468 -27.365965 15.261071 30.180489 -24.833208 -19.919853 -3.748069 -23.102449 -3.805494 18.632887 8.948539 -27.416578 -18.102537
-41.485729 6.675964 -0.335198 -1.285236 -2.392223 23.017807 11.407169 -9.346104 26.037100 14.621770 -1.685520 -13.520732 -4.305307 28.028700 19.295687 21.639030 0.927682 9.318553 -27.525373 15.704825 30.147497 -25.278208 -20.121286 -3.858231 -22.943371 -3.666105 18.619270 9.200144 -27.254763 -18.347771
-41.722736 6.758384 -0.575213 -1.109516 -2.435635 22.999792 11.560659 -9.118663 26.069208 14.605032 -1.560527 -13.705682 -4.055516 27.574772 19.391644 21.731546 0.833931 9.155551 -27.365011 15.760061 30.094360 -25.493738 -20.059122 -3.911792 -22.949747 -3.501313 18.591421 9.204669 -27.098192 -18.657106
-41.894749 6.817767 -0.743061 -1.069897 -2.431624 23.028910 11.713791 -8.966506 26.140499 14.588817 -1.451627 -13.854510 -3.974491 27.312428 19.464064 21.613466 0.780509 9.093495 -27.362135 15.914827 30.057484 -25.702507 -20.148277 -3.878763 -22.943222 -3.505807 18.547981 9.239956 -27.189795 -18.789490
-41.904369 6.836887 -0.778152 -1.064121 -2.425357 22.957069 11.804275 -8.838622 26.182524 14.500315 -1.553413 -13.953835 -3.896303 27.191156 19.575134 21.602961 0.665343 8.967565 -27.353184 16.098398 30.029650 -25.812664 -20.134361 -3.964241 -22.894360 -3.487381 18.515251 9.317669 -27.142347 -18.906738
-41.870201 6.811055 -0.767820 -1.066773 -2.413795 22.914301 11.829379 -8.792925 26.178490 14.532653 -1.578519 -13.988237 -3.818485 27.114689 19.659866 21.533030 0.616626 8.929953 -27.288012 16.229528 29.942335 -25.845915 -20.072279 -4.015649 -22.850183 -3.451750 18.526205 9.374262 -27.071922 -18.932821
-41.867393 6.818845 -0.792704 -1.066770 -2.420522 22.901194 11.828874 -8.772798 26.177984 14.533124 -1.596345 -13.998234 -3.853386 27.146597 19.730326 21.576590 0.562090 8.934216 -27.278524 16.234467 29.960815 -25.885952 -20.058851 -4.049042 -22.839727 -3.434197 18.518301 9.367270 -27.093161 -18.969763
-41.723984 6.900048 -0.772862 -1.234607 -2.351126 22.836794 11.902671 -8.714081 26.240343 14.368426 -1.473357 -14.147353 -3.612698 26.747620 19.516195 21.197428 0.768827 8.788337 -27.357117 16.448824 29.797478 -25.980558 -20.057266 -4.106111 -22.747643 -3.507374 18.446363 9.495152 -26.936781 -18.954081
-41.238697 7.530347 -0.824886 -1.628404 -2.201821 22.690882 12.386338 -8.263838 26.393087 14.024147 -1.165711 -14.313551 -3.001916 25.797663 19.283550 20.856661 0.983193 8.551867 -27.536650 16.979614 29.214724 -26.411674 -20.146189 -4.083908 -22.433811 -3.510050 18.220716 9.902986 -26.529627 -19.119009
-40.492947 8.118912 -1.076253 -2.188939 -1.911765 21.865534 13.217765 -6.963311 26.699017 12.994126 -1.073807 -14.504952 -2.209660 25.171009 18.453220 20.104799 1.626629 8.436185 -28.082159 17.619675 28.563416 -26.947716 -20.305735 -4.106132 -22.069414 -3.554993 17.858795 10.418392 -26.111164 -19.589989
-39.567406 8.633724 -1.446834 -2.770418 -1.429105 20.890741 14.213620 -5.482021 27.040613 12.053720 -0.981524 -15.297717 -0.063120 22.847773 17.775902 18.590719 2.536939 7.704683 -27.992054 19.212872 28.113085 -26.999136 -21.287142 -3.379553 -21.879292 -3.749383 17.659744 11.441341 -25.212648 -19.819975
-37.575527 9.695279 -1.381287 -3.176306 -1.270357 19.616325 14.985869 -4.098684 27.315332 10.660524 -1.545456 -15.551923 0.836828 20.812382 17.448431 16.476505 3.467580 6.737488 -27.902647 20.190575 27.171947 -27.659311 -22.302116 -2.609047 -21.453175 -3.854987 17.165794 12.490581 -24.194326 -20.468767
-35.696560 11.307323 -1.802996 -3.580973 -1.157604 17.868921 16.156509 -1.738385 27.219553 9.749249 -2.105287 -16.190636 2.170822 18.829021 17.180885 14.282029 4.314547 6.000499 -28.304863 22.369909 26.188826 -27.636967 -23.166916 -1.532172 -20.529976 -3.807910 16.595501 14.626428 -23.088070 -21.470066
-34.637939 12.488139 -1.387059 -4.351178 -1.530495 15.891420 16.070528 -0.091749 26.459974 8.371534 -1.734954 -17.218414 3.293410 15.893613 16.625977 11.816636 4.931195 5.445331 -28.156733 23.406813 24.862347 -28.000063 -23.703016 -1.526535 -19.999907 -4.928795 14.971747 15.844175 -22.790245 -22.442457
-33.203983 14.185629 -1.316121 -5.099290 -1.717344 13.887766 16.876326 2.358994 25.759951 7.116220 -1.069643 -18.291641 4.911805 13.886196 16.256500 9.182702 5.459059 5.163863 -28.432861 25.062399 23.690197 -29.234674 -24.468243 -0.975028 -19.148792 -6.146046 14.062468 17.207161 -22.313295 -22.311834
-31.897463 15.653413 -0.928152 -6.185512 -2.157365 12.172796 16.652048 3.912844 24.610140 6.377101 0.393490 -19.536572 7.145273 11.491108 15.966594 6.000777 5.974403 5.459341 -29.232578 27.744135 22.240570 -30.521717 -25.874170 -0.682179 -18.235456 -7.846246 12.014218 18.952343 -22.809776 -23.187649
-30.640436 16.768000 -1.377324 -7.233275 -2.600822 10.454533 16.293255 5.446004 24.148602 5.135148 0.134782 -19.839352 7.508060 10.060300 16.081829 3.384005 6.654148 4.785953 -28.454039 28.074232 20.257994 -30.806192 -26.547459 -0.195458 -17.637579 -9.692303 9.798933 20.310019 -23.259432 -24.069174
-29.211994 17.473553 -2.851509 -8.835176 -2.517448 8.615739 16.431753 7.507284 24.388105 3.630466 0.695150 -20.862270 9.635394 7.847262 15.522101 0.808875 6.761793 5.166782 -26.944014 28.098162 18.370359 -31.568733 -25.967403 0.019269 -16.883801 -10.929971 7.837916 21.527611 -24.242624 -25.664278
-28.384314 18.146502 -4.049744 -10.775312 -2.735905 6.371708 16.184406 9.929750 23.675167 2.401650 0.901256 -21.516239 10.800935 6.707505 15.115029 -2.083667 7.832484 5.327931 -25.935083 27.975603 15.400542 -31.972546 -23.640953 0.159883 -16.290592 -10.206927 6.816057 21.276312 -23.343409 -27.309784
-27.205141 18.693430 -5.359425 -12.443319 -3.490974 3.982746 15.096724 11.985797 22.848476 1.216050 0.921986 -22.818287 11.769094 4.553996 14.001659 -4.863478 9.535927 4.406664 -24.618118 27.046417 12.829009 -31.806730 -22.462671 0.854943 -15.114863 -9.069760 7.123807 22.631062 -21.102985 -27.684137
-26.265463 18.402056 -7.095254 -13.403408 -4.548635 0.432373 13.902035 15.258108 21.322451 0.813594 2.010094 -24.190241 12.866099 1.872679 11.964672 -6.793054 12.043785 3.887354 -23.122244 25.289108 10.433566 -31.615873 -19.099375 1.449071 -13.170357 -6.705451 8.523868 24.023697 -19.356298 -27.787840
-23.053740 18.692425 -11.846321 -12.426273 -5.752306 -4.482859 10.862002 17.368174 22.862577 -6.236644 2.163221 -22.703241 11.969565 -3.338087 5.499369 -11.820459 17.576824 6.652916 -24.324850 21.161028 7.562633 -35.664284 -13.978123 0.938072 -10.285909 -6.158076 8.850222 23.241375 -13.379536 -25.406538
-20.588675 18.159172 -14.783941 -12.590454 -7.512488 -8.876836 8.142466 20.498533 20.706381 -6.252433 3.112919 -25.105532 11.470494 -5.968868 3.081331 -14.991874 19.776962 6.714227 -20.089159 15.666262 4.017700 -36.445217 -9.224528 0.941352 -7.880427 -4.469831 7.965419 24.389353 -10.502605 -26.976213
-14.702980 17.602602 -17.935772 -13.010018 -9.325426 -13.732545 3.433853 22.072853 18.040255 -6.258507 2.743123 -26.166733 8.872413 -7.403893 2.804844 -17.823874 20.558584 7.388899 -14.597738 8.000410 -1.740677 -36.077278 -4.601929 1.517909 -6.150261 -4.628562 5.731577 25.239311 -6.397433 -27.325891
-9.097339 16.897045 -20.521633 -11.278399 -11.165890 -17.440001 -0.238530 22.960806 16.348001 -6.585492 1.388346 -26.429268 6.943007 -7.791474 2.476700 -20.653782 20.189514 8.978456 -9.871614 0.766247 -7.699481 -35.129704 -1.690984 5.782283 -6.538481 -5.433752 3.779099 25.578707 -2.211676 -27.925188
-2.762527 14.990738 -21.350098 -9.752849 -11.249588 -20.031099 -2.093320 23.016209 15.516190 -4.397558 -0.025181 -25.514740 6.847312 -7.844804 2.998826 -22.306837 18.556784 10.070082 -6.648997 -4.482237 -11.930917 -33.827820 1.172353 8.661282 -7.115652 -5.818985 2.552711 25.620300 2.199625 -28.433315
0.702355 11.820411 -18.091419 -11.761524 -10.439837 -22.306774 -3.026119 22.752594 14.629126 -2.385416 0.755763 -23.302357 8.381473 -8.111824 5.006301 -22.779188 16.755985 10.281026 -5.312634 -5.815678 -16.380384 -32.011021 3.148954 8.527534 -8.243265 -6.835651 1.481312 24.882948 4.336095 -28.041449
2.615385 7.933057 -15.717976 -12.765982 -8.488628 -24.039875 -2.863812 22.307125 15.338671 -1.174780 3.100864 -20.507874 11.403350 -7.179513 6.747051 -23.096506 15.832979 10.058050 -4.448047 -5.831443 -16.987011 -29.497465 6.004095 7.790781 -9.230882 -7.597335 0.937735 23.008024 8.577878 -26.842117
3.492736 3.993325 -14.337601 -14.724276 -6.800856 -25.979792 -4.421751 21.103798 15.440163 0.216135 3.629951 -17.094738 13.137697 -5.851272 8.471305 -22.918642 13.806534 10.821385 -3.686258 -7.718732 -18.935408 -27.808271 6.481117 6.691045 -11.513247 -11.413324 -0.542000 20.728985 15.090226 -23.209146
5.234394 -0.806705 -13.954329 -16.286020 -6.459876 -29.269995 -10.215379 18.248295 13.883345 0.748368 2.920570 -12.969584 12.295665 -4.439992 9.835899 -22.778290 13.183359 12.041368 -3.763803 -9.103862 -20.373899 -28.144148 3.925720 3.628997 -15.410812 -16.118031 -1.638490 17.251585 19.777617 -18.651083
6.521808 -4.808278 -13.313942 -15.500898 -6.321407 -30.851355 -14.901153 14.846083 12.692415 2.023062 1.903985 -8.348967 10.328640 -2.687898 11.608435 -21.057259 13.329624 14.565125 -3.241888 -9.600993 -18.303720 -28.822718 0.075904 1.796832 -18.693384 -20.130730 -2.163695 14.068033 22.117533 -14.483854
7.048786 -7.236772 -9.689287 -14.449085 -6.356706 -30.735350 -16.124977 12.151654 12.089420 2.441223 -2.332487 -5.113371 8.765355 -1.145258 14.153745 -19.131861 10.758882 15.942966 -1.625422 -10.558482 -18.397211 -25.476255 -2.036147 0.450736 -21.826365 -21.876884 -3.179758 11.691256 20.753588 -13.693737
6.145349 -9.548584 -6.140445 -13.577505 -6.107395 -29.568617 -16.309910 9.421217 12.153658 2.056718 -5.253267 -1.959662 8.065675 0.274140 15.735435 -16.605852 8.398119 16.840206 0.058675 -12.847097 -17.108099 -20.916124 -2.360497 -1.319296 -24.153915 -22.568373 -3.295604 9.058167 20.460058 -12.620746
6.657553 -11.008934 -5.792471 -11.762605 -6.329507 -28.625008 -17.632362 6.863900 12.179850 2.264279 -6.947448 0.499190 7.544640 1.795436 16.508575 -15.760721 7.326851 16.816528 0.261720 -13.938742 -14.831196 -18.039091 -1.450546 -3.576095 -25.381012 -22.829712 -3.229098 6.121365 19.844774 -11.401243
6.788629 -12.447297 -4.774211 -10.921937 -6.224176 -27.796782 -18.200493 4.946405 12.048098 2.457713 -7.795606 3.249427 6.019719 3.421907 16.758133 -14.410991 7.392261 16.319387 0.018749 -15.822885 -13.111972 -13.971802 -2.895315 -5.802252 -26.505116 -22.887745 -4.106316 6.324356 17.852413 -12.889059
5.978174 -14.602049 -3.355834 -11.435990 -5.754919 -27.109091 -19.219463 2.812704 11.852470 2.812481 -6.952024 5.243406 5.739305 4.333429 16.717701 -13.207440 8.872605 15.550611 -0.054882 -16.639673 -9.979708 -8.653275 -4.746948 -9.160225 -27.701447 -23.218042 -5.014568 7.690789 16.555248 -14.956888
5.102526 -16.429499 -1.451280 -12.007723 -5.997740 -27.463932 -20.638325 1.513419 11.249520 2.471375 -6.329688 6.625684 5.334137 5.002344 16.878614 -11.780846 9.498469 15.262986 0.026912 -17.600248 -7.308308 -3.653002 -4.835795 -11.429405 -28.520515 -25.168262 -7.082341 8.422827 15.643041 -16.490965
4.096959 -17.686295 0.069963 -12.216190 -6.043750 -27.376364 -20.982979 0.905435 11.268515 1.980536 -5.223047 7.744867 3.894544 6.028778 16.571869 -10.472054 11.772997 13.127124 0.266446 -18.875481 -4.667232 0.575081 -3.683182 -12.395195 -28.947243 -25.873524 -7.765780 8.230986 15.785192 -17.180056
1.970821 -18.771156 2.184777 -12.104517 -5.835999 -25.421476 -20.889627 -0.985041 11.619055 2.500509 -4.083508 8.589034 3.756530 6.631931 16.095467 -8.649503 13.111262 11.864102 0.206402 -19.061838 -2.528443 4.017859 -1.770855 -12.870366 -29.475401 -24.667501 -6.323036 6.666076 14.794436 -16.734318
-0.480605 -20.196428 4.807824 -12.707539 -5.667484 -24.336325 -20.767162 -2.269670 12.166101 1.926620 -2.442706 9.742984 4.456425 6.956560 16.167995 -5.796649 13.950593 10.895217 0.300977 -18.791216 -1.668838 6.589546 0.830933 -13.311007 -30.124996 -22.862366 -4.529144 4.448652 11.925406 -16.497126
-1.914222 -20.560450 7.467905 -11.751513 -6.176370 -22.679461 -20.845352 -3.968447 12.140921 2.422709 -0.325609 9.890015 4.670903 7.167485 15.952924 -4.108890 15.803468 9.178298 0.294834 -18.565676 -0.292429 7.898943 2.326406 -13.351068 -30.389252 -21.472290 -2.586331 2.882455 9.429178 -15.724444
-2.857420 -20.234804 9.057153 -10.720669 -6.600197 -21.009527 -20.461012 -5.086082 12.339382 2.830419 2.301346 9.325104 5.418540 6.841160 15.442999 -3.057274 17.879238 7.664142 0.190929 -17.842348 0.144561 7.927679 3.293029 -12.850092 -30.393246 -21.091063 -1.571899 2.097737 6.277960 -15.210619
-3.702755 -19.686995 10.122297 -9.503930 -7.238993 -19.729723 -20.204548 -5.777718 12.286315 3.176619 3.725296 8.968575 6.215747 6.521939 15.184188 -2.003376 18.714289 7.132731 0.036672 -17.066526 0.308445 7.589293 3.803671 -11.853744 -30.288254 -21.340767 -0.975515 1.600287 3.851887 -14.505774
-4.410668 -19.290920 11.251614 -8.567073 -7.735779 -18.723557 -19.931961 -6.338192 12.263250 3.410820 4.388421 8.680270 6.490497 6.424156 14.999446 -1.417281 19.452135 6.535988 -0.111909 -16.523891 0.051371 6.980077 4.403772 -10.905147 -30.106289 -21.549606 -0.551295 1.149982 2.504771 -13.788085
-4.638309 -19.114050 11.891205 -8.133043 -7.825740 -18.009235 -19.690996 -6.787994 12.352831 3.663258 4.680742 8.432085 6.324965 6.443730 14.901845 -1.402076 20.034002 6.060649 -0.131279 -16.432627 -0.233187 6.486609 4.883822 -10.053431 -29.970316 -21.826864 -0.372864 0.702842 1.551995 -13.195928
-4.745355 -18.894167 12.282643 -7.479025 -8.121735 -17.461079 -19.766790 -7.239560 12.255917 3.988648 5.123987 8.434095 6.563949 6.407369 14.844489 -0.819633 20.317240 5.759461 -0.217417 -16.236635 -0.200104 6.208561 5.113196 -9.593016 -29.809952 -21.891571 -0.187805 0.570805 1.076635 -12.885653
-4.773402 -18.842451 12.465010 -7.309608 -8.168655 -17.268270 -19.710989 -7.352856 12.266619 4.092394 5.316478 8.428464 6.710436 6.362048 14.859575 -0.570881 20.332022 5.721482 -0.190268 -16.175278 -0.145188 6.177606 5.096076 -9.490849 -29.794535 -21.940342 -0.153396 0.543489 0.897984 -12.806052
