-2.679456 -15.317195 22.034304 -21.075985 -5.846622 -13.201122 -17.980616 -11.734907 12.698886 -3.579183 11.204758 14.799403 0.198067 -4.842362 20.588497 4.647948 15.907717 -0.608266 -6.402970 -13.914199 -1.526220 19.064396 17.475397 -22.445732 -21.162115 -20.562246 6.218692 3.886971 -0.978432 0.974584
-2.230172 -15.364089 21.544458 -21.150827 -5.717699 -13.492713 -18.046310 -11.551191 12.717852 -3.561332 10.947527 14.859247 -0.060918 -4.783353 20.628742 4.335381 15.771796 -0.359245 -6.294087 -14.224431 -1.991433 18.996010 17.438688 -22.555708 -21.154018 -20.773472 5.731506 4.130971 -0.427555 0.687505
-1.450952 -15.394685 20.780649 -21.141075 -5.900255 -14.332974 -18.613930 -11.172968 12.382026 -3.728063 10.230354 15.210883 -0.405965 -4.672844 20.926565 3.779041 15.316123 0.304241 -5.944205 -14.817519 -2.909843 18.479586 16.800982 -22.831060 -21.171810 -20.915394 5.061658 4.796237 0.899054 0.150065
-0.275943 -15.413506 19.545223 -21.203348 -6.070321 -15.506752 -19.364510 -10.623039 12.008650 -3.835483 8.915912 15.030257 -0.469879 -4.981448 21.427673 2.530456 14.056096 1.878870 -5.417465 -15.171910 -4.229174 17.433065 15.463905 -23.081823 -21.156311 -21.072926 4.218951 5.981301 3.688003 -0.427193
1.622264 -15.408034 17.834141 -21.200712 -5.983332 -16.751373 -20.068542 -10.032013 11.810032 -3.715512 7.402145 14.817279 -1.025094 -4.997325 21.699799 0.556575 13.281261 2.881849 -5.212356 -15.595294 -4.971043 16.464930 13.613693 -23.518139 -21.102818 -21.305870 3.382630 7.509083 6.345218 -1.157424
3.500293 -15.292719 15.859795 -21.124805 -5.913193 -17.973768 -20.775791 -9.421135 11.580731 -3.498900 5.856451 14.722527 -1.764489 -4.657557 22.053341 -1.118866 12.284877 3.748497 -5.134552 -16.201639 -5.245624 16.234360 11.822180 -24.254988 -21.175100 -21.564144 2.511113 8.948632 8.585416 -2.080042
4.578124 -15.277947 14.721375 -21.073858 -6.020108 -18.781752 -21.633842 -9.304303 11.179947 -3.223949 4.218661 14.744953 -2.018585 -4.669377 22.234621 -1.956904 11.062175 4.917975 -5.170553 -16.664389 -5.950533 15.760365 9.995161 -24.294060 -21.156616 -22.342350 1.377461 10.459345 10.350617 -2.779872
5.827281 -14.953461 13.250257 -21.074062 -6.041296 -19.807524 -21.848568 -8.425802 11.081248 -3.361433 2.702164 14.538726 -2.453342 -4.779286 22.137417 -3.408163 10.472142 5.717690 -5.357744 -16.790766 -7.036635 15.200555 8.461780 -24.172995 -21.329279 -23.195896 0.323868 11.413110 12.126476 -3.098963
6.937174 -14.627652 11.875004 -21.462337 -5.911666 -20.929266 -21.865376 -7.339493 11.024492 -3.643370 2.037648 14.280910 -2.517808 -4.932058 22.098694 -4.076495 9.960505 6.334628 -5.445891 -16.826515 -8.002946 14.608533 7.423295 -24.093283 -21.445873 -23.889357 -0.506309 11.984393 13.096283 -3.251640
7.300488 -14.402446 11.260338 -21.414076 -6.019472 -21.250376 -22.019117 -7.043673 10.906919 -3.682760 1.679307 14.002507 -2.649963 -4.978472 21.979469 -4.533192 9.871984 6.481808 -5.528926 -16.812384 -8.659957 14.014668 6.937959 -23.995544 -21.477417 -23.985977 -0.733417 12.264608 13.750278 -3.319469
7.204724 -14.399280 11.340024 -21.371117 -5.958394 -21.097149 -21.825172 -7.035406 11.046567 -3.719095 1.568032 14.137426 -2.443956 -5.045705 22.071831 -4.151318 9.599763 6.686195 -5.465412 -16.788620 -8.633130 13.853482 7.265215 -23.950510 -21.449171 -23.751537 -0.449189 12.021364 13.897453 -3.128485
5.843420 -14.839403 13.430626 -21.581093 -4.940206 -19.663023 -19.161974 -6.906737 12.481479 -4.291755 3.070271 14.613688 -0.846905 -5.200897 22.459927 -1.262669 9.170661 6.222382 -5.197543 -15.989748 -7.349525 12.755126 10.050195 -23.788958 -20.974863 -21.286716 2.367721 9.843750 13.625467 -1.614346
3.297294 -14.934166 19.499529 -20.753971 -4.245963 -16.143881 -14.891452 -7.824998 14.066311 -4.263149 7.787910 13.716719 2.516999 -6.198174 22.297375 2.730785 9.698831 4.758531 -5.087001 -13.841371 -4.783505 12.121608 15.735535 -23.120272 -20.673349 -19.526678 5.930800 4.633147 8.982423 1.676562
1.032814 -14.011538 23.336643 -17.587330 -3.561543 -10.823659 -11.117352 -10.116927 16.322927 -3.419124 11.505616 11.415282 4.594035 -6.875003 19.850311 11.101529 9.936732 5.453585 -5.749338 -13.092151 -0.337534 7.725191 20.429514 -23.586729 -19.470455 -20.095373 7.362232 -0.726966 -0.371612 4.272556
0.954311 -13.110620 23.097784 -11.937159 0.853615 -1.196936 -4.461844 -14.785249 23.282961 -0.280188 13.223642 9.048118 7.638158 -7.307836 17.730675 17.816053 9.301150 5.168731 -11.426970 -5.768544 4.576125 -0.416602 20.040976 -26.648600 -17.455280 -16.551472 11.770038 -1.946044 -4.742909 5.605306
1.251177 -9.258676 18.065109 -8.207461 0.884800 3.161573 -4.298293 -16.946484 25.574526 1.364302 12.107767 6.732183 6.822910 -6.179596 15.827642 16.840414 10.720604 3.050815 -17.941486 0.288315 4.232304 -6.797769 19.859129 -25.605597 -16.356354 -13.699511 15.140031 -1.888161 -6.316714 7.084378
1.194447 -6.213461 13.345884 -6.461458 -0.429747 4.975206 -6.996116 -18.823517 24.469679 3.944167 11.021421 5.141872 3.564882 -5.015844 13.907184 12.089370 13.716233 1.691873 -21.636276 1.751691 2.865251 -9.715116 16.486441 -20.715322 -16.548038 -10.758522 19.980612 -0.447682 -8.163275 10.546148
2.115818 -5.418439 8.168455 -5.142800 -2.306420 6.052313 -12.417050 -21.837849 22.276175 7.225026 9.941949 6.174405 -0.922696 -1.681013 12.719447 8.123921 15.312586 1.065518 -24.319510 -0.558601 -0.487436 -8.134957 14.874286 -16.142357 -17.017899 -7.193426 23.756737 1.767239 -2.811003 12.497255
4.550240 -5.393434 4.638206 -3.968535 -3.245243 5.996890 -15.788480 -23.252501 20.821230 9.525908 6.968033 7.122961 -4.346960 0.050602 11.311602 6.731664 15.229535 2.163758 -25.402624 -3.810097 -2.673518 -7.558706 16.510855 -15.110473 -16.938477 -4.746272 25.369913 1.881531 2.703831 12.921835
6.236300 -5.734465 2.367271 -3.689451 -3.626359 5.258780 -17.480936 -23.325203 20.231489 10.456286 5.070674 8.311919 -6.611554 1.229436 10.918980 5.786433 14.864303 3.462372 -25.531544 -6.347631 -3.665381 -7.497192 17.827644 -15.180700 -16.576130 -4.104314 24.975904 1.823454 6.034308 12.514992
6.502106 -5.877027 2.107222 -3.586830 -3.605757 5.225066 -17.694691 -23.436274 20.200682 10.614708 5.073452 8.537332 -6.747822 1.362888 10.806531 5.943536 14.831458 3.659775 -25.472816 -6.714942 -3.913863 -7.455838 18.003458 -15.076586 -16.527319 -3.984730 24.932695 1.830408 6.321252 12.437302
6.683367 -5.962397 1.707747 -3.471485 -3.629371 5.354548 -18.066456 -23.717272 20.146807 10.734605 4.445775 8.811671 -7.460504 1.711793 10.587625 5.846436 14.832010 3.663513 -25.393278 -7.574935 -4.073369 -7.245542 18.675648 -15.140475 -16.456209 -3.697227 24.989153 1.518585 6.435676 12.370636
7.057363 -6.298511 1.098098 -3.248165 -3.901667 5.326432 -19.052269 -24.218819 19.912260 10.863092 4.181586 9.320096 -8.083680 2.347273 10.493876 6.066199 14.673511 3.693944 -25.295912 -8.554401 -4.242545 -6.695065 19.631872 -15.487492 -16.483908 -3.497728 24.946121 1.000060 6.432402 12.219866
7.114799 -6.795065 0.541915 -3.064144 -4.325331 5.330879 -20.299982 -24.874496 19.517828 10.878614 3.703027 9.877080 -9.159809 3.257872 10.297400 6.205382 14.661316 3.500294 -25.187967 -9.910466 -4.727112 -5.338612 20.998014 -15.975822 -16.635290 -2.850364 25.048325 0.419042 7.382771 11.874578
7.536573 -7.102796 0.026392 -2.489278 -4.946594 5.241529 -21.642120 -25.516914 19.020102 10.879875 2.753216 10.722590 -10.523196 4.402926 10.745646 6.099342 13.989192 3.856381 -24.604099 -11.941826 -4.696947 -4.629704 22.887865 -16.171701 -16.281504 -2.159649 25.132641 -0.261376 7.375480 11.514787
7.922945 -7.773978 -0.071243 -1.793875 -5.644485 4.867318 -23.039982 -26.103588 18.407951 10.522616 1.502943 11.694751 -12.011404 5.456131 11.427665 5.760235 13.315166 4.005531 -23.843733 -13.779220 -4.570853 -3.216611 24.736994 -16.526234 -16.004900 -1.337768 25.113682 -0.901668 7.467266 10.927027
7.918140 -8.720272 -0.170622 -1.426226 -6.070459 4.544413 -24.305044 -26.712353 17.921371 10.108602 0.683075 12.408566 -13.215892 6.379064 11.789408 5.730396 12.750627 4.282696 -23.210051 -15.327699 -4.414952 -1.324703 26.907579 -17.092447 -15.892035 -0.514314 25.175014 -2.104008 7.676764 10.611490
8.251446 -9.928552 -0.744441 -1.095143 -6.250485 4.276285 -25.589376 -27.416367 17.773664 9.911795 0.391688 13.521638 -14.569488 7.646078 12.025142 5.978586 12.558700 4.088044 -22.441170 -17.245068 -4.313817 1.229116 29.331699 -17.415009 -16.069994 0.647957 25.801439 -3.617036 7.489778 10.518294
8.472904 -11.088220 -0.969266 -1.173231 -6.032705 3.932380 -26.163689 -27.748489 17.882854 9.484003 -0.169384 14.219567 -15.685191 8.728250 12.163316 5.898439 12.173007 4.112756 -21.752974 -18.732948 -4.239610 3.189649 30.604498 -17.519865 -16.269217 1.257767 26.150499 -4.538678 7.271692 10.496268
8.656883 -11.685279 -0.972634 -1.184897 -5.901729 3.798433 -26.451218 -28.007118 17.957054 9.268717 -0.374308 14.347152 -15.983451 9.001274 12.308455 5.785920 11.854222 4.273452 -21.497267 -19.239069 -4.388378 3.906136 31.140884 -17.640301 -16.381165 1.535855 26.233116 -4.825286 7.293701 10.351319
8.646074 -11.658205 -1.020722 -1.169999 -5.953581 3.809061 -26.530754 -28.033707 17.907211 9.264807 -0.375222 14.374683 -16.007137 9.035446 12.343570 5.797644 11.794458 4.312274 -21.462456 -19.299084 -4.398923 3.956614 31.153242 -17.600788 -16.403105 1.559523 26.264624 -4.830822 7.280364 10.346842
8.649418 -11.659866 -1.021571 -1.163955 -5.952695 3.810889 -26.529476 -28.035362 17.909552 9.267426 -0.373231 14.373469 -16.008049 9.036171 12.342702 5.799888 11.791306 4.314899 -21.463167 -19.302919 -4.382262 3.947836 31.147505 -17.618551 -16.395967 1.549623 26.257484 -4.828482 7.286896 10.348410
8.649361 -11.659632 -1.021127 -1.164819 -5.952613 3.811268 -26.529373 -28.035391 17.908932 9.268648 -0.372820 14.373305 -16.008129 9.035629 12.343284 5.799829 11.791034 4.314645 -21.462864 -19.303068 -4.378423 3.945269 31.147352 -17.623114 -16.393682 1.546732 26.254311 -4.828587 7.287040 10.347874
8.645654 -11.661270 -1.021975 -1.160073 -5.953500 3.809993 -26.528240 -28.032806 17.908581 9.271698 -0.372742 14.372832 -16.008228 9.035249 12.342853 5.800260 11.791310 4.314547 -21.462299 -19.303846 -4.378218 3.946851 31.146526 -17.622553 -16.394066 1.546686 26.253433 -4.828829 7.285769 10.346840
8.644952 -11.662718 -1.023864 -1.159564 -5.952443 3.810613 -26.527889 -28.033155 17.909925 9.271896 -0.373807 14.372969 -16.008820 9.035914 12.342720 5.802148 11.790704 4.315039 -21.462152 -19.303606 -4.375172 3.942904 31.148930 -17.625072 -16.391104 1.542746 26.248503 -4.830331 7.287782 10.346449
8.644929 -11.662717 -1.023886 -1.159521 -5.952444 3.810620 -26.527874 -28.033192 17.909998 9.271711 -0.373883 14.372899 -16.008774 9.036062 12.342736 5.802192 11.790722 4.315036 -21.462061 -19.303608 -4.375172 3.942904 31.148930 -17.625072 -16.391104 1.542746 26.248503 -4.830331 7.287782 10.346449
8.638662 -11.664892 -1.025010 -1.161340 -5.955858 3.808217 -26.532850 -28.032541 17.907934 9.267000 -0.381974 14.376313 -16.011782 9.038984 12.347216 5.802779 11.787332 4.314769 -21.464453 -19.298864 -4.374601 3.954469 31.150400 -17.624403 -16.391975 1.551347 26.257486 -4.822046 7.282435 10.341703
1.214486 -7.174508 16.770548 -5.420068 -17.400034 -8.911741 -30.804832 -19.275986 5.511592 1.817668 0.494546 13.360837 -11.909274 -1.650775 14.121431 0.933958 22.819698 -6.737578 -9.891281 -20.247591 -6.587646 3.436408 33.195301 -14.043095 -15.106054 -8.456944 18.361774 -4.741829 5.882352 10.924063
1.214486 -7.174508 16.770548 -5.420068 -17.400034 -8.911741 -30.804832 -19.275986 5.511592 1.817668 0.494546 13.360837 -11.909274 -1.650775 14.121431 0.933958 22.819698 -6.737578 -9.891281 -20.247591 -6.587646 3.436408 33.195301 -14.043095 -15.106054 -8.456944 18.361774 -4.741829 5.882352 10.924063
1.214486 -7.174508 16.770548 -5.420068 -17.400034 -8.911741 -30.804832 -19.275986 5.511592 1.817668 0.494546 13.360837 -11.909274 -1.650775 14.121431 0.933958 22.819698 -6.737578 -9.891281 -20.247591 -6.587646 3.436408 33.195301 -14.043095 -15.106054 -8.456944 18.361774 -4.741829 5.882352 10.924063
1.202495 -6.717154 17.512388 -7.348465 -17.097963 -8.711813 -30.591440 -19.150162 4.810608 2.808009 0.349941 14.091434 -11.405471 -2.070042 13.723635 -0.577218 23.599951 -7.352200 -11.214602 -18.992758 -7.644855 3.976454 32.751900 -13.183084 -16.111534 -7.552347 19.087759 -5.147622 5.264364 10.227435
1.244079 -6.823639 17.439816 -7.267732 -16.975252 -8.661605 -30.475574 -19.105377 4.787825 3.342803 0.327004 14.124191 -11.322556 -2.063461 13.666194 -0.741864 23.683317 -7.382331 -11.253315 -18.964319 -7.669662 4.453554 32.676476 -13.205103 -16.147617 -7.593472 19.117304 -5.010880 5.210937 10.300709
1.232780 -6.829378 17.440956 -7.265108 -16.977005 -8.664093 -30.474171 -19.099266 4.784286 3.353140 0.319222 14.121837 -11.317216 -2.051699 13.669005 -0.743686 23.688284 -7.390578 -11.244378 -18.962231 -7.666181 4.455471 32.668835 -13.188302 -16.156816 -7.597473 19.114841 -5.015222 5.212054 10.298847
1.237731 -6.833261 17.435734 -7.257481 -16.970774 -8.657207 -30.472347 -19.107597 4.791609 3.360656 0.324370 14.125724 -11.302472 -2.060256 13.666988 -0.748328 23.685669 -7.392550 -11.243675 -18.958927 -7.667625 4.449666 32.674614 -13.189228 -16.153685 -7.604228 19.106569 -5.018737 5.210342 10.298944
1.210235 -6.845603 17.429483 -7.229187 -16.975595 -8.671246 -30.463194 -19.084465 4.791059 3.375221 0.316815 14.123677 -11.302030 -2.042931 13.658912 -0.755443 23.699743 -7.391925 -11.248547 -18.956184 -7.661979 4.433972 32.654327 -13.153496 -16.182467 -7.598378 19.109978 -5.038446 5.210402 10.278561
1.232993 -6.831865 17.438139 -7.244798 -16.973291 -8.663484 -30.468714 -19.101706 4.792954 3.355363 0.315781 14.126071 -11.305674 -2.046547 13.658229 -0.755253 23.699297 -7.389096 -11.252810 -18.956064 -7.661683 4.423631 32.665939 -13.162344 -16.180151 -7.591891 19.107878 -5.047428 5.208797 10.268618
1.234537 -6.830820 17.438335 -7.247932 -16.973040 -8.662951 -30.469784 -19.103182 4.793244 3.352468 0.311953 14.126073 -11.302946 -2.042187 13.656400 -0.755613 23.701332 -7.388688 -11.250658 -18.956041 -7.662817 4.422483 32.665672 -13.160811 -16.181166 -7.591465 19.108349 -5.048288 5.208755 10.268325
1.223989 -6.837304 17.433634 -7.238635 -16.973877 -8.667059 -30.466997 -19.095154 4.793045 3.360881 0.313695 14.126407 -11.306130 -2.045139 13.659357 -0.754729 23.698568 -7.389271 -11.251398 -18.956301 -7.660844 4.426293 32.659874 -13.154931 -16.184303 -7.594812 19.108042 -5.046470 5.210402 10.271408
1.220915 -6.839135 17.432980 -7.237378 -16.974146 -8.667860 -30.466003 -19.092535 4.792131 3.364856 0.317273 14.126796 -11.308932 -2.049334 13.660882 -0.754685 23.696472 -7.389866 -11.253592 -18.956785 -7.661341 4.425972 32.660400 -13.155767 -16.183805 -7.594573 19.108322 -5.046057 5.211103 10.271210
1.231132 -6.834125 17.438549 -7.248489 -16.973934 -8.663077 -30.468826 -19.099972 4.790794 3.358836 0.321190 14.127377 -11.314754 -2.056245 13.665744 -0.753574 23.690689 -7.392049 -11.255733 -18.957733 -7.659671 4.436434 32.660839 -13.160599 -16.179337 -7.600180 19.105377 -5.040827 5.215467 10.274486
