-10.682194 -11.156288 20.275372 -8.057575 -14.114429 -12.435968 -22.417694 -11.105474 8.803112 0.145204 6.927448 7.410683 1.280049 -1.647048 10.036456 6.606003 25.553116 -1.165023 -5.433993 -15.569764 -11.680048 -4.081379 21.982031 -4.861173 -24.661240 -21.878567 4.052380 -8.109589 -8.469259 0.493401
-10.736973 -11.111773 20.293026 -8.067667 -14.083682 -12.411339 -22.307848 -11.045111 8.833225 0.135571 6.930149 7.378415 1.313333 -1.660458 10.015089 6.613278 25.555016 -1.137399 -5.423764 -15.555701 -11.643453 -3.989840 21.966639 -4.926828 -24.665527 -21.930496 4.007809 -8.079238 -8.518268 0.457835
-10.899244 -10.969352 20.365938 -8.073538 -14.065565 -12.265924 -22.140480 -11.022248 8.853795 0.166427 6.999341 7.342147 1.419299 -1.713729 10.002948 6.655286 25.528086 -1.080668 -5.422317 -15.499245 -11.622092 -4.004319 21.901814 -4.955950 -24.668182 -21.976494 3.975374 -8.051314 -8.500290 0.443835
-10.912581 -10.958216 20.461998 -8.105440 -13.970396 -12.250379 -21.890865 -10.900511 8.962215 0.089268 7.132629 7.265863 1.608783 -1.825464 9.962883 6.713924 25.541166 -1.080075 -5.462839 -15.336099 -11.657092 -4.097493 21.836878 -5.010232 -24.694122 -22.086184 3.889600 -8.046944 -8.451247 0.440993
-10.812123 -10.929720 20.482313 -8.107864 -13.900126 -12.266127 -21.740625 -10.817602 9.039993 -0.000816 7.360610 7.096875 2.066961 -2.092244 9.938470 6.783606 25.476015 -0.995170 -5.587588 -14.909921 -11.722506 -4.097679 21.732203 -5.045825 -24.742670 -22.088736 3.819587 -7.993758 -8.407011 0.337073
-10.812272 -10.883578 20.509325 -8.170180 -13.724909 -12.241239 -21.352745 -10.603548 9.222321 -0.039101 7.530601 6.945884 2.463010 -2.344868 9.946292 6.864937 25.298517 -0.824733 -5.624726 -14.565763 -11.696675 -3.971711 21.483604 -5.233963 -24.766987 -22.188818 3.678561 -7.774595 -8.460059 0.164569
-11.106998 -10.852879 20.652935 -8.448486 -13.478668 -12.108320 -20.907818 -10.456799 9.444331 -0.090987 7.548433 6.902774 2.553143 -2.389952 10.003453 6.878105 25.143034 -0.711302 -5.566082 -14.511703 -11.637590 -3.998580 21.196213 -5.362519 -24.793013 -22.439106 3.473677 -7.587167 -8.593636 0.017932
-11.152252 -10.872733 20.772747 -8.471742 -13.472323 -12.099957 -20.889523 -10.487817 9.455540 -0.061499 7.720313 6.820162 2.889691 -2.600356 9.994016 6.957042 25.030077 -0.622086 -5.658175 -14.231123 -11.572906 -4.100216 21.073189 -5.486039 -24.824436 -22.525373 3.412634 -7.539165 -8.756330 -0.078774
-11.180203 -11.002124 20.904427 -8.572693 -13.402490 -12.127691 -20.809570 -10.487078 9.557661 -0.133484 7.697752 6.691327 3.057335 -2.648344 10.029337 7.034470 24.889120 -0.550405 -5.607604 -14.160017 -11.455887 -4.113055 20.850962 -5.535271 -24.886839 -22.616570 3.335902 -7.471433 -8.606467 -0.136391
-11.424847 -10.920021 21.154310 -8.672316 -13.348372 -12.037369 -20.584877 -10.444178 9.567119 -0.143151 7.668696 6.666619 3.142850 -2.671019 10.074096 7.104648 24.752192 -0.364289 -5.500788 -14.233104 -11.182991 -4.013321 20.543505 -5.749784 -24.974716 -23.034077 3.094179 -7.398060 -8.618206 -0.165641
-11.347980 -10.964892 21.399979 -8.731102 -13.218129 -12.067892 -20.255489 -10.304781 9.737907 -0.197231 7.530653 6.662798 3.083422 -2.599921 10.155222 7.096345 24.599527 -0.313147 -5.351968 -14.392962 -10.911017 -3.662654 20.401945 -6.003635 -25.016037 -23.192509 2.947173 -7.335442 -8.443990 -0.241605
-11.315853 -11.097937 21.447163 -8.862188 -12.978829 -12.037910 -19.895584 -10.173681 9.985470 -0.271667 7.785663 6.653245 3.464984 -2.710585 10.228877 7.292716 24.402784 -0.210984 -5.310735 -14.201983 -10.619457 -3.495089 20.138350 -6.201493 -25.055063 -23.460182 2.761927 -7.251178 -8.644791 -0.339399
-11.362254 -11.116650 21.551247 -8.908112 -12.877259 -12.050347 -19.648003 -10.056458 10.132977 -0.405931 7.931965 6.668438 3.769394 -2.788238 10.381824 7.384237 24.213491 -0.129527 -5.263043 -14.005267 -10.278685 -3.376434 19.780045 -6.368355 -25.092617 -23.733253 2.611979 -7.096587 -9.023801 -0.453853
-11.413738 -11.362725 21.657742 -9.118112 -12.698848 -12.094339 -19.415827 -9.955971 10.345634 -0.595717 8.073471 6.789747 3.923588 -2.789552 10.491586 7.569201 24.082846 0.021548 -5.129151 -14.105413 -10.061298 -3.033013 19.739351 -6.455988 -25.113621 -23.843418 2.506346 -7.051203 -9.228942 -0.583684
-11.241276 -11.630879 21.678328 -9.255472 -12.491863 -12.200469 -19.202824 -9.838573 10.576234 -0.754688 8.298726 6.860960 4.075972 -2.782855 10.568044 7.798770 23.956240 0.128104 -5.035095 -14.161127 -9.857911 -2.529521 19.769428 -6.586568 -25.161697 -23.896202 2.432485 -7.049132 -9.574080 -0.743914
-11.155634 -11.746337 21.752949 -9.402706 -12.235354 -12.263767 -18.803665 -9.627030 10.821424 -0.893280 8.441339 6.872063 4.156993 -2.797152 10.600078 7.960140 23.867651 0.203513 -4.940592 -14.250165 -9.652328 -2.208882 19.629032 -6.728274 -25.237438 -24.040731 2.291475 -6.993640 -9.849999 -0.939210
-11.002029 -11.863484 21.776611 -9.456854 -12.123737 -12.346277 -18.668591 -9.540575 10.949575 -0.997230 8.664572 6.855205 4.477666 -2.903747 10.661302 8.127830 23.689434 0.300501 -4.910355 -14.106467 -9.612108 -1.916901 19.645266 -6.837928 -25.269131 -24.028700 2.230508 -6.989558 -9.831244 -1.029303
-11.076963 -11.914812 21.850578 -9.558601 -12.042219 -12.326496 -18.522968 -9.485061 11.034494 -1.057614 8.787470 6.894780 4.656562 -2.935699 10.751363 8.203877 23.587080 0.315280 -4.877212 -14.044125 -9.573493 -1.679359 19.612234 -6.874583 -25.285740 -24.034607 2.165617 -6.924948 -9.896019 -1.135790
-11.136975 -11.973109 21.878696 -9.651833 -11.948541 -12.336957 -18.391136 -9.415163 11.128014 -1.137661 8.788618 6.907333 4.689862 -2.945985 10.788184 8.234630 23.533669 0.352100 -4.820296 -14.086513 -9.500747 -1.587139 19.544130 -6.864748 -25.298546 -24.055273 2.145939 -6.876508 -10.060925 -1.202226
-11.195620 -11.995899 21.914276 -9.715093 -11.890200 -12.319283 -18.303146 -9.388385 11.177992 -1.172022 8.759405 6.906986 4.639816 -2.911978 10.798611 8.225350 23.527395 0.355052 -4.787721 -14.140409 -9.488512 -1.555070 19.504786 -6.882413 -25.297586 -24.061813 2.121014 -6.844673 -10.066556 -1.237860
-11.242250 -11.996622 22.012596 -9.776545 -11.813058 -12.293997 -18.135105 -9.328176 11.244001 -1.205326 8.859907 6.933337 4.728986 -2.912140 10.834787 8.326984 23.494181 0.351658 -4.766523 -14.107984 -9.362871 -1.457360 19.522898 -6.919286 -25.310839 -24.058773 2.155481 -6.880284 -10.254927 -1.247365
-11.449869 -11.948181 22.250946 -10.043961 -11.536186 -12.257109 -17.547237 -9.041781 11.470842 -1.361734 9.184700 6.910109 4.993427 -2.945505 10.846273 8.579330 23.467482 0.228312 -4.839985 -13.897785 -9.160971 -1.336552 19.513926 -6.970880 -25.308758 -24.101748 2.163102 -6.846248 -10.694038 -1.350422
-11.592098 -12.083125 22.547409 -10.352979 -11.175381 -12.300383 -16.899065 -8.724192 11.822570 -1.550947 9.725249 6.884325 5.555361 -3.160383 10.815434 8.959239 23.325748 0.272667 -4.886628 -13.627720 -8.894923 -1.002188 19.679041 -7.198982 -25.278847 -24.151669 2.112688 -6.864192 -11.347726 -1.521542
-11.911590 -12.211866 23.108049 -10.795519 -10.649858 -12.082230 -15.881026 -8.423796 12.408716 -1.876861 10.207053 6.899885 6.253147 -3.404918 10.886065 9.502046 23.045565 0.500997 -4.806888 -13.348025 -8.469005 -0.482517 19.640421 -7.647499 -25.434498 -24.463575 1.860656 -6.926395 -12.175313 -1.824855
-12.232136 -12.406595 23.517986 -11.356567 -9.914758 -12.026845 -14.604379 -7.829377 13.107737 -2.347524 10.909107 6.903563 7.319949 -3.675482 11.132503 10.176215 22.449446 0.837289 -4.970825 -12.638361 -7.708903 -0.054888 19.416155 -8.183685 -25.437866 -24.768764 1.676326 -6.782125 -12.879326 -2.060298
-13.083639 -13.087067 24.257299 -12.405695 -8.720850 -11.619125 -13.014783 -7.486237 14.168041 -2.828739 11.118314 7.069915 8.173566 -3.666586 11.559092 11.032411 21.654425 1.061180 -5.113615 -12.002233 -6.965648 0.374528 19.207514 -8.753809 -25.398735 -24.968128 1.445985 -6.617017 -13.745497 -2.445423
-13.133848 -13.791836 24.763046 -12.807278 -7.623765 -10.999077 -11.716482 -7.556913 15.102406 -2.676114 11.173426 7.385214 9.130879 -3.800715 12.007850 11.914800 20.598940 1.676949 -5.203650 -11.377114 -5.951394 1.710289 18.921211 -9.810789 -25.726685 -24.211252 2.169015 -6.716383 -13.408566 -2.599158
-11.442854 -14.106043 26.001030 -13.720329 -6.049188 -10.200871 -9.664536 -7.490353 15.416727 -0.410823 10.204721 8.431046 10.669337 -4.366390 13.098833 12.294843 19.011038 2.178262 -5.686403 -9.387523 -2.146266 3.767936 16.283298 -11.715812 -26.114754 -21.918230 5.217572 -5.796260 -13.251082 -2.144261
-8.891890 -13.833141 26.863777 -13.957411 -4.202913 -8.991890 -6.774457 -7.237132 16.144224 2.263022 8.568978 9.901534 12.139094 -4.732435 14.358989 12.033312 17.420938 2.185430 -7.000855 -6.503685 0.996366 4.005144 13.734715 -15.268980 -26.990023 -19.265495 8.444837 -6.412667 -12.582702 -1.182287
-6.363504 -13.773464 26.465229 -13.908344 -2.860160 -8.262571 -5.173407 -7.159844 16.720808 4.534729 6.571598 11.348817 13.369121 -4.783520 14.904016 11.388551 15.781943 3.137750 -8.717773 -3.963702 0.666110 2.509917 12.196390 -18.762390 -27.813082 -16.928934 9.698340 -7.191812 -13.200259 -1.953162
-3.622892 -13.598816 25.482084 -13.690809 -2.145424 -8.789790 -4.359591 -6.439719 17.057322 5.701719 4.662388 12.101603 14.235358 -4.743876 15.297899 11.271038 13.467355 4.879120 -9.424339 -2.709927 -0.769417 1.001200 12.183233 -21.806452 -28.503790 -14.444780 10.295195 -8.512185 -14.081206 -3.209037
-0.636066 -12.992491 24.488018 -12.945235 -2.044170 -9.201939 -4.153162 -6.062734 16.890488 6.982308 1.806466 12.552535 14.121006 -5.039252 15.090384 11.654348 11.141107 7.706092 -9.373517 -3.029856 -1.788894 -0.498124 12.707325 -26.060827 -28.960056 -9.910095 11.974406 -10.049164 -13.957780 -4.863575
2.804804 -12.649597 23.637836 -11.483317 -1.763496 -9.473176 -3.782097 -6.003599 16.942411 8.614436 -1.587097 13.535972 13.478932 -4.820135 15.272273 11.947922 9.140668 10.203701 -9.022302 -3.728958 -1.128317 -2.943494 12.575843 -29.674685 -28.415709 -6.936761 12.640279 -10.251342 -11.071393 -6.375311
6.119132 -12.067307 22.450523 -10.066296 -1.758955 -9.437011 -3.975705 -6.268109 16.506378 10.819995 -4.351599 14.410296 12.798333 -5.007490 15.493447 11.095192 7.754225 12.167039 -9.042899 -4.217665 -0.450201 -5.812887 10.484430 -32.402905 -28.512264 -5.065613 13.851609 -9.699770 -6.189960 -6.144792
9.858188 -11.143708 20.750940 -8.354700 -1.550597 -9.668210 -3.744445 -6.013834 16.338596 12.518838 -6.884125 15.161779 12.172618 -5.286963 15.480317 9.830260 6.355409 13.649358 -9.650551 -4.152617 -2.068919 -9.113309 7.540090 -34.209099 -28.540836 -2.758631 14.897008 -7.822359 -1.961767 -6.923476
13.110197 -10.581414 19.334898 -7.376372 -1.328693 -10.070896 -3.945439 -5.984687 16.103785 13.968674 -8.537509 15.042456 11.416630 -5.163478 15.754138 8.227597 5.165947 14.965272 -9.627525 -4.533685 -2.384991 -11.834126 6.063756 -35.697834 -27.785458 -1.213435 15.041375 -6.095801 0.755255 -8.165961
14.464293 -9.917193 17.860874 -6.727776 -1.001985 -10.030309 -3.441332 -5.539534 16.487585 14.447374 -9.369202 14.705409 10.778491 -5.214081 15.904139 6.772817 4.729562 15.714035 -9.643856 -4.847106 -3.282370 -14.156261 4.999803 -36.169872 -27.321758 -0.289511 14.875237 -4.937185 2.287204 -9.078627
15.321014 -9.380228 17.076000 -6.136441 -1.294418 -10.474964 -3.732284 -5.219608 16.205599 14.490267 -9.729380 14.324368 10.901408 -5.067942 16.032740 6.155563 4.076534 16.541605 -9.699744 -4.736706 -3.902171 -15.822148 3.134611 -36.162083 -27.134001 0.158793 14.767005 -3.370593 5.123162 -9.493624
15.723009 -9.042567 16.736271 -5.934681 -1.283558 -10.644894 -3.681373 -5.018308 16.007786 14.721621 -10.238465 14.248590 10.786611 -5.168514 16.110737 5.322738 4.013186 16.625969 -9.763094 -4.694377 -4.370009 -16.442741 2.160480 -35.925903 -27.087227 0.537646 14.854519 -2.492834 6.835710 -9.664539
16.139900 -8.980836 16.420498 -5.661763 -1.389138 -10.695868 -3.933849 -5.110016 15.881474 15.008584 -10.500508 14.102393 10.592542 -5.118841 16.141575 5.181180 3.697162 16.964670 -9.775048 -4.850358 -4.475276 -16.523436 2.096245 -35.808746 -26.957668 0.700741 14.936044 -2.283646 7.527392 -9.612074
16.093822 -8.976909 16.468527 -5.646743 -1.414467 -10.683875 -3.935403 -5.124179 15.902355 14.913151 -10.464836 14.235594 10.568454 -5.020640 16.180281 5.400497 3.761259 16.879904 -9.792126 -4.822809 -4.360064 -16.511263 2.053373 -35.774300 -26.976910 0.740650 15.014922 -2.297540 7.432848 -9.596327
15.864511 -9.026404 16.824791 -5.609261 -1.365543 -10.586531 -3.742934 -5.156673 15.987091 14.743851 -10.467692 14.220103 10.538924 -5.125221 16.188915 5.621866 3.895822 16.718166 -9.645730 -4.822181 -4.349617 -16.622444 2.154242 -35.980450 -27.036352 0.686145 14.965104 -2.556048 7.220359 -9.543303
15.587862 -9.088251 17.139042 -5.608263 -1.321974 -10.433718 -3.553177 -5.228221 16.158342 14.535700 -10.444055 14.282228 10.427812 -5.176967 16.329262 5.906894 3.972290 16.626143 -9.399176 -4.954511 -4.206686 -16.851599 2.135265 -36.088463 -27.097221 0.546169 14.956191 -2.853724 6.717539 -9.361695
15.275265 -8.979570 17.626461 -5.475482 -1.568838 -10.436380 -3.571531 -5.238055 16.015635 14.398707 -10.428663 14.394030 10.303971 -5.207979 16.348606 6.505154 4.241153 16.346912 -9.166639 -5.035609 -3.668139 -16.456835 2.583210 -36.165817 -27.267395 0.544814 15.303209 -3.470921 6.797915 -8.882626
15.382857 -9.150380 18.224821 -5.030188 -1.620657 -10.191240 -3.539767 -5.644664 16.135832 14.408782 -10.528166 14.483734 10.162040 -5.270807 16.358959 6.941551 4.546579 16.120766 -8.968909 -5.075923 -2.781476 -15.696933 3.233326 -36.333359 -27.450609 0.796313 15.924982 -4.188298 6.575152 -8.482508
14.932341 -9.303608 19.106993 -4.846050 -1.676952 -9.973026 -3.309321 -5.849643 16.224371 14.171185 -10.569757 14.768493 10.034898 -5.136941 16.413513 7.693131 4.918089 15.728750 -8.856943 -5.037126 -1.818395 -14.889634 3.679294 -36.517914 -27.613045 1.394865 16.756346 -4.663781 6.748377 -8.213473
14.553690 -9.286419 19.878443 -4.668953 -1.833205 -9.880760 -3.177614 -5.954468 16.127733 14.063920 -10.818512 14.981580 10.103735 -5.281347 16.601398 8.256025 5.111263 15.317602 -8.640161 -4.829957 -0.449775 -14.302159 3.718459 -36.807892 -27.733885 1.569542 17.503132 -5.084230 6.363051 -7.643457
14.244390 -9.469984 20.978844 -4.163610 -2.007844 -9.686350 -3.114724 -6.361142 16.129328 13.808305 -10.749667 15.162633 10.365992 -5.426880 16.680561 9.275548 5.108309 15.269083 -8.521005 -4.733252 0.649131 -13.531320 3.553056 -36.775284 -27.872244 1.671068 18.092152 -5.271483 5.824430 -7.275026
13.526510 -9.315620 21.855976 -3.705982 -2.276543 -9.308412 -2.853000 -6.560637 16.166929 13.424076 -10.637733 15.248512 10.072007 -5.343008 16.484995 10.281429 5.452659 15.125048 -8.286850 -5.114377 1.775531 -12.665400 3.598823 -36.864899 -28.141964 1.638865 18.669594 -5.713586 5.276381 -6.773553
12.996061 -9.298195 22.777443 -3.370524 -2.414808 -8.944678 -2.679838 -6.922228 16.133192 13.330315 -10.420468 15.198546 10.158426 -5.328793 16.445347 11.435771 5.435664 15.055429 -7.997149 -5.245088 3.294767 -11.216624 3.886317 -36.753120 -28.232504 1.671623 19.328453 -6.051476 4.456412 -6.308155
12.169363 -9.275398 23.971546 -3.168161 -2.581529 -8.504739 -2.418349 -7.252060 16.114470 13.229227 -10.381079 15.191998 9.826182 -5.310315 16.202917 12.349887 5.726750 14.881434 -7.919588 -5.573832 4.785046 -10.082625 3.774695 -36.625755 -28.202555 1.430766 19.726746 -6.024126 3.696202 -5.862989
11.546976 -9.395696 24.835302 -2.875078 -2.734730 -8.088173 -2.442969 -7.770674 16.052273 13.224051 -9.990690 15.190319 10.007055 -5.389542 15.950604 13.867907 5.592656 15.163699 -7.798877 -5.774114 6.612738 -9.054904 3.817248 -36.481834 -28.081825 1.299465 20.281599 -6.043811 3.019424 -5.361408
10.966578 -9.218773 25.726480 -2.085546 -2.885313 -7.342684 -2.085710 -8.265524 16.306986 13.138080 -9.764747 15.055358 9.874555 -5.481105 15.582224 15.059542 5.623845 15.530174 -7.654319 -6.164842 8.045692 -8.084179 3.758534 -36.288975 -28.060308 1.211268 20.874088 -6.109698 2.251950 -4.756578
10.560440 -9.115854 26.451883 -1.792394 -3.348229 -7.222410 -2.615409 -8.758807 15.820614 13.250366 -9.414669 15.130189 9.768968 -5.353252 15.063559 16.291977 5.938206 15.574494 -7.855093 -6.128146 9.890917 -7.892905 3.574185 -36.280117 -27.825584 1.215294 21.546242 -6.141985 1.517472 -4.186180
10.083751 -9.018109 26.854275 -1.888577 -3.364258 -7.046472 -2.373648 -8.732140 15.912388 13.111224 -9.121539 15.053113 9.603251 -5.111299 14.767989 17.141680 6.195384 15.409769 -8.174130 -5.936823 11.211984 -7.638405 3.349324 -35.817024 -27.700777 0.949709 21.988483 -6.151755 0.866802 -3.545251
10.136271 -8.833120 27.116253 -1.199214 -3.270701 -6.438924 -1.941761 -9.047417 16.283052 13.255615 -9.119631 15.009528 9.460653 -4.957593 14.736379 17.859501 6.350692 15.242806 -8.305740 -5.726990 12.766521 -7.455935 2.997792 -35.386726 -27.463631 0.699260 22.439709 -5.979231 0.641760 -2.925613
9.935500 -8.768589 27.402109 -1.047913 -3.346119 -6.241612 -2.004436 -9.271947 16.171663 13.417200 -9.117626 15.081283 9.411541 -4.909866 14.641015 18.286179 6.508341 15.118145 -8.459961 -5.563691 13.725186 -7.434240 2.868419 -35.050812 -27.240395 0.603118 22.742371 -5.863189 0.414025 -2.540650
9.630799 -8.701415 27.633659 -1.006999 -3.415376 -5.957675 -2.101911 -9.548708 16.045153 13.622469 -8.906213 15.042301 9.432298 -4.779122 14.549209 18.670721 6.517403 15.088692 -8.601995 -5.440888 14.315584 -7.379607 2.806159 -34.691498 -27.107292 0.457369 22.925751 -5.793318 0.420848 -2.220100
9.564077 -8.649339 27.709494 -0.922835 -3.456930 -5.813855 -2.113088 -9.644558 16.045536 13.742462 -8.772815 14.963700 9.309279 -4.726795 14.535203 18.795336 6.685067 14.911801 -8.595257 -5.438694 14.494454 -7.379355 2.865217 -34.463345 -27.070375 0.330040 22.980789 -5.806068 0.299590 -2.078575
9.521841 -8.636640 27.750242 -0.813726 -3.426548 -5.693099 -2.040881 -9.717012 16.119085 13.784863 -8.759581 14.961291 9.373920 -4.719983 14.571034 18.975597 6.626546 14.904849 -8.658747 -5.302984 14.723587 -7.515433 2.742028 -34.434502 -27.031467 0.295218 23.055363 -5.781273 0.312442 -1.974527
9.607122 -8.625236 27.674267 -0.882881 -3.433418 -5.828751 -2.033128 -9.583662 16.094671 13.704180 -8.749623 14.942527 9.345014 -4.743926 14.561654 18.819324 6.661493 14.903177 -8.594284 -5.386203 14.613361 -7.425301 2.787673 -34.527687 -27.053654 0.393227 23.029469 -5.780550 0.425983 -2.078427
9.810911 -8.746069 27.466640 -0.858162 -3.370014 -6.018584 -2.043970 -9.485821 16.183977 13.522308 -8.940891 15.057870 9.335784 -4.752662 14.610085 18.687750 6.458694 15.126660 -8.561925 -5.513180 14.459399 -7.342792 2.673018 -34.686810 -27.127583 0.453554 22.965466 -5.745749 0.719002 -2.140768
10.032946 -8.818103 27.315670 -0.959723 -3.273644 -6.303303 -1.893722 -9.193214 16.292585 13.299320 -9.168644 15.021607 9.464618 -5.006769 14.778228 18.346111 6.361421 15.078392 -8.334804 -5.495504 14.024674 -7.287217 2.692689 -35.051666 -27.292938 0.743631 22.929199 -5.836629 1.331736 -2.359054
10.663029 -8.900114 27.131607 -0.633321 -3.391245 -6.547473 -2.160620 -9.244334 16.218933 13.295889 -9.376901 15.021358 9.503193 -5.142559 15.060977 17.694792 6.273328 15.161966 -8.002597 -5.624180 13.249757 -7.466227 2.614920 -35.702751 -27.469475 0.959874 22.587299 -5.818303 2.630234 -2.762464
11.341247 -9.170549 26.398098 -0.884114 -3.358868 -7.369512 -2.455215 -8.749544 16.156368 12.902095 -9.598877 14.664500 9.650516 -5.460126 15.347050 16.623850 5.746328 15.794026 -7.347092 -6.134510 12.023376 -7.420952 2.404650 -36.246719 -27.701174 1.136201 22.091734 -5.654953 4.524220 -3.151425
11.953335 -9.307705 25.665453 -1.187374 -3.169378 -7.898177 -2.446762 -8.267734 16.234257 12.751568 -9.981737 14.820302 9.846414 -5.636694 15.815735 15.566298 5.308573 16.041477 -7.038639 -6.306792 10.879693 -7.537382 2.372334 -36.518509 -27.816160 1.430212 21.750519 -5.424721 5.734406 -3.656125
12.436981 -9.509058 24.950819 -1.563011 -2.980371 -8.373785 -2.478043 -7.816439 16.340750 12.629993 -10.036344 14.805314 9.773418 -5.576819 16.409817 13.989428 5.525198 15.489493 -6.679812 -6.346133 8.991970 -7.643787 2.752068 -36.812912 -28.093744 1.956112 21.241016 -5.327999 7.557447 -4.537835
13.858313 -9.738750 23.353971 -1.929715 -2.783157 -9.357739 -2.974649 -7.163424 16.343357 12.678032 -10.484449 14.771944 9.906252 -5.795132 16.931650 12.014581 5.373916 15.506400 -6.592791 -6.037148 6.784664 -8.352520 3.185262 -36.912163 -28.235384 2.370126 20.729584 -5.287798 9.199673 -5.074023
14.874712 -9.805020 22.068401 -2.141007 -2.755708 -10.058395 -3.605219 -6.841153 16.010443 12.933350 -10.411875 14.410846 10.140326 -5.963513 17.211143 10.175580 5.674732 15.246411 -6.703316 -5.537571 4.965099 -9.086280 3.361076 -37.236198 -28.231070 3.324259 20.651224 -4.750865 12.363866 -5.681704
15.989664 -9.753457 19.999430 -2.513002 -2.348335 -10.625944 -3.695276 -6.143620 16.302519 12.952377 -10.219297 14.099038 10.307349 -6.071465 17.554203 7.788194 5.362279 15.533854 -7.074786 -5.305774 3.291553 -9.356944 3.749606 -37.128998 -27.799217 4.177954 20.100426 -3.545470 15.361474 -6.825817
16.942429 -9.633448 17.992712 -2.859318 -1.779024 -10.768459 -3.564699 -5.661233 16.641092 13.359487 -10.475864 13.932084 10.383955 -5.902917 17.715797 6.408021 4.442593 16.265396 -7.522246 -5.235353 1.658804 -9.717276 4.205163 -36.399197 -27.055433 4.890818 19.562866 -2.112417 18.430147 -7.732541
18.256807 -9.357786 16.393127 -2.740734 -1.382195 -10.673510 -3.775176 -5.737913 16.614189 14.363762 -10.172369 13.321395 10.727105 -5.632226 17.783796 4.505053 3.515911 17.057720 -8.163941 -4.702425 0.014712 -10.422814 4.002373 -35.223530 -26.353241 5.423249 19.036076 -0.581554 21.296833 -8.489563
19.861038 -9.278195 14.050703 -2.983653 -0.651067 -10.941886 -3.562338 -5.170684 17.164780 14.853464 -10.135857 12.967122 10.783946 -5.301545 17.688801 2.619806 2.799937 17.457262 -9.086989 -4.312609 -2.003898 -10.805505 3.233170 -33.792076 -25.977543 5.706627 18.749897 0.833602 24.626253 -8.518032
20.754694 -8.981835 11.805275 -3.384867 0.015860 -11.080626 -3.110757 -4.421635 17.703825 14.955870 -10.313276 12.590793 11.084131 -5.015757 17.723900 0.835413 1.773870 18.163260 -9.734432 -4.057629 -2.788686 -12.989863 2.425896 -32.178055 -24.805965 5.322929 18.148067 2.262807 27.787668 -8.086694
10.918415 -9.812543 10.955661 -7.274800 -4.266381 -19.801449 -6.075193 3.003481 18.038370 -0.688219 -1.397869 4.005659 14.059017 -9.008410 13.584346 1.873955 7.548682 17.668392 -1.391308 -10.263835 -2.154696 -12.317043 13.653111 -15.469159 -19.778828 -4.815200 9.604142 2.344408 35.369209 -4.787149
10.636096 -9.288136 10.649490 -7.404685 -4.746884 -20.763613 -6.032804 4.187487 17.868210 -1.925529 -2.697921 3.718592 13.702240 -9.322346 13.395371 0.910918 6.812819 18.178938 -1.302046 -10.801383 -6.389973 -11.350516 16.365082 -10.971449 -19.529171 -7.246003 7.610511 2.270138 34.446053 -4.096134
9.607646 -8.153854 10.412814 -8.517237 -5.419178 -21.850313 -6.017394 5.832317 17.118973 -2.614325 -3.289087 3.310648 13.837998 -9.883148 13.301602 -0.762977 7.106285 17.746222 -1.233261 -10.638591 -12.573446 -10.782187 20.067583 -6.302391 -19.549158 -10.909415 4.221776 1.645983 30.453556 -4.177928
9.178897 -7.508708 10.217247 -9.672114 -5.439130 -22.860460 -5.723017 7.162421 16.844769 -3.045043 -3.466413 1.873605 14.493136 -10.845650 13.084364 -2.073862 6.626170 17.994600 -1.121990 -10.317798 -18.544600 -10.943134 22.097303 -2.141751 -19.489250 -15.251248 0.099226 2.382842 26.590252 -5.321336
9.987830 -5.798704 9.805844 -10.320289 -5.476700 -23.661440 -4.672560 8.913547 16.371130 -2.418419 -4.424588 0.539697 14.477502 -11.535326 13.126142 -3.752293 6.253642 18.262070 -1.008799 -9.805980 -21.809727 -12.475755 22.802862 0.344818 -18.857101 -17.312649 -1.956795 3.840858 25.222254 -6.382516
9.824968 -3.985678 9.354698 -13.118010 -5.473737 -24.438292 -3.994222 10.946075 15.123708 -1.363393 -3.816908 -0.833786 14.766064 -13.603666 12.202491 -6.878966 6.704261 18.487265 -2.470233 -8.640224 -24.685560 -13.600051 22.418417 0.762286 -17.355682 -17.967442 -3.595455 6.551437 23.017374 -8.432486
11.848885 -1.684196 9.352318 -13.593470 -5.473580 -24.841219 -2.753389 12.288679 14.296747 0.201186 -4.201819 -2.443530 14.751027 -14.800538 12.074929 -8.465302 5.772594 18.931662 -2.642040 -8.346810 -26.272898 -13.314429 20.964361 2.312182 -16.726803 -17.598078 -3.643923 9.202560 22.804668 -9.522548
12.310751 0.373992 8.877079 -12.885476 -5.946990 -24.774328 -1.656853 13.510493 13.845593 1.405180 -5.174450 -4.096810 14.395820 -15.691233 11.616976 -9.726237 5.459096 18.654154 -2.607559 -8.525277 -27.566772 -12.896014 20.892273 3.882529 -15.835299 -16.751663 -3.164032 11.094632 22.716627 -10.146721
12.142424 2.243630 8.170673 -12.272818 -6.622532 -24.654501 -1.095339 14.512359 13.399844 2.023657 -6.025599 -5.768690 14.376031 -15.797710 11.439303 -10.676681 4.926639 17.709433 -2.731035 -8.393009 -28.577795 -12.086168 21.422609 6.275143 -14.878533 -15.796402 -2.648357 12.768751 21.291677 -11.073009
12.087584 3.983427 8.008621 -12.334115 -7.083943 -24.047396 -0.500598 14.877712 13.189959 1.815128 -6.180954 -7.585999 14.125957 -16.356613 11.711053 -11.841609 4.670519 15.762744 -2.773190 -9.206519 -29.623037 -11.720294 22.765720 7.779908 -13.511828 -14.475012 -2.347988 14.449810 19.344004 -12.742613
12.027288 5.539658 7.443363 -12.317698 -7.600177 -23.537296 -0.230729 15.191393 13.042552 1.668678 -6.666379 -9.523913 13.915958 -16.529852 11.489890 -12.354905 3.841286 14.307693 -2.534829 -10.144227 -30.566395 -9.998681 24.222696 10.073969 -12.020945 -13.410458 -2.294141 16.724018 17.634518 -14.311808
12.198990 7.505137 6.850576 -11.846498 -8.278189 -22.640158 -0.054840 15.126171 12.773203 1.608546 -6.956729 -11.709661 13.060388 -16.647614 11.698930 -12.690804 3.288424 12.858729 -2.015965 -10.825575 -31.188797 -7.631514 25.531370 11.453218 -10.065589 -11.961432 -2.094313 19.721254 16.038343 -16.005077
11.219643 8.668430 5.383154 -11.162895 -8.935175 -22.380198 0.321152 16.050945 13.062326 1.275426 -7.306263 -13.755571 13.311374 -16.722233 11.203588 -13.148293 3.484197 12.351159 -1.832264 -10.540586 -30.942001 -6.480136 26.161398 13.701166 -8.433002 -10.107756 -1.582185 22.111115 13.687958 -18.015497
10.434662 9.906846 4.284895 -10.008020 -9.605776 -21.979437 0.889274 16.925774 12.941277 1.661929 -7.890854 -15.384782 13.300415 -16.834423 10.219413 -13.562268 4.136386 12.023185 -2.047222 -9.743743 -30.824253 -5.796071 26.480146 15.639679 -6.763670 -8.731703 -1.228396 24.352180 10.634894 -19.556496
10.766579 11.379060 3.760649 -9.210001 -10.251592 -21.509951 1.311948 17.357481 12.630659 2.039729 -7.891469 -16.669092 12.841274 -17.352955 9.712178 -13.712538 4.192031 11.910834 -2.420309 -9.345609 -30.112665 -6.077791 26.235296 16.704813 -5.167852 -7.415043 -0.664051 26.006062 7.030408 -21.057808
10.411669 12.974722 3.070272 -8.808899 -10.954292 -20.894892 1.629367 17.787798 12.414776 2.022147 -7.861748 -18.402851 12.804590 -17.767284 8.935115 -13.953238 4.336793 12.214605 -2.459756 -8.859303 -29.531870 -6.462924 25.040110 16.981276 -3.525081 -6.773379 -0.225898 28.541924 4.381288 -22.110767
10.063461 13.950531 2.203421 -8.493604 -11.611872 -20.839521 1.486421 18.298208 12.028003 2.126981 -8.057579 -19.806078 12.330621 -18.088938 8.162202 -14.291937 4.800124 12.336355 -2.747516 -8.302199 -28.965212 -7.100405 22.782316 17.674875 -3.136273 -6.846036 0.204272 30.157673 2.106174 -22.585981
9.360849 15.058416 1.034287 -8.324456 -12.340755 -20.755198 1.285880 18.988770 11.490543 2.665792 -8.178735 -20.936321 11.566609 -17.859871 6.906116 -15.001265 5.826412 12.520281 -3.168205 -8.150117 -28.582106 -8.967702 19.922848 18.022940 -2.896074 -7.190451 0.699395 31.354704 -0.032710 -22.400354
8.915110 16.252060 0.556440 -8.680450 -12.658068 -20.449434 1.549704 19.469734 11.179790 2.794666 -8.287956 -22.297651 11.145204 -17.997799 6.039363 -15.539504 6.554555 12.631720 -3.745481 -7.581006 -28.645069 -10.457538 18.372549 18.620691 -2.491546 -7.370142 0.977144 32.261848 -1.778010 -22.150135
8.586871 17.420834 0.168185 -9.035627 -12.948841 -19.891150 1.652325 19.642120 10.591255 3.705245 -8.855103 -23.709116 10.529485 -17.953728 5.333656 -15.557924 7.085034 12.678981 -4.042713 -7.271461 -28.156416 -12.581266 16.624132 18.881660 -2.308587 -7.424993 1.097667 32.543839 -3.355535 -22.187002
8.582187 18.899313 -0.530509 -8.628027 -13.634198 -19.247305 1.388670 19.573511 9.871843 4.601385 -9.298253 -24.732502 9.937669 -17.869776 4.722413 -16.005016 7.786716 12.782819 -4.165523 -7.169121 -27.453058 -14.876063 15.074615 19.048676 -2.012004 -7.822511 1.237079 32.788731 -4.921629 -21.845379
8.216225 19.785553 -1.093479 -8.373781 -14.076462 -18.871038 1.146327 19.591629 9.411406 5.053859 -9.436835 -25.397972 9.684306 -17.617561 4.383942 -16.126968 8.142907 12.975660 -4.293286 -6.678654 -26.982948 -17.063829 13.846673 18.887930 -1.914122 -8.138865 1.247410 32.620358 -6.175291 -21.700533
7.895934 20.369513 -1.439860 -8.340380 -14.270888 -18.635048 1.171956 19.759293 9.095892 5.352030 -10.443327 -26.038643 8.663258 -17.470818 3.703781 -16.320650 8.686712 13.007022 -4.713022 -6.932332 -26.497011 -18.559603 12.617596 19.130274 -1.845792 -8.396166 1.249521 32.927711 -7.168985 -21.850533
7.574709 21.011915 -1.837181 -8.349276 -14.500484 -18.426815 1.251833 19.997463 8.921724 5.562584 -10.534862 -26.346727 8.371325 -17.294010 3.533516 -16.319479 9.018195 12.917523 -4.704134 -6.760552 -26.184149 -19.417677 11.767494 19.078960 -1.745396 -8.565016 1.361658 33.218834 -7.908760 -21.758465
7.306369 21.455027 -2.082915 -8.374724 -14.671017 -18.237555 1.263260 20.102238 8.781197 5.722790 -10.492708 -26.507565 8.218489 -17.159142 3.401032 -16.289806 9.284512 12.770910 -4.782352 -6.594940 -25.901861 -19.952623 11.234045 19.013218 -1.723289 -8.624355 1.448047 33.351631 -8.400444 -21.793444
7.186635 21.583521 -2.112883 -8.357750 -14.722135 -18.137482 1.289080 20.100834 8.780040 5.707875 -10.454937 -26.607052 8.189391 -17.114494 3.358884 -16.344534 9.351180 12.813502 -4.824019 -6.461104 -25.809206 -20.162283 11.012815 19.051710 -1.752181 -8.654202 1.445536 33.394897 -8.598911 -21.865244
