-18.094835 -26.817291 9.925261 -2.340799 -5.279814 -16.955315 -12.516881 -1.179011 16.700701 8.626829 2.584195 6.896570 12.272328 16.415354 10.062444 7.667834 22.361811 8.133551 4.779721 -18.377010 10.864491 4.172060 18.236116 2.371700 -35.221539 -20.974548 -3.254500 -16.821255 -5.433207 -19.461367
-18.062593 -26.826605 9.771244 -2.418531 -5.287714 -17.150599 -12.567279 -1.025674 16.672619 8.501375 2.544839 6.908760 12.169825 16.361252 10.053315 7.563814 22.414148 8.146525 4.857942 -18.505556 10.854970 4.093621 18.358286 2.338281 -35.174480 -21.214352 -3.592014 -16.804264 -5.165886 -19.549772
-17.783739 -26.861458 9.549300 -2.456240 -5.265215 -17.396162 -12.639880 -0.884379 16.641680 8.481477 2.341093 6.970691 12.046935 16.313852 10.086198 7.337411 22.333406 8.311628 4.974948 -18.694265 10.584420 3.933732 18.289995 2.370246 -35.160187 -21.459373 -3.938706 -16.666050 -4.861890 -19.640985
-17.523664 -26.937056 9.241220 -2.514207 -5.326703 -17.784426 -12.891620 -0.714805 16.512293 8.344440 1.981510 7.150786 11.942454 16.314203 10.249774 7.074290 22.057383 8.673952 5.147134 -18.925838 10.299943 3.760348 18.079288 2.268538 -35.163437 -21.648844 -4.312302 -16.427423 -4.409058 -19.849468
-17.160887 -26.901087 8.885695 -2.534157 -5.474784 -18.288271 -13.192410 -0.446245 16.307875 8.198133 1.651482 7.312348 11.746461 16.354744 10.405263 6.745640 21.853453 9.007682 5.353799 -19.277279 9.603806 3.402154 17.726536 2.101099 -35.231796 -21.672537 -4.679704 -16.117813 -3.609164 -20.149683
-16.706602 -26.888472 8.359416 -2.558075 -5.700199 -18.971624 -13.678761 -0.139871 16.030212 7.982333 1.125874 7.217601 11.775666 16.110481 10.654589 6.204423 21.302889 9.756904 5.682452 -19.428885 8.751042 2.779989 16.920919 1.686812 -35.328896 -21.153717 -4.697452 -15.559499 -2.316066 -20.571421
-16.029097 -26.970619 7.867228 -2.750201 -5.608760 -19.619825 -13.826758 0.259365 15.951981 7.905260 0.344641 7.084539 11.748218 15.941422 10.907304 5.489658 20.558559 10.648789 5.944583 -19.613859 7.977984 2.433404 16.184259 1.368290 -35.427944 -20.864864 -4.857223 -15.009657 -0.951382 -20.919607
-14.902060 -27.086082 6.874499 -2.813519 -5.334260 -20.200096 -14.037277 0.538626 15.996183 8.113333 -0.295404 7.029265 11.509921 16.083431 11.024390 4.571777 20.139841 11.187758 5.966247 -19.846224 7.243472 1.940780 15.155398 0.981513 -35.629002 -20.739954 -5.061980 -14.477104 0.391951 -21.196854
-13.772461 -27.008791 6.002978 -2.732805 -5.309801 -20.757040 -14.422265 0.763642 15.851229 8.352070 -1.205730 6.856373 11.207131 16.087605 11.150760 3.401843 19.680382 11.722039 6.033576 -20.022816 6.765879 1.373939 13.958356 0.655139 -35.651985 -20.955273 -5.677816 -13.545586 1.716063 -21.757370
-12.424593 -26.926437 4.857033 -2.792633 -5.082983 -21.580069 -14.443942 1.421183 15.881166 8.408716 -1.952094 6.931982 10.809834 16.331257 11.344212 2.565758 19.110861 12.176527 6.033086 -20.416433 6.394953 0.989410 12.965637 0.271898 -35.785892 -21.292130 -6.246064 -12.941792 2.695770 -22.148104
-11.616985 -26.984713 3.935238 -2.690213 -4.988235 -21.875446 -14.927491 1.336843 15.773010 8.772621 -2.797276 6.846506 10.471942 16.498774 11.494002 1.788849 18.435095 12.801087 6.064484 -20.745928 5.873588 0.848404 11.994313 -0.020197 -35.945816 -21.738724 -6.940959 -12.319431 3.622736 -22.559626
-11.038469 -27.082985 3.360113 -2.740525 -4.827793 -22.139784 -15.155412 1.345560 15.730658 9.000647 -3.393390 6.913735 10.391154 16.588594 11.646901 1.554894 17.719507 13.440886 6.057850 -20.972059 5.503579 0.853216 11.058083 0.131313 -35.964466 -22.345087 -7.599196 -11.461292 4.480762 -22.879236
-10.518370 -27.034517 2.699160 -2.684226 -5.001414 -22.644674 -15.754019 1.420033 15.447561 9.069070 -4.415501 6.906412 10.194020 16.527855 11.704524 1.070540 17.105000 14.062861 6.033305 -21.255854 5.103769 0.498366 10.194854 0.256332 -35.863567 -22.582750 -8.045239 -10.628754 5.798429 -23.171061
-9.739771 -26.877970 1.735486 -2.685410 -5.015019 -23.288269 -15.929461 1.943491 15.406449 8.957205 -5.269984 6.744236 9.783170 16.583059 11.591470 0.283735 16.816906 14.422832 5.907259 -21.460997 4.636610 0.159318 9.267965 0.483408 -35.926064 -23.030426 -8.551562 -10.004456 6.875646 -23.342382
-9.429799 -26.674978 1.016002 -2.509258 -5.165393 -23.554281 -16.191998 2.150934 15.308864 8.911475 -5.989230 6.678332 9.618470 16.506756 11.539158 -0.260908 16.518808 14.907876 5.855656 -21.537893 3.330502 -0.023561 8.517870 0.917222 -36.189571 -23.981316 -9.431981 -9.635893 7.177643 -23.359339
-8.562822 -26.445366 -0.036316 -2.816359 -4.967205 -24.338602 -16.054859 3.013050 15.394962 8.680070 -6.316013 6.534444 9.511435 16.480480 11.479481 -0.579823 16.381138 15.132970 5.805228 -21.561354 2.343369 -0.346400 7.926829 1.041428 -36.326004 -24.782358 -10.267312 -9.310200 7.197541 -23.510733
-8.350462 -26.334581 -0.427436 -2.872558 -5.049928 -24.668739 -16.228531 3.236718 15.257779 8.591317 -6.719003 6.449639 9.501254 16.408463 11.502532 -0.904944 15.991773 15.540023 5.792727 -21.651419 1.351080 -0.727280 7.442954 1.416633 -36.465862 -25.443779 -10.934392 -9.055862 7.394156 -23.580564
-8.085743 -26.185699 -0.786601 -2.778111 -5.148119 -24.802336 -16.414970 3.309456 15.139280 8.685501 -6.918741 6.292468 9.490991 16.299374 11.417622 -1.156118 15.926568 15.697792 5.756471 -21.642029 0.712070 -1.046350 7.082035 1.605117 -36.580147 -25.743685 -11.207271 -8.921353 7.723837 -23.540369
-7.994983 -26.130259 -0.989252 -2.903837 -5.120385 -25.020344 -16.326876 3.576084 15.153352 8.522661 -7.046544 6.186909 9.402090 16.356422 11.380999 -1.338612 15.862406 15.742070 5.701138 -21.654184 0.511002 -1.215937 6.854581 1.736575 -36.557358 -25.913246 -11.369852 -8.714565 7.853731 -23.581224
-7.930490 -26.097586 -1.031279 -2.915355 -5.113759 -25.050476 -16.312805 3.615932 15.142419 8.546649 -7.077019 6.188066 9.329155 16.382053 11.359406 -1.371979 15.945055 15.668874 5.663878 -21.634718 0.399504 -1.285168 6.754809 1.790004 -36.582973 -26.023510 -11.440802 -8.682556 7.815383 -23.555567
-8.105712 -26.112566 -0.945141 -2.839839 -5.074772 -24.844004 -16.160156 3.562042 15.291437 8.495057 -7.187243 6.323748 9.590213 16.302082 11.485738 -0.953287 15.596741 15.926433 5.761854 -21.607676 0.659036 -1.438164 7.208285 1.623648 -36.497490 -25.461288 -10.962871 -8.986578 8.118647 -23.429733
-8.928055 -26.274366 -0.191925 -3.171461 -4.587907 -24.297426 -14.930213 3.800156 15.958970 8.050091 -6.786283 6.721109 10.108348 16.346012 11.738288 0.232149 15.302455 15.836222 5.865610 -21.318682 2.161581 -1.653822 8.394676 1.218744 -36.230453 -23.633650 -9.052310 -9.917667 8.861879 -22.695251
-9.334108 -26.579023 1.295540 -3.308291 -3.843907 -23.412783 -13.254762 3.755059 16.799175 8.066823 -5.590401 6.800771 11.418723 15.980156 11.928849 1.687199 15.225007 15.368037 6.003558 -20.555971 3.042093 -2.582846 10.244986 0.755505 -35.873356 -21.718498 -7.233865 -11.446510 8.647899 -21.945126
-10.835674 -26.478336 4.552155 -2.916664 -3.826849 -22.067198 -11.164572 3.691329 17.376089 7.640119 -3.119413 6.402535 13.445397 15.115098 12.131992 3.437622 15.542714 14.421685 6.344547 -19.245218 4.791764 -3.271769 12.141876 0.390890 -35.509712 -19.802700 -4.986049 -13.259727 6.788643 -20.874853
-12.599313 -26.476263 7.703178 -2.511238 -3.755432 -20.282148 -9.363868 3.107001 18.014248 7.453308 -0.838808 5.945327 14.848243 14.511193 11.729229 5.593140 16.353367 13.357426 6.320108 -18.263678 7.050264 -2.609254 16.733521 1.191559 -35.076092 -18.923115 -3.018990 -16.617954 4.091952 -18.851788
-13.040134 -26.103872 10.349510 -1.039100 -3.370856 -17.739302 -7.532058 1.774528 18.623535 8.785952 1.495278 5.272969 16.258472 14.335138 10.620202 8.328553 17.407398 12.443809 5.183033 -16.941706 8.734944 -2.235172 19.152929 1.163533 -35.112896 -17.170017 -0.158774 -19.176743 0.459525 -17.165798
-13.886195 -25.190874 12.564829 0.866075 -2.328164 -14.016525 -4.502723 0.302754 20.302156 10.410453 2.750326 4.422240 18.630470 13.546040 9.806333 12.236026 17.394173 12.116374 3.832789 -13.836320 12.240155 -4.694468 19.272482 -1.286126 -34.915924 -14.256725 3.319032 -21.391439 -3.102154 -15.992844
-14.607656 -24.454615 14.337679 2.826507 -0.353715 -9.046526 -0.823818 -1.972130 22.928555 12.935843 3.757564 3.629695 20.772852 13.016846 8.609117 15.059378 17.314920 11.838820 0.322747 -9.557040 15.338281 -7.777608 19.663567 -3.178153 -34.419441 -12.486958 5.639085 -23.272511 -7.427238 -15.262177
-15.742704 -23.128683 15.063894 3.607765 1.037547 -5.546808 1.962049 -3.078195 24.754738 14.472507 4.376660 3.104859 22.827906 12.627365 7.708850 16.485960 17.564268 10.354526 -3.501867 -4.678441 15.518154 -9.818732 17.848965 -3.213227 -33.688732 -9.157236 9.129321 -21.425951 -8.656393 -15.438307
-16.620470 -21.013475 13.796379 4.512978 0.756499 -3.567766 2.084785 -3.845722 25.136827 15.407478 3.884556 2.685628 23.158941 12.323954 6.999260 14.986404 19.149549 7.598141 -7.012926 -0.866006 15.950669 -12.004792 16.669489 -2.614362 -33.066883 -7.370208 11.440385 -20.271252 -8.469399 -14.763610
-17.302095 -18.442074 11.721486 5.426804 -0.569383 -2.761421 0.868013 -4.041910 24.426857 15.960675 2.560610 1.777496 22.128471 12.346155 6.422983 12.830796 20.268353 6.456551 -9.475725 1.097870 17.079828 -15.128457 14.419943 -2.242419 -32.817730 -5.075287 14.854373 -19.655788 -8.599054 -13.078848
-17.172289 -16.748287 9.546695 5.849221 -1.328773 -2.640650 -0.385707 -4.200933 23.883587 16.618866 1.716777 0.520510 20.651684 12.198982 5.226778 10.023581 22.667545 5.117393 -11.053484 1.876810 17.944254 -16.331606 12.224201 -0.096690 -32.422901 -2.481966 18.589481 -17.552420 -7.873013 -11.611043
-16.828112 -15.754734 7.021105 6.655035 -2.375023 -2.245362 -2.897531 -5.433724 22.588621 18.293819 1.333685 0.430818 18.855818 12.884481 4.356456 7.351696 24.111452 4.253736 -12.574781 2.027963 17.552248 -15.246239 10.658328 1.948804 -32.831181 -0.375981 21.748634 -15.890474 -8.201758 -10.511964
-16.461042 -15.609293 4.473767 7.102260 -3.143404 -1.808855 -5.607997 -6.980116 21.605673 19.802267 0.963536 0.934633 16.489880 14.488453 3.971289 5.053878 24.720205 3.919824 -13.941971 0.890126 16.287527 -15.490736 9.069064 4.454397 -32.418243 1.760695 23.950222 -13.651423 -4.676193 -9.843569
-15.945429 -15.158254 2.184066 7.771637 -4.377487 -1.483553 -8.257209 -8.161631 20.426123 21.111465 0.418935 1.435211 14.551230 15.971331 3.339651 3.656817 25.590590 3.375054 -14.761950 -0.553494 14.476619 -16.817825 9.534897 5.174664 -32.507694 3.056162 25.098745 -13.834290 -1.388936 -9.017002
-14.683238 -15.357414 0.438370 8.342451 -4.631556 -1.266656 -9.911343 -9.181870 19.880556 22.502230 -0.929688 1.889843 12.842272 16.928120 2.724825 3.203996 25.953018 3.573184 -14.982288 -2.141935 12.937125 -17.352770 10.023157 5.749504 -32.359119 4.232298 25.679554 -13.808849 2.052630 -8.809563
-12.953466 -15.154959 -1.323744 9.249269 -5.290576 -1.402125 -11.504590 -9.741348 19.221869 23.350029 -2.456361 2.196962 11.119911 17.662191 2.177482 2.262293 25.609959 4.219071 -15.516647 -3.747529 11.194496 -17.832754 10.970921 6.540561 -32.458393 4.315013 25.482449 -14.501133 4.662924 -8.205535
-11.814574 -15.382883 -2.479314 9.675869 -5.750562 -1.920553 -12.821918 -9.966675 18.691422 23.879999 -3.609830 2.956392 9.650340 18.370504 2.077785 2.061137 25.394897 4.944437 -15.405185 -5.413990 10.128504 -17.747335 11.608461 6.271348 -32.471035 4.874453 25.188232 -14.683417 6.571940 -8.734592
-10.982804 -15.267147 -3.042980 9.976130 -5.950949 -2.226512 -13.216414 -9.858301 18.399084 24.243988 -4.560362 3.326400 8.878005 18.791023 2.097569 1.526654 25.299232 5.341317 -15.385249 -6.025401 9.350932 -17.878529 11.670210 6.498164 -32.435661 4.979439 24.847446 -14.632570 7.856868 -8.944270
-10.813396 -15.315982 -3.138706 10.115224 -6.045789 -2.306353 -13.434583 -9.917514 18.266752 24.336235 -4.687872 3.535098 8.662433 18.939468 2.024647 1.646698 25.276991 5.508345 -15.289335 -6.380666 9.026132 -18.072418 11.766065 6.538802 -32.408623 5.036633 24.774580 -14.682743 8.215527 -8.959805
-10.811981 -15.375237 -3.205510 10.049108 -6.002723 -2.331051 -13.443232 -9.899805 18.290791 24.307436 -4.595509 3.566554 8.718067 18.959248 2.026019 1.703736 25.261782 5.519001 -15.335485 -6.351050 9.107077 -17.963760 11.885660 6.473791 -32.348991 5.182597 24.852873 -14.624350 8.211980 -9.044567
-10.703355 -15.357542 -3.262822 10.178919 -6.028428 -2.238868 -13.553507 -10.048986 18.237848 24.416004 -4.823143 3.637352 8.439748 19.139154 1.940849 1.668413 25.235022 5.481916 -15.306417 -6.688655 8.847150 -17.994553 12.015291 6.556924 -32.379196 5.172514 24.802101 -14.734770 8.180750 -9.007568
-10.610150 -15.449022 -3.577735 10.222445 -6.042365 -2.179878 -13.792223 -10.194203 18.252523 24.410221 -5.203512 3.805992 7.981494 19.331676 1.808465 1.634023 25.246096 5.528006 -15.178823 -7.299493 8.681930 -17.594242 12.474967 6.385849 -32.369129 5.536736 24.917770 -14.838998 8.234456 -9.203093
-10.353265 -15.601808 -3.936528 10.342484 -6.103543 -2.210200 -14.160608 -10.365690 18.231045 24.397953 -5.417083 4.006150 7.670715 19.578775 1.792202 1.588332 25.141039 5.673895 -15.014898 -7.788181 8.325125 -17.535112 12.782465 6.210309 -32.461262 5.433162 24.666584 -15.144682 8.193540 -9.305870
-10.012794 -15.685104 -4.010303 10.748294 -6.394614 -2.169432 -14.770944 -10.786718 17.963013 24.611355 -5.448860 4.241466 7.345911 19.999020 1.740978 1.837529 25.099062 5.550064 -15.033097 -8.292903 8.210547 -17.199835 13.232620 6.020139 -32.492149 5.613134 24.657473 -15.467360 8.147103 -9.414607
-10.067775 -15.907055 -4.141490 10.869040 -6.645692 -2.119467 -15.372548 -11.154469 17.740444 24.563986 -5.563139 4.554606 6.819893 20.397533 1.600027 1.951633 25.184134 5.423996 -15.001038 -8.990192 7.605284 -16.581902 13.925410 5.674930 -32.713028 5.993539 24.712999 -16.018192 8.495457 -9.499100
-9.938965 -16.148397 -4.494711 11.014706 -6.878662 -2.206363 -16.015194 -11.415462 17.533480 24.515959 -5.957108 4.816814 6.316157 20.882437 1.607308 1.946855 25.123182 5.312496 -14.898842 -9.528622 6.992860 -15.935988 14.512619 5.704406 -32.924427 6.110668 24.637306 -16.633366 8.855383 -9.400140
-9.824072 -16.127462 -4.635623 11.323470 -7.220378 -2.167275 -16.597418 -11.738583 17.240440 24.540836 -6.362780 5.157533 5.886168 21.223499 1.725255 2.048862 24.918055 5.446918 -14.758925 -10.234065 7.063986 -15.304946 15.612165 5.617436 -32.711277 6.641704 24.826241 -17.004705 9.036522 -9.545893
-9.554938 -16.368605 -4.896870 11.606638 -7.544456 -2.338275 -17.302368 -11.988401 16.974934 24.388798 -7.000617 5.668283 5.005486 21.967442 2.121498 1.951462 24.496124 5.592032 -14.285906 -11.400036 7.274484 -14.811986 17.110502 5.477539 -32.341259 7.217375 24.895905 -17.517139 9.121134 -9.868183
-9.300523 -16.665304 -5.010436 11.979425 -7.886378 -2.412651 -18.041229 -12.398108 16.711519 24.260715 -7.598262 6.072052 4.313639 22.394817 2.403542 1.680715 24.175735 5.585140 -13.918283 -12.279489 7.609437 -14.102778 18.336477 5.296538 -32.025143 7.834413 25.017181 -17.818613 9.139938 -10.249778
-9.059048 -17.041946 -5.057811 12.352352 -8.193966 -2.666935 -18.656013 -12.607240 16.440319 24.050854 -8.231829 6.619617 3.499227 23.045286 2.766176 1.558142 23.865210 5.708730 -13.552305 -13.255108 7.367149 -13.426892 19.320917 4.953634 -31.962557 8.457744 25.083206 -18.177654 9.062108 -10.660317
-9.038083 -17.407396 -5.172165 12.481730 -8.364744 -2.798437 -19.148811 -12.813692 16.267809 23.847263 -8.633480 7.052900 2.936553 23.489786 3.031387 1.493347 23.530622 5.914233 -13.339722 -13.951072 7.616613 -12.589701 20.297020 4.534688 -31.857224 8.841261 25.053596 -18.642393 8.753483 -10.995053
-8.965600 -17.985971 -5.110763 12.806167 -8.581450 -2.943652 -19.855011 -13.259096 16.005268 23.709166 -9.092833 7.389203 2.320771 24.007191 3.177951 1.580325 23.216295 6.059797 -13.002756 -14.711773 7.368496 -11.820888 21.492317 4.126957 -31.918821 9.363871 25.110809 -19.397085 8.633496 -11.234394
-8.797552 -18.602350 -5.563997 12.984419 -8.715917 -3.084220 -20.605282 -13.621609 15.920366 23.623360 -9.235607 7.946793 1.615976 24.656013 3.323462 1.828094 23.171442 5.897786 -12.515922 -15.737762 7.581219 -10.736891 22.753855 3.769067 -31.944946 9.955173 25.371861 -20.152060 8.321086 -11.413340
-8.552639 -19.206425 -5.841073 13.201518 -8.792130 -3.171196 -21.244987 -14.041043 15.874452 23.530895 -9.443062 8.488021 0.945302 25.285498 3.441835 1.837837 23.049524 5.837762 -12.214322 -16.616302 7.675021 -9.371466 24.025549 3.506878 -32.048603 10.746202 25.851484 -20.906654 8.301390 -11.512356
-8.466399 -19.874681 -6.063323 13.136632 -8.693874 -3.362180 -21.623034 -14.230696 15.955360 23.265776 -9.812451 8.821965 0.300229 25.874308 3.442196 1.729305 22.888229 5.868786 -11.855879 -17.543280 7.619666 -8.441432 24.883240 3.436923 -32.161167 11.141000 26.099903 -21.569378 8.159394 -11.437283
-8.334948 -20.343580 -6.038065 13.166958 -8.620516 -3.525697 -21.861258 -14.382970 15.932365 23.120768 -9.975575 9.180678 -0.164734 26.357622 3.554448 1.726158 22.693985 5.854904 -11.513138 -18.138386 7.755841 -7.460783 25.321939 3.343588 -32.227375 11.500274 26.335758 -21.866627 8.204316 -11.468996
-8.284941 -20.706507 -5.921367 13.160878 -8.523984 -3.574483 -21.987305 -14.563854 15.957177 22.959839 -10.080233 9.276215 -0.321442 26.517511 3.608884 1.701155 22.536606 5.924994 -11.329746 -18.449373 7.544033 -7.057060 25.608231 3.290361 -32.357540 11.681169 26.418093 -22.094402 8.252793 -11.496292
-8.118772 -20.932560 -6.081730 13.158873 -8.456166 -3.618227 -22.109758 -14.653288 16.038311 22.913689 -10.154236 9.296564 -0.459093 26.604881 3.690151 1.619569 22.365484 6.019975 -11.228436 -18.682020 7.545410 -6.844009 25.724245 3.221886 -32.384556 11.760212 26.442806 -22.156460 8.288519 -11.543188
-8.125597 -20.901777 -6.115096 13.192600 -8.511649 -3.603154 -22.186275 -14.684990 15.985294 22.922104 -10.154872 9.324073 -0.481914 26.638186 3.723967 1.630677 22.309256 6.055708 -11.194200 -18.738642 7.559434 -6.803126 25.721100 3.257285 -32.396198 11.766954 26.474155 -22.162855 8.298918 -11.522677
-8.126178 -20.905754 -6.129847 13.193924 -8.505941 -3.598492 -22.187433 -14.689465 15.992699 22.918198 -10.155296 9.321455 -0.477181 26.639496 3.720311 1.624090 22.312147 6.058259 -11.196963 -18.735271 7.565733 -6.786976 25.716110 3.259452 -32.392620 11.751466 26.469276 -22.153835 8.293794 -11.511247
-8.120164 -20.901270 -6.122115 13.190711 -8.508574 -3.601067 -22.188393 -14.689207 15.990156 22.913960 -10.154046 9.318193 -0.474783 26.639891 3.719440 1.626253 22.312990 6.058959 -11.192738 -18.737598 7.583106 -6.786344 25.719877 3.254349 -32.386501 11.761046 26.478094 -22.151024 8.302719 -11.510722
-8.120164 -20.901270 -6.122115 13.190711 -8.508574 -3.601067 -22.188393 -14.689207 15.990156 22.913960 -10.154139 9.318736 -0.474769 26.640003 3.718922 1.625651 22.313040 6.059177 -11.193907 -18.737024 7.582442 -6.785787 25.719454 3.254709 -32.386993 11.760739 26.477947 -22.151165 8.302159 -11.510586
-8.120164 -20.901270 -6.122115 13.190711 -8.508574 -3.601067 -22.188393 -14.689207 15.990156 22.913960 -10.154111 9.318728 -0.474794 26.639961 3.718905 1.625658 22.313011 6.059225 -11.193937 -18.737020 7.582652 -6.785602 25.719049 3.255492 -32.387455 11.760804 26.478004 -22.151340 8.302236 -11.511006
-8.120164 -20.901270 -6.122115 13.190711 -8.508574 -3.601067 -22.188393 -14.689207 15.990156 22.913960 -10.154111 9.318728 -0.474794 26.639961 3.718905 1.625658 22.313011 6.059225 -11.193937 -18.737020 7.582442 -6.785787 25.719454 3.254709 -32.386993 11.760739 26.477947 -22.151165 8.302159 -11.510586
-8.120164 -20.901270 -6.122115 13.190711 -8.508574 -3.601067 -22.188393 -14.689207 15.990156 22.913960 -10.154111 9.318728 -0.474794 26.639961 3.718905 1.625658 22.313011 6.059225 -11.193937 -18.737020 7.582652 -6.785602 25.719049 3.255492 -32.387455 11.760804 26.478004 -22.151340 8.302236 -11.511006
-8.120164 -20.901270 -6.122115 13.190711 -8.508574 -3.601067 -22.188393 -14.689207 15.990156 22.913960 -10.154111 9.318728 -0.474794 26.639961 3.718905 1.625658 22.313011 6.059225 -11.193937 -18.737020 7.582652 -6.785602 25.719049 3.255492 -32.387455 11.760804 26.478004 -22.151340 8.302236 -11.511006
-8.120164 -20.901270 -6.122115 13.190711 -8.508574 -3.601067 -22.188393 -14.689207 15.990156 22.913960 -10.154111 9.318728 -0.474794 26.639961 3.718905 1.625658 22.313011 6.059225 -11.193937 -18.737020 7.582442 -6.785787 25.719454 3.254709 -32.386993 11.760739 26.477947 -22.151165 8.302159 -11.510586
-8.121691 -20.902283 -6.125432 13.189656 -8.506227 -3.598566 -22.187534 -14.690457 15.991752 22.915627 -10.156440 9.318980 -0.475264 26.641743 3.719821 1.627652 22.312094 6.059199 -11.195179 -18.734758 7.574443 -6.782584 25.717524 3.256626 -32.388733 11.755418 26.473663 -22.150488 8.297855 -11.510188
-8.121691 -20.902283 -6.125432 13.189656 -8.506227 -3.598566 -22.187534 -14.690457 15.991752 22.915627 -10.156440 9.318980 -0.475264 26.641743 3.719821 1.627652 22.312094 6.059199 -11.195179 -18.734758 7.573445 -6.783325 25.717581 3.255486 -32.388569 11.755131 26.473265 -22.150379 8.297293 -11.509970
-8.121691 -20.902283 -6.125432 13.189656 -8.506227 -3.598566 -22.187534 -14.690457 15.991752 22.915627 -10.156440 9.318980 -0.475264 26.641743 3.719821 1.627652 22.312094 6.059199 -11.195179 -18.734758 7.574160 -6.783181 25.717136 3.256043 -32.388889 11.755305 26.473429 -22.150352 8.297391 -11.510513
-8.126885 -20.905712 -6.134542 13.185377 -8.505111 -3.598282 -22.190899 -14.690677 15.993638 22.914129 -10.155767 9.319648 -0.474997 26.641481 3.718305 1.623881 22.312422 6.058921 -11.196321 -18.734777 7.567274 -6.782238 25.709522 3.257585 -32.392048 11.742761 26.463799 -22.149799 8.290348 -11.508932
-8.126645 -20.904247 -6.131025 13.184939 -8.506409 -3.599721 -22.190338 -14.689440 15.992712 22.912245 -10.155235 9.319262 -0.475211 26.641087 3.718573 1.624936 22.311497 6.060023 -11.195127 -18.736620 7.569896 -6.781932 25.712826 3.257415 -32.391609 11.751395 26.470890 -22.150463 8.294984 -11.509524
-8.126645 -20.904247 -6.131025 13.184939 -8.506409 -3.599721 -22.190338 -14.689440 15.992712 22.912245 -10.155235 9.319262 -0.475211 26.641087 3.718573 1.624936 22.311497 6.060023 -11.195127 -18.736620 7.569896 -6.781932 25.712826 3.257415 -32.391609 11.751395 26.470890 -22.150463 8.294984 -11.509524
-12.761009 -17.712507 5.246285 13.097002 -15.709272 -11.514284 -24.182884 -9.724499 10.132973 14.312220 -6.777026 5.785715 0.375640 18.405983 2.868220 4.731017 28.485830 2.828063 -0.348058 -24.411493 4.202205 -10.910415 33.256062 10.615791 -28.615114 -10.702717 8.269372 -24.330727 0.284488 -8.593539
-12.761009 -17.712507 5.246285 13.097002 -15.709272 -11.514284 -24.182884 -9.724499 10.132973 14.312220 -6.777026 5.785715 0.375640 18.405983 2.868220 4.731017 28.485830 2.828063 -0.348058 -24.411493 4.202205 -10.910415 33.256062 10.615791 -28.615114 -10.702717 8.269372 -24.330727 0.284488 -8.593539
-12.761009 -17.712507 5.246285 13.097002 -15.709272 -11.514284 -24.182884 -9.724499 10.132973 14.312220 -6.777026 5.785715 0.375640 18.405983 2.868220 4.731017 28.485830 2.828063 -0.348058 -24.411493 4.202205 -10.910415 33.256062 10.615791 -28.615114 -10.702717 8.269372 -24.330727 0.284488 -8.593539
-12.761009 -17.712507 5.246285 13.097002 -15.709272 -11.514284 -24.182884 -9.724499 10.132973 14.312220 -6.777026 5.785715 0.375640 18.405983 2.868220 4.731017 28.485830 2.828063 -0.348058 -24.411493 4.202205 -10.910415 33.256062 10.615791 -28.615114 -10.702717 8.269372 -24.330727 0.284488 -8.593539
-12.761009 -17.712507 5.246285 13.097002 -15.709272 -11.514284 -24.182884 -9.724499 10.132973 14.312220 -6.777026 5.785715 0.375640 18.405983 2.868220 4.731017 28.485830 2.828063 -0.348058 -24.411493 4.202205 -10.910415 33.256062 10.615791 -28.615114 -10.702717 8.269372 -24.330727 0.284488 -8.593539
-14.122377 -18.265755 4.964842 11.470353 -16.115002 -12.167513 -24.647934 -8.497829 9.060983 15.708340 -7.694787 5.946667 1.353372 19.139261 2.511661 3.627994 29.612537 2.370360 -0.096862 -23.735636 3.090490 -11.293841 32.464367 12.177253 -30.257874 -10.301624 8.240282 -25.318161 -0.136409 -9.699417
-13.554409 -17.866373 5.199777 11.096754 -16.048418 -11.900463 -24.703312 -8.853496 8.970031 15.787511 -7.829736 6.057318 1.272083 18.935549 2.718150 3.383894 29.639339 2.201362 -0.158988 -23.609875 3.189464 -10.729266 32.512459 12.040405 -30.156845 -9.673716 8.642995 -24.917950 -0.066208 -9.785907
-13.979470 -18.143560 5.043058 11.358986 -16.136545 -12.083517 -24.705433 -8.599337 8.929899 15.854799 -7.932964 6.171831 1.323480 18.910290 2.764088 3.303790 29.756281 2.029985 -0.116132 -23.499075 2.869919 -10.650111 32.473373 12.054492 -30.548473 -9.134131 8.816592 -25.257057 -0.508632 -10.307014
-14.013293 -18.169626 5.009312 11.417402 -16.143778 -12.097272 -24.704853 -8.587044 8.963064 15.802430 -7.827040 6.116722 1.373706 18.920578 2.743009 3.277580 29.750982 2.003078 -0.113646 -23.504723 3.020646 -10.667308 32.535072 12.119023 -30.507660 -9.118737 8.821504 -25.276772 -0.401050 -10.329050
-14.020562 -18.173204 5.008706 11.427603 -16.146513 -12.106397 -24.702969 -8.577972 8.963676 15.800139 -7.815917 6.114466 1.373858 18.907349 2.747292 3.269522 29.756807 1.990117 -0.114954 -23.499966 3.020192 -10.670798 32.527462 12.137854 -30.519482 -9.116785 8.820904 -25.282269 -0.405718 -10.343494
-14.020780 -18.173347 5.008550 11.426650 -16.146368 -12.106677 -24.703161 -8.577705 8.963545 15.800264 -7.811028 6.113930 1.373870 18.904194 2.746755 3.268628 29.756819 1.988949 -0.116737 -23.499756 3.021174 -10.670896 32.526070 12.140932 -30.522377 -9.116089 8.821326 -25.283470 -0.404386 -10.346008
-14.025363 -18.172125 5.012217 11.435551 -16.147753 -12.113764 -24.697659 -8.569910 8.964409 15.792690 -7.800134 6.113256 1.380949 18.892727 2.751265 3.267446 29.758257 1.983960 -0.112389 -23.496681 3.025883 -10.659076 32.526413 12.131586 -30.520432 -9.084243 8.839011 -25.276417 -0.385916 -10.356309
-14.023401 -18.171457 5.011914 11.434090 -16.146654 -12.112097 -24.697639 -8.571651 8.964798 15.793820 -7.798460 6.112789 1.380524 18.891661 2.752044 3.268400 29.757444 1.983122 -0.111975 -23.496943 3.023063 -10.663105 32.526146 12.131368 -30.519728 -9.092098 8.833758 -25.278017 -0.394614 -10.353226
-14.023401 -18.171457 5.011914 11.434090 -16.146654 -12.112097 -24.697639 -8.571651 8.964798 15.793820 -7.798426 6.112954 1.380546 18.892063 2.752111 3.268259 29.756796 1.983519 -0.112406 -23.496880 3.022772 -10.662932 32.526016 12.131346 -30.519878 -9.092417 8.833860 -25.277971 -0.394190 -10.352648
-14.023096 -18.171844 5.022182 11.453622 -16.147554 -12.107528 -24.691284 -8.575784 8.960701 15.806276 -7.842021 6.112949 1.397195 18.936546 2.750118 3.263355 29.769724 1.994151 -0.092610 -23.491806 2.997410 -10.663963 32.541313 12.140374 -30.528502 -9.073217 8.825490 -25.297855 -0.445007 -10.370609
-14.014395 -18.162035 5.027814 11.443741 -16.147394 -12.104175 -24.692581 -8.581572 8.959810 15.803360 -7.821653 6.121976 1.378992 18.913029 2.751153 3.269649 29.759317 1.993698 -0.107052 -23.496658 3.009109 -10.656970 32.536938 12.141094 -30.521793 -9.086043 8.823219 -25.291067 -0.426176 -10.354887
-14.017139 -18.163988 5.024098 11.447453 -16.147982 -12.106443 -24.692818 -8.579830 8.962541 15.797840 -7.818186 6.121592 1.381531 18.909351 2.745361 3.269703 29.762541 1.996409 -0.110863 -23.495226 3.012138 -10.659165 32.533882 12.147551 -30.528667 -9.085034 8.824014 -25.295826 -0.424609 -10.358820
-14.017139 -18.163988 5.024098 11.447453 -16.147982 -12.106443 -24.692818 -8.579830 8.962541 15.797840 -7.818186 6.121592 1.381531 18.909351 2.745361 3.269703 29.762541 1.996409 -0.110863 -23.495226 3.012138 -10.659165 32.533882 12.147551 -30.528667 -9.085034 8.824014 -25.295826 -0.424609 -10.358820
-14.017139 -18.163988 5.024098 11.447453 -16.147982 -12.106443 -24.692818 -8.579830 8.962541 15.797840 -7.817326 6.121428 1.381141 18.908667 2.745915 3.269747 29.762014 1.995904 -0.110929 -23.495220 3.011803 -10.659225 32.535301 12.145668 -30.527313 -9.085153 8.824113 -25.295273 -0.424452 -10.357280
-14.017139 -18.163988 5.024098 11.447453 -16.147982 -12.106443 -24.692818 -8.579830 8.962541 15.797840 -7.818186 6.121592 1.381531 18.909351 2.745361 3.269703 29.762541 1.996409 -0.110863 -23.495226 3.011963 -10.659381 32.534271 12.146829 -30.528267 -9.085064 8.823962 -25.295727 -0.424740 -10.358465
-14.019131 -18.165995 5.025574 11.448428 -16.147705 -12.106701 -24.692295 -8.580081 8.963689 15.793022 -7.824161 6.120095 1.381861 18.917393 2.753898 3.270524 29.759691 1.991657 -0.101239 -23.498653 3.010347 -10.662049 32.541313 12.140439 -30.523870 -9.085253 8.822424 -25.294178 -0.426757 -10.355975
-14.017622 -18.167204 5.024373 11.453213 -16.147984 -12.108192 -24.693295 -8.580241 8.963778 15.793523 -7.837569 6.115979 1.399524 18.935604 2.739605 3.265918 29.773727 1.999406 -0.096269 -23.494940 3.008732 -10.662769 32.542213 12.140156 -30.523136 -9.085254 8.821995 -25.293917 -0.425859 -10.355772
-14.017622 -18.167204 5.024373 11.453213 -16.147984 -12.108192 -24.693295 -8.580241 8.963778 15.793523 -7.837753 6.116089 1.399807 18.936214 2.739560 3.265835 29.774002 1.999168 -0.095953 -23.495005 3.008838 -10.662753 32.542080 12.140160 -30.523254 -9.085158 8.822068 -25.293934 -0.425787 -10.355983
-14.029497 -18.176302 5.018023 11.461548 -16.149284 -12.111563 -24.694221 -8.576323 8.965303 15.792350 -7.815783 6.117445 1.381245 18.908340 2.750552 3.268038 29.759886 1.992286 -0.107281 -23.497715 3.004520 -10.645648 32.539818 12.134777 -30.510916 -9.088449 8.822517 -25.278595 -0.426832 -10.343367
-14.025389 -18.170954 5.020566 11.456981 -16.148817 -12.109820 -24.692204 -8.575813 8.963855 15.798143 -7.813195 6.116689 1.379057 18.906826 2.753979 3.269562 29.757627 1.989480 -0.106203 -23.498327 3.005969 -10.649029 32.541206 12.133429 -30.512440 -9.088099 8.822281 -25.281525 -0.428384 -10.346194
-14.031589 -18.177055 5.013811 11.462556 -16.149849 -12.113590 -24.694164 -8.573726 8.968109 15.787117 -7.811250 6.118138 1.381448 18.904251 2.745797 3.269007 29.762402 1.994529 -0.111701 -23.496376 3.009650 -10.651494 32.536606 12.142406 -30.519878 -9.086444 8.821828 -25.287170 -0.429938 -10.355083
