6.371921 18.963877 -6.601650 -4.993382 -12.311041 -16.670076 3.312117 20.445755 11.366068 9.803614 -12.599275 -26.772083 11.627327 -11.802482 3.152620 -17.417612 8.723816 13.443301 -5.333618 -4.204132 -18.108465 -18.563745 5.579882 19.447416 -4.111661 -4.736739 6.492879 33.629906 -0.609326 -24.006653
6.090680 18.492701 -6.374594 -5.254665 -12.251383 -16.558558 3.048585 20.049171 11.595390 9.177999 -12.143210 -26.795334 11.723284 -12.013659 3.129512 -17.138294 8.829247 13.242732 -5.345657 -4.482217 -17.692091 -18.598431 6.414614 18.613379 -4.157960 -4.461821 6.551450 32.984482 -1.166759 -24.390848
5.632144 17.799623 -6.477297 -5.474710 -12.302210 -16.485308 2.652561 19.680552 12.104244 8.012987 -10.876821 -26.860168 12.115584 -12.413275 3.057930 -16.768711 8.995217 12.832007 -5.719265 -4.389376 -17.038521 -19.022646 7.275107 17.406736 -4.390457 -4.131990 6.481647 31.930340 -1.782218 -25.104307
4.512892 17.015917 -6.549247 -6.173438 -12.147871 -16.310537 2.651934 19.648174 12.696251 7.142997 -9.484549 -26.776739 12.593865 -12.635647 3.018150 -16.244499 9.442393 12.068795 -5.830125 -4.464105 -16.198172 -19.566971 8.479299 16.010748 -5.022000 -3.345758 6.565610 30.000437 -2.017815 -26.181999
3.098732 16.135799 -6.584691 -7.026818 -12.039474 -16.207796 2.615307 19.726379 13.246019 6.071318 -7.972302 -26.946053 13.350065 -12.764767 2.977490 -15.592041 9.876950 11.337963 -5.954831 -4.308996 -15.066595 -19.840654 9.473845 15.058039 -5.720840 -2.792540 6.924769 28.041153 -2.584548 -26.545431
1.642256 15.286498 -6.684727 -7.439984 -11.867371 -16.032925 2.867279 19.836475 14.136160 4.693810 -6.575227 -27.297977 14.057191 -12.819904 2.793406 -14.966617 10.488875 10.569518 -5.950105 -4.312746 -14.063697 -20.123281 11.123328 14.269817 -6.134585 -2.116875 7.211803 26.298845 -3.281632 -27.196470
0.064981 14.696507 -6.631981 -8.338352 -11.682552 -15.715624 3.264700 20.081829 14.747459 3.681230 -5.626241 -27.479675 14.534230 -12.654188 2.580377 -14.459544 11.074128 9.711708 -5.996068 -4.553061 -13.199186 -20.483744 12.200466 13.120043 -6.343480 -1.784846 7.485677 24.782921 -4.275531 -27.206411
-1.633359 14.095290 -6.913138 -8.769873 -11.707981 -15.333352 3.391624 20.087444 15.572904 2.308676 -5.088130 -27.694706 14.825454 -12.705412 2.283922 -13.507457 11.397529 8.884658 -6.266770 -4.632055 -12.450832 -21.685120 13.081630 12.499195 -6.893958 -1.336970 7.789032 23.054150 -5.033509 -27.586199
-3.179372 13.526411 -6.994095 -9.260284 -11.589403 -14.914414 3.656422 20.133648 16.211569 1.431705 -4.613242 -27.714474 15.159472 -12.646648 2.020982 -13.141331 11.705760 8.388548 -6.590996 -4.529501 -11.867673 -21.974461 13.737343 11.767851 -7.206717 -1.245835 7.960170 21.941004 -5.901885 -27.621174
-3.717093 13.471511 -7.117039 -9.207962 -11.646418 -14.674604 3.780818 20.129803 16.514090 1.040515 -4.180188 -27.917183 15.437925 -12.729328 1.714407 -12.892110 11.964580 8.082319 -6.866693 -4.423811 -11.539052 -22.049688 14.182695 11.562781 -7.299837 -1.197460 8.159587 21.445206 -6.400799 -27.512705
-3.761649 13.284323 -6.540523 -9.327310 -11.538588 -14.519920 4.006790 20.002207 16.547718 1.124125 -4.218153 -27.822500 15.710660 -12.824490 1.783324 -12.702443 11.749820 8.067627 -6.768122 -4.491187 -11.539233 -21.493994 14.457434 11.628319 -7.409729 -1.145292 8.186343 21.282768 -6.238032 -27.491686
-2.439970 12.696915 -3.615685 -9.095963 -11.011162 -13.963654 5.213959 19.351629 16.415924 2.473114 -4.643650 -27.244175 17.432415 -13.384776 2.443024 -11.198236 9.986980 8.330624 -6.184205 -4.417301 -11.944026 -17.198610 16.082155 12.685816 -7.061253 -0.954872 8.329429 22.225996 -4.892346 -27.011631
0.414204 11.894294 1.673602 -7.161419 -10.414100 -12.937514 6.959828 17.592529 16.161428 4.252553 -7.628515 -25.147755 19.197313 -14.070804 3.504706 -8.311135 6.926909 8.316006 -5.616593 -4.812745 -13.155560 -10.761134 19.648848 13.388725 -7.423988 -1.047375 8.601756 21.795883 -3.156354 -25.289152
0.750199 9.908495 5.548633 -4.012152 -10.068483 -12.550999 8.540505 16.665398 16.627911 5.797447 -11.871140 -21.303967 20.865719 -13.072170 3.603377 -4.829191 5.012404 8.533891 -5.363050 -5.476486 -13.909406 -1.507218 24.222088 14.083352 -7.081222 -1.531574 8.919497 21.812981 -3.770911 -22.355005
0.576498 8.342805 10.436937 -0.125261 -9.903301 -11.133968 9.980995 14.310886 17.361891 6.230521 -15.690947 -17.524689 20.272966 -11.457620 5.649797 -0.031895 3.910580 6.898504 -4.031105 -6.315128 -12.535090 6.515794 26.429087 14.939617 -8.681753 -2.439387 9.659640 20.311211 -1.957306 -18.904736
2.964969 8.348490 15.886683 2.948443 -9.593752 -8.495070 10.762596 9.606775 18.332029 5.179702 -17.914106 -12.929882 17.981964 -11.659308 9.059987 6.086000 1.486358 5.764481 -3.884726 -6.619701 -12.784362 13.982477 28.383986 11.017622 -8.472342 -5.471293 11.362191 20.064135 -2.215156 -10.923491
5.593670 8.890444 20.053942 4.450791 -10.360599 -5.565902 8.722129 3.487556 18.905128 2.138028 -17.748219 -9.076423 14.132968 -14.163072 11.805589 12.855519 -0.794276 3.528212 -5.412643 -6.905221 -12.195145 17.398411 29.177225 6.280963 -8.786451 -8.634100 12.665946 18.305309 -3.565702 -3.583211
4.286222 8.238171 21.554947 4.359336 -11.002890 -3.942182 7.002082 0.608416 19.468319 -0.019478 -18.703053 -6.760813 12.202696 -14.135233 12.142171 17.064329 0.162714 1.354169 -6.278411 -7.127597 -11.382900 19.887293 29.096479 4.369585 -9.609157 -10.819181 13.493540 16.440952 -6.272060 1.253190
2.559854 7.046164 21.887054 4.511006 -11.621204 -3.052932 5.010743 -1.261019 19.387842 -0.591150 -18.713907 -5.446387 10.697652 -13.408471 12.316503 18.714033 2.020467 -0.392325 -6.526836 -7.265447 -8.608819 22.446358 28.412092 3.965582 -10.866520 -11.654381 15.082423 15.523538 -6.432175 3.989554
0.990354 6.413228 21.910959 4.298399 -11.757883 -2.631714 4.403786 -1.752203 19.628195 -1.315914 -18.445288 -4.753263 9.742503 -12.802201 12.349875 19.469879 3.101692 -1.156698 -6.647115 -7.519815 -6.368505 22.068926 28.307634 3.533265 -11.007437 -12.415825 15.217835 14.589915 -6.924810 4.717325
0.779426 6.196023 21.896051 4.412199 -11.825621 -2.566196 4.213911 -1.913326 19.664745 -1.475038 -18.502485 -4.349957 9.464663 -12.585264 12.369096 19.555700 3.331630 -1.175214 -6.705208 -7.630516 -6.046720 22.220167 28.055187 3.539451 -11.102081 -12.585115 15.162981 14.605658 -7.003270 4.725675
1.344493 5.818214 21.479153 4.706167 -11.697704 -2.951484 4.127035 -1.768484 19.828569 -1.751910 -18.268820 -4.306516 9.951652 -12.457591 12.438451 19.963982 3.088276 -0.904100 -6.454734 -7.677132 -6.080504 22.765984 27.682333 3.403217 -11.314013 -12.640249 14.926036 14.766729 -6.444081 4.366710
1.758278 5.060638 21.373867 4.541574 -11.321548 -3.385394 4.256387 -1.599257 20.244276 -2.358190 -17.567532 -3.838335 10.242661 -12.324924 13.068860 20.106676 2.909186 -0.622856 -6.027567 -7.576421 -5.904973 23.459343 26.877623 2.714420 -11.411364 -13.057059 14.326451 15.359538 -5.658930 3.754598
2.588695 4.044029 20.639553 4.637950 -10.819318 -4.318711 4.423304 -0.991356 21.016264 -3.499486 -16.514223 -3.501484 11.103427 -12.566013 13.693427 20.667055 2.548107 -0.225432 -5.519165 -7.279362 -6.461777 24.852047 24.959299 2.887172 -12.446430 -14.374741 13.388348 15.934622 -4.281280 3.656347
3.340912 2.888069 19.494070 4.583212 -10.474566 -5.262897 4.016362 -0.619754 21.683954 -4.840594 -15.753052 -2.483240 11.265168 -12.187527 14.459508 21.194710 2.566848 -0.036463 -4.977153 -6.829895 -6.579836 25.784185 23.650183 2.504764 -12.902624 -15.184692 12.619809 16.513687 -3.313948 3.390696
4.132380 1.558140 18.705715 4.591574 -10.176039 -6.108169 3.413283 -0.546213 22.265347 -5.852265 -14.303560 -1.935097 11.891496 -12.182503 15.399249 22.233517 2.562078 0.161949 -4.431404 -6.399934 -6.150990 27.698208 22.635443 2.515042 -13.391054 -16.321098 12.046880 17.050255 -1.903395 3.583016
4.971035 0.583185 17.714725 4.545163 -10.100086 -6.863409 2.522933 -0.542069 22.500765 -6.735935 -13.212267 -1.087600 12.458895 -12.034868 15.657808 23.384550 2.838151 0.244335 -4.315290 -6.132632 -6.374488 28.203947 21.417477 2.205920 -14.061509 -17.591413 11.331777 17.048847 -0.458050 4.020257
5.154276 -0.366523 16.943478 4.580794 -10.004356 -7.342767 2.053621 -0.451147 22.993252 -7.754956 -12.467054 -0.399368 12.761080 -11.733507 16.076651 24.178013 2.865461 0.493825 -3.925436 -6.180257 -6.628186 29.787312 19.912188 2.296624 -14.757934 -19.205433 10.632569 17.592043 0.674440 4.757194
5.368178 -0.925513 16.125116 4.631016 -10.018315 -7.760618 1.534264 -0.387547 23.262384 -8.726509 -11.830190 0.045298 12.799500 -11.611840 16.655910 24.618248 2.779574 0.337536 -3.640188 -6.091297 -7.006798 30.763567 18.992685 2.660067 -15.553292 -20.388657 10.234326 17.541698 1.677307 5.624131
5.575071 -1.223255 15.705868 4.784844 -9.965876 -7.998954 1.499783 -0.200507 23.519657 -9.107530 -11.573643 0.188477 12.741797 -11.619860 16.893959 24.712770 2.715279 0.287923 -3.495907 -6.085557 -7.024210 31.169207 18.363672 3.010358 -15.896795 -20.925957 10.053500 17.590958 1.799206 5.903175
5.635592 -1.228569 15.618139 4.763618 -9.950957 -8.036148 1.449739 -0.207900 23.527098 -9.137066 -11.475473 0.190599 12.794577 -11.611707 16.937466 24.785530 2.702559 0.307401 -3.513767 -6.004130 -7.047809 31.250051 18.271488 3.056789 -15.950541 -20.901733 10.063087 17.591702 1.763428 5.869241
5.635592 -1.228569 15.618139 4.763618 -9.950957 -8.036148 1.449739 -0.207900 23.527098 -9.137066 -11.475473 0.190599 12.794577 -11.611707 16.937466 24.785530 2.702559 0.307401 -3.513767 -6.004130 -7.047809 31.250051 18.271488 3.056789 -15.950541 -20.901733 10.063087 17.591702 1.763428 5.869241
5.635592 -1.228569 15.618139 4.763618 -9.950957 -8.036148 1.449739 -0.207900 23.527098 -9.137066 -11.475473 0.190599 12.794577 -11.611707 16.937466 24.785530 2.702559 0.307401 -3.513767 -6.004130 -7.047578 31.250063 18.271860 3.056288 -15.950119 -20.901836 10.062871 17.591839 1.763257 5.869018
5.635592 -1.228569 15.618139 4.763618 -9.950957 -8.036148 1.449739 -0.207900 23.527098 -9.137066 -11.475473 0.190599 12.794577 -11.611707 16.937466 24.785530 2.702559 0.307401 -3.513767 -6.004130 -7.047578 31.250063 18.271860 3.056288 -15.950119 -20.901836 10.062871 17.591839 1.763257 5.869018
5.635592 -1.228569 15.618139 4.763618 -9.950957 -8.036148 1.449739 -0.207900 23.527098 -9.137066 -11.475473 0.190599 12.794577 -11.611707 16.937466 24.785530 2.702559 0.307401 -3.513767 -6.004130 -7.047809 31.250051 18.271488 3.056789 -15.950541 -20.901733 10.063087 17.591702 1.763428 5.869241
5.635592 -1.228569 15.618139 4.763618 -9.950957 -8.036148 1.449739 -0.207900 23.527098 -9.137066 -11.475473 0.190599 12.794577 -11.611707 16.937466 24.785530 2.702559 0.307401 -3.513767 -6.004130 -7.047809 31.250051 18.271488 3.056789 -15.950541 -20.901733 10.063087 17.591702 1.763428 5.869241
5.635592 -1.228569 15.618139 4.763618 -9.950957 -8.036148 1.449739 -0.207900 23.527098 -9.137066 -11.475473 0.190599 12.794577 -11.611707 16.937466 24.785530 2.702559 0.307401 -3.513767 -6.004130 -7.047809 31.250051 18.271488 3.056789 -15.950541 -20.901733 10.063087 17.591702 1.763428 5.869241
0.351429 -4.750320 13.620434 4.410093 -10.354132 -9.567177 1.898032 4.123968 22.177437 -3.338848 -12.552831 -0.557427 19.227907 -8.090622 9.314816 23.129505 8.552518 3.010472 -3.538507 -5.036347 -4.049717 25.179232 16.092052 16.605089 -25.664593 -17.941090 8.292673 7.451017 2.049916 -2.614712
0.351429 -4.750320 13.620434 4.410093 -10.354132 -9.567177 1.898032 4.123968 22.177437 -3.338848 -12.552831 -0.557427 19.227907 -8.090622 9.314816 23.129505 8.552518 3.010472 -3.538507 -5.036347 -4.049717 25.179232 16.092052 16.605089 -25.664593 -17.941090 8.292673 7.451017 2.049916 -2.614712
0.351429 -4.750320 13.620434 4.410093 -10.354132 -9.567177 1.898032 4.123968 22.177437 -3.338848 -12.552831 -0.557427 19.227907 -8.090622 9.314816 23.129505 8.552518 3.010472 -3.538507 -5.036347 -4.049717 25.179232 16.092052 16.605089 -25.664593 -17.941090 8.292673 7.451017 2.049916 -2.614712
0.026259 -5.122142 13.790281 2.954142 -10.295218 -9.782483 1.741945 4.650763 21.588835 -2.456946 -12.428281 -0.443142 20.235163 -7.885991 8.679921 22.365921 9.256986 3.084229 -4.460453 -3.923900 -4.491272 25.644508 14.713631 17.004583 -26.481880 -17.265652 8.927865 7.620776 2.111779 -2.734644
-0.107262 -5.247056 13.667845 3.161644 -10.250713 -9.782056 1.826068 4.731086 21.620398 -2.160710 -12.527254 -0.443678 20.359739 -7.623168 8.553164 22.355715 9.273246 3.239706 -4.434865 -3.984443 -4.095138 25.491243 14.918425 16.783958 -26.297108 -17.333641 8.895638 7.600022 2.313055 -2.741677
-0.139854 -5.268714 13.657404 3.182707 -10.257288 -9.792307 1.831448 4.755272 21.617456 -2.131488 -12.528631 -0.457512 20.372137 -7.610656 8.547460 22.356863 9.279399 3.241979 -4.421851 -3.988323 -4.185719 25.507322 14.886360 16.785423 -26.304651 -17.366623 8.881860 7.621321 2.280271 -2.709013
-0.130019 -5.270594 13.648642 3.183546 -10.248498 -9.782856 1.834372 4.747262 21.624224 -2.124268 -12.528139 -0.459262 20.373343 -7.609087 8.547776 22.358580 9.278861 3.241832 -4.420750 -3.987251 -4.120090 25.527666 14.901439 16.766153 -26.278086 -17.352610 8.899489 7.637227 2.308571 -2.697856
-0.119896 -5.265498 13.659611 3.167284 -10.247739 -9.776775 1.831540 4.742050 21.613180 -2.112403 -12.531555 -0.471550 20.371363 -7.602343 8.558245 22.361227 9.276437 3.233564 -4.408388 -3.991243 -4.103772 25.530998 14.903455 16.802235 -26.286926 -17.358322 8.899027 7.624343 2.317622 -2.681073
-0.102120 -5.251037 13.661300 3.153338 -10.241287 -9.771334 1.828550 4.725914 21.621458 -2.139794 -12.517061 -0.451970 20.340332 -7.635658 8.561543 22.370775 9.261094 3.244380 -4.432331 -3.994255 -4.097592 25.529654 14.928593 16.784101 -26.268229 -17.360376 8.894371 7.629767 2.304466 -2.665089
-0.104004 -5.251771 13.659858 3.156675 -10.241542 -9.772243 1.829218 4.727265 21.622408 -2.140265 -12.518351 -0.451548 20.344452 -7.631464 8.556312 22.369692 9.266205 3.247389 -4.432435 -3.993304 -4.099149 25.522215 14.924931 16.776154 -26.271767 -17.357361 8.897561 7.623658 2.303457 -2.671855
-0.065030 -5.230898 13.675304 3.114826 -10.237422 -9.758485 1.815012 4.697461 21.623514 -2.174489 -12.516255 -0.462207 20.351486 -7.628042 8.563369 22.369318 9.263772 3.236312 -4.421323 -3.994858 -4.092634 25.539160 14.911610 16.802435 -26.274563 -17.363880 8.893340 7.633828 2.304550 -2.666349
-0.080201 -5.239892 13.668953 3.124007 -10.238811 -9.763559 1.817622 4.708284 21.622663 -2.162649 -12.511545 -0.461349 20.345837 -7.634002 8.569171 22.372135 9.257863 3.234183 -4.422625 -3.997364 -4.094636 25.538103 14.911880 16.803301 -26.277071 -17.362709 8.894627 7.630691 2.307312 -2.667711
-0.039580 -5.213697 13.681807 3.092337 -10.233473 -9.751641 1.806046 4.676680 21.627926 -2.204680 -12.500666 -0.454861 20.331474 -7.648458 8.571489 22.372862 9.252933 3.237684 -4.434934 -3.997279 -4.089928 25.527617 14.905935 16.811037 -26.291737 -17.355160 8.896594 7.617953 2.307602 -2.692727
