7.348903 -3.652326 9.945248 3.748370 -10.401501 -17.889006 1.048473 11.564687 14.312366 12.688394 -21.403278 -1.331021 22.596132 -5.727228 10.837003 -1.457183 5.436257 15.139132 -0.373698 -3.601350 -9.573464 3.958778 9.387276 20.395105 -27.317265 -11.599548 6.795392 7.914168 22.807325 -11.918859
7.223536 -3.620311 9.966825 3.339959 -10.288315 -17.915337 1.079754 11.629969 14.252010 12.753644 -21.178576 -1.475070 22.705330 -5.861967 10.742184 -1.551099 5.510905 15.059330 -0.423190 -3.519800 -9.651376 3.695517 9.782029 20.045261 -27.179794 -11.260843 6.880560 7.776764 22.766909 -12.195383
7.131538 -3.532934 10.108627 3.083124 -10.206487 -17.875959 1.206145 11.678822 14.212426 12.849292 -21.013700 -1.448071 22.673660 -5.993093 10.696752 -1.687101 5.558430 15.032731 -0.547974 -3.467993 -9.625258 3.363372 10.150724 19.816296 -27.100643 -10.861031 6.987040 7.604698 22.832565 -12.518362
7.013597 -3.515810 10.174734 3.036663 -10.171590 -17.884764 1.381709 11.798770 14.279394 12.810875 -20.937632 -1.552700 22.744938 -6.120868 10.599434 -1.743185 5.650443 14.952872 -0.621397 -3.332741 -9.529231 3.270969 10.204365 19.803724 -27.118666 -10.464500 7.236961 7.605556 22.946095 -12.767097
6.869149 -3.289439 10.508018 2.855877 -10.112066 -17.786390 1.718894 11.913359 14.282859 12.770754 -20.750563 -1.714338 22.828817 -6.290562 10.454293 -1.792550 5.731730 14.869219 -0.650854 -3.341322 -9.476286 3.189576 10.627513 19.552073 -26.915411 -9.837982 7.592836 7.565281 22.850027 -13.087761
6.498076 -3.161274 10.757469 2.164736 -9.823807 -17.751493 2.045593 12.069487 14.255678 12.938457 -20.606203 -1.741304 22.924088 -6.332194 10.235745 -1.781894 5.895465 14.931740 -0.772989 -3.384832 -9.527519 2.873904 11.154821 19.340893 -26.693588 -9.174117 7.848114 7.434535 22.708221 -13.511168
6.299497 -3.096541 10.931750 1.654016 -9.641128 -17.799612 2.221007 12.202965 14.204525 13.035373 -20.238438 -2.137436 23.068691 -6.504848 10.248981 -1.572216 5.860874 14.771934 -0.831016 -3.161351 -9.375888 2.890291 11.317002 19.322451 -26.571690 -8.480617 8.288520 7.660864 22.596590 -13.948439
5.876021 -3.049563 10.916996 0.960794 -9.391992 -17.869429 2.499621 12.510765 14.290906 12.827121 -19.496580 -2.645769 23.337074 -6.709531 10.124899 -1.681593 6.089026 14.484187 -0.792263 -2.968892 -9.173020 2.622020 12.024225 18.783110 -26.128244 -7.737467 8.731057 7.578507 22.080379 -14.259258
5.272842 -2.886108 11.033905 0.191754 -9.134167 -17.801861 2.909407 12.799096 14.434510 12.531904 -18.825922 -3.091039 23.709995 -7.009754 9.874367 -1.617446 6.459955 14.185660 -0.853756 -2.689615 -9.206256 2.304365 12.733410 18.077169 -25.625755 -7.061665 8.985534 7.595621 21.483686 -14.722046
4.814106 -2.702223 11.178424 0.028452 -9.000376 -17.731682 3.416582 13.126694 14.567065 12.428423 -18.305017 -3.451566 24.204222 -7.372385 9.375064 -1.310668 6.891760 13.878409 -1.048628 -2.504411 -9.260665 2.672758 13.524434 17.760342 -25.257462 -6.431806 9.337737 7.756092 21.012199 -15.057045
4.108231 -2.651488 11.269445 -0.777366 -8.670694 -17.699320 3.838980 13.441617 14.742020 12.178911 -17.633383 -3.896288 24.653645 -7.760110 8.984855 -1.300332 7.291514 13.690317 -1.147448 -2.361611 -9.184103 2.721471 13.984596 17.771244 -24.977440 -6.012874 9.565139 7.921149 20.311008 -15.468005
3.558221 -2.440202 11.465725 -1.326016 -8.466342 -17.556150 4.264940 13.651979 14.800217 12.096087 -17.206934 -4.342672 24.959736 -8.027912 8.601563 -1.218053 7.627954 13.393825 -1.357870 -2.099211 -9.146827 2.868886 14.647658 17.667772 -24.735222 -5.434046 9.816455 7.871281 19.423368 -15.967686
2.580929 -2.366720 11.787776 -2.232488 -8.181762 -17.329851 4.956569 14.060711 15.099593 11.639208 -16.801710 -4.655492 25.160809 -8.086047 8.343843 -1.219911 7.925481 13.162675 -1.502054 -1.879721 -9.287988 2.382768 15.234766 17.125040 -24.454845 -4.798890 9.897349 7.659956 18.781857 -16.651754
1.750197 -2.297404 11.846369 -2.995047 -7.903322 -17.292368 5.419238 14.438612 15.341032 11.171623 -16.324875 -5.222087 25.462429 -8.294094 7.922401 -0.996294 8.282428 12.690090 -1.702569 -1.671169 -9.095325 2.522927 15.988446 17.047182 -24.149544 -4.119205 10.299645 7.552877 17.812658 -17.074522
1.405198 -2.165482 12.045937 -3.433558 -7.831501 -17.176580 5.565517 14.484191 15.317434 11.046837 -16.064970 -5.516593 25.610054 -8.414591 7.639783 -0.875661 8.593692 12.227405 -1.925940 -1.475452 -8.866714 2.826368 16.737516 16.906126 -23.950439 -3.595753 10.701601 7.366267 16.913994 -17.391941
0.760950 -2.237062 12.108619 -3.810441 -7.714097 -17.082083 5.822721 14.665424 15.516284 10.799059 -15.996253 -5.699669 25.680729 -8.493672 7.391128 -0.596529 8.813792 11.877635 -2.094306 -1.403775 -8.879488 3.244708 17.280603 17.213997 -23.925039 -3.373549 10.918458 7.165493 16.259985 -17.353498
-0.000702 -2.284635 12.204724 -4.107727 -7.591773 -16.856853 6.145986 14.769932 15.790850 10.330221 -15.845045 -5.890205 25.885841 -8.557098 7.087662 -0.344193 9.145602 11.493984 -2.256302 -1.235421 -8.826958 3.436037 18.047995 16.967176 -23.632069 -2.834303 11.150636 7.085818 15.424415 -17.722172
-0.467308 -2.283407 12.237127 -4.497582 -7.474035 -16.877794 6.445052 15.060658 15.959934 9.963900 -15.630198 -6.155070 26.126688 -8.726882 6.911120 -0.302075 9.283971 11.358768 -2.321094 -1.157135 -8.738248 3.515870 18.415873 16.851053 -23.487688 -2.540065 11.339662 7.049271 14.938398 -17.907450
-0.743954 -2.264968 12.242235 -4.597991 -7.435005 -16.861624 6.587111 15.182631 16.005939 9.825087 -15.543152 -6.377697 26.275391 -8.793703 6.775169 -0.248948 9.373860 11.209983 -2.421306 -1.053453 -8.775073 3.717758 18.613743 16.832212 -23.380337 -2.231423 11.454087 7.046809 14.350211 -18.086288
-0.804033 -2.288169 12.288002 -4.588518 -7.434094 -16.792154 6.593692 15.109438 16.072424 9.766638 -15.499447 -6.356897 26.316610 -8.845835 6.715149 -0.287424 9.485195 11.100225 -2.409133 -1.118514 -8.846864 3.785843 18.839212 16.772011 -23.401932 -2.147352 11.487769 6.881403 14.169250 -18.104055
-1.059133 -1.953254 12.398196 -4.613666 -7.368032 -16.622534 7.139863 15.419806 16.184904 9.696081 -15.620395 -6.642281 26.374836 -8.873596 6.677347 -0.471397 9.444066 11.001053 -2.418400 -1.099646 -9.067210 3.969191 18.848581 16.880228 -23.400356 -2.104955 11.602319 6.984147 13.875594 -18.072126
-0.967258 -1.097887 12.897020 -4.085113 -7.497214 -16.131855 7.836779 15.501242 16.054504 10.244882 -16.188225 -7.714376 26.231981 -8.977217 6.616488 -0.911277 9.169524 10.148833 -2.358510 -1.591214 -8.854185 5.210354 19.473980 17.369635 -22.511520 -1.250183 12.166751 8.170649 12.954349 -18.509661
-0.948839 0.913520 13.743710 -2.952075 -8.093863 -14.959427 9.187608 15.746792 15.857781 10.871135 -17.800333 -9.101290 25.560966 -8.764489 6.599302 -0.574223 8.270282 8.634730 -2.383475 -2.222205 -8.543702 7.514800 20.867353 18.741375 -21.176012 -0.027230 12.677106 9.817251 10.973865 -19.589819
-1.822623 3.005953 14.353846 -1.610980 -8.995805 -13.637367 10.473363 16.072224 15.851042 10.847992 -18.090899 -11.893250 25.380663 -8.850973 6.240859 -0.603368 7.669500 6.773642 -2.250344 -2.839244 -8.612620 9.570013 22.687460 20.546982 -18.932243 1.612820 13.097070 12.063531 8.097925 -20.380438
-2.085320 6.903111 13.674881 -0.510390 -10.857995 -11.651964 10.505798 15.820395 14.955806 10.521482 -18.570917 -15.650558 22.895756 -10.356632 6.444895 -0.432662 6.476669 3.635669 -2.683775 -3.902455 -7.043681 10.131806 23.536510 20.900644 -14.754719 2.984488 14.332520 16.424450 2.577606 -20.492632
-1.821678 10.703789 12.780684 -0.367384 -12.444525 -9.278996 10.141979 15.084707 13.680473 11.938229 -18.805761 -19.754663 20.889593 -11.617784 6.229931 0.332617 5.518090 1.041223 -3.519157 -3.650398 -6.638710 10.094813 23.188669 19.528660 -10.471479 4.053874 16.658133 21.616055 -3.512227 -18.482702
-3.251343 14.868248 11.985729 0.661880 -14.769691 -6.381725 9.727094 14.269722 12.281202 12.681927 -18.019712 -23.277710 17.864243 -13.349050 4.728282 0.671239 6.251434 -0.905528 -5.571673 -2.848003 -5.528636 5.964238 20.528215 20.904369 -8.600035 4.348861 18.446064 23.895647 -8.442094 -17.202995
-4.672431 19.627357 11.544005 2.005329 -17.290510 -3.104392 8.932220 12.732243 10.817839 13.198517 -20.097980 -27.844509 13.773369 -12.876650 3.172487 0.921225 7.586901 -2.769831 -6.333251 -2.760482 -3.337323 1.776405 12.867544 19.932117 -7.801529 1.480338 19.644381 26.815950 -15.785546 -14.449139
-7.008961 24.239996 10.260211 0.483461 -18.652018 -0.824036 7.950335 11.778486 9.191107 14.257334 -20.440371 -31.697001 8.680633 -12.280000 1.917690 -1.171196 10.468526 -3.498295 -7.341644 -2.905133 -0.643879 -3.923294 5.249098 19.783176 -8.887431 -1.199115 19.367762 26.834467 -22.047995 -14.546274
-10.624928 27.424677 7.914899 -4.466311 -17.990351 0.570911 7.498278 11.381529 8.496056 14.027800 -18.211662 -32.953403 5.393046 -11.080213 1.982536 -3.028388 13.831083 -3.190385 -10.433743 1.547195 1.150407 -9.979864 -1.837773 18.790781 -9.602530 -3.282438 18.524103 26.496880 -25.053295 -14.518229
-15.015873 28.511984 4.146844 -8.122812 -15.719184 3.082360 8.238219 10.367646 9.860369 12.909157 -13.590021 -31.238670 4.656542 -6.640154 6.793622 -4.682136 14.494161 -3.855880 -17.603094 12.903642 4.744211 -17.578714 -13.659763 15.971975 -13.135818 -6.237780 15.790587 26.036972 -26.186369 -17.387022
-20.454145 26.909092 -1.130521 -10.377112 -11.866159 7.263093 9.318419 7.797232 13.388252 12.161366 -8.455453 -28.781200 4.538279 0.630583 11.863383 -3.752914 11.958331 -2.236744 -23.540562 21.812309 10.894242 -22.371067 -20.553120 13.165572 -14.695044 -7.375995 15.232779 25.489056 -24.839613 -18.282570
-25.369272 22.926235 -5.382070 -10.495937 -6.696841 12.455758 11.516786 4.061797 18.787773 12.418221 -5.240952 -23.665859 3.392933 7.828708 14.489743 -1.244529 9.488488 0.638976 -28.416708 25.513226 15.570025 -27.117168 -26.380342 10.480562 -17.174603 -9.803907 14.451488 22.769764 -24.917150 -16.577072
-27.897188 18.450796 -5.832686 -9.095002 -3.512240 15.440391 12.931087 1.036744 22.262274 12.658430 -3.069039 -20.673620 2.781550 12.487062 15.094142 3.812601 7.322421 3.282784 -29.186617 24.673670 20.335644 -28.301500 -27.207008 7.312582 -19.329956 -9.474146 14.518063 18.569992 -25.439932 -15.973560
-31.581200 12.686587 -4.668591 -7.947619 -1.724718 18.816298 11.976571 -3.923084 25.093992 13.271427 -1.211583 -16.652565 0.069899 18.615175 15.111114 10.863979 5.093781 7.985909 -30.170229 21.005503 23.696693 -25.102571 -26.571869 1.611483 -21.337164 -5.813910 17.374207 16.250963 -24.175341 -16.154007
-36.592243 8.360154 -1.079850 -5.808336 -2.230882 21.567627 9.666174 -8.950385 25.200296 14.961725 -0.564956 -13.873232 -2.980489 24.061394 16.121685 17.774555 3.814107 10.125573 -28.530540 16.082033 26.516405 -22.977966 -24.492674 -1.473267 -23.773140 -4.975311 18.936810 12.343040 -23.913961 -14.949496
-39.702671 4.458133 -1.044408 -2.550054 -3.842896 22.507742 5.457873 -12.923587 24.209826 15.762053 -2.695926 -9.858719 -8.714229 30.209389 19.424564 21.126568 0.675488 12.569675 -27.093699 11.026864 28.258410 -19.079844 -20.182802 -1.981080 -25.502998 -5.149351 19.347433 7.946391 -27.092207 -14.419518
-39.517414 2.091876 -0.496251 -0.669783 -4.552790 23.095989 2.558800 -16.133272 23.483871 16.510107 -5.156466 -6.751595 -12.657321 34.040173 22.043293 22.115732 -1.159638 14.387610 -25.740225 8.463923 28.241762 -14.826756 -17.854010 -2.189474 -26.929806 -4.580459 19.720970 5.201940 -30.509373 -14.466079
-39.401070 0.692850 0.143650 0.346962 -4.925493 23.035814 1.391989 -17.328138 22.901691 16.891888 -5.305955 -6.039649 -13.739890 35.644806 23.045254 21.999474 -1.196291 15.246398 -25.153208 7.766533 28.143095 -12.939496 -16.093012 -2.191783 -27.398273 -4.170815 19.813175 3.451398 -31.647120 -14.401420
-38.862461 0.427431 -0.056666 0.548305 -5.023064 22.687704 1.083687 -17.308590 22.823950 16.626787 -5.137465 -5.880609 -13.671936 35.779369 23.309420 22.042093 -1.137650 15.342292 -24.661283 7.461065 27.579042 -12.187395 -15.654508 -2.015836 -27.650442 -3.675262 20.044838 3.089165 -31.725790 -14.507217
-39.132030 0.460279 0.044806 0.519719 -4.935718 22.888113 1.264275 -17.366632 22.890966 16.788013 -5.074632 -5.935874 -13.651769 35.638470 23.231701 22.005983 -1.182949 15.331570 -24.752542 7.554594 27.654963 -12.384430 -15.727172 -2.090609 -27.632481 -3.743745 19.965988 3.097914 -31.761265 -14.567076
-39.425049 0.565141 0.139356 0.431643 -4.887300 23.030674 1.435961 -17.337448 22.926252 16.927090 -5.219568 -6.034481 -13.768335 35.658550 23.217928 21.966433 -1.267463 15.281561 -24.885384 7.690049 28.092798 -12.780723 -15.748102 -2.148993 -27.484150 -3.908265 19.827824 3.087173 -31.995386 -14.635046
-39.949108 0.947267 0.126466 0.202828 -4.841638 23.257767 1.824366 -17.117764 23.110731 16.974289 -5.293592 -6.226957 -13.647965 35.763374 23.035534 22.154846 -1.377433 15.250888 -25.561985 8.204375 28.392355 -13.553157 -16.116833 -2.188240 -27.379145 -3.999830 19.716179 3.278485 -32.045738 -14.851851
-40.157379 1.425365 -0.005695 -0.030073 -4.694884 23.397703 2.416870 -16.668797 23.410986 16.893072 -5.448022 -6.333593 -13.262082 35.356941 22.969009 22.251770 -1.478641 14.991707 -25.743235 8.560613 28.401211 -14.226424 -16.600412 -2.188644 -27.295572 -3.930779 19.684177 3.690214 -31.895063 -15.148993
-40.732307 1.973922 -0.279673 -0.385102 -4.463479 23.667418 3.108936 -16.181028 23.672552 16.964424 -5.448177 -6.653882 -12.980843 34.751621 22.778540 22.372190 -1.580162 14.413432 -25.860180 8.743681 28.707350 -15.156643 -17.137543 -2.152449 -27.068672 -3.910131 19.699852 4.214293 -31.800961 -15.354034
-41.244026 2.432723 -0.658018 -1.155444 -4.167809 23.512535 3.874526 -15.249850 23.911785 16.637951 -5.079402 -7.432720 -12.050499 34.203602 22.423452 22.462437 -1.515901 13.754869 -26.416845 9.878961 29.098085 -16.280798 -17.825150 -1.897998 -26.688339 -4.020407 19.722958 5.015238 -31.342712 -15.395619
-41.461330 3.118834 -0.448766 -1.586572 -3.819422 23.547716 5.179457 -14.273821 24.330187 16.361401 -4.511295 -8.280856 -11.146174 33.401554 21.963070 22.546835 -1.250752 13.355556 -26.736609 10.583589 29.479916 -17.576651 -18.237263 -1.594769 -26.211975 -3.930252 19.531887 5.599224 -30.736956 -15.832760
-41.677204 3.981210 -0.439523 -1.968647 -3.567259 23.811028 6.271146 -13.581215 24.517820 16.515593 -3.939612 -9.050046 -10.112670 32.260075 21.298338 22.497210 -0.884113 12.658417 -26.707857 10.931071 29.570576 -18.824881 -18.739155 -1.729663 -25.760281 -4.053353 19.277264 6.147833 -30.072155 -15.954382
-41.512012 4.644106 -0.255593 -2.533812 -3.393219 23.817427 6.923946 -13.068641 24.495207 16.241020 -3.404809 -10.085147 -8.783270 31.211914 20.712273 22.433111 -0.707112 12.110815 -27.310722 12.143134 29.439281 -20.042168 -18.866837 -1.648157 -25.310259 -3.980855 19.115404 6.494874 -29.467058 -16.096983
-41.122860 5.154256 -0.104180 -2.957988 -3.169716 23.751043 7.551307 -12.540953 24.563280 16.049307 -3.134207 -10.512658 -8.448722 30.785885 20.845551 22.306356 -0.638736 11.524254 -27.599886 12.857687 29.501850 -21.255617 -19.235750 -1.682270 -25.063519 -3.745788 19.062153 6.717029 -29.383558 -16.498093
-41.406681 5.597314 -0.042907 -3.421772 -2.707375 24.029381 8.603648 -11.973972 24.910330 16.048546 -3.054672 -11.050368 -7.718151 29.803123 20.695927 22.170870 -0.527877 10.702957 -27.391239 13.453813 29.466248 -22.583391 -19.897892 -1.727441 -24.780865 -3.734417 18.885231 7.140514 -29.011824 -16.757170
-41.754318 6.013309 -0.093412 -3.846074 -2.448331 24.068045 9.413128 -11.293303 25.081385 15.886186 -2.334750 -11.804097 -6.714435 28.650675 20.327206 22.271688 -0.424245 10.033434 -27.582769 14.283062 29.560024 -23.573286 -20.324564 -1.619444 -24.525728 -3.638425 18.720705 7.501318 -28.546593 -17.101040
-41.485291 6.162573 0.158349 -3.898578 -2.353233 23.819468 9.871990 -10.760057 24.961672 15.942506 -1.513563 -12.596144 -5.841599 27.648802 20.145988 22.346518 -0.290269 9.546326 -27.505682 14.787035 29.836594 -24.265146 -20.376379 -1.567045 -24.298540 -3.474454 18.688519 7.641272 -28.027761 -17.327833
-41.029392 6.355098 0.505211 -4.160376 -2.114023 23.596544 10.488799 -10.239367 25.029600 15.858618 -0.802213 -13.297708 -5.331645 26.967072 20.116249 22.155449 -0.143745 9.260833 -27.431192 15.057953 29.997080 -24.923454 -20.378038 -1.734170 -24.003834 -3.226654 18.658600 7.900141 -27.442461 -17.673262
-40.844158 6.755174 0.362344 -4.270501 -2.077969 23.384649 10.911931 -9.662865 25.025026 15.729355 -0.549687 -13.725617 -5.088902 26.799385 20.296181 22.107016 -0.012845 8.938206 -27.548685 15.523168 29.985201 -25.459320 -20.595335 -1.871685 -23.838728 -3.127096 18.612328 8.134258 -27.298540 -17.914930
-41.020931 6.856643 0.140647 -4.119459 -2.117672 23.346544 11.065832 -9.427022 25.045523 15.735970 -0.480799 -13.892993 -4.847252 26.358021 20.459816 22.201258 -0.149252 8.736070 -27.348524 15.601802 29.947199 -25.779932 -20.550722 -1.941425 -23.851688 -2.994704 18.550371 8.108672 -27.154913 -18.232059
-41.097408 6.943980 0.014111 -4.125377 -2.109652 23.360418 11.208973 -9.284609 25.088526 15.739594 -0.328005 -14.075500 -4.796103 26.108818 20.608253 22.083136 -0.222440 8.631077 -27.283875 15.715985 29.928797 -26.055916 -20.655008 -1.915380 -23.872572 -3.002630 18.498268 8.114533 -27.252142 -18.397255
-40.990112 6.986179 0.032815 -4.192603 -2.108381 23.268881 11.268667 -9.176178 25.090063 15.657029 -0.441625 -14.170373 -4.718099 25.992546 20.755816 22.054224 -0.331607 8.463082 -27.234228 15.903401 29.908972 -26.229740 -20.656771 -2.000679 -23.839993 -2.994214 18.447012 8.164445 -27.230818 -18.536909
-40.915928 6.968748 0.065390 -4.211744 -2.097745 23.214396 11.289607 -9.127613 25.062834 15.709579 -0.481579 -14.198908 -4.646175 25.922548 20.867168 21.980701 -0.385797 8.400295 -27.148657 16.037203 29.825241 -26.283236 -20.604298 -2.043773 -23.809399 -2.957656 18.452021 8.204597 -27.178720 -18.578787
-40.908787 6.977587 0.046153 -4.217719 -2.104997 23.201273 11.287044 -9.110110 25.059881 15.711328 -0.497097 -14.211038 -4.680938 25.956110 20.939919 22.022318 -0.439479 8.402270 -27.136248 16.041983 29.842632 -26.327978 -20.590118 -2.083233 -23.798506 -2.942508 18.442070 8.196400 -27.200174 -18.614721
-40.729191 7.062996 0.092020 -4.396036 -2.036224 23.130596 11.362536 -9.046083 25.088903 15.597913 -0.499200 -14.280017 -4.453399 25.468597 20.844227 21.617926 -0.277106 8.077626 -27.144844 16.317266 29.702127 -26.542212 -20.657148 -2.088292 -23.755934 -3.026010 18.349981 8.269380 -27.091711 -18.648424
-40.193913 7.705358 0.092027 -4.856830 -1.878115 23.015581 11.833602 -8.632545 25.185795 15.351324 -0.266778 -14.354862 -3.825435 24.520466 20.549416 21.285696 0.002561 7.826425 -27.345709 16.860666 29.115103 -27.070847 -20.817984 -2.036698 -23.527897 -3.030426 18.097557 8.612524 -26.732531 -18.896362
-39.465130 8.306519 -0.001114 -5.473606 -1.647844 22.062057 12.657630 -7.202418 25.307795 14.430016 -0.335443 -14.430785 -3.169362 23.950291 19.803141 20.566359 0.488862 7.742100 -27.999548 17.540031 28.429077 -27.665335 -21.138777 -2.076681 -23.242132 -3.030542 17.750837 9.179585 -26.317831 -19.463541
-38.483212 8.914412 -0.051594 -6.100910 -1.247520 21.044003 13.680512 -5.663753 25.417410 13.654520 -0.421287 -15.106956 -0.960062 21.677698 18.998337 18.933714 1.493368 7.037644 -28.019663 19.223452 27.758652 -27.604815 -22.356691 -1.677389 -23.231419 -2.932157 17.731197 10.353082 -25.519560 -19.952856
-36.524929 10.074406 0.300339 -6.570858 -1.244954 19.633635 14.412171 -4.152388 25.430773 12.327448 -1.327218 -15.099107 0.003511 19.721764 18.640881 16.521572 2.626615 5.908201 -27.985674 20.355034 26.477478 -28.140049 -23.612875 -1.165286 -22.952991 -2.938004 17.315117 11.653052 -24.526384 -20.755056
-35.085178 11.692637 -0.010182 -7.116346 -1.249848 17.810482 15.549991 -1.629951 25.115883 11.591705 -1.862218 -15.512913 1.506836 17.457253 18.223679 13.910829 3.874823 4.861866 -28.482405 22.736902 25.707396 -28.204424 -24.442911 -0.019931 -22.159315 -2.687670 16.906326 13.597210 -23.369989 -21.803457
-34.447109 12.935685 0.519921 -8.101414 -1.772452 15.803199 15.346957 0.086798 24.109091 10.372990 -1.323892 -16.704426 2.922056 14.241117 17.687130 11.355091 4.827639 3.913352 -28.053728 23.904545 24.669571 -28.597723 -25.052042 -0.098566 -21.519951 -3.794989 15.388177 14.965146 -22.683399 -22.657610
-32.986111 14.684887 0.673213 -8.725798 -2.030807 13.884163 16.090805 2.409742 23.360775 9.219157 -0.588370 -17.766041 4.712348 12.051403 17.410061 8.421592 5.719522 3.278655 -28.210062 25.763062 23.244318 -29.350023 -25.934231 0.682019 -20.765751 -4.849417 14.553266 16.543808 -22.112757 -22.614195
-31.529501 16.304813 1.421702 -9.811819 -2.650860 12.032970 15.778201 3.974631 22.006975 8.516605 0.349535 -18.810253 6.561457 9.762904 17.676384 5.514829 5.941530 3.391466 -28.857508 28.442829 21.402569 -30.123219 -27.630480 0.996259 -20.099827 -6.399836 12.710619 18.435589 -22.918695 -23.429026
-30.145304 17.422962 0.963002 -10.794855 -3.059329 10.361805 15.454181 5.475111 21.532288 7.366838 0.165548 -19.123596 7.079350 8.224288 17.896160 2.765043 6.786773 2.612293 -28.079859 28.997324 19.414438 -30.140770 -28.486219 1.541984 -19.616676 -8.032013 10.756059 19.875393 -23.243952 -24.194489
-28.817999 18.145498 -0.774943 -12.632877 -2.846495 8.678519 15.578706 7.435047 21.883690 5.760828 0.778366 -20.080605 9.392676 5.702781 17.376398 -0.149991 7.038127 2.809502 -26.737310 29.237631 17.818281 -30.608324 -28.243790 2.208876 -19.017300 -9.102571 9.098628 21.191113 -23.474730 -25.738678
-28.006598 18.851973 -1.928882 -14.752381 -3.030284 6.394437 15.392715 9.949200 21.150463 4.607828 0.709964 -20.825214 10.259250 5.038153 17.046959 -2.926288 7.911760 3.045031 -25.850069 29.123693 15.084716 -31.001984 -26.089231 2.340955 -18.530430 -8.335108 8.139237 20.845249 -22.546423 -27.445612
-26.827763 19.477280 -3.289083 -16.523014 -3.790424 4.029737 14.282966 11.985401 20.324207 3.373297 0.739555 -22.197727 11.128409 2.893107 16.226852 -5.780149 9.513356 1.906207 -24.386843 28.210443 12.661852 -30.976023 -24.997766 3.429455 -17.365980 -7.415777 8.251904 22.152508 -20.259966 -27.798368
-25.952394 19.081203 -5.127541 -17.309069 -4.778065 0.421496 13.212255 15.379640 18.879049 3.066721 1.815322 -23.561501 12.190111 0.088242 14.248720 -7.630258 11.987550 1.246205 -22.718559 26.367037 10.621752 -30.602488 -22.010279 3.798746 -15.406612 -4.980376 9.720664 23.804863 -18.347551 -28.048357
-26.493931 17.135389 -11.075621 -12.655024 -6.900893 -6.050332 11.217534 20.661827 20.338381 -1.630198 -0.307902 -22.719862 14.154449 -1.953781 6.444379 -13.298152 19.403345 4.224158 -22.479191 22.934746 8.141833 -35.801907 -17.036699 4.547102 -14.046885 -3.472831 9.788806 21.335962 -12.808967 -28.222433
-23.965269 16.676168 -13.656343 -12.790491 -8.734486 -10.557489 8.606282 23.873514 18.168283 -1.844180 1.132929 -25.138023 14.041759 -5.118812 4.149384 -16.160406 21.531397 4.283515 -18.258966 17.727007 3.869572 -36.531010 -13.090475 4.930279 -12.220512 -1.423500 9.691472 22.213243 -9.929562 -29.029318
-18.094633 16.214813 -16.287941 -13.117261 -10.777280 -15.619404 3.901840 25.545170 15.313152 -2.028701 0.532328 -26.313023 11.448113 -6.413257 3.916753 -19.359484 22.639656 4.722302 -12.804903 10.379604 -1.527385 -35.702950 -8.711195 5.258846 -10.488862 -0.202594 8.584264 23.355482 -5.585554 -29.594355
-12.645431 15.549481 -18.982315 -11.522612 -12.658478 -19.210962 0.089442 26.304050 13.557314 -2.074495 -1.063876 -26.593172 10.143810 -6.382287 3.128066 -22.248468 22.686222 6.502156 -7.794013 3.071630 -5.474641 -33.902145 -5.308391 8.882633 -10.422974 0.228778 7.369467 24.101662 0.066053 -30.828178
-6.670106 13.349970 -20.083914 -10.203038 -12.797031 -22.275812 -1.971228 26.661808 12.856706 -0.599443 -2.523472 -25.588181 10.647836 -6.312116 3.497993 -23.901529 21.280279 7.504328 -4.287673 -2.079545 -7.825963 -32.255634 -1.633525 11.380562 -10.361395 0.599543 6.819187 24.236105 5.752589 -31.164913
-4.104885 9.681778 -17.598118 -10.050172 -12.042522 -24.510405 -2.162825 27.053101 12.209704 2.697673 -3.180702 -23.428265 12.308521 -4.873965 5.176921 -25.118811 20.168159 7.275789 -2.450335 -3.514765 -10.616338 -31.377089 -0.646868 13.135715 -12.897060 0.491411 5.900696 22.374107 8.813844 -32.151131
-1.636211 6.039580 -14.895234 -11.485837 -9.978357 -26.063147 -1.977759 26.269196 12.977980 3.653631 -0.621979 -20.560705 15.295600 -4.121347 6.880925 -25.370935 19.237061 6.891166 -1.829312 -3.422205 -12.051610 -28.691542 1.579152 12.960257 -14.702788 -0.597725 5.132284 20.435566 12.803739 -31.299351
-0.264044 2.178627 -13.643925 -13.620169 -8.031911 -27.775394 -3.488211 24.796677 13.231970 5.190222 0.052885 -17.177376 16.921658 -2.988687 8.721403 -25.334373 17.210024 7.568962 -1.084882 -5.274304 -14.335114 -26.935579 1.218225 12.434369 -17.464775 -5.061432 3.636966 17.990793 19.422579 -27.071821
1.445641 -2.710199 -13.280734 -15.244383 -7.649866 -31.150467 -9.225426 22.082855 11.669327 5.736730 -0.696026 -13.171604 16.169970 -1.424808 9.938425 -25.192556 16.707573 8.916839 -1.005508 -6.753767 -15.678084 -27.359509 -1.770386 10.184704 -21.547947 -9.966532 2.802508 14.417908 24.753023 -21.916443
2.779483 -6.726581 -12.517521 -14.278757 -7.523036 -32.655888 -13.836946 18.618444 10.521803 7.032994 -1.539198 -8.535492 14.490511 0.211458 11.189759 -23.793064 17.208239 11.532310 -0.614874 -7.266003 -13.846608 -27.978188 -5.393247 8.255436 -24.701056 -13.752075 2.267672 11.380445 26.682775 -18.078905
3.362249 -9.209545 -8.960724 -13.196442 -7.479868 -32.510288 -14.997700 15.923861 9.999283 7.501450 -5.791097 -5.346509 12.949087 1.719149 13.686251 -21.913126 14.514607 13.080188 0.884571 -8.129498 -14.024879 -24.632288 -7.248946 6.734444 -27.800339 -15.310975 1.184543 8.933553 24.894213 -17.575375
2.652140 -11.540674 -5.405896 -12.110243 -7.210079 -31.240301 -15.150414 13.075423 10.108591 7.216590 -8.760488 -2.224768 12.196933 3.024019 15.307313 -19.359793 12.107270 13.911324 2.790544 -10.643809 -12.573785 -19.741936 -7.333210 5.128999 -30.154276 -15.771538 1.022118 6.226139 24.416965 -16.921721
3.112022 -12.942330 -4.997692 -10.303369 -7.484920 -30.360731 -16.435553 10.610773 10.110155 7.336914 -10.384610 0.154580 11.616596 4.368546 16.115301 -18.253263 10.854775 14.009274 3.164242 -12.000238 -9.712508 -16.418646 -6.487732 2.939462 -31.358404 -16.186005 1.109768 3.440208 24.062899 -15.631912
3.580112 -14.222733 -3.733444 -9.225790 -7.333095 -29.208946 -16.851345 8.444336 9.829941 8.142802 -11.071524 2.893363 10.303506 5.866642 16.439785 -17.108503 10.995296 13.413653 2.916095 -13.714641 -8.863894 -12.546506 -8.092159 0.802530 -32.656784 -17.013010 -0.411985 3.654604 20.882618 -17.181993
2.830439 -16.317820 -2.146228 -9.415222 -7.053283 -28.514219 -17.960409 6.248722 9.447990 8.673220 -10.475317 5.096325 9.729907 6.928356 16.468172 -15.675659 12.385680 12.706127 2.734398 -14.568972 -5.094955 -7.918701 -9.516221 -3.005334 -33.612514 -16.876522 -1.181415 4.899978 19.969687 -19.632204
1.942663 -18.007992 -0.166436 -9.822504 -7.476275 -28.835966 -19.554039 4.846841 8.631207 8.427747 -10.467369 6.771058 9.087272 7.806336 16.764282 -14.268846 12.780292 12.453469 2.773838 -15.575664 -3.226247 -3.014414 -9.810256 -5.035095 -34.586472 -19.537594 -3.917418 5.671029 18.228128 -21.339560
0.942863 -19.229303 1.486825 -10.147059 -7.441091 -28.746080 -19.733356 4.304028 8.675524 7.942182 -9.342577 7.942933 7.729364 8.704045 16.506454 -12.936280 15.115428 10.245049 2.995799 -16.708349 -2.770631 0.833683 -8.329088 -5.356033 -35.379559 -21.319527 -5.580468 4.859167 16.956755 -21.749113
-1.084541 -20.287134 3.748897 -10.107748 -7.193083 -26.783451 -19.594519 2.384964 8.966677 8.611016 -7.990611 8.723059 7.752166 9.290382 16.048174 -11.242336 16.508497 8.896762 2.891295 -16.673897 -1.333629 3.687063 -6.118953 -6.166500 -35.916546 -20.043579 -4.321271 3.019772 15.377110 -21.491056
-3.542811 -21.738489 6.231729 -10.659919 -7.038776 -25.675602 -19.544304 1.073628 9.524300 8.038954 -6.194724 9.852395 8.627191 9.695115 16.162422 -8.816695 17.502075 7.769653 2.870811 -16.133593 0.341667 5.788588 -3.339368 -6.644408 -36.124355 -18.444492 -2.713929 0.843247 12.785597 -21.169815
-5.128744 -22.090195 8.701896 -9.685034 -7.593197 -23.926611 -19.780655 -0.748581 9.508660 8.496494 -4.055915 10.013962 8.864031 9.926049 15.949146 -7.188264 19.328405 6.083389 2.804533 -15.855565 1.719784 7.323957 -2.054294 -6.144161 -36.555668 -17.615467 -0.914710 -0.806417 10.400548 -19.967194
-6.109072 -21.758696 10.222977 -8.598791 -8.079833 -22.283300 -19.499107 -1.887264 9.674221 8.896317 -1.625678 9.510739 9.452437 9.705370 15.399175 -6.013975 21.359011 4.599534 2.678707 -15.252955 2.451960 7.815944 -1.662850 -5.271762 -36.831615 -17.424049 0.397002 -1.459786 7.831317 -19.041597
-6.994297 -21.216475 11.290392 -7.382557 -8.733440 -21.016718 -19.256832 -2.568229 9.595290 9.302847 -0.262271 9.165566 10.266744 9.423437 15.119217 -4.955989 22.200834 4.057895 2.490682 -14.456880 2.460004 8.003652 -1.487900 -3.884411 -36.944645 -17.836487 1.109975 -1.730256 5.702531 -18.114601
-7.747014 -20.813028 12.490502 -6.527254 -9.231580 -20.041756 -18.968117 -3.093791 9.548534 9.533381 0.462111 8.889606 10.678988 9.240580 14.946786 -4.390007 22.870756 3.516244 2.359110 -13.851185 2.304093 7.682545 -1.041540 -2.901742 -36.825939 -17.774723 1.835110 -2.132588 4.525673 -17.274118
-7.958137 -20.646196 13.228393 -6.221716 -9.255808 -19.384163 -18.617058 -3.453897 9.654899 9.769348 0.731567 8.667778 10.602691 9.193093 14.872243 -4.337156 23.356838 3.117090 2.392706 -13.738899 2.193148 7.114066 -0.685839 -2.508556 -36.730526 -17.748390 2.234289 -2.662778 3.793595 -16.619150
-8.077557 -20.434624 13.678734 -5.647962 -9.521014 -18.863625 -18.630524 -3.852011 9.571192 10.060746 1.167093 8.667280 10.840575 9.153719 14.816304 -3.723219 23.665020 2.786744 2.323534 -13.541615 2.349710 6.792129 -0.542333 -2.185601 -36.589340 -17.672184 2.568214 -2.827022 3.421963 -16.249840
-8.103327 -20.391783 13.879333 -5.494020 -9.546804 -18.673632 -18.533680 -3.942830 9.597601 10.160427 1.362999 8.667751 11.003718 9.097250 14.835228 -3.466722 23.676361 2.752582 2.356878 -13.473836 2.435333 6.738851 -0.581540 -2.095727 -36.575130 -17.718594 2.611392 -2.856822 3.275750 -16.163404
