-8.253963 -16.060816 8.434008 -2.411175 -6.995790 -5.515488 -18.520828 -14.416677 16.119993 9.238807 5.227303 5.844868 4.139471 10.175484 8.719870 7.130445 20.674820 3.995156 -8.873264 -14.466582 23.319513 -3.782227 21.577509 -0.059398 -19.300892 -19.692003 9.262656 -6.625176 12.312428 0.185793
-8.280574 -15.997414 8.461777 -2.434636 -6.962017 -5.478650 -18.422726 -14.387641 16.158308 9.189626 5.245902 5.832014 4.128013 10.124392 8.732068 7.146313 20.654337 4.003177 -8.876942 -14.458853 23.353899 -3.693443 21.557867 -0.092308 -19.323109 -19.729105 9.218762 -6.617012 12.244351 0.132480
-8.445068 -15.860828 8.534516 -2.444706 -6.940728 -5.332343 -18.258305 -14.370909 16.182816 9.216236 5.302785 5.793030 4.234499 10.079354 8.715514 7.176826 20.644073 4.049865 -8.866817 -14.400089 23.398142 -3.693997 21.497295 -0.138105 -19.332890 -19.777666 9.179407 -6.591271 12.264161 0.101753
-8.469897 -15.867028 8.623652 -2.473823 -6.847157 -5.328161 -18.016468 -14.243288 16.290941 9.143169 5.437929 5.710989 4.420195 9.963751 8.678672 7.231696 20.671831 4.031071 -8.898262 -14.231358 23.396576 -3.767556 21.431540 -0.211452 -19.370583 -19.903353 9.088521 -6.591383 12.315096 0.097712
-8.366772 -15.863385 8.629817 -2.451126 -6.801132 -5.387272 -17.899471 -14.139129 16.339800 9.068042 5.670349 5.532706 4.880530 9.696472 8.646565 7.294221 20.622805 4.103892 -9.020790 -13.796477 23.285849 -3.750922 21.324965 -0.285129 -19.424704 -19.889568 9.029099 -6.536606 12.367017 -0.008940
-8.413891 -15.818384 8.660004 -2.510134 -6.601301 -5.323633 -17.463018 -13.923577 16.552462 9.052807 5.813120 5.347715 5.314160 9.468819 8.644062 7.382181 20.459200 4.282596 -9.025518 -13.429032 23.255312 -3.621313 21.081316 -0.460725 -19.460257 -19.958576 8.899749 -6.306682 12.321748 -0.192725
-8.680902 -15.759724 8.811097 -2.804454 -6.359456 -5.184205 -17.025938 -13.789463 16.768291 8.976700 5.857706 5.293725 5.396839 9.391479 8.707509 7.394884 20.309557 4.383283 -8.977905 -13.353473 23.243256 -3.701729 20.806833 -0.571537 -19.491404 -20.140648 8.735581 -6.139166 12.193915 -0.343191
-8.717349 -15.772800 8.920233 -2.829166 -6.357557 -5.173415 -17.018810 -13.825337 16.772469 9.008681 6.070922 5.179427 5.809706 9.124563 8.717839 7.488265 20.182562 4.498078 -9.043076 -13.016234 23.281147 -3.803181 20.700323 -0.713411 -19.540722 -20.240269 8.648912 -6.110034 12.074615 -0.453395
-8.756239 -15.896387 9.056522 -2.919815 -6.291024 -5.207897 -16.922123 -13.801111 16.867788 8.949459 6.137397 5.048811 6.054185 8.951910 8.769196 7.586545 20.038042 4.572374 -8.997814 -12.874697 23.343035 -3.787685 20.548018 -0.855331 -19.549669 -20.363365 8.523887 -6.003780 12.197886 -0.501096
-9.027835 -15.840827 9.316333 -3.037285 -6.214548 -5.122379 -16.671448 -13.745778 16.900595 8.934246 6.115930 5.013361 6.172439 8.903165 8.829227 7.642738 19.909149 4.754021 -8.862719 -12.931270 23.550928 -3.653491 20.209826 -1.057950 -19.674877 -20.803902 8.250617 -5.918245 12.155068 -0.555401
-8.962874 -15.910394 9.574913 -3.115941 -6.065710 -5.154798 -16.328457 -13.606380 17.087776 8.879820 5.930253 5.026723 6.022132 9.029850 8.882806 7.612298 19.810860 4.768526 -8.713461 -13.151383 23.811367 -3.273579 20.034842 -1.326198 -19.740093 -20.973118 8.079917 -5.833485 12.297462 -0.669271
-8.923438 -16.008585 9.633848 -3.217268 -5.846146 -5.131699 -15.955809 -13.453730 17.319914 8.797281 6.232813 4.982899 6.491174 8.873312 8.972785 7.837465 19.588896 4.901006 -8.664560 -12.897139 24.123829 -3.083132 19.739710 -1.545122 -19.790970 -21.233620 7.916488 -5.735831 12.121884 -0.751320
-8.969884 -16.020418 9.738022 -3.266958 -5.752422 -5.144660 -15.714897 -13.333621 17.457237 8.666042 6.486621 4.970733 6.938086 8.720438 9.144958 7.971188 19.351301 5.026739 -8.650652 -12.583790 24.466146 -2.947744 19.473469 -1.713832 -19.807945 -21.466099 7.796195 -5.605405 11.762591 -0.860065
-9.027867 -16.271751 9.850182 -3.471800 -5.574688 -5.193757 -15.479564 -13.228697 17.670254 8.472357 6.648103 5.079477 7.102384 8.703974 9.270378 8.184402 19.158531 5.234231 -8.524143 -12.689284 24.646246 -2.582980 19.541731 -1.835428 -19.789516 -21.530012 7.680153 -5.546663 11.580138 -1.034676
-8.885571 -16.544420 9.872992 -3.588827 -5.375498 -5.300979 -15.261885 -13.097950 17.884075 8.348833 6.850212 5.172524 7.211796 8.695896 9.354621 8.400905 19.025452 5.336504 -8.430542 -12.778366 24.755438 -2.091859 19.645689 -1.986996 -19.831163 -21.586382 7.543431 -5.557813 11.272485 -1.244089
-8.852426 -16.651674 9.968197 -3.789960 -5.118004 -5.362457 -14.860368 -12.872244 18.087847 8.239095 6.978294 5.192211 7.344710 8.664125 9.382396 8.554619 18.934458 5.439295 -8.319044 -12.856832 24.873959 -1.788180 19.547949 -2.154500 -19.917240 -21.733089 7.372239 -5.538973 10.997634 -1.445543
-8.715529 -16.754322 9.992416 -3.810432 -5.029559 -5.442311 -14.742881 -12.793150 18.190758 8.143616 7.213860 5.163528 7.689075 8.530165 9.447039 8.744456 18.763794 5.527658 -8.261359 -12.701108 24.920599 -1.506244 19.547264 -2.253482 -19.966152 -21.715036 7.293516 -5.527744 11.063600 -1.577585
-8.785076 -16.808313 10.067436 -3.908776 -4.947716 -5.424130 -14.595574 -12.737459 18.280294 8.079791 7.336486 5.199386 7.855118 8.512661 9.537197 8.823788 18.664354 5.541350 -8.227827 -12.641322 24.959177 -1.292665 19.499193 -2.283493 -19.974854 -21.713787 7.226546 -5.448863 11.016001 -1.694023
-8.824807 -16.851648 10.094587 -3.973832 -4.875385 -5.428885 -14.486656 -12.684170 18.355007 8.015861 7.336903 5.212814 7.877902 8.513205 9.579006 8.847233 18.606939 5.576795 -8.175283 -12.684953 25.009823 -1.208460 19.432951 -2.266707 -19.976517 -21.742132 7.204779 -5.394501 10.824513 -1.747998
-8.883444 -16.870762 10.131763 -4.031727 -4.821725 -5.410878 -14.400430 -12.657771 18.402840 7.980971 7.310150 5.216128 7.826547 8.538099 9.588759 8.844930 18.601545 5.582721 -8.132202 -12.749419 25.005743 -1.185111 19.387541 -2.277167 -19.980572 -21.754503 7.179356 -5.370411 10.801047 -1.774724
-8.925820 -16.874798 10.234135 -4.092254 -4.742543 -5.387832 -14.229022 -12.596279 18.471304 7.946445 7.393479 5.241335 7.892614 8.546189 9.628285 8.916685 18.595613 5.555099 -8.101344 -12.718331 25.105116 -1.072092 19.412468 -2.290576 -20.001295 -21.765272 7.201574 -5.411923 10.594996 -1.781214
-9.093855 -16.816805 10.462990 -4.307587 -4.501728 -5.352010 -13.690480 -12.339389 18.667782 7.816638 7.691944 5.222516 8.099858 8.509342 9.654162 9.112453 18.627806 5.389109 -8.113855 -12.562655 25.279696 -0.910513 19.429770 -2.337278 -20.008587 -21.816978 7.180425 -5.385256 10.142343 -1.904033
-9.218906 -16.897982 10.738134 -4.566997 -4.182923 -5.338949 -13.109147 -12.095205 18.973913 7.669306 8.043709 5.181309 8.494424 8.316836 9.629807 9.349357 18.619265 5.292596 -7.972895 -12.422808 25.500772 -0.562003 19.612967 -2.508375 -20.011766 -21.856640 7.108519 -5.434487 9.447478 -2.119099
-9.507265 -17.019575 11.379343 -4.964928 -3.698963 -5.179183 -12.091742 -11.746290 19.501963 7.353527 8.424793 5.184273 9.073253 7.923841 9.666035 9.798378 18.446764 5.383142 -7.720323 -12.303155 25.885004 -0.029937 19.576323 -2.983482 -20.149685 -22.191965 6.850420 -5.460084 8.381793 -2.443373
-9.855715 -17.164389 12.118936 -5.597779 -3.016042 -5.275529 -10.671109 -10.967905 20.146429 6.682364 9.203953 5.089608 10.180714 7.353587 9.758058 10.503726 18.037197 5.625405 -7.587930 -11.782620 26.699217 0.446183 19.372526 -3.493672 -20.165720 -22.643469 6.576459 -5.352714 7.434640 -2.695843
-10.937429 -17.780695 13.481281 -6.798447 -2.037989 -5.332468 -8.956843 -10.207811 21.052311 5.651199 9.468895 5.078045 10.786633 7.182643 9.879981 11.646407 17.310493 6.043682 -7.304907 -11.776727 27.326490 1.155011 19.552439 -3.946103 -20.116196 -22.891188 6.295671 -5.340653 5.759015 -3.154496
-11.376297 -18.539309 14.347955 -7.441486 -1.170119 -5.264356 -7.734004 -9.853914 21.845457 5.146263 9.547123 5.360756 11.830777 6.759598 10.179635 12.597545 16.586336 6.509445 -7.184931 -11.108177 25.483698 2.490862 19.676702 -4.671150 -21.091352 -21.429878 7.320493 -6.001190 3.650331 -3.627354
-10.984056 -19.167568 15.259141 -8.223907 -0.103585 -5.561348 -6.033675 -8.962257 22.603598 4.759777 9.677677 5.431680 13.595670 5.897375 10.630361 13.644620 15.421906 7.443238 -6.973770 -9.699018 19.212606 1.886390 19.010321 -7.353219 -23.432238 -18.754503 8.420916 -8.073557 -2.113482 -4.768975
-10.146414 -19.011799 16.062529 -8.732763 0.827856 -5.656947 -3.948108 -7.841888 23.221340 4.744616 9.437887 5.788141 15.316127 4.870708 11.192828 13.472369 15.154994 7.266074 -6.814144 -7.896348 13.170312 -0.281226 18.601923 -11.106598 -25.931694 -15.701464 9.516083 -11.371066 -7.315657 -5.234213
-9.861738 -18.732737 16.383972 -9.354494 0.818032 -6.584743 -3.196724 -6.465805 23.025080 4.428250 8.876808 6.224076 16.925112 4.056220 11.699704 12.912393 14.458808 7.631394 -6.824446 -6.405423 8.234028 -2.054863 16.519127 -13.299713 -28.131926 -14.163416 9.800710 -12.435061 -9.368300 -5.940850
-8.713176 -18.428591 16.011154 -9.987535 0.877558 -8.042309 -2.728878 -4.920105 22.808123 4.264706 6.980578 6.813418 17.659050 2.902433 12.240170 12.499039 13.220494 8.315176 -6.347542 -5.877413 6.135622 -1.207289 13.655107 -15.269034 -29.830984 -11.518969 11.543064 -11.590375 -6.697220 -6.676182
-6.069601 -17.693512 15.503758 -10.149610 0.988888 -8.804462 -2.327894 -4.014616 22.252277 5.736458 4.465359 7.247833 17.875786 1.691344 12.372277 12.034812 11.686121 10.089580 -5.868948 -5.926080 4.601386 -2.185895 9.884546 -17.928553 -31.144062 -8.623899 13.327336 -10.940905 -2.631755 -6.878542
-3.597507 -17.198095 15.406301 -9.530620 0.656646 -10.113314 -2.174341 -2.969997 21.762491 6.257979 2.307521 7.817271 17.801403 1.176964 12.549342 11.211579 10.807893 11.392245 -5.618744 -6.055744 6.390801 -4.186549 7.390440 -19.871418 -31.145271 -8.327811 13.550473 -11.041330 0.123421 -6.340136
-1.523360 -16.531008 14.392892 -8.813021 0.224992 -11.017790 -2.521203 -2.328090 21.320663 6.684464 0.673915 7.947002 17.634365 0.800466 12.594281 10.252707 9.936170 13.055590 -5.451687 -6.498394 7.634383 -7.399022 5.712038 -22.011848 -31.018047 -9.545628 12.543126 -11.400055 3.059134 -5.922294
1.329687 -15.617551 12.744802 -7.893289 0.056192 -12.004936 -2.533483 -1.325704 21.073404 7.219253 -1.017364 7.835393 17.829643 0.234924 12.809818 8.830987 9.068840 13.866667 -5.351619 -6.121547 6.039078 -10.756293 3.719370 -23.242262 -31.014103 -8.683395 12.296518 -10.603321 6.084584 -6.634127
3.364179 -15.316195 11.212934 -7.738747 0.000784 -13.100819 -2.989390 -0.581676 20.870222 7.413918 -2.868267 7.613079 17.397030 -0.109029 13.361879 7.329712 8.147099 14.741313 -4.770939 -6.354241 4.190613 -13.445644 3.298361 -24.904932 -30.484510 -6.355871 12.440009 -9.783710 8.296736 -8.295918
4.801040 -14.591961 10.198069 -7.215986 -0.041092 -13.312883 -2.836756 -0.078899 20.695124 8.306434 -3.949353 7.467887 16.886351 -0.312660 13.418031 5.915895 7.920669 15.242646 -4.806969 -6.496679 3.633973 -17.174461 3.616532 -26.331480 -29.331902 -4.857378 12.084558 -9.428298 10.071561 -9.647061
5.765365 -13.938511 9.817862 -6.720240 -0.590657 -13.868420 -3.411942 0.197971 19.868185 8.938662 -4.745634 7.405713 17.138069 -0.516849 13.636931 5.051706 7.484303 15.683491 -4.850056 -6.076199 3.282000 -19.288572 2.843990 -26.867662 -28.678329 -4.137722 11.729939 -8.246897 11.445807 -10.664484
6.276302 -13.687260 9.343033 -6.483632 -0.630957 -14.042136 -3.531576 0.327267 19.684546 9.183266 -5.636732 7.588282 16.964214 -0.610990 13.788808 4.130623 7.377981 15.787091 -5.001521 -5.940387 3.046053 -20.039738 2.870940 -27.101171 -28.151270 -3.460845 11.732639 -7.404342 12.599116 -11.310574
6.585951 -13.565932 9.135535 -6.349732 -0.760356 -14.168369 -3.760325 0.328709 19.497465 9.428024 -5.905967 7.462914 16.970903 -0.688458 13.710065 3.790136 7.286317 15.968884 -5.055072 -5.904430 2.796198 -20.270290 3.161148 -27.151735 -27.901669 -3.210377 11.754023 -7.158686 13.167940 -11.420263
6.522136 -13.570691 9.179344 -6.327730 -0.784796 -14.161277 -3.757050 0.324960 19.516697 9.338505 -5.854569 7.583453 16.961246 -0.613114 13.738488 4.011079 7.357324 15.877984 -5.067124 -5.867679 2.945715 -20.342087 3.153208 -27.164881 -27.865543 -3.224848 11.783289 -7.171099 13.060148 -11.389256
6.365304 -13.640593 9.498747 -6.229652 -0.757704 -14.048055 -3.619358 0.243833 19.602953 9.176138 -5.849047 7.561646 16.962029 -0.709007 13.731307 4.253785 7.473955 15.759258 -4.908693 -5.886448 3.136785 -20.370552 3.177600 -27.351778 -27.941559 -3.314583 11.773887 -7.369216 12.822705 -11.335508
6.036667 -13.719007 9.798380 -6.166305 -0.758504 -13.891468 -3.474298 0.149148 19.776697 8.903500 -5.970004 7.715793 16.838282 -0.767933 13.916259 4.521540 7.558182 15.620742 -4.653095 -5.952851 3.451895 -20.620668 3.248021 -27.518961 -27.940372 -3.450257 11.778348 -7.616112 12.320428 -11.206812
5.743546 -13.509812 10.483233 -6.064333 -1.061932 -13.896064 -3.467208 0.149485 19.505854 8.869005 -5.958460 7.803976 16.724384 -0.774632 13.968580 5.177321 7.780282 15.348679 -4.366704 -6.019800 4.315986 -20.304398 3.786463 -27.673161 -28.015877 -3.538781 12.116039 -8.209597 12.197323 -10.722696
5.780129 -13.593160 11.239506 -5.678134 -1.188788 -13.706278 -3.429061 -0.194546 19.509914 8.896912 -6.007933 7.851577 16.653898 -0.859703 13.968661 5.646840 8.043329 15.145999 -4.128689 -6.041114 5.368896 -19.685143 4.564517 -27.923555 -28.128824 -3.381241 12.679027 -8.917164 11.911628 -10.311861
5.365194 -13.733336 12.120063 -5.511084 -1.284570 -13.505930 -3.265132 -0.424554 19.571493 8.607221 -6.025187 8.081922 16.611500 -0.746558 13.940952 6.437205 8.419292 14.824521 -3.988067 -6.010585 6.651171 -19.092718 5.100906 -28.075224 -28.188919 -3.201371 13.246888 -9.451240 11.916026 -9.930849
4.885684 -13.703658 12.905108 -5.380820 -1.459219 -13.443963 -3.138257 -0.503895 19.493673 8.354568 -6.344375 8.212297 16.722378 -0.925146 14.134486 7.115996 8.620467 14.415694 -3.650116 -5.739399 8.338744 -18.678238 5.223014 -28.488951 -28.243511 -3.147968 13.890908 -9.871578 11.481113 -9.438883
4.677135 -13.888572 13.982378 -4.815084 -1.635659 -13.237576 -3.087492 -0.940855 19.526129 8.074740 -6.153358 8.279248 16.997026 -1.050483 14.082553 8.261182 8.531963 14.495515 -3.558166 -5.732934 10.020403 -18.081715 5.126860 -28.517639 -28.252460 -3.243366 14.449079 -10.020031 11.026124 -8.983252
3.912093 -13.729004 14.849989 -4.371459 -1.848593 -12.816913 -2.756221 -1.144499 19.616930 7.685961 -5.935309 8.202969 16.672873 -0.913471 13.792730 9.487767 8.782407 14.502254 -3.233625 -6.338063 11.652731 -17.359776 5.155241 -28.580494 -28.441109 -3.528786 14.937869 -10.516055 10.539901 -8.347399
3.559098 -13.725769 15.683972 -3.937496 -1.945470 -12.397953 -2.594029 -1.581959 19.635557 7.656082 -5.802330 8.166402 16.736927 -0.964379 13.756126 10.709275 8.693819 14.482321 -2.917116 -6.516844 13.267709 -16.201916 5.324543 -28.526808 -28.608894 -3.647734 15.550593 -10.973514 9.462993 -7.815843
2.755656 -13.673523 16.836464 -3.706684 -2.081966 -11.923361 -2.285223 -1.922803 19.692596 7.480503 -5.854283 8.220910 16.449089 -0.988718 13.512224 11.608786 8.968617 14.298570 -2.894791 -6.753644 14.937191 -15.128156 5.205462 -28.487638 -28.600420 -3.755534 16.067232 -11.033159 8.515969 -7.441625
2.098131 -13.769337 17.715458 -3.418963 -2.189167 -11.470428 -2.225687 -2.438586 19.703196 7.386417 -5.407095 8.251695 16.722437 -1.091649 13.231341 13.166101 8.802135 14.614225 -2.803667 -6.937356 16.719486 -14.272273 5.188489 -28.471193 -28.549467 -3.807396 16.638893 -11.194920 7.510923 -7.046089
1.541361 -13.550563 18.635811 -2.654385 -2.301333 -10.671972 -1.799751 -2.950126 19.984140 7.311495 -5.133970 8.140815 16.668697 -1.223253 12.815815 14.390561 8.780820 15.063183 -2.696904 -7.308388 18.130205 -13.366551 5.178923 -28.390081 -28.532246 -3.795011 17.248142 -11.319034 6.620421 -6.562594
0.964611 -13.475674 19.265285 -2.484385 -2.691488 -10.582355 -2.283980 -3.380457 19.602654 7.223363 -4.689251 8.144671 16.647676 -1.050774 12.155828 15.651662 9.146125 15.180909 -2.911333 -7.301360 19.782829 -13.247648 5.031868 -28.487385 -28.328152 -3.636060 17.968582 -11.363801 5.614198 -6.131402
0.348420 -13.431286 19.573523 -2.645673 -2.657109 -10.425257 -1.986787 -3.281252 19.806423 6.922421 -4.432333 8.075505 16.579958 -0.852571 11.841687 16.498547 9.483830 15.003895 -3.174098 -7.021740 20.888689 -13.112395 4.768449 -28.209574 -28.243080 -3.733178 18.468773 -11.391266 4.731236 -5.615156
0.330258 -13.267486 19.803635 -1.981644 -2.564268 -9.829584 -1.549679 -3.574144 20.225521 6.939223 -4.404751 8.051850 16.533930 -0.744023 11.730914 17.194368 9.652753 14.853245 -3.376608 -6.742199 22.233429 -12.977549 4.450956 -27.893679 -28.081524 -3.874818 18.940432 -11.251384 4.119819 -5.158513
0.048351 -13.257288 19.992577 -1.837200 -2.643400 -9.662505 -1.634407 -3.763711 20.190191 6.949290 -4.357042 8.148314 16.529879 -0.747036 11.598788 17.584156 9.868518 14.685694 -3.583012 -6.524262 23.118971 -13.001239 4.431332 -27.596838 -27.851574 -4.018360 19.164423 -11.185536 3.561878 -4.841989
-0.337941 -13.245884 20.120144 -1.803557 -2.708665 -9.405197 -1.754012 -4.009086 20.139303 7.033417 -4.130264 8.130006 16.600611 -0.659070 11.468310 17.909708 9.951439 14.594069 -3.751858 -6.367037 23.618643 -13.004784 4.456362 -27.282887 -27.722610 -4.199456 19.265774 -11.169474 3.267687 -4.605078
-0.413456 -13.192898 20.206020 -1.712520 -2.735409 -9.243729 -1.737718 -4.110624 20.159273 7.141149 -3.936906 8.025137 16.516979 -0.616572 11.408513 18.023508 10.128640 14.423990 -3.775879 -6.357885 23.857449 -13.055860 4.561130 -27.071234 -27.653370 -4.357637 19.306349 -11.208569 3.067952 -4.436224
-0.479144 -13.189386 20.234009 -1.619414 -2.711349 -9.121079 -1.676658 -4.181523 20.231680 7.174716 -3.933857 8.034316 16.583735 -0.597569 11.417415 18.208597 10.068491 14.431880 -3.858522 -6.229780 24.088627 -13.162737 4.456980 -27.008392 -27.622673 -4.406621 19.374550 -11.180050 3.056438 -4.336532
-0.342710 -13.158130 20.199944 -1.672140 -2.713781 -9.244378 -1.653706 -4.062509 20.183289 7.158424 -3.925284 8.014292 16.570597 -0.632288 11.394446 18.045984 10.118426 14.426525 -3.794617 -6.302215 23.961309 -13.094433 4.468825 -27.124681 -27.656105 -4.314577 19.345455 -11.187689 3.136476 -4.440468
-0.098923 -13.249940 20.050350 -1.655486 -2.655661 -9.415871 -1.656249 -3.986533 20.233078 7.026304 -4.138026 8.128423 16.576141 -0.659429 11.441649 17.923841 9.913949 14.657708 -3.759028 -6.402793 23.791914 -13.046152 4.322918 -27.312721 -27.737198 -4.263263 19.273684 -11.185029 3.368130 -4.489056
0.220072 -13.276957 19.999699 -1.805712 -2.564861 -9.695421 -1.516825 -3.721613 20.240292 6.953304 -4.370476 8.068986 16.684855 -0.861836 11.568998 17.641413 9.764482 14.677322 -3.543525 -6.427801 23.358057 -12.988931 4.248673 -27.673758 -27.935265 -3.986316 19.264336 -11.254478 3.982727 -4.682584
1.019734 -13.229338 20.078884 -1.518067 -2.668971 -9.857204 -1.701196 -3.841737 20.015593 7.276213 -4.670681 8.111793 16.803997 -1.044180 11.877166 16.914167 9.729989 14.665559 -3.178086 -6.457513 22.530405 -13.062162 4.082495 -28.278227 -28.160877 -3.787857 18.949852 -11.230125 4.996919 -5.071685
1.817999 -13.474239 19.411961 -1.755667 -2.641421 -10.674097 -2.007475 -3.378588 19.893457 7.021137 -5.047793 7.836368 16.929695 -1.391268 12.247741 15.787219 9.213044 15.209641 -2.508935 -6.888406 21.209185 -12.956907 3.729026 -28.714972 -28.490986 -3.702010 18.438263 -11.103372 6.595426 -5.420161
2.519747 -13.610010 18.699852 -2.046137 -2.449849 -11.200613 -2.009599 -2.915172 19.946341 6.960455 -5.533652 7.990872 17.094006 -1.555377 12.710930 14.681455 8.833443 15.401745 -2.205156 -7.030571 19.996279 -12.985149 3.598460 -28.908705 -28.659775 -3.453707 18.096027 -10.869162 7.634470 -5.903490
3.146715 -13.834614 17.998711 -2.476036 -2.297574 -11.752245 -2.146012 -2.459634 19.963949 6.965625 -5.758060 8.016375 16.964308 -1.468217 13.321968 13.068635 9.025640 14.745656 -1.936148 -7.034279 18.241655 -13.209888 3.872264 -29.218679 -28.889441 -3.150177 17.544128 -10.766436 9.416032 -6.541445
4.537966 -14.051713 16.619917 -2.789276 -2.243178 -12.804743 -2.725039 -1.804260 19.832964 6.995648 -6.277070 8.136319 17.123524 -1.744421 13.920503 10.866601 8.998462 14.513885 -1.888912 -6.610087 15.677937 -14.069716 4.132419 -29.398329 -29.111538 -2.820717 16.895412 -10.763832 10.717255 -7.117784
5.578888 -14.110976 15.538160 -3.035915 -2.362681 -13.653386 -3.477664 -1.419967 19.301794 7.354514 -6.379307 7.953975 17.385307 -1.954367 14.247725 8.955104 9.390798 14.060478 -2.005951 -6.047339 13.486029 -14.602339 4.584280 -29.641447 -29.151440 -2.094889 16.514883 -10.435114 12.832509 -7.857347
6.793272 -13.996390 13.690028 -3.466547 -2.032012 -14.266213 -3.627569 -0.726572 19.379696 7.638965 -6.423139 8.012357 17.574606 -2.189103 14.741178 6.091102 9.369285 13.877626 -2.507097 -5.534699 10.682467 -14.644520 4.888095 -29.667704 -29.080666 -1.160159 15.827291 -9.540554 14.376197 -9.277317
8.162532 -13.798323 11.880863 -3.778027 -1.469164 -14.354202 -3.477407 -0.315263 19.559561 8.551092 -6.839999 8.136781 17.578041 -1.983406 14.845000 4.548056 8.499000 14.645059 -3.165666 -5.375579 8.178885 -14.582030 5.174654 -29.249599 -28.495163 0.429751 15.773880 -7.809950 17.782347 -10.509380
9.743800 -13.490306 10.428268 -3.626177 -1.111858 -14.195597 -3.751611 -0.494331 19.351622 9.962984 -6.848688 7.846980 17.847645 -1.696439 14.890651 2.533759 7.635609 15.457708 -3.970179 -4.733742 5.165825 -14.392226 4.525124 -28.097342 -28.165478 1.833470 15.849040 -5.788881 20.904261 -11.483278
11.466686 -13.442642 8.059318 -3.941150 -0.446016 -14.513016 -3.688700 0.042144 19.828104 10.471625 -6.968745 7.730495 17.882885 -1.391170 14.709456 0.527838 6.960330 15.949416 -5.063510 -4.301334 1.542399 -14.155179 3.854933 -26.319017 -28.101002 3.116016 16.079611 -4.059019 24.613005 -11.941705
12.503122 -13.071186 5.991019 -4.363512 0.131107 -14.643027 -3.288270 0.764453 20.174232 10.879148 -7.412997 7.632812 18.171326 -1.042756 14.553837 -1.236904 5.896288 16.877939 -6.007448 -3.973865 -0.159891 -15.832602 2.964226 -24.677813 -27.110529 3.088201 15.641396 -2.293106 27.816530 -11.749894
10.600317 -12.367312 5.467488 -4.573774 -1.413330 -17.435152 -4.230197 2.753057 20.328718 5.221559 -4.468818 4.979050 17.593655 -3.389826 14.258653 -1.358138 6.340830 16.545897 -3.357927 -6.945558 10.376108 -15.450301 13.696894 -12.730846 -19.282925 -5.414382 9.004342 -0.247114 39.737953 -8.189486
10.679890 -12.175609 4.091032 -4.677828 -1.084814 -17.709993 -3.806914 3.526161 20.973808 4.479004 -5.349211 4.491153 17.209126 -3.289783 13.756794 -1.715823 4.742344 17.981030 -3.724792 -7.836965 8.791121 -13.965080 16.876228 -8.618362 -18.097603 -7.644471 7.160971 0.444495 40.530205 -7.988207
10.452425 -11.459957 2.684245 -5.630035 -0.806303 -17.942400 -3.408019 4.548967 21.110558 4.536966 -5.474930 4.028170 17.369091 -3.575070 13.357041 -3.084837 4.236496 18.280130 -4.416238 -7.745757 7.747014 -12.211342 21.003714 -4.053910 -16.622360 -10.572407 4.859091 1.230168 39.689384 -8.230405
10.650152 -11.071718 1.614941 -6.480955 -0.118769 -18.305330 -2.711096 5.449281 21.619781 4.491954 -5.578024 2.426054 17.805956 -4.090976 12.694876 -3.958002 3.059020 19.590908 -4.781412 -7.928956 7.169170 -13.399753 22.816315 -1.557247 -15.113920 -12.283168 3.225409 2.492598 39.468048 -8.858461
12.160130 -9.638300 0.645900 -6.748603 0.405854 -18.630375 -1.256306 6.914918 21.756048 5.483369 -6.208566 0.792584 17.799109 -4.291835 12.299359 -5.109423 2.150498 20.779959 -4.927869 -7.922748 7.359046 -14.691748 23.388311 0.229894 -13.700039 -13.366703 2.468385 4.042535 40.202320 -9.002527
12.575105 -8.492112 -0.272335 -8.178593 0.778358 -18.903543 -0.311552 8.588636 21.007349 7.617985 -6.079797 -1.431129 18.556280 -4.652954 11.037051 -7.416206 2.421575 22.193014 -5.305769 -7.515815 5.436233 -15.005122 22.193033 2.299300 -13.022690 -14.535256 1.306015 6.999038 39.417046 -10.511747
14.333766 -6.543357 -1.289355 -8.058087 1.043161 -19.047985 1.035078 9.874090 20.802637 9.056757 -6.319592 -3.603997 18.616041 -4.716118 10.568786 -8.625016 1.362898 23.347946 -5.276521 -7.600220 5.488754 -14.156233 20.636843 4.348425 -11.854362 -14.720789 1.261995 10.255239 40.434071 -10.710534
14.979237 -4.483407 -1.902282 -7.352367 0.815485 -18.741037 2.309037 10.951288 20.534388 10.392776 -7.311429 -5.382368 18.321171 -5.076767 10.189133 -9.559382 0.792949 23.317911 -5.250782 -7.570461 5.166028 -13.655258 21.058764 5.731297 -10.406364 -13.870464 1.755394 12.272966 41.143417 -11.158362
15.192012 -2.304584 -2.576149 -6.759267 0.095984 -18.329512 2.848601 11.692113 20.034876 11.012618 -7.803421 -7.258740 18.190910 -5.105455 9.927913 -10.504029 0.200475 22.404339 -5.311554 -7.550178 5.519574 -12.859340 21.553377 8.094812 -8.898483 -13.119368 2.491888 14.474440 40.725403 -11.340536
15.058690 -0.659421 -2.861014 -6.774314 -0.426076 -17.787180 3.335192 12.058089 19.902189 10.549570 -7.518390 -9.335593 18.213528 -5.599019 9.858290 -11.561031 0.128439 20.592916 -5.355475 -8.259295 5.696658 -11.964635 22.737165 9.876154 -7.071640 -12.184862 3.085402 16.887966 40.601135 -11.837519
14.724047 0.952168 -3.331626 -6.897817 -0.941352 -17.378319 3.819306 12.642340 19.781326 10.190535 -7.917683 -11.195285 18.093975 -5.820618 9.741385 -12.116427 -0.606101 19.215311 -5.146621 -8.968543 5.981696 -10.626895 24.655743 11.970819 -5.003783 -11.054651 3.331815 19.027283 39.969269 -12.936255
14.415784 2.557298 -4.069476 -6.143091 -1.656374 -16.745214 4.082886 12.978115 19.471378 10.449900 -8.734808 -13.183566 17.168159 -5.726835 9.898627 -12.475002 -1.164230 18.011595 -4.721203 -9.600406 6.045714 -8.853204 26.240879 13.352538 -2.998598 -9.328325 3.499029 21.589439 38.392876 -15.094807
13.825077 3.970077 -5.363057 -5.783025 -2.223503 -16.315119 4.448647 13.644653 19.760633 9.897441 -8.846750 -15.022546 17.016113 -6.174863 9.739895 -12.776885 -1.383482 17.574928 -4.708860 -9.497317 6.607832 -7.736040 26.828403 15.113762 -1.021927 -7.813963 3.859221 24.125599 35.690369 -16.879309
13.151098 5.176214 -6.337355 -4.817947 -2.901304 -15.972486 4.845414 14.379713 19.565798 10.035793 -9.166481 -16.699005 16.765594 -6.520250 8.951289 -13.025134 -1.058623 17.256247 -4.984495 -8.849793 6.662024 -6.159348 26.465818 16.233644 1.444534 -6.983099 4.074669 27.761250 32.055710 -17.699553
13.130239 6.597651 -6.975698 -4.101750 -3.511281 -15.577414 5.356185 14.967094 19.417717 10.185466 -9.127758 -18.042831 16.290028 -7.041701 8.419777 -13.112552 -0.999720 17.187975 -5.400584 -8.378199 7.315732 -6.701978 26.484045 17.033291 2.950486 -5.705339 4.702844 29.625832 29.403559 -19.319662
12.283950 7.920465 -7.930374 -3.241588 -4.244248 -15.099941 5.794382 15.757531 19.224096 10.645729 -9.252939 -19.707005 16.248129 -7.353034 7.507764 -13.320120 -0.802447 17.741171 -5.490727 -7.848325 8.024407 -7.383288 25.378115 17.763628 4.130138 -5.399778 5.186809 31.720654 27.136217 -19.926895
11.860071 8.837425 -8.695433 -2.823340 -4.863802 -15.014961 5.793792 16.354221 18.767790 11.180243 -9.448481 -21.209375 15.615327 -7.559000 6.935880 -13.479428 -0.444867 17.807814 -5.651327 -7.307869 8.628800 -8.480510 24.051100 18.113760 4.749944 -5.287958 5.532329 32.792622 25.361422 -20.510057
11.238499 9.941286 -9.961658 -2.606115 -5.589658 -14.927101 5.548960 17.000072 18.289797 11.678745 -9.307876 -22.425499 15.102187 -7.439098 5.829460 -14.048317 0.571504 17.962923 -5.984638 -7.041805 9.185247 -10.699016 22.144762 18.085337 5.311156 -5.435215 5.868901 33.563881 23.515800 -20.615030
10.927938 11.200783 -10.341852 -3.034011 -5.851312 -14.528372 5.834871 17.363680 17.977476 11.910363 -9.258986 -23.717484 14.504216 -7.730640 5.032266 -14.524711 1.134901 18.162218 -6.637967 -6.583410 9.560025 -12.449786 20.564339 18.978567 5.388119 -5.595168 6.055218 34.008911 22.245104 -20.905478
10.803914 12.417648 -10.811455 -3.333988 -6.104750 -14.006588 5.895987 17.417301 17.649687 12.230283 -9.577332 -24.921898 13.601241 -8.002089 4.252228 -14.629772 1.593639 18.330488 -7.362337 -6.268123 10.110799 -14.455678 18.265436 19.179510 5.556925 -5.952924 6.098407 34.584736 21.174692 -20.748865
11.004145 13.966206 -11.516788 -3.180379 -6.768911 -13.340839 5.511822 17.215389 16.967623 12.886265 -9.904126 -25.919750 12.998309 -7.887980 3.637979 -15.003721 2.205032 18.521336 -7.654878 -6.049772 10.942689 -16.760080 16.007700 19.287577 5.782362 -6.484955 6.462232 35.085133 19.710258 -20.011461
10.777121 14.932976 -12.053052 -3.106320 -7.184690 -12.944221 5.211130 17.125637 16.549507 13.093964 -9.902013 -26.619980 12.583549 -7.850919 3.333378 -15.042889 2.459150 18.741484 -7.774726 -5.627921 11.455792 -18.774931 14.530275 19.030237 5.880403 -6.944775 6.557786 35.088402 18.353849 -19.595083
10.619919 15.633673 -12.338266 -3.235585 -7.401095 -12.700768 5.134268 17.159451 16.271227 13.030954 -10.761532 -27.241272 11.528613 -7.904587 2.667454 -15.214163 2.988887 18.768625 -8.146142 -5.905821 11.920158 -20.447277 13.104425 19.200254 5.759727 -7.409533 6.548804 35.228363 17.395977 -19.598192
10.437432 16.399908 -12.636864 -3.470104 -7.603685 -12.453856 5.180458 17.299191 16.080902 13.084909 -10.752029 -27.605892 11.216435 -7.812067 2.613841 -15.171700 3.262558 18.544035 -8.086366 -5.738060 12.262980 -21.338379 12.164751 19.275700 5.727848 -7.606644 6.681094 35.356647 16.643003 -19.459747
10.179045 16.875313 -12.856203 -3.520566 -7.785473 -12.262537 5.184006 17.390980 15.926765 13.211075 -10.642205 -27.753319 11.038928 -7.758247 2.509926 -15.124778 3.512516 18.346516 -8.153686 -5.594166 12.508045 -21.832863 11.657191 19.224199 5.724544 -7.678207 6.763116 35.443222 16.117670 -19.463087
10.119169 17.043005 -12.840041 -3.570456 -7.826605 -12.138155 5.201290 17.349068 15.901023 13.190439 -10.585541 -27.857132 11.012370 -7.728210 2.451732 -15.181467 3.601674 18.382544 -8.178712 -5.480833 12.539215 -22.027750 11.391647 19.295008 5.657185 -7.766089 6.750270 35.462246 15.927913 -19.465788
