-7.181064 -12.210043 11.479369 2.385635 -16.859480 -11.317459 -27.871735 -13.547654 7.055930 7.635351 -5.095657 10.397017 -3.821879 10.042515 8.117638 0.281637 27.582811 -3.178588 -5.621065 -20.477636 -6.246058 -2.607381 31.224451 0.626051 -25.417152 -7.856514 14.211597 -16.063839 -0.330534 -1.748151
-7.252769 -11.948362 11.519787 2.390350 -16.881941 -11.198639 -27.759535 -13.532018 7.027994 7.698492 -4.982376 10.400159 -3.737367 9.963884 8.032930 0.348539 27.687117 -3.280196 -5.819330 -20.255541 -6.180799 -2.921057 31.028696 0.645373 -25.424152 -7.929326 14.235842 -16.008785 -0.322077 -1.686248
-7.309558 -11.609891 11.364139 2.354925 -16.895994 -11.072210 -27.564411 -13.380768 7.075687 7.908237 -4.865067 10.317256 -3.558546 9.831716 7.924720 0.395520 27.824862 -3.286759 -5.959923 -20.006359 -6.041108 -3.347025 30.449141 0.634262 -25.446728 -8.106573 14.244260 -15.752714 -0.187476 -1.587544
-7.508203 -11.186934 11.337811 2.275019 -16.965012 -10.923725 -27.355921 -13.223228 7.079767 8.108006 -4.851653 9.908504 -3.255906 9.488121 7.728370 0.416673 27.974241 -3.210327 -6.149692 -19.718044 -6.153717 -4.136274 29.793629 0.622246 -25.471432 -8.292964 14.210866 -15.347175 0.163352 -1.535088
-7.545006 -10.605148 11.362785 2.324673 -16.889830 -10.586246 -26.894093 -13.121738 7.183423 8.437430 -4.541666 9.467734 -2.747562 9.103044 7.454016 0.663800 28.155165 -2.989161 -6.236134 -19.294321 -6.381099 -4.963098 28.514357 0.604226 -25.623390 -8.754483 13.987315 -14.653994 0.612569 -1.517907
-7.781767 -10.124687 11.334606 2.058789 -16.663227 -10.391726 -26.205679 -12.731054 7.422007 8.626478 -4.382667 8.877172 -2.136754 8.724213 7.193073 0.748761 28.225763 -2.793105 -6.552740 -18.567080 -6.547046 -6.135860 27.011305 0.671723 -25.683174 -9.547311 13.531877 -13.910543 1.073955 -1.344990
-7.929983 -9.447748 11.740874 1.914065 -16.468077 -10.078869 -25.383732 -12.472889 7.619762 8.822199 -4.323919 8.248286 -1.477896 8.176855 6.984406 0.646938 28.212442 -2.586697 -6.980086 -17.680597 -6.854161 -7.425943 25.649944 0.815370 -25.719931 -10.097522 13.232535 -13.218480 1.546503 -1.212224
-8.091213 -8.769363 11.959699 1.636592 -16.329479 -9.916082 -24.661411 -12.071098 7.802981 9.072041 -3.814470 7.856672 -0.737220 7.647134 6.873779 0.780346 28.369154 -2.656279 -7.459919 -16.738667 -6.911818 -8.095747 24.290358 1.070895 -25.823656 -10.648852 13.032990 -12.404721 1.894943 -1.129480
-8.185634 -8.377684 12.209276 1.470821 -16.193235 -9.803083 -24.157482 -11.861765 7.942150 9.218338 -3.413561 7.381104 -0.191003 7.247210 6.608218 1.020078 28.510809 -2.732188 -7.859522 -15.990353 -7.090967 -9.105243 23.348951 1.302740 -25.866299 -11.083635 12.875316 -11.919678 2.115742 -0.965034
-8.453518 -8.024305 12.394236 1.108201 -15.900307 -9.570112 -23.505175 -11.641119 8.214619 9.430273 -2.621123 6.781961 0.711967 6.587232 6.204898 1.292014 28.773458 -2.848558 -8.340130 -14.945924 -6.965647 -9.948799 22.402203 1.526846 -25.947050 -11.769154 12.629944 -11.595375 2.046906 -0.707590
-8.610338 -7.844608 12.473896 0.710050 -15.479755 -9.499018 -22.719830 -11.244402 8.591166 9.528563 -1.970438 6.322850 1.326831 6.294821 5.821704 1.628964 29.043238 -2.859387 -8.842715 -14.096831 -6.970433 -10.769669 21.572336 1.698745 -26.039452 -12.371135 12.403062 -11.365019 1.990268 -0.450299
-8.786799 -7.671618 12.612814 0.434204 -15.106339 -9.321844 -22.023211 -11.015132 8.930031 9.703152 -1.314983 5.713157 2.007279 5.710358 5.261854 1.801135 29.370745 -2.862373 -9.335167 -13.278153 -6.895675 -11.270126 20.390636 1.888773 -26.182791 -13.032572 12.148849 -10.893864 1.969474 -0.208907
-8.825304 -7.727174 12.648011 0.131909 -14.730776 -9.352619 -21.477806 -10.731319 9.265757 9.705118 -0.925712 5.441669 2.275427 5.489186 5.125145 1.718838 29.506210 -2.879096 -9.572731 -12.673391 -6.817518 -11.597502 19.441324 2.112613 -26.306688 -13.613641 11.944092 -10.551774 1.854197 0.028662
-8.932981 -7.549025 12.901078 -0.087629 -14.441269 -9.277787 -20.859856 -10.484433 9.518624 9.731373 -0.402495 5.188345 2.820903 5.029426 5.101817 1.775412 29.505697 -2.730743 -9.836952 -11.975572 -6.713482 -11.922463 18.435648 2.293859 -26.364994 -14.029749 11.831187 -10.028722 1.686888 0.153223
-8.980995 -7.364128 12.944534 -0.285879 -14.185048 -9.361700 -20.256401 -10.048223 9.747703 9.667031 -0.310947 4.917986 3.310081 4.632056 5.249486 1.621431 29.343874 -2.528175 -9.979845 -11.255862 -6.584695 -12.338135 17.360373 2.700900 -26.350986 -14.483719 11.775521 -9.486274 1.463493 0.403130
-9.168103 -7.258635 12.960157 -0.626700 -13.835384 -9.315232 -19.612320 -9.699214 10.070363 9.559479 -0.222703 4.689793 3.695231 4.267787 5.278788 1.427406 29.263065 -2.273056 -10.237107 -10.638182 -6.677833 -12.732815 16.722986 2.918103 -26.382065 -14.886335 11.570369 -9.178650 1.567611 0.515599
-9.358517 -7.058742 13.196036 -0.707288 -13.729280 -9.231057 -19.200687 -9.531189 10.141601 9.529392 -0.006201 4.439389 3.839606 4.129260 5.210639 1.478206 29.328547 -2.282315 -10.347830 -10.413168 -6.715757 -12.747838 16.035591 3.133269 -26.449862 -15.156239 11.493354 -8.778210 1.552287 0.596884
-9.472883 -6.903600 13.448486 -0.745462 -13.730512 -9.275827 -18.948931 -9.354107 10.117037 9.476169 0.373372 4.271986 4.186137 3.954234 5.292604 1.506834 29.323498 -2.255111 -10.389971 -9.997616 -6.591709 -13.101819 15.408916 3.242556 -26.504477 -15.516382 11.423799 -8.564425 1.408657 0.778544
-9.567025 -6.908028 13.439304 -0.862201 -13.717812 -9.369679 -18.872784 -9.209724 10.174663 9.345784 0.587345 4.200203 4.395307 3.811252 5.354861 1.575460 29.315153 -2.157005 -10.443960 -9.716268 -6.545283 -13.187417 15.127155 3.244726 -26.546213 -15.694444 11.365933 -8.484177 1.348550 0.839135
-9.600037 -6.848279 13.486776 -0.821271 -13.759220 -9.342996 -18.856768 -9.212270 10.162407 9.353191 0.512359 4.159230 4.346539 3.814111 5.343112 1.558495 29.309637 -2.139034 -10.425291 -9.734366 -6.534545 -13.307080 15.063793 3.261605 -26.551950 -15.737378 11.380988 -8.515113 1.330302 0.913614
-9.880501 -6.788190 13.577698 -1.028989 -13.719286 -9.332617 -18.702011 -9.104038 10.237713 9.164814 0.592807 3.979032 4.402822 3.739340 5.301047 1.416108 29.319790 -2.200922 -10.544885 -9.578129 -6.365574 -13.190305 14.873794 3.247081 -26.597719 -15.859598 11.412665 -8.454295 0.995731 0.951740
-10.826944 -6.976635 13.958527 -1.524200 -13.506868 -9.090130 -18.440224 -9.195868 10.502151 8.706383 1.481078 3.783223 4.923643 3.436187 5.077915 1.930981 29.401766 -2.364142 -10.576207 -9.338264 -6.064893 -12.526996 14.456743 3.327956 -26.829838 -16.258400 11.503242 -8.328768 -0.459698 1.046443
-12.195711 -7.011828 14.502199 -2.445234 -12.816170 -8.600136 -17.312550 -8.981699 11.210926 8.205140 2.656338 3.072394 6.154137 2.813514 4.978176 2.221044 29.410273 -2.633456 -10.865781 -8.034771 -5.093600 -12.513440 13.263728 3.603502 -26.922165 -16.487085 12.179226 -8.032125 -2.694930 1.539042
-13.793170 -7.534735 15.200732 -3.990712 -11.693624 -8.325970 -15.878930 -8.537474 12.168177 7.503227 4.354798 2.945584 7.927362 2.555882 5.403995 2.874288 29.157454 -2.741329 -11.158515 -6.251232 -3.999970 -12.381143 11.547647 3.235796 -26.990025 -16.441050 12.708660 -7.562063 -4.929061 1.481434
-14.701986 -7.745808 15.560455 -5.058036 -10.536708 -7.759875 -14.014801 -7.949912 13.352631 6.941170 5.868232 2.783459 9.904572 1.872964 6.069266 2.766598 28.399130 -2.797927 -11.624603 -4.167500 -2.612580 -11.588181 10.936107 2.806822 -27.265141 -17.032377 12.782031 -7.813906 -8.602920 1.416611
-15.539043 -8.493864 16.383919 -6.202990 -8.772884 -7.421392 -11.494092 -7.100689 14.890887 5.926109 6.621768 2.494590 12.036472 0.886957 6.595099 3.827733 26.967867 -1.813355 -11.672409 -2.341406 -0.387092 -11.975179 9.684496 1.829303 -27.217243 -18.172218 12.094687 -7.945300 -11.769760 1.158546
-16.233797 -9.214368 17.371931 -7.149749 -7.414729 -7.381268 -9.026177 -5.884865 16.419790 4.606043 7.248349 2.369721 13.880435 0.308571 6.771969 5.687056 25.726862 -0.993706 -11.488697 -1.267797 4.829206 -10.393146 8.804226 -2.125113 -27.599018 -17.603849 12.988807 -9.155309 -13.064305 0.814563
-16.955811 -10.520140 18.504110 -8.457988 -6.252678 -7.902212 -7.159142 -4.598126 17.758965 2.787063 8.013931 2.802329 15.409144 -0.212066 7.211368 8.129563 24.310120 0.390390 -10.692199 -1.650615 7.589127 -5.244088 8.714883 -6.075283 -28.245094 -14.857231 14.561717 -8.855689 -11.444777 -1.240906
-17.345644 -12.776203 19.023493 -9.806058 -4.860627 -7.889619 -6.246037 -4.557738 18.891520 1.985864 9.006226 4.229589 16.701672 0.377942 8.084617 10.288721 21.985735 2.140665 -9.544480 -2.865114 8.140965 -0.824581 9.425781 -6.690774 -29.089035 -12.906299 16.011822 -8.924381 -9.739440 -2.472587
-15.250706 -16.165037 19.301346 -11.491306 -1.495832 -7.710376 -3.709829 -4.609442 21.164318 2.463896 9.644157 5.558035 17.433643 1.207126 9.349948 11.707000 19.510946 3.687410 -7.915537 -4.622281 9.210206 1.865473 8.885687 -7.593088 -29.379028 -13.631639 15.098878 -8.348771 -8.894111 -3.149010
-11.288759 -18.887907 18.378704 -11.870731 1.890141 -6.887702 -1.454175 -5.430329 23.277349 4.344556 9.980711 6.207686 18.505220 2.058425 10.745467 12.288400 15.726033 7.042153 -7.031844 -5.786712 10.939206 5.616211 9.133312 -9.128042 -30.597801 -16.359720 13.006827 -9.968243 -5.812201 -2.223436
-6.417715 -20.617754 16.185741 -11.712343 3.406744 -7.811603 -2.027785 -6.137454 23.439730 6.407988 10.040758 7.049576 18.165886 3.522093 12.506878 10.577401 13.201079 8.800043 -6.587446 -6.911917 11.062556 6.227246 9.189761 -8.890821 -31.149652 -18.484062 11.214783 -10.868495 -3.245370 -1.021905
-2.489295 -22.234743 12.192192 -11.660067 4.570165 -9.044518 -3.562844 -6.622893 23.715723 7.591980 9.314944 8.103978 17.294243 5.449426 14.454280 7.895328 10.683232 10.345290 -6.351839 -7.902511 11.989178 7.761605 7.946747 -8.550255 -30.955750 -18.566406 10.539462 -8.638730 4.691121 -0.967623
0.365116 -23.070204 8.123531 -11.287687 5.018341 -9.934255 -5.556974 -7.282449 23.603354 8.695150 8.104246 8.946797 15.623878 7.111330 15.510091 4.630400 9.016192 11.716446 -6.499726 -9.430577 9.650867 8.503701 6.580352 -8.093075 -30.954880 -18.710470 9.423647 -6.442745 9.951255 -1.294122
2.566821 -23.449890 3.605978 -11.438207 5.390143 -11.157405 -7.477833 -7.300924 23.573456 9.335186 5.760575 9.916451 13.943338 8.587619 17.000763 1.200633 7.039468 13.374389 -6.536679 -10.252705 9.375258 9.678777 5.142452 -9.008173 -30.974476 -18.834150 8.148492 -4.453912 14.353477 -2.802152
4.095545 -23.392885 -0.714167 -11.615493 5.437425 -12.469946 -9.601020 -7.189882 23.152288 9.709017 3.709721 10.393448 12.641700 9.685694 17.750233 -1.143440 5.677125 14.602057 -7.327332 -10.229075 9.498548 9.544305 1.795076 -10.798718 -30.314804 -19.562145 5.570461 -0.788646 16.565674 -5.687779
5.086385 -23.542898 -4.176938 -11.995556 5.599530 -13.333607 -11.735560 -7.593925 22.748823 10.290691 1.827603 10.599608 11.198178 10.497953 18.054829 -3.113612 4.912119 15.547480 -8.205223 -10.196082 9.521955 11.960101 -0.595070 -12.431737 -30.729591 -19.591047 4.312139 1.374996 18.005960 -7.781549
5.343629 -23.504847 -5.962448 -11.917742 5.279233 -13.842142 -13.263151 -7.856306 22.320621 10.319891 1.358453 10.239995 10.257051 10.952978 18.112429 -5.103553 4.947450 15.790648 -9.021491 -9.712708 9.845180 12.980116 -1.252534 -13.923769 -30.718397 -19.923140 2.887957 2.464446 18.069712 -9.737431
6.120002 -23.374323 -7.034783 -11.521227 5.050697 -14.018881 -14.295374 -8.284708 21.937460 10.909193 0.965386 9.918341 9.758908 10.964779 17.986687 -6.290325 5.068419 15.985044 -9.226561 -9.948277 9.339637 13.489116 -2.501595 -14.554310 -30.826464 -19.779381 2.405723 3.640618 18.440458 -10.806339
6.249342 -23.314722 -7.195738 -11.433772 4.990812 -14.029525 -14.489000 -8.387021 21.836365 11.039348 1.211436 9.819181 9.533563 11.050454 17.937820 -6.771884 5.343275 15.805671 -9.393047 -9.948653 9.312782 13.606524 -2.970105 -14.737444 -30.883795 -19.824364 2.252103 3.961907 18.371878 -11.043824
6.200263 -23.359907 -7.171619 -11.435032 4.990643 -14.024533 -14.511119 -8.411955 21.847429 11.009300 1.213492 9.804641 9.564467 11.025430 17.937860 -6.762276 5.305925 15.845071 -9.342473 -9.984130 9.380828 13.664831 -2.858832 -14.765537 -30.870609 -19.785677 2.272430 3.917687 18.364296 -11.075209
6.091275 -23.442072 -6.955743 -11.358643 5.011043 -13.828096 -14.524848 -8.623239 21.875311 11.092762 1.385279 9.884381 9.685700 10.966861 17.950363 -6.538404 5.355260 15.825259 -9.282715 -9.962268 9.510900 13.797669 -2.607126 -14.771509 -30.858799 -19.736336 2.348642 3.744678 18.265364 -10.998996
5.723973 -23.616953 -6.532946 -11.531840 5.074902 -13.792061 -14.355132 -8.607775 21.983130 10.850691 1.609714 9.986470 9.633687 11.065448 18.001942 -6.326060 5.445602 15.680815 -9.169312 -10.043450 9.763127 14.152938 -2.163536 -14.839220 -30.831402 -19.626339 2.441089 3.545368 17.785303 -11.043250
5.318648 -23.767305 -6.117643 -11.503197 5.125412 -13.487068 -14.204959 -8.802727 22.150431 10.750538 1.996054 10.072955 9.572183 11.176935 17.974949 -5.901673 5.744628 15.365156 -9.108427 -10.057581 10.091450 14.419280 -1.541140 -14.946827 -30.785580 -19.360188 2.697105 3.183632 17.260855 -11.012300
4.607128 -23.940825 -5.308944 -11.260143 5.065083 -12.820406 -14.168662 -9.438395 22.176962 10.858549 2.371978 10.215651 9.653680 11.259146 18.018108 -5.560931 5.873463 15.203343 -9.044175 -10.092870 10.253434 14.648605 -0.684896 -14.945938 -30.712467 -18.884228 3.112523 2.715982 16.760887 -10.919656
4.197527 -24.084557 -4.684268 -11.396481 5.196174 -12.514676 -13.875116 -9.613563 22.325974 10.825248 3.156358 10.270326 9.799726 11.383888 18.063759 -4.863408 6.128808 14.799510 -8.954727 -10.115087 10.758185 14.966498 0.294962 -15.084578 -30.590637 -18.334332 3.613988 2.196048 15.827688 -10.892689
3.390544 -24.167990 -3.833548 -11.444311 5.266253 -11.901789 -13.571063 -9.994096 22.436487 10.842966 4.040532 10.403944 10.117807 11.456013 18.126232 -4.026131 6.418820 14.509315 -9.008610 -9.891280 11.254064 15.344044 1.369974 -15.124222 -30.462036 -17.786140 4.165824 1.652874 14.936728 -10.785365
2.737755 -24.135138 -3.067314 -11.546185 5.369287 -11.443964 -12.932123 -9.980208 22.696758 10.657469 4.949941 10.420731 10.229730 11.541049 18.017941 -3.508018 7.051108 13.919848 -8.972547 -9.737208 11.742806 15.799045 2.440078 -15.043825 -30.440479 -17.381470 4.755209 0.955582 13.867764 -10.526749
2.254487 -24.125959 -2.576089 -11.572870 5.320382 -11.210857 -12.668763 -9.973255 22.805189 10.407299 5.619533 10.459390 10.275071 11.502195 17.862421 -3.126172 7.693503 13.381363 -9.047600 -9.612584 11.845240 16.052711 3.452360 -14.879742 -30.509617 -17.030174 5.270080 0.172729 13.158009 -10.169180
1.483139 -24.045919 -1.784928 -11.632500 5.238239 -10.893312 -12.200589 -9.888889 22.921782 10.065989 6.474699 10.559521 10.536080 11.404236 17.664194 -2.454450 8.379470 12.791566 -9.179962 -9.330703 12.305563 16.423346 4.450579 -14.526521 -30.489773 -16.749786 5.897899 -0.595401 12.196033 -9.682913
0.186182 -24.121462 -0.696994 -11.580994 5.098069 -10.065347 -12.072492 -10.490000 22.949846 10.029212 7.338003 10.532172 10.969680 11.186315 17.465038 -1.609201 8.832829 12.467965 -9.262618 -8.978556 12.762025 16.771584 5.324386 -14.239643 -30.468641 -16.688354 6.312212 -1.239583 11.249703 -9.305340
-0.833209 -24.193037 0.134595 -11.664510 5.146061 -9.454340 -11.631686 -10.739403 23.151239 9.875337 8.223332 10.693398 11.245966 11.255154 17.344921 -0.519740 9.303254 11.865445 -9.328760 -8.846044 13.469932 17.326792 6.252966 -13.950758 -30.441858 -16.575138 6.877492 -1.984433 10.077652 -8.824744
-1.900646 -24.125917 1.039761 -11.654249 4.992908 -8.815504 -11.348454 -11.049217 23.211744 9.691271 8.840189 10.688008 11.444336 11.250819 17.257364 0.254900 9.656429 11.337141 -9.393782 -8.603763 14.012891 17.801500 7.106200 -13.881959 -30.382391 -16.360664 7.251035 -2.497624 8.913665 -8.738043
-2.690778 -24.139551 1.552960 -11.626096 5.034870 -8.162226 -11.087689 -11.404161 23.391027 9.660337 9.683670 10.758112 11.660913 11.251472 17.055096 1.002733 10.354105 10.514159 -9.646269 -8.268634 14.729844 18.305090 7.641136 -13.708584 -30.309925 -16.163984 7.755359 -2.815312 7.621057 -8.590939
-3.481367 -24.174025 2.323767 -11.830856 5.187922 -7.688396 -10.565459 -11.495378 23.618252 9.533350 10.119993 10.790765 11.714293 11.411490 16.852764 1.623902 10.886825 9.825075 -9.809759 -8.112966 15.324086 18.787769 8.144151 -13.620034 -30.292061 -16.129654 8.074237 -3.207002 6.371780 -8.447653
-4.098552 -24.246706 2.836923 -11.980657 5.293283 -7.295711 -10.265112 -11.661312 23.799616 9.435022 10.560922 10.602290 12.131345 11.311161 16.724491 2.088452 11.059609 9.516141 -10.046355 -7.576533 15.820213 18.979418 8.450005 -13.483353 -30.212311 -16.051439 8.369708 -3.476223 5.543762 -8.282175
-4.492048 -24.198919 3.102624 -12.014416 5.340016 -6.957584 -10.050935 -11.785414 23.931295 9.413158 10.967108 10.418571 12.350642 11.210642 16.579802 2.464140 11.327407 9.170598 -10.140303 -7.327838 16.091894 19.087650 8.756893 -13.357887 -30.165751 -15.968612 8.602389 -3.745324 5.114922 -8.101753
-4.870516 -24.203836 3.311716 -12.010598 5.277328 -6.755849 -10.051427 -11.917236 23.944452 9.313781 11.263210 10.350513 12.560966 11.170708 16.549318 2.754219 11.420140 9.010547 -10.243856 -7.111247 16.330700 19.114386 8.856071 -13.371393 -30.167162 -15.904860 8.780605 -3.917310 4.770473 -7.994151
-4.971998 -24.214935 3.470247 -11.949089 5.241254 -6.622740 -10.050777 -12.035731 23.946768 9.347424 11.341967 10.337804 12.657983 11.174734 16.534775 2.895346 11.401559 8.991254 -10.331454 -6.992813 16.515461 19.061934 8.862399 -13.342285 -30.140690 -15.840078 8.934676 -4.017209 4.526664 -7.879860
-5.074323 -24.184731 3.482493 -11.923909 5.208758 -6.563260 -10.079583 -12.073854 23.929077 9.350683 11.384052 10.308402 12.662997 11.141493 16.494770 2.927267 11.471960 8.935706 -10.310392 -7.001487 16.593817 19.009329 8.830990 -13.312977 -30.115644 -15.837462 8.979344 -4.029884 4.410654 -7.841847
-5.222396 -24.196358 3.562005 -11.959855 5.229748 -6.475529 -10.032020 -12.115083 23.963369 9.321135 11.409508 10.280795 12.765819 11.111744 16.498981 2.983543 11.397315 8.982658 -10.363846 -6.908277 16.688608 19.078901 8.898065 -13.269457 -30.099377 -15.838401 9.022753 -4.056815 4.333541 -7.810709
-5.459939 -24.178049 3.749841 -11.991051 5.223721 -6.360459 -9.915511 -12.131537 24.003754 9.245691 11.379589 10.269643 12.769507 11.160310 16.477684 2.991093 11.394412 8.924733 -10.506206 -6.778251 16.858793 19.084827 8.925815 -13.317698 -30.095583 -15.779258 9.127389 -4.129003 4.132570 -7.775637
-5.586267 -24.064756 3.886615 -11.890568 5.153878 -6.190884 -9.847766 -12.193718 24.002155 9.271915 11.468365 10.225038 12.882512 11.144960 16.400665 3.099273 11.453889 8.796069 -10.669433 -6.571014 17.072540 18.997042 8.901667 -13.167202 -30.050871 -15.752132 9.316840 -4.220569 3.982398 -7.573332
-5.883149 -24.023287 4.135940 -11.857879 5.165436 -5.902606 -9.705640 -12.330748 24.079435 9.307709 11.585496 10.221786 12.985782 11.142460 16.322002 3.215320 11.571542 8.639760 -10.903163 -6.332732 17.311611 18.856104 8.888211 -13.045815 -29.999111 -15.722044 9.521906 -4.326859 3.868173 -7.350875
-6.177993 -23.991690 4.333350 -11.765926 5.115872 -5.573339 -9.732619 -12.590339 24.099220 9.408154 11.713956 10.142317 13.185266 11.064264 16.175207 3.412745 11.692836 8.424573 -11.188412 -6.019517 17.580782 18.663679 8.814903 -12.813158 -29.918409 -15.671548 9.802898 -4.405954 3.665895 -7.063075
-6.486241 -23.814909 4.587029 -11.812960 5.227312 -5.261237 -9.289929 -12.529240 24.301523 9.391664 11.795610 10.136060 13.474216 11.002544 16.111797 3.757217 11.697282 8.191540 -11.433734 -5.658350 18.021080 18.399374 9.018135 -12.676844 -29.746319 -15.479048 10.191110 -4.624449 3.196920 -6.821126
-6.770015 -23.641115 4.823925 -11.740598 5.299109 -4.853398 -8.873832 -12.569609 24.496630 9.434418 12.070938 9.942420 13.907341 10.757366 15.915421 4.002368 11.890203 7.895379 -11.719200 -5.170878 18.311825 17.966805 9.144236 -12.274843 -29.533228 -15.215738 10.714174 -4.760804 2.760763 -6.435702
-7.251750 -23.392414 5.146504 -11.651405 5.242819 -4.461525 -8.538933 -12.594793 24.601248 9.399445 12.281786 9.836097 14.252259 10.612661 15.777719 4.213202 11.964658 7.617055 -12.103056 -4.658556 18.931852 17.553225 9.020813 -12.132051 -29.344954 -15.160088 11.116326 -4.834338 2.265180 -6.163321
-7.751662 -23.092115 5.297833 -11.521031 5.166548 -4.053702 -8.296649 -12.633940 24.680359 9.384987 12.247549 9.684048 14.253787 10.564442 15.480380 4.256558 12.211947 7.263715 -12.334932 -4.462583 19.520542 17.118664 8.607340 -11.894484 -29.243666 -15.143923 11.636046 -4.857764 1.864490 -5.692005
-7.963192 -22.883867 5.139587 -11.488852 5.187702 -3.796978 -8.197171 -12.674334 24.779659 9.499657 12.153950 9.434772 14.281178 10.508804 15.234970 4.223486 12.447545 6.822793 -12.695038 -4.129348 19.745886 16.827009 8.514833 -11.657597 -29.149349 -15.038656 12.050969 -4.902731 1.970352 -5.367309
-8.179300 -22.624662 5.216659 -11.391849 5.261873 -3.435210 -7.872594 -12.699240 24.923132 9.655561 12.209646 9.267507 14.409970 10.470512 15.022359 4.449402 12.586661 6.622265 -12.922700 -3.917021 19.839190 16.420408 8.155911 -11.346384 -29.044365 -15.048294 12.375101 -4.740135 2.131327 -5.047745
-8.622237 -22.282747 5.430845 -11.279840 5.253229 -3.085034 -7.469246 -12.626430 25.076494 9.604067 12.488960 8.980052 14.689353 10.351990 14.778047 4.522981 12.771312 6.436297 -13.256645 -3.512532 20.060465 15.818209 7.525524 -11.242028 -28.903402 -14.988839 12.691378 -4.411585 2.194709 -4.901065
-8.712789 -21.905237 5.039255 -11.114470 5.132669 -2.872971 -7.552731 -12.682829 25.050489 9.753579 12.443047 8.672755 14.735010 10.155941 14.485636 4.450089 12.895251 6.277366 -13.477427 -3.372203 20.054090 15.012630 6.740865 -11.001003 -28.776081 -14.914759 12.977447 -4.055854 2.441042 -4.681015
-8.745093 -21.706333 4.875824 -10.949166 5.061180 -2.660325 -7.613393 -12.808522 25.091455 9.851550 12.732500 8.443460 15.247128 9.747989 14.151595 4.559493 13.030715 6.257123 -13.818738 -2.947239 20.131788 14.238479 5.985438 -10.809050 -28.652378 -15.021534 13.124586 -3.677272 2.745099 -4.514506
-14.396969 -17.110613 18.896408 -7.575121 -7.093424 -11.293125 -13.048186 -8.125320 16.506392 -0.650854 7.175333 7.946346 8.552101 4.902319 12.720475 9.812808 20.988407 0.659618 -2.575958 -13.438373 1.584658 3.400698 12.369384 -4.784809 -28.321949 -20.788740 4.934523 -5.714727 -5.379295 -7.359311
-14.368756 -16.796293 18.785910 -7.194828 -7.359564 -11.028526 -13.304311 -8.402454 16.382528 -0.337958 7.384438 7.516358 8.657454 4.503912 12.228356 10.046227 21.193289 0.879195 -2.510914 -13.632988 0.763577 2.440771 12.373777 -4.411065 -28.208763 -20.578735 5.091928 -5.737137 -4.714292 -7.121422
-14.373819 -16.387451 18.811731 -6.903874 -7.510499 -10.818829 -13.238503 -8.431571 16.327436 -0.164038 7.433724 6.995569 8.511226 4.244591 11.643977 9.938697 21.778929 0.710202 -2.652030 -13.631176 0.617148 1.729555 12.240258 -4.246614 -28.108866 -20.473362 5.291029 -5.734459 -4.381390 -6.921138
-14.216739 -15.996809 18.757648 -6.464777 -7.791449 -10.496822 -13.456713 -8.737789 16.097967 0.339882 7.315602 6.665559 8.350726 4.174045 11.286328 9.791705 22.094244 0.761307 -2.727272 -13.746647 0.174575 1.287248 12.497902 -4.031551 -28.168259 -20.298937 5.540534 -6.002571 -3.741156 -6.653431
-13.786706 -15.546665 18.557667 -5.770170 -8.307942 -10.274193 -14.005225 -9.105544 15.663899 0.898906 7.096424 6.323348 8.305251 4.006948 11.046790 9.194894 22.386539 0.743160 -3.093711 -13.441926 -0.033650 0.516481 12.469524 -3.780969 -28.153696 -20.352562 5.677920 -6.170221 -3.147409 -6.283059
-14.360941 -15.426468 18.661682 -7.141343 -8.664569 -10.987772 -14.421927 -8.085575 14.531975 2.166490 6.825329 6.457696 9.445250 3.727656 10.367604 7.325701 23.796062 0.144968 -4.362933 -11.541634 -2.733954 0.419023 11.946174 -3.037250 -28.913261 -20.225193 5.890335 -6.230730 -4.271170 -6.291300
-13.822734 -15.231073 18.281286 -6.991276 -8.709345 -10.595232 -14.871428 -8.582827 14.243650 3.202516 6.546318 6.229176 9.551234 3.768576 10.116921 6.739653 24.073095 0.238797 -4.778706 -11.137490 -2.397706 0.639084 12.052216 -2.645384 -28.852505 -19.675785 6.552768 -6.282725 -3.368004 -5.563503
-13.338162 -14.943630 17.773691 -6.198114 -9.185611 -10.631121 -15.504060 -8.747447 13.750379 4.031399 6.116353 6.013628 9.414481 3.887431 9.759474 6.258043 24.494156 0.042767 -5.061208 -10.916596 -2.679177 0.262879 12.663241 -2.592850 -28.583845 -19.286877 6.861174 -6.442269 -2.813312 -5.299085
-13.233805 -14.434246 17.758270 -5.649764 -9.519532 -10.269640 -15.810746 -9.126458 13.426767 4.577155 5.798724 5.878625 9.156251 3.974954 9.687222 5.872818 24.646826 -0.096903 -5.224829 -10.855435 -2.853384 -0.285952 12.810861 -2.215906 -28.654312 -19.143524 7.062632 -6.728898 -2.938813 -5.195148
-13.035320 -14.284174 17.657146 -5.368835 -9.827298 -10.330822 -16.284451 -9.294758 13.086227 4.894383 5.517168 5.750156 8.891845 3.984725 9.543065 5.624866 24.870485 -0.178253 -5.264642 -10.951351 -3.023431 -0.423658 12.892767 -2.164576 -28.614624 -18.914555 7.244335 -6.699600 -2.778820 -5.136221
-12.899236 -14.109059 17.367279 -4.987647 -10.232618 -10.257200 -16.961079 -9.628539 12.748966 5.080004 5.076700 5.743946 8.466272 4.028702 9.513762 5.354386 24.944281 -0.148828 -5.181234 -11.252766 -3.365873 -0.870126 13.063020 -1.880632 -28.550171 -18.520580 7.576566 -6.734437 -2.711705 -5.025721
-12.924913 -13.826785 17.284330 -4.788016 -10.585895 -10.137433 -17.476643 -9.906034 12.366163 5.287668 5.048714 5.747849 8.425454 3.949140 9.469215 5.218633 25.091455 -0.177400 -5.422477 -11.066274 -3.502989 -1.052872 13.277025 -1.838146 -28.525036 -18.303288 7.781756 -6.800709 -2.750170 -4.966918
-12.626642 -13.876729 16.897572 -4.677359 -10.637369 -10.286857 -17.671728 -9.821171 12.295963 5.359354 4.777634 5.811735 8.061662 4.066374 9.437122 5.010197 25.170237 -0.240251 -5.443240 -11.270783 -3.644109 -0.956131 13.863575 -1.695135 -28.462011 -17.949141 8.061139 -7.043940 -2.574920 -4.828565
-12.313237 -13.762874 16.548754 -4.324509 -10.976301 -10.294961 -18.273661 -10.052125 11.974470 5.539684 4.649164 5.976592 7.801491 4.177152 9.420583 4.912249 25.331007 -0.333486 -5.485389 -11.426499 -3.736145 -0.892221 14.389603 -1.629522 -28.331356 -17.438084 8.340114 -7.209894 -2.534749 -4.836282
-12.328921 -13.667233 16.458652 -4.304880 -11.076863 -10.253291 -18.472897 -10.137116 11.834630 5.642675 4.578394 6.116369 7.524494 4.401683 9.342011 4.891897 25.572180 -0.577037 -5.545915 -11.563537 -3.809334 -1.046844 14.610282 -1.437622 -28.294788 -17.309059 8.533553 -7.364592 -2.581400 -4.650553
-12.088402 -13.712088 16.211376 -4.203764 -11.182509 -10.410597 -18.759758 -10.154411 11.737457 5.608002 4.345316 6.373955 6.979687 4.666084 9.358193 4.824221 25.679739 -0.675830 -5.525428 -12.013907 -3.890397 -0.986456 14.984587 -1.270553 -28.209902 -17.120089 8.711097 -7.528913 -2.484950 -4.464180
-12.219857 -13.618944 16.294159 -4.127350 -11.298543 -10.357105 -18.859100 -10.224932 11.592562 5.616500 4.178157 6.425036 6.683924 4.809044 9.285112 4.725239 25.866081 -0.870832 -5.570462 -12.172418 -3.890614 -1.016123 15.212843 -1.130399 -28.132011 -16.909918 8.879619 -7.588344 -2.511136 -4.423696
-11.938580 -13.719004 16.101269 -3.885188 -11.567086 -10.506113 -19.412222 -10.417921 11.351597 5.684021 4.057604 6.521633 6.439187 4.981951 9.277768 4.713487 25.977283 -1.024425 -5.585013 -12.344384 -3.860022 -1.039452 15.589442 -0.965695 -28.071316 -16.713627 9.100325 -7.845387 -2.553153 -4.241729
-11.822012 -13.776455 15.941729 -3.844435 -11.625484 -10.547101 -19.625927 -10.498499 11.289833 5.750051 3.894723 6.651231 6.127403 5.156707 9.256539 4.658880 26.076639 -1.111667 -5.564405 -12.634302 -3.827897 -0.997982 15.818272 -0.812232 -28.060953 -16.653292 9.253012 -8.041085 -2.551003 -4.042140
-11.761900 -13.836014 15.861429 -3.878492 -11.628780 -10.603205 -19.726513 -10.518333 11.285677 5.763208 3.744669 6.753621 5.860440 5.325507 9.283023 4.577507 26.098188 -1.128961 -5.507240 -12.867915 -3.845685 -0.977338 16.004326 -0.637681 -28.049088 -16.610027 9.383062 -8.160031 -2.496190 -3.865428
-11.743258 -13.841109 15.816267 -3.952639 -11.676579 -10.593864 -19.911076 -10.633549 11.218405 5.759348 3.596285 6.834682 5.720419 5.428908 9.347774 4.509234 26.066633 -1.061762 -5.469446 -13.027040 -3.855473 -0.804603 16.072573 -0.576070 -28.009836 -16.496994 9.463404 -8.102462 -2.527466 -3.871331
-11.672679 -13.882021 15.713408 -3.892520 -11.768527 -10.662300 -20.151720 -10.711598 11.110443 5.812256 3.474170 6.922274 5.515337 5.522482 9.348628 4.443851 26.109308 -1.083834 -5.459216 -13.201943 -3.886442 -0.790588 16.124987 -0.487598 -27.980331 -16.420370 9.528647 -8.100715 -2.586417 -3.850035
-11.614130 -13.956580 15.695850 -3.905069 -11.805426 -10.756887 -20.288017 -10.738619 11.066231 5.797398 3.482659 6.961488 5.496214 5.550955 9.375377 4.453275 26.110163 -1.122243 -5.467146 -13.206624 -3.901581 -0.796542 16.216806 -0.431758 -27.964325 -16.368773 9.580410 -8.150540 -2.535339 -3.789850
-11.528618 -13.981545 15.683614 -3.961919 -11.788165 -10.795652 -20.326420 -10.758121 11.089360 5.729585 3.448675 6.995706 5.409013 5.566380 9.418496 4.435298 26.085649 -1.152744 -5.469321 -13.245960 -3.918921 -0.851018 16.218782 -0.386157 -27.975826 -16.353424 9.585979 -8.176964 -2.507878 -3.793006
-11.447181 -14.019159 15.626531 -3.926445 -11.803261 -10.832760 -20.396271 -10.774494 11.068830 5.754336 3.455145 7.018022 5.403247 5.561556 9.431522 4.444052 26.072062 -1.142174 -5.480245 -13.254180 -3.926896 -0.863498 16.283983 -0.374341 -27.975700 -16.320427 9.604129 -8.230149 -2.422920 -3.764097
-11.470426 -13.991266 15.622980 -3.929566 -11.802071 -10.814030 -20.384214 -10.774029 11.062444 5.765030 3.461280 7.006768 5.425411 5.530141 9.422148 4.449965 26.072016 -1.126873 -5.481674 -13.240901 -3.925093 -0.901140 16.286566 -0.357691 -27.973322 -16.331703 9.611926 -8.242482 -2.448076 -3.747135
