2.902178 -6.699594 8.612847 4.049140 -6.184484 -5.486891 3.859700 1.966329 25.531754 1.209559 -11.541985 -0.960506 19.763035 -4.590352 8.099703 24.272869 5.172878 6.713226 -6.773085 -4.778194 18.315016 22.970142 19.371090 16.492521 -19.126883 -19.579573 8.903226 9.167346 14.315123 0.437218
2.750590 -6.641467 8.776865 3.983466 -6.204803 -5.427404 3.947316 1.980612 25.503130 1.228301 -11.576872 -1.004964 19.690815 -4.652979 8.043837 24.184479 5.079326 6.817587 -6.869472 -4.867404 18.362745 22.895109 19.702639 16.261271 -18.833046 -19.355782 8.944957 9.279940 13.960538 0.332254
2.739802 -6.439367 9.015993 3.949080 -6.226255 -5.246238 3.911696 1.770775 25.336636 1.534336 -11.615480 -1.146799 19.657597 -4.681826 7.973875 24.281263 5.007200 6.752124 -7.000655 -4.824984 18.249918 22.565161 20.145933 15.746794 -18.410122 -19.044886 8.972982 9.398433 13.732284 0.142205
2.857322 -6.221657 9.244315 4.198770 -6.196143 -5.104680 4.199512 1.800766 25.261578 2.132663 -11.867435 -1.297739 19.537743 -4.737605 7.795563 24.256865 4.879329 6.902321 -7.211622 -4.876569 18.588484 22.187904 20.681364 15.361112 -17.864798 -18.477718 9.197335 9.566330 13.120680 -0.277958
2.686869 -5.969133 9.657215 4.227708 -6.149884 -4.818992 4.498261 1.713058 25.207275 2.640480 -12.268462 -1.558369 19.518089 -4.713793 7.378320 24.000458 4.830103 7.165266 -7.459929 -4.969622 18.839018 21.772146 20.955362 15.122913 -17.468094 -18.006527 9.437114 9.679219 12.839736 -0.468402
2.563926 -5.696709 9.825624 4.546178 -6.277424 -4.609206 4.581318 1.635533 24.987814 3.257402 -12.930641 -1.828866 19.485470 -4.704383 6.989737 23.523275 4.850268 7.167962 -7.709958 -4.948481 19.106188 21.196594 21.294939 15.120457 -17.109810 -17.671341 9.703375 9.734636 12.378574 -0.466035
2.524361 -5.164856 10.134451 4.469361 -6.186438 -4.372931 4.995927 1.718885 24.814846 3.982063 -13.280182 -2.109463 19.217247 -4.743412 6.752389 23.350372 4.755450 7.284252 -8.086565 -4.913987 19.560678 20.464897 22.486372 14.670403 -16.483532 -16.888128 9.997992 9.455126 11.752313 -0.967498
2.220638 -4.672062 10.399670 4.529925 -6.189494 -4.041459 5.506534 1.816788 24.865290 4.190220 -13.801623 -2.509852 18.924374 -4.758907 6.542284 22.881062 4.486355 7.550169 -8.272938 -5.074874 19.705542 20.093105 22.794571 14.807116 -16.049994 -16.522991 10.306520 9.726574 11.715362 -0.853689
1.828642 -4.218554 10.872567 4.415836 -6.098199 -3.622804 5.845272 1.677601 24.698763 4.923770 -14.411606 -2.964692 18.412359 -4.902711 6.511764 22.350031 4.255914 7.417381 -8.281523 -5.349182 20.428473 19.525248 23.816835 15.032736 -15.696426 -15.958052 10.683782 9.286032 11.036566 -1.114867
1.270402 -3.625309 11.004250 4.356662 -6.200524 -3.264174 6.164705 1.799244 24.473087 5.448880 -15.194689 -3.194889 18.047970 -4.874182 6.006083 21.758657 4.335137 7.448587 -8.522776 -5.632653 20.728580 18.378517 24.197031 15.175491 -15.490279 -15.554804 11.011296 8.955715 10.627616 -1.191150
0.799718 -3.057287 11.364670 4.210997 -6.282861 -2.791035 6.408746 1.681121 24.223995 5.961077 -15.962582 -3.498310 17.719465 -4.882576 5.427250 21.196270 4.381071 7.613301 -8.776670 -6.027590 20.987768 17.374102 24.910666 15.104372 -15.076690 -14.870098 11.375356 8.547016 9.944402 -1.449832
0.757222 -2.490074 11.743196 4.349585 -6.397670 -2.544109 6.534575 1.549426 23.837639 6.613671 -16.442345 -3.990454 17.745193 -5.069817 5.019874 21.208895 4.383139 7.509590 -9.080397 -6.339013 21.222738 16.637451 25.591608 15.384648 -14.849839 -14.428299 11.767093 8.254480 9.790696 -1.456623
0.117115 -1.964194 12.310578 4.387803 -6.570128 -1.847062 6.764516 1.252337 23.658720 7.269298 -17.036716 -4.509816 17.574352 -5.067550 4.707116 20.665331 4.379865 7.583519 -9.166727 -6.534059 21.350119 16.027002 26.243679 15.527931 -14.661885 -14.288269 12.146932 7.768714 9.714786 -0.962936
-0.437477 -1.417149 12.591937 4.138383 -6.738314 -1.371641 6.725886 1.001985 23.287220 7.844730 -17.481930 -4.748330 17.223770 -4.896124 4.195610 20.714746 4.623618 7.399859 -9.598205 -6.697108 21.715799 15.208360 27.282053 15.636530 -14.243234 -13.563812 12.732382 7.310723 8.798357 -1.052944
-0.876708 -0.939397 12.859220 3.937099 -6.910376 -0.959970 6.536447 0.643629 22.914055 8.344196 -18.146320 -4.825375 16.799767 -4.567588 3.688179 20.218082 4.879169 7.616477 -9.818468 -6.931905 22.036928 14.417760 28.002644 15.539093 -13.859322 -13.171365 13.030316 7.093072 8.427949 -1.087101
-1.047925 -0.558438 12.950069 4.284300 -7.178712 -0.677929 6.325394 0.372044 22.619318 8.828539 -18.641958 -4.925361 16.640812 -4.619169 3.191476 20.055401 5.116532 7.620094 -10.143593 -7.082691 22.302355 13.754123 28.459562 15.918994 -13.776202 -12.960354 13.314799 6.669994 8.143167 -0.976717
-1.311805 -0.271930 12.893743 4.197388 -7.251352 -0.628244 6.428102 0.586948 22.481195 9.160892 -18.903036 -5.363745 16.455828 -4.608607 3.017716 20.167406 5.048632 7.466737 -10.210239 -7.140335 22.610453 12.943627 28.924257 16.204294 -13.744823 -12.777746 13.494594 6.223366 8.000708 -1.007464
-1.503364 0.127941 13.020350 4.168439 -7.424886 -0.427428 6.445466 0.557190 22.305849 9.381601 -19.064114 -5.450566 16.131857 -4.531078 2.938493 20.024456 5.214487 7.384888 -10.353951 -7.126143 22.908175 12.323407 29.102131 16.387167 -13.622105 -12.631658 13.684251 6.090428 7.698191 -0.977902
-1.831102 0.181882 13.268262 3.953942 -7.418407 -0.225568 6.452950 0.408001 22.244394 9.521421 -19.192596 -5.524392 15.938079 -4.527894 2.831990 19.894787 5.357143 7.339793 -10.411846 -7.169208 22.976130 12.028208 29.173494 16.498404 -13.685247 -12.737036 13.692945 5.906874 7.695548 -0.878899
-2.091033 0.241793 13.231263 3.581185 -7.312794 -0.139618 6.533414 0.457521 22.267612 9.561449 -19.174948 -5.621851 15.775424 -4.488825 2.743831 19.813814 5.437478 7.253532 -10.445553 -7.297450 23.055359 11.830865 29.349958 16.426733 -13.595004 -12.672997 13.728295 5.797864 7.547951 -0.895987
-1.650952 0.379691 13.264325 3.631876 -7.314652 -0.359862 6.591580 0.603081 22.185415 9.617263 -19.096569 -5.943241 16.207979 -4.731285 2.786651 19.813623 5.103615 7.406264 -10.384203 -7.064440 22.969221 11.842507 29.510574 16.351488 -13.448448 -12.540550 13.725345 5.948254 7.801857 -1.040221
-1.137031 0.585531 13.405432 3.726405 -7.254135 -0.360593 6.652458 0.487653 21.981874 9.997524 -18.937979 -5.853334 16.545628 -4.970791 2.901490 19.290314 4.691961 7.783135 -10.428459 -7.076802 22.746750 11.932923 30.078037 16.029612 -12.936652 -12.165951 13.721879 6.436491 8.303620 -1.382259
0.057689 1.082964 13.359652 3.731969 -7.069650 -0.811518 7.262228 1.083788 21.952879 10.271855 -18.909016 -6.793915 17.102402 -5.529949 2.822330 19.059393 3.645278 8.318814 -10.311358 -7.015869 22.069895 12.262418 30.366005 16.260914 -12.371569 -11.778728 13.611292 7.353371 9.087440 -1.803165
1.013176 1.829193 13.088210 3.700938 -6.751688 -1.469960 8.276780 2.148493 22.032820 10.197380 -18.610659 -7.443465 18.081272 -6.113577 2.639718 18.437115 2.654696 9.193353 -10.159704 -7.165208 21.441406 11.194539 30.829599 16.013002 -11.420232 -11.191397 13.267920 7.939880 8.867147 -2.785304
1.786586 2.381123 12.978478 3.416300 -6.157171 -1.696185 9.314642 2.783716 22.237604 10.349802 -18.294922 -8.450186 18.762863 -6.501255 2.836013 17.402693 1.622081 9.947019 -9.745018 -7.013769 20.490072 10.108724 31.629070 15.846931 -10.339453 -10.915899 12.621921 8.744276 10.048248 -3.439036
2.620244 3.067881 12.673588 2.657342 -5.719035 -2.074383 9.882506 3.440353 21.961054 10.571114 -17.434488 -9.848583 18.937176 -6.893756 3.634228 15.893970 0.379857 10.192679 -8.900949 -7.188032 19.515793 9.661126 32.632103 15.678217 -9.082100 -9.924640 12.480482 10.120661 11.311706 -4.482707
3.876240 3.865450 11.727987 1.963086 -5.329266 -2.588399 10.687147 4.595533 21.936350 10.841785 -16.212370 -11.096690 19.403700 -7.280944 4.337764 13.448462 -0.498397 10.992107 -8.104466 -7.290589 19.125641 8.715522 32.619221 15.729833 -7.710901 -8.858804 12.463746 12.225662 13.199855 -5.841527
4.776138 4.539463 10.616801 1.373679 -4.917133 -3.401911 11.392134 5.916123 21.940229 10.672015 -15.765848 -12.756433 19.623734 -7.493454 4.959566 10.237801 -1.399361 11.707381 -7.572320 -7.543201 18.465509 8.490512 33.151630 16.494894 -6.372151 -7.912472 12.020976 13.965321 14.304494 -7.848562
4.575253 5.225974 8.815248 1.446751 -4.847769 -4.306002 12.463878 8.194764 21.970367 11.062495 -15.389151 -14.649103 19.764355 -7.116001 5.254812 7.796315 -1.497677 11.841071 -6.647784 -7.834013 18.238821 6.434545 33.189896 17.274546 -4.828769 -6.194123 11.419801 15.653344 14.566604 -11.059563
4.287145 5.936433 6.930180 0.654211 -5.018921 -5.290469 12.391965 9.813758 21.778193 10.378958 -14.720512 -16.944950 19.751709 -7.117975 5.361564 4.910062 -1.717975 11.637737 -5.890265 -8.227062 18.626524 5.082852 32.555771 18.025629 -3.103533 -5.445005 10.392950 17.916761 14.758138 -14.024853
4.380236 6.573277 4.398159 -0.450155 -5.266594 -6.191934 11.779769 11.170914 21.570951 9.985126 -12.699156 -19.356510 19.777653 -8.006128 5.016507 2.669369 -1.693144 11.343984 -6.022195 -8.336893 18.103369 2.261274 31.927887 17.030066 -1.156924 -4.868895 9.600780 20.169895 14.543065 -16.248831
4.417475 6.955720 1.911918 -1.946682 -5.176219 -7.271656 11.350764 12.694069 21.475962 9.669086 -10.825058 -21.596924 20.569008 -8.343401 4.194882 0.280270 -1.283736 12.168160 -6.538658 -7.763167 17.783976 -1.552510 30.972235 16.210413 0.284305 -4.034663 9.532886 21.691618 13.246226 -18.628273
3.865404 7.689407 -0.811916 -2.702105 -5.559814 -7.915518 10.751145 14.035217 21.047964 9.853181 -9.577595 -23.349709 20.397419 -8.659400 3.547860 -2.155543 -0.731947 12.831366 -6.893582 -7.395058 17.314806 -5.437768 29.620258 15.570256 1.198599 -3.347478 9.161927 22.488323 12.771215 -20.266981
3.898350 8.693385 -3.051288 -4.546434 -5.689420 -8.328424 9.893716 14.655811 20.907982 8.851863 -7.500012 -25.275087 19.808470 -9.509674 3.633442 -3.935995 -0.186794 12.913602 -7.234612 -6.845345 17.335377 -10.429898 27.565596 14.896881 1.051116 -2.883968 8.841186 22.478498 12.409649 -22.236137
3.374952 9.605154 -4.777974 -5.780111 -5.917698 -8.334310 9.202518 15.068146 20.585491 8.443969 -5.661484 -27.111858 18.804600 -9.408241 3.369792 -5.674431 1.301314 12.754381 -7.263234 -6.595225 17.340117 -14.373952 25.004602 14.577562 0.939662 -2.905407 8.619761 22.772598 12.453370 -23.297792
2.305351 10.278803 -7.518306 -7.346391 -6.187269 -8.876062 8.147636 15.885559 20.627460 7.431386 -4.029601 -28.467281 17.929195 -9.093679 2.886801 -7.263970 2.828009 12.791702 -7.357507 -6.325355 17.834982 -18.314737 23.088797 14.271862 0.851130 -2.836596 8.314507 22.537548 11.795037 -24.462355
0.755663 10.596285 -9.954931 -7.818624 -6.522155 -9.235435 7.402716 16.652065 20.748121 6.738889 -2.619198 -29.338776 17.059330 -8.756680 2.418131 -8.477068 4.304942 12.743930 -7.671054 -6.218831 18.356482 -21.570112 22.426229 13.516674 1.491572 -2.752258 8.090508 22.592800 10.815989 -25.012314
-0.306696 10.752076 -11.823111 -8.092110 -6.788235 -9.682670 6.692258 17.189428 20.940302 5.810011 -2.050727 -29.854408 15.934680 -8.469366 1.999414 -9.479449 5.519050 12.441922 -8.141278 -6.284988 18.701792 -23.695314 21.386374 13.023928 1.405412 -2.866478 7.991345 22.215803 9.862105 -25.270029
-0.575450 11.142087 -12.857898 -8.022532 -7.037122 -9.773164 6.167335 17.269157 20.835691 5.489873 -1.951824 -30.094496 15.333110 -8.234541 1.792888 -10.059099 6.121802 12.493902 -8.354398 -6.106942 18.743227 -25.105249 20.591278 12.676987 1.463744 -3.083090 7.901393 22.313311 9.265746 -25.393938
-0.734254 11.259448 -13.539125 -7.922867 -7.136695 -9.928062 5.961925 17.456066 20.881411 5.314013 -1.849557 -30.247633 15.157729 -8.148859 1.671355 -10.155658 6.349897 12.500543 -8.484196 -5.961440 18.810585 -25.705885 20.454313 12.589923 1.566203 -3.158085 7.850111 22.321110 9.015735 -25.409327
-0.548016 11.310610 -13.437878 -7.883101 -7.143725 -9.933743 5.936306 17.399231 20.798746 5.420079 -1.913553 -30.208193 15.085249 -8.117856 1.718161 -10.245253 6.354019 12.515324 -8.469440 -6.001702 18.774294 -25.581503 20.357576 12.646971 1.599989 -3.164148 7.861263 22.484732 9.062544 -25.382269
-0.351079 11.281586 -13.368667 -7.980134 -7.086320 -10.030920 5.919394 17.409655 20.726116 5.501048 -2.016289 -30.142723 14.987185 -8.056835 1.863435 -10.421098 6.261246 12.648621 -8.369394 -6.025988 18.678846 -25.657263 20.166643 12.674119 1.653641 -3.136606 7.773580 22.679688 9.308648 -25.489248
0.021097 11.385656 -13.317446 -7.997228 -7.083268 -10.175942 5.802264 17.395819 20.495361 5.791372 -2.328343 -29.971838 14.788351 -8.029827 2.026100 -10.483793 6.083779 12.795684 -8.245472 -6.094916 18.514959 -25.633587 19.922388 12.787259 1.693824 -3.122651 7.725215 22.951193 9.628106 -25.512659
0.679609 11.617411 -13.324766 -7.890298 -7.112116 -10.409763 5.674395 17.431107 20.197084 6.223308 -2.612698 -29.863525 14.595189 -8.041127 2.158971 -10.545485 5.882427 13.022799 -8.086929 -6.169159 18.368475 -25.560064 19.588299 13.150881 1.662203 -3.114372 7.724123 23.279499 10.001201 -25.549910
1.545131 11.941423 -13.271206 -7.502995 -7.205982 -10.625196 5.543775 17.386354 19.864876 6.676241 -2.807162 -29.875689 14.416465 -8.077965 2.314425 -10.808288 5.737318 13.224654 -7.965807 -6.219646 18.118876 -25.593269 19.069998 13.564558 1.784596 -3.242857 7.625062 23.887823 10.638802 -25.488823
2.495357 12.203416 -12.996990 -7.412770 -7.156553 -10.851181 5.385862 17.265079 19.414463 7.265399 -2.954391 -29.878902 14.297472 -8.078798 2.532322 -11.215364 5.566045 13.522489 -7.824907 -6.240057 17.778673 -25.398294 18.698069 13.628197 1.912951 -3.411631 7.449210 24.386663 11.131098 -25.384657
3.375583 12.634754 -12.907070 -7.221785 -7.165510 -10.957127 5.394800 17.275105 19.038458 7.942986 -3.456148 -29.643517 14.155112 -7.902699 2.601004 -11.722046 5.440069 14.029904 -7.719868 -6.119495 17.429495 -25.026487 18.287092 13.785892 2.323525 -3.615665 7.328846 25.331686 11.660152 -25.138838
4.264740 12.962996 -12.953501 -6.789243 -7.326608 -11.139869 5.114911 17.138041 18.670313 8.530729 -4.049040 -29.443890 13.959477 -7.844575 2.705308 -11.867476 5.154578 14.430793 -7.620616 -6.001182 17.085070 -24.659739 17.798590 14.298660 2.525099 -3.763185 7.287645 26.168278 12.239553 -24.957693
5.002370 13.192295 -12.887458 -6.377721 -7.346775 -11.281831 4.952495 16.979162 18.374659 9.043385 -4.517528 -29.471851 13.748033 -7.992914 2.800039 -12.183621 4.839374 14.895396 -7.643925 -5.832288 16.706026 -24.341448 17.188421 14.898558 2.780351 -3.851250 7.171724 27.128962 12.664872 -24.955469
5.630494 13.554450 -12.906393 -6.395841 -7.382225 -11.424461 4.853171 17.038092 17.927645 9.826939 -5.069122 -29.211102 13.376646 -8.023880 2.987558 -12.449376 4.474533 15.196580 -7.651400 -5.827094 16.318062 -24.066149 16.548853 15.165243 3.034391 -4.143125 7.023874 27.926395 13.232592 -24.599302
6.242606 13.970663 -12.899417 -6.026800 -7.504711 -11.500695 4.742110 17.016838 17.453550 10.596755 -5.947567 -29.133650 13.069284 -7.847780 2.978383 -12.789326 4.241210 15.651980 -7.633109 -5.781712 15.945670 -23.777054 15.563907 15.788626 3.313745 -4.473820 6.963655 28.953190 13.221848 -24.248610
6.823608 14.478716 -12.976482 -5.529265 -7.586646 -11.560164 4.773254 17.017853 17.238688 11.020698 -6.552752 -29.079691 12.744390 -7.834382 2.980110 -13.038111 4.049674 15.984620 -7.649428 -5.787441 15.363125 -23.665653 15.030724 16.127464 3.815580 -4.982739 6.853817 29.984993 13.596927 -23.553970
7.661220 14.824556 -12.911805 -5.232788 -7.605602 -11.660350 4.736472 16.959311 16.926897 11.589520 -7.311285 -28.796013 12.239529 -7.931460 2.906861 -13.517800 3.838379 16.436043 -7.753220 -5.927535 14.744649 -23.315104 14.388160 16.636257 4.358077 -5.533612 6.595484 31.239895 13.961979 -22.954409
8.313906 15.307549 -12.789314 -4.984359 -7.678295 -11.738859 4.778936 17.000158 16.554232 12.138828 -8.121992 -28.760048 12.023958 -7.922697 2.975176 -13.766749 3.513353 16.837553 -7.656283 -5.939616 14.442617 -23.007662 13.914617 17.205191 4.672052 -5.975377 6.573964 32.109638 14.242101 -22.355450
8.814371 15.679142 -12.772926 -4.648787 -7.749465 -11.789293 4.749772 16.953648 16.298954 12.428551 -8.698793 -28.719864 11.651006 -7.905968 2.976480 -14.089525 3.377010 17.167301 -7.716223 -5.886518 14.132173 -22.749918 13.328510 17.918739 4.976776 -6.277158 6.616731 33.044327 14.456340 -21.846964
9.222710 16.072573 -12.596800 -4.567905 -7.684036 -11.821056 4.924021 17.009132 16.060307 12.805490 -9.440344 -28.729158 11.323349 -7.790510 2.991167 -14.362818 3.257272 17.407402 -7.568823 -5.984312 13.816792 -22.372118 12.792717 18.526649 5.246589 -6.462901 6.695747 33.907063 14.764935 -21.411810
9.501547 16.531982 -12.585896 -4.603123 -7.706440 -11.802824 5.045749 17.132877 15.823626 13.232391 -9.812069 -28.595451 11.048937 -7.743561 3.150690 -14.468717 3.131468 17.494020 -7.450319 -6.035545 13.493773 -21.926027 12.266746 19.149729 5.388059 -6.722364 6.774696 34.589088 15.046963 -20.912718
9.776931 16.920588 -12.686168 -4.474674 -7.798917 -11.876289 5.122477 17.318892 15.614101 13.594496 -10.073381 -28.553413 10.967198 -7.692571 3.211573 -14.628544 2.996150 17.627310 -7.437282 -5.925835 13.255733 -21.803663 11.807955 19.727968 5.460762 -6.817089 6.785031 35.062180 15.368767 -20.735638
9.825199 17.048592 -12.764694 -4.413026 -7.798965 -11.906189 5.261749 17.499660 15.537377 13.859322 -10.248312 -28.576035 10.916321 -7.581684 3.222130 -14.746905 3.005600 17.651302 -7.391613 -5.813415 13.090198 -21.845787 11.505497 19.936518 5.541705 -7.013700 6.747961 35.304680 15.569667 -20.438190
9.831328 17.039392 -12.816117 -4.353812 -7.797260 -11.940656 5.277353 17.530016 15.589151 13.812317 -10.281782 -28.558491 10.986409 -7.504173 3.235221 -14.794974 2.995966 17.710220 -7.340548 -5.803027 13.053501 -21.733299 11.542988 20.037012 5.559538 -7.004419 6.771155 35.336716 15.553164 -20.386133
9.903045 17.015030 -12.781195 -4.306260 -7.788690 -11.971429 5.291101 17.524925 15.607650 13.802141 -10.338961 -28.498003 10.992253 -7.526248 3.253416 -14.762466 2.953873 17.682692 -7.323334 -5.887090 13.018281 -21.501619 11.702527 20.064651 5.619683 -6.993221 6.819552 35.367828 15.605283 -20.266018
10.071022 16.732420 -12.570214 -4.211776 -7.663857 -12.062506 5.341794 17.440622 15.737287 13.700466 -10.469517 -28.393387 11.105809 -7.573807 3.298266 -14.718352 2.754886 17.720516 -7.274848 -6.025060 12.895598 -21.158274 12.077362 20.048307 5.687225 -6.991375 6.830663 35.306419 16.003456 -20.063864
10.340146 16.440392 -12.281705 -4.052881 -7.552038 -12.123968 5.393563 17.305698 15.820770 13.749236 -10.617672 -28.265991 11.278047 -7.581873 3.387642 -14.694299 2.504846 17.859716 -7.179151 -6.190133 12.718681 -20.616058 12.483274 20.235262 5.713617 -6.978684 6.839530 35.296799 16.374422 -19.878229
10.628294 16.060701 -11.895357 -3.744485 -7.479643 -12.205653 5.404470 17.110313 15.940607 13.762001 -10.861692 -27.832846 11.540351 -7.748515 3.370468 -14.496955 2.149322 17.926130 -7.356792 -6.228497 12.415463 -19.718374 13.069674 20.592279 5.698756 -6.886192 6.880823 35.326378 16.744715 -19.782001
10.820387 15.768650 -11.493187 -3.494651 -7.353172 -12.158701 5.633502 16.998543 16.107025 14.020204 -10.674894 -27.361469 11.987659 -7.883990 3.715658 -14.187239 1.626031 17.913519 -7.276409 -6.187298 12.040041 -18.453646 13.962112 20.793093 5.794135 -6.717432 6.987994 35.401222 17.277521 -19.518173
10.967402 15.210110 -10.920588 -3.166479 -7.152167 -12.220031 5.911793 16.905087 16.330858 14.184812 -10.658052 -26.558544 12.391154 -7.837676 4.107765 -13.841400 1.202492 17.730642 -7.169906 -6.258794 11.729658 -16.955044 14.793638 21.141619 5.665158 -6.479979 7.139307 35.357082 18.026089 -19.415342
10.890579 14.371672 -10.278156 -3.043553 -6.723811 -12.441078 6.378162 16.978493 16.738890 14.117589 -10.995729 -26.261120 13.060235 -7.789457 4.356833 -13.572274 0.728844 17.734030 -6.946311 -6.364020 11.416461 -15.361158 16.143274 21.664743 5.388859 -6.243486 7.162865 34.988815 18.565935 -19.638107
11.288991 13.794996 -9.216795 -3.038854 -6.391337 -12.444672 6.623709 16.527824 17.126057 13.376920 -11.230757 -25.772039 13.294953 -8.292082 4.891109 -12.909246 -0.140120 17.670286 -6.794432 -6.598264 11.001388 -13.594403 17.807486 21.526548 5.181088 -6.049594 7.161232 34.423187 19.346411 -19.524567
11.766335 13.331068 -7.820926 -2.665325 -6.229899 -12.237482 6.842943 15.938541 17.037411 13.589933 -11.141090 -24.963013 13.864837 -8.365306 5.502938 -12.445477 -0.692084 17.547991 -6.390992 -6.673726 10.692801 -11.313870 19.219263 21.251745 5.114158 -6.223768 7.059885 34.246147 20.029999 -19.060539
11.780373 12.701988 -7.040416 -1.842218 -6.087220 -12.204665 7.220724 15.740016 17.275354 13.625965 -11.199121 -24.162457 14.130602 -8.363823 6.065249 -11.938401 -1.244659 17.214426 -6.117469 -6.909952 10.598069 -9.310452 20.438242 21.113348 5.188126 -6.328942 7.100554 34.278336 20.382090 -18.458677
12.456896 12.256825 -6.096272 -1.657913 -5.834095 -12.074926 7.222996 14.985665 17.603897 12.936566 -11.549690 -23.119286 14.700406 -8.293844 6.298820 -11.634541 -1.533231 17.286674 -6.023845 -7.020801 10.600329 -7.318535 21.787239 21.129099 5.083994 -6.146158 7.154937 34.021179 21.050474 -17.937643
12.930344 11.674300 -5.025024 -1.456389 -5.463933 -12.023743 7.593922 14.596987 17.859272 12.818932 -12.208963 -22.118835 15.175815 -8.096619 6.664386 -10.938549 -1.943325 17.144533 -5.748874 -7.218490 10.400779 -5.305890 22.945276 21.657927 4.515558 -6.046042 7.113740 33.392456 21.887033 -17.668859
13.283258 10.954710 -3.930351 -0.981059 -5.229227 -11.873518 7.750890 14.024178 17.951765 13.121854 -12.810069 -21.271790 15.524925 -7.907387 7.564591 -10.204646 -2.821471 17.031393 -5.129951 -7.606620 10.346903 -3.113708 24.026276 22.384176 3.689858 -5.863309 7.030101 32.498489 22.522337 -17.595652
13.439890 10.320794 -2.963530 -0.470459 -5.108506 -11.874852 7.894694 13.648855 18.042562 13.363334 -13.331438 -20.395069 15.851941 -7.745681 8.353324 -9.581641 -3.647390 16.824732 -4.583078 -8.060617 10.054786 -0.925025 24.445007 22.637011 2.870459 -6.204070 6.900281 31.851040 23.902273 -16.869146
14.241782 10.075564 -2.107943 1.405614 -5.070857 -12.074274 8.043912 12.758958 19.008028 11.309669 -13.766607 -18.417583 15.279826 -8.365735 8.000236 -8.975424 -4.067260 17.518970 -5.585368 -8.829687 11.492084 0.172954 25.623096 21.568830 3.513748 -7.259904 6.827639 31.295517 26.484503 -15.033661
14.599892 9.600775 -1.127515 1.330908 -4.761290 -11.879801 8.223508 12.224237 19.130064 11.248089 -14.220991 -17.536095 15.125080 -8.204138 8.955983 -8.463633 -4.765700 17.202364 -5.175681 -9.181059 11.316232 2.514646 25.701519 22.312145 2.327056 -7.625180 6.783840 30.551785 27.818497 -14.346160
14.998766 8.967127 -0.229557 1.331206 -4.570776 -11.762248 8.108972 11.622380 19.049421 11.634624 -15.236728 -16.616892 15.415401 -7.734231 9.261438 -7.710799 -4.952350 17.178377 -4.887839 -9.328385 11.247012 3.239204 26.055967 22.357122 1.336331 -7.922158 6.844350 29.281040 29.335875 -13.475965
15.376716 8.381498 0.832196 1.337644 -4.374442 -11.555109 7.999171 10.882040 19.031736 11.798567 -15.570333 -15.642562 15.526570 -7.552538 9.770004 -7.181396 -5.314915 17.096926 -4.800502 -9.377975 11.043391 4.244604 25.893656 22.948690 -0.118919 -8.739592 6.860373 27.611511 30.570004 -11.940499
15.813555 7.685610 1.450428 1.539022 -4.344571 -11.598211 7.718292 10.372894 18.994705 12.099842 -15.885886 -14.643433 15.542777 -7.427067 10.084502 -6.609818 -5.434031 17.041386 -4.488510 -9.688181 10.916088 4.178943 26.088644 23.075592 -1.463248 -9.165968 6.877571 25.657185 31.700974 -11.003630
16.081732 6.881791 2.253115 0.128949 -4.010041 -11.725903 7.292282 10.038069 18.550016 13.089354 -16.668184 -13.754710 16.435429 -7.147938 9.917217 -6.371984 -4.689786 17.036144 -4.420758 -9.360452 8.807920 4.097049 25.681028 22.112146 -3.257998 -10.151762 6.410138 24.173584 32.170273 -10.632099
16.234575 6.049080 2.691489 0.113616 -3.822521 -11.802766 7.121604 9.711404 18.573799 13.639650 -16.777309 -12.985280 17.154751 -6.903336 10.123706 -5.535491 -4.757904 17.254393 -4.237689 -8.981953 8.735463 3.773868 25.612238 21.249029 -4.507607 -11.060435 6.365946 22.515347 32.817398 -9.358727
16.308203 5.299088 3.565177 0.500373 -3.629761 -11.690700 7.176797 9.155396 18.711336 13.974533 -17.227987 -11.745393 17.483772 -6.667732 10.252782 -4.813493 -4.960168 17.918837 -4.369549 -8.646020 8.799125 3.858093 24.371336 20.690859 -5.584742 -11.678088 6.515638 21.880722 33.292526 -8.497496
16.613997 4.644313 4.128132 0.873884 -3.576978 -11.723835 7.011320 8.712902 18.720688 14.394453 -17.668650 -10.671418 17.813015 -6.564403 10.103050 -3.893934 -4.856748 18.590164 -4.437331 -8.411535 8.751282 3.349847 23.365305 20.619711 -6.977776 -12.556572 6.359078 20.767918 34.163887 -7.952803
16.867815 4.026498 4.656310 1.154928 -3.401431 -11.732965 7.062681 8.383028 18.913218 14.472464 -17.690001 -9.744384 18.224453 -6.659886 10.025996 -3.467645 -4.643366 19.061485 -4.524656 -8.031294 8.858142 2.828749 22.365875 19.887846 -7.983331 -13.141596 6.318233 20.021446 34.375778 -7.702920
16.698694 3.331103 5.093293 1.481883 -3.372895 -11.582439 6.989238 8.009226 19.050943 14.672773 -17.446268 -8.907528 18.408043 -6.645338 9.843721 -2.610376 -4.488616 19.514376 -4.665703 -7.852660 9.005961 2.502136 21.845472 19.169868 -8.926580 -13.615336 6.252672 19.046741 34.386658 -7.469383
17.029421 2.741638 5.676789 1.872096 -3.379151 -11.410551 6.663994 7.345103 18.932352 15.058994 -17.012873 -7.946456 18.481823 -7.000658 9.577765 -1.999999 -4.212627 20.003635 -5.189685 -7.571584 9.106144 1.795046 21.304621 18.110001 -9.645909 -14.200598 6.169370 18.204266 34.731144 -7.097986
17.137648 2.174669 5.748210 1.881892 -3.529968 -11.681029 6.133681 7.174820 18.787704 15.030103 -17.068666 -7.061246 18.667576 -7.234535 9.374829 -1.578539 -3.937100 20.468363 -5.552475 -7.344303 9.150714 1.365736 20.410412 17.511503 -10.419645 -14.831221 5.955516 17.562717 34.914932 -6.657403
16.853579 1.766703 5.960384 1.396106 -3.674619 -11.637920 5.629725 6.892654 18.629215 14.979508 -17.137777 -6.248892 18.637197 -7.211311 9.141004 -1.024280 -3.616203 20.688337 -5.862646 -7.015563 9.455884 0.928954 19.815519 16.882654 -11.127419 -15.262233 5.899063 16.678833 34.736511 -6.402799
16.668522 1.156014 5.890548 1.550820 -3.846014 -11.601687 5.085339 6.534665 18.656126 14.792592 -17.477959 -5.401509 18.820181 -6.980427 9.048779 -0.499048 -3.200192 20.828352 -5.951474 -6.764744 9.547966 1.105908 19.438272 16.448080 -11.840126 -15.774329 5.789698 15.918751 34.620239 -6.077481
16.637598 0.511812 5.810427 1.824148 -3.967867 -11.665638 4.607905 6.223312 18.728865 14.531225 -17.485338 -4.677045 18.866249 -7.038742 9.339053 0.025672 -3.135514 20.927645 -5.965988 -6.588884 9.427163 1.456931 18.946215 16.080620 -12.546106 -16.265717 5.570848 15.358006 34.748558 -5.745175
16.436270 -0.122350 5.737925 1.808924 -4.109869 -11.659538 4.095909 5.915623 18.789927 14.285398 -17.409040 -3.992400 18.891748 -7.176503 9.555585 0.449232 -2.874737 20.880041 -6.007066 -6.347682 9.365556 1.381140 18.996004 15.274221 -12.802097 -16.625233 5.317262 14.751808 34.687420 -5.528130
16.291964 -0.653414 5.805511 1.923864 -4.299691 -11.685501 3.709895 5.700285 18.778780 14.216167 -17.452837 -3.330949 18.879002 -7.247233 9.771020 0.432657 -2.486832 20.664675 -5.938671 -6.125217 9.426995 1.021829 18.854895 14.766042 -13.155006 -16.874323 5.104521 14.182858 34.564312 -5.537261
15.977503 -1.009228 5.745371 1.994110 -4.587481 -11.905306 3.247092 5.673134 18.700569 13.851544 -17.693403 -2.515158 18.722036 -7.129087 10.035321 0.738109 -2.348200 20.657806 -5.882663 -6.093384 9.444035 1.437214 18.133738 14.846657 -13.702047 -17.484936 4.981659 13.952922 34.222675 -5.033392
15.631073 -1.362292 5.649340 1.864520 -4.770712 -12.045670 2.968030 5.748981 18.755312 13.506702 -17.668165 -2.058306 18.720530 -6.971174 10.343482 0.852259 -2.140496 20.516916 -5.791292 -5.933871 9.548819 1.507727 17.804358 14.505124 -13.994305 -17.781895 4.901115 13.693155 33.905869 -4.835837
15.339350 -1.696696 5.598339 1.816646 -4.834434 -11.961610 2.808182 5.654495 18.883249 13.236895 -17.941179 -1.714657 18.797623 -6.863331 10.591127 0.871412 -1.980768 20.373072 -5.693412 -5.758193 9.620582 1.535379 17.742517 13.926809 -14.160194 -17.913269 4.950575 13.411992 33.659843 -4.683043
15.154969 -2.033189 5.543292 1.624681 -4.871269 -12.062397 2.516286 5.576731 18.913492 13.054396 -17.922899 -1.424732 18.799980 -6.675259 10.731788 0.949241 -1.761891 20.263288 -5.578166 -5.751876 9.530933 1.424768 17.463432 13.679327 -14.317518 -18.093212 4.848722 13.240541 33.550751 -4.549039
15.146613 -2.270733 5.556415 1.603503 -5.003594 -12.183405 2.229886 5.513378 18.836039 13.044243 -17.876141 -1.238961 18.902382 -6.578436 10.992134 1.145342 -1.670732 20.074762 -5.457151 -5.563647 9.481316 1.512292 17.298702 13.570713 -14.484632 -18.254801 4.784445 13.107971 33.356201 -4.475674
15.235081 -2.388597 5.534281 1.591289 -5.001431 -12.134085 1.995660 5.262170 18.843317 12.948672 -17.903889 -1.075119 18.911947 -6.560103 11.126423 1.162908 -1.586094 19.930323 -5.415626 -5.451328 9.384522 1.539234 17.241344 13.489695 -14.634862 -18.271837 4.765254 12.941176 33.199909 -4.479351
15.211071 -2.478441 5.513906 1.851384 -5.134710 -12.170369 1.930519 5.278932 18.858805 12.912926 -17.972370 -0.977480 18.888617 -6.492708 11.223880 1.237000 -1.564720 19.845726 -5.380602 -5.401776 9.376580 1.795164 17.028013 13.620517 -14.770727 -18.379858 4.791283 12.974917 33.138573 -4.329368
15.201435 -2.529349 5.563979 1.821097 -5.156111 -12.172531 1.867443 5.233224 18.849400 12.857331 -17.999058 -0.854933 18.921091 -6.425974 11.190097 1.277657 -1.524802 19.862680 -5.417312 -5.380764 9.336080 1.838789 17.034903 13.511105 -14.814419 -18.290983 4.834311 12.900154 33.089443 -4.382712
