11.524911 -0.967657 10.800952 0.611567 -9.177961 -16.346281 0.136887 8.110007 15.042027 9.408717 -18.809381 -0.629256 19.171082 -9.127090 11.831433 -0.075595 2.582813 16.475212 -2.771612 -4.829893 -15.996934 3.576630 12.907339 13.911370 -22.415249 -16.749435 3.889132 10.881592 19.138462 -7.700587
11.318229 -0.829405 10.961746 -0.016053 -8.998130 -16.371412 0.265904 8.212097 14.964149 9.438214 -18.357347 -0.765611 19.262135 -9.368982 11.629240 -0.302301 2.722736 16.413216 -2.965834 -4.734939 -16.216110 2.980520 13.660753 13.289999 -22.315264 -16.038452 4.042587 10.508041 19.071260 -8.396629
11.070465 -0.634457 11.231094 -0.173381 -8.807790 -16.231895 0.845578 8.411758 15.203480 9.221966 -17.910713 -1.118090 19.511463 -9.627977 11.124488 -0.276349 2.883542 16.466700 -3.146169 -4.708106 -16.183836 2.614140 14.230066 13.138756 -22.218708 -15.381021 4.345908 10.306090 18.912481 -8.951232
10.540489 -0.476393 11.551904 -1.186503 -8.300439 -16.223274 1.375868 8.660463 15.253819 9.346094 -17.357454 -1.711955 19.800276 -9.777149 10.776814 0.030885 2.994901 16.573298 -3.322121 -4.616955 -16.220448 2.422682 15.100637 13.003309 -21.874796 -14.308378 4.727120 10.334484 18.348972 -9.804370
9.377991 -0.333357 11.456191 -2.526962 -7.731431 -16.218683 2.137002 9.304684 15.667276 8.671076 -15.809662 -2.734514 20.484686 -10.239244 10.157155 0.099338 3.588032 16.180208 -3.453933 -4.234203 -16.059149 1.579320 16.672760 11.757051 -20.933487 -13.151687 5.177101 10.054196 16.884043 -10.560671
8.082531 -0.174594 11.531023 -3.336899 -7.250000 -16.123278 3.106369 9.990389 16.113983 8.152908 -14.388971 -3.651579 21.337341 -11.003110 9.155975 0.561248 4.282399 15.920171 -3.857830 -4.060967 -15.973505 1.643644 18.142847 11.375999 -20.241341 -12.209263 5.673264 10.054703 15.770724 -11.191380
6.436616 0.047471 11.925825 -4.580161 -6.746985 -15.750453 4.266829 10.639282 16.594526 7.522572 -13.488518 -4.498163 21.716446 -11.323251 8.621677 0.775499 4.802926 15.355119 -4.088225 -3.723544 -15.780974 1.406310 19.654169 10.782907 -19.435347 -10.977027 6.127755 9.912670 14.569825 -12.104620
5.252271 0.144243 12.122324 -5.517771 -6.469181 -15.526512 4.937718 11.092437 16.889412 6.914781 -12.632654 -5.581374 22.099476 -11.512651 7.893970 1.308146 5.400039 14.523692 -4.302502 -3.533042 -15.204972 1.806240 21.314716 10.553796 -18.739038 -9.850439 6.905676 9.689186 12.943669 -12.636581
3.913666 -0.028643 12.170865 -5.990025 -6.252592 -15.127217 5.541768 11.338737 17.476219 6.121728 -12.269487 -6.130928 22.319786 -11.590113 7.361990 1.981204 5.840158 13.877810 -4.473695 -3.426600 -14.976195 2.425055 22.590691 10.801353 -18.411797 -9.212342 7.266832 9.453712 11.639400 -12.913257
3.287074 -0.000807 12.227142 -6.372555 -6.099252 -15.098120 6.004104 11.706718 17.703424 5.652506 -11.952358 -6.624745 22.690781 -11.805505 7.040353 2.099911 6.057899 13.571736 -4.617115 -3.286900 -14.654040 2.635795 23.193396 10.658543 -18.052750 -8.672253 7.535097 9.458870 10.701386 -13.234396
3.029619 0.315748 12.357721 -6.368792 -6.019695 -14.788259 6.565145 11.868409 17.945929 5.418303 -12.058315 -6.947920 22.795998 -11.795804 6.902760 1.952774 6.156917 13.364362 -4.550815 -3.377558 -14.726033 2.776204 23.396212 10.674762 -17.988762 -8.602365 7.656396 9.469959 10.289224 -13.190655
3.273257 3.259526 13.661276 -4.540113 -6.784952 -12.964952 8.572745 11.965900 17.798487 6.137848 -13.846603 -9.592230 21.863853 -11.574795 6.758379 2.081049 4.794306 11.207107 -4.496748 -4.731658 -14.048444 5.477964 25.052382 12.639226 -16.161436 -6.673539 8.569086 11.859829 7.381975 -14.957124
1.613457 8.799443 12.946981 -1.497984 -9.568130 -9.749760 9.974654 12.328226 17.308611 5.757983 -15.675053 -16.009401 19.634577 -12.234245 5.996720 2.089256 3.411286 6.675076 -4.468864 -6.566081 -11.630314 7.874993 27.425030 17.246086 -11.375488 -2.523501 10.246783 17.114799 -1.339658 -18.132786
-0.856234 15.600686 10.583220 2.454829 -14.001997 -5.185279 9.902808 12.160748 14.947637 9.025558 -16.745285 -23.905685 17.346241 -12.646698 1.728984 2.274046 5.456472 2.990039 -6.912079 -4.985498 -8.656773 2.517451 22.089010 21.427416 -8.063185 -0.718679 14.183530 22.751572 -13.151774 -17.862997
-6.383291 23.777502 7.995387 4.426708 -18.128000 -0.411788 8.769448 11.242004 11.800120 12.511693 -19.548040 -32.417828 8.783076 -10.797169 -1.645042 0.179742 10.545220 0.308157 -8.353700 -4.860511 -3.543893 -7.090513 7.206181 20.428179 -9.059992 -6.022275 14.611482 25.177227 -26.111006 -16.492392
-14.571456 28.341345 2.093540 -4.836656 -15.175180 3.843917 8.888854 9.444209 12.355239 11.008526 -12.625975 -31.856857 5.312833 -5.543445 3.876153 -3.884150 14.562753 -0.759269 -18.347658 11.454808 4.883653 -19.252592 -10.394419 13.891928 -10.921270 -8.853687 13.616169 25.884975 -27.675514 -17.520624
-25.787066 22.546677 -7.040333 -6.729420 -6.616334 12.400644 12.273061 4.053793 21.007484 10.264347 -4.817099 -24.555336 4.245325 9.517115 12.633188 -0.878519 9.621762 2.673698 -28.586199 24.654379 16.544069 -27.769224 -24.288229 8.880164 -15.069048 -11.341114 13.903350 23.317749 -24.894764 -15.918185
-32.602962 12.327589 -6.217331 -4.659590 -1.817163 18.686769 12.496215 -3.803592 26.883623 11.632742 -1.440741 -17.093128 1.103759 19.821119 13.826180 10.555956 6.117095 8.669068 -30.143305 21.058035 24.179178 -24.688353 -25.393454 0.366110 -20.023258 -6.847238 16.994986 17.015446 -24.132383 -16.124353
-40.393223 4.251379 -1.756371 0.578063 -4.175518 22.026800 5.988181 -12.469146 25.209070 14.829601 -3.617247 -9.493342 -8.016626 31.069448 18.200859 20.608366 1.733699 13.083432 -27.406231 11.255897 28.292765 -18.645372 -19.657286 -3.730940 -24.508274 -5.638925 19.313499 9.105677 -27.026787 -14.796581
-39.984875 0.507674 -0.527659 3.433870 -5.287527 22.574392 1.862546 -16.939692 23.874659 15.957877 -6.369073 -5.491689 -13.096568 36.463505 21.662647 21.435848 0.034074 15.803233 -25.595076 8.002379 28.157904 -12.623044 -15.500768 -3.929165 -26.409073 -4.632242 19.779129 4.560782 -31.528387 -14.781780
-39.699974 0.284849 -0.622333 3.599572 -5.300215 22.423460 1.732766 -16.978258 23.860357 15.854836 -6.127592 -5.387459 -13.014867 36.453365 21.855032 21.445257 0.043770 15.872931 -25.189198 7.786933 27.645906 -12.124263 -15.147896 -3.785600 -26.658043 -4.194273 19.916349 4.167861 -31.618216 -14.957379
-40.518131 0.759381 -0.544796 3.281106 -5.207016 22.793207 2.285110 -16.735064 24.085386 16.024296 -6.380199 -5.696981 -13.029315 36.610699 21.735075 21.596001 -0.189253 15.769851 -25.950499 8.421813 28.433279 -13.244456 -15.607800 -3.904811 -26.408056 -4.486336 19.676254 4.431692 -31.943636 -15.237605
-41.362354 1.763421 -0.979828 2.648504 -4.828776 23.183289 3.568752 -15.759024 24.654467 15.996047 -6.528482 -6.158765 -12.384131 35.612724 21.516895 21.781311 -0.435608 14.905177 -26.222681 8.955456 28.748236 -14.856147 -16.646156 -3.931095 -26.084484 -4.419423 19.670570 5.389776 -31.729979 -15.723077
-42.073917 2.925873 -1.138945 1.435615 -4.174633 23.067972 5.645582 -13.860486 25.316179 15.381414 -5.588627 -7.898359 -10.538032 34.330433 20.877028 21.992422 -0.219020 13.789110 -26.935951 10.778791 29.588997 -17.387667 -17.754045 -3.518470 -25.239162 -4.479506 19.482574 6.712179 -30.709837 -16.220932
-42.063297 4.510591 -0.920616 0.469991 -3.730906 23.360060 7.392847 -12.704951 25.502356 15.187172 -4.528062 -9.769105 -8.136764 32.248272 19.732664 21.932497 0.231850 12.493279 -27.382330 12.333920 29.572447 -19.933981 -18.417686 -3.572673 -24.384680 -4.526299 19.045860 7.546354 -29.457895 -16.553486
-41.961155 5.491698 -0.705373 -0.409144 -3.043674 23.597939 9.077577 -11.630832 25.912413 14.986124 -4.208565 -10.811441 -6.985891 30.958103 19.769360 21.660625 0.379810 11.050750 -27.359776 13.656880 29.585110 -22.467176 -19.465139 -3.652168 -23.876152 -4.310395 18.834444 8.222511 -28.977882 -17.191219
-42.063816 6.085532 -0.491299 -0.901819 -2.677175 23.428040 10.367478 -10.430655 25.934736 14.898997 -2.674265 -12.374791 -5.052669 28.855085 19.178612 21.849667 0.647192 9.890733 -27.452145 15.001201 30.019638 -24.189772 -19.902952 -3.593156 -23.386122 -4.051903 18.656693 8.682679 -28.001762 -17.754448
-41.485729 6.675964 -0.335198 -1.285236 -2.392223 23.017807 11.407169 -9.346104 26.037100 14.621770 -1.685520 -13.520732 -4.305307 28.028700 19.295687 21.639030 0.927682 9.318553 -27.525373 15.704825 30.147497 -25.278208 -20.121286 -3.858231 -22.943371 -3.666105 18.619270 9.200144 -27.254763 -18.347771
-41.894749 6.817767 -0.743061 -1.069897 -2.431624 23.028910 11.713791 -8.966506 26.140499 14.588817 -1.451627 -13.854510 -3.974491 27.312428 19.464064 21.613466 0.780509 9.093495 -27.362135 15.914827 30.057484 -25.702507 -20.148277 -3.878763 -22.943222 -3.505807 18.547981 9.239956 -27.189795 -18.789490
-41.870201 6.811055 -0.767820 -1.066773 -2.413795 22.914301 11.829379 -8.792925 26.178490 14.532653 -1.578519 -13.988237 -3.818485 27.114689 19.659866 21.533030 0.616626 8.929953 -27.288012 16.229528 29.942335 -25.845915 -20.072279 -4.015649 -22.850183 -3.451750 18.526205 9.374262 -27.071922 -18.932821
-41.723984 6.900048 -0.772862 -1.234607 -2.351126 22.836794 11.902671 -8.714081 26.240343 14.368426 -1.473357 -14.147353 -3.612698 26.747620 19.516195 21.197428 0.768827 8.788337 -27.357117 16.448824 29.797478 -25.980558 -20.057266 -4.106111 -22.747643 -3.507374 18.446363 9.495152 -26.936781 -18.954081
-40.492947 8.118912 -1.076253 -2.188939 -1.911765 21.865534 13.217765 -6.963311 26.699017 12.994126 -1.073807 -14.504952 -2.209660 25.171009 18.453220 20.104799 1.626629 8.436185 -28.082159 17.619675 28.563416 -26.947716 -20.305735 -4.106132 -22.069414 -3.554993 17.858795 10.418392 -26.111164 -19.589989
-37.575527 9.695279 -1.381287 -3.176306 -1.270357 19.616325 14.985869 -4.098684 27.315332 10.660524 -1.545456 -15.551923 0.836828 20.812382 17.448431 16.476505 3.467580 6.737488 -27.902647 20.190575 27.171947 -27.659311 -22.302116 -2.609047 -21.453175 -3.854987 17.165794 12.490581 -24.194326 -20.468767
-34.637939 12.488139 -1.387059 -4.351178 -1.530495 15.891420 16.070528 -0.091749 26.459974 8.371534 -1.734954 -17.218414 3.293410 15.893613 16.625977 11.816636 4.931195 5.445331 -28.156733 23.406813 24.862347 -28.000063 -23.703016 -1.526535 -19.999907 -4.928795 14.971747 15.844175 -22.790245 -22.442457
-31.897463 15.653413 -0.928152 -6.185512 -2.157365 12.172796 16.652048 3.912844 24.610140 6.377101 0.393490 -19.536572 7.145273 11.491108 15.966594 6.000777 5.974403 5.459341 -29.232578 27.744135 22.240570 -30.521717 -25.874170 -0.682179 -18.235456 -7.846246 12.014218 18.952343 -22.809776 -23.187649
-29.211994 17.473553 -2.851509 -8.835176 -2.517448 8.615739 16.431753 7.507284 24.388105 3.630466 0.695150 -20.862270 9.635394 7.847262 15.522101 0.808875 6.761793 5.166782 -26.944014 28.098162 18.370359 -31.568733 -25.967403 0.019269 -16.883801 -10.929971 7.837916 21.527611 -24.242624 -25.664278
-27.205141 18.693430 -5.359425 -12.443319 -3.490974 3.982746 15.096724 11.985797 22.848476 1.216050 0.921986 -22.818287 11.769094 4.553996 14.001659 -4.863478 9.535927 4.406664 -24.618118 27.046417 12.829009 -31.806730 -22.462671 0.854943 -15.114863 -9.069760 7.123807 22.631062 -21.102985 -27.684137
-23.053740 18.692425 -11.846321 -12.426273 -5.752306 -4.482859 10.862002 17.368174 22.862577 -6.236644 2.163221 -22.703241 11.969565 -3.338087 5.499369 -11.820459 17.576824 6.652916 -24.324850 21.161028 7.562633 -35.664284 -13.978123 0.938072 -10.285909 -6.158076 8.850222 23.241375 -13.379536 -25.406538
-14.702980 17.602602 -17.935772 -13.010018 -9.325426 -13.732545 3.433853 22.072853 18.040255 -6.258507 2.743123 -26.166733 8.872413 -7.403893 2.804844 -17.823874 20.558584 7.388899 -14.597738 8.000410 -1.740677 -36.077278 -4.601929 1.517909 -6.150261 -4.628562 5.731577 25.239311 -6.397433 -27.325891
-2.762527 14.990738 -21.350098 -9.752849 -11.249588 -20.031099 -2.093320 23.016209 15.516190 -4.397558 -0.025181 -25.514740 6.847312 -7.844804 2.998826 -22.306837 18.556784 10.070082 -6.648997 -4.482237 -11.930917 -33.827820 1.172353 8.661282 -7.115652 -5.818985 2.552711 25.620300 2.199625 -28.433315
2.615385 7.933057 -15.717976 -12.765982 -8.488628 -24.039875 -2.863812 22.307125 15.338671 -1.174780 3.100864 -20.507874 11.403350 -7.179513 6.747051 -23.096506 15.832979 10.058050 -4.448047 -5.831443 -16.987011 -29.497465 6.004095 7.790781 -9.230882 -7.597335 0.937735 23.008024 8.577878 -26.842117
5.234394 -0.806705 -13.954329 -16.286020 -6.459876 -29.269995 -10.215379 18.248295 13.883345 0.748368 2.920570 -12.969584 12.295665 -4.439992 9.835899 -22.778290 13.183359 12.041368 -3.763803 -9.103862 -20.373899 -28.144148 3.925720 3.628997 -15.410812 -16.118031 -1.638490 17.251585 19.777617 -18.651083
7.048786 -7.236772 -9.689287 -14.449085 -6.356706 -30.735350 -16.124977 12.151654 12.089420 2.441223 -2.332487 -5.113371 8.765355 -1.145258 14.153745 -19.131861 10.758882 15.942966 -1.625422 -10.558482 -18.397211 -25.476255 -2.036147 0.450736 -21.826365 -21.876884 -3.179758 11.691256 20.753588 -13.693737
6.657553 -11.008934 -5.792471 -11.762605 -6.329507 -28.625008 -17.632362 6.863900 12.179850 2.264279 -6.947448 0.499190 7.544640 1.795436 16.508575 -15.760721 7.326851 16.816528 0.261720 -13.938742 -14.831196 -18.039091 -1.450546 -3.576095 -25.381012 -22.829712 -3.229098 6.121365 19.844774 -11.401243
5.978174 -14.602049 -3.355834 -11.435990 -5.754919 -27.109091 -19.219463 2.812704 11.852470 2.812481 -6.952024 5.243406 5.739305 4.333429 16.717701 -13.207440 8.872605 15.550611 -0.054882 -16.639673 -9.979708 -8.653275 -4.746948 -9.160225 -27.701447 -23.218042 -5.014568 7.690789 16.555248 -14.956888
4.096959 -17.686295 0.069963 -12.216190 -6.043750 -27.376364 -20.982979 0.905435 11.268515 1.980536 -5.223047 7.744867 3.894544 6.028778 16.571869 -10.472054 11.772997 13.127124 0.266446 -18.875481 -4.667232 0.575081 -3.683182 -12.395195 -28.947243 -25.873524 -7.765780 8.230986 15.785192 -17.180056
-0.480605 -20.196428 4.807824 -12.707539 -5.667484 -24.336325 -20.767162 -2.269670 12.166101 1.926620 -2.442706 9.742984 4.456425 6.956560 16.167995 -5.796649 13.950593 10.895217 0.300977 -18.791216 -1.668838 6.589546 0.830933 -13.311007 -30.124996 -22.862366 -4.529144 4.448652 11.925406 -16.497126
-2.857420 -20.234804 9.057153 -10.720669 -6.600197 -21.009527 -20.461012 -5.086082 12.339382 2.830419 2.301346 9.325104 5.418540 6.841160 15.442999 -3.057274 17.879238 7.664142 0.190929 -17.842348 0.144561 7.927679 3.293029 -12.850092 -30.393246 -21.091063 -1.571899 2.097737 6.277960 -15.210619
-4.410668 -19.290920 11.251614 -8.567073 -7.735779 -18.723557 -19.931961 -6.338192 12.263250 3.410820 4.388421 8.680270 6.490497 6.424156 14.999446 -1.417281 19.452135 6.535988 -0.111909 -16.523891 0.051371 6.980077 4.403772 -10.905147 -30.106289 -21.549606 -0.551295 1.149982 2.504771 -13.788085
-4.745355 -18.894167 12.282643 -7.479025 -8.121735 -17.461079 -19.766790 -7.239560 12.255917 3.988648 5.123987 8.434095 6.563949 6.407369 14.844489 -0.819633 20.317240 5.759461 -0.217417 -16.236635 -0.200104 6.208561 5.113196 -9.593016 -29.809952 -21.891571 -0.187805 0.570805 1.076635 -12.885653
