17.816130 -0.492581 7.376563 -1.486268 -5.321338 -11.424760 0.777549 3.227801 18.538683 9.682808 -15.043760 0.336182 15.187007 -11.733263 12.839586 2.092312 -2.968438 19.473297 -7.797011 -5.334515 -1.078944 -1.429152 21.615847 11.581221 -12.826735 -25.561069 -1.968573 12.522802 25.443323 -0.883997
17.713799 -0.480343 7.332849 -1.832634 -5.182663 -11.419117 0.811838 3.257716 18.528742 9.732147 -14.774685 0.128416 15.267747 -11.815730 12.712661 2.034019 -2.927943 19.466040 -7.844372 -5.318298 -1.059058 -1.729301 22.028952 11.145775 -12.617157 -25.285767 -1.905470 12.418837 25.397959 -1.107579
17.643744 -0.428855 7.376738 -2.016922 -5.048638 -11.336165 0.972961 3.283909 18.576170 9.813906 -14.536646 0.070983 15.234879 -11.857313 12.573042 1.994149 -2.937309 19.600756 -7.991374 -5.359474 -0.952501 -2.078049 22.422087 10.860069 -12.473198 -24.972429 -1.870953 12.282463 25.453054 -1.424671
17.564508 -0.462411 7.336973 -1.948753 -4.949845 -11.260969 1.183561 3.334959 18.751408 9.764707 -14.294333 -0.151675 15.272321 -11.916803 12.330733 2.103718 -2.947461 19.704958 -8.102951 -5.380964 -0.632857 -2.327472 22.561789 10.822140 -12.429804 -24.724705 -1.759183 12.207838 25.453314 -1.704557
17.494942 -0.306781 7.440682 -1.952439 -4.771359 -11.037334 1.582588 3.350373 18.969767 9.649028 -13.970382 -0.431589 15.329315 -12.009901 12.067630 2.190518 -2.943052 19.836483 -8.142048 -5.514476 -0.434714 -2.702430 23.184523 10.604561 -12.188930 -24.349695 -1.642100 11.990381 25.261724 -2.065948
17.201939 -0.205009 7.567048 -2.504848 -4.449084 -10.947994 1.915929 3.443542 19.044426 9.734689 -13.688620 -0.607020 15.319063 -12.016214 11.906785 2.310087 -2.928029 19.995157 -8.209482 -5.684521 -0.437555 -3.126114 23.851019 10.403772 -11.892660 -23.832577 -1.531021 11.790653 24.992273 -2.473917
17.077211 -0.158692 7.611768 -2.921540 -4.196213 -10.903955 2.122901 3.494527 19.117016 9.785639 -13.155291 -1.188398 15.425590 -12.028106 11.803007 2.657848 -3.098299 20.062508 -8.274720 -5.645172 -0.191380 -3.323843 24.143847 10.365711 -11.687398 -23.450344 -1.376178 11.891793 24.770464 -2.893441
16.656101 -0.164551 7.332781 -3.562255 -3.802917 -10.856853 2.469666 3.737758 19.425692 9.475971 -12.314302 -1.809036 15.651848 -12.071871 11.553798 2.726579 -3.014463 20.070383 -8.282646 -5.625637 -0.015211 -3.782200 24.902411 9.840403 -11.260609 -22.938684 -1.116378 11.673197 24.110605 -3.164358
16.032162 -0.059380 7.262327 -4.247649 -3.470688 -10.732324 2.915529 3.998043 19.721991 9.077348 -11.517781 -2.368320 15.918339 -12.293154 11.284628 2.971550 -2.804152 19.932793 -8.332323 -5.505757 0.039118 -4.340446 25.680944 9.253178 -10.802485 -22.461611 -1.025164 11.485127 23.517643 -3.565933
15.528725 0.072888 7.283908 -4.437386 -3.294991 -10.654886 3.419543 4.325895 19.943623 8.837085 -10.865296 -2.796032 16.274548 -12.651989 10.810727 3.459077 -2.576627 19.790916 -8.553264 -5.470475 0.101994 -4.134451 26.560698 8.982869 -10.405369 -22.038521 -0.855196 11.489973 23.110674 -3.826310
14.793722 0.068376 7.226297 -5.150964 -2.909836 -10.579161 3.867512 4.612801 20.241022 8.487787 -10.025455 -3.370278 16.659599 -12.932669 10.374990 3.629098 -2.342541 19.831528 -8.661514 -5.476451 0.331785 -4.309015 27.122763 8.876524 -10.043365 -21.654219 -0.669232 11.519693 22.575064 -4.180896
14.273766 0.192750 7.287127 -5.369058 -2.721154 -10.358837 4.340787 4.795576 20.429703 8.389693 -9.465978 -3.929740 16.897848 -13.090353 9.908179 3.852960 -2.073342 19.690878 -8.860789 -5.383337 0.574970 -4.208565 27.974033 8.778030 -9.647783 -21.080917 -0.406455 11.479104 21.924488 -4.569225
13.262394 0.212798 7.498367 -6.144387 -2.421792 -10.108638 5.064349 5.217419 20.823645 7.900054 -8.964389 -4.332186 17.006382 -13.109049 9.663234 3.945203 -1.879827 19.550768 -8.997056 -5.282373 0.637948 -4.716622 28.871550 8.325915 -9.147243 -20.544325 -0.396250 11.192305 21.376764 -5.049080
12.468830 0.268362 7.626957 -6.686389 -2.213136 -10.049913 5.601737 5.627703 21.078791 7.416588 -8.408077 -5.002612 17.247444 -13.270458 9.270567 4.249428 -1.605440 19.151262 -9.117889 -5.195244 0.917944 -4.566338 29.728041 8.273412 -8.732380 -19.946630 -0.021431 11.060489 20.456137 -5.293597
12.038231 0.289366 7.718353 -6.925393 -2.153295 -9.923573 5.808944 5.724102 21.189951 7.161429 -8.033400 -5.428502 17.297468 -13.322925 8.997750 4.517301 -1.415630 18.796412 -9.236948 -5.157593 1.204994 -4.313912 30.622305 8.155914 -8.449452 -19.459681 0.328009 10.834337 19.753719 -5.522262
11.394691 0.201519 7.750928 -7.247973 -2.048805 -9.809693 6.104951 5.920210 21.471590 6.760064 -7.791354 -5.706749 17.335957 -13.453386 8.791204 4.841114 -1.272235 18.476315 -9.351204 -5.139797 1.363572 -4.032619 31.283995 8.512857 -8.381226 -19.238316 0.489359 10.539005 19.275473 -5.512034
10.660944 0.118211 7.759902 -7.420925 -1.918554 -9.539824 6.461791 6.013721 21.836740 6.260480 -7.521383 -5.987992 17.405701 -13.525298 8.566604 5.192879 -1.078641 18.115694 -9.443710 -5.091341 1.609938 -3.949651 32.166370 8.343016 -7.984904 -18.736776 0.705084 10.388830 18.470457 -5.821873
10.251038 0.123851 7.799750 -7.758322 -1.798712 -9.553358 6.775760 6.291114 22.020081 5.902387 -7.290863 -6.292963 17.593819 -13.683783 8.435705 5.270315 -0.979565 17.966112 -9.444757 -5.080988 1.821472 -3.943313 32.613846 8.250402 -7.783857 -18.420029 0.899205 10.317764 17.988152 -6.024146
9.991852 0.130978 7.787506 -7.838156 -1.752931 -9.530192 6.924705 6.410664 22.082518 5.771044 -7.176916 -6.518752 17.728146 -13.732393 8.294026 5.345704 -0.892109 17.834749 -9.521090 -5.033218 2.024676 -3.803407 32.875771 8.266178 -7.616196 -18.148067 0.990853 10.302919 17.494112 -6.218005
9.936895 0.108464 7.828356 -7.830973 -1.747469 -9.451591 6.930798 6.325154 22.159182 5.690176 -7.119381 -6.503800 17.775887 -13.772262 8.236236 5.319551 -0.785883 17.737642 -9.490700 -5.116399 2.044841 -3.725929 33.086815 8.221442 -7.621079 -18.078474 1.025777 10.164415 17.344439 -6.233941
9.738859 0.463513 7.940266 -7.831176 -1.675003 -9.210690 7.485040 6.556194 22.320967 5.524230 -7.186088 -6.851809 17.831121 -13.783399 8.152366 5.191463 -0.803591 17.626549 -9.481339 -5.128539 2.080281 -3.605917 33.175106 8.397514 -7.526978 -18.012089 1.178329 10.290787 17.248495 -6.192977
9.879258 1.320805 8.363388 -7.120910 -1.864620 -8.608856 8.137452 6.510172 22.292532 5.844468 -7.625319 -7.998047 17.553173 -13.759508 8.223829 4.990221 -1.240538 16.842878 -9.224121 -5.822724 2.549142 -2.640795 33.603222 9.344566 -6.716179 -17.259232 1.724695 11.506991 16.575617 -6.674250
9.797106 3.196064 9.120808 -5.806280 -2.508480 -7.515444 9.425691 6.765239 22.206636 6.262860 -8.940328 -9.449273 16.724030 -13.527297 8.248794 5.504290 -2.415733 15.512162 -9.256640 -6.685263 3.320995 -0.655487 35.002953 10.791952 -5.436693 -16.192326 2.212978 12.963484 14.856176 -7.765778
8.978083 5.196345 9.392010 -4.433792 -3.427981 -6.279482 10.485670 7.022880 22.393709 5.846300 -9.525052 -12.249917 16.265404 -13.459274 7.904723 5.582000 -3.230709 13.826522 -9.069469 -7.519039 3.971395 1.278613 36.867630 13.123685 -3.412613 -14.615930 2.707232 14.988898 12.199996 -8.946354
7.045559 7.978712 7.941403 -2.291731 -5.445506 -4.938162 10.870729 8.066330 21.657091 6.531803 -11.959274 -16.518589 16.021942 -12.256643 6.811704 5.149254 -2.707131 11.087186 -8.088019 -8.292396 7.046608 1.736890 37.389217 16.444702 -1.071502 -12.348534 3.665596 17.329922 5.876791 -11.239706
5.740299 10.687737 6.501289 -0.644439 -7.259234 -3.285946 11.055294 8.731731 20.435656 9.460461 -13.510936 -21.080627 16.603542 -11.174669 4.505484 5.132641 -1.568331 9.102340 -8.128313 -7.606661 8.507378 0.242989 36.816971 20.027929 0.485314 -10.006175 5.376005 19.448137 -1.162381 -12.994574
1.866614 13.438896 4.955758 2.079324 -9.819133 -1.093771 11.441357 9.863369 18.561007 12.982321 -13.522139 -24.870445 15.286302 -11.172816 1.875003 4.929528 0.385798 7.262021 -9.600214 -6.570847 10.125025 -4.560632 32.963375 24.500366 -0.070938 -9.294496 7.425748 19.880285 -5.992333 -13.071365
-0.652232 17.133501 3.990720 3.870852 -12.382874 1.302736 10.865129 9.644115 16.789938 15.246358 -15.540408 -29.696369 11.753237 -10.192598 0.188811 4.872289 2.343971 5.184104 -10.240232 -6.074687 12.497791 -8.120034 24.244333 25.274523 -0.384963 -12.045332 9.001734 22.468828 -12.678638 -10.560922
-3.036041 21.667616 2.782977 2.291740 -13.511736 3.500853 10.053873 8.585682 15.422394 16.088631 -16.761316 -32.986156 7.133791 -8.975956 -1.103802 2.307402 5.652693 4.312188 -11.388741 -5.918022 15.385954 -14.414113 15.529350 24.274740 -1.831836 -13.810986 9.325793 22.441120 -18.645971 -11.302223
-6.633649 25.089340 0.871846 -2.414905 -13.432404 4.599885 9.173680 8.227599 14.138823 15.749865 -14.613747 -33.907455 4.451538 -8.339607 -0.652476 -0.288734 9.304667 3.907385 -14.591422 -0.891914 16.478210 -21.174694 8.887156 23.323023 -2.373822 -15.608542 8.620555 21.507046 -22.712114 -11.125222
-11.648540 26.869623 -1.989500 -7.111461 -11.964263 6.672318 9.062701 7.161013 14.796844 13.451649 -9.834862 -32.512203 3.090065 -4.868330 4.489323 -1.848307 9.945438 3.011512 -20.719217 9.678370 21.133783 -25.955788 -2.680767 18.510485 -5.015804 -15.518953 9.243312 22.525093 -22.406937 -12.813637
-18.140404 25.347528 -6.246636 -10.089160 -8.771732 9.888022 9.923966 5.513103 17.587122 12.123035 -4.855788 -30.406179 2.526537 2.005329 10.096190 -0.663992 7.724123 3.660578 -25.857786 18.298609 21.128836 -27.345062 -13.206289 12.908432 -9.376040 -11.561615 12.795842 23.290222 -22.398184 -15.149652
-23.810453 21.863886 -8.548914 -10.508446 -4.825488 13.687780 11.799905 2.845870 21.816107 11.295403 -2.059508 -25.070282 1.768147 8.194964 13.214040 1.003871 6.452831 5.253551 -30.397547 22.923496 22.645943 -30.086529 -21.285784 9.470299 -13.242568 -12.056477 13.427621 21.697662 -22.820093 -14.724325
-27.119526 17.544424 -8.767969 -9.458492 -2.018972 16.333887 12.921398 0.126136 24.858086 11.403446 -0.340899 -21.626677 1.546866 11.670170 14.250730 5.099894 5.984432 5.725615 -30.880182 23.342707 23.231100 -29.537556 -23.344881 5.821276 -16.919178 -10.505550 13.971255 18.050337 -24.413961 -15.045639
-31.961123 12.160292 -5.900659 -8.567484 -1.479491 18.558516 11.438199 -3.885433 26.056608 12.066008 0.352929 -16.801973 -0.901952 17.327156 14.922354 10.900858 5.091118 8.586650 -31.325340 20.724009 23.971272 -25.851488 -23.593184 0.114764 -19.959671 -6.459306 16.938148 16.103876 -23.957726 -15.498778
-36.739830 8.002563 -1.640605 -6.460254 -2.229527 21.065718 9.104280 -8.702525 25.559566 14.178013 0.179358 -13.364646 -4.022427 22.828697 15.893088 17.594349 3.924269 10.726577 -29.832691 15.950240 26.310881 -23.276609 -22.028131 -3.459612 -22.608515 -5.115087 18.912107 12.711248 -23.601873 -14.463330
-39.850601 4.033141 -1.524290 -3.071203 -3.848671 21.858250 5.025660 -12.425096 24.360689 15.417839 -1.981079 -9.175505 -9.552147 28.869633 18.909502 20.862316 1.042919 13.088557 -28.501440 11.078092 28.131704 -19.972649 -17.562082 -4.155983 -24.240326 -5.219855 19.144203 8.154991 -27.127842 -14.188484
-39.716419 1.646737 -0.998991 -1.179909 -4.568898 22.433378 2.134465 -15.599197 23.646544 16.182880 -4.569917 -5.946655 -13.455149 32.670643 21.311035 21.750784 -0.613485 14.948630 -27.261034 8.543049 28.098793 -15.708058 -15.161469 -4.336059 -25.631859 -4.642931 19.493328 5.404324 -30.507328 -14.232374
-39.617245 0.248094 -0.364162 -0.136113 -4.939054 22.355297 0.990144 -16.764290 23.079952 16.574442 -4.837022 -5.225328 -14.505408 34.361645 22.345457 21.675741 -0.654017 15.800776 -26.611029 7.867362 27.938931 -13.931215 -13.340208 -4.253224 -26.098879 -4.124575 19.546978 3.623986 -31.514637 -14.296399
-39.140507 -0.024783 -0.563098 0.103929 -5.018104 22.026737 0.728828 -16.727310 23.007215 16.362827 -4.644784 -5.056298 -14.435876 34.487797 22.603848 21.725904 -0.602437 15.869031 -26.118364 7.559388 27.349833 -13.211622 -12.861200 -4.075297 -26.338142 -3.602302 19.788017 3.229702 -31.585142 -14.374558
-39.405323 0.010916 -0.459521 0.071506 -4.930584 22.228743 0.907837 -16.789143 23.075336 16.517061 -4.608395 -5.112919 -14.406305 34.361454 22.519440 21.687490 -0.638036 15.876780 -26.203934 7.651761 27.429331 -13.409811 -12.940102 -4.145199 -26.324930 -3.670056 19.708256 3.239191 -31.620590 -14.441733
-39.685822 0.120796 -0.361503 -0.024174 -4.882257 22.376024 1.072398 -16.772614 23.112991 16.640331 -4.768942 -5.214395 -14.534514 34.385220 22.537277 21.651911 -0.745279 15.821504 -26.321199 7.775935 27.867682 -13.793669 -12.963028 -4.247559 -26.152325 -3.856071 19.568880 3.276925 -31.858437 -14.489686
-40.198219 0.510176 -0.374578 -0.263887 -4.837018 22.610888 1.453567 -16.566757 23.304703 16.664005 -4.840208 -5.417017 -14.427678 34.492237 22.390060 21.837076 -0.871269 15.782671 -26.989717 8.283650 28.174620 -14.545184 -13.366366 -4.349886 -26.023636 -3.976364 19.459949 3.553341 -31.917488 -14.691558
-40.391022 0.994329 -0.513318 -0.514246 -4.693285 22.753975 2.029266 -16.132912 23.612864 16.544216 -4.977671 -5.537604 -14.045990 34.085018 22.315701 21.913242 -0.980861 15.516031 -27.175213 8.641335 28.183695 -15.225179 -13.868210 -4.377778 -25.933590 -3.912906 19.426132 3.983904 -31.762962 -14.993361
-40.948418 1.549046 -0.795387 -0.886037 -4.465128 23.029835 2.701334 -15.665783 23.882933 16.567781 -4.977584 -5.873900 -13.794307 33.467995 22.181221 22.026987 -1.123908 14.928681 -27.276041 8.814231 28.487871 -16.168949 -14.400214 -4.391586 -25.687618 -3.907536 19.451126 4.518984 -31.692696 -15.167557
-41.450203 2.013895 -1.168483 -1.653558 -4.170136 22.881048 3.463447 -14.747936 24.125441 16.219879 -4.621827 -6.661283 -12.880960 32.926846 21.883324 22.129501 -1.105947 14.253097 -27.805399 9.934025 28.888008 -17.304007 -15.081955 -4.203743 -25.302921 -4.039737 19.495844 5.315434 -31.258453 -15.159941
-41.636772 2.717330 -0.947707 -2.101284 -3.815066 22.923666 4.763521 -13.792505 24.544231 15.928579 -4.015467 -7.598400 -11.954771 32.173946 21.534290 22.246519 -0.915684 13.813014 -27.997656 10.626425 29.343054 -18.664713 -15.448972 -3.992148 -24.836052 -3.964226 19.319330 5.821068 -30.725241 -15.581613
-41.800350 3.613416 -0.922018 -2.529700 -3.560652 23.202766 5.835588 -13.139862 24.739985 16.024977 -3.462736 -8.397924 -10.899059 31.085896 20.894859 22.216425 -0.566987 13.109806 -27.926626 10.986543 29.460003 -19.948965 -15.951939 -4.126672 -24.414925 -4.089863 19.064438 6.316843 -30.084816 -15.718915
-41.595860 4.298986 -0.724243 -3.115114 -3.384831 23.219812 6.476192 -12.655965 24.721510 15.718624 -2.971217 -9.433145 -9.656236 30.037458 20.477753 22.210939 -0.529849 12.503480 -28.457174 12.162293 29.341742 -21.191591 -16.076422 -4.047006 -23.987370 -4.018265 18.907921 6.620540 -29.513811 -15.865630
-41.189533 4.822112 -0.567427 -3.548048 -3.158308 23.160397 7.102841 -12.139712 24.796318 15.511448 -2.718229 -9.865685 -9.380330 29.616308 20.723793 22.102079 -0.537986 11.880645 -28.708616 12.858705 29.374458 -22.419065 -16.455688 -4.142220 -23.709349 -3.807319 18.849503 6.896202 -29.405922 -16.233007
-41.459198 5.278910 -0.487276 -4.009099 -2.689849 23.457350 8.165425 -11.589009 25.139877 15.494570 -2.663664 -10.408240 -8.676652 28.647194 20.639793 21.969860 -0.477228 11.040199 -28.466536 13.438530 29.341352 -23.737368 -17.119883 -4.211335 -23.421879 -3.820922 18.678408 7.332103 -29.053495 -16.458242
-41.808605 5.721653 -0.520190 -4.441526 -2.421600 23.526587 8.989858 -10.926521 25.295212 15.336625 -1.931220 -11.161901 -7.672203 27.490749 20.264969 22.080488 -0.367023 10.365612 -28.662603 14.276624 29.453419 -24.699896 -17.532381 -4.131776 -23.169086 -3.738146 18.524576 7.684615 -28.634960 -16.775000
-41.544338 5.879468 -0.263859 -4.502057 -2.320573 23.283865 9.457448 -10.392785 25.175766 15.397697 -1.122830 -11.956998 -6.798277 26.506962 20.100292 22.159044 -0.242982 9.870009 -28.568293 14.780407 29.718943 -25.389563 -17.613703 -4.080086 -22.953131 -3.606181 18.472794 7.834536 -28.118929 -16.996748
-41.087948 6.078524 0.073529 -4.771796 -2.077295 23.067995 10.071225 -9.882413 25.258905 15.293262 -0.420999 -12.667221 -6.287642 25.851122 20.086166 21.975199 -0.107069 9.578151 -28.475435 15.041085 29.874790 -26.049660 -17.617338 -4.249400 -22.660275 -3.356445 18.441664 8.103437 -27.531517 -17.351858
-40.809883 6.481677 -0.059628 -4.949005 -2.053813 22.855400 10.428659 -9.362157 25.266752 15.108062 -0.117670 -13.119030 -6.058199 25.697292 20.269272 21.933731 0.035294 9.256387 -28.593737 15.480566 29.842339 -26.513870 -17.814142 -4.355018 -22.501844 -3.205776 18.424294 8.350346 -27.375021 -17.617233
-40.946640 6.596504 -0.271452 -4.856616 -2.104874 22.821505 10.540166 -9.165288 25.295082 15.038161 0.011589 -13.324582 -5.803936 25.268263 20.400324 22.022541 -0.060097 9.062873 -28.391317 15.537325 29.800287 -26.731270 -17.756792 -4.379653 -22.509987 -3.025198 18.395561 8.351156 -27.233770 -17.952921
-41.055325 6.673704 -0.420908 -4.874602 -2.099624 22.850103 10.668355 -9.040919 25.366430 14.986080 0.137289 -13.500133 -5.718798 25.033554 20.523981 21.893503 -0.115912 8.955271 -28.332582 15.694039 29.793934 -26.970457 -17.866528 -4.312414 -22.536076 -3.008596 18.369959 8.372452 -27.316292 -18.129622
-40.978497 6.710694 -0.424099 -4.943191 -2.095948 22.776026 10.722014 -8.950134 25.397287 14.864425 0.051046 -13.615345 -5.650064 24.919575 20.675343 21.874094 -0.238375 8.804427 -28.293142 15.875862 29.792984 -27.101248 -17.860315 -4.372473 -22.513800 -2.970452 18.348480 8.432235 -27.262203 -18.284649
-40.934010 6.688291 -0.410505 -4.957881 -2.084286 22.732174 10.743657 -8.907295 25.393593 14.890029 0.035370 -13.660363 -5.577671 24.848038 20.782265 21.800615 -0.289517 8.749082 -28.209066 16.005512 29.716173 -27.141214 -17.803698 -4.426320 -22.473820 -2.929861 18.363293 8.489141 -27.193596 -18.321184
-40.924046 6.697625 -0.430391 -4.965806 -2.091729 22.718929 10.739626 -8.890899 25.391453 14.888573 0.018632 -13.671210 -5.611783 24.882042 20.854420 21.843342 -0.343323 8.750454 -28.196432 16.010256 29.734631 -27.180964 -17.791006 -4.469112 -22.462688 -2.916261 18.355837 8.484639 -27.208147 -18.353619
-40.770603 6.786483 -0.387982 -5.170449 -2.023008 22.666914 10.804178 -8.849939 25.438765 14.734144 0.128679 -13.817509 -5.393512 24.472147 20.672070 21.473398 -0.166107 8.587212 -28.271061 16.220617 29.596674 -27.288895 -17.810997 -4.461646 -22.396786 -2.963474 18.295753 8.595111 -27.076693 -18.382431
-40.244720 7.441350 -0.384418 -5.668021 -1.876300 22.546793 11.258484 -8.445306 25.554810 14.403884 0.383060 -13.975903 -4.817581 23.516937 20.511166 21.156584 -0.017821 8.308570 -28.432634 16.748522 29.023188 -27.724314 -17.877657 -4.425554 -22.077099 -2.950482 18.070835 8.989367 -26.695221 -18.557261
-39.549587 8.034602 -0.601594 -6.319531 -1.574784 21.747328 12.094563 -7.158250 25.844633 13.379236 0.536707 -14.143888 -4.012976 22.876171 19.620884 20.390076 0.660352 8.185120 -29.016499 17.374540 28.366434 -28.266039 -18.022577 -4.479395 -21.688795 -2.996147 17.709726 9.513977 -26.301470 -19.013865
-38.735935 8.512904 -0.975330 -6.888198 -1.068429 20.810274 13.120034 -5.674120 26.171513 12.494686 0.604255 -14.985515 -1.801155 20.624264 18.892635 18.852032 1.613266 7.448344 -28.909410 18.982204 27.900959 -28.355511 -19.022985 -3.775824 -21.504353 -3.202433 17.507345 10.544457 -25.391340 -19.243195
-36.855495 9.539371 -0.944541 -7.220889 -0.899578 19.539072 13.925839 -4.251060 26.441397 11.154015 0.046045 -15.235023 -0.832010 18.599239 18.390614 16.679287 2.666567 6.573628 -28.918093 19.977112 27.069134 -29.078711 -20.101019 -3.050217 -21.050749 -3.480304 17.033617 11.652452 -24.320059 -19.751595
-35.132549 11.068199 -1.676097 -7.537319 -0.624314 18.045971 15.170630 -2.055655 26.596941 10.284676 -0.338614 -16.015968 0.512820 16.673941 17.961193 14.625684 3.493133 6.041862 -29.347160 21.999861 26.706793 -29.298235 -20.884842 -1.660380 -20.116182 -3.687455 16.466618 13.582652 -23.107084 -20.585665
-33.879070 12.162640 -1.698431 -8.193090 -0.766020 16.371466 15.138840 -0.656431 26.154352 9.066113 0.035395 -17.092041 1.476444 14.033636 17.240904 12.448440 3.858438 6.027950 -29.399195 22.837683 26.626045 -29.899101 -21.347181 -1.262533 -19.290583 -5.222744 14.839818 14.745720 -22.222721 -21.166698
-31.941343 13.697118 -2.283971 -8.986380 -0.429896 14.802008 16.152119 1.451927 26.045256 7.875362 0.765012 -18.308069 2.985319 12.280638 16.659586 10.273293 4.071218 6.369725 -29.936357 24.316105 27.260557 -31.143101 -21.963535 -0.413291 -17.946159 -6.528230 14.026649 16.124876 -20.942709 -20.852478
-30.502478 14.920180 -2.655714 -9.933794 -0.420516 13.637448 16.072136 2.618269 25.395353 7.401156 2.399420 -19.821342 5.032942 10.107096 16.206625 7.902923 3.674867 7.541346 -30.741117 26.299219 27.291519 -32.738979 -23.206289 -0.013243 -16.571695 -8.456248 11.906672 17.793877 -20.660204 -21.612879
-28.870668 15.804147 -3.301885 -10.572165 -0.605406 12.116886 15.988458 4.085745 25.188704 6.540784 2.394949 -20.241539 5.259296 9.445744 16.136856 5.682241 3.496441 7.817741 -30.228674 26.128000 26.301130 -33.613506 -22.909748 0.836703 -15.341210 -11.051176 8.845299 18.849636 -20.796885 -22.759802
-27.393244 16.494244 -4.871778 -12.063869 -0.458701 10.413188 16.180088 6.047515 25.523504 5.064415 3.149881 -21.257458 7.317323 7.163528 15.742792 3.153922 3.286070 8.333508 -28.830111 26.096371 25.281488 -34.876419 -22.118200 1.413064 -14.411463 -12.847700 6.257231 19.800339 -21.722338 -24.674349
-26.447508 17.183836 -6.055901 -13.917774 -0.653916 8.232409 15.963614 8.399734 24.838747 3.944644 3.628565 -22.060917 8.476617 6.233964 15.311269 0.443984 4.200228 8.662379 -27.828905 25.852156 23.299940 -36.067783 -19.326687 1.434043 -13.504302 -12.526581 4.861537 19.277285 -21.026329 -26.445982
-25.149542 17.658115 -7.871122 -15.667047 -1.231825 6.028069 14.770744 10.263920 24.160364 2.848608 3.953056 -23.439159 9.280149 4.182578 14.064004 -2.308147 5.816378 7.862481 -26.631207 24.729538 20.971178 -36.696472 -17.585007 2.521491 -12.171120 -11.764465 4.990553 20.218624 -18.411654 -26.017447
-23.949221 17.238590 -10.168189 -16.372643 -1.917510 2.802279 13.812492 13.375014 23.004774 2.926724 5.220583 -24.802223 10.303990 1.975475 12.172711 -4.573771 7.814679 7.749713 -25.569962 23.149401 19.721336 -37.329342 -14.089993 3.944605 -10.187391 -10.176607 6.010896 20.838110 -16.744682 -25.314041
-18.313452 19.049326 -14.413565 -14.961021 -2.875221 -0.855678 10.913030 13.406582 25.589128 -6.579281 6.498977 -22.902546 9.017289 -3.822078 5.793170 -9.167747 12.583342 10.665699 -28.053656 19.480536 15.857284 -40.219326 -6.185128 -3.616625 -2.063150 -11.188817 5.659862 24.476988 -10.021297 -18.987186
-15.586613 18.317869 -18.102880 -14.889063 -4.249420 -4.869017 8.354293 16.335258 23.846933 -6.149076 7.254222 -25.242271 8.423502 -6.335203 3.732369 -12.631238 14.554094 10.564631 -24.143942 14.313254 15.117454 -42.153835 0.377153 -2.484441 1.348558 -11.494913 3.139022 24.607920 -7.308062 -20.255770
-9.432387 17.468838 -21.956804 -15.487597 -5.588702 -9.382210 3.717195 17.691601 21.527208 -5.739832 6.775800 -26.415384 6.205386 -7.465768 3.586634 -15.909493 15.316615 11.090165 -18.630045 7.001673 12.616212 -42.991142 6.385503 -0.895068 4.237373 -14.074539 -1.022250 25.054611 -1.731418 -20.146677
-2.741543 16.808386 -24.450596 -13.781538 -6.994318 -12.766212 0.299548 18.207909 20.087837 -5.899573 5.315612 -26.677349 4.407730 -8.031900 3.141980 -18.583635 14.650276 13.041514 -13.891029 -0.253027 6.954547 -42.795391 10.125548 4.050121 4.753442 -15.590079 -3.778748 25.439381 2.772287 -20.516941
3.540287 14.796829 -25.092175 -11.707338 -6.957153 -15.248804 -1.152590 18.392118 19.330351 -3.510686 4.020547 -25.512470 3.769102 -8.270082 4.153047 -19.627827 12.413692 14.200993 -10.952642 -5.431452 3.923218 -40.772305 12.600157 6.593177 4.895247 -15.949339 -4.654827 26.719784 8.748281 -20.658327
7.159408 11.861845 -22.667912 -13.041682 -6.108000 -16.860825 -2.087626 17.625387 18.973692 -1.932229 5.329198 -23.480881 4.385414 -8.747707 5.880844 -19.799482 10.169547 14.837391 -10.100262 -7.354834 1.296222 -38.598423 14.387759 4.803475 4.431086 -16.669201 -4.979702 27.031029 11.701241 -19.860567
9.141600 8.290661 -19.599794 -14.369390 -4.473105 -18.695360 -2.180540 17.063652 19.259035 -1.025784 7.924848 -20.566128 6.674882 -8.356883 7.843386 -19.739313 8.810157 14.687174 -9.638855 -7.405066 -0.833957 -35.904736 16.850605 4.462238 2.498419 -18.304615 -6.228851 24.691620 14.426278 -18.841366
9.764257 4.366284 -18.426838 -16.355812 -2.971943 -20.748693 -3.937882 15.974895 19.328123 0.011793 8.673069 -17.066185 8.079038 -7.491393 9.668277 -19.470203 6.618954 15.317105 -9.034651 -9.387354 -1.677792 -33.355263 16.457088 4.648514 -0.261410 -22.260426 -7.445982 22.499521 21.176641 -15.012292
11.689941 -0.448635 -18.151560 -17.907335 -2.516089 -23.889521 -9.733594 12.937298 17.882967 0.572253 7.624950 -12.886613 7.222570 -5.857728 10.939413 -19.396343 6.200980 16.454443 -9.065075 -10.706134 -2.358592 -33.203705 13.915016 1.434329 -3.971295 -26.586395 -8.350601 19.352282 26.674299 -10.512800
13.314480 -4.536041 -17.727247 -16.911442 -2.187518 -25.242884 -14.323298 9.324906 16.903042 2.018341 6.383599 -8.192071 5.215144 -4.230403 12.832236 -17.970362 6.271260 18.932302 -8.522770 -11.223894 -0.963215 -34.030277 10.605616 -1.098519 -7.379200 -30.040768 -8.834620 15.756794 29.245451 -6.537038
13.466380 -7.097758 -14.634209 -16.078896 -1.856564 -24.582890 -15.450124 6.235535 16.663050 2.638339 2.179908 -4.993472 3.598412 -2.406536 15.466075 -15.877716 3.626109 20.478180 -7.125327 -11.960285 -2.000772 -30.676626 8.682939 -3.225533 -10.614902 -30.726692 -9.231168 13.379951 27.768242 -5.784372
12.505758 -9.465750 -11.209724 -15.215603 -1.551968 -23.391203 -15.601235 3.519037 16.815491 2.253113 -0.878032 -1.759886 2.715244 -1.001816 17.215582 -13.298837 1.194011 21.311459 -5.442657 -14.278364 -2.342204 -26.157936 8.188826 -5.037108 -13.397732 -31.122116 -9.482931 10.689762 26.696001 -5.291206
12.986061 -10.944469 -10.877819 -13.561365 -1.814825 -22.618700 -17.002674 1.082762 16.791460 2.381289 -2.424079 0.527425 2.065538 0.430194 18.045958 -12.488734 0.274976 21.059988 -5.244674 -15.332779 -1.769292 -23.018625 8.352627 -7.080989 -15.335468 -31.273911 -9.445802 7.762658 26.004698 -4.254578
13.243862 -12.408012 -9.814580 -12.740982 -1.768889 -21.965277 -17.671146 -0.771152 16.537683 2.583987 -3.332605 3.328501 0.655883 1.753865 18.294291 -11.201143 0.497542 20.323957 -5.562790 -16.952826 -0.882705 -19.334444 6.964508 -9.370193 -16.518200 -31.741438 -10.815194 7.900271 23.483545 -5.909519
12.418927 -14.587695 -8.355242 -13.263023 -1.290701 -21.356657 -18.600346 -2.781554 16.361656 2.922034 -2.530091 5.458292 0.291477 2.536150 18.272554 -9.789955 1.848273 19.652807 -5.538172 -17.983532 2.054080 -13.854285 4.473656 -13.134446 -17.895094 -31.464428 -11.121307 9.546411 22.457018 -7.938547
11.412865 -16.396376 -6.541749 -13.790077 -1.739034 -21.833368 -20.240307 -4.024520 15.664288 2.449106 -2.053772 6.914406 0.032179 3.023784 18.431690 -8.527171 2.611030 19.156488 -5.228456 -18.901327 4.225974 -8.728950 4.486906 -15.599655 -18.720242 -32.643517 -12.757932 10.519385 20.920828 -10.169449
10.406898 -17.621469 -4.946456 -14.011925 -1.879905 -21.866207 -20.663355 -4.571325 15.597971 1.900139 -0.842553 7.925374 -1.404905 4.131895 18.100910 -7.310874 4.942048 17.041658 -4.985045 -20.153988 5.944521 -4.835674 6.026269 -16.163748 -19.225689 -34.071495 -13.972667 10.060343 20.207859 -10.791825
8.165600 -18.710024 -2.698051 -14.069576 -1.728616 -20.090073 -20.634029 -6.346851 15.831293 2.293275 0.402557 8.691334 -1.570050 4.736079 17.627439 -5.411888 6.217161 15.848618 -4.941979 -20.477758 8.401331 -1.796031 8.550477 -16.860579 -19.684471 -33.141083 -12.666869 7.962693 19.128740 -10.141644
5.597545 -20.127251 0.023409 -14.798633 -1.622321 -19.179934 -20.558447 -7.497999 16.280748 1.543552 2.071819 9.789124 -1.027732 5.326875 17.700710 -2.301612 6.837488 15.087708 -4.799112 -20.487438 11.667602 0.926806 11.368097 -18.016409 -19.751839 -30.393818 -10.111360 5.852545 17.719244 -9.871171
4.236259 -20.512564 2.765918 -13.869297 -2.108565 -17.577879 -20.573544 -9.131053 16.265341 2.014670 4.254663 9.881409 -0.865745 5.738449 17.478683 -0.461819 8.499009 13.591562 -4.801968 -20.389437 13.815690 2.144627 12.991764 -18.155130 -19.814400 -28.888969 -7.994899 4.173929 15.686287 -8.822921
3.158540 -20.215876 4.264961 -12.733302 -2.465408 -15.715143 -20.096893 -10.329580 16.569323 2.570145 6.885976 9.278818 -0.234979 5.585224 16.960773 0.592814 10.521847 12.156413 -4.955969 -19.721750 14.620360 1.902779 14.003725 -17.591419 -19.720373 -28.965893 -7.155134 3.175811 12.342645 -7.976838
2.188165 -19.666368 5.168302 -11.495549 -2.967770 -14.131741 -19.742289 -11.198872 16.699331 3.015624 8.254333 8.904509 0.479732 5.369238 16.681639 1.589128 11.394998 11.630864 -5.139197 -18.988005 14.264058 1.411243 14.390304 -15.986078 -19.691422 -30.448092 -7.406885 2.676668 9.339434 -7.111009
1.592282 -19.288160 6.106341 -10.453028 -3.351786 -12.920358 -19.432625 -11.918482 16.793139 3.419515 8.963048 8.594797 0.764747 5.286346 16.494843 2.200952 12.125097 11.057775 -5.276505 -18.459455 14.035065 0.727741 14.938416 -14.720375 -19.443161 -31.032703 -7.209713 2.317829 7.920021 -6.342042
1.363619 -19.135950 6.714237 -9.960337 -3.429911 -12.194457 -19.170589 -12.362524 16.907663 3.698248 9.263309 8.331910 0.644664 5.338888 16.377399 2.232050 12.703555 10.607093 -5.259418 -18.386602 14.054949 0.147099 15.422145 -13.930354 -19.220692 -31.438799 -7.049125 1.897100 7.138679 -5.651669
1.362448 -18.937386 7.023752 -9.287200 -3.643458 -11.551209 -19.209538 -12.889968 16.878195 4.112331 9.702589 8.331444 0.887939 5.324086 16.313944 2.803479 12.992032 10.314167 -5.343382 -18.195152 14.215609 -0.234789 15.643318 -13.498468 -19.032455 -31.581560 -6.865782 1.722486 6.669373 -5.261843
1.353294 -18.887777 7.188045 -9.104134 -3.677923 -11.340313 -19.146740 -13.015399 16.900930 4.232983 9.886539 8.331238 1.033506 5.274738 16.330343 3.045830 13.013387 10.267640 -5.316580 -18.126898 14.340455 -0.296829 15.648531 -13.386545 -18.990192 -31.674713 -6.845791 1.686441 6.514856 -5.153142
