-2.823309 -7.617899 17.110161 -5.315051 -18.837322 -11.392909 -30.938866 -16.318563 4.847348 -0.355393 1.620413 11.398946 -10.247035 -1.065522 10.278343 3.011246 25.014597 -3.998404 -8.410770 -22.104221 -15.146592 -3.908296 37.441833 -8.755285 -18.450191 -14.737598 9.426921 -12.010661 -4.982265 6.369105
-2.974244 -7.069056 16.929024 -5.323436 -18.828119 -11.109577 -30.595108 -16.155865 4.933074 -0.040292 1.845335 11.314487 -9.953290 -1.286035 10.099730 3.155020 25.238365 -4.099710 -8.750474 -21.613714 -14.943680 -4.664161 36.741604 -8.809145 -18.445782 -15.029933 9.373700 -11.699566 -4.914934 6.474212
-3.182845 -6.115087 16.885410 -5.335583 -18.810019 -10.645707 -29.936890 -15.885712 5.047398 0.499486 2.055058 10.507108 -9.224524 -2.002927 9.660748 3.413620 25.478651 -3.773401 -9.077858 -20.906696 -15.243053 -6.169177 34.930298 -8.854174 -18.587631 -15.642925 9.109035 -10.569877 -4.233836 6.457314
-3.508875 -5.022131 17.245312 -5.742138 -18.377817 -10.171824 -28.490713 -15.278525 5.474914 0.900955 2.219357 9.243921 -7.968987 -2.931590 9.203937 3.470696 25.524141 -3.377297 -9.792072 -19.311972 -15.591866 -8.599191 32.046833 -8.609785 -18.668652 -16.985121 8.381807 -9.064575 -3.175563 6.711355
-3.716728 -3.884266 17.768801 -6.139526 -18.127739 -9.835518 -27.230198 -14.695553 5.780244 1.401839 2.785541 8.450769 -6.931099 -3.755828 8.876637 3.899577 25.641081 -3.341154 -10.353674 -18.067045 -15.722064 -10.431773 29.763851 -8.056080 -18.735298 -18.046209 7.968299 -7.715670 -2.573926 6.903304
-4.286394 -3.322853 18.312550 -7.018439 -17.513533 -9.641483 -25.812366 -14.006979 6.263735 1.619066 4.249125 7.354548 -5.412233 -4.756941 8.080424 4.543719 26.154978 -3.436524 -11.383089 -16.151899 -15.440897 -12.069074 27.914225 -7.575510 -18.883127 -19.334728 7.548522 -7.115511 -2.718502 7.445411
-4.545940 -3.185420 18.488384 -7.618240 -16.782890 -9.466592 -24.619205 -13.545855 6.909276 1.826974 5.302625 6.407931 -4.350043 -5.600723 7.388056 4.714079 26.568930 -3.414127 -12.129114 -14.615005 -15.158825 -12.829394 25.725981 -7.053756 -19.145548 -20.569057 7.163063 -6.265372 -3.068596 7.961714
-4.595883 -2.902564 18.749866 -8.113422 -16.126150 -9.430075 -23.399994 -12.953535 7.447212 1.880596 5.891623 5.887432 -3.320810 -6.387400 7.479066 4.620862 26.425314 -3.010626 -12.559446 -13.241073 -14.914348 -13.649526 23.508188 -6.223315 -19.156448 -21.567942 6.926857 -5.087308 -3.184474 8.363598
-5.024283 -2.648930 18.920048 -8.637533 -15.605526 -9.257946 -22.375351 -12.479694 7.841073 1.855202 6.153947 5.504575 -2.748463 -6.742047 7.589888 4.412450 26.319025 -2.802355 -13.038382 -12.214568 -15.011021 -14.077722 21.951885 -5.679504 -19.265762 -22.172815 6.821722 -4.188578 -2.770298 8.587513
-5.199764 -2.513371 19.142370 -8.746556 -15.559976 -9.345662 -22.032818 -12.198126 7.887106 1.785373 6.590662 5.367109 -2.262924 -6.924633 7.801337 4.292340 26.297503 -2.811514 -13.257888 -11.441239 -14.750436 -14.311398 20.890974 -5.639396 -19.408527 -22.549559 6.895458 -3.726575 -2.668315 8.770486
-5.462168 -2.431298 19.189667 -8.930466 -15.507223 -9.267866 -21.855808 -12.121955 7.991916 1.660504 6.506664 5.224481 -2.247674 -6.963884 7.818804 3.964051 26.319326 -2.989177 -13.431861 -11.180962 -14.424735 -14.001575 20.423847 -5.648525 -19.514261 -22.496620 7.215961 -3.515449 -2.700636 8.855175
-7.517992 -2.628123 19.865597 -10.403730 -14.340778 -8.180497 -20.327517 -12.208450 9.063166 1.152053 8.376976 4.663443 -0.204414 -7.842414 7.931813 3.922654 26.283033 -3.978958 -14.378903 -8.733308 -12.375570 -11.597329 17.907179 -5.379787 -20.105820 -21.927708 9.460385 -2.328680 -5.272341 9.422749
-9.885410 -3.328541 20.912457 -12.723104 -12.330626 -7.477109 -17.294338 -11.185325 11.033875 -0.264049 11.416870 4.435574 3.236113 -8.488597 9.262965 4.516598 25.261282 -4.382050 -15.209249 -4.800221 -10.104180 -11.327006 15.990585 -6.176585 -20.315502 -22.429626 10.051842 -2.244788 -11.942227 9.337948
-11.221138 -4.837155 22.574080 -14.675508 -9.010586 -6.831626 -12.238969 -9.377069 14.276522 -2.226570 12.933590 4.074750 7.054617 -9.861661 9.886817 7.429043 22.706804 -2.373765 -15.217196 -2.102060 -2.331306 -10.658231 14.486132 -11.684485 -20.601147 -23.253315 9.726195 -4.533575 -16.075247 9.127159
-11.496573 -8.791906 24.573975 -17.703701 -5.663888 -7.083478 -8.690890 -8.193546 17.118372 -4.007459 14.809248 6.430000 10.601549 -10.363575 11.414266 11.827993 18.701662 0.927283 -12.801866 -3.876173 3.525774 -1.057450 12.417504 -16.378336 -21.700584 -16.160622 15.644684 -2.497004 -10.910220 5.983704
-4.930580 -14.793435 23.668579 -20.293724 1.371898 -6.754058 -3.308940 -8.184011 21.554670 -1.983411 15.886919 8.228429 13.159836 -8.482219 14.539294 12.933761 11.828290 6.252237 -11.128821 -5.508958 9.410611 7.653869 11.545779 -17.887064 -22.602608 -20.741821 12.420579 -2.599859 -6.741991 6.267643
3.672426 -18.989471 15.087658 -20.449509 5.273866 -7.844352 -5.260160 -10.046567 23.637753 1.354087 14.506199 10.939939 10.834280 -4.246318 18.511597 8.368220 6.449457 8.902028 -11.173155 -7.804583 9.231086 11.049430 10.920259 -18.334911 -24.177975 -22.847868 9.667101 -2.224054 3.248010 6.977973
8.355743 -20.297213 5.918190 -20.258942 6.990899 -8.924376 -8.528775 -11.227558 24.207663 3.657724 12.297482 12.216251 9.088641 -1.669242 20.686398 1.589922 2.109699 12.877357 -11.799734 -9.271132 6.271583 12.844432 5.672949 -18.131163 -25.148727 -23.567520 7.590271 2.236490 13.044520 5.718060
11.740869 -20.271154 -1.977077 -20.314545 7.308780 -10.834562 -12.719201 -11.803687 23.382551 5.163085 8.915384 12.418733 6.146931 0.569250 21.379406 -2.909987 0.170895 15.224092 -13.566996 -9.638410 7.240110 16.197327 1.361624 -21.236305 -24.925835 -23.455296 4.902059 6.611739 18.127874 2.009165
12.030279 -20.237761 -5.480726 -20.662510 6.793810 -11.897558 -15.728197 -12.305620 22.494326 5.203623 7.267451 12.224390 3.874020 1.938539 21.677795 -5.549899 -0.412049 16.135122 -14.863915 -9.606368 8.270843 17.715837 -1.085957 -23.741432 -24.914742 -23.799740 2.877435 9.583313 18.167645 -1.843330
11.915771 -20.282160 -5.847217 -20.862318 6.818757 -11.992731 -16.000854 -12.361055 22.449240 5.208319 7.458879 12.156131 3.649251 2.103731 21.637646 -5.936946 -0.278898 16.076664 -15.067100 -9.586686 8.576735 17.815245 -1.650331 -23.911982 -24.915298 -23.745073 2.805905 10.088147 18.225315 -2.247799
11.457512 -20.561071 -5.306942 -21.114550 7.008167 -11.808626 -15.788053 -12.506104 22.625265 5.076246 7.756455 12.374387 3.748817 2.177631 21.745117 -5.445992 -0.267038 15.981278 -14.949641 -9.606451 8.969751 18.333710 -0.970474 -24.003683 -24.925041 -23.737019 2.918107 9.766455 17.729183 -2.220658
10.672728 -20.759716 -4.056312 -20.810358 7.144711 -10.721632 -15.338999 -13.310545 22.871456 5.424830 8.562330 12.562237 3.883011 2.246928 21.725470 -4.859582 0.241771 15.450445 -14.859929 -9.471387 9.637585 18.791723 0.511416 -24.211920 -24.770813 -22.909107 3.674701 9.044348 17.033855 -2.157010
9.504346 -20.943247 -2.648296 -20.948372 7.362336 -9.756813 -14.695867 -13.891387 23.190657 5.404037 10.075326 12.793279 4.290167 2.439912 21.860117 -3.365094 0.747393 14.759936 -14.788473 -9.330283 10.685662 19.256037 2.476331 -24.419586 -24.517654 -21.791481 4.780720 8.014847 15.471784 -2.012594
8.413014 -20.906912 -1.469662 -21.232040 7.538519 -9.169588 -13.626742 -13.691803 23.648373 4.866089 11.573734 12.851408 4.435024 2.548279 21.599073 -2.292570 1.909006 13.702131 -14.854504 -9.079092 11.370182 20.269308 4.622070 -24.206018 -24.738960 -20.946363 6.120467 6.274991 13.880782 -1.133171
6.516397 -20.912004 0.334638 -21.402905 7.546937 -8.086596 -12.741677 -14.038435 23.950274 4.470797 13.083873 12.998033 5.110367 2.415653 21.261768 -0.794518 2.859311 12.924114 -15.287577 -8.232490 12.240453 20.777632 6.331440 -23.701090 -24.753288 -20.490643 7.274303 4.802891 11.986428 -0.205758
4.366469 -20.942289 1.934945 -21.571667 7.473122 -6.892516 -12.031440 -14.535041 24.234171 4.070195 14.465092 13.249113 5.641164 2.502120 21.164696 0.964297 3.532619 11.951320 -15.534109 -7.681771 13.249496 21.602667 7.757266 -23.430906 -24.761391 -20.025600 8.309734 3.622691 9.913709 0.414835
2.599800 -21.043224 3.322980 -21.916439 7.665854 -5.861605 -11.244559 -14.911680 24.654413 3.740096 15.785161 13.333655 5.964414 2.731663 20.746025 2.343103 4.690042 10.495326 -16.086342 -7.037143 14.518946 22.203596 8.547869 -23.282072 -24.676985 -19.766787 9.148448 2.953652 7.770555 0.789439
1.488299 -21.112730 4.099374 -22.213783 7.822968 -5.229938 -10.737609 -15.114788 24.965183 3.520410 16.619246 12.995296 6.528663 2.554649 20.524702 3.185746 5.067274 9.877414 -16.393515 -6.328061 15.283333 22.353767 8.961075 -23.129171 -24.546497 -19.651432 9.607129 2.558035 6.521420 1.040882
0.911841 -21.161861 4.465226 -22.263567 7.731034 -4.974112 -10.744618 -15.301878 24.990553 3.347786 17.008993 12.911369 6.816004 2.550399 20.461506 3.630327 5.172289 9.659341 -16.620836 -5.954724 15.734288 22.323399 8.970785 -23.137873 -24.555325 -19.575924 9.918582 2.313859 5.989867 1.266324
0.647313 -21.149845 4.575297 -22.291817 7.714695 -4.850228 -10.726504 -15.364705 25.009508 3.288590 17.109438 12.854127 6.922282 2.500797 20.413216 3.742274 5.201276 9.624413 -16.639257 -5.896477 15.907374 22.304499 9.013662 -23.081667 -24.515270 -19.581158 9.996448 2.263655 5.811590 1.334325
0.259408 -21.026566 4.922943 -22.231676 7.638336 -4.577196 -10.520351 -15.414914 25.058191 3.218909 17.124319 12.795101 7.043896 2.528456 20.330679 3.814497 5.227756 9.451509 -16.927792 -5.540059 16.301069 22.248785 9.046062 -23.027388 -24.479834 -19.507011 10.278964 2.067866 5.457675 1.586030
-0.409549 -20.937840 5.319370 -22.166855 7.635055 -3.970923 -10.356709 -15.741550 25.189255 3.279011 17.374043 12.681864 7.410686 2.413535 20.103886 4.121697 5.428268 9.084830 -17.421709 -4.936597 16.813036 21.906719 8.999010 -22.620403 -24.299408 -19.439915 10.722613 1.932922 5.107494 2.056443
-0.980035 -20.601292 5.799026 -22.137249 7.827519 -3.272185 -9.494129 -15.689897 25.596289 3.273896 17.790754 12.431348 8.146175 2.093221 19.838169 4.648780 5.668854 8.528648 -17.944687 -4.047415 17.515802 21.198057 9.212149 -22.124231 -23.900219 -19.148083 11.419608 1.735942 4.079122 2.534642
-1.966380 -20.112885 6.120116 -21.952343 7.706630 -2.503805 -9.042289 -15.780470 25.794367 3.185013 18.186506 12.125729 8.603746 1.809402 19.340343 4.857416 6.124263 7.852869 -18.620249 -3.200146 18.521444 20.702524 8.871878 -21.849104 -23.663593 -19.263390 12.028926 1.708614 3.063387 3.004911
-2.431737 -19.561228 6.058403 -21.709625 7.698064 -1.855053 -8.648225 -15.839231 25.986147 3.407616 18.215197 11.677578 8.945106 1.561042 18.887608 5.000783 6.467434 7.317451 -19.163252 -2.590232 18.861570 20.242929 8.629935 -21.367086 -23.497993 -19.246582 12.632493 1.825897 3.014641 3.436313
-3.017738 -18.852701 5.874116 -21.415600 7.566642 -1.245295 -8.334741 -15.849825 26.116552 3.530325 18.470755 11.185853 9.351611 1.227231 18.421722 5.001577 6.700500 7.074587 -19.702860 -2.045028 18.942797 19.372755 7.470194 -20.898539 -23.423475 -19.204159 13.211874 2.221832 3.217642 3.894990
-10.447447 -13.029570 24.511658 -15.266654 -8.761278 -11.124561 -16.034721 -10.876711 14.111620 -6.669603 12.710317 9.353742 2.323574 -5.059280 14.673062 11.928718 18.931257 0.215712 -5.305602 -15.243986 -7.461689 0.953062 18.323984 -13.223673 -22.628304 -27.494501 -0.168089 -3.178200 -10.946506 -0.238532
-10.465030 -12.281443 24.500706 -14.618048 -9.222013 -10.785461 -16.170712 -11.019065 13.908247 -6.335534 12.981268 8.538766 2.570426 -5.711622 13.774055 12.050122 19.545660 0.242259 -5.717457 -14.942057 -8.691546 -0.537900 18.096308 -12.444170 -22.545147 -27.356943 0.112247 -3.101557 -10.269730 0.193520
-10.192723 -11.470553 24.424114 -13.713577 -10.001506 -10.490200 -16.738369 -11.353687 13.305305 -5.718125 12.616039 7.689204 2.231719 -6.033313 12.994849 11.611360 20.232824 0.425918 -5.864514 -14.992847 -9.388157 -1.549949 18.385382 -11.468458 -22.561951 -27.170210 0.695079 -3.419120 -8.943579 1.008452
-9.651627 -10.689468 24.231056 -14.884367 -10.694171 -10.822305 -17.885061 -11.273929 11.972615 -5.043643 12.531338 7.572343 2.572044 -7.146545 12.303374 9.539880 21.234356 -0.237952 -7.339243 -13.472762 -11.192325 -1.370142 19.510469 -12.097815 -21.538681 -26.573605 1.464080 -2.823180 -8.909957 2.248325
-9.148875 -9.903172 23.584021 -13.619253 -11.518274 -10.509572 -18.907345 -11.799898 11.142563 -3.674014 11.695421 7.077513 1.870287 -6.929281 11.716224 8.709890 21.931963 -0.477013 -7.498226 -13.662156 -11.766956 -2.065822 20.039917 -11.548168 -21.500673 -26.078384 2.070758 -3.231848 -8.506016 2.900445
-8.743300 -9.520920 23.180048 -12.909014 -12.264239 -10.467125 -20.105717 -12.356722 10.425643 -3.138126 11.019817 6.967003 1.189940 -6.843947 11.583863 8.152074 22.239805 -0.585025 -7.506930 -13.976128 -12.378791 -2.585895 20.299688 -11.162844 -21.432146 -25.493811 2.529398 -3.224119 -8.350165 3.020666
-8.494564 -9.282158 22.741531 -12.609153 -12.693532 -10.521540 -20.829502 -12.535748 9.954797 -2.899783 10.779256 7.066949 0.839598 -6.842981 11.518950 7.756362 22.479395 -0.662663 -7.752056 -13.994879 -12.771462 -2.647710 21.121931 -10.929306 -21.387190 -25.013287 2.933393 -3.604157 -8.314214 3.244910
-8.219498 -9.073522 22.293171 -12.256186 -13.127923 -10.469963 -21.622986 -12.842307 9.475353 -2.564119 10.513343 7.359145 0.247135 -6.531501 11.427977 7.563001 22.908113 -0.996055 -7.733891 -14.380353 -13.067365 -2.779101 21.758924 -10.635348 -21.279987 -24.415758 3.372674 -3.915401 -8.303948 3.422331
-8.115198 -8.973303 22.152565 -12.033319 -13.379702 -10.575058 -21.980228 -12.894577 9.214558 -2.597039 10.176764 7.595496 -0.470199 -6.219814 11.381975 7.371733 23.239901 -1.302313 -7.672870 -14.927081 -13.159696 -2.790097 22.445253 -10.345543 -21.104912 -23.966124 3.736377 -4.204044 -8.111013 3.650363
-7.761860 -9.134828 21.823862 -11.778097 -13.666197 -10.713558 -22.690380 -13.182752 8.952814 -2.450547 9.945518 7.810412 -0.985567 -5.901124 11.355052 7.324541 23.449430 -1.541286 -7.667463 -15.366296 -13.137450 -2.777573 23.078215 -10.015881 -21.040455 -23.695238 4.118253 -4.658014 -8.116599 4.040186
-7.681357 -9.241980 21.655354 -11.838860 -13.766438 -10.837624 -23.047823 -13.281174 8.826847 -2.410919 9.682467 7.994906 -1.404902 -5.656879 11.451882 7.173380 23.451338 -1.517460 -7.591466 -15.741758 -13.135200 -2.610766 23.323738 -9.811424 -20.975616 -23.534492 4.325994 -4.730955 -8.068206 4.220878
-7.558664 -9.356841 21.547092 -11.822660 -13.871389 -10.973517 -23.405766 -13.406467 8.696996 -2.384390 9.551353 8.118894 -1.620562 -5.521875 11.473001 7.096369 23.521463 -1.597265 -7.570287 -15.917512 -13.176293 -2.578648 23.443363 -9.695204 -20.950104 -23.402567 4.447558 -4.785152 -8.074711 4.304074
-7.424933 -9.447435 21.453947 -11.795251 -13.892516 -11.084150 -23.533211 -13.412020 8.681874 -2.400569 9.492241 8.171261 -1.679706 -5.477884 11.511165 7.071777 23.515127 -1.620876 -7.557463 -15.959831 -13.233764 -2.627954 23.509239 -9.675240 -20.948833 -23.341970 4.476238 -4.844965 -7.959255 4.344766
