7.188625 21.592598 -2.050786 -8.407443 -14.726569 -18.101004 1.275999 20.065929 8.727432 5.764301 -10.436010 -26.636923 8.123298 -17.146935 3.356137 -16.295626 9.369216 12.744676 -4.845672 -6.484683 -25.777430 -20.275421 10.989157 18.926054 -1.760915 -8.673882 1.400455 33.372498 -8.572719 -21.935904
7.115736 21.454191 -1.970413 -8.441145 -14.734940 -18.077160 1.152839 19.907387 8.802663 5.516021 -10.315830 -26.627144 8.212824 -17.241272 3.340425 -16.170004 9.371686 12.725986 -4.823225 -6.619137 -25.661173 -20.267475 11.312823 18.628561 -1.808929 -8.537443 1.408798 33.121216 -8.821778 -22.172684
6.803728 21.069983 -1.868969 -8.580153 -14.661594 -18.019339 1.068254 19.744255 8.998138 5.135297 -10.100243 -26.640600 8.270569 -17.315289 3.308895 -15.994733 9.473208 12.585032 -4.800833 -6.773199 -25.436537 -20.457348 11.779318 17.950590 -1.850622 -8.478594 1.378755 32.645645 -9.230661 -22.341169
6.593572 20.672663 -1.865222 -8.610264 -14.630849 -18.013140 0.939810 19.574575 9.268473 4.581804 -9.697130 -26.748474 8.500007 -17.451611 3.202555 -15.849148 9.555369 12.472662 -4.965028 -6.710751 -25.164383 -20.905478 12.332983 17.076984 -1.858849 -8.349099 1.263108 32.090889 -9.538259 -22.715021
6.231354 20.329817 -1.992294 -8.698464 -14.722103 -17.974312 0.757709 19.495926 9.500122 4.120060 -8.982487 -26.670832 8.819782 -17.622730 3.106734 -15.586593 9.717172 12.281022 -5.170858 -6.616999 -24.794600 -21.257505 12.968693 16.216431 -2.001080 -8.146032 1.216067 31.298828 -9.890201 -23.106874
5.632068 19.934509 -2.042777 -8.904570 -14.688490 -17.965555 0.808890 19.600479 9.784088 3.769546 -8.436233 -26.570219 9.117726 -17.694363 3.049548 -15.313546 9.861459 11.999202 -5.156098 -6.738613 -24.420679 -21.487341 13.568516 15.265701 -2.221153 -7.889725 1.211939 30.419144 -9.999157 -23.451656
4.978988 19.491833 -2.196198 -9.070311 -14.614858 -17.890352 0.805977 19.567242 10.249237 3.029760 -7.610466 -26.484589 9.282186 -17.817524 2.912673 -15.069442 10.202690 11.632846 -5.294695 -6.791612 -24.132761 -21.535601 14.096333 14.507498 -2.380580 -7.593759 1.293046 29.713833 -10.213581 -23.697433
4.280151 19.177629 -2.285110 -9.359042 -14.587353 -17.806396 0.803624 19.548210 10.681023 2.142465 -6.750913 -26.636707 9.724473 -17.920424 3.017400 -14.604654 10.362084 11.138902 -5.314091 -6.646244 -23.712084 -21.871449 14.807219 13.779970 -2.622255 -7.373946 1.441060 28.695635 -10.235784 -23.734457
3.740669 18.708954 -2.157706 -9.902609 -14.499453 -17.712706 0.783693 19.501629 10.886292 1.695601 -6.080780 -26.696983 9.991610 -17.985985 3.063352 -14.354086 10.511336 10.769445 -5.314180 -6.656075 -23.394770 -22.235565 15.656708 12.970444 -2.829473 -7.068149 1.520610 27.736763 -10.041507 -23.903746
3.135158 18.316082 -2.113032 -10.401578 -14.366194 -17.618429 0.905258 19.543301 11.269600 1.084527 -5.115667 -26.749607 10.229896 -18.219738 3.152316 -14.007394 10.666013 10.267307 -5.374269 -6.693513 -23.227547 -22.650604 16.900049 11.922344 -2.841122 -6.880369 1.496844 26.841160 -9.831082 -23.931122
2.529222 17.983482 -2.047229 -10.493054 -14.301210 -17.450706 1.028719 19.494154 11.661080 0.424328 -4.463484 -26.941551 10.443265 -18.366447 3.060440 -13.700929 10.876932 9.941992 -5.475803 -6.703467 -23.017241 -22.896252 17.545158 11.257854 -2.788920 -6.953798 1.621032 26.291075 -10.020265 -23.641418
1.785188 17.707300 -2.150473 -10.933254 -14.262064 -17.376116 1.163065 19.671850 12.000132 -0.165622 -3.969459 -26.911743 10.670804 -18.266785 2.941767 -13.366253 11.170542 9.512811 -5.503863 -6.824129 -22.681498 -23.043097 18.040476 10.426548 -2.907017 -7.060190 1.744076 25.548351 -10.315889 -23.278999
1.020483 17.364212 -2.093032 -11.373592 -14.083645 -17.248472 1.391538 19.749300 12.429339 -0.886643 -3.393869 -27.118719 10.870402 -18.355618 2.831678 -13.180045 11.457215 9.097442 -5.603570 -6.929581 -22.254690 -23.440920 18.297117 9.752087 -3.090746 -7.005195 1.862204 24.847799 -10.794143 -23.263554
0.284846 17.001404 -2.165594 -11.737896 -14.050447 -17.134111 1.339315 19.663500 12.844872 -1.740134 -2.954775 -27.301754 11.046878 -18.507683 2.721591 -12.678773 11.628301 8.596336 -5.733832 -7.029121 -21.843420 -23.957369 18.594313 9.285996 -3.381811 -6.884836 1.996191 24.052803 -11.205548 -23.292887
-0.511654 16.846144 -2.358495 -12.022335 -14.069325 -16.863066 1.460919 19.682465 13.287106 -2.438914 -2.867982 -27.280994 11.164262 -18.423943 2.481175 -12.260488 11.822253 8.313779 -5.871983 -7.038626 -21.520479 -24.269022 18.861921 9.049622 -3.513244 -6.731615 2.144744 23.629196 -11.689927 -23.430758
-1.326247 16.543831 -2.356809 -12.442642 -13.972398 -16.633522 1.598693 19.710838 13.589369 -2.837739 -2.694740 -27.300962 11.365955 -18.345461 2.315489 -11.960801 11.985059 8.130050 -5.960628 -6.970523 -21.156769 -24.336176 19.241440 8.491524 -3.684934 -6.701078 2.249211 23.044176 -12.187829 -23.412664
-1.912990 16.357681 -2.282946 -12.611876 -13.927794 -16.361790 1.735099 19.630869 13.855884 -3.237316 -2.450176 -27.408310 11.576116 -18.296803 2.162698 -11.875802 12.198925 7.914781 -6.106021 -6.882002 -21.005243 -24.409792 19.559166 8.007463 -3.634007 -6.734869 2.278381 22.796539 -12.528433 -23.307295
-2.201829 16.320574 -2.282164 -12.694080 -13.920516 -16.175497 1.839531 19.584003 14.070093 -3.556616 -2.148943 -27.523315 11.755569 -18.341148 1.991897 -11.774131 12.371058 7.757335 -6.266667 -6.821621 -20.796007 -24.484186 19.770201 7.832225 -3.696937 -6.761364 2.377465 22.535770 -12.788106 -23.214205
-2.312687 16.397326 -2.298032 -12.668253 -13.967987 -16.046638 1.849571 19.523603 14.120323 -3.630753 -2.078947 -27.573921 11.867919 -18.380779 1.837327 -11.599948 12.460504 7.637136 -6.363235 -6.793055 -20.684290 -24.482061 19.962675 7.760030 -3.756772 -6.799651 2.463590 22.319233 -12.968606 -23.088842
-2.463249 16.364504 -2.386487 -12.751865 -13.957140 -16.029890 1.860011 19.552584 14.201313 -3.765607 -2.025759 -27.600956 11.942798 -18.406645 1.782802 -11.511352 12.457048 7.632255 -6.385713 -6.750041 -20.644430 -24.595444 20.047916 7.705142 -3.794730 -6.810238 2.462986 22.174120 -12.980098 -23.080715
-2.418936 16.164461 -1.780385 -12.726933 -13.872738 -15.927798 2.071802 19.439466 14.174060 -3.558277 -2.103606 -27.476883 12.099566 -18.501835 1.935468 -11.397849 12.209347 7.595264 -6.254620 -6.888613 -20.701027 -23.922564 20.221098 7.857493 -3.868472 -6.714680 2.519878 22.170101 -12.768336 -23.066561
-2.170232 15.714517 -0.875416 -12.803324 -13.638204 -15.902602 2.483927 19.340275 14.331224 -3.446847 -2.082737 -27.278671 12.724415 -18.828905 2.120072 -10.890019 11.630673 7.548100 -6.072650 -7.052331 -20.774260 -22.397778 20.989599 8.444085 -3.900660 -6.514614 2.574625 22.123375 -12.248688 -22.985523
-1.342580 15.433582 0.918282 -12.122625 -13.448586 -15.468334 3.239088 18.902328 14.112826 -2.301766 -2.480802 -26.844917 13.821081 -19.131035 2.638890 -10.029230 10.423667 7.760564 -5.667889 -6.865977 -21.035707 -19.850454 22.284658 9.210361 -3.624552 -6.120025 2.735994 22.626093 -11.375584 -22.921576
-0.084437 14.957193 3.181765 -11.624464 -13.141548 -15.193126 3.945153 18.268978 14.012566 -1.608244 -3.781641 -25.940350 14.658033 -19.556194 3.000094 -8.907456 9.073620 7.819459 -5.433161 -7.007089 -21.239100 -16.867147 23.549480 9.787807 -4.218185 -6.002705 3.020461 22.090445 -10.065612 -22.382732
1.054610 14.382769 5.736402 -9.964286 -12.922627 -14.663582 4.893577 17.365993 14.118246 -1.020217 -5.314621 -24.651840 15.480630 -19.780598 3.463056 -7.335145 7.601752 7.862535 -5.409973 -7.252930 -21.337454 -12.622895 24.832129 10.865528 -4.553475 -6.061118 3.307294 22.090618 -10.275939 -21.798784
2.047031 13.881229 7.966558 -9.433562 -12.614326 -14.329272 5.561200 16.622709 14.111097 -0.255159 -6.940928 -23.107645 16.319263 -19.881241 4.091203 -5.413453 5.862733 7.968008 -5.244819 -7.448445 -21.519173 -8.622772 26.548151 12.327258 -4.948731 -5.997037 3.511849 21.647541 -11.396455 -20.945295
1.936518 12.786764 10.160839 -7.459219 -12.469116 -13.983690 6.459277 16.096689 14.304730 0.785460 -8.581327 -21.144411 16.891861 -19.391968 3.975952 -3.575371 5.323616 7.852684 -5.253367 -7.699906 -21.916052 -4.508065 28.703863 13.321920 -5.705652 -6.242762 3.628826 20.380106 -11.247895 -19.542978
2.037093 11.733068 12.404474 -6.086461 -12.123685 -13.630073 7.095087 15.026416 15.107466 0.132658 -9.458759 -19.305744 16.952534 -19.244659 4.675508 -1.269066 4.762671 7.066190 -5.230311 -7.944990 -21.557190 -1.235437 29.990335 13.900463 -6.894423 -7.077859 3.932229 19.317123 -9.809049 -17.942818
3.278082 12.036070 15.379568 -4.394494 -12.138853 -12.191440 7.374729 12.516988 15.411339 -0.568758 -12.211304 -17.162468 15.363115 -18.450918 6.974849 1.402477 3.438496 6.012721 -4.097666 -8.597413 -20.914812 3.066962 30.814056 13.891296 -7.888920 -8.037216 4.313281 18.450108 -8.056785 -15.631358
4.195100 12.075447 18.479195 -2.748933 -11.863931 -10.915477 8.110978 10.305094 15.974660 -1.251253 -14.219537 -14.633831 14.299033 -18.020767 8.661852 4.101217 2.358964 5.827353 -3.696254 -8.910750 -20.606745 7.014513 31.926428 12.991462 -8.093534 -9.120219 5.174605 18.208103 -7.636608 -12.505836
5.806606 12.104813 20.835997 -1.184790 -11.744234 -9.494335 8.160357 7.625625 16.521233 -1.757627 -14.635300 -12.253165 13.343244 -18.525255 9.876452 7.338433 1.544079 5.371443 -4.171954 -8.899141 -21.636976 10.563201 33.051506 10.034397 -7.412087 -11.179456 6.469783 18.357664 -7.095681 -6.613853
6.678513 11.695059 22.759258 -0.831747 -11.956378 -8.387233 7.012584 4.902861 16.673584 -2.644840 -15.155839 -10.339433 12.178626 -19.371393 11.090737 10.190202 0.424469 4.686567 -4.777105 -8.885083 -20.970381 13.415487 33.375145 9.672820 -8.160902 -12.784279 6.984061 17.095558 -7.757071 -3.206337
6.523635 11.407970 24.125378 0.392373 -12.449739 -7.209835 6.343161 2.916245 17.003834 -3.425834 -15.074139 -8.363380 10.757777 -20.086887 11.575968 13.619908 0.296522 3.448856 -5.573888 -8.956632 -20.266134 13.198430 33.831718 7.524388 -8.349227 -14.023476 7.785772 15.559340 -8.576043 -0.023765
5.232432 10.788515 24.929123 0.612211 -12.811606 -6.322846 5.434853 1.410542 17.279959 -4.451735 -15.743867 -7.175563 9.930543 -20.135784 11.201121 16.174442 0.921141 2.287828 -6.302874 -8.808331 -20.418915 13.965432 34.337463 6.393310 -9.013426 -15.223554 8.101488 14.062487 -9.842763 2.349778
4.600039 10.179843 25.038162 0.496888 -12.935299 -5.742202 4.761716 0.498804 17.660601 -4.891901 -16.052546 -5.828391 9.392730 -20.041080 11.027821 17.558409 1.876476 1.447022 -7.024270 -8.593912 -19.259794 14.231027 34.145287 4.917147 -9.208184 -16.037266 8.651448 13.425677 -10.528735 4.095626
3.903195 9.693342 25.017567 0.859660 -13.231056 -5.252414 3.891943 -0.419393 17.704245 -5.128014 -16.091764 -4.956038 8.720118 -19.579113 10.926306 18.543722 2.700161 0.945792 -7.533254 -8.722486 -17.168781 15.407047 34.256943 3.954175 -9.487843 -16.367340 9.569419 12.931679 -10.784613 5.286036
3.230595 9.017666 25.241665 1.103479 -13.386042 -4.527841 2.978661 -1.649867 17.821236 -5.231984 -16.134090 -4.333453 7.883161 -19.033997 11.072190 19.098642 3.448282 0.374653 -7.737434 -8.606832 -15.502906 16.778931 34.228153 3.712743 -9.901686 -17.168850 10.143619 12.494775 -9.997995 6.890004
2.307366 8.577835 25.346901 1.264294 -13.530582 -4.047905 2.409534 -2.336868 17.906202 -5.529010 -15.996614 -3.592111 7.103370 -18.515232 11.250699 19.564568 4.159069 0.049418 -7.781130 -8.965444 -14.155409 16.578812 34.138763 2.906606 -9.935734 -17.511620 10.262855 11.987419 -10.447400 7.148657
1.888755 8.415998 25.176508 1.192068 -13.567421 -3.959609 2.340992 -2.324611 18.146736 -5.898692 -15.958351 -3.723720 6.764211 -18.280865 11.143506 20.105564 4.331656 -0.104597 -7.770576 -9.080356 -13.429357 16.486826 34.047226 2.459936 -9.772303 -17.960152 10.144486 11.947852 -10.762685 7.323904
1.501056 8.274729 25.192118 1.064745 -13.580494 -3.802653 2.237557 -2.449941 18.182110 -5.986133 -16.027874 -3.409614 6.359666 -18.053921 11.098960 20.053352 4.646382 -0.222554 -7.845190 -9.304090 -13.050977 16.443153 34.058567 2.296776 -9.710755 -18.100006 10.119248 11.869595 -11.034378 7.400755
1.674451 8.192042 25.154976 1.265909 -13.633592 -3.898913 2.139610 -2.478081 18.171854 -6.039649 -16.048807 -3.335717 6.490232 -18.049709 11.171608 20.194481 4.547469 -0.110064 -7.803569 -9.197900 -13.085170 16.608301 33.845188 2.395466 -9.817848 -18.143209 10.085698 11.942190 -10.871139 7.381123
2.025739 8.132642 24.897305 1.499629 -13.628666 -4.094774 2.133640 -2.344936 18.240149 -6.163720 -15.944205 -3.303684 6.648448 -17.964775 11.236076 20.415773 4.437595 -0.026113 -7.704808 -9.206866 -13.056243 16.892014 33.686150 2.393512 -9.794973 -18.076092 10.058440 12.123438 -10.856545 7.244700
2.201835 7.758234 24.726597 1.548357 -13.468996 -4.280758 2.092555 -2.321453 18.392111 -6.342399 -15.913821 -3.242996 6.911545 -17.912537 11.324608 20.637197 4.270746 0.131971 -7.500154 -9.265580 -13.124837 17.274235 33.525826 2.159539 -9.887615 -18.247972 9.846855 12.229315 -10.411279 7.161479
2.439564 7.398798 24.700638 1.801034 -13.383871 -4.387396 2.042149 -2.440129 18.566717 -6.549455 -15.735378 -2.846843 6.919817 -17.891054 11.607507 20.680967 4.255384 0.247435 -7.327450 -9.313357 -13.167684 17.674660 33.083210 1.903641 -9.958870 -18.488201 9.623853 12.537501 -10.061893 7.084657
2.667521 6.940924 24.550823 1.489094 -13.049999 -4.675994 2.258623 -2.189885 18.917889 -7.020742 -15.164163 -2.813916 7.119606 -17.799799 11.956033 20.930243 4.046331 0.386442 -7.001245 -9.237866 -13.151984 17.956240 32.836201 1.362847 -9.905075 -18.932371 9.210262 12.952058 -9.615906 6.940448
2.984292 6.394359 24.163525 1.359078 -12.722051 -5.117999 2.423144 -1.812250 19.323458 -7.547114 -14.586586 -2.767172 7.614964 -17.856216 12.204402 21.543722 3.888968 0.452259 -6.779822 -9.101871 -13.403417 18.578022 32.165230 1.432710 -10.311085 -19.425388 8.841083 13.150671 -9.021510 6.965219
3.476918 5.853562 23.722733 1.475501 -12.456255 -5.570965 2.452807 -1.581937 19.761518 -8.179415 -14.188401 -2.542834 7.763642 -17.907663 12.708139 21.723787 3.569735 0.830291 -6.311070 -9.120452 -13.611677 19.148447 31.101618 1.500659 -10.829525 -20.189489 8.223242 13.422291 -7.879254 6.994533
4.002900 5.265649 23.015329 1.403030 -12.235470 -6.253508 2.232287 -1.239589 19.990667 -8.804117 -13.752563 -2.130004 8.001494 -17.546177 12.831401 22.373106 3.710992 0.979281 -6.069449 -9.058939 -13.536036 19.686594 30.405771 1.388716 -10.996136 -20.490917 7.837972 13.825346 -7.529341 6.736738
4.146811 4.666948 22.509052 1.339420 -12.050408 -6.487197 2.086804 -1.169679 20.450640 -9.465679 -13.402734 -1.702577 7.930440 -17.326977 13.202054 22.443182 3.643909 1.293604 -5.759244 -8.810246 -13.536984 20.191893 29.752367 1.162301 -11.260197 -21.026936 7.435997 14.013549 -6.909997 6.789664
4.618962 4.031580 21.937073 1.506084 -11.842510 -6.913795 1.870554 -1.080407 20.830755 -9.919642 -12.671666 -1.409003 8.285687 -17.372471 13.781413 22.995951 3.436371 1.445144 -5.551861 -8.449039 -13.240186 21.067003 29.064672 1.185425 -11.535807 -21.597874 7.182562 14.343085 -6.124574 6.935287
5.111416 3.293430 21.499571 1.634661 -11.647212 -7.258462 1.566832 -1.151729 21.199823 -10.340179 -11.876049 -1.243126 8.615684 -17.329456 14.205530 23.698729 3.331267 1.658261 -5.356033 -8.231462 -13.191941 22.212194 28.669893 1.230676 -11.832233 -22.149616 6.812900 14.597143 -5.514084 6.898131
5.551304 2.767761 20.805180 1.763460 -11.621803 -7.682236 1.237389 -0.993642 21.471350 -10.993156 -11.264066 -0.846839 9.031886 -17.206472 14.117974 24.310303 3.598203 1.948173 -5.423282 -8.002744 -13.395894 22.627031 27.585192 1.407494 -12.338223 -22.849176 6.405959 14.738329 -4.364371 7.159479
6.107064 2.340534 20.455067 1.623428 -11.497356 -7.908010 0.715838 -1.259166 21.542553 -11.298300 -10.544105 -0.514665 9.156152 -17.261003 14.334903 24.949446 3.636443 1.824785 -5.391391 -7.954002 -13.175533 23.372099 26.979555 1.497013 -12.649180 -23.428848 6.144050 14.842867 -3.876358 7.367660
6.302287 1.849555 20.041121 1.569484 -11.491323 -8.094925 0.266205 -1.435448 21.779310 -12.050201 -10.140953 -0.211659 9.261525 -17.235085 14.642627 25.261229 3.597889 1.680508 -5.130268 -8.027763 -13.429092 24.455843 25.518761 2.172543 -13.247959 -24.324141 5.904680 15.351267 -3.186811 8.083696
6.470449 1.537352 19.753407 1.330563 -11.289968 -8.237144 0.244696 -1.390231 22.111059 -12.650108 -9.528107 0.066640 9.330868 -17.140575 15.063620 25.764244 3.468507 1.800255 -4.922788 -8.007801 -13.312913 25.473782 24.966139 2.098861 -13.500756 -24.801138 5.757475 15.690178 -2.691618 8.266518
6.878508 1.313176 19.252447 1.484637 -11.278509 -8.413351 -0.008521 -1.431799 22.306360 -13.200093 -9.126852 0.300293 9.352020 -17.057852 15.465161 26.121161 3.384926 1.672441 -4.706387 -7.942057 -13.303937 26.155588 24.458857 2.449169 -13.938230 -25.393341 5.595438 15.716532 -2.291710 8.586148
6.811258 1.018932 18.922340 1.384202 -11.254884 -8.540302 -0.248355 -1.458269 22.467808 -13.731777 -8.878059 0.424927 9.426431 -16.922653 15.661490 26.242516 3.364920 1.623817 -4.544723 -7.937305 -13.227283 26.838335 23.824862 2.852700 -14.420177 -25.954674 5.418077 15.592873 -1.613582 9.057051
6.898170 0.815445 18.659603 1.462337 -11.208385 -8.673123 -0.188458 -1.298872 22.695978 -14.063036 -8.775714 0.526390 9.386655 -16.904930 15.789062 26.214825 3.322038 1.690178 -4.434223 -8.007494 -13.180163 27.344233 23.343466 3.126547 -14.663355 -26.415653 5.296012 15.712530 -1.569519 9.315012
7.065132 0.751705 18.496845 1.495397 -11.170858 -8.718436 -0.269399 -1.335953 22.759701 -14.135043 -8.668741 0.583780 9.401906 -16.891846 15.871349 26.333267 3.307501 1.637506 -4.412156 -7.918758 -13.287891 27.449261 22.997612 3.254837 -14.862883 -26.662628 5.195811 15.725014 -1.343777 9.404739
7.128698 0.751294 18.417963 1.470013 -11.148710 -8.747770 -0.315400 -1.351329 22.760870 -14.139849 -8.540963 0.585648 9.461965 -16.879547 15.894538 26.408548 3.282075 1.688549 -4.445834 -7.846918 -13.309898 27.524565 22.874069 3.304401 -14.937337 -26.693760 5.173946 15.715508 -1.368906 9.384182
7.128698 0.751294 18.417963 1.470013 -11.148710 -8.747770 -0.315400 -1.351329 22.760870 -14.139849 -8.540963 0.585648 9.461965 -16.879547 15.894538 26.408548 3.282075 1.688549 -4.445834 -7.846918 -13.309898 27.524565 22.874069 3.304401 -14.937337 -26.693760 5.173946 15.715508 -1.368906 9.384182
7.124154 0.754227 18.428614 1.472034 -11.156194 -8.751883 -0.318486 -1.349182 22.753098 -14.142685 -8.538550 0.583921 9.459003 -16.875854 15.892475 26.412197 3.277574 1.693100 -4.447589 -7.850602 -13.307134 27.524687 22.873865 3.304118 -14.936749 -26.694954 5.173500 15.715347 -1.369649 9.384748
7.124154 0.754227 18.428614 1.472034 -11.156194 -8.751883 -0.318486 -1.349182 22.753098 -14.142685 -8.538550 0.583921 9.459003 -16.875854 15.892475 26.412197 3.277574 1.693100 -4.447589 -7.850602 -13.307134 27.524687 22.873865 3.304118 -14.936749 -26.694954 5.173500 15.715347 -1.369649 9.384748
7.124154 0.754227 18.428614 1.472034 -11.156194 -8.751883 -0.318486 -1.349182 22.753098 -14.142685 -8.538550 0.583921 9.459003 -16.875854 15.892475 26.412197 3.277574 1.693100 -4.447589 -7.850602 -13.307134 27.524687 22.873865 3.304118 -14.936749 -26.694954 5.173500 15.715347 -1.369649 9.384748
7.124154 0.754227 18.428614 1.472034 -11.156194 -8.751883 -0.318486 -1.349182 22.753098 -14.142685 -8.538550 0.583921 9.459003 -16.875854 15.892475 26.412197 3.277574 1.693100 -4.447589 -7.850602 -13.307134 27.524687 22.873865 3.304118 -14.936749 -26.694954 5.173500 15.715347 -1.369649 9.384748
7.124154 0.754227 18.428614 1.472034 -11.156194 -8.751883 -0.318486 -1.349182 22.753098 -14.142685 -8.538550 0.583921 9.459003 -16.875854 15.892475 26.412197 3.277574 1.693100 -4.447589 -7.850602 -13.307134 27.524687 22.873865 3.304118 -14.936749 -26.694954 5.173500 15.715347 -1.369649 9.384748
7.124154 0.754227 18.428614 1.472034 -11.156194 -8.751883 -0.318486 -1.349182 22.753098 -14.142685 -8.538550 0.583921 9.459003 -16.875854 15.892475 26.412197 3.277574 1.693100 -4.447589 -7.850602 -13.307134 27.524687 22.873865 3.304118 -14.936749 -26.694954 5.173500 15.715347 -1.369649 9.384748
7.124154 0.754227 18.428614 1.472034 -11.156194 -8.751883 -0.318486 -1.349182 22.753098 -14.142685 -8.538550 0.583921 9.459003 -16.875854 15.892475 26.412197 3.277574 1.693100 -4.447589 -7.850602 -13.307134 27.524687 22.873865 3.304118 -14.936749 -26.694954 5.173500 15.715347 -1.369649 9.384748
7.126493 0.753882 18.428337 1.475120 -11.154719 -8.749743 -0.316732 -1.350871 22.755291 -14.141864 -8.538089 0.583761 9.459198 -16.875717 15.892297 26.412022 3.277852 1.692645 -4.447604 -7.850266 -13.310609 27.524340 22.874781 3.304805 -14.937414 -26.696545 5.171488 15.714140 -1.372981 9.384992
7.126493 0.753882 18.428337 1.475120 -11.154719 -8.749743 -0.316732 -1.350871 22.755291 -14.141864 -8.538089 0.583761 9.459198 -16.875717 15.892297 26.412022 3.277852 1.692645 -4.447604 -7.850266 -13.310609 27.524340 22.874781 3.304805 -14.937414 -26.696545 5.171488 15.714140 -1.372981 9.384992
7.126493 0.753882 18.428337 1.475120 -11.154719 -8.749743 -0.316732 -1.350871 22.755291 -14.141864 -8.538089 0.583761 9.459198 -16.875717 15.892297 26.412022 3.277852 1.692645 -4.447604 -7.850266 -13.310609 27.524340 22.874781 3.304805 -14.937414 -26.696545 5.171488 15.714140 -1.372981 9.384992
7.126493 0.753882 18.428337 1.475120 -11.154719 -8.749743 -0.316732 -1.350871 22.755291 -14.141864 -8.538089 0.583761 9.459198 -16.875717 15.892297 26.412022 3.277852 1.692645 -4.447604 -7.850266 -13.310609 27.524340 22.874781 3.304805 -14.937414 -26.696545 5.171488 15.714140 -1.372981 9.384992
7.126493 0.753882 18.428337 1.475120 -11.154719 -8.749743 -0.316732 -1.350871 22.755291 -14.141864 -8.538089 0.583761 9.459198 -16.875717 15.892297 26.412022 3.277852 1.692645 -4.447604 -7.850266 -13.310609 27.524340 22.874781 3.304805 -14.937414 -26.696545 5.171488 15.714140 -1.372981 9.384992
7.126493 0.753882 18.428337 1.475120 -11.154719 -8.749743 -0.316732 -1.350871 22.755291 -14.141864 -8.538089 0.583761 9.459198 -16.875717 15.892297 26.412022 3.277852 1.692645 -4.447604 -7.850266 -13.310609 27.524340 22.874781 3.304805 -14.937414 -26.696545 5.171488 15.714140 -1.372981 9.384992
1.589744 -2.859090 16.619480 0.873402 -11.168790 -9.976293 0.550730 2.974514 21.368622 -7.718413 -9.743409 -0.679134 15.638202 -12.487225 9.460317 25.592623 8.421422 4.031967 -3.441887 -6.849020 -10.370749 22.532351 18.994034 16.263731 -24.345186 -24.287695 3.638679 7.139485 -1.614188 2.446739
1.589744 -2.859090 16.619480 0.873402 -11.168790 -9.976293 0.550730 2.974514 21.368622 -7.718413 -9.743409 -0.679134 15.638202 -12.487225 9.460317 25.592623 8.421422 4.031967 -3.441887 -6.849020 -10.370749 22.532351 18.994034 16.263731 -24.345186 -24.287695 3.638679 7.139485 -1.614188 2.446739
1.589744 -2.859090 16.619480 0.873402 -11.168790 -9.976293 0.550730 2.974514 21.368622 -7.718413 -9.743409 -0.679134 15.638202 -12.487225 9.460317 25.592623 8.421422 4.031967 -3.441887 -6.849020 -10.370749 22.532351 18.994034 16.263731 -24.345186 -24.287695 3.638679 7.139485 -1.614188 2.446739
1.589744 -2.859090 16.619480 0.873402 -11.168790 -9.976293 0.550730 2.974514 21.368622 -7.718413 -9.743409 -0.679134 15.638202 -12.487225 9.460317 25.592623 8.421422 4.031967 -3.441887 -6.849020 -10.370749 22.532351 18.994034 16.263731 -24.345186 -24.287695 3.638679 7.139485 -1.614188 2.446739
1.589744 -2.859090 16.619480 0.873402 -11.168790 -9.976293 0.550730 2.974514 21.368622 -7.718413 -9.743409 -0.679134 15.638202 -12.487225 9.460317 25.592623 8.421422 4.031967 -3.441887 -6.849020 -10.370749 22.532351 18.994034 16.263731 -24.345186 -24.287695 3.638679 7.139485 -1.614188 2.446739
1.027031 -3.076575 16.544436 -0.220764 -11.482803 -10.526268 0.198711 3.772830 20.695772 -7.187451 -9.241243 -0.139226 15.992424 -13.110175 8.791094 24.422976 9.115334 3.967470 -4.660621 -6.106803 -10.673081 23.344170 18.958147 15.527271 -23.660538 -23.877243 3.720053 8.162108 -1.971685 2.284149
1.590552 -3.016072 16.740284 -0.682154 -11.350145 -10.366716 0.094381 3.482392 20.592550 -7.010849 -9.001013 0.009036 15.817457 -13.534224 8.913375 24.441961 8.733562 4.027803 -5.099006 -6.004184 -10.654212 23.938522 19.049080 15.112539 -23.697521 -23.206802 4.073296 8.308765 -1.689307 1.976676
1.413466 -3.116173 16.608181 -0.431956 -11.412413 -10.419576 0.098677 3.592003 20.594751 -6.857198 -9.078021 -0.041478 15.750882 -13.453125 8.792262 24.488340 8.737273 4.216605 -5.076018 -6.181895 -10.439906 23.997171 19.197830 14.893735 -23.570957 -23.248384 4.098617 8.294436 -1.668070 2.151110
1.338444 -3.179596 16.569559 -0.374362 -11.401585 -10.451338 0.122404 3.636342 20.627821 -6.855966 -9.145871 -0.073178 15.821149 -13.358122 8.785976 24.481689 8.794155 4.192889 -4.993254 -6.159904 -10.548989 24.017128 19.149618 14.996313 -23.672297 -23.269642 4.051208 8.246943 -1.761874 2.089182
1.309811 -3.198494 16.558075 -0.345509 -11.404759 -10.459427 0.130553 3.654921 20.628969 -6.836644 -9.156683 -0.079085 15.831171 -13.343462 8.786849 24.480070 8.799693 4.192730 -4.979527 -6.160359 -10.554282 24.026464 19.156736 15.006344 -23.672188 -23.267525 4.045180 8.247911 -1.782543 2.080252
1.309811 -3.198494 16.558075 -0.345509 -11.404759 -10.459427 0.130553 3.654921 20.628969 -6.836644 -9.155649 -0.079108 15.830970 -13.344088 8.787247 24.480333 8.799500 4.191829 -4.979554 -6.160573 -10.553149 24.025242 19.155506 15.009415 -23.675123 -23.266365 4.045574 8.246120 -1.782374 2.076818
1.308115 -3.198501 16.557186 -0.348436 -11.405724 -10.461277 0.129317 3.657035 20.626646 -6.835225 -9.161569 -0.076320 15.836663 -13.342207 8.789420 24.470583 8.800905 4.188637 -4.987088 -6.151317 -10.537408 24.033545 19.154911 14.987915 -23.660278 -23.254210 4.058859 8.259586 -1.764016 2.086519
1.308069 -3.198344 16.558165 -0.353238 -11.405832 -10.461390 0.128596 3.657756 20.624735 -6.833323 -9.162256 -0.077047 15.837278 -13.341298 8.790868 24.471327 8.800503 4.186390 -4.984378 -6.151985 -10.531873 24.032061 19.155025 14.997800 -23.663910 -23.254988 4.056456 8.255692 -1.764429 2.081890
1.308069 -3.198344 16.558165 -0.353238 -11.405832 -10.461390 0.128596 3.657756 20.624735 -6.833323 -9.162256 -0.077047 15.837278 -13.341298 8.790868 24.471327 8.800503 4.186390 -4.984378 -6.151985 -10.537152 24.032646 19.152075 14.997278 -23.666527 -23.252634 4.058108 8.256487 -1.764896 2.079612
1.301983 -3.203526 16.559744 -0.353901 -11.403666 -10.448102 0.138064 3.665379 20.608074 -6.763527 -9.152309 -0.060151 15.804190 -13.379973 8.788295 24.461145 8.785886 4.207118 -5.016424 -6.163610 -10.543889 24.059227 19.165562 14.934658 -23.613440 -23.262753 4.057867 8.303318 -1.779882 2.120898
1.306177 -3.201180 16.562180 -0.351474 -11.402920 -10.447386 0.137738 3.660744 20.609894 -6.769059 -9.161028 -0.062655 15.815557 -13.364668 8.785377 24.459112 8.791328 4.203943 -5.006774 -6.161138 -10.546199 24.056997 19.169006 14.929314 -23.613110 -23.254623 4.064966 8.303284 -1.771927 2.119917
1.306139 -3.200913 16.561256 -0.349726 -11.402792 -10.447756 0.138474 3.661626 20.610273 -6.768480 -9.160212 -0.061626 15.813294 -13.366076 8.787115 24.460123 8.789045 4.203311 -5.007180 -6.161060 -10.548919 24.060720 19.171228 14.922906 -23.606049 -23.257065 4.065549 8.309155 -1.773330 2.128634
1.301609 -3.204191 16.559483 -0.345987 -11.403658 -10.449228 0.138840 3.664436 20.610126 -6.765984 -9.160316 -0.063387 15.815173 -13.364251 8.786037 24.460299 8.790322 4.203901 -5.005732 -6.160578 -10.545650 24.052687 19.167414 14.934635 -23.616199 -23.258219 4.064952 8.299388 -1.768680 2.123464
1.300992 -3.203944 16.559053 -0.344526 -11.404164 -10.449552 0.138892 3.664923 20.610020 -6.765983 -9.161068 -0.063591 15.815914 -13.363263 8.785851 24.460079 8.791001 4.203608 -5.004849 -6.160494 -10.552736 24.050592 19.166880 14.935842 -23.617767 -23.263596 4.060034 8.298982 -1.771322 2.123178
1.301550 -3.203679 16.559303 -0.345737 -11.404065 -10.449329 0.138649 3.664623 20.609814 -6.765955 -9.160217 -0.063334 15.815213 -13.364386 8.786043 24.460157 8.790662 4.203632 -5.005530 -6.160536 -10.552736 24.050592 19.166880 14.935842 -23.617767 -23.263596 4.060034 8.298982 -1.771322 2.123178
1.298012 -3.205259 16.559189 -0.338871 -11.404091 -10.450720 0.141093 3.666644 20.610132 -6.763369 -9.160500 -0.063770 15.815225 -13.364082 8.787721 24.459833 8.789933 4.202060 -5.004484 -6.161405 -10.553206 24.061665 19.170990 14.923588 -23.605263 -23.259407 4.061070 8.311773 -1.781364 2.124954
1.300701 -3.205600 16.560158 -0.352552 -11.404729 -10.448544 0.137096 3.665106 20.608221 -6.763993 -9.167212 -0.066568 15.822632 -13.355215 8.782128 24.457846 8.796592 4.205544 -5.000604 -6.161211 -10.552100 24.062628 19.170843 14.927309 -23.606518 -23.259331 4.059509 8.310495 -1.781638 2.123075
1.299599 -3.206263 16.559944 -0.352862 -11.404873 -10.448709 0.137415 3.666209 20.607534 -6.761780 -9.159597 -0.063947 15.814613 -13.366333 8.784946 24.459454 8.791598 4.205549 -5.007645 -6.161963 -10.552772 24.064632 19.169939 14.931425 -23.608366 -23.259752 4.059251 8.309501 -1.781438 2.122720
1.318351 -3.193156 16.563293 -0.360622 -11.402211 -10.444717 0.133071 3.652343 20.612312 -6.783331 -9.152836 -0.063982 15.818776 -13.365488 8.786557 24.461340 8.793338 4.195277 -5.004798 -6.161017 -10.555936 24.069878 19.171774 14.919662 -23.598705 -23.266466 4.061061 8.318308 -1.778984 2.138789
1.318409 -3.193078 16.563526 -0.361493 -11.402222 -10.444645 0.133038 3.652318 20.612207 -6.783247 -9.152911 -0.063903 15.818649 -13.365515 8.786765 24.461538 8.793063 4.195151 -5.004700 -6.160980 -10.556441 24.068560 19.172533 14.918175 -23.598562 -23.266197 4.061221 8.317918 -1.778139 2.138464
1.318409 -3.193078 16.563526 -0.361493 -11.402222 -10.444645 0.133038 3.652318 20.612207 -6.783247 -9.152911 -0.063903 15.818649 -13.365515 8.786765 24.461538 8.793063 4.195151 -5.004700 -6.160980 -10.557376 24.067049 19.172503 14.918121 -23.599445 -23.266483 4.061136 8.317236 -1.776022 2.137946
