-16.734787 -21.083199 5.880703 5.451293 -8.616390 -8.887852 -16.051399 -7.466202 15.243231 16.198156 0.006545 3.792065 10.208970 17.448719 6.081692 6.122348 25.176331 4.191572 -3.541279 -13.894315 16.910139 -11.754973 21.628571 12.429008 -28.869867 -21.686213 1.906947 -18.046204 2.372685 -10.016581
-16.960585 -20.907522 5.962026 5.438531 -8.562602 -8.719080 -15.779909 -7.391452 15.308071 16.199244 0.086742 3.731973 10.334298 17.359447 6.043180 6.161964 25.171289 4.256115 -3.538156 -13.819892 16.982401 -11.644361 21.542875 12.343761 -28.898252 -21.771900 1.835734 -17.997257 2.348939 -10.081465
-16.895790 -20.917070 6.051318 5.418379 -8.423222 -8.777572 -15.423291 -7.150355 15.462494 16.060553 0.445940 3.473220 10.976766 16.977524 5.984545 6.278787 25.142820 4.302718 -3.688245 -13.214631 16.856493 -11.682663 21.350273 12.213898 -28.997383 -21.883751 1.702855 -17.929882 2.470194 -10.165478
-17.203577 -20.811119 6.238283 5.078915 -7.981607 -8.570743 -14.546052 -6.805749 15.890464 15.970598 0.626041 3.235821 11.491774 16.676540 6.053689 6.384681 24.820749 4.587566 -3.638449 -12.774947 16.800991 -11.677626 20.807299 11.936706 -29.077232 -22.149532 1.400383 -17.544914 2.293210 -10.497398
-17.274172 -20.947638 6.474525 4.933149 -7.913402 -8.596488 -14.455314 -6.815789 15.984821 15.946103 0.915743 2.975503 12.164926 16.240316 6.100194 6.576782 24.563578 4.782641 -3.648237 -12.300065 16.857414 -11.813458 20.465700 11.754853 -29.190210 -22.338461 1.254964 -17.412434 2.337713 -10.627979
-17.473888 -20.955759 6.996920 4.751591 -7.692379 -8.539122 -13.866191 -6.632843 16.205408 15.868110 0.730538 2.965160 12.118193 16.301575 6.219998 6.602366 24.332537 4.973423 -3.377660 -12.577003 17.330278 -11.345647 19.948776 11.288923 -29.398399 -22.912411 0.850588 -17.297647 2.496642 -10.777370
-17.471514 -21.063875 7.157268 4.598616 -7.374069 -8.523409 -13.249628 -6.364408 16.578257 15.656761 1.272583 2.925452 13.005491 16.010315 6.474895 6.953179 23.884539 5.218940 -3.321141 -12.032624 17.975870 -11.024347 19.409861 10.899982 -29.463297 -23.410030 0.549650 -17.083031 1.945667 -10.980612
-17.371639 -21.583416 7.302277 4.218864 -6.977434 -8.669888 -12.790931 -6.137615 17.011625 15.327088 1.599961 3.120258 13.293365 16.026985 6.669457 7.382143 23.575241 5.534198 -3.080315 -12.234196 18.228203 -10.157639 19.487543 10.651139 -29.535429 -23.561073 0.309479 -17.041508 1.502028 -11.308146
-17.194998 -21.788635 7.425432 3.993036 -6.629411 -8.811310 -12.269099 -5.834421 17.322897 15.107848 1.962559 3.123513 13.742961 15.869307 6.746964 7.723146 23.329456 5.709166 -2.919339 -12.179879 18.363760 -9.612367 19.351240 10.366743 -29.667585 -23.677940 0.097751 -17.003054 1.273447 -11.605379
-17.305128 -21.885506 7.526109 3.820908 -6.478122 -8.797503 -12.019179 -5.726683 17.482265 14.981749 2.079719 3.177472 13.936079 15.853405 6.888322 7.811160 23.166288 5.756901 -2.844778 -12.147408 18.429333 -9.335670 19.223536 10.359554 -29.677788 -23.710114 0.009374 -16.865915 1.027143 -11.765598
-17.404734 -21.908718 7.662936 3.702979 -6.344803 -8.755589 -11.762687 -5.640179 17.598946 14.913601 2.137459 3.204898 13.954793 15.885605 6.938837 7.876878 23.156752 5.732267 -2.772028 -12.175287 18.514738 -9.203225 19.202009 10.338131 -29.705349 -23.727814 0.017358 -16.884386 0.803084 -11.789945
-17.681829 -21.932604 8.183916 3.221135 -5.767244 -8.711026 -10.610746 -5.128109 18.123034 14.614665 2.798108 3.147333 14.570876 15.666745 6.914463 8.323082 23.191696 5.493594 -2.637508 -11.891860 18.797136 -8.780198 19.390379 10.181372 -29.726692 -23.834492 -0.066219 -16.936111 -0.277915 -12.045529
-18.314814 -22.200451 9.558871 2.172245 -4.595058 -8.650091 -8.172557 -3.998699 19.300222 13.619171 3.970112 3.009461 16.145836 14.863792 7.023932 9.555074 22.652571 5.828424 -2.325239 -11.292287 20.237555 -7.664922 19.086935 9.175340 -29.844425 -24.580584 -0.466180 -16.798128 -2.057809 -12.479605
-19.754942 -23.589163 11.730516 0.394543 -2.735716 -8.573650 -5.281839 -2.973598 20.994421 12.210896 4.367120 3.196543 17.657125 14.250843 7.337196 11.821003 21.135870 6.877913 -1.759768 -10.969024 19.025675 -5.484694 18.648521 7.800683 -30.858644 -23.100613 0.433318 -17.124601 -4.984070 -13.517647
-18.650944 -23.943575 13.792369 -1.040335 -0.920363 -9.139969 -1.596076 -0.859988 22.062216 11.896004 3.910463 4.019098 21.534981 12.288438 8.766701 11.975074 19.791056 7.018897 -1.858690 -6.776462 10.303702 -3.513724 14.879296 0.807546 -35.977879 -13.312126 6.752220 -19.510820 -12.824849 -15.889727
-16.698965 -23.508421 13.094566 -2.419725 -0.292591 -10.998970 -0.272188 1.603257 21.977198 12.128312 1.318878 5.235695 23.758516 10.407673 9.831182 10.761604 17.726467 8.076018 -1.626761 -4.673810 6.543584 -3.830083 9.227989 -3.543759 -39.514103 -8.612873 10.230884 -19.460501 -10.168035 -16.261404
-11.402870 -22.158627 12.847885 -1.710003 -0.575340 -13.056692 0.407873 3.530205 20.805597 14.361053 -3.583144 6.672769 24.000212 8.836994 9.556301 9.565612 15.012850 11.811087 -1.558533 -4.878864 7.075327 -7.462410 4.441839 -10.085130 -40.576977 -5.261090 11.718299 -20.245710 -6.524550 -16.582014
-6.238681 -20.689817 9.981157 0.001008 -0.951461 -14.685625 0.175052 5.011003 20.282248 15.647194 -6.925327 6.398725 24.110039 8.215118 9.554698 7.816890 13.138795 14.750170 -1.051768 -5.317999 6.429868 -14.772229 0.109787 -14.473122 -40.280857 -4.612282 10.975141 -19.402946 0.347909 -17.197767
-3.009051 -19.648539 7.407777 0.649676 -1.077683 -15.995376 -0.091424 6.318695 20.007212 16.520702 -9.880404 6.023139 23.206203 7.504313 10.070295 4.940150 11.993001 16.169376 -0.534555 -5.602326 4.904682 -21.085817 0.084021 -16.565744 -38.511234 -0.658088 10.881854 -18.095163 5.568027 -20.051212
-1.653823 -18.774406 6.563946 1.229725 -1.670611 -16.695358 -0.806578 6.719964 18.957497 17.470316 -11.410978 6.206993 23.110386 7.233028 10.556972 3.232103 11.280871 16.804483 -0.872838 -5.110548 3.392821 -23.374105 -1.025463 -17.610872 -37.783081 1.562176 10.914787 -15.919016 8.747766 -22.100328
-1.375195 -18.663103 6.402561 1.416353 -1.825881 -16.792774 -1.032578 6.691146 18.803604 17.622328 -11.591352 6.216147 23.060040 7.211273 10.563737 3.091995 11.276978 16.827484 -0.943238 -5.026311 3.399310 -23.589479 -0.889418 -17.606953 -37.541996 1.855107 10.968259 -15.633198 9.356393 -22.293680
-1.878000 -18.800676 7.046975 1.527987 -1.776572 -16.526409 -0.711991 6.542155 19.056490 17.213333 -11.670769 6.359124 22.893379 7.022285 10.812963 3.593452 11.458694 16.538721 -0.528036 -5.108781 3.819319 -23.837729 -0.912351 -17.883192 -37.692757 1.493733 10.894241 -16.151516 8.535029 -22.024481
-2.248205 -18.714476 8.392522 2.079983 -2.190869 -16.346821 -0.650154 6.206481 18.922558 16.946703 -11.854523 6.607699 22.570087 6.962690 10.905661 4.783676 11.863315 16.137506 -0.052720 -5.243479 5.805253 -23.167936 0.353960 -18.421852 -37.946999 1.613793 11.759191 -17.567364 8.032317 -21.292877
-3.298976 -18.858498 9.975864 2.303000 -2.463341 -16.134207 -0.379088 5.957069 18.947287 16.224907 -12.256449 7.061566 22.537260 6.848915 11.197886 6.196336 12.452514 15.318828 0.393216 -4.915598 8.755523 -22.091778 1.007701 -19.166431 -38.055355 2.277310 13.206777 -18.476612 7.715400 -20.594259
-4.309261 -18.894762 11.881999 3.319594 -2.828668 -15.495995 0.023525 5.313941 19.128901 15.480116 -11.762158 7.027338 22.521141 6.790877 10.876251 8.497010 12.707621 15.288623 0.837333 -5.480609 11.893920 -20.681936 0.881130 -19.209490 -38.223976 1.852018 14.237880 -19.063402 6.692465 -19.401854
-5.409056 -18.821770 13.910572 3.987983 -3.061648 -14.583165 0.494741 4.513938 19.162006 15.373447 -11.630219 7.038442 22.269604 6.721839 10.596192 10.616355 12.914141 15.066821 1.172879 -5.932707 15.050852 -18.412470 0.995766 -18.949003 -38.294090 1.537009 15.353571 -19.404217 4.813546 -18.393942
-6.601204 -18.705820 15.709325 5.039924 -3.315804 -13.349035 0.924066 3.475277 19.401375 15.233843 -10.927542 6.995419 22.485950 6.475170 9.904535 13.365838 12.771937 15.793569 1.356884 -6.457790 18.232189 -16.536779 1.014555 -18.704849 -38.174503 1.538316 16.614115 -19.533655 3.218453 -17.441618
-7.659532 -18.525473 16.758572 5.091535 -3.690311 -13.050709 0.730416 3.066650 19.134111 15.024212 -10.154761 6.986567 22.402224 6.796124 8.931515 15.415212 13.539031 15.676252 0.858481 -6.156042 21.344780 -16.192291 0.696960 -18.267344 -37.825516 1.487272 17.817335 -19.586006 1.567117 -16.453768
-7.878277 -18.317627 17.271328 5.884528 -3.679604 -12.259314 1.082046 2.542012 19.438250 15.187017 -10.062913 7.040770 22.331543 6.880247 8.725720 16.504805 13.918857 15.339221 0.485066 -5.677326 23.906275 -15.986976 0.459892 -17.556646 -37.321754 1.300452 18.602722 -19.319069 0.547139 -15.701555
-8.303938 -18.250681 17.488287 6.004793 -3.769019 -11.846246 0.972367 2.195268 19.387476 15.435065 -9.692523 6.921928 22.298878 7.041405 8.560834 16.942928 14.149802 15.098438 0.309354 -5.513444 24.783318 -15.875661 0.640409 -17.011038 -37.077614 1.091033 18.839249 -19.273094 0.156371 -15.333494
-8.221460 -18.217291 17.469604 6.060184 -3.750414 -11.848469 1.045147 2.234026 19.421602 15.421078 -9.673664 6.909270 22.356371 7.015555 8.557246 16.961084 14.139807 15.095420 0.290572 -5.449497 24.922823 -15.909032 0.567297 -17.061270 -37.056564 1.122454 18.875046 -19.240702 0.238937 -15.323635
-7.695691 -18.332758 17.238098 5.929323 -3.618433 -12.311860 1.165970 2.589277 19.477640 15.181036 -10.064251 6.951554 22.478584 6.768961 8.725153 16.548592 13.805171 15.341771 0.531781 -5.582013 24.287992 -15.724605 0.388833 -17.566956 -37.313740 1.441031 18.775133 -19.261065 1.093979 -15.586801
-6.219451 -18.614323 16.500801 6.003336 -3.717167 -13.364897 0.621857 3.000912 19.206728 15.067311 -10.650097 6.727643 22.679211 6.206244 9.393273 14.692709 13.253849 15.898564 1.488829 -6.069905 22.303175 -15.829263 -0.079463 -18.684862 -37.851124 1.641960 17.862137 -19.160427 3.849102 -16.357477
-4.896214 -18.979406 15.071724 5.244866 -3.370075 -14.471835 0.469772 3.944135 19.251993 15.026746 -11.313848 6.887742 22.664871 6.112636 10.454331 11.987942 13.033491 15.481419 2.022598 -6.239135 19.270895 -15.926255 0.058601 -19.135519 -38.342197 2.283512 16.980434 -18.794930 6.920802 -17.612267
-2.367367 -19.282045 12.563170 4.792642 -3.402593 -16.341496 -0.844733 4.944901 18.632853 15.468120 -11.922064 6.832181 23.121561 5.712064 11.283826 7.825056 13.457913 14.881269 1.861950 -5.204463 15.072877 -17.517305 0.849446 -19.690094 -38.596504 3.425364 16.097939 -18.673260 10.151343 -18.954571
0.231471 -18.991951 8.865726 4.158715 -2.554992 -17.044926 -0.885222 6.030872 18.933218 16.589104 -12.327080 7.011000 23.239632 5.681794 11.860846 3.526027 12.465281 15.603442 0.683972 -4.635860 10.636777 -17.698296 1.801483 -19.118395 -37.564060 6.157342 15.609954 -15.589640 16.761227 -21.578207
3.581089 -18.605066 5.113661 4.020686 -1.586174 -17.204264 -1.128551 6.376621 19.123968 18.594641 -12.436745 6.495348 23.473299 6.385573 11.737553 -0.300673 10.768786 17.040550 -1.154062 -3.668993 4.910881 -18.087975 0.747532 -16.576418 -36.813999 8.850504 15.951459 -11.930291 24.302395 -22.925238
2.557229 -17.399889 2.524644 3.716281 -2.801838 -20.464991 -1.890857 9.174785 19.686060 12.318558 -9.168506 3.072484 23.413208 3.870693 11.145011 -2.567422 11.001813 17.426992 1.124550 -6.499936 10.343939 -20.301401 11.738543 -3.872655 -26.965225 -2.781923 7.102357 -8.299810 36.134293 -16.339352
2.282645 -16.482994 -0.057784 2.597679 -2.284925 -21.103540 -1.070958 11.074937 20.381765 11.459976 -10.244791 2.111164 23.061539 3.607722 10.205024 -4.130297 8.973536 19.108047 0.204392 -7.491646 5.200803 -17.278143 18.789175 5.811397 -25.047752 -9.362532 1.917944 -7.424414 34.746758 -15.716749
3.879156 -14.641548 -2.192617 1.423960 -1.115320 -21.816601 0.965071 13.412346 21.006376 12.264170 -10.738281 -1.310712 23.652748 2.811162 9.138384 -6.093454 6.863111 21.547361 -0.268878 -7.613340 0.982511 -20.151531 22.542063 12.871223 -22.415787 -17.113522 -4.560320 -5.269177 31.429853 -16.573702
6.102164 -11.148600 -3.572240 -0.446846 -0.570087 -21.925432 3.467521 16.287275 19.958307 15.937963 -11.262969 -5.671134 24.527132 2.617111 7.903111 -9.497138 5.725670 23.716146 -0.447443 -6.980277 -0.267812 -21.448683 20.209143 17.148973 -20.999826 -17.332647 -5.527420 -0.411373 32.021343 -19.314533
6.765221 -7.171815 -5.067036 0.991919 -1.552970 -21.439310 5.214131 18.285702 19.234152 17.788109 -12.607538 -9.192262 23.952904 1.956782 7.376771 -11.324605 4.588679 22.637894 -0.491839 -6.922105 -0.996262 -20.110022 21.027988 21.208929 -18.545135 -15.898119 -4.412372 3.355880 31.920458 -19.865730
6.483785 -3.802160 -5.719342 0.523809 -2.520334 -20.396868 6.186224 19.146740 18.933123 16.964874 -12.517971 -13.185935 23.650921 0.957405 7.460568 -12.798642 3.415400 19.195723 -0.221974 -8.557566 -1.413744 -17.175623 24.496616 24.321772 -14.276525 -14.046084 -3.528935 8.646446 30.461679 -21.033340
6.250230 -0.343488 -7.468698 0.981352 -3.668578 -19.094185 6.688072 19.673700 18.853491 16.341612 -12.912178 -17.317398 22.356367 0.208304 7.913472 -13.449164 2.373657 17.109814 0.342817 -9.193532 -1.976113 -14.287789 27.262766 26.254211 -9.463976 -11.529357 -3.065401 14.638062 26.381628 -23.682245
5.602994 2.361663 -9.024015 2.491507 -4.930964 -18.308107 7.580255 20.941719 18.480997 16.658260 -13.169704 -20.375843 21.433062 -0.714892 6.872373 -13.781905 2.669558 16.593596 -0.315221 -8.079832 -2.000624 -12.406393 28.068224 26.428204 -3.681084 -10.138405 -2.363914 21.399115 19.855501 -24.408720
4.981641 5.077441 -10.613204 2.877231 -6.169797 -17.494259 7.743601 21.747238 17.936823 16.682659 -13.302005 -23.376297 20.473478 -1.783080 5.578550 -14.116815 2.937711 17.032562 -0.824141 -6.906794 -0.978392 -13.163277 26.595739 24.586334 0.602293 -10.186121 -1.605927 26.600426 15.305610 -23.971537
4.713461 7.821386 -12.040549 1.814716 -7.047635 -16.813074 7.480782 22.241390 17.130720 16.759258 -12.871479 -25.874632 18.874323 -2.388161 4.023137 -15.115524 4.181746 17.312885 -1.980711 -6.196002 -0.324305 -16.037996 22.977102 25.500370 2.058277 -10.712288 -0.998749 29.209412 11.584291 -23.758310
4.867294 10.774030 -12.886868 1.052119 -7.859625 -15.446583 7.181179 21.997620 15.812650 18.319244 -13.592796 -27.985373 17.270611 -2.725514 2.574434 -15.616542 5.280823 17.788712 -3.026239 -5.729026 0.240109 -19.960726 18.936979 24.469744 3.476069 -12.143308 -0.627732 31.044407 8.971947 -21.659754
4.416858 12.389235 -13.709694 1.011379 -8.484879 -14.795299 6.833789 21.989227 15.058126 18.750628 -14.437486 -29.185150 15.786458 -2.810333 1.448704 -15.906741 6.148885 18.183374 -3.726100 -5.617016 1.069932 -23.181822 16.157856 23.682781 3.969021 -13.232119 -0.540877 31.712727 6.748590 -20.907742
3.940532 13.570580 -14.320234 0.804793 -8.846589 -14.382158 6.874702 22.234043 14.771861 18.903233 -14.279202 -29.482210 15.186934 -2.878953 1.088498 -15.886382 6.725550 18.000561 -4.089100 -5.256963 1.655134 -24.456446 14.698462 23.120932 4.269348 -13.678745 -0.308713 32.278122 5.790436 -20.428450
