-0.148342 -5.243746 13.754166 3.166233 -10.266970 -9.730555 1.865376 4.723439 21.618530 -2.141451 -12.594101 -0.459816 20.304979 -7.658206 8.508075 22.295614 9.277439 3.209149 -4.420989 -4.066373 -4.080111 25.477695 15.056721 16.694880 -26.152260 -17.347967 8.885531 7.670448 2.315273 -2.649355
-0.310573 -5.179981 13.899767 3.099400 -10.287575 -9.661193 1.948791 4.733116 21.588869 -2.115579 -12.641401 -0.492694 20.247162 -7.742309 8.475564 22.159288 9.219039 3.259995 -4.493029 -4.139220 -4.027483 25.418154 15.377810 16.471664 -25.862518 -17.122755 8.943328 7.789855 1.996948 -2.727784
-0.358658 -4.959215 14.170052 3.054403 -10.343351 -9.505962 1.895644 4.544733 21.383574 -1.823621 -12.709349 -0.610194 20.241213 -7.820662 8.430924 22.187880 9.206537 3.114957 -4.571283 -4.080995 -4.122064 25.142576 15.785223 15.959749 -25.463186 -16.756207 9.049426 7.919667 1.860046 -2.869723
-0.296155 -4.709519 14.450994 3.294562 -10.356166 -9.381725 2.158767 4.581559 21.254786 -1.235792 -13.002294 -0.744915 20.142025 -7.919932 8.284432 22.076010 9.182128 3.144544 -4.693977 -4.117924 -4.058403 24.784472 16.321390 15.587240 -24.977375 -16.201946 9.238748 8.080097 1.082628 -3.310636
-0.531124 -4.423224 14.947580 3.286873 -10.361978 -9.125736 2.428535 4.510228 21.123568 -0.727443 -13.477940 -0.967890 20.128525 -7.947605 7.922418 21.702188 9.235785 3.262867 -4.871641 -4.173839 -3.958638 24.333651 16.582253 15.330241 -24.626812 -15.671092 9.497304 8.182860 0.779432 -3.535948
-0.718963 -4.123275 15.190471 3.559747 -10.547551 -8.975895 2.474848 4.473780 20.829607 -0.148402 -14.153381 -1.246222 20.110836 -7.997598 7.569387 21.124847 9.348005 3.164721 -5.084699 -4.115913 -3.973135 23.666494 16.863392 15.285304 -24.350925 -15.223950 9.806600 8.216792 0.225336 -3.579098
-0.878427 -3.588911 15.542679 3.357393 -10.442524 -8.796400 2.918824 4.631221 20.631567 0.551550 -14.527467 -1.530149 19.870653 -8.144921 7.354970 20.871380 9.320643 3.192041 -5.356751 -4.102646 -3.727547 22.934385 18.006912 14.831565 -23.797356 -14.350308 10.151041 7.942313 -0.499654 -4.124697
-1.298160 -3.079772 15.888710 3.303825 -10.466357 -8.549353 3.434317 4.813354 20.624212 0.715049 -15.122898 -1.853729 19.613207 -8.258053 7.194489 20.282522 9.161742 3.328888 -5.531946 -4.171615 -3.859888 22.584518 18.314978 14.993210 -23.447144 -13.941880 10.474124 8.191372 -0.729245 -4.061245
-1.754867 -2.605400 16.433525 3.129142 -10.410962 -8.178170 3.749587 4.702330 20.397627 1.435662 -15.737890 -2.286529 19.102171 -8.400434 7.185565 19.723993 8.941793 3.182184 -5.574238 -4.411406 -3.430218 22.020836 19.280561 15.194239 -23.171907 -13.303501 10.858661 7.762230 -1.590548 -4.400812
-2.329208 -1.994776 16.659578 3.031638 -10.559031 -7.879152 4.038111 4.849190 20.103487 1.940261 -16.521349 -2.503732 18.757465 -8.357080 6.696613 19.109642 9.065253 3.154047 -5.875063 -4.602338 -3.421326 20.754690 19.596960 15.220930 -23.065723 -12.734941 11.246963 7.399944 -2.135044 -4.573355
-2.813190 -1.403195 17.079382 2.874427 -10.679627 -7.455252 4.268395 4.765028 19.812073 2.418050 -17.272930 -2.800937 18.443491 -8.275768 6.160793 18.593794 9.111599 3.314079 -6.190075 -4.900637 -3.659536 19.753498 20.298571 15.137712 -22.787216 -12.051976 11.529235 6.953696 -3.061340 -4.934814
-2.930870 -0.802399 17.517744 2.967109 -10.840540 -7.236110 4.368238 4.650925 19.375839 3.042013 -17.748465 -3.273684 18.437813 -8.427118 5.760948 18.658197 9.117826 3.216386 -6.497767 -5.217781 -3.784431 19.143482 20.957735 15.450504 -22.702179 -11.589065 11.908788 6.632456 -3.457627 -5.023535
-3.623234 -0.269660 18.096546 2.959121 -11.033566 -6.568993 4.576329 4.366838 19.206553 3.606200 -18.361692 -3.775395 18.260403 -8.452929 5.478411 18.156759 9.063661 3.279240 -6.592875 -5.389534 -3.901561 18.849443 21.615883 15.701521 -22.591076 -11.376621 12.320954 6.226394 -3.650328 -4.587073
-4.150312 0.279128 18.418411 2.699875 -11.223187 -6.144006 4.509541 4.128361 18.808723 4.187185 -18.830885 -3.990593 17.951643 -8.340485 4.962723 18.152155 9.347558 3.032885 -7.040121 -5.498193 -3.714389 18.171307 22.635065 15.856747 -22.274830 -10.581770 12.961691 5.775175 -4.611486 -4.720830
-4.571404 0.774990 18.705860 2.506126 -11.400159 -5.729815 4.321875 3.761367 18.425089 4.702074 -19.520792 -4.028241 17.580780 -8.093712 4.472268 17.582779 9.664854 3.165090 -7.262041 -5.655040 -3.434798 17.404497 23.339649 15.759832 -21.896347 -10.150755 13.275517 5.561639 -4.959890 -4.760387
-4.785095 1.187361 18.791939 2.843563 -11.670156 -5.428295 4.132656 3.496798 18.135015 5.183180 -20.029259 -4.109216 17.404747 -8.160818 3.994631 17.417322 9.917480 3.118254 -7.592869 -5.779438 -3.442150 16.803711 23.757803 16.145662 -21.887506 -9.904409 13.546329 5.157077 -5.343521 -4.714917
-5.096996 1.488667 18.706356 2.729837 -11.729494 -5.343492 4.240577 3.691308 18.011141 5.519430 -20.281216 -4.507307 17.263422 -8.180712 3.849786 17.461052 9.840001 2.963680 -7.683195 -5.784143 -3.324111 16.119120 24.276793 16.318464 -21.904781 -9.601869 13.771745 4.687720 -5.688495 -4.867195
-5.351602 1.814476 18.870979 2.571408 -11.842722 -5.163925 4.297397 3.682315 17.880301 5.678207 -20.425924 -4.560717 16.994234 -8.167379 3.781152 17.237158 10.027660 2.850548 -7.839207 -5.724014 -3.158060 15.574925 24.458124 16.458338 -21.825888 -9.376563 13.997686 4.532908 -6.088493 -4.890793
-5.682484 1.869357 19.118595 2.363437 -11.832995 -4.952898 4.313085 3.529533 17.829792 5.815411 -20.553371 -4.596588 16.857563 -8.209248 3.698052 17.024664 10.170352 2.797455 -7.915881 -5.712742 -3.136635 15.256227 24.612534 16.480064 -21.876270 -9.426357 14.020967 4.314664 -6.129629 -4.831052
-5.932226 1.934281 19.093273 1.993940 -11.735143 -4.882358 4.395809 3.594102 17.844584 5.852280 -20.540396 -4.672918 16.727932 -8.208645 3.622809 16.894892 10.271569 2.686044 -7.949668 -5.810117 -3.060461 15.086444 24.838919 16.410055 -21.770916 -9.338231 14.066257 4.198461 -6.302824 -4.854684
-5.571681 2.076479 19.077370 1.995406 -11.714702 -5.062045 4.461859 3.725410 17.782129 5.921158 -20.488441 -4.980110 17.116016 -8.437801 3.687437 16.933132 9.940227 2.829304 -7.883316 -5.580005 -3.399333 15.143042 24.853888 16.464476 -21.751286 -9.253018 14.054193 4.364181 -6.071951 -4.948483
-5.088597 2.301409 19.271267 2.049068 -11.674448 -5.088981 4.521741 3.637550 17.540659 6.313081 -20.448519 -4.861488 17.364445 -8.705269 3.846337 16.489599 9.678612 3.029808 -7.902609 -5.534488 -4.250056 15.298051 25.242880 16.242622 -21.485954 -8.849035 14.052564 4.820232 -5.911983 -5.328490
-4.059718 2.822600 19.117746 1.955398 -11.459707 -5.438358 5.116248 4.171498 17.530245 6.644095 -20.472704 -5.705749 17.950699 -9.291750 3.729779 16.199724 8.757779 3.478837 -7.867517 -5.339057 -5.824957 15.595529 25.384317 16.491858 -21.209530 -8.335478 13.967123 5.647278 -5.645527 -5.860385
-3.199667 3.570818 18.835831 1.803552 -11.144315 -6.052209 6.096159 5.205476 17.577024 6.643960 -20.240679 -6.328832 18.850218 -9.752461 3.522163 15.710721 7.881425 4.283905 -7.809770 -5.395943 -7.333207 14.588863 25.711580 16.346743 -20.558964 -7.579035 13.694610 6.126612 -6.160572 -6.898441
-2.439865 4.168738 18.862293 1.568006 -10.634634 -6.310499 7.132847 5.868008 17.721254 6.789463 -20.017653 -7.305665 19.504391 -10.120615 3.694217 14.698132 6.902523 4.998846 -7.413529 -5.211153 -9.131231 13.659244 26.139143 16.538687 -19.792679 -7.352914 13.004028 6.918556 -5.547550 -7.660660
-1.611327 4.913739 18.770321 0.854942 -10.261519 -6.749750 7.768778 6.600835 17.368620 7.036322 -19.155691 -8.727210 19.736412 -10.587085 4.447789 13.214837 5.718370 5.254700 -6.592712 -5.312142 -10.271900 13.163783 26.967478 16.590389 -18.696516 -6.650554 12.622173 8.097828 -4.640019 -8.673620
0.027257 5.720510 17.989950 0.175193 -9.818111 -7.357337 8.631629 7.765485 17.310074 7.524478 -18.005619 -9.999904 20.255558 -11.001925 5.136171 10.741681 4.892665 6.082515 -5.864785 -5.336161 -10.749745 11.974160 27.269102 16.584818 -17.216534 -5.576616 12.539974 10.001097 -2.605871 -9.920151
0.899779 6.368285 16.840210 -0.417569 -9.387801 -8.145741 9.351127 9.086307 17.342278 7.359148 -17.655212 -11.740352 20.431278 -11.179928 5.788677 7.682036 3.909743 6.876979 -5.224890 -5.617419 -11.400765 11.769292 27.553350 17.350607 -15.924209 -4.877212 11.905469 11.889911 -1.705449 -12.004715
0.756696 7.122142 15.093863 -0.285013 -9.300989 -8.988456 10.517336 11.363398 17.389097 7.797719 -17.304201 -13.615343 20.566242 -10.825863 6.096508 5.240768 3.852110 6.959441 -4.277605 -5.898759 -11.552222 9.946581 27.688818 18.050533 -14.338851 -3.107023 11.365139 13.718294 -1.436817 -15.214976
0.631173 7.947752 13.356156 -1.038364 -9.465872 -9.843436 10.507017 12.887726 17.095934 7.389282 -16.621592 -15.922427 20.523602 -10.810329 6.198823 2.390976 3.640450 6.769628 -3.493800 -6.321397 -11.413381 8.746552 27.082312 18.776533 -12.582128 -2.315735 10.373101 16.203831 -1.137164 -18.142412
0.808956 8.605637 10.679116 -1.996186 -9.777982 -10.744286 9.791312 14.204872 16.873480 6.892884 -14.593968 -18.364742 20.513142 -11.674168 5.854408 0.196913 3.611215 6.509784 -3.605235 -6.460971 -12.067769 5.510520 26.352495 17.741915 -10.695614 -1.844074 9.601973 18.304445 -1.323591 -20.136625
0.830215 9.063434 8.259146 -3.409476 -9.713107 -11.758528 9.427884 15.725859 16.749470 6.665551 -12.830168 -20.550777 21.279852 -12.132093 5.069006 -2.055693 3.977947 7.262012 -3.957278 -5.990422 -12.676089 1.742551 25.230860 16.992258 -9.438839 -1.357113 9.384808 19.679241 -3.012076 -22.298601
0.240991 9.751644 5.493445 -4.134084 -10.108261 -12.441404 8.801157 17.081596 16.365700 6.746031 -11.673357 -22.259232 21.059782 -12.493937 4.402154 -4.411855 4.497645 7.899592 -4.200073 -5.740581 -13.176311 -2.039879 23.874203 16.270555 -8.528872 -0.837769 8.933303 20.496201 -3.630638 -23.800653
0.226904 10.745651 3.260629 -5.984838 -10.248032 -12.873722 7.954431 17.733200 16.235779 5.708669 -9.512997 -24.249689 20.521832 -13.436602 4.426116 -6.134754 5.024747 7.941142 -4.414489 -5.318662 -12.700130 -6.914333 21.822538 15.670860 -8.496452 -0.289945 8.692626 20.643570 -3.913254 -25.852644
-0.279896 11.660355 1.555988 -7.207250 -10.471982 -12.867535 7.264406 18.121637 15.908740 5.306027 -7.583111 -26.089001 19.532280 -13.398964 4.150509 -7.914248 6.508991 7.764221 -4.454017 -5.075695 -12.335443 -10.735476 19.265875 15.242395 -8.455503 -0.068768 8.630714 21.079880 -3.671326 -27.034887
-1.360913 12.261694 -1.152432 -8.811205 -10.719248 -13.451820 6.216607 18.952362 15.985412 4.205074 -5.949560 -27.442215 18.661716 -13.087526 3.670495 -9.552586 8.067334 7.782793 -4.551774 -4.824465 -11.695012 -14.545280 17.361395 14.896566 -8.500218 0.228448 8.495856 20.927347 -4.242201 -28.289259
-2.909001 12.575680 -3.585333 -9.260288 -11.052168 -13.821055 5.476181 19.720203 16.131388 3.441445 -4.539408 -28.309704 17.774708 -12.707564 3.194752 -10.790071 9.539317 7.740427 -4.889133 -4.728200 -11.286814 -17.795965 16.662809 14.056978 -7.873655 0.434708 8.286212 21.039370 -5.196122 -28.974573
-3.990725 12.732168 -5.476199 -9.507576 -11.331178 -14.286516 4.766025 20.280682 16.345377 2.447168 -3.994439 -28.779818 16.644516 -12.486423 2.793814 -11.777425 10.694749 7.446208 -5.297251 -4.873106 -10.969616 -19.908514 15.582514 13.475985 -8.016154 0.341070 8.230865 20.698830 -6.167959 -29.267008
-4.274039 13.115725 -6.508369 -9.433766 -11.580004 -14.379490 4.248182 20.367407 16.251499 2.106304 -3.933773 -28.995501 16.028349 -12.263201 2.578717 -12.354721 11.276413 7.520406 -5.447736 -4.774300 -10.908118 -21.311911 14.763021 13.056503 -7.975396 0.190714 8.201886 20.803471 -6.749753 -29.411886
-4.423076 13.244576 -7.181561 -9.346573 -11.679567 -14.527711 4.047623 20.551500 16.296989 1.928124 -3.835549 -29.143940 15.848037 -12.177723 2.446441 -12.458361 11.508104 7.536301 -5.561135 -4.655011 -10.867379 -21.940470 14.587716 12.962129 -7.889286 0.156907 8.187083 20.837727 -6.957076 -29.437567
-4.239819 13.294724 -7.081607 -9.303946 -11.686996 -14.533684 4.022505 20.495865 16.215303 2.032940 -3.903024 -29.101660 15.776340 -12.154129 2.492035 -12.550765 11.510963 7.552567 -5.539591 -4.701556 -10.910596 -21.833830 14.492747 12.993885 -7.843083 0.145763 8.177260 20.999208 -6.934419 -29.429144
-4.056929 13.257732 -7.019479 -9.385844 -11.632320 -14.634773 4.004881 20.511700 16.145834 2.110296 -4.008534 -29.029827 15.681681 -12.106976 2.636950 -12.734465 11.420299 7.685698 -5.425380 -4.735888 -11.023291 -21.873837 14.297157 13.046568 -7.807566 0.137373 8.073022 21.184708 -6.716361 -29.522032
-3.686392 13.359926 -6.964596 -9.404602 -11.625679 -14.778600 3.891811 20.497131 15.917959 2.399653 -4.324152 -28.853371 15.484361 -12.095774 2.795984 -12.804825 11.241601 7.839075 -5.294003 -4.813573 -11.242179 -21.820923 14.073580 13.207245 -7.770504 0.115970 7.974064 21.436928 -6.415931 -29.554296
-3.028762 13.595570 -6.972502 -9.292823 -11.655960 -15.010061 3.767207 20.533733 15.620561 2.829827 -4.600907 -28.741257 15.294316 -12.117325 2.924774 -12.886720 11.040345 8.074682 -5.143578 -4.883770 -11.421246 -21.720650 13.780785 13.580080 -7.780743 0.109193 7.917501 21.754398 -6.065356 -29.627953
-2.165937 13.919327 -6.917242 -8.900539 -11.750536 -15.221792 3.639821 20.488277 15.291010 3.280854 -4.809151 -28.746376 15.106030 -12.159584 3.075820 -13.155643 10.889359 8.290041 -5.013264 -4.954535 -11.796329 -21.742903 13.325863 14.041871 -7.658229 -0.007349 7.801738 22.334103 -5.452167 -29.568121
-1.217625 14.184252 -6.639668 -8.809555 -11.702942 -15.438948 3.484984 20.364094 14.835107 3.889794 -4.963645 -28.744484 14.984946 -12.170456 3.286507 -13.570535 10.722247 8.592177 -4.859858 -4.992193 -12.136016 -21.554758 13.000105 14.128345 -7.511584 -0.203874 7.596238 22.805376 -4.972083 -29.451700
-0.329914 14.625128 -6.540611 -8.601351 -11.716980 -15.531528 3.496439 20.363070 14.455850 4.573592 -5.475012 -28.517481 14.842620 -11.983278 3.343579 -14.099717 10.608151 9.118685 -4.744695 -4.882313 -12.581745 -21.122667 12.638641 14.343792 -7.121573 -0.433593 7.450576 23.741663 -4.490649 -29.205051
0.542971 15.005885 -6.615033 -8.159224 -11.881108 -15.681408 3.261384 20.256443 14.101449 5.137660 -6.066877 -28.318066 14.649530 -11.923357 3.451485 -14.249609 10.327270 9.517040 -4.645445 -4.756802 -13.020902 -20.697893 12.169856 14.928246 -6.952907 -0.624032 7.373652 24.572805 -3.959291 -29.025892
1.279793 15.236159 -6.545841 -7.743681 -11.902427 -15.817168 3.100841 20.093838 13.807365 5.647598 -6.540956 -28.349394 14.431890 -12.094824 3.540413 -14.553687 10.023024 9.976171 -4.650434 -4.603486 -13.480494 -20.380266 11.540582 15.552042 -6.727078 -0.743471 7.229285 25.538960 -3.587427 -29.035944
1.899681 15.597631 -6.564822 -7.758111 -11.941666 -15.960490 2.999432 20.152914 13.363321 6.410996 -7.105388 -28.086578 14.055469 -12.140974 3.726491 -14.815554 9.660245 10.278137 -4.644713 -4.612991 -13.964330 -20.129044 10.881430 15.812629 -6.514524 -1.064170 7.046140 26.311451 -3.053121 -28.687483
2.482951 15.991381 -6.609082 -7.388601 -12.066270 -16.053774 2.869392 20.144470 12.914236 7.110571 -7.993762 -28.005260 13.752500 -11.970518 3.720268 -15.157216 9.423663 10.736170 -4.626318 -4.571189 -14.361163 -19.810783 9.891847 16.429817 -6.285926 -1.371449 6.984383 27.298519 -3.144581 -28.407673
3.039891 16.485275 -6.735233 -6.877119 -12.146608 -16.113226 2.892741 20.151234 12.723303 7.493937 -8.598221 -27.951967 13.426461 -11.957481 3.715061 -15.409379 9.233991 11.064349 -4.654370 -4.570240 -15.008186 -19.698446 9.360209 16.686567 -5.827066 -1.847319 6.878934 28.289658 -2.839370 -27.780914
3.866711 16.834675 -6.681307 -6.563981 -12.169224 -16.209288 2.858679 20.095812 12.415989 8.058894 -9.371169 -27.672016 12.890903 -12.034336 3.634588 -15.860831 9.009583 11.538975 -4.760097 -4.737360 -15.619421 -19.370489 8.763626 16.979427 -5.276409 -2.343339 6.600440 29.519287 -2.609938 -27.322651
4.518658 17.301752 -6.572339 -6.323452 -12.239077 -16.299425 2.887076 20.137596 12.044729 8.605260 -10.217763 -27.630993 12.643556 -11.975434 3.698296 -16.094774 8.666224 11.958527 -4.688720 -4.752268 -16.003618 -19.220690 8.237041 17.479454 -4.973047 -2.841455 6.508778 30.380459 -2.354089 -26.743118
5.025931 17.651882 -6.573105 -6.001802 -12.302322 -16.359205 2.842940 20.088442 11.791912 8.902214 -10.782084 -27.592281 12.277930 -11.936756 3.703153 -16.405531 8.511942 12.289737 -4.789518 -4.665117 -16.439846 -18.997641 7.653242 18.191090 -4.694641 -3.190161 6.491004 31.305519 -2.152856 -26.252710
5.451826 18.019802 -6.423970 -5.939072 -12.215468 -16.392860 3.010500 20.138186 11.563688 9.303495 -11.500284 -27.601463 11.967149 -11.835882 3.718290 -16.655226 8.372149 12.537848 -4.661154 -4.738023 -16.809563 -18.664448 7.087315 18.781342 -4.438006 -3.414747 6.524628 32.159367 -1.830130 -25.815348
5.735593 18.472746 -6.419936 -5.978463 -12.230114 -16.374989 3.132785 20.260822 11.331019 9.732666 -11.857656 -27.468155 11.702695 -11.805910 3.876213 -16.757040 8.238254 12.625321 -4.544756 -4.783911 -17.174269 -18.289228 6.561132 19.382265 -4.298436 -3.676532 6.581140 32.817169 -1.549912 -25.331644
6.028907 18.846172 -6.525337 -5.864505 -12.289936 -16.447874 3.234745 20.451019 11.142858 10.103672 -12.116800 -27.423542 11.627345 -11.736726 3.941291 -16.916395 8.098200 12.751746 -4.551014 -4.649065 -17.442493 -18.213512 6.081889 19.942257 -4.251476 -3.791464 6.561592 33.262451 -1.215974 -25.164455
6.084260 18.966906 -6.607415 -5.808061 -12.282818 -16.481932 3.374196 20.632015 11.069836 10.370009 -12.295447 -27.448103 11.576020 -11.602597 3.950796 -17.028795 8.101130 12.774678 -4.517506 -4.524550 -17.597008 -18.265963 5.757554 20.125702 -4.180495 -3.978174 6.525094 33.513794 -0.998162 -24.885532
6.091669 18.959204 -6.660177 -5.748862 -12.280826 -16.516928 3.391050 20.663960 11.122017 10.323774 -12.325144 -27.429483 11.649668 -11.532503 3.966310 -17.080271 8.093004 12.833938 -4.463879 -4.513689 -17.637869 -18.171732 5.786599 20.242792 -4.175767 -3.968112 6.559069 33.531063 -1.011367 -24.820019
6.161723 18.933924 -6.623000 -5.703311 -12.273211 -16.549334 3.403019 20.658995 11.138220 10.313846 -12.380761 -27.368280 11.653056 -11.559528 3.983809 -17.048006 8.050988 12.810578 -4.442187 -4.604982 -17.690149 -17.955166 5.940397 20.286594 -4.127703 -3.961544 6.599604 33.543678 -0.964415 -24.703131
6.325087 18.663010 -6.412428 -5.605049 -12.164780 -16.641533 3.438969 20.572729 11.253609 10.214062 -12.512646 -27.271999 11.755568 -11.607430 4.023938 -16.991137 7.851803 12.859342 -4.391900 -4.754817 -17.866419 -17.619879 6.345997 20.285685 -4.079413 -3.938656 6.604255 33.438786 -0.629854 -24.539360
6.589222 18.380409 -6.115939 -5.438529 -12.072397 -16.702028 3.473819 20.431519 11.317625 10.273422 -12.660095 -27.149412 11.922442 -11.624426 4.112610 -16.955893 7.606700 13.005260 -4.284045 -4.930499 -18.068052 -17.068811 6.801737 20.509386 -4.057354 -3.919059 6.597268 33.393791 -0.342777 -24.387085
6.875025 18.012281 -5.711357 -5.133801 -12.019299 -16.790602 3.470987 20.236822 11.413392 10.302736 -12.932478 -26.722866 12.166781 -11.757855 4.095385 -16.754560 7.258502 13.072354 -4.459335 -4.973441 -18.350409 -16.203587 7.414046 20.861589 -4.046068 -3.838835 6.631942 33.414356 -0.032766 -24.280354
7.052853 17.733679 -5.280138 -4.899458 -11.919447 -16.764189 3.683330 20.137327 11.548819 10.557447 -12.759407 -26.255047 12.603539 -11.892735 4.445939 -16.461485 6.751208 13.057273 -4.352651 -4.947052 -18.682013 -14.966033 8.257771 21.035574 -3.936150 -3.670021 6.745773 33.480186 0.474907 -23.977768
7.195562 17.187344 -4.675987 -4.607090 -11.722030 -16.827620 3.971999 20.055073 11.752528 10.746937 -12.708291 -25.464668 13.033957 -11.902121 4.857722 -16.123781 6.348404 12.848651 -4.206725 -4.999918 -19.005892 -13.399181 9.087812 21.357649 -4.047171 -3.436744 6.888368 33.417763 1.168976 -23.827881
7.125420 16.346720 -4.032886 -4.532101 -11.287035 -17.047785 4.431056 20.129494 12.129654 10.761273 -13.020498 -25.181484 13.725505 -11.834123 5.122236 -15.843429 5.873004 12.848978 -4.007797 -5.046790 -19.223352 -11.821158 10.369657 21.817318 -4.295941 -3.162142 6.978652 33.072681 1.745254 -23.977985
7.576157 15.802010 -2.928870 -4.526039 -10.933239 -17.017958 4.715992 19.661829 12.496035 10.131925 -13.222163 -24.731892 13.959748 -12.237001 5.667323 -15.158332 5.003263 12.805358 -3.949599 -5.192008 -19.471575 -10.053559 11.933740 21.632126 -4.463979 -2.946356 7.058743 32.579838 2.597729 -23.772631
8.073183 15.353253 -1.495828 -4.156582 -10.762485 -16.794277 4.958528 19.064240 12.393877 10.400060 -13.144238 -23.945070 14.531117 -12.203241 6.292974 -14.664186 4.457868 12.698022 -3.618894 -5.193816 -19.728876 -7.752575 13.272874 21.385132 -4.550171 -3.148442 7.001906 32.416306 3.304915 -23.216293
8.106534 14.687082 -0.684180 -3.327983 -10.623655 -16.785551 5.297209 18.834629 12.620192 10.446858 -13.177372 -23.162479 14.801991 -12.206001 6.838559 -14.149364 3.904888 12.365052 -3.330423 -5.443473 -19.924753 -5.721172 14.492074 21.356005 -4.483929 -3.318475 7.009530 32.466503 3.797005 -22.538689
8.765474 14.238648 0.241254 -3.152323 -10.366529 -16.656939 5.307251 18.093777 12.961668 9.742709 -13.484707 -22.133184 15.380795 -12.146205 7.075519 -13.847163 3.623020 12.428031 -3.224226 -5.561612 -19.874075 -3.588085 15.966821 21.497705 -4.506603 -3.157019 7.044030 32.281471 4.710483 -21.961809
9.245520 13.656919 1.300474 -2.951840 -9.992327 -16.601774 5.678331 17.703722 13.220218 9.630654 -14.087276 -21.155670 15.850541 -11.956948 7.447239 -13.135421 3.203572 12.300767 -2.938732 -5.778509 -19.949221 -1.529297 17.341396 22.043051 -4.949754 -2.967174 6.986220 31.696201 5.723291 -21.804825
9.601793 12.932035 2.361754 -2.493206 -9.736973 -16.444033 5.842854 17.133743 13.324533 9.944044 -14.667708 -20.321875 16.223122 -11.779547 8.343993 -12.354441 2.309073 12.210805 -2.288949 -6.171506 -19.968592 0.604967 18.639307 22.913944 -5.654582 -2.711216 6.891164 30.831142 6.572171 -21.778887
9.750881 12.310406 3.284023 -1.993780 -9.594633 -16.418861 5.998715 16.755981 13.427734 10.220692 -15.171133 -19.464630 16.582613 -11.559372 9.126805 -11.724469 1.510354 12.023155 -1.798165 -6.543023 -20.226549 2.853792 19.132109 23.374680 -6.492099 -3.052507 6.788091 30.216019 8.256484 -21.027561
11.091461 12.086527 3.742748 0.698749 -9.541057 -16.158733 6.139621 15.425070 14.681860 8.288905 -15.632708 -17.800890 15.625742 -12.036930 8.679067 -10.778232 1.040524 13.082961 -2.134091 -8.191190 -18.261583 4.085912 20.895775 22.040596 -5.795002 -4.180452 6.664372 29.832298 10.837974 -19.451643
11.466496 11.562135 4.694495 0.620212 -9.239927 -15.991547 6.261099 14.869411 14.812813 8.199210 -16.068295 -16.925251 15.489625 -11.853357 9.634206 -10.311171 0.354344 12.769838 -1.757086 -8.518170 -18.384277 6.428152 21.036451 22.743240 -6.955687 -4.506059 6.600106 29.099266 11.963644 -18.928684
11.884817 10.929422 5.565630 0.619067 -9.039112 -15.881022 6.150915 14.281034 14.744257 8.583315 -17.072588 -16.026602 15.781374 -11.363153 9.954139 -9.599751 0.184697 12.738555 -1.501978 -8.638151 -18.343788 6.872768 21.427794 22.619364 -7.883182 -4.771283 6.695550 27.791523 13.611006 -18.001143
12.173214 10.351613 6.644856 0.578836 -8.815327 -15.662876 6.107786 13.585799 14.744264 8.787507 -17.417349 -15.054425 15.896863 -11.181462 10.480073 -9.103812 -0.157590 12.648933 -1.430784 -8.671365 -18.430929 7.633229 21.320990 23.098898 -9.290455 -5.462957 6.809438 26.123432 15.009400 -16.456472
12.556183 9.607577 7.255617 0.690299 -8.782422 -15.785263 5.783859 13.110909 14.715225 9.050363 -17.706240 -14.052741 15.894740 -11.014582 10.820817 -8.540511 -0.281368 12.648847 -1.159634 -8.988721 -18.445116 7.522443 21.507788 23.330301 -10.612755 -5.928682 6.882351 24.146736 16.154135 -15.396668
12.200249 8.829443 8.411285 -1.479303 -8.527315 -16.386915 5.332609 13.249868 13.970264 9.775326 -18.434450 -12.955174 17.190710 -10.724141 10.706588 -8.576331 0.559884 12.237306 -1.769670 -7.670840 -22.016140 7.070953 20.727713 23.173151 -12.683643 -7.065825 6.148562 22.084200 15.812943 -14.758301
12.360499 7.896130 8.657029 -1.645093 -8.180661 -16.453283 5.177579 12.915337 14.084936 10.343561 -18.578077 -12.094688 17.837742 -10.434025 10.889854 -7.823022 0.465492 12.540671 -1.743767 -7.308343 -20.718733 6.775806 20.385775 21.972305 -13.622465 -7.971920 6.267478 20.615799 16.949877 -13.464079
12.363411 7.133331 9.700906 -1.314484 -8.059764 -16.405706 5.194653 12.379414 14.160685 10.627101 -19.051987 -10.811810 18.147903 -10.225227 11.012700 -7.176607 0.319056 13.215651 -1.893550 -6.999212 -20.267000 6.572921 19.396048 21.088263 -14.555519 -9.052307 6.048871 19.795185 17.632240 -12.574232
12.659895 6.497712 10.281520 -0.973914 -8.033333 -16.466854 4.996716 11.948868 14.129005 11.060726 -19.381464 -9.733653 18.482994 -10.198578 10.890528 -6.322520 0.417402 13.831873 -2.023324 -6.765183 -20.043890 5.984604 18.495960 20.907961 -15.862511 -9.954134 5.877844 18.674959 18.747328 -12.005117
12.884618 5.873220 10.806653 -0.733333 -7.871058 -16.513880 5.020067 11.639694 14.314289 11.103673 -19.408756 -8.808663 18.855991 -10.246060 10.811949 -5.839544 0.565102 14.388382 -2.092177 -6.453249 -19.837912 5.508061 17.611746 20.297644 -16.799137 -10.565378 5.849197 17.954922 19.238665 -11.664013
12.729744 5.133843 11.213703 -0.391310 -7.877801 -16.407415 4.853947 11.242231 14.429140 11.298415 -19.185610 -7.918100 19.047653 -10.237514 10.673562 -5.005167 0.666370 14.916996 -2.234879 -6.266846 -19.537346 5.244368 17.291639 19.637491 -17.661863 -10.992355 5.734658 16.956861 19.212639 -11.526035
13.050116 4.534854 11.797291 0.016143 -7.869862 -16.223814 4.554741 10.575647 14.341415 11.656698 -18.686646 -6.938281 19.097200 -10.621492 10.492360 -4.414959 0.889298 15.389663 -2.695174 -5.994314 -19.120642 4.535652 16.832371 18.546499 -18.305466 -11.547432 5.616854 16.082262 19.646418 -11.213418
13.156728 3.955193 11.858551 0.040035 -8.014774 -16.501507 4.029553 10.408390 14.218399 11.605075 -18.675362 -6.051681 19.331526 -10.884138 10.293011 -4.070446 1.160864 15.870267 -3.089885 -5.737269 -18.792582 4.146538 15.979128 17.964144 -19.008236 -12.353827 5.338795 15.449215 20.010527 -10.635194
12.885721 3.512341 11.989724 -0.383870 -8.127276 -16.434772 3.541182 10.104152 14.138594 11.484915 -18.648165 -5.252569 19.260841 -10.817049 10.065452 -3.441005 1.415944 16.170591 -3.383557 -5.501268 -18.382685 3.737129 15.405489 17.401155 -19.687475 -12.873289 5.256218 14.522883 19.888628 -10.254986
12.687626 2.916406 11.970585 -0.188967 -8.330539 -16.411655 3.033339 9.786082 14.155567 11.284400 -18.843000 -4.461236 19.414188 -10.485914 9.949531 -2.806445 1.771737 16.391123 -3.426913 -5.335237 -17.965034 3.876301 15.229708 17.059649 -20.265364 -13.540638 5.074209 13.668066 19.964888 -9.741753
12.665006 2.314364 11.863831 0.117320 -8.425361 -16.436495 2.650222 9.501589 14.297689 10.922287 -18.727993 -3.805014 19.453915 -10.447406 10.204476 -2.190813 1.765162 16.601690 -3.439030 -5.213883 -17.993738 4.259803 14.655874 16.736898 -20.971972 -13.923944 4.992274 13.169671 20.199602 -9.355319
12.501592 1.669393 11.737756 0.130993 -8.534199 -16.381216 2.147501 9.149153 14.405006 10.681587 -18.626322 -3.186473 19.427425 -10.477850 10.391528 -1.651658 1.909440 16.700392 -3.472503 -5.076461 -17.683691 4.154007 14.591737 15.937490 -21.124954 -14.274620 4.863299 12.698483 20.271862 -9.055472
12.399239 1.112859 11.733160 0.280189 -8.683161 -16.341616 1.770459 8.880978 14.439985 10.653688 -18.613485 -2.611819 19.315973 -10.395576 10.575702 -1.509742 2.135668 16.665308 -3.393696 -5.021032 -17.371010 3.770124 14.473739 15.419508 -21.388508 -14.653632 4.661512 12.180750 20.165611 -8.919043
12.140059 0.694039 11.491421 0.427160 -8.875866 -16.450670 1.337149 8.766797 14.496140 10.275822 -18.783617 -1.878672 19.084324 -10.128847 10.818803 -1.080937 2.119800 16.824308 -3.345075 -5.111114 -17.212961 4.075080 13.749024 15.468767 -21.889656 -15.324683 4.525644 11.972366 19.847292 -8.397162
11.819695 0.303907 11.283933 0.348255 -9.007608 -16.522543 1.071459 8.789816 14.629747 9.931049 -18.680197 -1.492983 19.053082 -9.902362 11.125280 -0.899576 2.255747 16.757517 -3.232194 -5.024911 -17.046606 4.016032 13.424029 15.101003 -22.119806 -15.702665 4.364164 11.719389 19.579731 -8.212216
11.547243 -0.041591 11.206657 0.353569 -9.077473 -16.413797 0.896206 8.665693 14.767456 9.668524 -18.895924 -1.228844 19.108982 -9.735970 11.368695 -0.794445 2.352143 16.680254 -3.104713 -4.929119 -16.579935 3.841717 13.450748 14.438284 -22.104706 -15.929174 4.321842 11.439037 19.536772 -8.037753
11.406263 -0.410958 11.048861 0.212449 -9.059877 -16.444227 0.621993 8.534104 14.874304 9.497152 -18.834326 -1.000394 19.120174 -9.531576 11.500073 -0.672500 2.544140 16.604912 -2.970589 -4.940894 -16.400484 3.591877 13.211805 14.178051 -22.162182 -16.268852 4.110151 11.249720 19.488138 -7.875404
11.430313 -0.672559 10.950796 0.262275 -9.142916 -16.478062 0.359838 8.415080 14.876675 9.506222 -18.764891 -0.873268 19.180506 -9.370722 11.722095 -0.378021 2.565345 16.509024 -2.849390 -4.831034 -16.357759 3.620033 13.057962 14.048665 -22.304214 -16.506271 3.993851 11.097944 19.266703 -7.792566
11.545115 -0.808544 10.840232 0.278478 -9.088688 -16.377625 0.159653 8.141008 14.954945 9.407633 -18.729364 -0.792916 19.157078 -9.299728 11.800174 -0.238403 2.567882 16.470549 -2.798282 -4.837479 -16.205986 3.507296 13.039096 13.934870 -22.356609 -16.634720 3.903920 10.917811 19.174675 -7.768419
11.535770 -0.915555 10.761663 0.560681 -9.187163 -16.369993 0.112108 8.130346 15.015865 9.383012 -18.775850 -0.723120 19.117424 -9.208147 11.873736 -0.109301 2.548601 16.433512 -2.760408 -4.839697 -16.053577 3.703793 12.837749 14.069567 -22.445766 -16.823805 3.886127 10.939357 19.165777 -7.589367
11.531797 -0.973475 10.778778 0.539674 -9.189835 -16.351330 0.060643 8.074899 15.031872 9.328552 -18.786348 -0.620393 19.137949 -9.130615 11.832732 -0.044075 2.564413 16.477852 -2.784471 -4.854335 -16.017490 3.730364 12.837357 13.963597 -22.474880 -16.786911 3.901070 10.866424 19.135056 -7.632353
