-2.692844 -16.111845 19.145632 -19.789696 -5.073883 -12.539011 -18.029396 -12.336196 14.879699 -5.655514 12.601455 13.360124 -1.066964 -3.370674 19.463181 7.133026 14.242112 2.327948 -6.485384 -16.372343 -1.791321 17.217827 20.603098 -22.841614 -19.957960 -22.820391 3.214364 2.799999 -3.478049 -0.286566
-2.648711 -16.108917 18.975349 -19.859684 -5.061829 -12.692902 -18.063393 -12.208639 14.865045 -5.746614 12.551132 13.360366 -1.144830 -3.332513 19.471525 7.006210 14.223269 2.391116 -6.438898 -16.482765 -2.074314 17.168901 20.739273 -22.886206 -19.939724 -23.156593 2.784524 2.807438 -3.539271 -0.431861
-2.223215 -16.164183 18.632010 -19.833229 -4.925993 -12.796434 -18.089203 -12.183193 14.913341 -5.583204 12.325270 13.415541 -1.302606 -3.300576 19.503685 6.781905 14.102681 2.596476 -6.366168 -16.685328 -2.319783 16.980349 20.622690 -22.890390 -19.939159 -23.372066 2.467518 2.936156 -3.261478 -0.542496
-1.889485 -16.236807 18.291521 -19.842957 -4.974907 -13.157837 -18.350798 -12.051359 14.785706 -5.651546 11.924977 13.578825 -1.467442 -3.249412 19.633108 6.495792 13.863078 2.926830 -6.236751 -16.916834 -2.527349 16.835125 20.363516 -22.988522 -19.924400 -23.523054 2.144739 3.225764 -2.792865 -0.767244
-1.475992 -16.188038 17.878878 -19.801006 -5.159433 -13.658562 -18.726404 -11.824385 14.551958 -5.785491 11.527650 13.740664 -1.748628 -3.121175 19.779762 6.127470 13.650411 3.253308 -6.083043 -17.301794 -2.918663 16.489149 20.174173 -23.316021 -19.870277 -23.274628 1.954557 3.567441 -1.890577 -1.151451
-1.041956 -16.166143 17.292370 -19.780552 -5.390440 -14.289869 -19.233980 -11.554008 14.275058 -5.951036 11.018950 13.659406 -1.685578 -3.426265 20.027029 5.582022 13.126657 3.967788 -5.733170 -17.443430 -3.378332 15.847018 19.447205 -23.711111 -19.828011 -22.846043 1.903329 4.210987 -0.263217 -1.528009
-0.282512 -16.252321 16.674017 -19.916817 -5.273927 -14.851006 -19.434612 -11.263243 14.216537 -5.897327 10.227355 13.539963 -1.757897 -3.560694 20.269600 4.804518 12.404902 4.865517 -5.536939 -17.623943 -3.907125 15.368316 18.706070 -24.045183 -19.832657 -22.662086 1.683403 4.825026 1.327664 -1.843653
0.748534 -16.377180 15.787628 -20.065769 -5.031750 -15.498457 -19.642231 -10.927314 14.237665 -5.801495 9.627167 13.505741 -1.959421 -3.550727 20.394211 3.982955 12.026898 5.380439 -5.431397 -17.870859 -4.154887 14.825934 17.749136 -24.368433 -19.853563 -22.482304 1.597050 5.493867 2.970260 -2.072497
1.614101 -16.299988 15.109393 -20.107647 -5.103966 -16.219090 -19.998674 -10.524136 14.043524 -5.856061 8.730915 13.350350 -2.234594 -3.657262 20.547688 2.808393 11.646964 5.874559 -5.309140 -18.007008 -4.660529 14.208406 16.680801 -24.809372 -19.850954 -22.609924 0.987667 6.351597 4.320280 -2.664090
2.748626 -16.191462 14.066911 -20.262173 -4.981161 -17.126961 -20.070744 -9.787968 14.011292 -5.993772 7.983630 13.409103 -2.606769 -3.489130 20.736704 1.983299 11.158395 6.270895 -5.261388 -18.364740 -4.970885 13.946158 15.716379 -25.098192 -19.953699 -22.859089 0.527380 7.013282 5.416312 -3.020780
3.346597 -16.197399 13.347400 -20.272852 -5.016504 -17.576155 -20.571947 -9.721912 13.802809 -5.831343 7.217499 13.310027 -2.840765 -3.452416 20.899126 1.293792 10.508645 6.868104 -5.151348 -18.651842 -5.479457 13.730011 14.762100 -25.324697 -20.129395 -23.440350 -0.221749 7.541572 6.330767 -3.339803
3.812957 -16.225824 12.854906 -20.316490 -4.977134 -17.886251 -20.873497 -9.681932 13.665672 -5.657662 6.613526 13.359097 -2.855933 -3.397327 21.048431 1.007534 9.840985 7.442614 -5.145968 -18.803650 -6.109190 13.628293 13.752748 -24.984076 -20.254015 -24.436766 -1.094981 8.250798 6.867651 -3.501250
4.385222 -16.153982 12.157860 -20.178650 -5.182454 -18.357134 -21.533503 -9.665884 13.352811 -5.503300 5.563200 13.378875 -3.064739 -3.473525 21.104500 0.478506 9.232646 8.056052 -5.208532 -19.076933 -6.966749 13.013129 12.771597 -24.676126 -20.283112 -25.106663 -1.835970 8.906359 7.745925 -3.650046
5.227582 -16.025730 11.206413 -20.177807 -5.144264 -18.999289 -21.664555 -9.146437 13.346590 -5.579527 4.710432 13.233960 -3.476293 -3.395537 21.003605 -0.351507 8.940578 8.378726 -5.368708 -19.246735 -7.904783 12.463241 11.822765 -24.298141 -20.440260 -26.046707 -2.708204 9.358776 8.457320 -3.665957
5.580728 -15.815976 10.543742 -20.019741 -5.301250 -19.308247 -21.921114 -8.914090 13.228209 -5.623923 3.994761 13.170798 -3.609844 -3.478689 20.957693 -0.911862 8.633054 8.849664 -5.410335 -19.297974 -9.146539 12.058087 11.072389 -23.955858 -20.702240 -26.981960 -3.579344 9.631594 8.770844 -3.655358
6.455524 -15.587823 9.526561 -20.338802 -5.091961 -20.112078 -21.749716 -8.021901 13.319614 -5.854537 3.712287 13.036693 -3.692655 -3.533082 20.905842 -1.205877 8.480727 9.077133 -5.463222 -19.311804 -9.965652 11.721250 10.399009 -23.695797 -20.836615 -27.771120 -4.314106 10.010174 8.892600 -3.759446
6.701274 -15.479499 9.145426 -20.387268 -5.169565 -20.446112 -21.914310 -7.795691 13.185126 -5.935951 3.293079 12.951858 -3.721364 -3.586519 20.923836 -1.547260 8.129151 9.454782 -5.484205 -19.395147 -10.744613 11.331077 9.883506 -23.364164 -20.941093 -28.370302 -4.868982 10.293076 9.266432 -3.765958
6.969401 -15.311930 8.731306 -20.224653 -5.303234 -20.557024 -22.151060 -7.756797 13.056142 -5.830407 3.085971 12.790925 -3.758514 -3.679296 20.831802 -1.821840 8.094767 9.574429 -5.529150 -19.386023 -11.219012 11.002720 9.536905 -23.224424 -21.005411 -28.570297 -5.056160 10.454783 9.704521 -3.723782
7.089062 -15.264918 8.504901 -20.330818 -5.277159 -20.774858 -22.087484 -7.508847 13.067879 -5.962420 2.898571 12.681191 -3.907749 -3.581602 20.795822 -2.017220 8.045268 9.588832 -5.601549 -19.393852 -11.373406 10.834677 9.295334 -23.143667 -20.977856 -28.658535 -5.161364 10.671597 9.908142 -3.770034
7.156697 -15.230776 8.456501 -20.332348 -5.271644 -20.798101 -22.074451 -7.474203 13.058373 -5.934088 2.881442 12.685185 -3.958136 -3.565700 20.779846 -2.044667 8.115169 9.526432 -5.633450 -19.363735 -11.470572 10.762967 9.218332 -23.115004 -20.995590 -28.733608 -5.215886 10.699462 9.889094 -3.757701
6.980424 -15.243491 8.600218 -20.295357 -5.217852 -20.610704 -21.877741 -7.493340 13.204399 -6.002047 2.809535 12.819465 -3.664343 -3.676256 20.899157 -1.623472 7.761950 9.808523 -5.522691 -19.356121 -11.308997 10.634244 9.648752 -23.187000 -20.935787 -28.316460 -4.831598 10.394083 10.070595 -3.610612
6.126365 -15.436457 9.403745 -20.681744 -4.728216 -20.095112 -20.650520 -7.238994 13.861961 -6.487640 3.247329 13.206271 -3.065446 -3.699429 21.166656 -0.461739 7.405834 9.784914 -5.408373 -19.033363 -10.155356 10.388024 10.985559 -23.603514 -20.674656 -26.655758 -3.216014 9.373457 10.459357 -3.003830
5.596005 -15.712535 10.895609 -20.815178 -4.055578 -19.219654 -19.015312 -7.261163 14.667212 -6.562986 4.479676 13.247544 -1.776908 -4.111539 21.334660 1.148449 7.320754 9.365107 -5.187541 -18.372044 -8.297804 9.907287 12.937496 -24.474072 -20.097172 -23.898249 -0.793635 8.135746 10.909332 -2.537549
4.369923 -15.719158 13.776759 -20.239872 -3.790294 -17.583700 -16.855423 -7.571927 15.469913 -6.741450 6.807863 12.862405 0.001823 -4.675797 21.511755 3.064718 7.379524 8.634642 -4.889318 -17.317551 -5.947375 9.322383 15.193169 -25.291252 -19.404018 -20.950867 1.956501 6.665978 9.749587 -1.977288
3.116209 -15.780455 16.667534 -19.713379 -3.407413 -15.563258 -14.895576 -8.352489 16.279276 -6.440646 9.116853 12.363143 1.419403 -5.069467 21.150007 5.043314 8.045088 7.672329 -4.962258 -16.403183 -4.087533 10.444446 19.090010 -24.147024 -19.368477 -20.967241 3.546460 3.353925 6.765531 0.365702
2.482812 -15.398958 19.179497 -18.257679 -3.160818 -12.987492 -13.231318 -9.710560 16.833046 -5.268873 11.586443 11.518703 2.751916 -5.520092 19.915459 7.831015 9.258017 6.744592 -5.828975 -15.350444 -1.688020 10.227276 21.773508 -23.280714 -19.051283 -20.538843 5.579714 0.722636 3.728455 2.641356
1.483308 -14.815034 20.723061 -16.747099 -2.233254 -9.747087 -10.650661 -10.936216 18.567656 -4.545998 13.270124 10.102753 4.300019 -5.703607 18.611362 12.507463 8.854440 7.715220 -6.245135 -14.306216 1.552441 6.362882 23.178831 -24.646355 -18.230869 -20.024967 6.714438 -1.744597 -0.597928 3.773102
0.276506 -14.432022 21.622578 -14.931779 -0.211910 -5.044479 -7.320923 -13.053661 21.536039 -2.789480 14.400297 8.831965 6.043863 -6.340096 17.365261 16.322100 8.628668 7.926227 -8.415579 -11.224091 4.907610 2.273902 23.302952 -26.850901 -17.475899 -19.211502 8.205997 -3.513379 -3.298156 4.830760
-0.178037 -13.412760 21.675652 -13.153508 1.712368 -0.711393 -4.210148 -14.844857 24.178919 -0.924870 15.044975 8.162727 7.861441 -6.461341 16.415882 18.444077 8.432491 6.941632 -12.252046 -6.576841 5.166896 -1.506528 21.616796 -26.803734 -16.802128 -17.190277 10.864910 -2.821386 -5.217575 5.771598
-0.633939 -11.710540 20.253946 -12.009027 1.766106 1.331128 -3.955983 -15.797242 25.049742 0.030893 14.675334 7.506979 7.867921 -6.238513 15.339352 17.757547 9.563442 4.954591 -15.854897 -3.139726 4.929454 -4.331248 21.624922 -26.703917 -16.208462 -15.701365 12.441617 -2.562520 -6.296148 6.018489
-0.456760 -8.989556 18.375984 -10.234233 0.938271 2.896196 -4.391000 -16.491844 24.978558 1.125236 13.556870 6.439313 7.142939 -6.274267 14.476113 16.650517 10.333600 4.299784 -18.570253 -0.869643 4.884065 -7.508769 20.267618 -26.121977 -15.827792 -13.537467 15.121377 -2.080152 -5.854225 7.267972
-0.490772 -7.106400 16.171082 -9.579554 0.483300 3.840166 -5.076536 -17.000217 24.751707 2.151751 12.590534 5.202693 5.661309 -6.342895 13.511167 14.242885 12.192011 3.348391 -20.386305 0.142258 5.735784 -9.573727 18.738569 -24.466721 -15.189723 -10.880898 18.545784 -0.621038 -5.718802 8.614141
-0.262513 -5.880278 14.032778 -8.785593 -0.623516 4.266047 -7.327834 -18.138788 23.422281 3.829036 12.337399 4.846251 3.824321 -5.558200 12.649446 11.323518 13.699900 2.418828 -21.906689 0.367143 5.174786 -9.630381 16.834087 -21.775984 -15.670390 -9.708422 21.017675 0.368535 -6.367537 10.198038
-0.014844 -5.564213 11.400438 -8.407871 -1.497566 4.735700 -10.232513 -19.744778 22.212759 5.581912 11.755153 5.408740 1.341540 -3.654902 12.325347 8.819558 14.595988 2.045491 -23.717445 -0.322671 3.643135 -8.988121 15.253366 -19.008970 -15.768274 -8.098001 22.845524 2.053615 -4.730739 11.170462
0.528264 -5.097617 9.163157 -7.498256 -2.698514 5.093328 -12.822686 -20.977440 21.072775 6.915647 11.301341 5.911242 -0.618692 -2.186090 11.596846 7.442970 15.470546 1.578112 -24.442980 -1.869287 0.502666 -8.507748 15.043013 -17.294758 -16.695240 -6.504514 24.241165 1.881462 -2.499333 12.161099
1.546240 -5.289250 7.406158 -7.013559 -3.072193 5.149817 -14.685916 -21.903572 20.291250 8.288908 9.942035 6.357628 -2.370795 -1.275613 10.861651 6.958252 15.861660 1.930561 -24.825624 -3.492053 -1.443710 -7.784077 14.619892 -16.237434 -17.290224 -5.077502 25.347431 2.107615 0.372737 12.587204
3.272273 -5.082840 5.660266 -6.001108 -3.734465 4.997314 -16.285156 -22.458223 19.605875 9.212273 8.292923 6.742892 -4.057280 -0.521638 10.337615 6.060086 15.582620 2.446841 -25.344702 -5.018690 -1.751214 -6.869166 15.883862 -15.499006 -17.149120 -4.100441 26.170948 2.222639 3.269701 12.857655
4.328228 -5.365798 4.438938 -5.689106 -4.142395 4.455812 -17.604662 -22.653509 19.108179 9.737379 7.243643 7.484510 -5.496258 0.232950 10.096868 5.735779 15.520989 3.024014 -25.174511 -6.789597 -2.500568 -6.375645 16.726196 -15.533697 -17.106085 -3.684607 26.004396 2.102435 5.018391 12.662874
5.173963 -5.310416 3.884600 -5.364003 -4.341651 4.118192 -17.955395 -22.506193 18.894537 10.016495 6.386842 7.785617 -6.210536 0.596588 10.097407 5.229609 15.359309 3.476773 -25.119318 -7.472309 -3.253979 -6.357441 17.017389 -15.221990 -17.002911 -3.504907 25.818739 2.183942 6.439955 12.597554
5.366312 -5.423524 3.664487 -5.257329 -4.389132 4.078704 -18.169392 -22.586954 18.844553 10.113546 6.309039 8.007482 -6.378455 0.723047 9.956017 5.362818 15.268209 3.741904 -25.103357 -7.851970 -3.335445 -6.495480 17.298632 -15.211777 -16.850538 -3.448407 25.721954 2.184794 6.908874 12.532690
5.359758 -5.478080 3.566117 -5.352367 -4.350181 4.041700 -18.220604 -22.576992 18.848824 10.103977 6.428107 8.031054 -6.311364 0.710290 9.944873 5.369756 15.309907 3.703943 -25.136845 -7.818533 -3.367984 -6.384485 17.336767 -15.226046 -16.848763 -3.367373 25.738026 2.213736 6.892581 12.465678
5.450753 -5.452863 3.520116 -5.224237 -4.380816 4.132256 -18.321348 -22.715740 18.791904 10.197226 6.178268 8.109113 -6.583356 0.888401 9.878053 5.354359 15.319051 3.628472 -25.092321 -8.124366 -3.552622 -6.243091 17.558619 -15.167139 -16.839680 -3.106665 25.872667 2.209300 6.985563 12.391825
5.589777 -5.546682 3.087890 -5.177757 -4.341062 4.253190 -18.575356 -22.918571 18.849298 10.258710 5.772466 8.322394 -7.054878 1.130010 9.735188 5.328765 15.338593 3.684194 -25.054100 -8.679776 -3.675815 -5.903288 17.993925 -15.222047 -16.778307 -2.869570 25.883457 2.101361 7.280244 12.278967
5.783212 -5.752318 2.637675 -5.146986 -4.344092 4.245877 -18.932056 -23.089956 18.889254 10.227306 5.490986 8.560007 -7.371852 1.407032 9.743982 5.290920 15.217851 3.832237 -25.006235 -9.048636 -3.891585 -5.900200 18.492756 -15.422258 -16.765224 -2.805462 25.771755 1.802692 7.358327 12.199274
6.085401 -5.892086 2.487650 -4.798760 -4.610934 4.259245 -19.572311 -23.492207 18.636000 10.428753 5.555812 8.792436 -7.665616 1.776770 9.618094 5.448687 15.238021 3.676985 -24.997992 -9.610327 -4.105939 -5.513587 19.063391 -15.601164 -16.779617 -2.579089 25.812313 1.520044 7.234298 12.112433
6.067344 -6.105317 2.327996 -4.643105 -4.820429 4.389448 -20.144012 -23.920063 18.451982 10.457106 5.392897 9.115283 -8.238229 2.253381 9.470199 5.565908 15.310510 3.552917 -25.043451 -10.268744 -4.445486 -4.818240 19.880091 -15.936876 -16.864218 -2.197933 25.815083 1.163707 7.702772 11.869310
6.231784 -6.399998 1.848556 -4.546675 -4.988124 4.339302 -20.780664 -24.198023 18.314972 10.443167 5.010695 9.382724 -8.774343 2.732429 9.450024 5.502002 15.242028 3.455559 -24.967648 -10.870231 -4.619339 -4.156673 20.624495 -16.084743 -16.858259 -1.903482 25.838963 0.859872 8.179523 11.724654
6.351762 -6.446281 1.670791 -4.308308 -5.243266 4.404330 -21.281780 -24.510380 18.127302 10.431780 4.621353 9.692523 -9.187823 3.056001 9.556796 5.654183 15.000045 3.597961 -24.791780 -11.614579 -4.776941 -3.879665 21.437445 -16.173166 -16.747185 -1.545368 25.918972 0.583538 8.318258 11.590212
6.664385 -6.706458 1.343183 -4.043639 -5.524863 4.266501 -21.988825 -24.794296 17.901482 10.316826 3.945755 10.197607 -10.146411 3.804730 9.940866 5.556583 14.574851 3.763812 -24.286669 -12.860911 -4.668477 -3.622987 22.590912 -16.271683 -16.496101 -1.205509 25.905947 0.132647 8.269715 11.375313
6.862954 -6.953843 1.293687 -3.669309 -5.917286 4.169554 -22.757160 -25.189342 17.554789 10.191630 3.340603 10.592206 -10.806890 4.198258 10.257897 5.384719 14.222908 3.769391 -23.843084 -13.728547 -4.489019 -2.970510 23.479406 -16.402958 -16.320694 -0.814905 25.915112 -0.146419 8.238803 11.091579
7.084186 -7.306045 1.247308 -3.280946 -6.256752 3.909383 -23.411369 -25.404911 17.241901 9.997442 2.663050 11.170849 -11.652678 4.885850 10.658751 5.246450 13.860728 3.938304 -23.530746 -14.667209 -4.549244 -2.171749 24.454718 -16.667891 -16.232456 -0.303880 25.928593 -0.487865 8.276643 10.728807
7.115232 -7.644009 1.124842 -3.133374 -6.452426 3.770378 -23.933384 -25.611595 17.035627 9.814028 2.285957 11.605660 -12.221581 5.323616 10.925076 5.136330 13.571878 4.111693 -23.295183 -15.375616 -4.369048 -1.230294 25.389839 -16.956472 -16.185211 0.099706 25.980328 -0.996697 8.118556 10.525296
7.194680 -8.217824 1.155747 -2.799664 -6.669953 3.643765 -24.648460 -26.070755 16.779465 9.667597 1.846230 11.974532 -12.870254 5.864211 11.017450 5.119148 13.302552 4.245272 -23.049698 -16.161245 -4.449917 -0.349525 26.642694 -17.308355 -16.186220 0.680879 26.122898 -1.727422 8.050580 10.324302
7.390164 -8.838129 0.729614 -2.617271 -6.787635 3.503001 -25.373631 -26.430214 16.699343 9.586494 1.711430 12.560236 -13.565068 6.515756 11.153241 5.345980 13.250445 4.088562 -22.618994 -17.164701 -4.278193 0.822063 27.936197 -17.548029 -16.226639 1.224368 26.385815 -2.539099 7.656577 10.229687
7.654850 -9.405066 0.499699 -2.378598 -6.841690 3.464578 -25.951931 -26.867664 16.671955 9.523924 1.486451 13.103087 -14.219259 7.151403 11.284402 5.422716 13.088321 4.057208 -22.316023 -18.015621 -4.308432 2.162560 29.157919 -17.700338 -16.381781 1.876598 26.804493 -3.288149 7.406682 10.162941
7.752006 -10.070765 0.273639 -2.440252 -6.721757 3.306079 -26.293419 -27.066895 16.784706 9.276363 1.052462 13.428895 -14.893756 7.770609 11.309554 5.372694 12.855458 4.141171 -21.987204 -18.939547 -4.250509 3.144607 30.061941 -17.732033 -16.453232 2.250086 27.045864 -3.910770 7.139047 10.197395
7.905492 -10.515111 0.391300 -2.381990 -6.631720 3.153503 -26.456654 -27.208591 16.772202 9.124728 0.850737 13.777856 -15.354671 8.248064 11.453932 5.417083 12.642882 4.122234 -21.634489 -19.497770 -4.197064 4.087946 30.391930 -17.791327 -16.582111 2.442332 27.166317 -4.190910 7.023985 10.164980
7.963373 -10.870293 0.525797 -2.372638 -6.531779 3.104225 -26.569332 -27.387367 16.796541 8.969381 0.717755 13.873405 -15.527854 8.426590 11.513057 5.382249 12.514903 4.166311 -21.474440 -19.781561 -4.392204 4.658486 30.709730 -17.868074 -16.718851 2.695573 27.287994 -4.382442 7.079201 10.081734
8.089829 -11.094395 0.405147 -2.390044 -6.470179 3.041900 -26.677967 -27.453346 16.865648 8.888910 0.640375 13.873199 -15.664453 8.521969 11.609255 5.329142 12.339766 4.258679 -21.349558 -20.016073 -4.448184 4.990820 30.855955 -17.920637 -16.770138 2.817736 27.332903 -4.455472 7.075954 10.016621
8.091209 -11.067511 0.374288 -2.353272 -6.524217 3.054303 -26.752968 -27.485111 16.815006 8.895113 0.629127 13.899466 -15.687839 8.572300 11.640965 5.333843 12.286063 4.298193 -21.319496 -20.072798 -4.431704 5.059687 30.855421 -17.897287 -16.788330 2.834606 27.363882 -4.451229 7.048898 10.006672
8.092465 -11.066849 0.376585 -2.352411 -6.526559 3.052918 -26.753204 -27.484066 16.814154 8.892733 0.632379 13.897763 -15.686134 8.568695 11.641852 5.330633 12.292413 4.291996 -21.313482 -20.073515 -4.412490 5.056478 30.859343 -17.901932 -16.779907 2.823149 27.352627 -4.452249 7.062757 10.006434
8.093040 -11.066252 0.375356 -2.354932 -6.524658 3.054470 -26.753845 -27.486256 16.814856 8.892948 0.629733 13.899617 -15.687416 8.571089 11.641538 5.331244 12.289062 4.295421 -21.317801 -20.072439 -4.421745 5.057391 30.855995 -17.901426 -16.784412 2.830166 27.360031 -4.450873 7.056312 10.006716
8.093040 -11.066252 0.375356 -2.354932 -6.524658 3.054470 -26.753845 -27.486256 16.814856 8.892948 0.629714 13.899554 -15.687317 8.571054 11.641519 5.331454 12.288808 4.295617 -21.317736 -20.072588 -4.421580 5.057096 30.855762 -17.900496 -16.785252 2.830213 27.360016 -4.451502 7.056406 10.006107
8.093187 -11.066199 0.375643 -2.354439 -6.524752 3.054603 -26.753664 -27.486256 16.814659 8.893675 0.630158 13.899638 -15.687903 8.570482 11.642003 5.331457 12.288342 4.295459 -21.317944 -20.072783 -4.421564 5.057327 30.855637 -17.900618 -16.785126 2.830055 27.359943 -4.451322 7.056207 10.006276
8.094390 -11.065586 0.376326 -2.354352 -6.524829 3.055077 -26.753834 -27.487226 16.814631 8.892910 0.628360 13.899228 -15.685929 8.572546 11.640635 5.331449 12.290421 4.296458 -21.317024 -20.072126 -4.421104 5.058152 30.854994 -17.900438 -16.785280 2.829809 27.359463 -4.451341 7.055463 10.005915
8.094390 -11.065586 0.376326 -2.354352 -6.524829 3.055077 -26.753834 -27.487226 16.814631 8.892910 0.628360 13.899228 -15.685929 8.572546 11.640635 5.331449 12.290421 4.296458 -21.317024 -20.072126 -4.421255 5.057896 30.855202 -17.900635 -16.785206 2.829704 27.359467 -4.451352 7.055569 10.006035
8.094824 -11.065456 0.376446 -2.355803 -6.524694 3.055230 -26.754110 -27.487486 16.814577 8.892378 0.627168 13.899123 -15.684706 8.574121 11.639682 5.331226 12.291595 4.296973 -21.316530 -20.071779 -4.421255 5.057896 30.855202 -17.900635 -16.785206 2.829704 27.359467 -4.451352 7.055569 10.006035
8.095156 -11.065288 0.376492 -2.355875 -6.524706 3.055300 -26.754230 -27.487740 16.814672 8.891933 0.627196 13.899233 -15.684747 8.574059 11.639724 5.331234 12.291566 4.296929 -21.316568 -20.071812 -4.421255 5.057896 30.855202 -17.900635 -16.785206 2.829704 27.359467 -4.451352 7.055569 10.006035
8.095008 -11.065176 0.376508 -2.355906 -6.524763 3.055269 -26.754295 -27.487705 16.814528 8.891989 0.627256 13.899319 -15.685920 8.573187 11.640557 5.331857 12.291389 4.296320 -21.316019 -20.072721 -4.421359 5.060052 30.855082 -17.901892 -16.785591 2.831959 27.361818 -4.450031 7.056331 10.005689
8.095200 -11.064986 0.376569 -2.355710 -6.524778 3.055305 -26.754311 -27.487902 16.814688 8.891735 0.627256 13.899319 -15.685920 8.573187 11.640557 5.331857 12.291389 4.296320 -21.316019 -20.072721 -4.421446 5.060343 30.854864 -17.902117 -16.785492 2.831738 27.361786 -4.449856 7.056553 10.005979
8.094213 -11.065479 0.375922 -2.353463 -6.524991 3.054719 -26.754025 -27.487280 16.815195 8.891685 0.627753 13.899440 -15.686198 8.572742 11.640775 5.331882 12.291188 4.296106 -21.316238 -20.072849 -4.421566 5.060591 30.855062 -17.902374 -16.785328 2.831787 27.361874 -4.449677 7.056572 10.006093
8.098507 -11.063251 0.383513 -2.349516 -6.529164 3.050858 -26.754921 -27.485912 16.812040 8.890457 0.630356 13.900746 -15.687130 8.571285 11.639356 5.331632 12.289276 4.297149 -21.320742 -20.071676 -4.420010 5.068260 30.857862 -17.894207 -16.785585 2.831230 27.363564 -4.447855 7.059894 10.008196
8.095536 -11.065849 0.374125 -2.350693 -6.523509 3.057285 -26.752911 -27.489120 16.817070 8.893007 0.631755 13.899383 -15.686503 8.569942 11.639773 5.331546 12.290197 4.296060 -21.318439 -20.073038 -4.409552 5.055924 30.858915 -17.902586 -16.781380 2.824441 27.355169 -4.452791 7.062183 10.006153
8.094296 -11.065548 0.374747 -2.352395 -6.524181 3.056136 -26.753559 -27.488224 16.816044 8.892387 0.630205 13.899844 -15.687139 8.570437 11.640636 5.332638 12.288707 4.296983 -21.319010 -20.072729 -4.417363 5.055922 30.856987 -17.903761 -16.784475 2.829145 27.359081 -4.453209 7.058318 10.005699
1.105274 -7.738338 13.898168 -4.565328 -16.305687 -7.722172 -30.539181 -20.048576 7.563126 0.715294 1.852613 11.999624 -12.692859 -0.089988 12.572042 3.202276 21.360369 -3.752203 -10.161100 -22.547457 -8.759364 0.645003 36.695690 -13.795266 -14.115442 -11.910053 14.385265 -6.195975 2.419116 9.948306
1.105274 -7.738338 13.898168 -4.565328 -16.305687 -7.722172 -30.539181 -20.048576 7.563126 0.715294 1.852613 11.999624 -12.692859 -0.089988 12.572042 3.202276 21.360369 -3.752203 -10.161100 -22.547457 -8.759364 0.645003 36.695690 -13.795266 -14.115442 -11.910053 14.385265 -6.195975 2.419116 9.948306
1.105274 -7.738338 13.898168 -4.565328 -16.305687 -7.722172 -30.539181 -20.048576 7.563126 0.715294 1.852613 11.999624 -12.692859 -0.089988 12.572042 3.202276 21.360369 -3.752203 -10.161100 -22.547457 -8.759364 0.645003 36.695690 -13.795266 -14.115442 -11.910053 14.385265 -6.195975 2.419116 9.948306
1.105274 -7.738338 13.898168 -4.565328 -16.305687 -7.722172 -30.539181 -20.048576 7.563126 0.715294 1.852613 11.999624 -12.692859 -0.089988 12.572042 3.202276 21.360369 -3.752203 -10.161100 -22.547457 -8.759364 0.645003 36.695690 -13.795266 -14.115442 -11.910053 14.385265 -6.195975 2.419116 9.948306
1.105274 -7.738338 13.898168 -4.565328 -16.305687 -7.722172 -30.539181 -20.048576 7.563126 0.715294 1.852613 11.999624 -12.692859 -0.089988 12.572042 3.202276 21.360369 -3.752203 -10.161100 -22.547457 -8.759364 0.645003 36.695690 -13.795266 -14.115442 -11.910053 14.385265 -6.195975 2.419116 9.948306
0.751580 -7.484576 14.781522 -6.100394 -16.484108 -8.266989 -30.593109 -19.452477 6.831110 0.634658 1.816184 12.575967 -12.270778 -0.668227 12.555108 2.110615 21.886089 -4.279967 -11.068071 -21.418835 -11.005610 1.113905 36.236736 -12.735096 -15.246895 -12.019329 14.151428 -6.671371 0.428912 9.142741
0.901620 -7.538006 14.548027 -6.149987 -16.217630 -8.050785 -30.436350 -19.575653 7.024965 0.864182 1.788115 12.715404 -12.365596 -0.660313 12.594742 1.995411 21.845472 -4.264459 -11.273825 -21.378481 -10.289742 1.220106 35.999813 -12.841006 -15.321293 -11.460474 14.705867 -6.724451 0.868174 9.122503
0.878298 -7.534192 14.682490 -6.187895 -16.260017 -8.087460 -30.460129 -19.553728 6.902265 1.028791 1.759193 12.766419 -12.312034 -0.602291 12.504622 1.939346 21.919466 -4.210554 -11.315382 -21.386921 -10.187858 1.293227 36.000046 -12.951263 -15.265117 -11.517069 14.667514 -6.684021 0.785404 9.147528
0.903722 -7.547028 14.669287 -6.181648 -16.256281 -8.067999 -30.471968 -19.575905 6.899353 1.059574 1.772361 12.774702 -12.377971 -0.648263 12.605149 1.932474 21.846292 -4.257478 -11.323146 -21.383144 -10.159949 1.295898 36.020424 -12.926149 -15.276964 -11.521961 14.663409 -6.711909 0.830817 9.155651
0.898776 -7.549945 14.670297 -6.186828 -16.256041 -8.068137 -30.471024 -19.572414 6.896258 1.068264 1.766891 12.770479 -12.374325 -0.637333 12.600801 1.935899 21.849020 -4.251818 -11.316113 -21.386341 -10.170808 1.301386 36.014099 -12.929027 -15.278761 -11.516950 14.668730 -6.704123 0.836904 9.159502
0.899687 -7.549590 14.671265 -6.186116 -16.256659 -8.069416 -30.472025 -19.572758 6.896161 1.067002 1.768429 12.768250 -12.371265 -0.634009 12.598896 1.936952 21.850489 -4.250620 -11.313032 -21.388845 -10.210187 1.281953 36.005226 -12.923361 -15.291427 -11.541975 14.649753 -6.716257 0.816628 9.168917
0.915996 -7.545797 14.673297 -6.181368 -16.250731 -8.060563 -30.467159 -19.581261 6.896904 1.081994 1.767645 12.768018 -12.367007 -0.634750 12.596179 1.935233 21.852545 -4.248652 -11.309754 -21.389078 -10.175321 1.313918 35.990265 -12.926481 -15.301474 -11.507496 14.677447 -6.711529 0.816919 9.149881
0.911111 -7.548669 14.670859 -6.188810 -16.250238 -8.061871 -30.468765 -19.578663 6.895960 1.081635 1.763864 12.768676 -12.366761 -0.635157 12.598455 1.934754 21.853151 -4.250957 -11.308578 -21.386843 -10.177859 1.322486 35.997009 -12.939454 -15.292353 -11.510598 14.676055 -6.702911 0.818345 9.158579
0.911111 -7.548669 14.670859 -6.188810 -16.250238 -8.061871 -30.468765 -19.578663 6.895960 1.081635 1.763864 12.768676 -12.366761 -0.635157 12.598455 1.934754 21.853151 -4.250957 -11.308578 -21.386843 -10.177936 1.322628 35.997459 -12.939812 -15.291937 -11.510284 14.676118 -6.702487 0.818348 9.158391
0.900756 -7.554666 14.664627 -6.168136 -16.250383 -8.062542 -30.461121 -19.569965 6.896608 1.101892 1.776343 12.765840 -12.370700 -0.641674 12.600247 1.935657 21.847418 -4.249085 -11.313015 -21.387339 -10.162742 1.328191 35.952408 -12.873414 -15.331347 -11.513709 14.673264 -6.721984 0.824019 9.151755
0.903300 -7.553532 14.659804 -6.167158 -16.247700 -8.060592 -30.462391 -19.575342 6.902997 1.090804 1.776264 12.767924 -12.370990 -0.640550 12.591680 1.939853 21.850780 -4.242835 -11.314443 -21.391518 -10.169339 1.295876 35.993248 -12.922520 -15.304625 -11.510212 14.671620 -6.720222 0.815317 9.142055
0.906696 -7.551491 14.661484 -6.163777 -16.247993 -8.059759 -30.462234 -19.578033 6.904583 1.086650 1.770433 12.766929 -12.367539 -0.634452 12.591002 1.939485 21.852972 -4.243253 -11.310692 -21.391520 -10.169746 1.298944 35.992199 -12.918072 -15.305742 -11.510747 14.671254 -6.720206 0.814167 9.143156
0.905252 -7.552421 14.660904 -6.163113 -16.248055 -8.060432 -30.462063 -19.577028 6.904600 1.087400 1.769974 12.766826 -12.367005 -0.633817 12.590333 1.939333 21.853556 -4.242798 -11.310589 -21.391378 -10.169307 1.296914 35.993294 -12.917321 -15.306924 -11.509679 14.670889 -6.722743 0.814455 9.141454
0.906034 -7.551848 14.661470 -6.163536 -16.247917 -8.060042 -30.462040 -19.577566 6.904429 1.087492 1.770702 12.766700 -12.367848 -0.634806 12.591234 1.939553 21.852652 -4.243109 -11.310719 -21.391584 -10.169446 1.295682 35.992764 -12.919586 -15.306838 -11.510455 14.670731 -6.722653 0.815083 9.141689
0.906032 -7.551980 14.661650 -6.163233 -16.247961 -8.059833 -30.461863 -19.577492 6.904030 1.088421 1.772433 12.767067 -12.369417 -0.637092 12.592050 1.939595 21.851492 -4.243568 -11.311872 -21.391909 -10.169531 1.295861 35.992889 -12.920378 -15.306227 -11.510185 14.670865 -6.721943 0.815319 9.141741
0.904036 -7.553328 14.661375 -6.171677 -16.247831 -8.059427 -30.462650 -19.575480 6.901201 1.091752 1.779782 12.767928 -12.375062 -0.645012 12.595883 1.940345 21.846495 -4.245070 -11.314979 -21.392620 -10.169662 1.303729 35.988949 -12.922523 -15.306049 -11.513910 14.673545 -6.717638 0.820941 9.151756
0.904217 -7.553405 14.661852 -6.170842 -16.248150 -8.058999 -30.461788 -19.575005 6.900517 1.093115 1.780017 12.767240 -12.375449 -0.645774 12.596413 1.940667 21.845673 -4.245155 -11.314980 -21.392431 -10.160762 1.311230 35.966072 -12.878120 -15.330489 -11.509455 14.671606 -6.732820 0.819230 9.141775
0.903367 -7.553814 14.661452 -6.169239 -16.248251 -8.059472 -30.461468 -19.574482 6.900922 1.093339 1.780034 12.767250 -12.375475 -0.645822 12.596431 1.940673 21.845648 -4.245173 -11.315002 -21.392435 -10.160598 1.310935 35.966118 -12.877785 -15.330639 -11.509179 14.671538 -6.733090 0.819044 9.141146
0.904506 -7.553353 14.662886 -6.168447 -16.248312 -8.059181 -30.461922 -19.575947 6.901194 1.092709 1.777215 12.767234 -12.374280 -0.642677 12.596656 1.940400 21.846487 -4.246156 -11.312996 -21.393091 -10.169107 1.307427 35.987228 -12.915761 -15.309168 -11.514866 14.672845 -6.718983 0.823419 9.152438
0.907739 -7.552094 14.663418 -6.169920 -16.248415 -8.058440 -30.463272 -19.578337 6.901852 1.088815 1.775072 12.767110 -12.373395 -0.640614 12.596354 1.940412 21.847204 -4.245567 -11.311842 -21.392851 -10.168987 1.304801 35.988407 -12.917797 -15.308643 -11.513330 14.672707 -6.719687 0.823061 9.150561
0.904995 -7.553379 14.661383 -6.162374 -16.248835 -8.060236 -30.462172 -19.576830 6.904157 1.086936 1.775016 12.766699 -12.372142 -0.639296 12.595326 1.940423 21.848452 -4.245178 -11.311342 -21.392563 -10.168877 1.305858 35.987595 -12.917095 -15.308572 -11.514584 14.672535 -6.719395 0.822838 9.150954
