4.486505 -1.554520 17.720732 -3.831050 -11.290121 -9.147692 -0.883289 1.564706 20.489784 -9.084848 -7.407774 0.854896 13.345012 -16.642895 9.580497 24.793148 7.327025 4.067489 -7.106882 -6.404196 -11.785947 23.748285 20.126520 12.051771 -21.661127 -24.155373 4.544433 9.697719 -0.824150 4.414426
4.296527 -1.253841 18.200565 -3.927708 -11.394385 -8.930360 -0.858489 1.373723 20.232782 -8.803947 -7.494900 0.714986 13.338047 -16.798069 9.400113 24.716616 7.301615 4.009520 -7.319212 -6.408415 -11.821576 23.098303 20.687193 11.441167 -21.181149 -23.647394 4.663550 9.855708 -1.106164 4.086330
4.187361 -0.616868 19.074577 -3.934231 -11.453995 -8.520972 -0.391671 1.256130 19.951088 -7.948444 -7.948363 0.356821 13.257310 -17.161425 8.880954 24.226851 7.313980 3.997885 -7.729544 -6.480777 -11.925036 21.916134 21.501423 10.791690 -20.330002 -22.707363 4.966019 10.089659 -2.180475 3.500045
3.963000 0.323270 19.847324 -3.941094 -11.602931 -8.120366 0.012345 1.211333 19.378450 -6.802728 -8.727942 -0.163017 12.669662 -17.664658 8.554559 23.444750 7.154685 3.844375 -8.299285 -6.558672 -11.892894 20.732267 23.126751 10.211108 -19.294613 -21.363113 5.540581 10.016470 -3.503907 3.008700
3.088448 1.349506 20.909826 -4.036557 -11.701644 -7.457757 0.817895 1.236208 19.028528 -5.870655 -10.018724 -0.858891 11.956673 -17.844933 8.466680 22.180008 6.824301 3.776851 -8.371170 -6.856628 -11.873837 19.853718 24.802383 10.075808 -18.323895 -20.238205 6.197744 10.003669 -4.986237 2.874363
2.015328 2.664312 21.769382 -4.389521 -12.101228 -6.789714 1.240380 1.263168 18.326887 -5.127619 -11.531069 -1.359294 11.110654 -17.883583 7.592770 20.891239 7.094644 3.488789 -8.780425 -7.523921 -11.949943 17.714235 26.154085 9.798414 -17.551613 -19.204273 6.630955 9.394968 -6.435642 2.586985
1.114986 3.721201 22.832378 -4.206897 -12.524211 -5.937264 1.535513 0.924158 17.644999 -3.812698 -12.653032 -2.251174 11.084872 -18.109146 6.949490 20.226728 7.166812 3.269205 -9.175346 -7.841955 -12.078734 16.516666 27.423000 10.322189 -17.396923 -18.527519 7.358351 8.573582 -7.185118 2.841140
0.064411 4.759542 23.542166 -4.543036 -12.996423 -5.120129 1.283551 0.377843 16.752298 -2.641387 -13.921046 -2.402438 10.309973 -17.900358 6.207965 19.572090 7.602002 3.056858 -9.888381 -7.995923 -11.632104 15.240280 29.237005 10.467340 -16.685272 -17.276798 8.309705 7.810934 -8.873925 2.629410
-0.444724 5.548960 23.606579 -4.318398 -13.419079 -4.744364 1.161295 0.327249 16.241571 -1.749959 -14.744316 -2.830358 10.044126 -18.024952 5.695941 19.382130 7.703115 2.781692 -10.325644 -8.062126 -11.457144 14.180089 30.259752 10.837334 -16.617764 -16.550215 8.883339 7.037225 -9.775144 2.394566
-0.974321 5.997471 24.013218 -4.626498 -13.565081 -4.365322 1.198301 0.157899 16.022814 -1.439435 -14.952066 -2.904579 9.622954 -18.109791 5.569420 18.951353 7.983027 2.594628 -10.603794 -7.985383 -11.385348 13.570382 30.527584 10.985124 -16.534948 -16.463680 9.138770 6.846514 -10.235055 2.576813
-0.807376 6.214195 23.998440 -4.899322 -13.450968 -4.460299 1.361336 0.325038 15.975513 -1.318064 -14.830632 -3.300650 9.912728 -18.360992 5.537724 18.874527 7.762881 2.615452 -10.573085 -7.850649 -11.708138 13.407069 30.740101 10.945106 -16.452316 -16.244745 9.189477 6.868880 -10.176490 2.405091
0.631420 6.951987 24.156853 -5.007189 -13.217078 -4.982172 2.047560 0.918711 15.646528 -0.582549 -15.052917 -3.909507 11.003274 -19.182110 5.520410 17.891859 6.785548 3.088674 -10.542618 -7.327085 -13.813893 13.510659 31.060038 11.297602 -16.121408 -15.486985 8.962788 7.906220 -9.512515 1.466270
2.021899 8.360335 24.056782 -5.827081 -12.531423 -6.197848 3.869917 2.850332 15.590649 -0.507242 -14.948076 -5.536284 12.484427 -20.160879 5.630814 16.318169 5.286744 4.084961 -9.671547 -7.278834 -17.659060 11.280066 31.537188 11.501163 -14.928897 -14.769390 7.506919 9.191528 -9.860085 -0.718004
4.153915 9.955035 23.345207 -6.954400 -11.723276 -7.583521 5.436308 4.998748 15.014430 0.430697 -13.366055 -8.274272 13.276113 -20.850407 6.862535 12.567288 3.271109 5.658661 -8.082883 -7.709216 -19.547216 9.304517 33.041344 11.354323 -12.646479 -12.850628 6.850817 11.465244 -8.258918 -3.836782
4.428697 11.194771 20.429630 -7.474332 -11.242815 -9.462420 7.348170 8.953657 14.943136 0.936401 -11.948494 -11.979939 13.655732 -21.063831 7.578596 6.995941 2.400696 6.479208 -6.768559 -8.353984 -21.381706 7.673275 33.233032 12.857332 -9.990528 -10.126423 6.099631 15.018866 -7.138884 -8.403242
4.493235 12.741997 16.384237 -9.380715 -11.794052 -11.087023 6.814239 11.893127 14.066438 0.440496 -9.827219 -17.386978 14.164119 -20.761600 7.764228 1.870670 2.129307 5.480803 -5.054393 -8.815355 -21.583006 2.364834 32.333992 13.703493 -7.365671 -7.654819 4.388410 17.872326 -7.973285 -14.735887
3.883910 14.075475 11.529791 -11.877725 -12.101505 -12.594819 5.944649 14.701709 13.264800 0.596015 -7.424618 -21.615421 14.851890 -20.862564 6.947666 -2.586926 2.721267 6.373038 -4.684649 -8.342576 -22.572954 -5.284670 29.656313 12.914474 -5.232593 -5.976823 3.916151 20.387846 -10.408769 -18.874819
2.822460 15.633078 7.425467 -14.931086 -12.527364 -13.209844 4.478176 16.186310 12.686697 -0.301386 -3.827386 -25.804193 13.823937 -21.053345 6.544045 -6.118600 5.006135 6.207655 -4.270896 -7.949977 -21.938604 -13.530641 25.580397 9.568720 -3.961034 -6.234726 3.500338 22.078051 -9.408614 -20.925188
0.090706 16.396553 2.269912 -16.587236 -13.168583 -14.236021 2.775458 17.882778 12.995266 -2.124651 -0.813488 -27.955090 12.150182 -20.440680 5.727829 -8.874179 7.888689 5.940161 -4.579422 -7.577586 -21.556314 -21.031626 23.573112 7.730104 -2.766873 -5.963494 2.907082 22.424635 -10.884386 -22.178255
-0.869121 17.102222 -0.425688 -16.650251 -13.676626 -14.691986 1.592177 18.282635 13.248933 -3.751261 -0.125620 -28.509773 10.207818 -20.261639 5.290845 -10.368623 9.464276 5.536339 -5.327924 -7.612551 -21.200327 -24.545200 22.103382 6.836931 -2.729713 -6.044523 2.744921 22.087870 -12.566512 -22.574368
-0.734492 17.336721 -0.953709 -16.551622 -13.778417 -14.821117 1.358924 18.350521 13.227270 -3.897819 -0.037208 -28.596998 9.957345 -20.187357 5.210374 -10.583026 9.709284 5.542770 -5.454798 -7.517728 -21.188669 -25.053467 21.812912 6.771734 -2.612968 -6.121150 2.685111 22.281013 -12.796071 -22.624146
-0.377901 17.292154 -0.925711 -16.568882 -13.727819 -15.121408 1.251781 18.474426 12.923983 -3.425066 -0.450859 -28.441151 9.687794 -20.054916 5.539422 -10.832382 9.441698 5.833204 -5.160214 -7.610213 -21.509706 -25.076929 21.406729 6.960712 -2.526259 -6.110960 2.492764 22.683971 -12.304877 -22.793684
0.952459 17.759142 -0.981720 -16.080076 -13.863327 -15.616140 1.002202 18.587835 12.267466 -2.433472 -0.896142 -28.439976 9.339966 -20.084379 5.812919 -11.126525 9.116925 6.277759 -4.829081 -7.730785 -22.056009 -25.212214 20.546164 7.782354 -2.495072 -6.303122 2.337591 23.440891 -11.314314 -22.788038
2.434484 18.288027 -0.773515 -15.896009 -13.816109 -16.044024 0.872348 18.718708 11.349794 -0.859114 -1.578072 -28.209902 9.107070 -19.860043 6.036602 -12.023932 8.828200 7.167147 -4.571185 -7.645518 -22.764515 -24.383139 19.632860 8.383539 -2.221856 -6.693774 2.033380 24.763033 -10.376611 -22.719568
3.974364 18.914356 -0.866595 -15.164626 -14.011987 -16.332529 0.443004 18.494787 10.667977 0.226080 -2.686340 -28.080389 8.701383 -19.846815 6.244435 -12.532227 8.263238 8.031934 -4.416171 -7.400950 -23.499243 -23.688320 18.463509 9.965449 -2.115996 -6.852537 1.809836 26.364378 -9.396911 -23.028734
5.245457 19.716837 -0.768660 -14.866018 -14.157091 -16.472734 0.246349 18.481777 9.627160 1.998049 -4.319510 -27.775354 8.103456 -19.575451 6.410667 -13.134939 7.700768 8.809419 -4.257803 -7.402829 -23.905859 -22.622730 16.188047 11.668254 -2.029340 -7.253324 1.761886 28.230530 -9.376253 -22.846935
6.561337 20.561975 -0.798669 -14.029194 -14.271248 -16.602430 0.261177 18.453133 9.034396 3.130842 -5.871376 -27.555895 7.314062 -19.419992 6.369555 -13.836734 7.309797 9.622233 -4.218230 -7.584226 -24.805403 -21.742458 14.304474 13.153434 -1.444348 -8.044517 1.536845 30.517437 -9.425864 -22.234472
7.703345 21.365435 -0.678785 -13.472176 -14.396096 -16.715326 0.263064 18.448353 8.342618 4.199380 -7.168301 -27.628403 6.760324 -19.344799 6.524867 -14.348136 6.824201 10.279882 -4.220627 -7.449434 -25.419085 -21.427559 13.101408 15.130198 -1.218519 -8.477796 1.508513 32.003986 -9.067274 -21.792929
8.244152 22.104044 -0.631357 -13.158163 -14.363684 -16.762545 0.591588 18.698231 7.914453 5.102124 -8.424986 -27.487375 6.182697 -18.991869 6.675130 -14.798789 6.612434 10.657666 -3.905684 -7.601359 -25.985823 -20.913860 12.076107 16.753670 -1.135394 -8.705297 1.681620 33.127533 -8.400685 -21.236933
8.643524 22.629225 -0.850593 -12.897858 -14.441795 -16.841997 0.792388 18.992504 7.699625 5.603915 -8.829552 -27.512133 6.065397 -18.750200 6.749241 -15.079288 6.507251 10.811850 -3.880229 -7.293146 -26.310848 -20.778631 11.261196 17.737995 -1.082898 -8.894020 1.695183 33.838264 -7.785859 -20.897091
8.694349 22.593500 -0.884798 -12.779356 -14.434011 -16.916098 0.832692 19.041241 7.774978 5.543495 -8.895022 -27.438789 6.127843 -18.743727 6.792320 -15.091951 6.435174 10.849427 -3.809782 -7.369425 -26.400532 -20.477966 11.432074 17.915428 -1.061474 -8.871801 1.771607 33.855171 -7.749810 -20.741484
9.132490 22.051622 -0.356525 -12.484611 -14.221160 -17.086853 0.937880 18.831219 7.972925 5.442548 -9.146171 -27.186916 6.388306 -18.859941 6.867709 -15.006565 6.052873 11.054319 -3.676007 -7.708481 -26.772419 -19.483374 12.173363 18.284361 -1.118409 -8.796143 1.764813 33.696320 -7.170105 -20.520597
9.751580 21.520159 0.494465 -12.045742 -14.032192 -17.111280 1.107489 18.411222 8.283565 5.397686 -9.174990 -26.249981 7.187808 -19.161480 7.075438 -14.541678 5.297078 11.207951 -3.783354 -7.652980 -27.323252 -17.377523 13.303212 18.950251 -1.263132 -8.605654 1.909462 33.635963 -6.367635 -20.203632
10.295899 20.338221 1.772638 -11.867283 -13.340473 -17.327604 1.692639 18.070450 9.055971 4.930242 -9.408073 -24.947746 8.151776 -19.379539 7.439710 -13.996203 4.494475 11.343360 -3.676071 -7.843185 -27.877117 -14.332390 15.088388 19.517218 -1.784051 -8.263834 1.995910 33.203606 -5.465466 -20.329302
11.340984 19.289188 4.205086 -11.486052 -12.808673 -17.144094 2.131151 16.959341 9.474274 4.191928 -9.430029 -23.401308 9.029823 -19.908173 8.025451 -12.958566 3.379996 11.572181 -3.701850 -7.949652 -28.487131 -10.349916 17.636517 19.362204 -2.326953 -8.322477 2.003088 32.435806 -3.737766 -19.720081
12.197737 18.185881 5.941316 -10.358583 -12.422678 -17.064806 2.400110 15.934286 10.064465 3.562966 -9.722145 -21.368271 9.664907 -20.103014 8.651860 -12.201379 2.534129 11.500331 -3.681283 -8.283078 -28.619526 -6.576088 20.778954 19.367231 -2.387367 -8.060147 2.013310 31.503811 -1.784915 -18.632273
12.824711 16.757521 8.006765 -9.464417 -11.772310 -16.947632 3.080851 15.233344 10.274881 4.439507 -11.094209 -19.620115 10.952489 -19.279755 9.792451 -10.824504 1.485352 11.313691 -2.790828 -8.593431 -28.575592 -2.591477 24.389616 21.148939 -3.538620 -7.252270 2.082920 29.228756 -0.191066 -18.166988
14.919684 16.064722 9.729746 -6.939050 -11.249924 -16.541502 3.334944 13.150295 12.113946 2.164639 -11.555197 -16.880852 10.138028 -20.315968 9.748990 -8.855677 0.161052 12.894482 -3.776973 -10.170096 -28.723261 0.844767 24.988523 19.810265 -3.492068 -10.396072 1.304008 29.854923 4.866287 -14.650501
15.516860 14.913584 11.577485 -6.828052 -10.712355 -16.295561 3.447269 12.098990 12.165419 2.820888 -12.947441 -15.042721 10.417535 -19.680477 10.840862 -7.771160 -0.533432 12.545192 -3.252444 -10.541963 -28.934809 3.911533 25.853621 20.407366 -5.443653 -11.279121 1.116280 27.937382 7.937272 -13.215061
15.392294 13.213242 12.716452 -5.643169 -10.484484 -16.521006 3.351568 11.481670 12.467386 3.581256 -14.201775 -12.934916 10.803547 -18.829590 11.441085 -6.655798 -0.655306 12.936735 -2.773119 -10.893323 -28.916468 5.399722 25.803362 20.520494 -8.035130 -12.773497 1.158625 24.632057 9.785041 -10.462308
15.703785 11.677597 13.616008 -7.454917 -10.179970 -17.159338 2.287235 10.872612 11.878974 3.983296 -14.637687 -10.405787 11.663543 -19.127850 11.855615 -6.037671 -0.491418 12.812492 -3.668372 -9.706071 -29.178980 4.509340 26.093966 17.464724 -9.742894 -13.995790 0.953089 21.198502 10.997378 -8.480110
16.399542 10.426335 15.235339 -7.471912 -9.899317 -16.980747 1.980308 9.654086 11.964187 4.417104 -14.967749 -8.044285 11.944863 -19.410093 11.862883 -4.441311 -0.667347 14.053256 -4.145230 -9.352220 -29.051020 3.190491 24.927578 15.219168 -11.416900 -15.944661 0.855421 19.560966 13.205253 -6.582542
16.582895 9.124005 16.176201 -6.904609 -9.742600 -16.775331 1.765475 8.731425 12.307237 4.551877 -14.538406 -6.235203 12.453149 -19.666630 11.760636 -3.262340 -0.556815 14.974479 -4.468197 -8.760159 -28.460100 2.797405 23.636990 13.557594 -12.911659 -17.298546 0.811702 18.383492 14.020850 -5.537438
17.525457 8.199662 16.940655 -7.089688 -9.805364 -16.466198 0.853917 7.447521 12.157640 4.403780 -14.152186 -4.430716 12.637537 -20.109459 11.542619 -2.214775 -0.261148 15.773728 -5.153173 -8.169397 -27.984850 2.162854 21.973337 12.303623 -14.152243 -18.892464 0.396101 17.412014 14.978347 -4.299575
17.179380 7.042891 16.927887 -6.988575 -10.136676 -16.204361 -0.038139 6.752956 12.259346 4.013790 -14.093113 -2.876863 12.788997 -19.823502 11.406088 -0.864421 0.272588 16.057404 -5.404675 -7.592351 -26.711779 2.299915 20.961298 11.217713 -15.081850 -19.910698 0.342189 16.348598 15.521956 -3.161820
17.107775 5.830856 16.861523 -6.782853 -10.308542 -16.037971 -0.800159 6.046000 12.561785 3.290038 -13.713645 -1.799668 12.687222 -19.763016 11.847832 0.453776 0.225823 16.366665 -5.422969 -7.422442 -25.940187 2.704540 20.428192 9.954940 -15.933249 -20.859138 0.046409 15.310835 15.908009 -2.283449
16.822966 4.850534 16.620312 -6.501279 -10.636677 -15.993247 -1.548561 5.618373 12.713294 2.825992 -13.707352 -0.578873 12.125939 -19.574066 12.357324 1.201925 0.147422 16.582932 -5.433024 -7.508052 -25.243227 2.919463 19.891087 9.256870 -16.402353 -21.882467 -0.268591 14.729238 15.715923 -1.418132
16.256464 4.038780 16.177521 -6.470888 -10.739123 -15.866631 -1.910726 5.483103 13.137743 2.207362 -13.626582 0.006475 11.894858 -19.327904 13.041870 1.699887 0.139663 16.539543 -5.248752 -7.468477 -24.632292 2.777565 19.639078 8.318066 -16.691795 -22.592636 -0.521395 14.101102 15.454055 -0.976067
16.149183 3.426149 15.899261 -6.556554 -10.790302 -15.911561 -2.442958 5.203152 13.288568 1.959073 -13.330862 0.378899 11.925576 -19.004669 13.344908 2.146644 0.369358 16.403509 -5.084944 -7.400844 -24.410860 2.512335 19.298216 7.900940 -16.882847 -23.167255 -0.839778 13.740869 15.345474 -0.682396
16.196798 3.156503 15.706377 -6.198673 -10.866923 -15.838662 -2.691422 4.966028 13.413578 1.858785 -13.309560 0.532628 11.901910 -18.758045 13.481160 2.439101 0.373738 16.408426 -4.980975 -7.397287 -24.151604 2.704533 19.079851 7.876122 -17.047569 -23.440840 -0.867681 13.628752 15.322134 -0.457576
