10.286993 23.879519 1.140074 -7.183023 -12.823711 -10.169774 5.015660 14.615107 10.808504 7.914629 -14.304499 -25.211533 5.366103 -18.139303 6.267156 -12.172200 2.782252 11.549147 -8.642666 -5.179433 -17.926992 -13.530400 8.633066 16.651791 0.547548 -6.382357 10.160726 37.272877 -4.073032 -13.990307
9.917503 23.701759 1.398687 -8.019142 -12.712124 -10.066187 5.000526 14.594500 10.801862 7.877552 -13.372314 -25.451452 5.566884 -18.513857 6.259933 -11.941297 2.877594 11.313900 -8.763684 -5.148500 -17.585318 -13.670442 8.999048 15.942022 0.516974 -6.146582 10.365037 36.882225 -4.577934 -14.246762
9.572686 23.447577 1.303038 -8.987687 -12.628017 -9.900774 4.718111 14.265942 11.423523 6.317800 -12.048018 -25.467659 5.827311 -19.298960 5.982517 -11.619843 3.141132 11.025177 -9.205120 -5.174882 -16.924671 -14.015779 9.976122 14.626337 0.516155 -5.641445 10.401620 35.995552 -5.268280 -14.991863
8.449246 22.865038 1.203936 -10.222427 -12.494132 -9.641567 4.611208 14.206831 11.873727 5.391372 -10.343871 -25.692577 6.418128 -19.888813 5.521532 -11.202071 3.698756 10.553678 -9.834858 -4.884542 -16.150879 -14.236971 11.380600 12.623996 0.785139 -5.014619 10.416349 35.103561 -6.212981 -15.711931
7.021707 22.147501 1.012823 -11.214968 -12.365274 -9.310070 4.559064 14.089031 12.732706 3.693422 -8.725229 -25.685017 6.907522 -20.592699 4.752028 -10.479298 4.324858 10.055781 -10.664186 -4.808797 -15.124104 -14.380694 13.213728 10.464597 0.863811 -4.323578 10.371354 33.803299 -7.395082 -16.930130
5.426536 21.123960 0.831826 -11.697598 -12.293324 -9.173275 4.570920 14.131916 13.689621 1.941839 -6.912365 -26.095097 7.815503 -20.860624 3.844790 -9.990001 5.290018 9.353929 -11.380148 -4.578164 -14.227128 -14.659022 13.939819 8.748356 0.701426 -3.925709 10.349082 32.741570 -8.754643 -17.915926
3.991853 20.546040 1.193695 -12.334536 -12.307768 -8.448382 4.648463 13.761467 14.223679 0.995249 -6.094266 -26.297207 8.398340 -21.022495 3.062372 -9.223320 5.987391 8.563560 -11.962740 -4.495273 -13.293349 -14.562916 15.395876 7.008909 0.559721 -3.539129 10.610582 31.316940 -9.981767 -18.194017
2.513082 20.344259 1.160174 -11.930041 -12.690805 -7.684825 4.584889 13.286389 14.936049 -0.506161 -5.067371 -26.409702 8.739837 -21.133753 2.247499 -8.677997 7.005771 7.734852 -12.832165 -4.215096 -12.628993 -14.484332 16.994616 5.656790 0.492336 -3.060310 10.824080 30.018219 -10.734702 -18.431034
1.454577 20.283232 1.378462 -11.853365 -12.906063 -7.021981 4.840367 13.126450 15.291325 -0.963084 -4.662350 -26.253199 8.802712 -21.362415 1.898699 -8.047527 7.313832 7.162762 -13.253199 -4.283663 -12.098638 -14.320478 17.819546 4.847027 0.348318 -3.027567 10.969344 29.118290 -11.486711 -18.239159
0.965709 20.239702 1.367155 -11.827595 -13.070324 -6.817013 4.778020 12.967607 15.590049 -1.766742 -4.242839 -26.355747 8.958283 -21.478525 1.599033 -7.600171 7.514675 6.801677 -13.570515 -4.205940 -11.824886 -14.355851 18.298937 4.420002 0.402704 -2.926812 11.115085 28.785801 -11.773181 -18.144188
1.277062 20.088516 1.887290 -11.676961 -13.017965 -6.761397 4.956368 12.892380 15.399904 -1.158143 -4.564523 -26.225861 9.193270 -21.471897 1.614944 -7.261546 7.257705 6.815647 -13.457115 -4.271966 -11.906754 -13.981219 18.724916 4.353096 0.406889 -2.786289 11.141870 28.739710 -11.553189 -18.208395
2.644720 18.815279 4.633719 -11.421875 -12.389508 -6.521057 5.760626 12.154274 15.264020 0.167128 -5.709136 -25.058443 10.973981 -21.821146 2.144526 -5.301819 5.450974 6.684366 -12.941067 -4.314307 -12.444997 -10.183258 21.401844 6.195198 0.044215 -2.135972 11.735118 28.366224 -10.873467 -17.720640
5.120628 17.275480 8.514944 -9.889365 -11.644678 -6.300298 6.744096 10.649553 15.634113 1.294643 -7.856777 -21.979240 12.218049 -22.372746 3.479151 -2.100631 2.957253 6.211076 -12.488956 -5.191988 -13.851306 -3.039401 25.541410 8.999343 -0.890788 -1.742337 11.888803 27.182909 -9.520979 -16.028851
7.074945 15.963717 12.891751 -6.725961 -11.291510 -5.316576 7.256011 7.644603 16.554373 1.148906 -11.071514 -17.884329 12.062641 -21.802143 5.341297 2.310592 1.019184 5.200877 -12.020632 -6.114723 -13.515467 5.419273 29.654818 9.419028 -2.584136 -2.332486 12.880879 25.170650 -7.695724 -12.389162
7.953078 15.377151 18.086678 -4.816689 -11.232235 -2.775811 6.798535 2.845042 16.631571 1.039371 -13.740036 -14.196144 9.317348 -21.526718 8.495094 8.745579 -0.865030 2.796646 -11.273147 -7.079216 -12.958867 15.159286 31.623377 8.624422 -2.363554 -5.366117 14.553830 25.308365 -7.562270 -3.579721
7.869910 14.304358 21.610210 -3.329619 -11.810701 -0.932490 5.426380 -1.036720 16.459953 0.743155 -14.709302 -10.639570 7.435154 -21.495823 10.049657 14.599872 -0.990917 0.687703 -12.036583 -6.809890 -12.887280 19.548182 33.516838 4.819263 -3.795766 -8.833108 15.935163 21.735607 -8.114639 4.926179
4.737869 12.265829 22.066431 -3.674935 -12.642139 0.525532 2.636870 -3.828179 16.861115 -0.594569 -14.773071 -6.917737 5.897107 -20.512154 8.542150 18.194546 2.279677 -0.741524 -14.213546 -6.871310 -10.566456 19.500477 32.013603 1.470576 -5.471501 -11.538794 16.990211 19.158148 -9.318791 10.537757
2.102014 10.268620 21.717304 -3.058213 -13.729309 1.566775 -0.774901 -6.478174 16.711496 -1.723925 -13.183550 -4.133094 1.654654 -18.929745 8.041995 19.378874 6.286676 -3.854262 -15.873621 -8.591523 -7.127709 18.565657 29.212332 -1.615807 -6.027820 -14.924451 16.753054 18.535133 -9.489806 13.952283
0.129123 8.714402 20.552383 -2.835424 -14.477394 2.220617 -3.827074 -8.702545 17.228003 -3.901115 -10.724293 -2.798975 -0.565625 -17.072786 7.712833 20.491758 9.387216 -6.232413 -17.133320 -9.575600 -6.588031 16.327726 25.629219 -4.373637 -6.971756 -17.819275 16.180161 18.419125 -9.951615 16.072397
-0.922643 7.787026 19.198566 -2.925837 -14.591564 2.468886 -5.223974 -9.531567 17.772331 -5.153268 -9.519682 -2.431326 -1.737680 -16.411983 7.810022 20.089365 10.244534 -6.854668 -17.401501 -10.099098 -6.228111 14.771758 23.375811 -5.165034 -7.438417 -19.589956 15.710766 18.384928 -10.226776 17.130968
-1.237442 7.612486 19.212248 -3.188739 -14.544876 2.512943 -5.408299 -9.679907 17.820274 -5.346563 -9.391653 -2.439411 -1.715517 -16.396633 7.705709 20.166254 10.384181 -6.835021 -17.523821 -10.034473 -6.244018 14.602679 23.314508 -5.371657 -7.396041 -19.768223 15.574930 18.361984 -10.277234 17.163914
-0.989367 7.047258 19.540266 -3.046931 -14.362531 2.241084 -5.267129 -9.595035 18.104639 -5.924488 -9.211054 -2.032583 -1.438549 -16.503073 7.814863 20.680372 10.410991 -6.582297 -17.351881 -9.813986 -5.799860 15.217531 23.349236 -5.279861 -7.564538 -20.045034 15.503880 18.282627 -10.039184 17.226269
-0.828789 6.274750 19.740616 -3.083910 -13.977370 1.889739 -4.763192 -9.254255 18.788889 -7.202926 -8.663800 -1.540194 -1.208889 -16.530733 8.078423 21.042707 10.500483 -6.497696 -17.121994 -9.302506 -5.751615 16.800550 23.207203 -5.712311 -7.952099 -20.587605 15.018945 18.350269 -9.339360 17.115793
-0.685663 4.898610 19.689085 -3.254150 -13.106627 1.520428 -4.060062 -8.933081 20.040224 -8.733158 -7.575795 -0.982027 -0.483325 -16.733727 8.798532 22.203497 10.294532 -6.015121 -16.621679 -8.677521 -5.590363 18.222784 23.148218 -6.434911 -8.432062 -21.072041 14.868151 17.996117 -9.659714 17.282133
-1.183108 3.893137 19.153717 -3.791273 -12.540924 0.759506 -3.459222 -7.980867 21.173283 -11.034889 -6.558836 -0.243277 -0.326377 -16.597939 10.273019 22.810654 9.795550 -6.146950 -15.639685 -8.378971 -4.992115 19.550985 23.218849 -6.969993 -8.730970 -21.696808 14.531925 17.883383 -9.625499 17.156338
-1.982917 2.483941 18.958405 -4.585158 -11.649479 0.502886 -2.837604 -7.659230 22.613478 -13.137594 -5.489469 0.664431 -0.204233 -16.076174 11.167156 23.671019 9.865575 -6.426172 -15.118955 -8.370496 -3.642189 21.099062 23.544102 -7.775637 -9.107212 -22.531139 14.380231 17.125071 -10.589284 17.436918
-2.695835 1.310737 18.160450 -5.253160 -10.971730 -0.093683 -2.350394 -6.958631 23.874140 -15.354670 -3.686438 1.246663 0.057798 -15.332609 11.632990 24.757309 10.144961 -6.923803 -14.589876 -8.609900 -2.442004 22.824358 23.183538 -8.712926 -9.733145 -23.317802 14.336794 16.286514 -11.259691 17.944635
-3.399822 0.588346 17.765358 -5.892415 -10.390478 -0.245872 -2.220261 -6.933699 24.692636 -16.606316 -2.372702 1.570270 -0.033599 -14.847473 12.151834 25.058386 10.440171 -7.368251 -14.247017 -8.954139 -2.000371 24.062021 23.048973 -9.258011 -10.016441 -23.901581 14.202043 15.729733 -11.836810 18.531084
-4.175352 0.112798 17.225006 -6.595850 -9.988391 -0.433664 -2.174217 -6.734034 25.248051 -17.588196 -1.784953 1.606096 -0.379714 -14.499671 12.541217 25.466192 10.457150 -7.510621 -14.147156 -9.200479 -1.330323 24.846413 22.750002 -9.195927 -10.315619 -23.976267 14.564809 15.059111 -12.253140 19.325361
-4.511568 -0.037739 16.990679 -6.702969 -9.890796 -0.478575 -2.150784 -6.655283 25.405792 -18.000080 -1.606472 1.584466 -0.458891 -14.335146 12.697942 25.963591 10.284417 -7.474109 -14.137111 -9.274426 -0.954937 25.193571 22.681173 -9.076676 -10.559835 -24.174553 14.764520 14.607832 -11.986540 20.023943
-4.483222 -0.057621 16.966057 -6.637506 -9.869818 -0.486972 -2.136749 -6.656151 25.433084 -18.006119 -1.648831 1.632907 -0.515495 -14.270854 12.730931 25.963404 10.244212 -7.426753 -14.105721 -9.319938 -0.937976 25.234226 22.672476 -8.986874 -10.575302 -24.202995 14.778734 14.585856 -11.940748 20.105379
-4.484497 -0.058189 16.965511 -6.637164 -9.870474 -0.487228 -2.137141 -6.655876 25.434282 -18.008461 -1.650872 1.632754 -0.514995 -14.269689 12.732760 25.963608 10.243393 -7.427678 -14.103809 -9.319759 -0.943073 25.228251 22.673525 -8.992886 -10.574947 -24.203991 14.779784 14.587135 -11.935371 20.107349
-4.481579 -0.058170 16.966171 -6.639651 -9.870378 -0.486423 -2.137639 -6.656279 25.432852 -18.005795 -1.650850 1.633355 -0.515413 -14.270496 12.731730 25.963068 10.243920 -7.426241 -14.105013 -9.319588 -0.944023 25.228239 22.674675 -8.997890 -10.572425 -24.205402 14.779878 14.589579 -11.935946 20.109676
-4.481526 -0.057607 16.966116 -6.638845 -9.869946 -0.486524 -2.137345 -6.656652 25.433216 -18.006254 -1.650059 1.632441 -0.514558 -14.269854 12.731750 25.963266 10.243873 -7.427612 -14.104244 -9.319461 -0.943469 25.228176 22.673433 -8.997344 -10.573009 -24.205690 14.779887 14.589280 -11.936358 20.109709
-4.482744 -0.059340 16.965454 -6.643561 -9.870329 -0.486531 -2.138360 -6.655157 25.431929 -18.004223 -1.649527 1.633243 -0.513795 -14.270250 12.729250 25.962143 10.245567 -7.426012 -14.106030 -9.319459 -0.943457 25.230167 22.674105 -8.997816 -10.571930 -24.206375 14.779233 14.590693 -11.936645 20.110548
-4.484584 -0.060606 16.964468 -6.643319 -9.870716 -0.487605 -2.139035 -6.654593 25.433504 -18.007938 -1.650939 1.633930 -0.513054 -14.270779 12.728261 25.961615 10.246351 -7.424873 -14.106610 -9.318674 -0.948172 25.219500 22.680204 -9.014385 -10.564800 -24.206789 14.779468 14.593029 -11.936023 20.114502
-4.483440 -0.059425 16.965168 -6.640204 -9.870161 -0.487067 -2.137706 -6.655066 25.432922 -18.004772 -1.647401 1.633806 -0.511977 -14.271582 12.726477 25.960573 10.247387 -7.424817 -14.107971 -9.318592 -0.948306 25.219978 22.678335 -9.016705 -10.564197 -24.208324 14.780368 14.595421 -11.936957 20.116373
-7.573851 -2.152039 15.368431 -5.608708 -10.185844 -1.691348 -2.026074 -4.069651 24.873631 -14.640518 -3.809009 1.082115 3.213279 -10.972027 9.020226 25.193087 13.991422 -6.103524 -12.547451 -9.074512 3.736638 21.817835 18.804667 3.726567 -18.877411 -22.056728 13.891994 6.953024 -11.600862 11.859625
-7.573851 -2.152039 15.368431 -5.608708 -10.185844 -1.691348 -2.026074 -4.069651 24.873631 -14.640518 -3.809009 1.082115 3.213279 -10.972027 9.020226 25.193087 13.991422 -6.103524 -12.547451 -9.074512 3.736638 21.817835 18.804667 3.726567 -18.877411 -22.056728 13.891994 6.953024 -11.600862 11.859625
-7.573851 -2.152039 15.368431 -5.608708 -10.185844 -1.691348 -2.026074 -4.069651 24.873631 -14.640518 -3.809009 1.082115 3.213279 -10.972027 9.020226 25.193087 13.991422 -6.103524 -12.547451 -9.074512 3.736638 21.817835 18.804667 3.726567 -18.877411 -22.056728 13.891994 6.953024 -11.600862 11.859625
-7.481372 -2.040391 15.610372 -6.529004 -10.117735 -1.683905 -1.975217 -3.905469 24.670473 -14.625334 -3.748053 1.295263 3.696640 -10.901244 8.703816 24.729467 13.929896 -5.897832 -13.563850 -8.323214 2.160177 21.949823 18.024137 3.846879 -20.099771 -20.919170 14.421159 6.344065 -12.922021 10.468443
-7.484349 -2.097813 15.530951 -6.423499 -10.086966 -1.635878 -1.952494 -3.917324 24.697496 -14.462317 -3.775587 1.259079 3.714572 -10.751430 8.632905 24.786474 13.885163 -5.771253 -13.577724 -8.370818 2.670543 22.003881 18.100132 3.821438 -19.956440 -21.017265 14.411462 6.378528 -12.794818 10.589614
-7.493639 -2.102480 15.530252 -6.422621 -10.088737 -1.638649 -1.951643 -3.910975 24.695360 -14.454069 -3.790031 1.253237 3.723254 -10.730686 8.624021 24.790014 13.892450 -5.761579 -13.566700 -8.373792 2.584391 21.983215 18.083431 3.831688 -19.980165 -21.034689 14.393627 6.367033 -12.830735 10.591114
-7.484056 -2.104131 15.522636 -6.423708 -10.079874 -1.628938 -1.948173 -3.918358 24.700298 -14.444017 -3.790711 1.252191 3.725751 -10.728397 8.621844 24.790531 13.894380 -5.759652 -13.566353 -8.372216 2.660048 21.998388 18.090319 3.819110 -19.962318 -21.020138 14.409150 6.376493 -12.798773 10.589235
-7.504572 -2.114648 15.515663 -6.395041 -10.081394 -1.636980 -1.939155 -3.901722 24.698948 -14.416921 -3.783400 1.253058 3.728921 -10.732706 8.615242 24.789164 13.895507 -5.755462 -13.572557 -8.370314 2.675172 21.988169 18.085573 3.828526 -19.969019 -21.021511 14.407010 6.368194 -12.803177 10.582083
-7.493133 -2.108322 15.515889 -6.402597 -10.079192 -1.632225 -1.943047 -3.913294 24.704554 -14.437767 -3.781303 1.252417 3.721951 -10.735868 8.616014 24.792698 13.893057 -5.754825 -13.570017 -8.378435 2.682474 21.984938 18.094072 3.836743 -19.967756 -21.022339 14.404021 6.361306 -12.803500 10.581507
-7.493055 -2.108618 15.516017 -6.401663 -10.079255 -1.632560 -1.942875 -3.912952 24.704441 -14.436582 -3.782019 1.252211 3.722504 -10.735041 8.615420 24.792696 13.893601 -5.754191 -13.569748 -8.378340 2.683265 21.983347 18.093687 3.836901 -19.969406 -21.021725 14.403479 6.359170 -12.803678 10.579359
-7.496738 -2.110854 15.516111 -6.403630 -10.079472 -1.632611 -1.941596 -3.909247 24.701639 -14.428159 -3.775714 1.253777 3.718045 -10.742607 8.618413 24.793255 13.889861 -5.756074 -13.573195 -8.378930 2.681945 21.982080 18.092461 3.829710 -19.967144 -21.022114 14.404725 6.362619 -12.802934 10.580000
-7.501668 -2.112831 15.513929 -6.398104 -10.079764 -1.634193 -1.939910 -3.906318 24.702555 -14.426386 -3.776749 1.253424 3.718197 -10.741914 8.617897 24.793385 13.890267 -5.754902 -13.572966 -8.378702 2.683178 21.980370 18.092405 3.833476 -19.970064 -21.021832 14.404725 6.359711 -12.802762 10.579076
-7.491534 -2.107890 15.517982 -6.405708 -10.078895 -1.630946 -1.942667 -3.913274 24.702291 -14.433231 -3.787089 1.252365 3.722640 -10.731686 8.616034 24.793386 13.893569 -5.752921 -13.567752 -8.378062 2.682462 21.985300 18.089266 3.834928 -19.970535 -21.022448 14.404416 6.361305 -12.801686 10.579803
