3.068780 20.317965 0.180429 -1.547618 -14.288383 -13.720248 6.623688 20.540207 8.970692 14.641217 -20.747368 -25.649620 13.065588 -11.272746 3.789332 -15.543302 9.066291 9.145610 -4.537991 -1.776504 -12.750997 -10.117126 3.976915 20.934885 -3.210958 0.090564 14.804763 36.591225 0.390234 -17.207750
2.692116 20.072880 0.176827 -1.760831 -14.253359 -13.766913 6.654155 20.692167 8.945815 14.822009 -20.490023 -25.820992 13.407233 -11.135834 3.667860 -15.456999 9.244984 9.063210 -4.424393 -1.747490 -12.610528 -10.147470 3.952681 20.802958 -3.295810 0.180835 14.904807 36.510563 0.298102 -17.291029
2.359173 19.984488 0.416966 -2.221050 -14.180452 -13.655085 6.764650 20.765907 8.825155 15.141619 -20.152250 -26.099293 13.730433 -11.046519 3.601359 -15.357528 9.419722 8.906182 -4.267535 -1.721673 -12.326935 -10.181258 4.025028 20.604891 -3.539586 0.352562 14.971519 36.110504 -0.119988 -17.626274
1.616479 19.583143 0.390798 -2.346758 -14.150687 -13.665988 6.940584 21.064182 8.889971 15.340131 -19.742472 -26.299753 14.153896 -10.957779 3.443297 -15.284715 9.667808 8.731839 -4.105503 -1.730804 -12.031551 -10.343982 4.471344 20.090199 -3.594914 0.683012 14.938611 35.643799 -0.602045 -18.197264
0.815320 19.086624 0.093159 -2.398247 -14.157537 -13.763420 6.987187 21.378641 9.103635 15.250714 -19.372068 -26.441792 14.693040 -10.893123 3.103221 -15.062921 10.025479 8.573075 -4.083266 -1.708560 -11.381618 -10.653790 4.857543 19.830309 -3.994006 1.025569 14.863558 34.768478 -1.148185 -19.062792
-0.101139 18.650284 0.010752 -2.782047 -14.091650 -13.690289 7.109591 21.591900 9.289633 15.187653 -18.958845 -26.542927 15.197301 -10.760916 2.778217 -14.852883 10.434958 8.348855 -4.158304 -1.616816 -10.875880 -10.750039 5.339816 19.205786 -4.154494 1.397765 14.823913 34.173737 -1.685630 -19.792322
-1.029136 18.113310 -0.197052 -3.145967 -14.078363 -13.707907 7.139386 21.875708 9.455799 15.097645 -18.086773 -26.892532 15.789510 -10.744059 2.481810 -14.653577 10.839366 8.095620 -4.264536 -1.383948 -10.180514 -11.020823 5.951190 18.677820 -4.435400 1.987020 14.780220 33.407768 -2.406972 -20.942938
-1.929027 17.574631 -0.237678 -3.507011 -13.947182 -13.619881 7.303218 22.051407 9.752456 14.817937 -17.414017 -27.095045 16.261700 -10.716953 2.235260 -14.338491 11.146461 7.831274 -4.394484 -1.288409 -9.218848 -11.164739 6.802842 18.364122 -4.939540 2.775309 14.705734 32.292267 -3.347313 -22.630363
-2.933096 17.140699 -0.485373 -3.894803 -13.963373 -13.511444 7.278924 22.157623 10.173095 14.079620 -16.976500 -27.082108 16.637690 -10.747633 1.773822 -13.883767 11.557264 7.473582 -4.538387 -1.337227 -8.341437 -11.510037 7.769511 17.831980 -5.256484 3.398492 14.621101 31.090227 -4.121852 -23.851994
-3.650352 16.757833 -0.637764 -4.236712 -13.935971 -13.387117 7.236695 22.077816 10.784693 12.788849 -16.270086 -27.356079 17.198612 -10.765543 1.304161 -13.746999 12.101867 7.167053 -4.666080 -1.311077 -7.598802 -11.855134 8.054495 17.691313 -5.863948 3.966565 14.593392 29.941685 -4.922517 -24.998499
-4.400533 16.151810 -0.733936 -4.268192 -13.906816 -13.388036 7.202478 22.075619 11.296646 11.897756 -15.212962 -27.574236 17.583975 -10.951673 0.874681 -13.369161 12.563056 6.750491 -5.088338 -1.130560 -6.668198 -12.172346 8.239822 18.017172 -6.967269 4.822894 14.529621 28.485424 -5.734084 -26.929108
-5.051455 15.889759 -0.575425 -4.240722 -13.981724 -13.101915 7.271847 21.937126 11.599036 11.437158 -15.074255 -27.691799 17.846024 -11.021672 0.487154 -12.869822 12.838133 6.427885 -5.251424 -1.175620 -5.960157 -12.556291 8.941496 18.106417 -7.687202 5.642633 14.713311 27.106327 -6.678463 -27.938036
-5.870169 15.536993 -0.416686 -4.855813 -13.920038 -12.696486 7.266117 21.731709 11.852087 10.954147 -14.485809 -27.812349 18.180893 -11.101179 0.116297 -12.524236 13.222574 6.030982 -5.537326 -1.046278 -5.347267 -12.878719 9.510113 18.621904 -8.687682 6.257162 14.837117 25.520870 -7.236377 -28.934223
-6.708889 15.343039 -0.438313 -4.581069 -14.080248 -12.311655 7.302179 21.529316 12.290216 10.162295 -14.082083 -27.987556 18.291664 -11.253955 -0.289310 -12.099317 13.649769 5.582908 -5.978181 -0.936138 -4.848689 -13.217065 9.963559 18.830717 -9.431044 6.512700 14.958385 24.172991 -7.585862 -29.326868
-7.500799 15.246370 -0.610899 -4.237422 -14.315479 -11.998024 7.245927 21.373386 12.651957 9.471182 -13.533203 -27.969730 18.548542 -11.101129 -0.669016 -11.889415 14.190335 5.207972 -6.314023 -0.788370 -4.421091 -13.461265 10.186018 19.084705 -10.067942 6.729465 15.027123 23.149426 -7.825073 -29.821857
-8.015990 15.139027 -0.682408 -4.069746 -14.470942 -11.777403 7.249646 21.323498 12.836538 9.228317 -13.450077 -27.877605 18.609379 -11.121900 -0.840958 -11.521844 14.342826 4.843984 -6.452763 -0.885650 -3.912666 -13.545728 10.549602 19.163343 -10.613604 6.871005 15.172719 22.137501 -8.360439 -30.041332
-8.615372 15.140480 -0.486025 -4.038704 -14.545678 -11.378135 7.512011 21.265980 13.076091 8.936697 -13.318029 -27.872471 18.731937 -11.086405 -0.965458 -11.259811 14.507058 4.594040 -6.547011 -0.871283 -3.659551 -14.167769 10.517410 19.220606 -11.215435 6.778234 15.110943 21.176954 -8.327500 -30.205906
-9.054951 15.006550 -0.593411 -3.859648 -14.678577 -11.331576 7.480810 21.292923 13.226049 8.588176 -13.143074 -27.966396 18.950045 -11.010039 -1.205844 -11.032483 14.677020 4.439738 -6.684416 -0.781281 -3.473853 -14.463887 10.659937 19.087431 -11.431804 6.796171 15.154306 20.682774 -8.403446 -30.213388
-9.392769 14.908768 -0.660165 -3.623708 -14.767864 -11.265676 7.526137 21.302891 13.432125 8.248828 -12.984522 -28.013226 19.002895 -11.020514 -1.282368 -10.860395 14.752812 4.264520 -6.749660 -0.818295 -3.357964 -14.689211 10.727390 19.277973 -11.714669 6.859450 15.231507 20.338938 -8.374703 -30.317606
-9.505740 14.932329 -0.591953 -3.671084 -14.767796 -11.172152 7.602638 21.302608 13.443501 8.272868 -12.918031 -28.063705 19.001760 -11.058493 -1.260367 -10.779737 14.755109 4.182066 -6.747145 -0.826699 -3.284599 -14.726212 10.789181 19.205282 -11.761196 6.892204 15.271235 20.245617 -8.429652 -30.340904
-8.924053 14.868766 -0.064996 -3.726747 -14.676856 -11.167532 7.660031 21.134132 13.205832 8.799045 -13.306465 -27.874403 19.190376 -11.072754 -1.214743 -10.490270 14.455612 4.228091 -6.645204 -0.878493 -3.455223 -13.971992 11.287431 19.007729 -11.399386 7.031837 15.297193 20.644226 -8.331905 -30.280291
-8.266201 14.485094 1.073185 -3.651353 -14.432964 -11.106035 8.048445 20.934422 12.998411 9.524111 -13.717056 -27.281563 19.755957 -11.330160 -0.803373 -9.695074 13.553483 4.193381 -6.419429 -0.861880 -3.828921 -11.747870 12.886601 19.090036 -10.741808 7.496617 15.575708 21.330559 -8.317684 -29.959129
-7.469676 13.659790 2.862595 -3.708205 -14.023317 -10.883387 8.445027 20.328691 12.947030 10.226460 -14.674894 -26.471600 20.650803 -11.439204 -0.464908 -8.591569 12.540563 3.978691 -6.210416 -0.907338 -4.357635 -8.698308 15.082287 18.836500 -9.857012 7.699770 15.909228 22.273207 -8.219703 -28.951279
-6.204577 12.866226 4.446297 -3.155933 -13.675182 -11.013399 8.883895 19.881792 13.097759 10.680305 -15.938212 -25.072006 21.523876 -11.489981 0.406233 -7.190411 11.171233 3.747949 -5.655847 -1.412511 -5.395736 -4.532244 17.396536 17.032930 -8.204969 6.702034 15.804889 23.706396 -7.351145 -26.268522
-5.192184 11.948826 6.744754 -1.842362 -13.375223 -10.707771 9.514632 18.972067 13.302431 11.573685 -17.230196 -23.445007 22.029247 -11.298944 1.154345 -5.636996 10.122892 3.362341 -5.419713 -1.840765 -6.819511 -0.016630 19.262251 17.679213 -8.038898 5.647537 15.806659 24.104877 -6.273730 -23.643389
-4.602682 10.692654 8.352972 0.273608 -13.275299 -10.540974 9.714274 17.879999 13.982708 11.503017 -18.701288 -21.548380 22.580410 -10.837116 1.927247 -3.828571 9.249393 3.000130 -5.213579 -2.151744 -6.833223 3.050575 21.946106 19.149797 -9.591289 5.991469 16.148680 22.110023 -5.578103 -22.875628
-3.339991 10.517397 11.049603 1.725777 -13.112561 -9.792498 10.100590 16.047209 14.403745 11.079899 -20.081068 -19.513508 22.081326 -10.756884 2.903395 -1.456692 8.311261 2.296440 -4.955802 -2.877209 -6.401891 7.471575 23.913067 19.331312 -10.344328 5.020045 16.978708 20.645590 -4.187294 -19.521124
-1.373795 11.079274 14.238276 2.051270 -12.998746 -8.175121 9.557871 12.560920 14.773226 9.234058 -20.664511 -17.353836 20.707352 -11.472449 4.395349 1.448143 7.078261 1.370914 -5.107806 -3.244117 -5.648966 11.447984 25.079664 19.347019 -10.511866 3.134382 17.162422 19.957380 -4.348228 -15.971858
0.036485 11.551180 17.069387 2.416547 -12.836142 -6.446632 8.969134 9.172785 14.982359 8.088566 -21.582102 -15.346707 18.036940 -12.310232 6.620486 5.176408 5.511676 -0.050637 -5.279278 -3.936134 -5.483490 15.946270 26.230944 17.270113 -9.586797 1.904658 18.206453 20.659641 -5.574831 -11.819925
2.117208 12.000075 19.520317 2.949980 -12.890625 -4.958503 7.838783 5.519564 15.249666 6.119202 -21.644503 -13.150823 15.368894 -13.777956 8.803025 8.893069 4.056540 -1.423973 -6.085281 -4.217295 -5.098415 18.967596 27.879198 13.311647 -8.599241 0.224852 19.456387 20.652615 -5.949099 -6.905078
2.739338 12.296529 21.542107 3.599522 -13.322651 -3.543710 6.964544 2.731154 15.676175 4.248770 -20.895845 -11.091757 12.818540 -15.229075 10.494359 11.907502 3.017443 -2.712307 -7.138707 -4.445681 -5.601126 19.670637 28.307568 10.533556 -9.279837 -2.147820 19.755314 18.816452 -5.370763 -2.360868
2.136512 11.506473 22.025923 4.063015 -13.622332 -2.659820 5.728683 0.795935 16.316046 3.042578 -20.792292 -9.160275 11.982878 -14.678617 10.279044 14.198394 4.345658 -3.534917 -7.644153 -4.793044 -5.892171 20.013382 27.966579 8.749835 -10.110172 -4.252851 20.012257 17.139584 -5.318145 1.512975
0.495719 10.641539 22.100245 3.838426 -14.078485 -1.907920 4.050165 -0.800605 16.633558 1.651705 -20.357935 -7.689019 10.207419 -14.603943 10.126958 15.858348 5.591536 -4.447484 -8.691308 -5.081007 -4.376440 19.619123 27.487692 6.145534 -10.120621 -5.900495 20.402843 16.383512 -5.055515 4.439755
-0.929055 9.636709 22.070065 3.644500 -14.487148 -1.062281 2.248226 -2.534294 16.849428 0.505463 -19.254534 -6.975386 8.387897 -14.156807 9.802941 17.611158 6.881290 -5.741801 -9.251143 -5.945658 -3.161874 18.969849 26.560587 4.067263 -10.399525 -7.603683 20.310299 15.711236 -5.347288 6.547547
-1.595514 8.796448 21.250275 5.020501 -14.965094 -0.668159 0.607434 -3.936977 17.127859 -0.398101 -18.760134 -5.374753 5.263091 -12.897891 9.955532 17.821512 8.610043 -6.706638 -10.033403 -7.640478 -1.234192 18.514885 25.354044 2.767211 -10.679379 -9.305021 19.932625 15.003841 -6.235803 7.742072
-2.401374 8.018720 20.524796 5.394292 -15.390597 -0.305124 -1.256158 -5.425789 17.386797 -1.834187 -17.324976 -4.799934 3.599152 -11.791903 10.119834 18.490694 10.066001 -8.073932 -10.585344 -8.495791 -0.213939 17.051687 23.925228 0.903800 -10.715977 -11.329601 19.054615 14.810758 -6.702587 8.469002
-3.390116 7.398418 19.853901 5.502584 -15.496588 0.157159 -2.422779 -6.566636 18.073809 -3.249402 -16.076942 -4.329435 2.338709 -10.870436 10.253617 19.492222 11.047074 -8.970559 -11.071680 -9.129428 0.502433 15.921494 22.484343 -0.259057 -11.045376 -13.095146 18.617617 14.691069 -7.137506 9.449692
-3.775307 6.806805 18.790585 5.455565 -15.576939 0.035343 -3.439873 -6.992948 18.405394 -4.410639 -15.366649 -4.034185 1.251362 -10.424698 10.390016 19.398424 11.495135 -9.277456 -11.491955 -9.451161 0.836674 15.262303 20.887815 -0.764671 -11.279408 -14.228782 18.400692 15.102947 -7.175888 9.983282
-4.158705 6.512724 18.449587 5.616567 -15.530112 0.498431 -3.828871 -7.640176 18.825300 -4.701940 -14.963724 -3.934578 0.876901 -10.118778 10.457465 19.307592 11.713076 -9.508107 -11.450455 -9.680995 1.426346 14.221599 20.211355 -1.434467 -11.332258 -14.963733 17.985954 14.951233 -7.372779 9.943933
-4.406388 6.364217 18.335255 5.486287 -15.509348 0.520306 -4.036924 -7.792582 18.875360 -4.879692 -14.814146 -4.082500 0.832190 -10.061544 10.290262 19.555384 11.827912 -9.555826 -11.669337 -9.628253 1.428309 13.874353 20.096489 -1.604463 -11.286616 -15.088144 17.907677 14.903647 -7.427759 9.956511
-4.432268 6.340876 18.453266 5.435820 -15.477322 0.548153 -3.989608 -7.803781 18.913172 -4.926136 -14.843386 -3.964313 0.859851 -10.065277 10.356652 19.476694 11.771571 -9.408774 -11.563807 -9.675003 1.427035 14.034188 20.186956 -1.622371 -11.279196 -15.091963 17.878635 14.943526 -7.454508 9.891188
-4.347345 6.003851 18.840046 5.415391 -15.237081 0.638053 -3.873643 -8.038926 19.120205 -5.001277 -14.837102 -3.896390 1.018706 -10.184345 10.515077 19.590828 11.602717 -9.187293 -11.303106 -9.719764 1.587349 14.286685 20.196119 -1.672986 -11.326605 -15.164159 17.845768 14.975056 -7.358798 9.872544
-4.304853 5.862925 18.780142 5.393108 -15.259234 0.311791 -3.849801 -7.742777 19.189505 -5.574406 -14.636447 -3.593198 1.071844 -10.161084 10.532538 20.112967 11.702452 -9.087515 -11.334689 -9.542739 1.876228 14.564602 20.075178 -1.713998 -11.415861 -15.362320 17.863014 14.983755 -7.210452 9.982296
-4.250804 5.451097 18.898979 5.218856 -15.051405 0.123583 -3.656105 -7.601751 19.501213 -6.191202 -14.599100 -3.262815 0.979494 -10.142309 10.792731 20.468067 11.634659 -8.987296 -11.184258 -9.340281 1.746774 15.103713 19.906906 -1.731621 -11.615861 -15.559410 17.633640 15.079147 -6.742448 9.819774
-4.234609 5.102947 18.925091 5.245593 -14.805920 -0.013423 -3.305444 -7.383305 19.883631 -6.799351 -13.994215 -3.134605 1.373580 -10.245235 10.807719 20.512798 11.757920 -8.961488 -11.037418 -9.057069 1.795331 16.014845 19.950588 -1.836310 -11.883377 -15.624666 17.519821 14.961800 -6.596586 9.645424
-4.069469 4.450044 19.076895 5.297482 -14.317151 0.012094 -2.912060 -7.465229 20.490833 -7.269347 -13.548521 -2.816465 1.956449 -10.580112 11.224574 21.157391 11.475719 -8.494520 -10.887815 -8.497878 2.027579 16.691084 19.716743 -1.885685 -12.128680 -15.844049 17.475178 14.868069 -6.658265 9.652839
-4.114144 3.729548 18.777185 4.912523 -13.791511 -0.286273 -2.549799 -7.129369 21.202005 -8.342642 -12.895444 -2.523577 2.083679 -10.603786 11.523463 21.658903 11.497825 -8.379313 -10.577356 -8.464305 1.722035 17.350124 19.783411 -2.189528 -12.367547 -15.856250 17.449718 14.738163 -6.842780 9.539680
-4.170257 3.043756 18.407959 4.458041 -13.221258 -0.723781 -2.040646 -6.527589 21.925098 -9.371566 -12.556539 -2.122316 2.352397 -10.332346 11.959119 21.938452 11.366740 -8.079215 -10.096399 -8.299087 1.853450 18.048115 19.834730 -2.292018 -12.521551 -16.219484 17.246853 14.675688 -6.860088 9.523401
-4.676044 2.634251 18.088596 4.200980 -13.062679 -0.948451 -1.881481 -6.189740 22.398321 -10.449201 -12.012083 -1.717320 2.636396 -10.179303 12.334355 22.239792 11.334744 -8.099023 -9.862501 -8.074437 1.937325 19.117188 19.793207 -2.531094 -12.631670 -16.444904 16.978951 14.944208 -6.974762 9.230982
-4.941625 1.899294 18.023605 4.061450 -12.626884 -1.077182 -1.576796 -6.068984 23.063829 -11.243126 -11.460995 -1.013698 2.778076 -9.786632 12.560878 22.544851 11.648917 -8.209922 -9.778780 -8.000095 2.480578 19.680826 19.787203 -3.039039 -12.773327 -16.697689 16.974701 14.712195 -7.222948 9.260272
-5.491733 1.183365 17.882328 3.413995 -12.113018 -1.220056 -1.163463 -5.805192 23.889969 -12.512151 -10.918371 -0.777733 3.001777 -9.612646 12.823616 23.100832 11.577078 -8.166366 -9.584141 -7.941585 3.273219 20.824785 19.943430 -3.327700 -12.918781 -17.140402 16.978079 14.580542 -7.638054 9.428299
-5.769955 0.553583 17.453140 3.132638 -11.793776 -1.477738 -1.007586 -5.550895 24.473436 -13.523522 -10.101282 -0.508611 3.101475 -9.246632 13.205033 23.740469 11.518688 -8.380466 -9.126677 -8.137568 3.942654 21.817926 19.513132 -3.429802 -13.456196 -17.483978 16.961145 14.062454 -7.846998 9.664839
-6.030367 0.036377 17.065872 2.640613 -11.423361 -1.728170 -0.691556 -5.187948 25.179707 -14.799129 -9.132042 -0.162962 3.127141 -9.004992 13.528790 24.312689 11.638226 -8.686665 -9.032010 -8.155564 4.350481 22.769083 19.188448 -3.563611 -13.925028 -17.611059 17.215054 13.521345 -8.390641 10.211952
-6.413441 -0.710621 16.753656 2.176790 -11.107626 -1.941286 -0.746093 -5.124542 25.660028 -15.600846 -8.223510 -0.003263 3.043484 -8.909435 13.876885 24.433153 11.631284 -8.870481 -8.860220 -8.323041 4.125686 23.772409 18.733944 -3.176954 -14.689131 -17.834656 17.218988 12.822598 -8.710551 10.748268
-6.719844 -0.803093 16.589317 2.100447 -10.956282 -1.804511 -0.539414 -5.097022 26.045443 -16.018330 -7.569120 0.160834 2.944628 -8.782947 14.079973 24.690725 11.768237 -9.134540 -8.803719 -8.516793 4.381121 24.216436 18.476871 -3.135085 -14.886011 -18.123035 17.341007 12.488064 -9.074904 11.372286
-7.118820 -1.239129 16.351274 1.585669 -10.746716 -1.930837 -0.525447 -4.947351 26.387917 -16.663305 -7.106588 0.122342 2.806795 -8.746786 14.255475 24.800219 11.760978 -9.326575 -8.739735 -8.713417 4.739708 24.685690 18.041162 -2.894077 -15.334506 -18.313095 17.449760 12.009197 -9.341398 11.708095
-7.395916 -1.356446 16.143841 1.425402 -10.667953 -1.885699 -0.521996 -4.924946 26.529949 -16.874817 -6.812878 0.162109 2.612785 -8.528521 14.345938 25.096581 11.769660 -9.197652 -8.827628 -8.797381 5.294402 24.699289 17.983076 -3.005513 -15.377316 -18.424870 17.498133 11.638325 -9.580379 11.960987
-7.461310 -1.521457 16.071833 1.222580 -10.494699 -1.914984 -0.371204 -4.831451 26.713396 -17.151165 -6.532663 0.258736 2.501679 -8.439732 14.432975 25.392813 11.826829 -9.296882 -8.831412 -8.886851 5.434353 25.207769 17.938267 -2.771404 -15.630076 -18.725571 17.410450 11.398275 -9.325880 12.279202
-7.687091 -1.528152 15.898647 1.164679 -10.545530 -1.891086 -0.505451 -4.839854 26.671837 -17.227633 -6.442683 0.101501 2.573323 -8.447075 14.464624 25.519934 11.696411 -9.242086 -8.859065 -8.860049 5.673040 25.219400 17.738260 -2.670954 -15.760729 -18.844769 17.565470 11.290660 -9.378671 12.560081
-7.677188 -1.562987 15.856778 1.188332 -10.516693 -1.899266 -0.494380 -4.828796 26.706697 -17.234268 -6.476391 0.149984 2.528964 -8.395214 14.484836 25.494066 11.669700 -9.196843 -8.832782 -8.897651 5.683095 25.351847 17.645796 -2.445169 -15.853155 -18.906063 17.595707 11.280519 -9.290284 12.675032
-7.677188 -1.562987 15.856778 1.188332 -10.516693 -1.899266 -0.494380 -4.828796 26.706697 -17.234268 -6.476391 0.149984 2.528964 -8.395214 14.484836 25.494066 11.669700 -9.196843 -8.832782 -8.897651 5.683095 25.351847 17.645796 -2.445169 -15.853155 -18.906063 17.595707 11.280519 -9.290284 12.675032
-7.676740 -1.562617 15.856764 1.189680 -10.516784 -1.899259 -0.494174 -4.829058 26.707016 -17.234718 -6.476621 0.149962 2.529271 -8.394663 14.484668 25.493933 11.669965 -9.196738 -8.832557 -8.897618 5.683910 25.351324 17.644243 -2.444208 -15.854325 -18.905687 17.595432 11.280411 -9.291450 12.673004
-7.678038 -1.563069 15.857452 1.183182 -10.516339 -1.899045 -0.495100 -4.828561 26.705544 -17.233688 -6.469585 0.154070 2.522358 -8.406792 14.484616 25.494307 11.667521 -9.195088 -8.841114 -8.896627 5.687528 25.351633 17.649452 -2.443382 -15.852071 -18.901875 17.592552 11.277235 -9.296099 12.668416
-7.664966 -1.554739 15.861511 1.176407 -10.515118 -1.894073 -0.497869 -4.839484 26.708530 -17.250048 -6.468799 0.153075 2.513001 -8.409142 14.496671 25.496967 11.659507 -9.197818 -8.837502 -8.901790 5.678776 25.351440 17.639341 -2.449422 -15.857179 -18.907124 17.598164 11.286427 -9.286558 12.674397
-7.666951 -1.556158 15.859969 1.185812 -10.516012 -1.895452 -0.496391 -4.837968 26.709957 -17.248970 -6.469999 0.153341 2.514294 -8.408317 14.495619 25.497150 11.660865 -9.196826 -8.837509 -8.901096 5.680133 25.355059 17.638258 -2.448243 -15.856277 -18.907360 17.597111 11.286575 -9.288541 12.675970
-7.666951 -1.556158 15.859969 1.185812 -10.516012 -1.895452 -0.496391 -4.837968 26.709957 -17.248970 -6.469999 0.153341 2.514294 -8.408317 14.495619 25.497150 11.660865 -9.196826 -8.837509 -8.901096 5.680133 25.355059 17.638258 -2.448243 -15.856277 -18.907360 17.597111 11.286575 -9.288541 12.675970
-7.674828 -1.561948 15.858404 1.183334 -10.516237 -1.897526 -0.495375 -4.831003 26.705862 -17.235039 -6.470244 0.154213 2.519470 -8.408712 14.488828 25.495872 11.665128 -9.196366 -8.840660 -8.897265 5.682311 25.352861 17.641363 -2.449937 -15.852428 -18.908161 17.596706 11.286894 -9.290256 12.677160
-7.665765 -1.554955 15.861776 1.178274 -10.515557 -1.893916 -0.497379 -4.839244 26.708559 -17.248657 -6.461592 0.151621 2.514171 -8.410461 14.497743 25.496223 11.658771 -9.199648 -8.836580 -8.901734 5.676689 25.355953 17.638079 -2.452212 -15.855119 -18.909470 17.599594 11.287878 -9.287657 12.681648
-7.673282 -1.559553 15.859092 1.180655 -10.515894 -1.896596 -0.496101 -4.833413 26.707235 -17.241756 -6.458153 0.151818 2.515035 -8.413354 14.495921 25.494921 11.659909 -9.199253 -8.839281 -8.900702 5.674530 25.352198 17.639597 -2.454520 -15.855131 -18.910828 17.602638 11.288925 -9.283363 12.685171
-7.673282 -1.559553 15.859092 1.180655 -10.515894 -1.896596 -0.496101 -4.833413 26.707235 -17.241756 -6.458153 0.151818 2.515035 -8.413354 14.495921 25.494921 11.659909 -9.199253 -8.839281 -8.900702 5.674530 25.352198 17.639597 -2.454520 -15.855131 -18.910828 17.602638 11.288925 -9.283363 12.685171
-7.666265 -1.555064 15.862659 1.172737 -10.515289 -1.893485 -0.498355 -4.839602 26.707510 -17.249924 -6.460900 0.150901 2.514144 -8.413826 14.498598 25.496019 11.658473 -9.200440 -8.837365 -8.899867 5.680363 25.361917 17.644030 -2.456696 -15.849844 -18.908939 17.594971 11.291392 -9.289515 12.679619
-7.661977 -1.552326 15.864039 1.170279 -10.515036 -1.892291 -0.499322 -4.842628 26.708002 -17.253815 -6.460244 0.149772 2.516447 -8.411280 14.497980 25.495588 11.659032 -9.201495 -8.835629 -8.900018 5.684396 25.362278 17.645300 -2.445545 -15.854107 -18.905201 17.593918 11.284941 -9.290966 12.673432
-7.662383 -1.552856 15.864118 1.167930 -10.514874 -1.892294 -0.499808 -4.842344 26.707418 -17.253147 -6.461412 0.149610 2.516805 -8.410465 14.497795 25.495569 11.659492 -9.201062 -8.835196 -8.899930 5.683083 25.365194 17.645611 -2.446405 -15.852556 -18.907768 17.594921 11.287291 -9.285786 12.678259
-7.663220 -1.553193 15.862639 1.177360 -10.515361 -1.893403 -0.497996 -4.841600 26.709585 -17.253700 -6.456277 0.152461 2.507560 -8.418279 14.503923 25.496927 11.653715 -9.201655 -8.838837 -8.902621 5.682299 25.354174 17.644148 -2.453873 -15.850481 -18.904888 17.594984 11.285190 -9.293135 12.673069
-17.940184 -8.184191 12.508191 4.367778 -11.696492 -5.582073 1.065613 3.663142 24.176241 -6.341538 -11.108046 -1.868590 13.275586 0.645769 4.662149 23.197771 20.551579 -5.941108 -5.555227 -7.640746 10.835857 19.763952 12.116352 16.709822 -30.285265 -14.220923 16.173113 -2.412999 -11.484557 -0.986550
-17.940184 -8.184191 12.508191 4.367778 -11.696492 -5.582073 1.065613 3.663142 24.176241 -6.341538 -11.108046 -1.868590 13.275586 0.645769 4.662149 23.197771 20.551579 -5.941108 -5.555227 -7.640746 10.835857 19.763952 12.116352 16.709822 -30.285265 -14.220923 16.173113 -2.412999 -11.484557 -0.986550
-17.940184 -8.184191 12.508191 4.367778 -11.696492 -5.582073 1.065613 3.663142 24.176241 -6.341538 -11.108046 -1.868590 13.275586 0.645769 4.662149 23.197771 20.551579 -5.941108 -5.555227 -7.640746 10.835857 19.763952 12.116352 16.709822 -30.285265 -14.220923 16.173113 -2.412999 -11.484557 -0.986550
-17.940184 -8.184191 12.508191 4.367778 -11.696492 -5.582073 1.065613 3.663142 24.176241 -6.341538 -11.108046 -1.868590 13.275586 0.645769 4.662149 23.197771 20.551579 -5.941108 -5.555227 -7.640746 10.835857 19.763952 12.116352 16.709822 -30.285265 -14.220923 16.173113 -2.412999 -11.484557 -0.986550
-17.940184 -8.184191 12.508191 4.367778 -11.696492 -5.582073 1.065613 3.663142 24.176241 -6.341538 -11.108046 -1.868590 13.275586 0.645769 4.662149 23.197771 20.551579 -5.941108 -5.555227 -7.640746 10.835857 19.763952 12.116352 16.709822 -30.285265 -14.220923 16.173113 -2.412999 -11.484557 -0.986550
-19.395445 -9.139775 11.754497 5.481288 -11.609419 -6.059594 1.858962 5.116127 24.206160 -4.627819 -12.370777 -1.941459 14.710533 2.293113 4.136143 22.318956 21.163431 -5.768969 -5.516790 -6.794438 10.827147 19.298199 11.027040 18.653170 -31.964617 -13.662146 16.251303 -3.319822 -11.513473 -2.307923
-18.860052 -8.934921 11.733807 4.996021 -11.410482 -5.681404 1.781445 4.667850 24.297293 -4.726825 -12.309733 -1.950402 14.840875 2.402749 4.040824 22.228563 21.179945 -5.749106 -5.681767 -6.699270 11.471607 19.432280 10.913736 19.013510 -32.180168 -13.315730 16.466434 -3.439111 -11.194959 -2.427280
-18.889767 -8.954542 11.611311 5.075028 -11.380423 -5.621061 1.778636 4.636141 24.313066 -4.580710 -12.330873 -1.950256 14.887278 2.468482 4.017405 22.183836 21.241640 -5.773729 -5.705768 -6.670591 12.028306 19.548477 11.162920 18.742350 -31.831491 -13.500118 16.401571 -3.302866 -10.945833 -2.289401
-18.957865 -9.012807 11.563687 5.147944 -11.376766 -5.636357 1.808909 4.691880 24.318304 -4.488318 -12.383923 -1.972029 14.921961 2.533846 4.015053 22.191824 21.258139 -5.781028 -5.647295 -6.672303 11.985092 19.476358 11.097240 18.916548 -31.990231 -13.490911 16.369938 -3.429054 -11.004948 -2.440202
-19.009621 -9.045235 11.548473 5.199155 -11.383326 -5.652500 1.828637 4.733162 24.312258 -4.433745 -12.374326 -1.962233 14.907073 2.514218 4.016755 22.190897 21.256472 -5.780904 -5.661211 -6.674069 11.984559 19.471508 11.090338 18.942600 -32.007118 -13.490850 16.368404 -3.443551 -11.009208 -2.453756
-19.009977 -9.045420 11.548206 5.199421 -11.383360 -5.652679 1.828693 4.733474 24.312326 -4.433566 -12.373526 -1.961792 14.906143 2.513065 4.017167 22.190931 21.255976 -5.781085 -5.662000 -6.674287 11.983746 19.471350 11.089447 18.946169 -32.010010 -13.491426 16.366930 -3.445318 -11.012119 -2.456836
-19.002064 -9.046759 11.548268 5.200528 -11.378466 -5.646727 1.829554 4.725180 24.317013 -4.431096 -12.366871 -1.960634 14.903625 2.505888 4.022845 22.195301 21.244610 -5.780293 -5.667697 -6.670443 11.989715 19.470741 11.097948 18.945845 -32.006996 -13.491570 16.361691 -3.448327 -11.006927 -2.461581
-19.008787 -9.048442 11.547228 5.205353 -11.380978 -5.649325 1.829530 4.729239 24.315386 -4.428010 -12.369766 -1.960778 14.908677 2.513041 4.020959 22.192804 21.247604 -5.780118 -5.666626 -6.669431 12.004022 19.473497 11.097692 18.950012 -32.004959 -13.495008 16.362135 -3.446803 -11.001575 -2.457081
-19.008883 -9.048474 11.547235 5.205423 -11.381001 -5.649298 1.829568 4.729270 24.315367 -4.427897 -12.369883 -1.961017 14.909183 2.513715 4.020786 22.192709 21.247877 -5.780155 -5.666167 -6.669439 12.004328 19.475708 11.097284 18.952150 -32.005459 -13.494820 16.362446 -3.446275 -11.001842 -2.456568
-19.089151 -9.094055 11.526215 5.272979 -11.391945 -5.669755 1.858280 4.788115 24.306622 -4.356951 -12.365314 -1.961641 14.905335 2.511870 4.014314 22.189219 21.252817 -5.778496 -5.675928 -6.665194 12.034445 19.431187 11.062891 19.041265 -32.103077 -13.449838 16.366234 -3.529566 -10.991826 -2.571454
-19.091930 -9.096003 11.522689 5.276240 -11.392605 -5.672467 1.857397 4.791122 24.307262 -4.356432 -12.357372 -1.969428 14.901444 2.510494 4.027960 22.193872 21.243757 -5.791399 -5.668516 -6.668954 12.025983 19.447233 11.072815 19.012310 -32.071388 -13.460384 16.361839 -3.505688 -10.998273 -2.540038
-19.091726 -9.095469 11.524162 5.275413 -11.392406 -5.671393 1.857949 4.790526 24.306072 -4.354661 -12.354887 -1.970431 14.893472 2.504137 4.039930 22.197620 21.233297 -5.799797 -5.666329 -6.669458 12.024606 19.450575 11.071197 19.012075 -32.068291 -13.462872 16.360592 -3.501204 -10.999030 -2.535825
-19.091726 -9.095469 11.524162 5.275413 -11.392406 -5.671393 1.857949 4.790526 24.306072 -4.354661 -12.354887 -1.970431 14.893472 2.504137 4.039930 22.197620 21.233297 -5.799797 -5.666329 -6.669458 12.024606 19.450575 11.071197 19.012075 -32.068291 -13.462872 16.360592 -3.501204 -10.999030 -2.535825
-19.093477 -9.095878 11.523973 5.276344 -11.392136 -5.671044 1.859062 4.791234 24.306238 -4.352628 -12.355913 -1.970419 14.893870 2.505351 4.039395 22.197424 21.233948 -5.799459 -5.666065 -6.669291 12.024231 19.451181 11.071393 19.012304 -32.068089 -13.462927 16.360527 -3.500614 -10.998839 -2.535569
-19.076643 -9.085560 11.529779 5.258756 -11.389841 -5.665830 1.853315 4.778460 24.307829 -4.369595 -12.346357 -1.966100 14.881351 2.488961 4.044034 22.199652 21.227116 -5.799778 -5.675772 -6.670204 12.024783 19.450813 11.070715 19.013626 -32.069477 -13.462467 16.360659 -3.501848 -10.998838 -2.536925
-19.045694 -9.067677 11.537411 5.229239 -11.386530 -5.658907 1.840462 4.755278 24.313057 -4.405139 -12.362938 -1.968999 14.902344 2.514410 4.025265 22.194033 21.246130 -5.786340 -5.668459 -6.667746 12.029797 19.437704 11.069864 19.025782 -32.085110 -13.454142 16.362759 -3.518147 -10.998755 -2.553903
-19.085999 -9.092389 11.525607 5.270843 -11.391851 -5.669657 1.855782 4.785182 24.308704 -4.363968 -12.365098 -1.972959 14.914937 2.525837 4.018232 22.190298 21.254179 -5.786512 -5.661892 -6.667250 12.032385 19.429640 11.071610 19.026707 -32.088779 -13.452221 16.360966 -3.525808 -10.996785 -2.562486
-19.085421 -9.092127 11.525860 5.270113 -11.391821 -5.669421 1.855623 4.784872 24.308569 -4.364011 -12.363640 -1.972766 14.913439 2.524019 4.019263 22.190575 21.252911 -5.786808 -5.662757 -6.667624 12.032214 19.431442 11.071537 19.026567 -32.088062 -13.452672 16.361271 -3.524343 -10.997055 -2.560684
-19.043201 -9.065411 11.540306 5.225127 -11.385686 -5.656725 1.840382 4.752647 24.311182 -4.404321 -12.362652 -1.967221 14.889406 2.504289 4.038943 22.198568 21.233610 -5.792925 -5.669365 -6.667740 12.022913 19.463772 11.070757 19.014748 -32.064133 -13.465349 16.362562 -3.491464 -11.001791 -2.522948
-19.043468 -9.065196 11.540620 5.224551 -11.385408 -5.656643 1.840737 4.752766 24.311148 -4.404111 -12.362381 -1.967237 14.889292 2.504039 4.038779 22.198549 21.233610 -5.792724 -5.669662 -6.667773 12.022711 19.463697 11.070642 19.014559 -32.064175 -13.465552 16.362513 -3.491481 -11.001591 -2.522743
-19.048458 -9.068778 11.538397 5.230175 -11.386553 -5.658708 1.842238 4.757085 24.311453 -4.399543 -12.360765 -1.967599 14.891197 2.504910 4.037156 22.197393 21.235304 -5.792696 -5.669776 -6.668050 12.023907 19.458597 11.071047 19.015198 -32.066196 -13.464149 16.361347 -3.496164 -11.000860 -2.527942
