0.546779 -14.683475 17.258255 -14.430168 -7.682666 -11.971233 -21.624508 -14.786266 13.184336 -3.262815 13.658135 10.197098 -1.666916 -3.921477 18.761900 4.701314 15.815004 3.045029 -5.173330 -17.219343 -0.032227 11.158219 13.416420 -22.938055 -18.095280 -26.232552 1.259223 8.558763 0.289410 0.290153
0.795839 -14.473065 17.644409 -15.829441 -7.691584 -12.388154 -21.853779 -14.454634 12.483139 -2.811987 13.394522 10.847480 -1.309703 -4.234502 18.848129 3.369766 16.034653 2.704320 -6.212544 -16.182508 -3.139853 11.359802 12.574848 -21.966112 -19.352345 -25.577225 1.423303 8.193396 -1.172537 -0.675276
1.178310 -14.606964 17.291706 -15.917840 -7.354022 -12.352300 -21.647194 -14.402925 12.651804 -2.527221 13.116772 10.989180 -1.545535 -4.248635 19.033274 2.880421 15.932044 2.785151 -6.270040 -16.251108 -3.288363 11.395930 12.257208 -22.070726 -19.536736 -25.544689 1.295667 8.284675 -0.555365 -0.833250
1.473614 -14.543603 17.028009 -15.932852 -7.387064 -12.716122 -21.640491 -14.070347 12.608269 -2.698642 12.792363 10.962348 -1.715954 -4.205244 19.074753 2.409094 15.804009 3.012518 -6.229990 -16.390856 -3.692826 11.378065 11.922321 -22.178007 -19.620167 -25.602444 1.041756 8.614302 0.059931 -1.036554
1.957880 -14.514965 16.461491 -15.950916 -7.454942 -13.230371 -21.943830 -13.796663 12.454849 -2.782851 12.497828 10.978454 -1.916532 -4.135629 19.118135 2.032681 15.683287 3.236454 -6.161514 -16.605360 -4.149586 11.272200 11.514654 -22.280914 -19.729946 -25.630730 0.753660 8.869497 0.972854 -1.211220
2.203542 -14.496857 15.917890 -15.991938 -7.576675 -13.581834 -22.337173 -13.697411 12.303518 -2.843254 12.058168 11.112826 -2.074805 -4.005095 19.351936 1.519110 15.218421 3.764739 -5.988987 -16.939468 -4.700687 11.015303 11.095337 -22.207045 -19.814573 -25.990692 0.286591 9.139130 1.771734 -1.279477
2.871496 -14.515688 15.048265 -16.193357 -7.540205 -14.315248 -22.621031 -13.251066 12.210426 -2.984043 11.347871 11.089437 -2.287519 -3.967482 19.396318 0.917327 14.680795 4.273068 -5.999661 -17.161285 -5.130984 10.721492 10.592741 -22.187746 -19.905367 -26.212915 -0.081104 9.465267 2.586057 -1.451453
3.201401 -14.440232 14.329922 -16.146391 -7.689996 -14.663435 -23.142582 -13.207843 12.016661 -2.931500 10.833169 11.122920 -2.397217 -3.976552 19.413422 0.585654 14.314916 4.589482 -6.073603 -17.215143 -5.770830 10.564550 10.190493 -22.193258 -19.976498 -26.699406 -0.725888 9.804691 2.780803 -1.742051
3.950010 -14.520324 13.684542 -16.286549 -7.506224 -15.169966 -23.223433 -12.889199 12.044138 -2.899029 10.162141 11.019372 -2.585033 -4.049209 19.465069 0.090474 13.790907 5.096963 -6.044295 -17.411627 -6.495533 10.122750 9.894627 -22.239037 -20.076729 -27.360983 -1.444479 9.890160 2.636027 -1.888872
4.404862 -14.460872 12.997530 -16.119011 -7.804628 -15.604111 -24.016714 -12.948456 11.672378 -2.820689 9.453836 10.963427 -2.785954 -4.078206 19.512774 -0.505380 13.371302 5.626333 -6.071187 -17.554878 -7.816768 9.332591 9.207335 -21.894379 -20.323627 -28.502972 -2.484589 10.013536 2.580470 -1.887141
5.550930 -14.325566 11.988097 -16.432550 -7.467612 -16.497427 -23.594002 -11.938894 11.884403 -3.107844 8.742419 10.720345 -2.861429 -4.270134 19.607990 -1.296188 12.656709 6.458911 -5.910185 -17.772066 -8.395823 8.544306 7.808302 -22.108536 -20.461391 -29.325953 -3.397231 10.650433 2.810581 -2.220686
6.375695 -14.188846 11.213715 -16.235861 -7.541162 -16.930050 -24.000940 -11.779059 11.713955 -2.938614 8.224874 10.560166 -3.192858 -4.227126 19.544798 -2.204194 12.557672 6.786050 -5.956542 -17.996515 -8.759368 8.084311 6.699916 -22.063059 -20.475080 -29.781822 -3.906921 11.354301 3.427573 -2.412010
6.987468 -14.231657 10.633982 -16.270281 -7.602639 -17.491564 -24.454376 -11.589413 11.538977 -2.938135 7.689148 10.396770 -3.461029 -4.199187 19.424400 -2.865375 12.428907 7.005880 -6.111125 -18.069340 -9.092272 7.867354 5.545476 -22.135359 -20.519287 -30.221104 -4.480231 12.160099 4.401184 -2.708717
7.657381 -14.039528 9.720839 -16.296152 -7.705112 -18.188677 -24.800583 -11.108799 11.385786 -3.085795 7.007534 10.295493 -3.893621 -4.094862 19.429838 -3.742627 12.323981 7.143364 -6.128075 -18.215916 -9.568323 7.656624 4.802156 -21.976694 -20.494539 -30.470295 -4.826882 12.778261 5.012505 -2.868709
7.786104 -14.037374 9.072947 -16.405117 -7.802162 -18.567047 -25.255932 -11.006863 11.240187 -3.239512 6.199189 10.395330 -4.247819 -4.055833 19.554390 -4.309826 12.027394 7.353226 -6.138972 -18.377832 -10.061249 7.394320 4.068155 -21.784676 -20.551605 -30.664921 -5.059030 13.249006 5.682493 -2.927363
8.457817 -13.784118 8.328270 -16.311668 -7.935903 -19.126776 -25.511963 -10.560671 11.093184 -3.304840 5.222033 10.505424 -4.537705 -4.082451 19.735065 -4.888152 11.504258 7.771960 -6.101343 -18.516634 -10.468961 7.221795 3.486666 -21.689014 -20.575262 -30.907600 -5.358527 13.680340 6.198605 -3.038171
8.928653 -13.609791 7.709103 -16.297054 -7.915832 -19.461096 -25.495861 -10.190577 11.095667 -3.380146 4.528314 10.494935 -4.721345 -4.091066 19.810944 -5.252241 11.074374 8.153195 -6.122401 -18.580385 -10.648622 7.132461 2.850973 -21.752607 -20.613956 -31.227757 -5.710903 14.093719 6.517672 -3.200877
9.258569 -13.433817 7.307414 -16.260515 -7.944689 -19.695065 -25.530796 -9.949607 11.053699 -3.417079 4.318245 10.458385 -4.929317 -4.020778 19.760437 -5.543056 11.128553 8.169730 -6.198100 -18.618519 -10.871029 6.898301 2.566537 -21.716171 -20.577122 -31.317316 -5.869079 14.314839 6.765510 -3.277984
9.441069 -13.321112 7.013738 -16.255642 -8.020860 -19.913401 -25.664103 -9.782813 10.963341 -3.478833 3.933451 10.465702 -5.023859 -4.009796 19.830181 -5.763185 10.845551 8.430554 -6.149584 -18.746754 -11.109159 6.630185 2.276238 -21.764376 -20.520115 -31.348801 -6.020195 14.573771 7.093439 -3.394233
9.435164 -13.328856 7.021049 -16.242477 -8.039412 -19.933474 -25.697380 -9.792292 10.938955 -3.480049 3.871595 10.471249 -5.041898 -4.008278 19.839111 -5.804141 10.820768 8.441318 -6.152291 -18.755224 -11.149920 6.636843 2.240325 -21.722485 -20.530296 -31.402081 -6.045553 14.584513 7.105452 -3.368283
9.234403 -13.580721 7.151309 -16.629522 -7.769783 -19.975353 -25.443218 -9.670798 11.173298 -3.661788 3.905447 10.741721 -4.993297 -3.873887 19.922764 -5.343083 10.812883 8.261437 -6.145762 -18.736820 -11.114277 7.440279 2.760228 -21.741003 -20.717039 -31.366482 -6.004156 14.245922 7.191490 -3.342567
8.146449 -14.349137 8.308945 -17.699833 -7.146440 -19.908985 -24.643585 -9.520449 11.665433 -4.278378 4.209685 11.299828 -4.478424 -3.916089 20.123007 -4.058283 10.453215 8.336170 -5.881813 -18.862974 -10.756085 9.222645 5.279790 -21.946558 -20.826138 -30.549046 -5.510237 12.836267 7.459558 -3.253618
6.397598 -15.306277 9.836180 -19.151766 -6.004800 -19.498882 -22.815559 -9.066132 12.742599 -5.301842 4.404662 12.359155 -3.958626 -3.553057 20.534887 -1.779099 9.722962 8.334753 -5.592270 -19.118904 -10.416518 11.467317 9.391401 -22.503450 -20.892857 -29.097157 -4.706998 10.409847 7.094284 -3.146043
5.002148 -15.849239 11.476601 -20.123781 -4.777304 -18.705256 -20.264366 -8.445736 14.086972 -6.287227 4.980071 13.314191 -2.496525 -3.842450 21.169182 0.839983 8.663372 8.423759 -5.277512 -18.562538 -8.457402 11.927293 13.416153 -23.523726 -20.349714 -25.476236 -1.828319 8.109194 8.546723 -2.605607
3.499938 -15.978455 14.332417 -20.115417 -4.002828 -17.089054 -17.368206 -8.314793 15.336445 -6.737524 6.690404 13.235147 -0.729094 -4.252416 21.473093 3.158453 8.589716 7.419158 -5.006444 -17.225090 -5.886099 11.099309 15.928932 -24.507277 -19.731916 -22.308739 1.365411 5.920310 8.023633 -1.416216
2.541750 -15.809610 17.241947 -19.216684 -3.587398 -14.790236 -14.990013 -9.036069 16.332109 -6.209025 9.501648 12.557714 1.170650 -4.914642 20.990082 5.353312 9.163348 6.704141 -5.141388 -16.212427 -4.386199 11.445854 19.344503 -23.291199 -19.581741 -22.302176 2.875460 3.036993 4.627812 0.676663
1.903407 -15.613317 19.690245 -17.758350 -2.970351 -11.885865 -12.869556 -10.511892 17.439651 -5.164961 12.285498 11.559068 2.699358 -5.293422 19.753748 8.918416 9.871999 6.250188 -5.936800 -15.169873 0.686229 10.484130 22.272039 -23.075537 -18.567154 -21.126301 5.713584 0.607904 3.143952 3.156709
0.750346 -15.132299 21.189665 -15.442980 -1.842015 -7.706511 -10.353276 -12.727728 19.512400 -4.007728 13.881712 9.665079 4.304294 -5.591400 18.277287 14.136102 8.852816 7.726625 -6.505834 -14.078648 2.962719 5.686137 23.137156 -24.758318 -17.958038 -20.864140 6.666163 -1.996358 -2.111274 4.211559
0.770396 -14.493630 20.999172 -12.852804 0.946145 -2.140906 -6.349261 -15.232261 23.144201 -1.223204 14.411814 8.639861 6.101752 -5.822884 17.395287 17.759943 8.366765 7.656761 -9.507844 -9.931861 5.502562 0.480319 24.269176 -26.645489 -16.691872 -19.035046 8.459160 -4.052638 -4.977938 5.291752
0.383765 -13.311532 20.325865 -12.144918 2.946273 1.317895 -3.348847 -16.194710 25.808290 0.172639 15.556550 7.680355 7.355229 -5.128921 15.585170 19.004587 7.941273 7.338303 -14.309525 -5.856450 5.364126 -3.411415 22.973387 -26.939028 -15.920706 -16.961969 10.839348 -3.215475 -6.459092 5.664547
-0.515949 -10.745462 18.135849 -11.111132 2.185897 3.188311 -4.043469 -17.041496 25.746149 1.352793 14.446110 7.130267 6.890056 -5.105001 14.807300 17.899778 9.321428 5.039794 -17.697336 -2.462202 5.913514 -4.772754 21.463779 -25.936262 -15.672835 -14.879845 13.801335 -2.087963 -5.040637 6.788938
-1.628001 -8.373902 15.534526 -10.948918 1.423950 4.336037 -4.954623 -17.354851 25.286968 2.228913 13.826568 5.999396 6.092654 -5.401266 13.593255 15.477317 11.179365 4.135861 -20.397366 -0.593231 6.405073 -8.259686 20.060625 -25.684830 -15.271870 -12.377987 16.725452 -1.654970 -5.153862 8.098373
-2.567206 -6.697569 13.771799 -11.307220 0.479004 4.539400 -6.478681 -17.652435 24.187733 3.085800 12.933494 5.033159 4.716886 -5.043550 12.584224 12.221225 12.843831 3.169410 -22.521532 0.524684 5.708310 -8.773297 17.651253 -23.125647 -15.532662 -10.647388 19.491430 -0.185082 -4.987606 9.596879
-2.878643 -6.081712 11.343836 -11.194502 -0.563196 4.574299 -9.271188 -18.662796 22.707754 4.464310 12.651031 5.654865 2.643843 -4.029262 11.729562 8.684913 14.306949 2.682630 -24.477278 0.188047 6.006728 -7.611115 15.726356 -20.713600 -15.748247 -8.402563 22.689825 1.869365 -4.573057 10.614021
-3.226218 -5.860310 8.638824 -11.330160 -2.418742 3.811011 -13.162618 -19.348545 20.715578 5.093991 12.370570 5.801152 0.525909 -2.968172 10.680331 5.915925 15.693767 1.850118 -25.228050 -1.416734 5.301821 -6.210885 15.039577 -18.644854 -15.707122 -6.467097 24.632359 3.396642 -1.525229 11.311156
-2.630272 -5.643318 7.313184 -11.137766 -3.441880 3.504260 -15.370694 -20.021402 19.435122 6.241436 12.257949 6.468029 -0.738838 -2.219722 9.904626 4.730174 16.784441 1.356670 -25.548943 -2.852015 3.836426 -7.912215 15.755541 -18.120514 -15.328869 -5.682296 25.012287 3.193979 2.560936 11.891319
-0.709998 -5.478934 6.176335 -10.043698 -3.868334 3.637427 -16.710392 -20.901876 18.816683 7.736367 11.056213 6.989596 -1.878948 -1.579800 9.338201 4.098114 17.274582 1.539345 -26.153460 -3.578491 3.089456 -9.012747 16.880947 -17.743679 -14.898779 -4.875590 25.535637 3.055422 4.629600 12.209776
1.040333 -5.565372 4.867102 -9.452819 -4.192214 3.366367 -17.771791 -21.235079 18.593006 8.359845 10.139765 7.263484 -3.167112 -1.104843 8.780622 3.157250 17.354414 1.777107 -26.421909 -5.000706 2.244251 -9.833067 17.698759 -17.380217 -14.851605 -5.065324 25.259357 2.387045 6.454288 12.676460
1.654127 -5.564648 4.347817 -9.296247 -4.344580 3.303655 -18.284519 -21.453098 18.363441 8.844215 9.478513 7.645659 -4.256313 -0.622604 8.641422 2.869513 17.400640 1.953293 -26.327343 -6.197255 1.640960 -9.899975 18.277925 -17.526430 -14.770989 -4.808833 25.077454 2.140072 7.700692 12.541890
1.833157 -5.789488 4.251968 -9.350809 -4.605175 2.890492 -18.809650 -21.395947 18.103924 8.818060 9.255897 7.774182 -4.594822 -0.568733 8.619319 2.763297 17.472059 1.984839 -26.088278 -6.706737 1.281283 -9.804265 18.611464 -17.788527 -14.812557 -4.270013 25.246288 2.019443 8.015097 12.279050
1.873992 -5.813851 4.239333 -9.343071 -4.573884 2.936303 -18.824553 -21.456074 18.111050 8.870687 9.262074 7.772223 -4.653982 -0.532977 8.589136 2.779683 17.494211 1.980479 -26.115149 -6.744239 1.252996 -9.664371 18.642529 -17.718988 -14.817266 -4.330554 25.191429 2.010292 7.999223 12.271408
1.936923 -5.947463 4.107787 -9.394312 -4.522840 2.889657 -18.908453 -21.470221 18.149954 8.834080 9.199681 7.827310 -4.751397 -0.404029 8.544877 2.867465 17.494967 1.970404 -25.983629 -6.943724 1.170801 -9.467937 18.718445 -17.731777 -14.920091 -4.364363 25.144526 1.845747 7.983323 12.281062
2.226892 -6.029386 3.752577 -9.259396 -4.656643 2.752711 -19.329048 -21.561516 18.014204 8.892227 9.186867 7.949226 -4.793044 -0.247308 8.536923 2.971795 17.532751 1.921141 -25.871172 -7.110351 0.975758 -9.350566 18.833372 -17.730375 -14.973633 -4.503704 24.983047 1.647660 8.055034 12.309840
2.594629 -5.971877 3.585895 -8.901716 -4.934433 2.685785 -19.788675 -21.744484 17.753832 9.053530 9.018856 8.144231 -5.005761 -0.052636 8.495562 3.084138 17.593569 1.762636 -25.788877 -7.429142 0.651851 -8.978452 19.295816 -17.624784 -15.033432 -4.338564 25.058876 1.370637 8.012699 12.366733
2.894102 -6.124269 3.549509 -8.859194 -5.066955 2.568048 -20.230034 -21.948584 17.571644 9.201642 8.787642 8.353487 -5.407443 0.146377 8.269978 3.196380 17.724047 1.686035 -25.591223 -8.149280 -0.208331 -8.804155 19.987560 -17.871813 -15.140169 -4.042253 24.948486 1.027404 8.084208 12.095619
3.076799 -6.198391 3.354622 -8.542871 -5.372502 2.657953 -20.899654 -22.393890 17.303156 9.406389 8.299119 8.792851 -6.266108 0.744445 8.166295 3.191851 17.838768 1.515981 -25.346880 -9.205447 -0.554025 -8.456454 20.638350 -18.096785 -15.081211 -3.927264 24.677155 0.758063 8.227286 11.779613
3.242562 -6.498924 3.335066 -8.239313 -5.638122 2.657117 -21.626358 -22.902719 17.026962 9.580237 8.022593 9.002683 -6.661045 0.926420 8.120887 3.353741 17.825550 1.524310 -25.139353 -9.868320 -0.892364 -8.394355 21.160826 -18.399387 -15.126750 -3.827408 24.516153 0.426751 8.280053 11.604405
3.361110 -6.669305 3.124445 -8.046479 -5.983820 2.556192 -22.360878 -23.201214 16.709032 9.650307 7.597419 9.454059 -7.393870 1.456252 8.311841 3.533638 17.544819 1.697978 -24.653395 -11.002303 -1.059719 -8.166504 21.950373 -18.725737 -15.099096 -3.577158 24.379995 -0.010249 8.424417 11.326208
3.629710 -7.006147 2.814097 -7.766930 -6.237638 2.507716 -23.090010 -23.584888 16.495646 9.673096 7.143456 9.887031 -7.972511 1.931598 8.544034 3.584976 17.180702 1.922345 -24.489199 -11.855300 -1.011814 -7.496307 22.772333 -19.271290 -15.047075 -2.948534 24.450695 -0.348549 8.616189 10.875184
3.872218 -7.253077 2.529378 -7.442807 -6.494497 2.433480 -23.720898 -23.881720 16.261108 9.674606 6.558096 10.342744 -9.009950 2.691399 8.617602 3.402692 17.085789 1.949148 -24.179085 -13.176604 -0.135835 -6.925212 23.654997 -19.997324 -14.669109 -2.185624 24.672300 -0.270526 8.620627 10.221532
4.037680 -7.419372 2.311938 -7.146566 -6.685476 2.431353 -24.183323 -24.138294 16.068661 9.632962 6.353504 10.916350 -9.627912 3.270620 8.931745 3.438686 16.811808 2.032596 -24.113756 -13.897495 0.168115 -6.204153 24.776686 -20.257605 -14.501350 -1.723666 24.760317 -0.659838 8.407150 9.886025
4.133553 -7.868624 2.427648 -7.066601 -6.772021 2.209679 -24.551956 -24.295391 15.900692 9.466372 5.558825 11.291297 -10.427327 3.758444 9.071753 3.080356 16.590563 2.091156 -23.907812 -14.621356 0.314057 -5.728384 25.685484 -20.521309 -14.418019 -1.439860 24.719683 -1.178019 8.269389 9.697349
4.368653 -8.349644 2.288071 -6.809887 -6.966748 2.009393 -25.180256 -24.576778 15.697869 9.315626 5.226838 11.680051 -10.925986 4.197266 9.375187 3.002294 16.391951 2.102091 -23.578836 -15.161883 -0.025510 -5.182563 26.497126 -20.682058 -14.566994 -1.158474 24.804632 -1.858301 8.027594 9.731130
4.347947 -8.830205 2.348056 -6.546300 -7.240466 1.963632 -25.950428 -25.103874 15.422249 9.166900 4.699523 12.233834 -11.570807 4.749718 9.699401 2.865012 16.052328 2.176217 -23.303562 -15.902988 0.314406 -4.211345 27.564590 -20.765877 -14.496964 -0.923489 24.867598 -2.526750 7.760651 9.753468
4.510471 -9.254246 2.080475 -6.201619 -7.472009 1.946661 -26.673342 -25.550425 15.213156 9.151098 4.427900 12.731417 -12.005337 5.332199 9.994447 3.107533 15.902740 2.147053 -22.878395 -16.445461 0.094138 -3.624955 28.532158 -20.564222 -14.571770 -0.773151 24.926033 -3.241811 7.733249 9.880323
4.549438 -9.556217 2.190341 -6.062227 -7.482254 1.951792 -26.867153 -25.761076 15.084427 9.059815 3.881736 13.231507 -12.739955 5.869003 10.175004 3.093396 15.802045 2.076799 -22.409557 -17.239233 0.655820 -2.778327 29.396265 -20.535547 -14.381073 -0.627612 25.018845 -3.666585 7.545184 9.895683
4.913814 -10.179409 2.007687 -5.923137 -7.300351 1.857634 -27.090290 -26.012135 15.273580 8.934830 3.609508 13.463721 -13.162793 6.274891 10.212941 3.034119 15.602321 2.133489 -22.239168 -17.827389 0.729477 -1.929150 30.084812 -20.594473 -14.454236 -0.504978 25.130241 -4.088115 7.359996 9.944481
5.173822 -10.434061 1.794147 -5.790767 -7.328129 1.734107 -27.346125 -26.105623 15.273766 8.845490 3.586756 13.608418 -13.357080 6.533353 10.299314 2.978279 15.445181 2.178205 -22.220736 -18.102917 0.897895 -1.560094 30.582699 -20.669424 -14.469939 -0.350791 25.282890 -4.380899 7.201660 9.945860
5.186154 -10.619545 1.800247 -5.769387 -7.329439 1.628408 -27.458565 -26.131376 15.235317 8.714666 3.463110 13.743009 -13.542096 6.738478 10.313397 2.901257 15.460573 2.083352 -22.254694 -18.234182 1.011828 -1.218168 30.857855 -20.642006 -14.450174 -0.191157 25.402851 -4.552955 7.118787 9.965704
5.231688 -10.664952 1.730358 -5.697488 -7.358594 1.640517 -27.545300 -26.189548 15.216858 8.714716 3.511022 13.749017 -13.543343 6.797097 10.347619 2.925994 15.414993 2.080668 -22.255232 -18.257933 1.086800 -1.034183 31.049814 -20.582863 -14.391606 -0.096119 25.474560 -4.614793 7.091749 9.989563
5.241363 -10.669855 1.710878 -5.689021 -7.345439 1.657827 -27.541187 -26.203955 15.232132 8.723315 3.522960 13.748264 -13.548066 6.786949 10.342937 2.927142 15.415093 2.085450 -22.263248 -18.263210 1.107764 -1.050118 31.055609 -20.573862 -14.397193 -0.092583 25.477930 -4.625229 7.085350 9.978669
5.229393 -10.672710 1.682337 -5.669286 -7.330373 1.685150 -27.529415 -26.215796 15.246603 8.731749 3.502977 13.760190 -13.559243 6.803364 10.350901 2.940614 15.403882 2.094919 -22.287691 -18.239719 1.152696 -1.014945 31.051661 -20.564634 -14.399992 -0.088357 25.496593 -4.612097 7.091455 9.982084
5.235123 -10.676254 1.675660 -5.647232 -7.333053 1.692421 -27.526972 -26.219133 15.254388 8.725874 3.501642 13.753631 -13.572175 6.805364 10.356302 2.963312 15.396125 2.095079 -22.283968 -18.243011 1.192085 -0.995024 31.062349 -20.580511 -14.386190 -0.074582 25.513355 -4.596395 7.097624 9.984472
5.242474 -10.677791 1.664437 -5.643258 -7.325727 1.698227 -27.523094 -26.223297 15.266297 8.720844 3.498031 13.758576 -13.581690 6.810724 10.357233 2.969732 15.385518 2.100820 -22.300768 -18.237345 1.204940 -0.955208 31.060499 -20.566462 -14.382360 -0.094366 25.508615 -4.577376 7.090712 9.997711
5.235763 -10.688999 1.629541 -5.635475 -7.304113 1.716854 -27.514874 -26.235449 15.292235 8.714627 3.487357 13.759246 -13.575096 6.834884 10.353549 2.980486 15.372892 2.111839 -22.306288 -18.234713 1.209327 -0.974663 31.062397 -20.570997 -14.382671 -0.089939 25.511511 -4.581711 7.085792 9.995895
5.242223 -10.687643 1.645988 -5.645402 -7.310626 1.703683 -27.516251 -26.227608 15.287428 8.701000 3.482868 13.756806 -13.556872 6.844047 10.335870 2.965854 15.394732 2.115753 -22.295496 -18.240494 1.190620 -0.974658 31.066744 -20.584845 -14.369675 -0.100272 25.501896 -4.573723 7.082312 10.009811
5.239124 -10.688400 1.641118 -5.644859 -7.307876 1.709326 -27.514809 -26.230433 15.288964 8.704253 3.486418 13.758344 -13.560300 6.844398 10.333200 2.969711 15.388837 2.121293 -22.302618 -18.240313 1.203382 -0.974452 31.075600 -20.563908 -14.376611 -0.100678 25.495720 -4.587523 7.077848 9.995646
5.237792 -10.678538 1.660294 -5.637037 -7.317821 1.705985 -27.514099 -26.227413 15.275858 8.709938 3.482607 13.761551 -13.568217 6.846238 10.334723 2.976844 15.379074 2.127389 -22.310303 -18.240599 1.158202 -0.938593 31.038240 -20.540609 -14.408063 -0.116057 25.496147 -4.582075 7.067713 10.007006
5.230553 -10.683836 1.654675 -5.641553 -7.313187 1.709267 -27.512522 -26.228867 15.282099 8.702351 3.485526 13.754279 -13.575971 6.845963 10.348428 2.989371 15.370131 2.125905 -22.301336 -18.245642 1.192526 -0.942219 31.048521 -20.548059 -14.395914 -0.118835 25.495884 -4.578265 7.069413 10.004476
5.230823 -10.689729 1.630574 -5.626441 -7.302789 1.715284 -27.506390 -26.230713 15.298654 8.698923 3.468475 13.761171 -13.572396 6.864180 10.343834 2.986219 15.366557 2.133296 -22.320635 -18.230333 1.222611 -0.884961 31.044088 -20.531775 -14.395001 -0.115266 25.507515 -4.561205 7.085863 10.007555
5.231365 -10.699996 1.599171 -5.619282 -7.285352 1.734465 -27.500828 -26.242994 15.320722 8.702537 3.472086 13.766259 -13.578975 6.862103 10.349777 2.983255 15.357672 2.128957 -22.328016 -18.229420 1.280445 -0.846780 31.040777 -20.521669 -14.394165 -0.106360 25.531116 -4.547895 7.096321 10.015040
5.232249 -10.702403 1.581017 -5.599133 -7.278143 1.748235 -27.494877 -26.249722 15.330568 8.709846 3.465230 13.767896 -13.585916 6.870049 10.345001 2.993263 15.348269 2.137429 -22.347216 -18.222281 1.317565 -0.846987 31.045378 -20.526659 -14.384016 -0.109277 25.531363 -4.544933 7.100481 10.014945
5.235289 -10.703749 1.572857 -5.598510 -7.270819 1.764582 -27.488972 -26.259304 15.339399 8.703243 3.469403 13.775325 -13.598102 6.869910 10.342631 3.009591 15.333154 2.157004 -22.364309 -18.220644 1.294856 -0.853916 31.038355 -20.532557 -14.390953 -0.111204 25.531448 -4.543870 7.093831 10.018884
5.251359 -10.700167 1.576314 -5.599349 -7.268496 1.772832 -27.487392 -26.268215 15.341728 8.703774 3.470510 13.774907 -13.600069 6.870587 10.338444 3.013476 15.329976 2.164664 -22.369669 -18.222363 1.308224 -0.859677 31.039831 -20.522034 -14.399660 -0.106325 25.531353 -4.554858 7.091337 10.005568
0.174854 -7.352221 14.637411 -5.071813 -16.039791 -7.173168 -29.789307 -20.050377 7.714647 1.046171 3.083905 11.761627 -11.689744 -0.631491 12.040545 3.963753 22.102743 -4.185276 -10.832666 -21.512659 -7.949367 -0.064522 34.907120 -13.687423 -14.404412 -12.922801 14.396562 -5.584379 1.255928 10.313294
0.174854 -7.352221 14.637411 -5.071813 -16.039791 -7.173168 -29.789307 -20.050377 7.714647 1.046171 3.083905 11.761627 -11.689744 -0.631491 12.040545 3.963753 22.102743 -4.185276 -10.832666 -21.512659 -7.949367 -0.064522 34.907120 -13.687423 -14.404412 -12.922801 14.396562 -5.584379 1.255928 10.313294
0.174854 -7.352221 14.637411 -5.071813 -16.039791 -7.173168 -29.789307 -20.050377 7.714647 1.046171 3.083905 11.761627 -11.689744 -0.631491 12.040545 3.963753 22.102743 -4.185276 -10.832666 -21.512659 -7.949367 -0.064522 34.907120 -13.687423 -14.404412 -12.922801 14.396562 -5.584379 1.255928 10.313294
0.174854 -7.352221 14.637411 -5.071813 -16.039791 -7.173168 -29.789307 -20.050377 7.714647 1.046171 3.083905 11.761627 -11.689744 -0.631491 12.040545 3.963753 22.102743 -4.185276 -10.832666 -21.512659 -7.949367 -0.064522 34.907120 -13.687423 -14.404412 -12.922801 14.396562 -5.584379 1.255928 10.313294
0.174854 -7.352221 14.637411 -5.071813 -16.039791 -7.173168 -29.789307 -20.050377 7.714647 1.046171 3.083905 11.761627 -11.689744 -0.631491 12.040545 3.963753 22.102743 -4.185276 -10.832666 -21.512659 -7.949367 -0.064522 34.907120 -13.687423 -14.404412 -12.922801 14.396562 -5.584379 1.255928 10.313294
-0.185592 -7.065102 15.482552 -6.602800 -16.210403 -7.684952 -29.841734 -19.469736 6.984590 0.983763 3.065027 12.333352 -11.256767 -1.214219 12.001071 2.833298 22.675369 -4.759198 -11.748629 -20.366262 -10.054103 0.394365 34.515312 -12.580645 -15.485681 -12.992173 14.220370 -6.119852 -0.621656 9.565966
-0.034896 -7.113152 15.268920 -6.654247 -15.966548 -7.500519 -29.703163 -19.576694 7.151682 1.196949 3.040439 12.475296 -11.347949 -1.202949 12.042188 2.720603 22.636656 -4.744048 -11.955721 -20.321646 -9.344700 0.512814 34.258759 -12.693617 -15.573117 -12.443089 14.767301 -6.173401 -0.189719 9.545527
-0.039229 -7.125732 15.377636 -6.684587 -15.997275 -7.534076 -29.727205 -19.559914 7.047319 1.366599 3.014284 12.526237 -11.292313 -1.141621 11.953530 2.665741 22.709513 -4.691357 -11.996353 -20.326645 -9.258519 0.615366 34.247036 -12.809190 -15.525624 -12.497437 14.730393 -6.112317 -0.283951 9.558035
-0.017098 -7.141676 15.371447 -6.681305 -15.993206 -7.517112 -29.736240 -19.579498 7.045357 1.394771 3.027677 12.535193 -11.359639 -1.185897 12.054125 2.660434 22.634336 -4.736047 -12.003649 -20.325218 -9.231048 0.620824 34.263573 -12.784718 -15.539547 -12.500329 14.728902 -6.138838 -0.237237 9.565617
-0.023135 -7.145028 15.372732 -6.686660 -15.993476 -7.517342 -29.736145 -19.576359 7.042139 1.402849 3.021846 12.530825 -11.356363 -1.174842 12.049739 2.663873 22.637312 -4.730797 -11.996755 -20.328230 -9.241332 0.625501 34.256763 -12.787385 -15.541445 -12.495841 14.734023 -6.131768 -0.230858 9.570327
-0.022474 -7.144629 15.373363 -6.685943 -15.993788 -7.517976 -29.736843 -19.576958 7.042324 1.402017 3.023777 12.528417 -11.352877 -1.171893 12.047808 2.665481 22.638380 -4.729157 -11.993410 -20.330656 -9.281526 0.607504 34.247311 -12.782297 -15.554905 -12.520885 14.714717 -6.143762 -0.251049 9.579308
-0.004918 -7.141612 15.375248 -6.681130 -15.987743 -7.509792 -29.732613 -19.585653 7.042919 1.417265 3.021660 12.529162 -11.348771 -1.171944 12.046547 2.661753 22.640759 -4.729226 -11.991264 -20.328844 -9.245116 0.641158 34.232723 -12.785028 -15.564692 -12.485593 14.743524 -6.138796 -0.251065 9.560365
-0.009806 -7.144479 15.372823 -6.688569 -15.987263 -7.511117 -29.734213 -19.583038 7.041967 1.416888 3.017866 12.529805 -11.348533 -1.172337 12.048842 2.661274 22.641340 -4.731552 -11.990083 -20.326599 -9.247653 0.650029 34.239132 -12.797740 -15.555447 -12.488750 14.742099 -6.129427 -0.249279 9.568859
-0.009806 -7.144479 15.372823 -6.688569 -15.987263 -7.511117 -29.734213 -19.583038 7.041967 1.416888 3.017866 12.529805 -11.348533 -1.172337 12.048842 2.661274 22.641340 -4.731552 -11.990083 -20.326599 -9.247731 0.650171 34.239578 -12.798097 -15.555029 -12.488437 14.742162 -6.129002 -0.249276 9.568673
-0.019923 -7.150449 15.365963 -6.667901 -15.986956 -7.511176 -29.726254 -19.574562 7.042875 1.437606 3.029955 12.527535 -11.352294 -1.178125 12.051360 2.661284 22.634825 -4.730067 -11.995541 -20.325945 -9.233644 0.656701 34.193390 -12.731849 -15.595160 -12.491176 14.740117 -6.147992 -0.243772 9.562005
-0.017571 -7.149102 15.362070 -6.666874 -15.985091 -7.510033 -29.727995 -19.579506 7.048446 1.426019 3.029735 12.529426 -11.352635 -1.176988 12.042888 2.665481 22.638138 -4.723876 -11.997084 -20.329910 -9.240440 0.624794 34.233654 -12.781049 -15.568687 -12.487720 14.738495 -6.145944 -0.252286 9.552279
-0.014176 -7.147060 15.363749 -6.663495 -15.985384 -7.509201 -29.727839 -19.582199 7.050031 1.421865 3.023903 12.528428 -11.349185 -1.170888 12.042212 2.665116 22.640329 -4.724294 -11.993331 -20.329912 -9.240853 0.627885 34.232574 -12.776606 -15.569820 -12.488255 14.738122 -6.145926 -0.253418 9.553377
-0.015620 -7.147990 15.363170 -6.662831 -15.985447 -7.509875 -29.727665 -19.581192 7.050048 1.422616 3.023446 12.528325 -11.348653 -1.170254 12.041542 2.664962 22.640913 -4.723840 -11.993228 -20.329775 -9.240415 0.625855 34.233673 -12.775854 -15.571001 -12.487187 14.737758 -6.148462 -0.253130 9.551676
-0.014839 -7.147418 15.363733 -6.663253 -15.985307 -7.509483 -29.727646 -19.581730 7.049878 1.422707 3.024174 12.528199 -11.349496 -1.171243 12.042443 2.665183 22.640011 -4.724150 -11.993358 -20.329977 -9.240553 0.624622 34.233139 -12.778120 -15.570915 -12.487964 14.737597 -6.148372 -0.252502 9.551912
-0.014840 -7.147550 15.363915 -6.662950 -15.985356 -7.509274 -29.727467 -19.581656 7.049477 1.423636 3.025904 12.528567 -11.351064 -1.173529 12.043260 2.665225 22.638847 -4.724608 -11.994511 -20.330301 -9.240639 0.624800 34.233269 -12.778913 -15.570305 -12.487692 14.737733 -6.147663 -0.252266 9.551962
-0.016836 -7.148899 15.363640 -6.671395 -15.985223 -7.508869 -29.728252 -19.579641 7.046650 1.426966 3.033253 12.529428 -11.356707 -1.181450 12.047093 2.665974 22.633848 -4.726111 -11.997618 -20.331013 -9.240771 0.632669 34.229324 -12.781057 -15.570127 -12.491419 14.740413 -6.143357 -0.246644 9.561979
-0.016653 -7.148975 15.364117 -6.670560 -15.985541 -7.508440 -29.727394 -19.579166 7.045966 1.428329 3.033488 12.528739 -11.357097 -1.182211 12.047624 2.666296 22.633028 -4.726195 -11.997622 -20.330824 -9.231870 0.640171 34.206451 -12.736654 -15.594568 -12.486963 14.738475 -6.158539 -0.248356 9.551998
-0.017505 -7.149384 15.363718 -6.668957 -15.985641 -7.508913 -29.727072 -19.578644 7.046371 1.428554 3.033505 12.528749 -11.357121 -1.182258 12.047642 2.666301 22.633005 -4.726216 -11.997641 -20.330830 -9.231706 0.639876 34.206497 -12.736319 -15.594717 -12.486687 14.738406 -6.158810 -0.248541 9.551367
-0.016366 -7.148922 15.365149 -6.668164 -15.985704 -7.508622 -29.727526 -19.580109 7.046642 1.427924 3.030686 12.528733 -11.355926 -1.179114 12.047866 2.666030 22.633844 -4.727196 -11.995636 -20.331484 -9.240215 0.636368 34.227604 -12.774294 -15.573246 -12.492374 14.739713 -6.144703 -0.244167 9.562660
-0.013133 -7.147664 15.365685 -6.669639 -15.985806 -7.507882 -29.728878 -19.582500 7.047301 1.424030 3.028543 12.528609 -11.355042 -1.177052 12.047564 2.666041 22.634560 -4.726608 -11.994482 -20.331245 -9.240092 0.633743 34.228783 -12.776331 -15.572721 -12.490838 14.739575 -6.145406 -0.244526 9.560783
-0.015877 -7.148948 15.363649 -6.662091 -15.986225 -7.509677 -29.727776 -19.580994 7.049606 1.422151 3.028487 12.528199 -11.353788 -1.175734 12.046535 2.666051 22.635807 -4.726221 -11.993982 -20.330957 -9.239984 0.634797 34.227970 -12.775631 -15.572651 -12.492090 14.739405 -6.145115 -0.244747 9.561177
