10.286993 23.879519 1.140074 -7.183023 -12.823711 -10.169774 5.015660 14.615107 10.808504 7.914629 -14.304499 -25.211533 5.366103 -18.139303 6.267156 -12.172200 2.782252 11.549147 -8.642666 -5.179433 -17.926992 -13.530400 8.633066 16.651791 0.547548 -6.382357 10.160726 37.272877 -4.073032 -13.990307
10.040985 23.704992 1.160095 -7.468682 -12.778970 -10.186159 4.995379 14.664341 10.817715 7.930331 -13.912138 -25.294781 5.504767 -18.250729 6.228969 -12.056262 2.844846 11.468509 -8.698460 -5.152910 -17.817631 -13.588481 8.795248 16.332180 0.627520 -6.297655 10.258703 37.247929 -4.221663 -14.036800
9.917503 23.701759 1.398687 -8.019142 -12.712124 -10.066187 5.000526 14.594500 10.801862 7.877552 -13.372314 -25.451452 5.566884 -18.513857 6.259933 -11.941297 2.877594 11.313900 -8.763684 -5.148500 -17.585318 -13.670442 8.999048 15.942022 0.516974 -6.146582 10.365037 36.882225 -4.577934 -14.246762
9.828255 23.647387 1.491966 -8.557272 -12.653321 -9.936224 4.902751 14.386201 11.069517 7.158600 -12.697788 -25.429016 5.598927 -18.936132 6.187761 -11.866824 2.959642 11.191861 -8.981367 -5.183867 -17.347296 -13.875481 9.466848 15.241649 0.561118 -5.882221 10.384900 36.521477 -4.890472 -14.640137
9.572686 23.447577 1.303038 -8.987687 -12.628017 -9.900774 4.718111 14.265942 11.423523 6.317800 -12.048018 -25.467659 5.827311 -19.298960 5.982517 -11.619843 3.141132 11.025177 -9.205120 -5.174882 -16.924671 -14.015779 9.976122 14.626337 0.516155 -5.641445 10.401620 35.995552 -5.268280 -14.991863
8.914001 23.167805 1.311856 -9.623890 -12.530746 -9.745272 4.747409 14.274993 11.626991 5.993862 -11.438353 -25.438684 6.099437 -19.540043 5.718248 -11.424661 3.425536 10.810857 -9.510660 -5.094073 -16.548580 -14.003802 10.596893 13.720840 0.651109 -5.345075 10.418605 35.667458 -5.704127 -15.328471
8.449246 22.865038 1.203936 -10.222427 -12.494132 -9.641567 4.611208 14.206831 11.873727 5.391372 -10.343871 -25.692577 6.418128 -19.888813 5.521532 -11.202071 3.698756 10.553678 -9.834858 -4.884542 -16.150879 -14.236971 11.380600 12.623996 0.785139 -5.014619 10.416349 35.103561 -6.212981 -15.711931
7.998878 22.546755 1.226906 -10.738966 -12.367903 -9.446899 4.586206 14.010990 12.340435 4.409416 -9.395566 -25.797195 6.677621 -20.247417 5.261802 -10.909808 3.966032 10.349415 -10.243997 -4.774903 -15.589826 -14.323779 12.325567 11.545043 0.732024 -4.557562 10.403290 34.335709 -6.867991 -16.523382
7.021707 22.147501 1.012823 -11.214968 -12.365274 -9.310070 4.559064 14.089031 12.732706 3.693422 -8.725229 -25.685017 6.907522 -20.592699 4.752028 -10.479298 4.324858 10.055781 -10.664186 -4.808797 -15.124104 -14.380694 13.213728 10.464597 0.863811 -4.323578 10.371354 33.803299 -7.395082 -16.930130
6.105132 21.664873 0.855027 -11.525078 -12.336737 -9.218085 4.606115 14.174400 13.242189 2.763984 -7.891938 -25.863329 7.306958 -20.799068 4.329667 -10.331268 4.771876 9.759844 -10.986750 -4.784589 -14.652507 -14.552895 13.564069 9.562078 0.817801 -4.140005 10.378914 33.273849 -8.069200 -17.340956
5.426536 21.123960 0.831826 -11.697598 -12.293324 -9.173275 4.570920 14.131916 13.689621 1.941839 -6.912365 -26.095097 7.815503 -20.860624 3.844790 -9.990001 5.290018 9.353929 -11.380148 -4.578164 -14.227128 -14.659022 13.939819 8.748356 0.701426 -3.925709 10.349082 32.741570 -8.754643 -17.915926
4.835281 20.914459 1.027868 -11.755324 -12.355457 -8.849015 4.636963 13.941262 13.987171 1.435312 -6.685978 -26.161037 8.040664 -20.962305 3.426645 -9.531834 5.578642 9.008033 -11.675961 -4.634881 -13.696159 -14.816518 14.604263 7.859128 0.665683 -3.747648 10.482094 32.008167 -9.469934 -18.001633
3.991853 20.546040 1.193695 -12.334536 -12.307768 -8.448382 4.648463 13.761467 14.223679 0.995249 -6.094266 -26.297207 8.398340 -21.022495 3.062372 -9.223320 5.987391 8.563560 -11.962740 -4.495273 -13.293349 -14.562916 15.395876 7.008909 0.559721 -3.539129 10.610582 31.316940 -9.981767 -18.194017
3.249500 20.405088 1.249217 -12.164645 -12.464344 -8.032135 4.660566 13.490047 14.636926 0.148328 -5.669116 -26.466654 8.546409 -21.169676 2.654441 -8.862061 6.466520 8.079785 -12.403874 -4.372224 -12.929118 -14.692855 16.318762 6.205338 0.437588 -3.340982 10.727132 30.399288 -10.283379 -18.222961
2.513082 20.344259 1.160174 -11.930041 -12.690805 -7.684825 4.584889 13.286389 14.936049 -0.506161 -5.067371 -26.409702 8.739837 -21.133753 2.247499 -8.677997 7.005771 7.734852 -12.832165 -4.215096 -12.628993 -14.484332 16.994616 5.656790 0.492336 -3.060310 10.824080 30.018219 -10.734702 -18.431034
2.080358 20.296827 1.148931 -11.879505 -12.836796 -7.424576 4.562308 13.175066 15.076639 -0.739257 -4.884467 -26.281563 8.751754 -21.295689 2.020771 -8.323196 7.168642 7.417522 -13.086401 -4.298807 -12.273520 -14.294713 17.655895 5.247365 0.408511 -2.944822 10.993861 29.433872 -11.266795 -18.310535
1.454577 20.283232 1.378462 -11.853365 -12.906063 -7.021981 4.840367 13.126450 15.291325 -0.963084 -4.662350 -26.253199 8.802712 -21.362415 1.898699 -8.047527 7.313832 7.162762 -13.253199 -4.283663 -12.098638 -14.320478 17.819546 4.847027 0.348318 -3.027567 10.969344 29.118290 -11.486711 -18.239159
1.146143 20.235285 1.358743 -11.864628 -13.011404 -6.926993 4.774695 13.056183 15.414904 -1.367624 -4.410045 -26.316978 8.928534 -21.422565 1.684352 -7.792469 7.439727 6.988997 -13.469203 -4.193541 -11.941353 -14.426265 18.136610 4.439554 0.415942 -2.989208 11.019163 28.854549 -11.664420 -18.141479
0.965709 20.239702 1.367155 -11.827595 -13.070324 -6.817013 4.778020 12.967607 15.590049 -1.766742 -4.242839 -26.355747 8.958283 -21.478525 1.599033 -7.600171 7.514675 6.801677 -13.570515 -4.205940 -11.824886 -14.355851 18.298937 4.420002 0.402704 -2.926812 11.115085 28.785801 -11.773181 -18.144188
0.840242 20.246916 1.424259 -11.853708 -13.074568 -6.733917 4.853136 12.975840 15.608753 -1.751355 -4.188482 -26.405830 8.971197 -21.500706 1.612752 -7.526233 7.525533 6.725313 -13.563880 -4.212607 -11.758756 -14.341782 18.393675 4.301608 0.403868 -2.896662 11.155280 28.733248 -11.840518 -18.142565
1.277062 20.088516 1.887290 -11.676961 -13.017965 -6.761397 4.956368 12.892380 15.399904 -1.158143 -4.564523 -26.225861 9.193270 -21.471897 1.614944 -7.261546 7.257705 6.815647 -13.457115 -4.271966 -11.906754 -13.981219 18.724916 4.353096 0.406889 -2.786289 11.141870 28.739710 -11.553189 -18.208395
1.864268 19.641771 2.927522 -11.451464 -12.792348 -6.746611 5.351074 12.738207 15.273746 -0.532462 -4.912929 -25.741556 9.918024 -21.664179 1.954145 -6.464078 6.414719 6.808043 -13.159024 -4.254018 -12.154677 -12.611238 19.844799 5.083038 0.206326 -2.445965 11.378590 28.484108 -11.118399 -18.132151
2.644720 18.815279 4.633719 -11.421875 -12.389508 -6.521057 5.760626 12.154274 15.264020 0.167128 -5.709136 -25.058443 10.973981 -21.821146 2.144526 -5.301819 5.450974 6.684366 -12.941067 -4.314307 -12.444997 -10.183258 21.401844 6.195198 0.044215 -2.135972 11.735118 28.366224 -10.873467 -17.720640
3.909395 18.059969 6.178673 -10.983244 -11.990282 -6.663866 6.200321 11.726389 15.409008 0.624844 -6.653334 -23.801964 11.805339 -22.207836 2.927300 -3.761112 4.088148 6.551896 -12.462473 -4.813200 -13.150107 -7.289393 23.682911 7.067758 -0.155191 -1.854193 11.770224 27.754436 -9.817005 -16.946178
5.120628 17.275480 8.514944 -9.889365 -11.644678 -6.300298 6.744096 10.649553 15.634113 1.294643 -7.856777 -21.979240 12.218049 -22.372746 3.479151 -2.100631 2.957253 6.211076 -12.488956 -5.191988 -13.851306 -3.039401 25.541410 8.999343 -0.890788 -1.742337 11.888803 27.182909 -9.520979 -16.028851
6.096869 16.358803 10.365942 -8.296414 -11.444374 -5.933448 6.843257 9.232407 16.180359 1.210471 -9.121736 -19.984970 12.571233 -22.279297 4.328261 -0.217861 1.889541 5.772414 -12.465850 -5.410780 -13.992043 1.093139 27.435644 10.112514 -1.937361 -1.985648 12.198693 26.134375 -9.002372 -14.594394
7.074945 15.963717 12.891751 -6.725961 -11.291510 -5.316576 7.256011 7.644603 16.554373 1.148906 -11.071514 -17.884329 12.062641 -21.802143 5.341297 2.310592 1.019184 5.200877 -12.020632 -6.114723 -13.515467 5.419273 29.654818 9.419028 -2.584136 -2.332486 12.880879 25.170650 -7.695724 -12.389162
7.449489 15.473271 15.458489 -5.275584 -11.340168 -4.309050 7.158397 5.512136 16.728514 0.935616 -12.531849 -15.922267 11.092694 -21.479944 6.846112 5.290964 0.054376 4.295968 -11.480642 -6.538077 -13.163558 10.025916 30.967249 8.888103 -2.363256 -3.764788 13.220377 25.270763 -7.226270 -8.595900
7.953078 15.377151 18.086678 -4.816689 -11.232235 -2.775811 6.798535 2.845042 16.631571 1.039371 -13.740036 -14.196144 9.317348 -21.526718 8.495094 8.745579 -0.865030 2.796646 -11.273147 -7.079216 -12.958867 15.159286 31.623377 8.624422 -2.363554 -5.366117 14.553830 25.308365 -7.562270 -3.579721
8.404194 14.854131 20.071598 -4.271588 -11.341362 -1.818822 6.020575 0.616650 16.338785 1.106326 -14.451040 -12.524199 8.504214 -21.318106 9.411086 12.013446 -1.044677 1.580119 -11.430263 -7.019276 -12.869808 17.868216 33.380219 6.456614 -2.489147 -6.639445 15.600553 24.101786 -7.966487 0.395204
7.869910 14.304358 21.610210 -3.329619 -11.810701 -0.932490 5.426380 -1.036720 16.459953 0.743155 -14.709302 -10.639570 7.435154 -21.495823 10.049657 14.599872 -0.990917 0.687703 -12.036583 -6.809890 -12.887280 19.548182 33.516838 4.819263 -3.795766 -8.833108 15.935163 21.735607 -8.114639 4.926179
6.844491 13.336584 22.056028 -3.245770 -12.182573 -0.221394 4.189593 -2.560658 16.733646 0.055586 -14.632099 -8.569606 6.919249 -21.003250 9.409286 16.804966 0.570236 0.025858 -12.926830 -6.956259 -12.501389 20.143293 32.781994 4.166690 -5.321641 -10.168000 16.237307 19.824539 -9.078236 7.510984
4.737869 12.265829 22.066431 -3.674935 -12.642139 0.525532 2.636870 -3.828179 16.861115 -0.594569 -14.773071 -6.917737 5.897107 -20.512154 8.542150 18.194546 2.279677 -0.741524 -14.213546 -6.871310 -10.566456 19.500477 32.013603 1.470576 -5.471501 -11.538794 16.990211 19.158148 -9.318791 10.537757
2.979468 11.154121 22.300419 -3.990055 -13.178514 1.194813 0.898583 -5.251325 16.782707 -1.303761 -13.819178 -5.781952 4.183714 -20.293137 8.300712 19.518314 3.869087 -2.431728 -14.987671 -7.374750 -9.176875 18.043949 30.847887 -0.969917 -5.578592 -13.150394 16.844051 18.715923 -9.691560 12.133474
2.102014 10.268620 21.717304 -3.058213 -13.729309 1.566775 -0.774901 -6.478174 16.711496 -1.723925 -13.183550 -4.133094 1.654654 -18.929745 8.041995 19.378874 6.286676 -3.854262 -15.873621 -8.591523 -7.127709 18.565657 29.212332 -1.615807 -6.027820 -14.924451 16.753054 18.535133 -9.489806 13.952283
1.192635 9.427986 21.163960 -2.721693 -14.353207 1.848032 -2.699244 -7.783689 16.715410 -2.812809 -11.939405 -3.230079 0.287478 -18.006966 7.848170 19.748837 8.111332 -5.256903 -16.648123 -9.202339 -6.762553 17.165701 27.290567 -3.327538 -6.538760 -16.361490 16.332388 18.332567 -9.753119 14.753945
0.129123 8.714402 20.552383 -2.835424 -14.477394 2.220617 -3.827074 -8.702545 17.228003 -3.901115 -10.724293 -2.798975 -0.565625 -17.072786 7.712833 20.491758 9.387216 -6.232413 -17.133320 -9.575600 -6.588031 16.327726 25.629219 -4.373637 -6.971756 -17.819275 16.180161 18.419125 -9.951615 16.072397
-0.368672 8.085074 19.527958 -2.852945 -14.585567 2.020833 -4.793756 -8.982463 17.461981 -4.907027 -10.088571 -2.554776 -1.421103 -16.600651 7.810820 20.288609 9.908593 -6.575695 -17.375107 -9.907049 -6.591759 15.667087 24.048563 -4.544732 -7.418606 -18.795095 16.054188 18.511614 -10.022966 16.799379
-0.922643 7.787026 19.198566 -2.925837 -14.591564 2.468886 -5.223974 -9.531567 17.772331 -5.153268 -9.519682 -2.431326 -1.737680 -16.411983 7.810022 20.089365 10.244534 -6.854668 -17.401501 -10.099098 -6.228111 14.771758 23.375811 -5.165034 -7.438417 -19.589956 15.710766 18.384928 -10.226776 17.130968
-1.206990 7.637176 19.090431 -3.123233 -14.567196 2.491600 -5.442341 -9.674723 17.797926 -5.324367 -9.359415 -2.564208 -1.729083 -16.398203 7.639892 20.243431 10.434317 -6.972556 -17.620480 -9.988276 -6.251831 14.456191 23.224508 -5.312953 -7.428874 -19.734753 15.631557 18.308464 -10.259388 17.205523
-1.237442 7.612486 19.212248 -3.188739 -14.544876 2.512943 -5.408299 -9.679907 17.820274 -5.346563 -9.391653 -2.439411 -1.715517 -16.396633 7.705709 20.166254 10.384181 -6.835021 -17.523821 -10.034473 -6.244018 14.602679 23.314508 -5.371657 -7.396041 -19.768223 15.574930 18.361984 -10.277234 17.163914
-1.136933 7.223451 19.564217 -3.166237 -14.292690 2.606735 -5.289492 -9.913032 18.044394 -5.369308 -9.404213 -2.375020 -1.521501 -16.476568 7.801479 20.247576 10.268739 -6.616721 -17.278801 -10.050466 -6.110507 14.912237 23.362574 -5.343483 -7.470482 -19.819153 15.527356 18.357819 -10.202186 17.104433
-0.989367 7.047258 19.540266 -3.046931 -14.362531 2.241084 -5.267129 -9.595035 18.104639 -5.924488 -9.211054 -2.032583 -1.438549 -16.503073 7.814863 20.680372 10.410991 -6.582297 -17.351881 -9.813986 -5.799860 15.217531 23.349236 -5.279861 -7.564538 -20.045034 15.503880 18.282627 -10.039184 17.226269
-0.875910 6.603143 19.708267 -3.148401 -14.199287 2.018839 -5.096794 -9.450073 18.405779 -6.577036 -9.209726 -1.691332 -1.439551 -16.411303 7.987234 21.000847 10.428098 -6.490418 -17.205692 -9.595056 -5.880739 15.809528 23.206133 -5.381170 -7.744654 -20.354374 15.180322 18.403530 -9.566503 17.079607
-0.828789 6.274750 19.740616 -3.083910 -13.977370 1.889739 -4.763192 -9.254255 18.788889 -7.202926 -8.663800 -1.540194 -1.208889 -16.530733 8.078423 21.042707 10.500483 -6.497696 -17.121994 -9.302506 -5.751615 16.800550 23.207203 -5.712311 -7.952099 -20.587605 15.018945 18.350269 -9.339360 17.115793
-0.674424 5.636266 19.946800 -3.059791 -13.534143 1.864399 -4.414703 -9.318133 19.355501 -7.702549 -8.323764 -1.207818 -0.610361 -16.748838 8.500725 21.687716 10.242904 -6.099955 -16.952650 -8.712089 -5.408327 17.513838 22.990696 -5.974229 -8.226162 -20.915762 14.966022 18.159004 -9.427703 17.312920
-0.685663 4.898610 19.689085 -3.254150 -13.106627 1.520428 -4.060062 -8.933081 20.040224 -8.733158 -7.575795 -0.982027 -0.483325 -16.733727 8.798532 22.203497 10.294532 -6.015121 -16.621679 -8.677521 -5.590363 18.222784 23.148218 -6.434911 -8.432062 -21.072041 14.868151 17.996117 -9.659714 17.282133
-0.660541 4.284262 19.438927 -3.541952 -12.669819 1.036041 -3.592620 -8.337761 20.730211 -9.906512 -7.103645 -0.564966 -0.453193 -16.672695 9.519950 22.493856 10.060564 -5.909547 -16.096397 -8.542277 -5.223063 18.594690 23.307875 -6.675983 -8.539969 -21.451469 14.721883 17.800446 -9.548089 17.328974
-1.183108 3.893137 19.153717 -3.791273 -12.540924 0.759506 -3.459222 -7.980867 21.173283 -11.034889 -6.558836 -0.243277 -0.326377 -16.597939 10.273019 22.810654 9.795550 -6.146950 -15.639685 -8.378971 -4.992115 19.550985 23.218849 -6.969993 -8.730970 -21.696808 14.531925 17.883383 -9.625499 17.156338
-1.442032 3.192953 19.133848 -4.044482 -12.122521 0.602139 -3.235339 -7.901797 21.790056 -11.926208 -6.014102 0.481116 -0.350821 -16.296600 10.776916 23.086302 9.977132 -6.433458 -15.448503 -8.348541 -4.438943 20.092211 23.288687 -7.446241 -8.916234 -22.003994 14.471091 17.472984 -10.057874 17.248280
-1.982917 2.483941 18.958405 -4.585158 -11.649479 0.502886 -2.837604 -7.659230 22.613478 -13.137594 -5.489469 0.664431 -0.204233 -16.076174 11.167156 23.671019 9.865575 -6.426172 -15.118955 -8.370496 -3.642189 21.099062 23.544102 -7.775637 -9.107212 -22.531139 14.380231 17.125071 -10.589284 17.436918
-2.363368 1.857108 18.514996 -4.954045 -11.287340 0.212287 -2.703217 -7.406566 23.202673 -14.197797 -4.706514 0.922045 -0.117569 -15.672586 11.500161 24.271429 9.854568 -6.611162 -14.670170 -8.610921 -3.003367 22.170515 23.138134 -8.016397 -9.576014 -23.016483 14.355767 16.756706 -10.676419 17.751965
-2.695835 1.310737 18.160450 -5.253160 -10.971730 -0.093683 -2.350394 -6.958631 23.874140 -15.354670 -3.686438 1.246663 0.057798 -15.332609 11.632990 24.757309 10.144961 -6.923803 -14.589876 -8.609900 -2.442004 22.824358 23.183538 -8.712926 -9.733145 -23.317802 14.336794 16.286514 -11.259691 17.944635
-3.141637 0.630756 17.841629 -6.031816 -10.514918 -0.381102 -2.447889 -6.920959 24.345791 -16.250809 -2.823165 1.396335 0.037734 -15.108994 11.878549 24.822577 10.252370 -7.073088 -14.419203 -8.770162 -2.435053 23.711359 23.141069 -9.014751 -10.033606 -23.659096 14.170903 15.906197 -11.512900 18.163897
-3.399822 0.588346 17.765358 -5.892415 -10.390478 -0.245872 -2.220261 -6.933699 24.692636 -16.606316 -2.372702 1.570270 -0.033599 -14.847473 12.151834 25.058386 10.440171 -7.368251 -14.247017 -8.954139 -2.000371 24.062021 23.048973 -9.258011 -10.016441 -23.901581 14.202043 15.729733 -11.836810 18.531084
-3.837590 0.200328 17.452709 -6.337272 -10.131330 -0.422424 -2.188673 -6.780157 25.084036 -17.306107 -2.022533 1.557491 -0.185406 -14.736391 12.382558 25.162735 10.461326 -7.612301 -14.116959 -9.134072 -1.645574 24.560987 22.798580 -9.252414 -10.242549 -23.948502 14.367723 15.398220 -12.111182 18.831232
-4.175352 0.112798 17.225006 -6.595850 -9.988391 -0.433664 -2.174217 -6.734034 25.248051 -17.588196 -1.784953 1.606096 -0.379714 -14.499671 12.541217 25.466192 10.457150 -7.510621 -14.147156 -9.200479 -1.330323 24.846413 22.750002 -9.195927 -10.315619 -23.976267 14.564809 15.059111 -12.253140 19.325361
-4.227590 -0.039362 17.179506 -6.639115 -9.828398 -0.502987 -2.002602 -6.639356 25.420572 -17.818295 -1.628299 1.741303 -0.514545 -14.362230 12.670543 25.795267 10.476293 -7.584214 -14.111389 -9.293425 -1.275352 25.284922 22.815825 -9.054855 -10.511312 -24.176647 14.564340 14.758991 -11.965589 19.767643
-4.511568 -0.037739 16.990679 -6.702969 -9.890796 -0.478575 -2.150784 -6.655283 25.405792 -18.000080 -1.606472 1.584466 -0.458891 -14.335146 12.697942 25.963591 10.284417 -7.474109 -14.137111 -9.274426 -0.954937 25.193571 22.681173 -9.076676 -10.559835 -24.174553 14.764520 14.607832 -11.986540 20.023943
-4.483340 -0.057610 16.966179 -6.637671 -9.869810 -0.486945 -2.136685 -6.656042 25.432905 -18.005718 -1.649290 1.632727 -0.515294 -14.270325 12.730988 25.963518 10.244311 -7.426911 -14.105326 -9.319886 -0.938016 25.233881 22.672461 -8.987383 -10.575240 -24.203060 14.778714 14.585905 -11.940709 20.105318
-4.483222 -0.057621 16.966057 -6.637506 -9.869818 -0.486972 -2.136749 -6.656151 25.433084 -18.006119 -1.648831 1.632907 -0.515495 -14.270854 12.730931 25.963404 10.244212 -7.426753 -14.105721 -9.319938 -0.937976 25.234226 22.672476 -8.986874 -10.575302 -24.202995 14.778734 14.585856 -11.940748 20.105379
-4.483184 -0.058097 16.965818 -6.638560 -9.869602 -0.487021 -2.136683 -6.655468 25.432360 -18.004087 -1.648698 1.633177 -0.515771 -14.271343 12.731041 25.963266 10.243977 -7.426523 -14.106015 -9.319850 -0.937083 25.234514 22.672123 -8.983860 -10.576532 -24.202061 14.778480 14.584054 -11.941193 20.104132
-4.484497 -0.058189 16.965511 -6.637164 -9.870474 -0.487228 -2.137141 -6.655876 25.434282 -18.008461 -1.650872 1.632754 -0.514995 -14.269689 12.732760 25.963608 10.243393 -7.427678 -14.103809 -9.319759 -0.943073 25.228251 22.673525 -8.992886 -10.574947 -24.203991 14.779784 14.587135 -11.935371 20.107349
-4.483219 -0.058792 16.965702 -6.639893 -9.870546 -0.486706 -2.137741 -6.655747 25.433073 -18.006136 -1.650685 1.633119 -0.514827 -14.270379 12.731305 25.962950 10.244256 -7.426255 -14.105036 -9.319518 -0.942997 25.229418 22.674198 -8.995254 -10.573162 -24.205173 14.779625 14.588860 -11.936308 20.109213
-4.481579 -0.058170 16.966171 -6.639651 -9.870378 -0.486423 -2.137639 -6.656279 25.432852 -18.005795 -1.650850 1.633355 -0.515413 -14.270496 12.731730 25.963068 10.243920 -7.426241 -14.105013 -9.319588 -0.944023 25.228239 22.674675 -8.997890 -10.572425 -24.205402 14.779878 14.589579 -11.935946 20.109676
-4.481579 -0.058170 16.966171 -6.639651 -9.870378 -0.486423 -2.137639 -6.656279 25.432852 -18.005795 -1.651181 1.633500 -0.515444 -14.270462 12.731790 25.963121 10.243838 -7.426202 -14.105037 -9.319438 -0.943992 25.228367 22.674078 -8.997209 -10.572992 -24.205645 14.780128 14.589254 -11.935731 20.110151
-4.481526 -0.057607 16.966116 -6.638845 -9.869946 -0.486524 -2.137345 -6.656652 25.433216 -18.006254 -1.650059 1.632441 -0.514558 -14.269854 12.731750 25.963266 10.243873 -7.427612 -14.104244 -9.319461 -0.943469 25.228176 22.673433 -8.997344 -10.573009 -24.205690 14.779887 14.589280 -11.936358 20.109709
-4.482481 -0.058962 16.965603 -6.643275 -9.870003 -0.486648 -2.138179 -6.655303 25.431873 -18.003929 -1.650172 1.632884 -0.512962 -14.269257 12.728869 25.962025 10.246104 -7.425984 -14.105448 -9.319228 -0.942125 25.230442 22.673857 -8.996815 -10.571993 -24.205727 14.778969 14.590244 -11.938082 20.109255
-4.482744 -0.059340 16.965454 -6.643561 -9.870329 -0.486531 -2.138360 -6.655157 25.431929 -18.004223 -1.649527 1.633243 -0.513795 -14.270250 12.729250 25.962143 10.245567 -7.426012 -14.106030 -9.319459 -0.943457 25.230167 22.674105 -8.997816 -10.571930 -24.206375 14.779233 14.590693 -11.936645 20.110548
-4.482629 -0.058885 16.965454 -6.641305 -9.870216 -0.486647 -2.137956 -6.655629 25.432596 -18.005295 -1.649902 1.633267 -0.513627 -14.270111 12.729148 25.962156 10.245633 -7.425963 -14.105991 -9.319220 -0.942666 25.229296 22.673761 -8.995554 -10.573229 -24.205135 14.779016 14.588505 -11.937058 20.108559
-4.484584 -0.060606 16.964468 -6.643319 -9.870716 -0.487605 -2.139035 -6.654593 25.433504 -18.007938 -1.650939 1.633930 -0.513054 -14.270779 12.728261 25.961615 10.246351 -7.424873 -14.106610 -9.318674 -0.948172 25.219500 22.680204 -9.014385 -10.564800 -24.206789 14.779468 14.593029 -11.936023 20.114502
-4.484319 -0.059504 16.964680 -6.638523 -9.870161 -0.487475 -2.137403 -6.654832 25.433554 -18.005592 -1.649634 1.633472 -0.513067 -14.270491 12.728756 25.961615 10.246171 -7.425276 -14.106237 -9.319168 -0.948410 25.219769 22.678091 -9.016804 -10.564331 -24.208193 14.780013 14.595581 -11.936555 20.115843
-4.483440 -0.059425 16.965168 -6.640204 -9.870161 -0.487067 -2.137706 -6.655066 25.432922 -18.004772 -1.647401 1.633806 -0.511977 -14.271582 12.726477 25.960573 10.247387 -7.424817 -14.107971 -9.318592 -0.948306 25.219978 22.678335 -9.016705 -10.564197 -24.208324 14.780368 14.595421 -11.936957 20.116373
-4.483350 -0.058522 16.965796 -6.636598 -9.870683 -0.486832 -2.137141 -6.655897 25.433571 -18.006351 -1.651289 1.634133 -0.514631 -14.270383 12.730338 25.962120 10.245257 -7.425021 -14.105781 -9.319188 -0.943571 25.229649 22.675308 -8.994584 -10.572927 -24.204681 14.779867 14.588210 -11.935774 20.109932
-7.573851 -2.152039 15.368431 -5.608708 -10.185844 -1.691348 -2.026074 -4.069651 24.873631 -14.640518 -3.809009 1.082115 3.213279 -10.972027 9.020226 25.193087 13.991422 -6.103524 -12.547451 -9.074512 3.736638 21.817835 18.804667 3.726567 -18.877411 -22.056728 13.891994 6.953024 -11.600862 11.859625
-7.573851 -2.152039 15.368431 -5.608708 -10.185844 -1.691348 -2.026074 -4.069651 24.873631 -14.640518 -3.809009 1.082115 3.213279 -10.972027 9.020226 25.193087 13.991422 -6.103524 -12.547451 -9.074512 3.736638 21.817835 18.804667 3.726567 -18.877411 -22.056728 13.891994 6.953024 -11.600862 11.859625
-7.573851 -2.152039 15.368431 -5.608708 -10.185844 -1.691348 -2.026074 -4.069651 24.873631 -14.640518 -3.809009 1.082115 3.213279 -10.972027 9.020226 25.193087 13.991422 -6.103524 -12.547451 -9.074512 3.736638 21.817835 18.804667 3.726567 -18.877411 -22.056728 13.891994 6.953024 -11.600862 11.859625
-7.573851 -2.152039 15.368431 -5.608708 -10.185844 -1.691348 -2.026074 -4.069651 24.873631 -14.640518 -3.809009 1.082115 3.213279 -10.972027 9.020226 25.193087 13.991422 -6.103524 -12.547451 -9.074512 3.736638 21.817835 18.804667 3.726567 -18.877411 -22.056728 13.891994 6.953024 -11.600862 11.859625
-7.573851 -2.152039 15.368431 -5.608708 -10.185844 -1.691348 -2.026074 -4.069651 24.873631 -14.640518 -3.809009 1.082115 3.213279 -10.972027 9.020226 25.193087 13.991422 -6.103524 -12.547451 -9.074512 3.736638 21.817835 18.804667 3.726567 -18.877411 -22.056728 13.891994 6.953024 -11.600862 11.859625
-7.669717 -2.022255 15.832571 -6.541101 -10.336359 -1.890541 -2.095742 -3.768124 24.498167 -14.808846 -3.870418 1.298038 3.819054 -10.912964 8.741605 24.639112 14.151999 -6.092543 -13.378162 -8.219043 1.070837 21.843882 18.108379 4.015854 -20.160027 -21.452419 13.926497 6.366874 -13.475125 10.512594
-7.481372 -2.040391 15.610372 -6.529004 -10.117735 -1.683905 -1.975217 -3.905469 24.670473 -14.625334 -3.748053 1.295263 3.696640 -10.901244 8.703816 24.729467 13.929896 -5.897832 -13.563850 -8.323214 2.160177 21.949823 18.024137 3.846879 -20.099771 -20.919170 14.421159 6.344065 -12.922021 10.468443
-7.484115 -2.079417 15.555117 -6.449060 -10.093398 -1.645710 -1.948464 -3.906668 24.687216 -14.484299 -3.696603 1.256483 3.717497 -10.810855 8.573411 24.788385 13.908109 -5.746048 -13.628129 -8.377156 2.665009 21.989248 18.152441 3.775977 -19.894833 -20.999586 14.414512 6.405055 -12.805024 10.609159
-7.484349 -2.097813 15.530951 -6.423499 -10.086966 -1.635878 -1.952494 -3.917324 24.697496 -14.462317 -3.775587 1.259079 3.714572 -10.751430 8.632905 24.786474 13.885163 -5.771253 -13.577724 -8.370818 2.670543 22.003881 18.100132 3.821438 -19.956440 -21.017265 14.411462 6.378528 -12.794818 10.589614
-7.494062 -2.103046 15.529162 -6.423592 -10.087762 -1.637686 -1.950793 -3.910902 24.695856 -14.453999 -3.787948 1.254846 3.720870 -10.735590 8.626357 24.789087 13.890898 -5.763525 -13.569538 -8.372408 2.650094 22.001863 18.091877 3.821797 -19.963299 -21.014866 14.411779 6.379923 -12.796226 10.585869
-7.493639 -2.102480 15.530252 -6.422621 -10.088737 -1.638649 -1.951643 -3.910975 24.695360 -14.454069 -3.790031 1.253237 3.723254 -10.730686 8.624021 24.790014 13.892450 -5.761579 -13.566700 -8.373792 2.584391 21.983215 18.083431 3.831688 -19.980165 -21.034689 14.393627 6.367033 -12.830735 10.591114
-7.483128 -2.103409 15.522152 -6.415267 -10.079675 -1.629916 -1.946586 -3.918558 24.701828 -14.443521 -3.786506 1.253738 3.722399 -10.733149 8.623507 24.790546 13.891810 -5.760225 -13.568872 -8.373013 2.661777 21.993664 18.081867 3.830284 -19.973658 -21.014948 14.411142 6.366654 -12.802312 10.580606
-7.484056 -2.104131 15.522636 -6.423708 -10.079874 -1.628938 -1.948173 -3.918358 24.700298 -14.444017 -3.790711 1.252191 3.725751 -10.728397 8.621844 24.790531 13.894380 -5.759652 -13.566353 -8.372216 2.660048 21.998388 18.090319 3.819110 -19.962318 -21.020138 14.409150 6.376493 -12.798773 10.589235
-7.486147 -2.105397 15.521395 -6.422031 -10.080071 -1.629833 -1.947767 -3.916693 24.700506 -14.442853 -3.790711 1.252191 3.725751 -10.728397 8.621844 24.790531 13.894380 -5.759652 -13.566353 -8.372216 2.659855 21.999109 18.090139 3.819488 -19.962494 -21.020210 14.409397 6.376746 -12.798764 10.589572
-7.504572 -2.114648 15.515663 -6.395041 -10.081394 -1.636980 -1.939155 -3.901722 24.698948 -14.416921 -3.783400 1.253058 3.728921 -10.732706 8.615242 24.789164 13.895507 -5.755462 -13.572557 -8.370314 2.675172 21.988169 18.085573 3.828526 -19.969019 -21.021511 14.407010 6.368194 -12.803177 10.582083
-7.498880 -2.111962 15.514147 -6.401542 -10.079697 -1.633650 -1.941819 -3.908469 24.702892 -14.430021 -3.776149 1.253510 3.719887 -10.741165 8.615327 24.792593 13.892407 -5.754068 -13.573723 -8.378521 2.681691 21.979582 18.095009 3.830842 -19.967155 -21.022310 14.403873 6.360830 -12.802379 10.579261
-7.493133 -2.108322 15.515889 -6.402597 -10.079192 -1.632225 -1.943047 -3.913294 24.704554 -14.437767 -3.781303 1.252417 3.721951 -10.735868 8.616014 24.792698 13.893057 -5.754825 -13.570017 -8.378435 2.682474 21.984938 18.094072 3.836743 -19.967756 -21.022339 14.404021 6.361306 -12.803500 10.581507
-7.493745 -2.109086 15.515591 -6.401336 -10.079399 -1.632819 -1.942939 -3.912594 24.704597 -14.436744 -3.781809 1.252281 3.722521 -10.735201 8.615336 24.792574 13.893640 -5.754341 -13.569883 -8.378304 2.683125 21.984392 18.094152 3.838184 -19.969257 -21.021746 14.403535 6.359366 -12.803657 10.580139
-7.493055 -2.108618 15.516017 -6.401663 -10.079255 -1.632560 -1.942875 -3.912952 24.704441 -14.436582 -3.782019 1.252211 3.722504 -10.735041 8.615420 24.792696 13.893601 -5.754191 -13.569748 -8.378340 2.683265 21.983347 18.093687 3.836901 -19.969406 -21.021725 14.403479 6.359170 -12.803678 10.579359
-7.493055 -2.108618 15.516017 -6.401663 -10.079255 -1.632560 -1.942875 -3.912952 24.704441 -14.436582 -3.781643 1.252274 3.722576 -10.735298 8.615158 24.792578 13.893779 -5.754353 -13.570019 -8.378262 2.682869 21.983364 18.093319 3.835659 -19.968901 -21.022184 14.403401 6.360195 -12.803317 10.579727
-7.496738 -2.110854 15.516111 -6.403630 -10.079472 -1.632611 -1.941596 -3.909247 24.701639 -14.428159 -3.775714 1.253777 3.718045 -10.742607 8.618413 24.793255 13.889861 -5.756074 -13.573195 -8.378930 2.681945 21.982080 18.092461 3.829710 -19.967144 -21.022114 14.404725 6.362619 -12.802934 10.580000
-7.500243 -2.112401 15.514524 -6.398998 -10.079800 -1.633825 -1.940220 -3.906910 24.702200 -14.426354 -3.776755 1.253406 3.718227 -10.741874 8.617877 24.793371 13.890293 -5.754879 -13.572945 -8.378697 2.683183 21.980469 18.092325 3.833259 -19.969988 -21.021936 14.404729 6.359997 -12.802838 10.579111
-7.501668 -2.112831 15.513929 -6.398104 -10.079764 -1.634193 -1.939910 -3.906318 24.702555 -14.426386 -3.776749 1.253424 3.718197 -10.741914 8.617897 24.793385 13.890267 -5.754902 -13.572966 -8.378702 2.683178 21.980370 18.092405 3.833476 -19.970064 -21.021832 14.404725 6.359711 -12.802762 10.579076
-7.492799 -2.109061 15.518545 -6.404055 -10.079473 -1.631007 -1.941913 -3.912008 24.701372 -14.429399 -3.780798 1.252669 3.721364 -10.736763 8.616092 24.793066 13.892641 -5.754970 -13.570561 -8.378440 2.681826 21.989468 18.086531 3.838166 -19.972118 -21.023220 14.406021 6.363141 -12.802189 10.582148
-7.491534 -2.107890 15.517982 -6.405708 -10.078895 -1.630946 -1.942667 -3.913274 24.702291 -14.433231 -3.787089 1.252365 3.722640 -10.731686 8.616034 24.793386 13.893569 -5.752921 -13.567752 -8.378062 2.682462 21.985300 18.089266 3.834928 -19.970535 -21.022448 14.404416 6.361305 -12.801686 10.579803
-7.494010 -2.109024 15.515730 -6.399239 -10.079226 -1.632838 -1.941983 -3.911983 24.704784 -14.435583 -3.785122 1.252073 3.722387 -10.732552 8.616895 24.793421 13.893157 -5.754128 -13.567729 -8.378268 2.682410 21.985897 18.087938 3.835370 -19.970419 -21.022890 14.404422 6.362018 -12.801559 10.579337
