8.031338 24.730089 4.416959 -7.143342 -15.418775 -12.946867 4.056627 16.654404 8.364744 6.064019 -15.000170 -25.872984 5.152350 -19.287186 4.941304 -11.690675 5.373763 11.135107 -5.659172 -7.315349 -25.222536 -16.374472 10.069289 20.173775 -1.267412 -11.708542 4.511225 34.257603 -11.157362 -13.907669
7.631873 24.534327 4.676266 -7.982843 -15.291496 -12.843101 4.072147 16.662607 8.355524 6.087575 -14.048962 -26.129028 5.427876 -19.659208 4.915613 -11.431831 5.474131 10.912788 -5.767892 -7.273544 -24.870461 -16.457052 10.372587 19.576664 -1.375317 -11.472134 4.649575 33.845257 -11.730004 -14.263779
7.151744 24.228731 4.558299 -8.915821 -15.213176 -12.705129 3.841005 16.445091 8.927885 4.718378 -12.772364 -26.148537 5.701905 -20.394941 4.576458 -11.052370 5.761178 10.650250 -6.188208 -7.326372 -24.244919 -16.738083 11.345603 18.273668 -1.420157 -11.049938 4.594490 32.935452 -12.493297 -15.009577
5.994960 23.667746 4.455043 -10.174053 -15.094586 -12.456179 3.718085 16.397064 9.372602 3.754537 -11.067949 -26.349777 6.392778 -20.955938 3.985180 -10.603248 6.370275 10.249368 -6.859637 -6.993260 -23.514174 -17.123087 12.788002 16.054113 -1.185573 -10.551588 4.544813 31.924332 -13.369984 -15.696198
4.514673 22.928202 4.256426 -11.225914 -14.955706 -12.138138 3.678948 16.327164 10.209290 2.138434 -9.536573 -26.405207 7.046047 -21.464375 3.164982 -9.864839 7.065647 9.743230 -7.553538 -6.872368 -22.562784 -17.230686 14.661309 13.965219 -1.056402 -9.908547 4.475221 30.733721 -14.659711 -16.939816
2.867547 21.810215 4.095579 -11.643668 -14.888312 -12.057745 3.685874 16.398619 11.173688 0.428644 -7.777871 -26.798058 7.984883 -21.718338 2.236177 -9.388947 8.027420 9.081896 -8.261250 -6.624237 -21.717117 -17.667471 15.337688 12.214231 -1.331409 -9.660898 4.383773 29.565071 -15.900950 -17.909399
1.364408 21.179943 4.419271 -12.236000 -14.900124 -11.374185 3.779370 16.095261 11.717304 -0.467987 -6.914833 -26.947271 8.488167 -22.056385 1.512224 -8.565066 8.605015 8.311393 -8.840891 -6.565708 -20.789930 -17.929438 16.853811 10.582532 -1.721459 -9.281971 4.588745 27.705589 -16.826336 -18.256289
-0.101310 20.979677 4.366510 -11.787387 -15.283782 -10.600025 3.715409 15.608141 12.446379 -1.962577 -5.944621 -27.018600 8.793899 -22.196592 0.749269 -7.977632 9.542159 7.488519 -9.632463 -6.364153 -20.188881 -18.264660 18.763998 9.019336 -1.778923 -8.925457 4.721371 26.110006 -17.195391 -18.321920
-1.167564 20.912897 4.551727 -11.616295 -15.504074 -9.918026 3.989913 15.453539 12.813047 -2.370298 -5.608571 -26.857868 8.882788 -22.348196 0.401286 -7.355178 9.861479 6.914320 -10.011869 -6.439098 -19.706831 -18.520187 19.604239 8.136995 -2.042528 -9.114419 4.759700 24.886078 -17.756561 -17.896059
-1.721417 20.842966 4.525370 -11.436044 -15.684810 -9.692827 3.960245 15.307539 13.113977 -3.113317 -5.250882 -26.969652 9.079847 -22.385273 0.084904 -6.936987 10.084722 6.612267 -10.279785 -6.384274 -19.460199 -18.817215 19.913126 7.799354 -2.209537 -9.115553 4.839621 24.368196 -17.888632 -17.794577
-1.351949 20.716667 5.044522 -11.403230 -15.617113 -9.655408 4.112513 15.225126 12.925968 -2.554104 -5.547197 -26.845276 9.315798 -22.412989 0.115474 -6.574476 9.819077 6.567602 -10.180470 -6.424823 -19.550749 -18.287209 20.496916 7.754487 -2.084242 -8.872244 4.913945 24.411562 -17.777102 -17.882479
0.068997 19.452948 7.828698 -11.306625 -14.969540 -9.443554 4.878950 14.470757 12.766218 -1.295804 -6.568782 -25.753925 11.090272 -22.771782 0.535692 -4.657296 8.102248 6.445982 -9.729445 -6.483445 -19.910637 -13.436417 22.921940 9.752337 -2.266235 -7.910865 5.663971 24.766140 -17.526184 -17.812632
2.748185 18.069445 11.785591 -9.771255 -14.265730 -9.135387 5.808673 12.790594 13.157478 -0.425650 -8.599689 -22.733419 12.134162 -23.218609 2.273918 -1.712870 5.490891 5.817276 -9.366458 -7.228443 -21.015009 -5.961925 26.801033 12.079020 -2.751929 -7.215293 6.095208 24.091908 -16.322950 -16.020144
4.864893 16.894962 16.244659 -6.917443 -13.914705 -8.027164 6.245132 9.600404 14.126986 -0.987836 -11.316987 -18.755463 12.118079 -22.887489 4.058990 2.686307 3.612247 4.690775 -8.973493 -8.068945 -20.427557 2.980001 30.830423 13.508635 -4.575661 -7.569884 7.372258 22.150879 -14.050569 -12.225952
5.643812 16.251749 21.283098 -5.052368 -13.832148 -5.484303 5.696744 4.793473 14.192540 -0.933597 -14.288845 -15.016209 9.588695 -22.306297 7.072657 9.135182 1.832327 2.443502 -8.161007 -8.934653 -19.389334 11.681315 33.076012 12.825630 -4.794402 -10.611645 9.243934 21.152584 -14.541561 -3.324429
5.657177 15.146033 24.546333 -3.758324 -14.188142 -3.546106 4.309659 0.730098 14.294551 -1.466172 -15.152216 -11.155235 7.365200 -22.729929 8.942447 14.905689 1.487886 0.302055 -9.209570 -8.672762 -19.989775 15.317290 35.756058 9.224704 -6.327299 -13.784550 10.765645 16.955492 -14.804203 4.707298
2.812008 13.213057 25.023222 -3.153240 -14.923950 -1.808674 1.815066 -2.405605 14.994463 -2.952530 -15.451294 -7.107670 5.723280 -21.594543 7.882732 18.208628 4.514725 -1.116134 -11.509266 -8.374222 -16.989302 14.264301 34.713329 4.960589 -7.538287 -16.472713 11.739223 14.407220 -14.459601 9.847174
0.629432 11.132622 24.308155 -1.706475 -15.773966 -0.465872 -1.393641 -5.392422 15.260969 -4.020561 -14.377305 -4.495677 0.967990 -19.446428 7.768885 19.880098 8.058214 -3.864093 -12.941366 -10.290552 -13.147413 13.965398 31.224981 1.215511 -8.157026 -19.216827 12.287904 13.938250 -14.983880 13.361876
-1.170010 9.668268 23.016703 -1.557614 -16.225664 0.491676 -4.325294 -7.904390 15.917489 -5.984250 -11.744573 -3.280258 -1.682758 -17.686077 7.747135 21.240072 10.731874 -6.117206 -14.201649 -11.575836 -11.382914 12.132816 27.991068 -1.723800 -8.118552 -22.182064 11.526883 14.724798 -15.276402 15.149342
-1.855662 8.754014 21.563236 -1.436832 -16.219679 0.846655 -5.656137 -8.901666 16.643827 -7.188331 -10.715158 -2.962050 -2.955359 -16.931190 7.949621 20.892282 11.396343 -6.599483 -14.356571 -12.223799 -10.746655 10.529939 25.947248 -2.805569 -8.137629 -23.657654 11.183294 15.276600 -14.891180 15.988071
-2.131112 8.574087 21.555443 -1.656598 -16.144455 0.913662 -5.813048 -9.071369 16.729067 -7.373082 -10.622375 -2.999731 -2.929404 -16.840614 7.848638 21.048105 11.465995 -6.515985 -14.446159 -12.212285 -10.714729 10.397833 25.929140 -3.011563 -8.069934 -23.880745 11.034405 15.258494 -14.927541 16.035900
-1.916223 8.004496 21.938641 -1.514636 -16.002939 0.626951 -5.710192 -8.999975 16.980118 -7.983997 -10.421062 -2.613864 -2.677449 -16.956285 7.919766 21.608196 11.492480 -6.206750 -14.277510 -12.040671 -10.181798 11.162774 25.947088 -3.102007 -8.288710 -24.155716 10.953647 15.151331 -14.794014 16.031969
-1.762734 7.180337 22.090780 -1.638143 -15.608431 0.262004 -5.249969 -8.672129 17.714260 -9.313881 -9.763323 -2.125160 -2.518085 -17.053011 8.264238 22.039623 11.502311 -6.115161 -14.036386 -11.568908 -10.369215 12.794677 25.867886 -3.319239 -8.891888 -24.727272 10.351684 14.974888 -14.768965 15.650260
-1.626060 5.799226 21.959642 -1.910047 -14.685296 -0.066307 -4.530866 -8.344382 18.972151 -10.814999 -8.645336 -1.506194 -1.844887 -17.301188 9.038216 23.290865 11.208802 -5.566170 -13.590435 -10.961884 -10.494803 14.412167 25.597891 -3.730056 -9.682266 -25.195827 10.049806 14.581714 -15.136850 15.490469
-2.168532 4.682072 21.203537 -2.537768 -14.008164 -0.758820 -3.907151 -7.397422 20.246946 -13.135270 -7.650015 -0.765065 -1.591182 -17.024944 10.161328 24.028214 10.726087 -5.312132 -12.802330 -10.693824 -10.383299 15.792576 25.541443 -4.237626 -10.084131 -25.930332 9.590852 14.548572 -15.213726 15.327303
-3.008593 3.179024 21.023651 -3.341919 -13.080427 -1.021584 -3.211123 -7.031097 21.755733 -15.337648 -6.376752 0.085078 -1.466655 -16.437359 10.979649 25.092894 10.827687 -5.570007 -12.207013 -10.732877 -8.885603 17.313425 25.714800 -4.821207 -10.419829 -26.783794 9.343894 13.951852 -16.092501 15.475334
-3.692905 2.009570 20.182711 -4.065207 -12.390918 -1.575228 -2.721545 -6.340521 23.032284 -17.501675 -4.501212 0.645286 -1.315271 -15.757347 11.470593 26.259871 11.032912 -6.036286 -11.659611 -11.046172 -7.195175 19.104254 24.966072 -5.169043 -11.205345 -27.415098 9.533200 12.871458 -16.536268 16.433584
-4.384241 1.261204 19.764317 -4.887870 -11.806160 -1.692022 -2.625013 -6.321424 23.855326 -18.746143 -3.052869 0.849097 -1.424469 -15.233915 11.900573 26.661325 11.317087 -6.377409 -11.258663 -11.490428 -6.374963 20.895283 24.377588 -5.090571 -11.725549 -28.179588 9.704305 12.246559 -16.958069 17.887621
-5.122746 0.778903 19.187954 -5.660820 -11.381121 -1.847911 -2.592548 -6.142464 24.418489 -19.685547 -2.371078 0.836915 -1.674467 -14.911257 12.158195 27.044683 11.348197 -6.442991 -11.214381 -11.761046 -5.104773 21.762445 23.961782 -4.993505 -11.944883 -28.478018 10.167511 11.605121 -17.094521 19.075478
-5.409633 0.619088 18.884264 -5.768311 -11.223703 -1.861719 -2.543389 -6.083812 24.622244 -20.045235 -2.049119 0.817877 -1.651831 -14.846401 12.177199 27.508135 11.267663 -6.410209 -11.286931 -11.837856 -4.402651 21.994715 23.766119 -4.804899 -12.204111 -28.771378 10.350656 11.159948 -16.679918 19.750818
-5.378861 0.593738 18.853256 -5.716483 -11.197618 -1.865417 -2.530749 -6.087084 24.650713 -20.045561 -2.082777 0.867185 -1.695002 -14.787875 12.189903 27.507318 11.231988 -6.347634 -11.262953 -11.883189 -4.369304 22.059198 23.752556 -4.660687 -12.237116 -28.836241 10.365252 11.139912 -16.586510 19.867054
-5.385680 0.597338 18.865585 -5.719537 -11.206813 -1.870890 -2.535146 -6.083357 24.640280 -20.048857 -2.086702 0.871774 -1.705594 -14.795656 12.204974 27.507582 11.224195 -6.355478 -11.263098 -11.882096 -4.363943 22.058638 23.749743 -4.650539 -12.240615 -28.834660 10.361389 11.137148 -16.585434 19.861546
-5.382971 0.598027 18.865383 -5.715376 -11.206289 -1.870849 -2.534362 -6.084281 24.641262 -20.048811 -2.084808 0.871625 -1.701856 -14.794950 12.199794 27.504465 11.228806 -6.353284 -11.265103 -11.881200 -4.361734 22.060452 23.747423 -4.647926 -12.242325 -28.833729 10.362650 11.134686 -16.590723 19.859089
-5.383008 0.598184 18.865499 -5.716311 -11.206175 -1.870669 -2.534424 -6.084357 24.640963 -20.048397 -2.085814 0.871409 -1.702470 -14.794154 12.201079 27.505205 11.227718 -6.353807 -11.263962 -11.881520 -4.361818 22.062010 23.746819 -4.649358 -12.241375 -28.834885 10.362988 11.136271 -16.590759 19.861353
-5.384276 0.595839 18.860447 -5.716186 -11.203739 -1.871534 -2.535142 -6.085499 24.646948 -20.058537 -2.087746 0.874621 -1.707997 -14.798613 12.202842 27.504885 11.225430 -6.350331 -11.268002 -11.881316 -4.354772 22.059525 23.740202 -4.630426 -12.253799 -28.829407 10.359567 11.121998 -16.602840 19.842024
-5.381577 0.593825 18.864716 -5.717554 -11.205620 -1.868793 -2.532485 -6.080739 24.637566 -20.033031 -2.082479 0.875136 -1.704013 -14.800848 12.196755 27.503271 11.228800 -6.351514 -11.272112 -11.879752 -4.352586 22.053537 23.738396 -4.630799 -12.253967 -28.828438 10.360572 11.122355 -16.605309 19.836216
-5.379817 0.595177 18.864109 -5.708481 -11.205397 -1.869662 -2.531465 -6.082272 24.640844 -20.036955 -2.086784 0.877610 -1.709473 -14.802094 12.201775 27.503462 11.225482 -6.348214 -11.271916 -11.881001 -4.351622 22.053598 23.736969 -4.628314 -12.255365 -28.826775 10.359382 11.118629 -16.606348 19.835543
-10.419703 -2.686778 16.355463 -3.983463 -11.307361 -3.450631 -1.689520 -2.050281 24.420374 -15.149593 -4.561744 -0.139136 3.955271 -10.038986 6.683786 26.588648 16.394268 -4.257678 -9.783947 -10.965871 -0.599426 17.489733 18.942669 9.486516 -22.768345 -25.470909 9.441824 1.841507 -17.364431 9.423363
-10.419703 -2.686778 16.355463 -3.983463 -11.307361 -3.450631 -1.689520 -2.050281 24.420374 -15.149593 -4.561744 -0.139136 3.955271 -10.038986 6.683786 26.588648 16.394268 -4.257678 -9.783947 -10.965871 -0.599426 17.489733 18.942669 9.486516 -22.768345 -25.470909 9.441824 1.841507 -17.364431 9.423363
-10.419703 -2.686778 16.355463 -3.983463 -11.307361 -3.450631 -1.689520 -2.050281 24.420374 -15.149593 -4.561744 -0.139136 3.955271 -10.038986 6.683786 26.588648 16.394268 -4.257678 -9.783947 -10.965871 -0.599426 17.489733 18.942669 9.486516 -22.768345 -25.470909 9.441824 1.841507 -17.364431 9.423363
-10.173294 -2.646986 16.510826 -5.145714 -11.506901 -3.692857 -2.150046 -1.912463 23.856451 -15.309855 -4.624962 0.272538 4.006404 -10.089847 6.667173 25.996214 16.198442 -4.209888 -10.591678 -10.434037 -0.777204 18.347673 19.723513 7.871361 -21.890926 -24.878614 9.599027 2.568806 -17.545725 9.212168
-10.380334 -2.747834 16.369061 -4.893008 -11.556467 -3.759559 -2.139431 -1.775065 23.853374 -15.095580 -4.734292 0.185292 4.035320 -9.934149 6.552507 26.025549 16.258890 -4.096106 -10.455095 -10.584076 -0.626041 18.417196 19.788731 7.774962 -21.910732 -24.937065 9.618704 2.501349 -17.492172 9.313433
-10.384004 -2.750207 16.364357 -4.884223 -11.556522 -3.760775 -2.138534 -1.773689 23.857090 -15.098406 -4.749319 0.184579 4.033858 -9.923849 6.566234 26.026918 16.255117 -4.099763 -10.441372 -10.585857 -0.630912 18.426088 19.787605 7.782825 -21.913166 -24.945551 9.615920 2.501811 -17.492880 9.320354
-10.380305 -2.746979 16.366713 -4.892969 -11.556974 -3.760864 -2.140946 -1.775049 23.853960 -15.101109 -4.746130 0.187544 4.033685 -9.929100 6.574143 26.021744 16.250538 -4.109496 -10.449486 -10.577090 -0.615581 18.422859 19.788982 7.774776 -21.905849 -24.936432 9.622930 2.507331 -17.473429 9.320086
-10.406321 -2.766210 16.357197 -4.909032 -11.556284 -3.749532 -2.139330 -1.762058 23.836103 -15.042010 -4.715950 0.194066 4.017493 -9.963051 6.567419 26.014631 16.242765 -4.101942 -10.476848 -10.580615 -0.619840 18.430866 19.792601 7.771059 -21.909229 -24.938652 9.629902 2.508176 -17.471903 9.328488
-10.383150 -2.754418 16.363810 -4.919770 -11.555052 -3.743835 -2.145747 -1.780084 23.842470 -15.072350 -4.725475 0.198059 4.009394 -9.961582 6.573002 26.016451 16.238317 -4.100700 -10.476852 -10.583341 -0.616438 18.430763 19.787708 7.770241 -21.909657 -24.929874 9.633615 2.508991 -17.475500 9.324786
-10.383738 -2.754075 16.363985 -4.918811 -11.555806 -3.743836 -2.145746 -1.779792 23.841991 -15.072248 -4.724277 0.197830 4.009808 -9.962074 6.572816 26.016478 16.238565 -4.101493 -10.476807 -10.583236 -0.623188 18.429319 19.789129 7.770595 -21.910851 -24.934750 9.628574 2.507692 -17.478306 9.323513
-10.391066 -2.758339 16.364761 -4.928169 -11.556278 -3.742573 -2.144123 -1.773028 23.834923 -15.054985 -4.702976 0.198284 4.008271 -9.979202 6.568254 26.015432 16.237993 -4.104474 -10.488348 -10.581108 -0.626679 18.428257 19.789589 7.760118 -21.905472 -24.937843 9.629095 2.512026 -17.474546 9.329177
-10.392296 -2.758787 16.362720 -4.923114 -11.556445 -3.744156 -2.143809 -1.772249 23.837206 -15.057475 -4.703850 0.197984 4.009986 -9.977699 6.566774 26.014952 16.239632 -4.103399 -10.487854 -10.580796 -0.627166 18.427805 19.790174 7.758452 -21.904215 -24.937832 9.629152 2.512771 -17.474531 9.329150
-10.384060 -2.754819 16.364552 -4.919196 -11.555840 -3.743759 -2.145357 -1.778863 23.841211 -15.069359 -4.726620 0.195538 4.014132 -9.956604 6.572730 26.015650 16.240152 -4.103698 -10.472202 -10.582405 -0.626607 18.429018 19.786249 7.762653 -21.908516 -24.936810 9.629718 2.511201 -17.473925 9.325903
