15.772282 -4.945161 7.794760 -2.756346 -6.591456 -13.487215 -5.715827 0.400128 17.060877 6.920096 -11.678459 6.042862 13.610749 -10.327445 16.275555 0.471698 2.308189 14.761883 -6.552467 -4.924370 3.645916 2.381611 20.163500 2.570910 -16.745485 -20.644718 2.487160 6.885549 29.578444 0.330506
15.705407 -5.008480 7.676668 -2.916044 -6.414250 -13.328336 -5.503222 0.392595 17.361147 6.779545 -11.370466 5.700283 13.879960 -10.420818 16.017740 0.743322 2.010770 15.074859 -6.678691 -5.005813 3.040725 2.337817 20.723610 3.047734 -16.649860 -21.168291 1.997344 6.891618 29.147812 0.266288
15.141928 -4.940474 7.358117 -3.813442 -5.913068 -13.309429 -4.876466 0.862935 17.809362 6.490525 -11.024290 5.420592 14.137860 -10.505241 15.625712 0.919898 1.542292 15.737171 -6.978655 -5.209160 1.838977 1.271799 21.822252 2.988750 -16.369665 -21.486290 1.300566 6.418818 28.342850 -0.009171
14.618475 -4.627155 6.699285 -4.545836 -5.410045 -13.310489 -3.926741 1.659283 18.437410 5.999158 -10.144230 4.484929 14.659978 -10.540388 14.676081 1.144423 1.373419 16.361917 -7.376494 -5.415136 0.761659 0.021988 23.749212 3.175197 -15.665577 -21.839600 0.288901 5.975173 26.742741 -0.808551
13.917772 -4.541178 6.182302 -5.741077 -4.514904 -13.003535 -2.870539 2.197304 19.116686 5.984953 -9.700869 3.565740 15.461101 -10.960268 14.017814 1.449208 0.905225 16.901430 -7.778578 -5.128360 -0.376247 -2.512902 25.154408 3.292007 -14.556625 -22.111212 -1.023066 6.144334 25.026213 -2.366102
13.180205 -4.316489 5.768926 -6.808202 -3.813734 -12.862356 -1.807882 2.894197 19.728014 5.655329 -8.790283 2.732167 16.050945 -11.160612 13.372657 1.829936 0.622972 17.320063 -8.088136 -5.141577 -1.055335 -4.163777 26.989687 3.400463 -13.425173 -22.201675 -1.822696 6.241455 23.509663 -3.331862
12.369738 -4.213439 5.235020 -7.912895 -3.143268 -12.798587 -0.832025 3.640707 20.426821 5.192014 -7.590466 1.108382 16.851582 -11.606696 12.454344 2.333294 0.381258 17.741259 -8.190898 -5.271765 -0.869329 -5.277383 28.014633 3.559647 -12.595675 -22.149590 -1.880801 6.452580 22.340990 -3.674263
12.185631 -3.910940 5.120904 -8.403408 -2.786159 -12.653519 -0.197440 3.994801 20.593164 5.392226 -6.477407 -0.008591 17.365761 -11.934311 11.990558 2.450442 0.424678 17.892063 -8.206556 -5.117674 -0.284791 -6.653946 28.475664 3.086435 -11.508864 -21.497160 -1.976177 7.146142 21.573635 -4.894348
10.973666 -3.802650 5.068234 -9.196115 -2.473061 -12.492867 0.580579 4.612498 20.984100 4.808221 -5.105100 -0.988066 17.768913 -12.331559 11.247714 2.700492 0.925843 17.820448 -8.192936 -5.204488 -0.090327 -7.160410 29.258142 2.673350 -10.927414 -20.838118 -1.656832 7.199553 20.965307 -5.356236
10.498311 -3.771790 4.834495 -9.495460 -2.221593 -12.394387 1.088816 4.967311 21.350569 4.447405 -4.764210 -1.440866 17.859213 -12.385724 10.973725 3.076823 0.885259 17.872904 -8.280272 -5.195343 0.011248 -7.189561 29.781269 2.390591 -10.770665 -20.511940 -1.405455 7.108534 20.599115 -5.568788
10.642624 -3.390107 5.108961 -9.257004 -2.322198 -12.164678 1.333890 4.942699 21.189331 4.827509 -4.683565 -1.847679 17.942612 -12.478629 10.757426 3.301542 0.855660 17.811829 -8.405041 -4.988638 0.080411 -6.831250 29.752081 2.787250 -10.717255 -20.500595 -1.314157 7.339924 20.437765 -5.598519
10.693182 -1.997908 6.322221 -8.077801 -2.389808 -10.847355 3.074267 4.900458 21.274216 5.495241 -5.637764 -3.082797 17.863953 -12.688984 9.829713 4.465388 0.081383 18.373909 -8.839849 -4.796627 0.795543 -5.886922 30.555723 4.343802 -10.011521 -20.250589 -0.770228 8.063209 19.615976 -5.614246
9.292354 -0.107155 9.729815 -6.233202 -2.479856 -7.929159 6.682393 4.589761 22.001642 6.073469 -8.621969 -5.310452 17.943621 -13.378316 7.809818 8.350834 -0.615637 16.761225 -9.893483 -5.399915 3.339062 -1.246453 32.920528 9.047636 -8.731685 -18.326656 1.828654 8.934696 15.029674 -4.384977
7.376463 4.921591 13.233679 -1.459117 -5.174544 -2.650116 9.164979 2.678069 21.706171 7.695805 -12.902051 -9.229712 15.373622 -13.144161 6.786004 13.747522 -2.319878 11.012678 -10.555581 -7.202047 7.303879 5.019357 36.157288 14.069941 -6.945716 -16.054422 5.490916 11.117046 6.705153 -3.132135
1.404001 9.011624 10.810934 4.272212 -10.090546 0.726843 7.751289 2.863034 18.897118 12.639461 -20.235216 -16.775642 14.131363 -6.931414 3.058787 15.244807 2.020945 4.255590 -8.474404 -8.593856 13.111725 5.164108 35.702602 25.232491 -6.959779 -13.137221 9.910078 10.980956 -4.852821 -2.484146
-5.062928 10.426044 4.858851 10.981666 -15.641497 1.302425 3.967076 4.674766 14.754096 19.951099 -25.350645 -21.289356 9.991851 -1.919751 1.138863 11.560842 6.329063 -0.273154 -8.479568 -9.476498 16.242342 0.796055 27.389685 32.603287 -8.646711 -13.492161 12.126457 11.822288 -15.469490 -1.407552
-7.209253 13.837310 -0.119512 12.016117 -19.071249 2.117382 0.403828 4.251090 11.996713 22.756283 -26.340706 -24.158823 1.390751 0.255523 4.420651 7.611753 7.427342 -2.617523 -7.429256 -11.230205 15.766328 -3.684220 15.691972 30.100939 -6.851602 -17.373617 14.621760 17.738367 -19.241343 7.212684
-11.873310 17.463736 -6.865968 12.520849 -22.403610 1.521207 -2.208719 6.373282 9.644925 21.989067 -24.989855 -26.659920 -4.542935 3.458320 6.204602 1.516104 10.491607 -4.337709 -8.699667 -10.335565 18.678900 -7.128765 3.820851 23.158991 -4.914288 -13.153107 21.793102 24.937492 -17.042110 12.432492
-17.808758 19.156775 -14.447645 12.401093 -24.197020 1.684424 -4.199639 7.900862 9.398045 20.162909 -22.475164 -26.939968 -7.656667 7.345390 9.059304 -2.368023 11.239285 -5.931805 -12.575825 -6.218632 14.580078 -10.843498 -6.341111 18.376268 -6.294382 -12.226583 23.901834 28.133259 -17.214338 14.884035
-21.079117 19.735168 -18.366756 10.884818 -23.353769 3.602587 -4.285039 7.153447 10.329780 19.140289 -20.679230 -26.888241 -9.268531 8.947412 10.980077 -3.757270 10.710013 -6.557505 -14.745609 -3.875702 13.828133 -13.139743 -10.644682 15.414446 -6.741628 -11.672237 24.834820 29.547489 -16.209887 15.588961
-21.430706 19.653099 -18.784660 10.829433 -23.186243 3.714384 -4.171415 7.183216 10.572052 18.956902 -20.220896 -26.903362 -9.323325 9.271639 11.108439 -4.043288 10.642275 -6.477944 -14.953337 -3.775883 13.888366 -13.451024 -10.996567 14.988186 -6.720352 -11.731171 24.816833 29.685734 -16.000648 15.659633
-20.509933 19.771259 -17.835285 12.119592 -23.930664 3.165884 -4.456480 7.216902 10.199656 18.991936 -20.984171 -27.002964 -9.028399 8.542505 10.803628 -3.508343 10.753888 -6.823907 -14.358090 -4.359148 13.623915 -12.905017 -9.629025 14.979675 -6.119371 -12.004573 24.754982 29.743599 -16.282705 16.449850
-19.100416 19.611893 -15.950029 13.738360 -24.589052 2.501660 -4.534499 7.085985 9.981359 18.741264 -21.326677 -27.001497 -8.861789 7.693396 10.490636 -3.105755 10.795270 -7.099182 -13.010480 -6.153831 13.192493 -11.464615 -7.118999 14.687529 -5.373229 -12.526773 24.576008 29.574663 -15.980695 17.544062
-17.187151 19.280897 -14.183800 15.694480 -25.134251 1.582635 -4.523572 7.032297 9.946513 18.319641 -21.111311 -27.165121 -8.703589 6.225188 10.359126 -2.072062 10.010613 -7.225542 -11.753843 -8.272676 13.480214 -10.272111 -4.266135 13.729410 -3.736335 -13.129996 24.521179 30.201069 -15.503663 19.071444
-15.056347 18.504942 -12.074628 18.540602 -25.393646 1.182171 -4.100264 6.500235 10.368418 18.199049 -21.603268 -27.219555 -8.658735 4.647989 10.000413 -0.688043 9.493621 -7.209369 -10.669022 -10.042633 14.905499 -9.213943 -0.224092 13.191147 -1.592069 -14.729316 23.800076 30.471043 -14.730324 20.943056
-13.012171 18.247463 -10.186764 19.690407 -25.136526 1.202836 -3.736692 5.507419 10.935497 17.269287 -21.344269 -27.115177 -8.352521 3.348852 9.651357 0.256777 9.243005 -7.410280 -9.516224 -11.738593 15.045835 -7.913525 3.421402 13.229895 -0.548316 -15.025283 23.755646 30.166855 -14.041618 22.026682
-11.632929 18.006235 -9.115891 20.702141 -24.864180 1.224094 -3.286198 5.037057 11.451122 17.006609 -21.484009 -26.888321 -8.349510 2.551378 9.847182 1.574706 8.271063 -7.329381 -8.900270 -13.064507 16.787806 -7.787413 6.223314 14.307962 -0.374429 -15.666079 23.198523 28.801760 -13.944167 21.991550
-10.555534 18.139086 -8.017743 21.464273 -24.590010 1.777278 -2.957491 3.896655 12.182186 15.795092 -21.306154 -26.696590 -8.469272 1.922312 10.074222 2.223164 7.730228 -7.647067 -8.299236 -14.107129 17.320299 -7.575700 8.127185 15.219462 -0.742248 -15.543462 23.082573 27.234991 -14.180148 21.955172
-9.630761 18.215673 -7.255982 21.972095 -24.394396 1.853895 -2.777558 3.256861 12.691496 14.676237 -21.440704 -26.511402 -8.356619 1.531280 10.225977 3.111143 7.025083 -7.645651 -7.663349 -14.772429 17.683550 -7.127363 9.205424 16.140495 -1.163488 -15.844030 22.647465 26.014942 -14.935709 21.729944
-9.267979 18.144167 -7.025734 22.128160 -24.251898 1.885269 -2.701529 3.039100 12.896442 14.364737 -21.455431 -26.241158 -8.313293 1.117082 10.234330 3.536613 6.738568 -7.612571 -7.541190 -15.077505 17.457525 -7.004488 9.956460 16.380522 -1.204994 -16.396793 22.153080 25.559307 -15.180557 21.885656
-9.165751 17.956118 -6.601452 22.048988 -24.038870 1.868510 -2.417123 3.068897 13.077719 14.295863 -21.381939 -26.243290 -8.249604 0.887277 10.272857 3.779272 6.619009 -7.549386 -7.546690 -15.111026 17.600801 -6.810002 10.352467 16.594103 -1.149210 -16.554657 21.864496 25.483870 -15.294847 21.608915
-8.969945 17.125158 -5.688231 22.128567 -23.014036 1.968300 -0.861031 3.601271 13.797789 15.086597 -21.726694 -26.489559 -6.768294 -0.060494 9.580613 4.567965 6.334260 -6.440413 -7.011571 -14.919717 17.528114 -5.802110 12.057408 17.427309 -0.577588 -18.875446 19.542589 25.695072 -15.517969 21.165180
-7.505077 14.928486 -3.585968 22.024193 -21.139032 1.710113 1.127382 3.966133 15.040001 15.947678 -22.148499 -26.354994 -3.983644 -1.257879 9.612705 7.072171 4.981715 -5.425018 -6.186528 -14.135768 14.026504 -2.587920 15.220484 19.784307 -0.482481 -22.902397 14.644293 25.671345 -17.273458 19.400682
-6.526107 12.868240 -0.912833 21.945585 -19.768503 1.368777 3.356260 4.918828 15.969822 17.091217 -21.810692 -25.821571 0.076057 -2.072807 9.534299 9.280758 3.116592 -5.259340 -5.519614 -13.685966 13.290627 2.752742 17.730373 22.374161 -0.807720 -21.578667 13.729587 26.525494 -14.764054 16.405945
-3.269615 11.030600 2.562332 20.817163 -17.384750 1.083360 6.308343 5.656363 16.604713 17.851362 -21.678045 -24.410877 4.092434 -4.632134 10.125902 11.773944 0.314942 -3.958061 -5.511146 -11.751344 13.052201 7.242124 20.879889 26.726662 -2.799067 -20.834742 11.506816 24.921379 -12.493119 12.098958
2.661714 10.933666 7.954245 15.731903 -14.255911 1.109741 8.847536 4.645381 16.821774 17.615108 -20.002636 -21.938543 6.489491 -7.820345 13.456948 13.209660 -4.726732 -0.651250 -4.136021 -10.954671 12.509316 12.901986 22.955492 27.275679 -3.534806 -19.703224 9.640525 25.685402 -7.833995 7.880816
10.021406 9.742236 11.372236 9.651716 -10.261096 -0.827910 10.524629 4.476512 16.975180 17.216501 -17.551708 -18.758932 8.239911 -9.827520 18.252043 11.082339 -10.216346 4.111901 -1.481751 -11.589746 9.837557 17.649857 24.036860 25.077110 -4.072674 -19.060795 5.967315 27.354298 -1.830261 0.242056
16.893805 7.455079 10.653202 2.384156 -5.500204 -5.558593 8.090033 3.281901 19.426924 11.238096 -17.438845 -10.275497 13.355042 -10.189583 11.238179 3.896063 -5.638291 14.958726 -6.008319 -9.178452 3.003245 5.140625 30.388741 20.838503 -6.027542 -19.725752 2.318250 17.931227 16.995440 -3.134672
20.607891 3.173917 6.526110 -0.194254 -3.764325 -11.854126 3.930847 4.868307 18.684614 11.230931 -14.551421 -5.139931 14.422139 -11.154394 11.748828 -0.828452 -5.465428 21.020098 -6.615427 -7.595508 -2.169085 -4.399057 23.870882 15.968708 -9.973450 -23.531166 -2.083032 14.827169 29.866875 -2.569436
17.410940 -3.969247 2.197535 -7.177922 -1.008680 -16.953667 -0.321873 6.232793 20.371843 5.483509 -7.507610 -0.969099 14.800855 -8.958218 13.145696 -4.631647 -0.803735 21.582878 -6.041138 -7.549276 -2.796263 -13.753386 25.279051 6.202106 -10.731094 -23.522270 -5.149302 8.479616 34.267418 -3.770206
13.629013 -9.592022 2.586054 -12.291728 0.598588 -17.820864 -4.156326 3.895121 20.633677 3.316409 -1.205917 3.222311 13.740158 -8.186654 14.039557 -4.602480 2.274450 20.050285 -7.477061 -8.320724 -2.751370 -15.840936 27.089777 -5.134251 -12.899927 -17.435472 -1.463214 3.145067 32.369843 -5.295877
10.887991 -12.472310 2.491636 -15.340120 1.249825 -18.796104 -5.986911 3.031521 19.677435 3.511412 0.450017 5.534709 12.902165 -6.037910 15.445878 -3.773807 3.277333 18.565031 -6.710428 -8.937545 1.683402 -14.288922 20.685862 -14.526487 -15.221516 -12.249422 1.539034 2.667363 35.786167 -6.586351
8.977620 -15.002452 1.980221 -18.039434 1.206061 -20.254427 -8.731898 1.902441 19.028706 2.287910 2.173338 6.670079 10.934683 -3.945666 17.498669 -4.541251 4.089240 16.555979 -5.331166 -11.370015 3.800710 -9.632445 18.132509 -21.231829 -16.901167 -10.212126 1.589267 3.415186 32.913483 -10.559366
8.501221 -17.396833 2.285722 -17.953360 1.101711 -20.763136 -11.212817 -0.204162 18.973845 1.257042 2.788937 7.447122 8.376046 -0.990738 18.271107 -2.145225 3.866906 16.621029 -4.081384 -14.509117 5.570495 -7.568599 13.412954 -26.630907 -19.992428 -13.626563 -0.463047 2.985852 30.351954 -11.539362
6.037377 -19.541616 4.814171 -15.892458 0.565207 -18.837582 -12.885827 -3.758502 19.181652 0.436817 3.383258 9.628541 5.911909 1.490495 19.137043 1.554373 4.130679 15.240740 -3.787345 -16.932816 7.279003 -4.742008 15.367872 -25.479898 -21.640190 -19.699673 -3.237259 -1.048305 21.676165 -9.343019
1.772374 -20.655117 8.146069 -14.531483 -0.080080 -16.202003 -13.062517 -6.403781 19.486876 -0.728752 7.179419 10.163796 4.933180 3.573366 18.659012 3.980308 6.342664 13.873785 -3.924391 -17.752274 13.972820 0.530616 19.153925 -24.093912 -20.661810 -20.509678 -1.489196 -1.829017 14.613445 -8.456360
-0.081205 -21.042025 8.925749 -14.336031 0.262011 -14.118315 -12.722831 -7.872201 20.267834 -0.503010 8.937970 10.523090 3.337480 5.126429 18.164206 5.899684 8.528506 11.948194 -4.142353 -18.163689 17.275030 0.691521 21.565281 -19.985239 -19.128889 -23.743965 -2.312590 -3.131414 9.833512 -6.293681
-2.469383 -21.079407 9.229429 -14.187584 -0.013990 -12.038801 -13.313813 -9.511064 20.415255 -0.169972 8.369847 11.308129 2.575882 5.717720 17.708513 7.970668 9.298011 10.894275 -4.990895 -17.903257 15.564176 3.552365 24.665720 -16.233627 -19.400059 -26.467129 -3.500879 -5.018849 5.942825 -4.714698
-5.081625 -20.997423 10.685371 -14.083364 -0.970710 -10.972479 -14.234920 -10.666534 19.884151 -0.386563 9.634278 11.388708 1.951396 6.131476 16.951889 8.841176 11.727323 8.577142 -5.563348 -17.653009 16.024904 6.039671 26.833097 -14.321931 -19.318913 -27.750008 -3.820407 -5.815626 2.711727 -4.203497
-5.344254 -20.673937 11.099313 -13.368231 -1.510510 -10.268620 -14.892845 -11.544824 19.467997 0.241433 10.284983 10.922997 1.860489 6.085490 16.581356 9.164880 12.646758 7.812122 -5.731795 -17.414600 16.367664 6.695604 26.959625 -13.143673 -19.206470 -29.004383 -4.220726 -5.658633 1.080683 -3.745075
