-4.565941 -14.333302 9.761896 -5.599491 -7.282407 -5.422575 -19.989666 -16.132877 15.886084 5.688694 8.435144 7.266440 -0.026478 4.482139 11.270363 8.090209 18.599710 3.826226 -10.820267 -15.065362 12.092332 -6.825730 27.335363 -4.175770 -16.572018 -26.311899 2.658782 -6.715571 4.891250 3.946072
-4.633333 -14.322704 9.795297 -5.591300 -7.309416 -5.377652 -20.022169 -16.180246 15.848775 5.720948 8.418940 7.260314 -0.030289 4.498693 11.272012 8.088126 18.594492 3.820956 -10.817499 -15.046886 12.106802 -6.848982 27.374105 -4.162263 -16.555645 -26.322260 2.678932 -6.743069 4.820333 3.976750
-4.713310 -14.297894 9.851637 -5.629758 -7.259525 -5.314403 -19.889742 -16.148293 15.909433 5.701804 8.438481 7.210987 0.036817 4.457545 11.259048 8.119046 18.566092 3.838746 -10.806689 -14.988393 12.093629 -6.859869 27.319593 -4.149492 -16.570919 -26.406170 2.607297 -6.728873 4.836064 3.965906
-4.913683 -14.223211 10.023205 -5.674619 -7.245265 -5.175073 -19.768341 -16.189789 15.926888 5.699687 8.475484 7.090354 0.153446 4.362956 11.214133 8.128562 18.545002 3.787186 -10.832101 -14.832032 12.119561 -6.937613 27.224037 -4.125918 -16.558567 -26.499514 2.566795 -6.687311 4.739101 3.971903
-4.994638 -14.231091 10.185300 -5.764887 -7.212883 -5.109986 -19.692646 -16.234531 15.981598 5.645867 8.414178 7.069777 0.092368 4.403023 11.211701 8.099148 18.533112 3.725859 -10.815555 -14.845405 12.158023 -7.068327 27.116243 -4.063348 -16.562603 -26.581753 2.529491 -6.661262 4.717015 3.960943
-5.073540 -14.147007 10.195547 -5.704214 -7.263403 -5.027071 -19.725294 -16.285837 15.903706 5.758158 8.378077 7.119589 -0.076037 4.474609 11.193206 8.099621 18.578192 3.598350 -10.793517 -14.947227 12.103484 -7.039693 27.040197 -4.132799 -16.586365 -26.604753 2.507590 -6.635564 4.736700 3.952239
-5.033637 -14.109688 10.195284 -5.680124 -7.204293 -5.021476 -19.551910 -16.178282 15.976017 5.716344 8.387309 7.055874 0.029323 4.404437 11.189082 8.138700 18.527887 3.636467 -10.758046 -14.879289 12.044327 -6.789802 26.913198 -4.291396 -16.656942 -26.667416 2.384931 -6.499551 4.823327 3.799608
-5.173616 -14.060305 10.260061 -5.702934 -7.167911 -4.880660 -19.426949 -16.198528 16.000301 5.743110 8.623449 6.951694 0.408905 4.176976 11.196414 8.248498 18.415140 3.772881 -10.820995 -14.546555 11.980230 -6.877796 26.739840 -4.341820 -16.713383 -26.790081 2.268576 -6.443094 4.672557 3.691842
-5.141881 -13.995620 10.331171 -5.721702 -7.076246 -4.911883 -19.157391 -16.032032 16.127073 5.592379 8.643776 6.847116 0.538046 4.116366 11.203992 8.208540 18.351156 3.818552 -10.842733 -14.372857 11.975697 -6.862494 26.613081 -4.502999 -16.774584 -26.761019 2.146549 -6.344044 4.619246 3.407291
-5.468902 -14.019215 10.569731 -6.006124 -6.841625 -4.878489 -18.678286 -15.799649 16.319044 5.459210 8.757482 6.665402 0.906280 3.836159 11.177768 8.261419 18.213736 4.011212 -10.843716 -14.129340 12.097715 -6.888286 26.250456 -4.672889 -16.793324 -27.023510 1.955527 -6.090012 4.536082 3.274193
-5.632721 -14.034841 10.758767 -6.096700 -6.799916 -4.844597 -18.530663 -15.762201 16.371265 5.403349 8.735720 6.595730 1.091573 3.738297 11.211406 8.330910 18.048437 4.243602 -10.734616 -14.123431 12.114676 -6.989482 25.978312 -4.734600 -16.835451 -27.287842 1.768137 -5.971497 4.725973 3.269689
-5.624037 -14.122791 10.865488 -6.159778 -6.741900 -4.832263 -18.431274 -15.757492 16.472464 5.393784 8.849886 6.496476 1.460941 3.543698 11.266650 8.448514 17.866123 4.368907 -10.749619 -13.865413 12.323380 -6.837094 25.753195 -4.953626 -16.882076 -27.500854 1.587682 -5.861838 4.834406 3.184191
-5.790941 -14.124287 11.076722 -6.310804 -6.545832 -4.719726 -18.014149 -15.642546 16.676886 5.337197 8.887715 6.426020 1.718126 3.417491 11.329862 8.504837 17.694241 4.457556 -10.758814 -13.694375 12.490564 -6.729035 25.492315 -5.154162 -16.926315 -27.718670 1.403896 -5.764029 4.695317 3.065212
-5.911902 -14.040873 11.204775 -6.410007 -6.398176 -4.657555 -17.648560 -15.483267 16.815897 5.273333 9.025277 6.362171 1.938402 3.321622 11.395169 8.569961 17.563208 4.524368 -10.688848 -13.574322 12.634981 -6.641624 25.219206 -5.268653 -17.000317 -27.937153 1.271307 -5.677786 4.602225 2.992177
-5.699893 -14.204746 11.126945 -6.384830 -6.369436 -4.787629 -17.695023 -15.448105 16.870474 5.212824 9.036639 6.429689 1.924591 3.368679 11.440209 8.633992 17.490799 4.625349 -10.601846 -13.730287 12.852257 -6.441816 25.203934 -5.405865 -16.991194 -27.978533 1.232085 -5.638874 4.393044 2.882976
-5.793528 -14.265101 11.290728 -6.418358 -6.304592 -4.744405 -17.537403 -15.435010 16.944639 5.156682 9.188984 6.412913 2.209172 3.274750 11.549324 8.797417 17.266109 4.799211 -10.529974 -13.623395 12.893225 -6.354132 25.196449 -5.395025 -16.980156 -28.034174 1.159634 -5.595887 4.355269 2.812785
-5.851248 -14.288177 11.451784 -6.491732 -6.200737 -4.705329 -17.318903 -15.388468 17.046341 5.096146 9.266853 6.443167 2.336937 3.242945 11.623342 8.889472 17.121077 4.935195 -10.433576 -13.643632 13.010333 -6.023759 25.108826 -5.575475 -17.010675 -28.162529 1.032367 -5.496865 4.124123 2.664823
-5.880394 -14.315189 11.504702 -6.571497 -6.117511 -4.709758 -17.162605 -15.313078 17.127045 5.043719 9.316493 6.444365 2.411317 3.211962 11.630418 8.969607 17.080963 4.986446 -10.359715 -13.672883 13.104892 -5.880057 24.984688 -5.657881 -17.058121 -28.272635 0.943254 -5.445731 3.985785 2.579556
-5.835413 -14.390632 11.540167 -6.625881 -6.061082 -4.758588 -17.100660 -15.267678 17.169441 5.014733 9.413481 6.450845 2.479322 3.196492 11.626962 9.022426 17.094534 4.983570 -10.362931 -13.643943 13.168695 -5.739347 24.881731 -5.697922 -17.088284 -28.329697 0.878027 -5.363641 3.964575 2.488349
-5.818611 -14.390315 11.540917 -6.634529 -6.033539 -4.766140 -17.042980 -15.233092 17.196951 4.997768 9.360925 6.453887 2.432420 3.224932 11.637808 9.014820 17.070133 4.995654 -10.329004 -13.698415 13.188220 -5.700541 24.863335 -5.709011 -17.094955 -28.324642 0.878659 -5.357391 3.940363 2.475895
-5.857557 -14.441982 11.601597 -6.704785 -5.997725 -4.785276 -17.004576 -15.216993 17.226948 4.954935 9.526485 6.429705 2.645743 3.156842 11.665593 9.125535 17.025900 4.976847 -10.349779 -13.534646 13.278378 -5.564571 24.902250 -5.777851 -17.122688 -28.358179 0.869883 -5.386302 3.877287 2.454643
-5.919421 -14.468186 11.738679 -6.862822 -5.824549 -4.747472 -16.714504 -15.115839 17.372156 4.908673 9.809114 6.418917 2.927400 3.091015 11.686404 9.341568 17.005222 4.889505 -10.350129 -13.334186 13.360328 -5.360307 24.945082 -5.778355 -17.179329 -28.367002 0.932264 -5.482128 3.611086 2.488177
-5.875721 -14.594337 11.836455 -7.073899 -5.476204 -4.759127 -16.189907 -14.866441 17.672434 4.836681 10.223406 6.305623 3.330756 2.826529 11.592761 9.589492 17.122433 4.700596 -10.451460 -12.989560 13.678161 -4.952579 24.970602 -5.891883 -17.213696 -28.445791 1.002793 -5.552709 2.857026 2.476740
-6.436048 -14.494714 12.348417 -7.596588 -4.901846 -4.474699 -15.057490 -14.489820 18.148359 4.605031 10.730989 6.216877 3.989290 2.582282 11.570586 9.948359 17.113701 4.551893 -10.426775 -12.591886 13.979254 -4.619725 24.844233 -5.923368 -17.318909 -28.596539 0.980118 -5.579200 1.856562 2.320651
-6.658667 -14.582701 12.876384 -8.056736 -4.337342 -4.432650 -13.974105 -14.021084 18.665699 4.329614 11.019312 6.211861 4.401581 2.288983 11.555760 10.300927 17.087528 4.448340 -10.343346 -12.392621 14.311957 -4.277076 24.791147 -6.068656 -17.365282 -28.745804 0.916533 -5.575955 0.963405 2.127970
-6.920827 -14.682518 13.368376 -8.458303 -3.897190 -4.340789 -13.014070 -13.597834 19.188711 3.905082 11.674927 6.166226 5.064329 2.078650 11.603259 10.962233 16.938831 4.520979 -10.064184 -12.240151 14.898078 -3.621471 24.650089 -6.453956 -17.412487 -28.890965 0.841849 -5.477617 0.043012 1.853459
-7.805878 -14.741037 14.350039 -9.304592 -3.022990 -4.169816 -11.141947 -12.747681 20.045774 3.224976 12.287660 6.023279 5.928016 1.619902 11.525102 11.824149 16.692400 4.702421 -9.938294 -11.871456 15.623723 -2.819252 24.391409 -6.921251 -17.408003 -29.355843 0.541148 -5.198383 -0.936011 1.547922
-8.663456 -15.258797 15.489235 -10.155977 -2.242939 -4.134508 -9.841834 -12.287725 20.767010 2.523315 12.824760 5.977151 6.858498 1.103652 11.456800 13.185538 15.929933 5.260826 -9.783726 -11.730807 16.530870 -2.311323 24.205961 -7.430118 -17.340244 -29.733784 0.280357 -4.947539 -1.904282 1.155788
-9.155741 -15.600035 16.138762 -10.992268 -1.304577 -4.027999 -8.155716 -11.497250 21.776669 1.766440 12.685701 6.143342 7.545061 0.833847 11.762583 13.737744 15.374007 5.426446 -9.945509 -10.900912 16.310076 -1.945063 24.230528 -8.093801 -17.562706 -28.749802 1.120040 -5.024561 -2.875830 0.869342
-8.965510 -16.148560 17.273632 -11.860125 -0.680529 -4.776593 -7.088335 -10.556100 22.092793 1.337589 12.720452 6.272889 9.318121 -0.083952 12.277912 13.912755 14.737145 5.678231 -10.002478 -9.113563 13.681840 -0.410294 22.603987 -11.320670 -19.298046 -24.351807 3.887442 -5.393612 -6.052811 -0.755392
-8.872448 -16.118124 18.009499 -12.506151 0.075561 -4.694277 -5.488309 -9.806273 22.576679 1.305280 12.701620 6.544269 10.881505 -0.915747 12.665287 13.062898 14.614047 5.097116 -10.463274 -6.899321 8.786270 0.030227 19.525599 -14.497108 -22.366585 -18.656288 8.003298 -6.657730 -9.418485 -1.557994
-8.537643 -15.673332 18.187019 -13.052362 0.411980 -4.924979 -4.390339 -8.777111 22.721300 1.310463 12.265661 6.939444 12.763433 -2.003857 12.857330 13.385984 14.253491 5.088292 -10.585753 -4.997970 4.133578 -1.085392 18.925589 -16.689995 -24.418518 -16.195206 9.034402 -8.573447 -12.245329 -2.065238
-7.982970 -15.442034 18.183924 -13.684647 0.458716 -5.717287 -4.081921 -7.838336 22.547709 1.344552 11.803031 7.265242 13.605222 -2.682667 12.888135 12.879045 14.072452 5.307880 -10.661734 -4.304735 2.821567 -1.260668 17.774654 -18.069220 -25.439919 -14.797373 9.987083 -8.884257 -13.121547 -2.251668
-7.002629 -14.928635 18.263332 -14.043522 0.870279 -6.269848 -2.718435 -6.467072 22.679333 1.586249 10.543995 7.501915 14.546159 -3.517944 12.923900 12.941500 12.979459 6.671744 -10.522289 -3.555532 2.196870 -0.335003 14.802576 -19.338915 -26.799297 -12.789873 12.177425 -8.355339 -11.240279 -1.777716
-5.065141 -14.325109 18.303036 -13.599556 0.292445 -7.304420 -3.028172 -5.762207 21.904276 2.191737 8.932510 8.038899 14.875171 -4.344905 12.794682 13.072635 12.662758 7.521897 -10.277802 -3.468467 2.818187 -0.488602 12.236217 -21.137434 -27.887924 -11.092610 13.982599 -8.289491 -9.537074 -1.398933
-3.462969 -13.980562 18.271938 -13.119638 0.192206 -7.494339 -3.162378 -5.844942 21.479391 3.284935 7.444473 8.505765 15.179503 -5.125462 12.814021 12.926382 11.817342 8.780343 -10.031868 -3.633015 3.530004 -0.567145 10.469364 -22.261469 -28.488045 -10.718770 14.548121 -8.371972 -7.813035 -0.910424
-2.196763 -13.708374 18.477686 -12.799185 0.193534 -7.683193 -2.944360 -5.718956 21.241150 3.979412 6.139992 9.004941 14.801632 -5.244544 12.741259 13.153958 10.875630 10.091470 -9.973684 -4.219872 4.385566 -1.245834 8.753016 -23.315102 -28.924149 -10.413603 15.058257 -8.526255 -6.469262 -0.384020
-1.358807 -13.304220 18.668373 -12.494223 0.045317 -8.100453 -2.671965 -5.262307 21.043943 4.114065 5.252279 9.073332 14.793507 -5.601465 12.705972 12.659002 10.559994 10.682315 -9.811949 -4.375945 5.098749 -1.127634 7.716354 -23.930182 -28.910965 -10.095384 15.276680 -8.344662 -5.100793 -0.130756
-0.733729 -13.169710 18.345963 -12.120255 0.044373 -8.140648 -2.628496 -5.239694 21.109898 4.222492 4.879011 9.064162 14.548241 -5.681077 12.726149 12.583035 10.229033 11.136346 -9.416414 -4.967373 5.381311 -1.587324 6.872296 -24.302393 -29.082150 -10.050230 15.415244 -8.404138 -4.096857 0.134365
-0.523191 -13.151657 18.133974 -12.000299 0.190712 -7.968621 -2.480443 -5.293194 21.236319 4.429348 4.697231 9.051836 14.556848 -5.789538 12.728493 12.632356 10.135773 11.245986 -9.298338 -5.074372 5.357018 -1.798787 6.448152 -24.556677 -29.145798 -10.009116 15.460679 -8.338224 -3.693816 0.220978
-0.590852 -13.128159 18.137421 -12.035662 0.180993 -7.926209 -2.507418 -5.326923 21.247602 4.417777 4.685078 9.052328 14.533116 -5.734108 12.721292 12.621716 10.123427 11.235894 -9.332653 -5.058439 5.618951 -1.762353 6.473309 -24.500895 -29.117840 -10.088655 15.469453 -8.355295 -3.794990 0.251944
-0.880287 -13.083642 18.422428 -11.951776 -0.057461 -8.043376 -2.704680 -5.348608 21.076340 4.210721 4.868918 9.030430 14.504683 -5.686890 12.528886 12.897264 10.321779 11.238821 -9.425554 -5.039372 5.786965 -1.646055 6.471948 -24.460018 -29.109734 -10.118464 15.561477 -8.340200 -4.382336 0.242095
-1.255382 -13.097357 18.718731 -11.972201 -0.094876 -7.929450 -2.694977 -5.449106 21.079710 4.121972 4.978134 9.007890 14.690215 -5.690077 12.367797 13.237142 10.613483 11.042764 -9.639894 -4.651283 6.271394 -1.640917 6.501083 -24.329245 -28.965487 -10.185830 15.644025 -8.234433 -4.841048 0.250837
-1.588527 -12.933209 19.044147 -11.802497 -0.228819 -7.716465 -2.652542 -5.576111 21.054316 4.126389 5.319163 8.896648 14.719039 -5.655416 12.184612 13.557281 11.106160 10.502250 -9.763775 -4.371339 6.798745 -1.492233 6.254176 -24.271755 -28.907383 -10.298805 15.795145 -8.051101 -5.362396 0.304506
-1.868684 -12.744653 19.244513 -11.631652 -0.123186 -7.203448 -2.405785 -5.839619 21.229101 4.345077 5.770587 8.832519 14.755824 -5.583374 12.028010 13.821897 11.580970 9.833100 -10.046337 -4.065941 7.470199 -1.323205 6.098029 -24.092798 -28.760878 -10.508852 15.963758 -7.913922 -5.531280 0.581005
-2.426505 -12.679712 19.388186 -11.661995 -0.143977 -6.872819 -2.449843 -6.090280 21.298412 4.396356 6.248446 8.488786 15.099624 -5.774656 11.609102 14.246695 11.774090 9.799586 -10.374952 -3.733744 7.845469 -1.244020 6.079012 -23.818659 -28.669891 -10.735828 16.091110 -7.885398 -6.285292 0.740459
-3.110498 -12.668367 19.624552 -11.604486 0.073996 -6.308340 -2.031143 -6.289775 21.692448 4.260707 6.975595 8.236670 15.172600 -5.619906 11.435478 14.760021 12.058139 9.458417 -10.622020 -3.513478 8.664671 -1.301196 5.885763 -23.480589 -28.539242 -11.121645 16.279831 -7.798728 -6.437721 1.188495
-3.734863 -12.686167 20.167929 -11.225727 -0.257265 -5.985582 -2.489467 -6.893057 21.453058 4.303806 7.595405 7.769434 15.275952 -5.761346 10.968917 15.408478 12.573067 9.208950 -10.811975 -3.342336 9.354278 -1.868271 5.413651 -23.191141 -28.376612 -11.524939 16.405899 -7.560261 -6.738359 1.520790
-4.578231 -12.324280 20.412586 -11.509635 -0.120948 -5.567555 -1.941092 -6.769987 21.658247 4.105481 8.095325 7.439632 15.319629 -5.839514 10.725209 15.482433 13.113012 8.635011 -11.360633 -2.766315 10.385690 -3.000490 4.980964 -22.975651 -28.055325 -12.104999 16.376024 -7.407414 -6.899033 1.901610
-4.810926 -12.103716 20.526936 -10.920882 -0.079360 -4.795009 -1.882604 -7.423750 21.848068 4.455355 8.504109 7.387481 15.350725 -5.787688 10.712579 15.485845 13.576451 7.849706 -12.073414 -1.961807 11.261586 -3.872092 4.600995 -22.299417 -27.774429 -12.758879 16.571648 -7.165170 -7.250407 2.518781
-5.795422 -11.777697 20.403683 -11.171277 0.044926 -4.038336 -1.809213 -7.800486 21.977835 4.792333 8.964045 7.424071 15.405009 -5.731947 10.442018 15.371198 14.128665 7.182087 -12.959810 -1.198610 11.835547 -5.207201 4.473246 -21.506042 -27.340246 -13.177219 16.764690 -7.071573 -7.903370 3.084189
-6.399385 -11.389372 20.828222 -10.953825 0.195280 -3.400521 -1.195608 -7.962442 22.259325 4.818808 9.462545 7.204290 15.333478 -5.577385 10.337901 15.101781 15.116469 6.001053 -13.421574 -0.601909 12.402884 -5.914308 3.973072 -21.006056 -27.183449 -13.581728 17.065237 -6.910745 -7.942549 3.720166
-6.994777 -11.041613 21.092970 -10.851454 0.199837 -2.759204 -1.173456 -8.462493 22.221918 5.245733 9.404572 7.130170 15.383098 -5.681259 10.203821 14.570850 15.578018 5.150415 -14.122567 0.334063 12.548796 -6.644915 3.431911 -20.507317 -27.029831 -13.884391 17.255440 -6.638868 -8.164969 4.139187
-7.621226 -10.827465 21.180496 -10.928201 0.169774 -2.468045 -1.216995 -8.667982 22.152632 5.354792 9.579906 7.045772 15.207598 -5.543489 10.234885 13.890195 16.168127 4.271121 -14.730580 0.938528 12.296139 -7.396788 2.712441 -20.033501 -26.949970 -14.357403 17.173489 -6.273279 -8.042094 4.443213
-7.652474 -10.352407 21.460653 -10.302009 0.029282 -1.904631 -1.206880 -9.163509 21.984362 5.921007 9.850334 6.856860 15.207692 -5.431520 10.065317 13.561749 16.435219 3.905506 -15.504551 1.708220 12.407747 -8.130610 2.082980 -19.444445 -26.772129 -14.709663 17.219898 -5.862047 -7.927564 4.767259
-8.248682 -10.022174 21.610151 -10.605562 -0.179687 -1.803666 -1.560700 -9.337326 21.575787 6.343218 10.014917 6.692419 15.105638 -5.368170 9.995139 13.150737 16.755583 3.524742 -15.973250 2.101291 12.135063 -8.942737 1.403265 -18.901566 -26.791332 -15.213450 17.166803 -5.666947 -7.986091 5.194522
-8.812950 -9.723318 21.421543 -10.831714 -0.200420 -1.563297 -1.611665 -9.412348 21.516466 6.489286 10.227201 6.627319 14.674023 -5.019860 10.072201 12.796893 17.227221 2.949724 -16.250469 2.191178 12.092871 -9.471986 0.998976 -18.400946 -26.723211 -15.439688 17.261892 -5.445065 -8.026504 5.451854
-8.892635 -9.453594 21.445536 -10.561689 -0.263776 -1.246587 -1.647879 -9.697596 21.453337 6.765968 10.312144 6.568537 14.478564 -4.883368 10.025865 12.484796 17.593107 2.523583 -16.597742 2.446624 11.870915 -10.153096 0.751789 -17.928825 -26.595581 -15.749157 17.186455 -5.315539 -7.941577 5.750848
-8.948719 -9.309759 21.384764 -10.380751 -0.387531 -1.077170 -1.886233 -9.974733 21.289194 7.047105 10.308909 6.542113 14.588175 -4.853268 10.067468 12.316535 17.657221 2.287487 -16.961441 2.944663 11.578521 -10.289532 0.742056 -17.627884 -26.603500 -15.845243 17.158714 -5.323400 -7.899822 5.869022
-8.980359 -9.234495 21.395658 -10.314719 -0.399077 -0.954910 -1.918788 -10.097898 21.261065 7.216115 10.291490 6.528875 14.589744 -4.851587 10.056418 12.254309 17.706240 2.193537 -17.082376 3.089926 11.614887 -10.508903 0.691835 -17.571558 -26.556925 -15.936749 17.129946 -5.320757 -7.990702 5.946861
-8.904009 -9.305124 21.386539 -10.291008 -0.391255 -1.035711 -1.888080 -10.025019 21.308313 7.082092 10.326146 6.543954 14.635249 -4.841654 10.093488 12.352269 17.626059 2.324618 -16.982462 2.996499 11.668546 -10.295051 0.802415 -17.621290 -26.565218 -15.875884 17.133965 -5.326458 -7.961040 5.850599
-8.824593 -9.387455 21.425568 -10.367292 -0.225694 -1.128999 -1.515471 -9.730568 21.556217 6.798464 10.232853 6.505221 14.580522 -4.940929 10.071358 12.725644 17.430197 2.729060 -16.530237 2.534829 12.005715 -10.262746 0.829784 -17.859110 -26.529102 -15.819560 17.143425 -5.378535 -7.916235 5.838368
-8.412758 -9.678141 21.541813 -10.124653 -0.053809 -1.253877 -1.206202 -9.590419 21.877462 6.547159 10.185801 6.529039 14.795673 -5.180950 10.071994 13.250440 17.101524 3.226338 -16.196604 2.275260 12.540109 -9.759378 1.142671 -18.317448 -26.504421 -15.478341 17.314873 -5.528360 -7.687936 5.725632
-8.051759 -10.081613 21.638428 -10.080097 -0.206088 -1.713346 -1.517086 -9.513417 21.732218 6.247349 9.777552 6.556660 14.945679 -5.390563 10.036588 13.665656 16.561979 3.765924 -15.824847 2.026129 12.819679 -9.273532 1.415116 -18.964270 -26.570732 -14.896386 17.504719 -5.718128 -7.522050 5.436914
-7.280718 -10.387113 21.438568 -9.901646 -0.029950 -2.028770 -1.244086 -9.182140 22.082804 5.854610 9.558740 6.803828 15.176650 -5.423384 10.362567 14.548718 15.876262 4.471984 -15.185706 1.522300 13.415920 -8.701379 2.141230 -19.616026 -26.533993 -14.313393 17.622108 -6.053452 -6.989301 5.130979
-6.353830 -10.774412 21.723057 -9.167567 -0.429567 -2.706295 -1.596625 -9.070343 21.937126 5.433796 9.014016 7.009667 15.363395 -5.735788 10.543838 15.377384 15.243953 5.267209 -14.211074 0.903732 14.190505 -8.330294 2.521333 -20.431202 -26.586569 -13.706460 17.875713 -6.399051 -5.659325 5.031323
-5.069498 -11.202849 21.473577 -8.388207 -0.604023 -3.360034 -1.761247 -8.826825 21.973288 4.960555 8.343994 7.272586 15.315013 -5.790437 11.171609 16.327263 14.066298 6.658323 -12.843082 -0.151555 14.790511 -7.852792 2.747629 -21.297174 -26.587046 -12.998095 17.904644 -6.460108 -3.967521 4.594708
-3.823790 -11.650485 21.310736 -8.097816 -0.560308 -4.232799 -1.536961 -8.168108 22.108133 4.353859 7.509367 7.252471 15.067672 -5.906757 11.456886 17.037386 12.919213 7.907876 -11.397636 -1.568198 15.018764 -7.070971 3.019404 -22.496626 -26.776316 -12.230680 17.945921 -6.739766 -2.098803 4.240706
-2.591310 -12.038371 20.803162 -8.270288 -0.697468 -5.563976 -1.717728 -7.245549 21.989954 3.668515 6.355850 7.415942 14.883714 -6.184413 11.751325 17.912569 11.426857 9.777781 -9.802703 -3.245878 15.599659 -5.900313 2.666092 -23.700209 -27.051121 -10.679905 18.625364 -6.504473 -0.291921 3.686112
-0.607183 -12.421915 20.357195 -8.155691 -0.815250 -7.151434 -1.943075 -6.338769 21.841253 3.203732 4.340633 7.738286 14.568737 -6.557549 12.394862 17.593683 10.250846 11.006516 -8.029317 -4.572470 15.044039 -5.781509 1.752381 -25.068914 -27.555107 -9.244456 19.049137 -6.248673 2.377777 3.257359
0.931309 -12.631609 19.905949 -8.017658 -1.046801 -8.698814 -2.129266 -5.343171 21.611275 2.405383 2.857672 8.444477 14.488772 -6.696601 13.188325 16.462574 9.216692 12.300914 -7.195790 -5.128809 14.348491 -4.288387 1.013897 -26.304846 -28.013918 -8.238776 18.956102 -5.683882 4.315674 2.388064
2.838579 -12.723516 19.635166 -8.024563 -1.352676 -10.120090 -2.710441 -4.734158 20.970463 2.343720 1.943558 8.790017 14.253572 -6.997382 13.886432 14.418653 8.790236 12.634542 -6.373677 -5.925156 12.188541 -3.214658 1.409917 -27.649408 -28.417706 -6.910963 18.576647 -5.710518 6.920692 1.362378
4.598603 -12.789556 18.109991 -8.211351 -1.206680 -11.298998 -2.949510 -3.797784 20.867361 2.339567 0.645858 8.867325 14.242723 -7.568941 15.261127 11.368110 8.447174 12.461308 -5.484480 -6.046469 9.300630 -2.889631 2.041854 -28.599020 -28.577703 -4.953827 18.452766 -5.366529 11.049876 0.256656
6.831635 -13.107928 15.734198 -8.277958 -1.248523 -12.850946 -4.072792 -2.994074 20.610212 2.322791 -0.234447 8.730126 14.129115 -7.591985 16.182228 7.997979 8.290838 12.396345 -5.206383 -5.699663 7.552126 -3.883475 3.183148 -29.839382 -28.139704 -3.178414 18.354200 -5.013113 14.378128 -0.877823
8.116216 -13.504613 12.174973 -6.923361 -1.092669 -14.037180 -4.591045 -2.178815 21.609671 0.505984 -0.606399 7.019510 14.022590 -6.086230 16.948231 5.638433 7.460217 13.056988 -3.667607 -6.684933 9.575887 -9.578546 11.301884 -27.657059 -23.898083 -2.216094 15.522038 -5.284630 25.604342 -2.829786
10.353502 -12.759694 10.448948 -6.369872 -1.353959 -14.653124 -5.330550 -1.864376 20.923563 1.687247 -0.806683 6.669711 14.618161 -6.533563 16.938370 3.713349 6.723594 13.972095 -3.986434 -6.207837 9.791614 -11.910090 12.320805 -25.657337 -21.897362 -2.662952 13.695242 -3.290365 30.526461 -3.520794
11.666424 -12.008399 8.653051 -7.024891 -1.320158 -15.725117 -5.316377 -0.443350 20.552238 1.986231 -1.165338 6.174450 14.611737 -6.820467 16.444702 1.580237 6.603445 14.557201 -4.167876 -6.343204 8.877762 -14.437456 13.651603 -22.797352 -19.924988 -3.799347 11.766433 -1.469345 34.935211 -3.701140
12.847261 -11.308434 7.328765 -7.427689 -1.342188 -16.353230 -5.417640 0.406067 20.100422 2.872763 -2.289749 5.841001 14.647445 -7.138306 16.043417 -0.472223 6.072169 15.531447 -4.467823 -6.568470 6.532084 -16.261456 15.465536 -18.464727 -17.680672 -5.888890 8.915364 0.533172 37.233536 -3.957901
13.315361 -10.663289 5.958261 -7.121384 -1.493788 -16.828663 -5.157392 1.398574 20.351019 2.446352 -3.290132 5.203142 14.262546 -7.036763 15.331786 -0.818297 4.234092 17.347916 -4.856058 -7.702841 5.047975 -15.378873 18.119589 -13.299816 -15.946310 -8.489934 6.748534 2.007652 38.833309 -3.482682
12.535686 -9.897311 4.347124 -9.745441 -1.270471 -17.561769 -4.896494 3.190751 20.396139 1.792378 -3.008216 4.981089 14.466119 -8.379156 14.531373 -2.958140 3.530994 18.178297 -6.817736 -7.107128 1.178478 -12.432183 23.370363 -7.675337 -14.362384 -12.412088 3.616869 3.110286 36.124336 -3.507258
13.738465 -8.544222 3.106987 -10.920418 -0.582616 -17.469460 -3.882134 4.105748 20.703657 2.515497 -3.216543 3.244539 14.540505 -9.413713 13.724196 -4.014863 1.991828 19.850361 -7.603203 -7.334491 -1.783746 -13.725875 26.532593 -2.536868 -12.630730 -18.051193 -1.218238 4.136942 32.651371 -4.086860
15.141751 -6.861600 1.980410 -11.011076 0.061989 -17.598528 -2.141648 5.660550 20.701406 4.203598 -4.014875 0.863998 14.676322 -9.862816 13.249426 -5.548581 0.724278 21.285521 -7.767289 -7.164968 -3.229167 -15.380019 27.024458 0.782504 -10.976431 -21.606840 -4.296593 6.545990 32.589119 -4.865701
16.921022 -4.485820 1.217171 -10.625535 0.422582 -17.686911 -0.170838 7.230630 20.486963 5.863277 -4.157575 -1.760482 14.739476 -10.234226 12.592896 -7.194718 -0.466493 22.686937 -7.630180 -7.386306 -4.307437 -16.059061 25.806177 2.612746 -9.484727 -21.963308 -5.060062 9.920129 33.057400 -6.068545
18.200117 -1.699320 0.976298 -9.612051 -0.022158 -17.353405 1.365969 8.424515 19.910128 7.407022 -5.867291 -3.903727 14.454862 -10.877974 12.218356 -7.471735 -1.874421 22.847570 -7.759610 -7.112682 -5.022688 -14.685660 25.525532 5.396357 -8.662754 -21.452196 -4.346105 12.146574 33.263176 -6.069198
18.301962 0.568572 0.392053 -8.788536 -0.640830 -16.829924 2.241738 9.279451 19.374725 8.352792 -6.590124 -6.156626 14.158258 -11.308002 12.011988 -8.442433 -2.614407 21.603025 -7.669295 -7.592123 -5.126827 -13.247700 26.292776 8.385629 -7.184573 -20.300892 -3.242652 14.526913 32.550751 -6.476343
18.258711 2.785250 0.645351 -8.841463 -1.226481 -15.772619 3.098853 9.474287 19.093428 8.062455 -6.851864 -8.219253 13.778392 -12.205618 12.440867 -8.950025 -3.828563 19.810579 -7.641260 -8.503858 -5.111881 -11.795224 28.038420 10.957718 -5.155557 -18.955189 -2.783529 17.077168 31.666767 -7.876034
17.884916 4.808506 0.334704 -7.959371 -2.094385 -14.727179 3.632841 9.600363 19.032679 7.838868 -7.917439 -10.686559 13.283580 -12.094133 12.188941 -9.261642 -4.432144 18.068039 -7.243664 -9.238859 -5.318251 -8.610681 29.963264 13.100245 -2.849364 -17.427284 -2.477544 20.118731 29.640478 -9.477567
17.788809 6.795172 -0.611350 -7.603172 -2.758049 -13.876639 3.905206 9.725296 19.162004 7.225953 -8.542678 -12.941135 12.733029 -12.314863 12.419888 -9.792181 -4.787138 16.859459 -6.924353 -9.446890 -5.089821 -6.124102 30.889990 16.183802 -1.083428 -16.032509 -2.076437 22.731892 27.560648 -11.062777
16.885468 8.163382 -1.561594 -5.950873 -3.620584 -13.393012 4.749527 10.756242 19.103489 7.468336 -9.052469 -15.086194 12.720162 -12.450989 11.402226 -9.815274 -4.422990 16.352547 -7.084432 -8.797885 -4.365686 -4.458887 31.159435 18.861734 0.943188 -14.578265 -1.539259 25.753361 23.503813 -12.908317
16.107813 9.799364 -2.104392 -4.316902 -4.396835 -12.793802 5.759133 11.662683 18.883062 8.149421 -9.423110 -16.952255 12.780881 -12.585754 10.126366 -10.085402 -4.063513 16.386232 -7.428334 -8.395148 -3.656794 -4.165961 30.646612 21.066175 2.430192 -13.570642 -0.896311 27.844437 19.535383 -13.890030
15.902050 11.476100 -2.520153 -3.554833 -5.174065 -12.169522 6.185369 12.107176 18.439255 8.668785 -9.870407 -18.459929 12.507348 -12.947109 9.104097 -10.062984 -3.804977 16.735670 -7.620722 -7.961151 -2.431423 -5.491041 29.877211 20.773294 4.321395 -13.034088 -0.374539 29.697098 15.956737 -14.554688
16.211817 13.315670 -2.802804 -3.852335 -5.586851 -11.315139 6.304189 11.969489 17.908438 8.997267 -9.849933 -20.107611 11.815854 -13.385822 8.044150 -10.522309 -3.079314 16.967842 -8.414729 -7.162152 -1.628523 -6.974052 27.761065 21.008062 5.525999 -12.876785 0.482424 31.877043 12.939189 -14.805170
15.329612 14.608667 -3.931073 -3.299293 -6.325064 -11.002439 6.364339 12.618624 17.601068 9.365562 -10.446110 -21.625168 11.326340 -13.389228 6.687178 -11.003745 -2.295312 17.456776 -9.064526 -6.752644 -0.957732 -8.684542 25.195700 21.154211 6.329044 -13.589411 1.147796 33.492043 10.485417 -13.810341
14.873589 16.091301 -4.422680 -2.966637 -6.918215 -10.316843 6.572551 12.816593 17.234852 9.857672 -11.214161 -22.891708 10.756852 -13.180971 5.730559 -11.070189 -1.601178 17.507128 -9.322930 -6.543375 -0.567750 -11.507935 22.693567 22.294046 6.065658 -13.921379 1.677647 33.492065 8.691543 -13.506866
14.225199 17.805609 -4.548567 -2.807332 -7.441899 -9.323182 7.099303 13.029144 16.617937 11.067780 -12.290894 -24.427917 10.095004 -12.786969 5.026313 -11.180028 -1.113484 17.472170 -9.380554 -6.181845 0.231169 -14.163807 20.212086 23.275110 6.137834 -14.292290 2.348997 33.958450 7.167705 -12.915801
13.450035 18.971823 -4.872500 -1.899767 -8.216572 -8.427324 7.102003 12.891248 16.165754 11.592201 -12.846806 -25.379278 9.427419 -12.344995 4.416366 -11.170413 -0.400164 17.229786 -9.577032 -5.916575 0.942421 -16.833502 18.241112 23.630600 6.216630 -14.449209 2.774143 34.155403 5.864833 -12.727245
12.818613 19.880430 -5.227090 -1.744087 -8.613825 -7.966716 7.233020 13.087337 15.876871 11.857740 -13.798889 -25.902824 8.647541 -12.054404 3.839341 -11.041354 0.080530 17.152807 -9.590096 -6.081298 2.057471 -18.348928 17.048597 23.574858 6.185950 -14.733397 3.125801 33.980331 4.156178 -12.494423
11.947720 20.199755 -5.521477 -1.287134 -8.852751 -7.702273 7.429790 13.351894 15.748578 12.092086 -14.077324 -26.348848 8.180581 -11.892482 3.499337 -10.749621 0.503737 16.828133 -9.701024 -5.977953 2.694088 -19.230970 16.145876 23.609922 6.239459 -14.954466 3.216824 34.077194 3.079781 -12.461389
11.159883 20.366230 -5.873938 -0.827123 -9.067869 -7.559327 7.647902 13.740105 15.613398 12.550129 -14.496397 -26.516029 7.777535 -11.784883 3.235575 -10.897691 0.822140 16.900454 -9.919218 -5.860030 3.069688 -19.605003 15.593290 23.522100 6.383235 -15.139519 3.266665 34.337090 2.329397 -12.332191
11.050233 20.492235 -5.953176 -0.829360 -9.089500 -7.464647 7.670147 13.729083 15.637165 12.486523 -14.522666 -26.551334 7.635388 -11.734438 3.146307 -11.037864 1.002684 16.915068 -9.997892 -5.879195 3.102415 -19.693666 15.256590 23.548695 6.404573 -15.232912 3.214238 34.521812 2.190258 -12.353149
