-8.651924 -3.255414 13.918011 -4.417833 -9.535230 -1.394713 -1.300081 -3.477693 25.536287 -12.780082 -4.214896 0.068285 3.951750 -9.000115 6.306452 26.655462 14.761742 -2.934779 -11.541627 -10.881927 7.365505 18.120874 20.479963 7.283753 -19.694088 -24.748034 10.609854 3.437819 -13.197814 10.206650
-8.361366 -3.257078 14.129453 -4.356724 -9.479631 -1.418996 -1.156267 -3.468446 25.552208 -12.617897 -4.196953 0.212971 3.836775 -8.993719 6.271211 26.546909 14.895620 -2.967042 -11.540526 -10.937897 6.934607 18.216280 20.592077 7.485085 -19.712402 -24.749916 10.426192 3.518051 -13.170907 10.038088
-8.360723 -3.129397 14.165863 -4.351710 -9.639894 -1.362888 -1.317462 -3.518418 25.360643 -12.331694 -4.291295 0.069781 3.912246 -9.176199 6.130191 26.260347 14.843999 -2.844608 -11.621635 -10.876561 6.780392 18.032431 20.407728 7.880869 -19.761433 -24.554825 10.530324 3.644522 -13.209041 9.875960
-8.038475 -3.064001 14.400907 -4.106822 -9.782956 -1.350642 -1.324107 -3.547477 25.194532 -12.019483 -4.481673 0.006565 4.059368 -9.463425 5.982924 25.992533 14.786820 -2.902864 -11.612931 -10.826741 6.279881 18.084425 20.439896 8.335105 -19.821741 -24.602442 10.347481 3.844402 -12.861024 9.735432
-7.514977 -2.663978 14.678473 -3.599414 -10.009647 -1.115882 -1.329416 -3.761358 24.857779 -11.352514 -4.766997 0.016869 4.179668 -9.618958 5.790170 25.908422 14.731778 -2.688913 -11.756278 -10.663996 5.658664 17.734777 20.743414 8.503184 -19.610268 -24.583473 10.118459 4.097481 -12.558547 9.630015
-7.167101 -2.602127 14.743102 -3.705883 -10.086307 -1.163489 -1.515061 -3.823658 24.557409 -11.018354 -5.206011 -0.154414 4.229568 -9.826188 5.453960 25.699598 14.533801 -2.319003 -11.969259 -10.526702 5.034531 17.447527 21.037989 8.459478 -19.369164 -24.447664 9.965940 4.446042 -12.279763 9.425327
-6.539425 -1.863243 15.045313 -3.012881 -10.461510 -0.790502 -1.380784 -3.937994 24.109274 -10.082716 -5.933352 -0.277172 4.246675 -10.082952 5.101628 25.612734 14.431626 -2.123813 -12.265535 -10.376053 4.860845 16.359129 21.425726 8.337108 -18.755917 -24.288013 9.975592 4.906441 -11.964807 9.386246
-6.185950 -1.282179 15.382948 -2.852945 -10.742651 -0.416150 -1.716065 -4.413150 23.444487 -8.886626 -6.911187 -0.634289 4.080024 -10.392338 4.975706 25.102762 14.138530 -1.794653 -12.341055 -10.383316 4.292165 15.355958 21.546396 8.573156 -18.375854 -24.150372 9.875937 5.500114 -11.385121 9.234728
-5.601411 -0.561278 15.876269 -2.673575 -11.043555 -0.018115 -1.856122 -4.804848 22.866968 -7.859978 -7.638707 -0.963515 4.019023 -10.764084 4.598865 24.476999 14.141786 -1.544291 -12.824989 -10.159970 3.625405 13.979217 22.241858 8.408247 -17.647846 -23.642752 9.806043 5.939718 -11.300290 8.806718
-4.860975 0.181077 15.998354 -2.180674 -11.423965 0.178613 -2.238851 -5.175866 22.121613 -6.620129 -8.039072 -1.202713 3.797513 -11.103409 4.275466 23.901983 14.129842 -1.558886 -13.226952 -10.144165 2.937615 12.784408 22.146193 8.854596 -17.513140 -23.054199 9.771180 6.160807 -10.810336 8.330799
-4.575850 0.900239 15.984184 -1.774884 -11.831815 0.392580 -2.413537 -5.291683 21.538614 -5.654611 -8.646175 -1.898415 3.808811 -11.466535 3.881905 23.622858 13.856946 -1.320911 -13.403186 -10.152559 2.425474 12.073301 22.367002 9.382362 -17.322803 -22.598984 9.805915 6.379047 -10.540787 8.083327
-3.955945 1.302820 16.235941 -1.617357 -11.922190 0.699155 -2.583532 -5.711360 21.106169 -4.476337 -9.089334 -2.246433 3.421154 -11.712826 3.461718 23.365150 13.844487 -1.257722 -13.799046 -10.409575 2.303959 10.790825 22.763742 9.137466 -16.876799 -22.368401 10.002796 6.334667 -10.535811 8.319186
-3.834067 1.973350 16.581860 -1.251129 -12.364165 1.187114 -3.043653 -6.376773 20.424543 -3.345593 -9.540795 -2.672037 3.247548 -11.872347 2.891770 23.134989 13.946111 -1.469702 -14.320161 -10.604634 2.150041 9.914151 23.026091 8.931589 -16.498598 -21.866579 10.235408 6.483020 -10.519744 8.287589
-3.747844 2.691287 16.869345 -0.947692 -12.802226 1.521291 -3.401116 -6.783000 19.746637 -2.257081 -10.113600 -2.928275 3.001991 -12.018478 2.634903 22.633698 13.777839 -1.578225 -14.736528 -10.700091 2.298302 9.247448 22.785862 9.264500 -16.228668 -21.876684 10.400119 6.871480 -10.242864 8.594403
-3.918467 3.295281 16.672474 -0.900508 -13.275844 1.484470 -3.783558 -6.704151 19.192568 -1.809573 -10.515015 -3.257596 2.365503 -11.818455 2.198992 22.025133 13.940128 -1.899100 -14.987622 -11.302800 2.004249 8.364471 23.014803 9.252312 -15.875567 -21.660931 10.509715 7.043898 -10.139596 8.703100
-3.895263 3.709813 16.654881 -0.913654 -13.495728 1.678501 -4.069944 -6.938721 18.837954 -1.209832 -11.062822 -3.399730 2.119698 -11.705009 2.097239 21.964493 13.795138 -1.856898 -15.166986 -11.554941 1.889604 7.445142 23.046186 9.414169 -15.556679 -21.675072 10.594678 7.191625 -10.144803 8.959587
-3.880708 4.185750 16.490337 -0.933712 -13.627152 1.927267 -4.292760 -7.169492 18.553213 -0.603316 -11.063504 -3.725998 2.101829 -11.788374 1.880365 21.685396 13.701237 -1.831035 -15.377055 -11.832644 2.028509 6.832811 23.296709 9.427480 -15.241764 -21.522263 10.823570 7.120148 -10.372982 9.216408
-3.954436 4.391685 16.506657 -1.101674 -13.516983 2.325856 -4.304826 -7.529037 18.523790 -0.079556 -11.270494 -4.043350 2.089497 -11.730096 1.767113 21.203735 13.579581 -1.781786 -15.356914 -12.042150 1.717639 6.525015 23.452562 9.393217 -15.083727 -21.288883 10.836069 7.203731 -10.358020 9.110514
-4.108834 4.776186 16.048100 -1.124727 -13.729313 2.266479 -4.369639 -7.254500 18.345690 -0.018382 -11.287092 -4.113634 1.937114 -11.579235 1.566047 21.077139 13.789086 -1.990110 -15.667094 -11.969257 1.611901 6.242842 23.475393 9.500370 -15.025695 -21.205256 10.871079 7.123207 -10.392539 9.130873
-4.069743 4.803691 15.927176 -1.072044 -13.750740 2.243673 -4.403381 -7.242025 18.314211 0.017022 -11.273457 -4.239783 1.931056 -11.561651 1.484845 21.134809 13.866943 -2.111308 -15.762650 -11.920152 1.622903 6.110176 23.360113 9.547775 -15.036292 -21.206776 10.913040 7.103738 -10.350730 9.211761
-3.762017 4.930829 16.052227 -0.889092 -13.794627 2.211353 -4.208612 -7.098166 18.275549 0.188287 -11.405304 -4.109370 1.982803 -11.580112 1.572840 20.960796 13.704690 -1.971848 -15.580914 -12.000264 1.651196 6.505308 23.448858 9.655427 -15.028015 -21.125565 10.999200 7.284095 -10.280121 9.261433
-3.011920 5.228403 16.382133 -1.030766 -13.750124 1.838265 -3.834733 -6.656260 18.007122 0.377666 -11.850917 -4.262455 2.281261 -11.851570 1.620044 21.199121 13.275367 -1.756044 -15.547788 -11.850692 1.563255 7.395883 24.254881 10.078597 -14.814170 -20.682667 11.197949 7.449097 -10.025302 9.292775
-2.354443 5.796149 17.154678 -0.959792 -13.491197 2.199448 -2.815585 -6.493299 17.961533 1.437692 -12.237781 -4.574226 3.094081 -12.308084 1.318818 21.614798 12.613559 -1.223667 -15.560798 -11.641964 1.824016 8.177398 25.928049 10.326977 -14.206020 -20.063965 11.214433 7.405594 -9.771980 8.991884
-1.416948 6.351974 17.309601 -0.934100 -13.202633 2.007175 -1.643395 -5.608081 17.729025 2.449584 -13.292835 -5.171817 3.934593 -13.096386 1.391043 21.154722 10.997608 0.074841 -15.140368 -11.324112 1.159665 9.154072 27.852304 10.958190 -13.355042 -18.806683 11.288135 7.812649 -9.540763 8.065498
-0.209439 7.029758 17.621901 -1.051433 -12.510267 1.697513 0.220976 -4.375544 18.004419 3.289237 -14.531805 -6.171359 5.034354 -13.744690 1.622796 21.154318 8.813583 2.005249 -14.350337 -11.098004 0.974519 10.148993 29.959591 11.958915 -12.475193 -17.871052 11.419895 8.313497 -8.633782 7.441302
0.697727 7.933171 18.220293 -2.068985 -11.875256 1.357388 1.843210 -3.280885 18.188509 3.434640 -15.025625 -7.881664 7.336615 -14.859014 1.716331 21.669931 6.333592 3.788870 -13.618650 -10.115164 -0.424532 9.800556 31.552872 12.562305 -11.546007 -16.859715 11.355859 9.139544 -7.377279 6.358765
1.819361 8.904383 17.889771 -2.212706 -11.210246 0.740739 3.647016 -1.690634 18.155209 4.492383 -15.475426 -9.206758 8.682935 -15.351969 2.104065 20.516722 4.404431 5.396222 -12.568467 -10.047247 -1.109956 9.831149 33.107658 14.216431 -11.272783 -15.008665 11.461296 9.524763 -6.348885 4.369123
4.361066 10.446409 18.693098 -3.527272 -10.431342 0.512876 5.361928 -0.685419 17.206747 6.448934 -15.519958 -11.780548 9.653070 -15.417757 4.371338 19.412046 1.979827 5.135018 -9.725990 -10.365228 -1.547261 11.072228 35.485352 17.243397 -10.120573 -11.989590 11.342609 10.495275 -6.880856 1.234277
5.946114 11.949396 18.965799 -5.126349 -9.847093 0.307543 6.703308 0.518751 16.179075 8.144154 -15.203307 -14.641871 10.209749 -15.814793 5.811004 17.715132 -0.153113 5.039142 -8.013168 -10.274441 -1.689362 11.096678 36.954292 19.481873 -8.911452 -9.719836 11.184695 11.686804 -7.065192 -1.806996
6.668469 12.655308 17.577162 -5.714240 -9.482512 -0.304766 7.378062 1.851218 16.230368 8.009783 -14.625179 -16.824379 10.728263 -15.919714 6.241985 15.489766 -1.067227 5.525655 -7.003593 -10.639482 -1.790575 9.999509 36.820786 21.512129 -8.179340 -7.582148 11.018243 13.015404 -6.891063 -5.465909
6.330947 13.271748 15.811540 -5.512445 -9.468855 -1.166496 8.558154 4.181989 16.423309 8.350002 -13.461302 -19.095524 11.218482 -16.208857 6.619264 12.546414 -1.874351 5.950403 -6.013281 -10.920286 -2.571453 8.860610 35.311939 23.783876 -7.310736 -6.396966 9.876166 14.940416 -7.186184 -8.871017
6.236410 13.700031 13.688781 -5.774665 -9.538464 -2.405653 9.260892 6.649476 16.314922 8.708368 -11.777421 -21.384922 12.430017 -16.346893 6.192031 9.660235 -1.888326 6.657002 -5.535639 -10.648300 -3.051564 6.648005 34.314236 24.386057 -6.138291 -5.726169 8.719605 16.889967 -8.006886 -12.013050
6.223169 14.444239 11.495807 -6.772159 -9.401152 -3.266691 9.685552 8.594193 16.040464 9.155596 -10.118910 -23.686413 12.570252 -16.983456 6.136773 7.081665 -1.893301 6.874854 -5.416685 -10.453547 -4.017522 4.114238 33.033890 23.468813 -4.398774 -4.926904 8.305019 19.607891 -9.226684 -14.449416
5.760188 15.190216 9.228065 -8.336083 -9.487679 -3.646714 9.262986 9.649664 15.824810 8.544979 -8.340695 -25.833254 12.764916 -17.406025 5.833306 4.760130 -1.456641 7.093991 -5.439660 -9.911593 -3.792467 -0.925651 31.194609 22.946276 -3.569529 -4.180580 7.411476 20.746761 -10.812945 -18.014973
4.490170 15.919724 7.128643 -9.443897 -9.787179 -4.116638 9.183366 11.153151 15.523247 8.190395 -7.056995 -27.728476 12.298470 -17.593163 5.216344 2.909170 -0.672305 7.309927 -5.414356 -9.709137 -3.596223 -4.871128 29.062981 21.853010 -2.575979 -3.754071 6.803463 21.938686 -11.940018 -20.206160
3.275632 16.707590 4.856095 -10.406530 -10.163212 -4.422320 8.650138 12.153551 15.277957 7.516871 -5.977736 -29.362331 11.764060 -17.527233 4.727879 1.218670 0.261145 7.574928 -5.474760 -9.453321 -2.500215 -9.295251 26.590605 20.804331 -2.317449 -3.138874 6.519336 22.237274 -14.094203 -22.893339
2.171394 17.518684 3.477465 -11.082491 -10.551728 -4.226188 8.155525 12.487474 14.957123 7.284708 -4.946878 -30.701654 10.723442 -17.421471 4.311029 -0.182861 1.334995 7.586479 -5.792396 -9.117334 -1.800946 -13.187085 23.782637 21.551212 -3.775105 -2.941934 6.321560 21.397497 -15.168301 -25.602514
1.549096 18.469257 2.112968 -11.611015 -10.887808 -4.305273 7.770574 12.988436 14.648735 7.108420 -4.124676 -31.436413 9.638989 -17.337154 4.370292 -1.334556 2.134830 7.595816 -5.873932 -9.075173 -1.574067 -15.757500 22.140753 20.875669 -3.804389 -3.216908 5.758777 21.239517 -15.893357 -26.357517
0.963660 18.891573 1.191123 -11.858345 -11.119390 -4.290123 7.369564 13.121376 14.647947 6.670450 -3.631355 -31.973772 8.979711 -17.249556 4.020212 -2.176466 3.040157 7.596444 -6.143451 -9.066549 -1.445879 -17.732716 20.758183 20.021807 -3.642986 -3.670312 5.325003 21.432467 -16.327368 -26.726816
0.497802 19.040224 0.799114 -12.023826 -11.181013 -4.241669 7.282425 13.212066 14.771499 6.251296 -3.231963 -32.161381 8.790883 -17.246365 3.987712 -2.469877 3.341849 7.527729 -6.230006 -9.005995 -1.291116 -18.281935 20.338827 20.160688 -3.784431 -3.732096 5.289547 21.300482 -16.616171 -26.858885
0.594688 19.026667 0.727892 -11.969196 -11.175418 -4.329220 7.222506 13.220564 14.771333 6.222545 -3.285212 -32.123489 8.778518 -17.221739 3.975531 -2.536485 3.330566 7.606067 -6.231907 -9.000587 -1.344162 -18.252554 20.243502 20.269060 -3.778841 -3.762005 5.260035 21.364761 -16.543489 -26.849455
0.822149 19.030939 0.663988 -12.025546 -11.121766 -4.458720 7.174983 13.276103 14.660406 6.453762 -3.447145 -32.040867 8.729156 -17.185793 4.042273 -2.726958 3.264613 7.790488 -6.177420 -8.987277 -1.536281 -18.163876 20.150850 19.977610 -3.540186 -3.935786 5.185521 21.617123 -16.400024 -26.573650
1.136699 19.072409 0.624795 -12.020138 -11.021092 -4.576009 7.212111 13.335323 14.601500 6.716759 -3.678275 -31.899963 8.546687 -17.190815 4.231021 -2.985510 3.132248 7.966904 -6.055811 -9.093058 -1.756144 -17.887022 19.822735 20.228487 -3.476110 -4.099391 5.198238 22.057201 -16.129374 -26.404463
1.738096 19.113588 0.369085 -11.965023 -10.956371 -4.960063 6.967963 13.379601 14.446514 6.857853 -3.933395 -31.831703 8.478606 -17.111107 4.299417 -3.295577 3.005367 8.240943 -5.959109 -9.129746 -2.010150 -17.512838 19.809919 20.514919 -3.223882 -4.049682 5.283124 22.508236 -16.011179 -26.178118
2.134885 19.170485 0.303345 -11.946600 -10.816668 -5.230008 7.011123 13.532763 14.332836 7.086204 -4.113354 -31.826502 8.413720 -16.996714 4.401788 -3.681483 2.887725 8.637719 -5.875039 -9.066877 -2.403346 -17.575569 19.513695 20.796099 -3.006649 -4.092965 5.168887 23.043331 -15.413090 -26.128983
2.801476 19.149782 0.208403 -11.867162 -10.622478 -5.665257 7.074157 13.756437 14.262039 7.337033 -4.732036 -31.738960 8.194564 -17.036991 4.568392 -3.937722 2.498357 9.104576 -5.660761 -9.235894 -2.671730 -17.702543 18.681856 21.121637 -3.016719 -4.493642 5.128188 23.603876 -14.755623 -25.850218
3.541722 19.249273 -0.026858 -11.730142 -10.515150 -6.168097 7.021911 14.012754 14.099564 7.678202 -5.201341 -31.510313 8.113897 -16.816919 4.807447 -4.354914 2.160829 9.668268 -5.305415 -9.331651 -2.995399 -17.895140 17.785837 21.394699 -2.870708 -4.811738 5.004821 24.376236 -14.158160 -25.796953
4.381094 19.620760 -0.202722 -11.147308 -10.564520 -6.575030 7.001465 14.195717 13.869474 8.103921 -5.957845 -31.280935 7.872880 -16.597939 4.949028 -4.754725 1.922802 10.209935 -5.099286 -9.439168 -3.573575 -18.156296 16.993361 21.650099 -2.446734 -5.363386 4.874116 25.312054 -13.420692 -25.057554
4.986625 19.807276 -0.494843 -10.954266 -10.519875 -6.957469 6.897564 14.378753 13.691109 8.355992 -6.301116 -31.037016 7.695212 -16.421087 5.133029 -5.333689 1.791909 10.677357 -4.978961 -9.381959 -4.221839 -18.065327 16.331108 22.022984 -2.154826 -5.788782 4.753254 26.223190 -12.578284 -24.541683
5.661849 20.243078 -0.764639 -10.291256 -10.618835 -7.177502 6.880821 14.443613 13.613039 8.465983 -7.270357 -30.683590 7.303196 -16.330269 5.347066 -5.762930 1.448928 11.211156 -4.771767 -9.556834 -4.958544 -17.882010 16.168552 22.002167 -1.431172 -6.408137 4.760336 27.252335 -11.548384 -23.105246
6.659841 20.691652 -0.769923 -9.784277 -10.671526 -7.366070 6.749418 14.326407 13.300786 8.939637 -8.068155 -30.334625 6.926067 -16.207291 5.475360 -6.002116 1.168068 11.693360 -4.749209 -9.529487 -5.621325 -17.454746 15.759476 22.479330 -1.078857 -6.933881 4.737755 28.225609 -10.776879 -22.121662
7.717025 21.178061 -0.542832 -9.413475 -10.671004 -7.454538 6.721317 14.152367 12.935113 9.509076 -8.485562 -30.263685 6.521858 -16.247036 5.758013 -6.482866 0.905736 12.184049 -4.757716 -9.455886 -6.232561 -17.187422 14.758819 23.418934 -1.027836 -7.385570 4.760294 29.174973 -10.112432 -21.371035
8.538419 21.661131 -0.555260 -8.960630 -10.807137 -7.597098 6.585077 14.048883 12.681295 9.774882 -9.121816 -29.982481 5.933277 -16.384743 5.974798 -6.803712 0.614416 12.520864 -4.774512 -9.554215 -7.169040 -16.917315 13.978098 23.833693 -0.450802 -8.293041 4.809268 30.412434 -8.972777 -19.581522
9.317089 22.149057 -0.305221 -8.718591 -10.801908 -7.573989 6.613505 13.881964 12.370106 10.277225 -10.078131 -29.624910 5.381432 -16.324200 6.192626 -7.029898 0.309002 12.817585 -4.678802 -9.745647 -7.955632 -16.363718 13.354097 24.162735 0.031047 -9.172647 4.810280 31.501915 -7.963613 -18.017643
9.980048 22.462852 -0.273199 -8.206437 -10.873347 -7.711990 6.588241 13.878596 12.100870 10.722445 -10.670839 -29.461536 5.000694 -16.268154 6.320518 -7.337404 0.088798 13.130595 -4.625628 -9.814874 -8.510570 -16.159260 12.782131 24.719603 0.297605 -9.684771 4.804471 32.280903 -7.283141 -17.128668
10.657205 22.803362 -0.198555 -7.800417 -10.903637 -7.784542 6.541938 13.710055 12.063370 10.565840 -11.088511 -29.220451 4.618583 -16.269903 6.369721 -7.661651 -0.034066 13.430604 -4.793022 -9.780550 -9.196055 -15.978805 12.521181 24.845049 0.783375 -10.110725 4.883937 33.076771 -6.444201 -16.037714
11.007238 22.952177 -0.325103 -7.309000 -10.965225 -7.933821 6.498836 13.737885 11.968901 10.695230 -11.624376 -29.100080 4.462504 -16.106182 6.340852 -7.793676 -0.086583 13.646033 -4.847878 -9.730386 -9.420924 -15.936999 12.175517 25.358713 0.874811 -10.351321 4.936827 33.469406 -6.034015 -15.565756
11.180908 23.001209 -0.498403 -6.907851 -11.025091 -8.042356 6.463567 13.783009 11.932907 10.780150 -12.097326 -28.931103 4.326672 -15.921719 6.344140 -7.895012 -0.144387 13.794310 -4.817587 -9.733904 -9.706237 -15.890571 11.998268 25.746313 1.118640 -10.461926 4.897378 33.956436 -5.680067 -15.253998
11.412750 23.193792 -0.460931 -6.742680 -11.059231 -8.012424 6.485354 13.744388 11.847497 10.897449 -12.476697 -28.798485 4.132347 -15.852383 6.328570 -8.014718 -0.169965 13.902522 -4.845086 -9.736809 -9.861673 -15.836352 11.925838 25.995180 1.164938 -10.491193 4.841893 34.101357 -5.598590 -15.151888
11.490629 23.269373 -0.428572 -6.666957 -11.046530 -7.967120 6.529984 13.697184 11.876280 10.825213 -12.640194 -28.739693 4.035021 -15.760389 6.323958 -8.081214 -0.142275 13.911522 -4.789505 -9.823541 -9.895073 -15.702499 11.767132 26.151445 1.197736 -10.541809 4.853798 34.277351 -5.599455 -15.040342
11.545074 23.247408 -0.330115 -6.700820 -11.036377 -7.983392 6.541862 13.706286 11.798586 11.004890 -12.603123 -28.757423 4.199283 -15.809074 6.313293 -7.912699 -0.234337 13.907971 -4.786662 -9.749928 -9.879311 -15.631630 11.933732 26.151922 1.174450 -10.498064 4.894444 34.167473 -5.588326 -15.041023
11.707209 23.081215 -0.113234 -6.742891 -10.936440 -7.972430 6.632100 13.650651 11.839561 11.100152 -12.528450 -28.590914 4.301419 -15.873997 6.439265 -7.834110 -0.448984 13.944139 -4.657166 -9.909295 -10.004725 -15.286839 12.339838 26.331078 1.148539 -10.316835 4.932305 34.042198 -5.389603 -15.055149
12.254316 22.879587 0.247270 -6.817373 -10.833071 -8.063655 6.519331 13.371614 11.906261 10.934607 -12.305840 -28.362892 4.641665 -16.133974 6.595028 -7.539610 -0.801307 13.934278 -4.587962 -9.954075 -10.266934 -14.552941 13.101667 26.315023 1.103778 -10.122932 4.982383 33.757629 -5.067750 -14.886068
12.912749 22.770823 0.698024 -6.936417 -10.694398 -8.008708 6.485746 12.994172 12.003752 10.854881 -12.171829 -28.043400 4.967573 -16.277042 6.719726 -7.566850 -1.046689 14.125142 -4.512580 -10.055421 -10.650636 -13.628737 13.811749 26.379995 1.136608 -9.955092 5.025798 33.804138 -4.528189 -14.732398
13.320087 22.328985 1.208697 -7.082129 -10.434533 -8.112025 6.598592 12.878107 11.988203 11.237700 -12.015937 -27.736366 5.584633 -16.277094 7.086191 -7.484348 -1.516618 14.288043 -4.280735 -10.002025 -10.999872 -12.589515 14.686207 26.660736 0.989877 -9.713552 5.085784 33.555450 -3.841405 -14.572897
13.528423 21.505682 1.805034 -7.129460 -10.033123 -8.401530 6.816610 12.911016 12.006825 11.813890 -11.748293 -27.265896 6.107211 -16.431040 7.584258 -7.050410 -2.011525 14.148448 -4.028657 -9.992076 -11.498385 -11.118985 15.750089 27.184229 0.531695 -9.457423 5.123400 33.122726 -2.546050 -14.513020
13.759605 20.594988 2.429824 -7.256069 -9.566423 -8.843798 7.134909 13.098123 12.139517 12.279430 -11.891283 -26.734970 6.975753 -16.115473 7.914297 -6.833504 -2.285364 14.172380 -3.519834 -10.130696 -11.935183 -9.208463 17.669607 27.064714 0.276117 -9.141542 5.034879 32.595322 -1.304708 -14.467568
13.857105 19.576714 2.851940 -7.214313 -9.164835 -9.308752 7.297825 13.235350 12.320719 12.492507 -11.846970 -26.044346 7.868562 -15.773955 8.326602 -6.482512 -2.623603 14.235723 -3.054025 -10.219617 -12.135894 -6.944372 19.253359 26.929256 0.022050 -9.328732 4.644523 32.317604 -0.346944 -14.201120
13.680648 18.236483 3.411676 -6.748842 -8.810460 -9.900265 7.570539 13.591222 12.311336 13.473549 -11.941315 -25.307240 8.661752 -15.457556 8.843687 -6.017077 -2.994102 14.090499 -2.553609 -10.237996 -12.336879 -4.624537 20.660521 27.515730 -0.407783 -9.189812 4.383992 31.866524 0.551557 -14.233734
13.670166 16.964338 3.927864 -6.142857 -8.566544 -10.526895 7.673441 13.833307 12.289171 14.172418 -12.291830 -24.717012 9.797030 -15.007606 8.969047 -5.565799 -3.116550 14.204694 -2.151300 -10.247321 -12.293304 -2.337122 22.780622 28.055185 -0.640400 -8.558422 4.329101 31.210167 1.072255 -14.406623
13.450111 15.849724 4.608416 -5.366713 -8.261177 -10.934914 7.972129 13.895545 12.532549 14.446269 -12.560730 -23.737114 10.642074 -14.623545 9.477661 -5.242806 -3.336378 14.173919 -1.754316 -10.166892 -12.431563 0.151264 23.719336 28.360193 -1.207770 -8.791512 4.253069 30.857613 2.554759 -13.674716
13.729402 14.697372 5.309209 -5.444863 -7.800539 -11.237556 7.907783 13.623564 12.582457 14.995232 -12.985437 -22.912361 11.584842 -13.897429 10.000918 -4.914979 -3.496348 14.207483 -0.970304 -10.490928 -12.384328 2.238926 24.774488 29.516233 -2.564831 -8.903157 3.976951 29.307493 4.187349 -13.735811
14.053856 13.863168 5.818227 -5.105995 -7.623504 -11.449043 7.694807 13.134399 12.952646 14.645716 -13.394955 -21.539513 12.394006 -13.236603 10.382779 -4.825215 -3.730313 14.452491 -0.636322 -10.731153 -12.565482 3.918530 25.369955 30.044397 -3.892198 -9.038405 3.590809 27.912270 5.790323 -14.153303
14.190729 12.834341 6.232732 -4.768023 -7.559237 -11.721443 7.177912 12.614231 13.115179 14.466692 -13.798794 -20.603931 12.847143 -12.775082 10.715308 -4.616826 -3.809491 14.180259 -0.357429 -11.141479 -12.699672 5.646231 25.655424 30.327061 -5.248955 -9.202790 3.311980 26.698845 7.180936 -14.520128
18.733011 13.579842 6.597136 -4.633329 -6.969532 -11.303659 5.483201 8.647744 16.345087 6.122519 -11.804171 -16.246243 9.332250 -16.941832 9.547962 -4.157547 -4.727005 16.800650 -5.029417 -12.298141 -14.327407 4.165995 28.143404 21.300077 -1.371976 -13.241581 2.248886 28.297720 13.106603 -9.694107
18.759796 12.346930 7.119036 -4.224403 -6.576493 -11.574314 5.423296 8.286978 16.748915 6.264852 -12.583152 -15.086709 9.615823 -16.363012 9.938945 -3.721376 -4.893177 16.995996 -4.893703 -12.399039 -14.694711 5.186915 27.879988 21.470728 -2.979277 -13.944098 2.114057 26.537148 14.912616 -8.389472
18.705961 11.316306 7.348553 -3.875841 -6.242192 -12.073694 5.449841 8.345079 16.991440 6.629853 -12.978152 -13.720119 9.553271 -16.032648 10.447860 -3.282116 -4.987951 17.276888 -4.614102 -12.716531 -15.072845 4.602189 28.103386 20.332706 -4.236379 -14.631821 1.960863 24.448414 17.005629 -7.066445
19.056213 10.188606 7.886658 -4.090592 -5.901902 -12.559555 5.041342 7.969693 16.974596 6.937035 -12.759640 -12.533142 10.195743 -15.916015 10.467072 -2.691455 -4.772604 17.760244 -4.660937 -12.634706 -14.979617 2.820729 27.580309 18.572702 -5.564911 -15.402876 1.489194 22.256407 19.099039 -6.590338
19.489359 9.395010 8.538576 -4.590367 -5.583261 -12.720667 4.728462 7.453927 16.952915 7.123771 -12.409336 -11.201009 10.552415 -16.172859 10.601331 -2.109198 -4.955144 18.486506 -5.048393 -12.252671 -14.990802 2.193539 27.073307 17.137360 -6.653496 -16.390125 1.320473 21.124807 20.284052 -5.722234
19.892189 8.536500 9.164002 -5.901953 -5.655448 -13.187797 3.641906 6.937510 16.333796 7.195001 -12.896473 -9.224706 10.979897 -16.604471 10.715664 -1.878377 -4.600349 19.092329 -5.594222 -11.479444 -16.855360 1.418860 26.073610 14.777433 -7.465973 -17.820477 0.948997 20.705692 21.235630 -4.250612
20.792807 8.045091 10.005865 -6.342496 -5.379225 -13.053471 3.355695 6.114759 16.348576 7.146440 -12.308867 -7.987173 11.347587 -17.228153 10.900241 -1.810836 -4.477703 19.536261 -5.956290 -10.790179 -16.626118 0.950936 25.377504 12.625626 -8.266681 -17.806168 1.177624 20.247932 22.382635 -4.142773
20.968895 6.999160 10.448927 -6.257602 -5.247392 -13.494944 2.940554 5.856651 16.234163 7.380367 -12.006998 -6.654733 11.618574 -17.621353 10.850984 -1.578390 -4.089745 20.148993 -6.291996 -10.204066 -16.793867 0.627943 24.017576 11.203225 -9.394679 -18.591232 0.979094 19.578609 22.918762 -3.530776
21.356081 6.300586 10.788179 -6.329406 -5.440947 -13.538748 2.112336 5.189366 16.016121 7.276803 -11.629093 -5.333504 11.770865 -17.773781 10.564183 -0.938053 -3.909982 20.913092 -6.755383 -9.931647 -16.666849 -0.025751 23.534128 10.235089 -10.066230 -19.495905 0.536766 18.664774 23.727997 -2.842011
21.476950 5.483753 10.881880 -6.291211 -5.729586 -13.579977 1.239977 4.620470 15.905121 7.115903 -11.851690 -4.137506 11.704434 -17.436008 10.635925 -0.450166 -3.637000 21.366991 -6.764692 -9.467656 -16.394367 -0.440914 22.335108 9.639316 -10.847762 -20.370180 0.134895 18.042553 24.160854 -2.176535
21.345755 4.453480 10.729139 -6.733574 -5.836958 -13.877410 0.446775 4.358913 16.023993 6.418565 -11.274430 -3.023542 12.039716 -17.584864 11.141148 -0.131787 -3.350339 21.588545 -6.701234 -9.061640 -16.734945 -0.783579 22.161236 8.210111 -11.640997 -20.995472 -0.255843 16.835417 24.628788 -1.673797
21.376169 3.573869 10.303552 -6.380634 -6.248136 -14.054046 -0.649402 3.840885 15.997545 5.956283 -11.289116 -1.915453 11.628268 -17.480709 11.895156 0.143933 -3.221067 21.449820 -6.431632 -9.058439 -16.746840 -0.922556 21.646011 7.555507 -12.307172 -21.706413 -0.695502 16.106850 25.302317 -1.168789
21.185513 2.672040 9.931305 -6.480803 -6.534694 -14.374739 -1.623428 3.575527 15.959856 5.571460 -11.350773 -0.537899 11.213366 -17.173145 12.498658 0.491155 -2.957645 21.208124 -6.419901 -9.088561 -16.849031 -1.195891 21.299726 6.596436 -12.865039 -22.436295 -1.180835 15.123186 25.696117 -0.558184
20.849695 1.803625 9.815066 -6.739404 -6.763291 -14.662210 -2.426393 3.337797 16.001884 4.889732 -11.583167 0.604771 10.901347 -16.872932 13.161113 0.671348 -2.737611 20.837002 -6.185328 -9.244072 -16.491688 -1.265946 20.832785 5.596121 -13.291634 -23.028999 -1.404016 14.255578 25.470203 0.080737
20.063169 0.842321 9.830561 -6.972986 -6.916292 -14.645945 -3.246713 2.841192 16.034735 4.312917 -11.599365 1.456715 10.903864 -16.482792 13.668069 1.206710 -2.408969 20.412161 -5.956810 -9.308543 -15.430315 -0.879973 20.650940 4.920695 -13.760138 -23.540777 -1.343948 13.481602 25.621967 0.731623
19.266268 0.203336 10.077768 -6.747066 -7.199178 -14.339592 -3.713850 2.346765 16.293207 3.392288 -11.467690 2.346511 10.892413 -16.313881 13.907964 1.717917 -1.903917 19.992342 -6.072462 -9.298594 -14.691981 0.105218 20.863846 4.043265 -14.369782 -23.629242 -1.135248 12.624696 25.044184 0.931174
18.975067 -0.429207 10.290361 -6.676702 -7.508916 -14.383177 -4.615810 1.762698 16.181479 3.071832 -10.856296 3.367916 10.552853 -15.939794 14.317180 2.053221 -1.275431 19.313099 -6.075010 -9.426452 -13.474524 0.762552 21.093822 2.802147 -14.750134 -23.524269 -0.733713 11.591547 25.001932 1.360908
18.375071 -0.844270 10.529519 -6.328195 -7.890301 -14.223402 -5.124072 1.356745 16.180349 2.602813 -10.735595 4.133731 10.367448 -15.614861 14.569377 2.334418 -0.616152 18.663157 -6.011002 -9.494496 -12.183036 1.974191 21.129087 2.122736 -15.289414 -23.295361 0.027149 10.800971 25.245260 2.012646
18.089773 -1.354461 10.699814 -6.348121 -7.946177 -14.197070 -5.540927 1.022303 16.256563 2.207200 -10.282747 4.373143 10.275895 -15.450377 14.837771 2.872098 -0.239643 18.103701 -6.062076 -9.290415 -11.188140 3.624713 21.140364 1.097797 -15.751656 -22.537056 0.899618 10.406974 25.298990 2.144020
17.685987 -1.661205 10.976204 -6.230225 -8.016533 -14.000773 -5.662278 0.769949 16.312777 1.903175 -10.115449 4.935133 9.988048 -15.285698 15.162545 3.141695 0.261815 17.404196 -5.924027 -9.215024 -10.445781 4.802715 21.184311 0.323498 -16.302887 -21.858374 1.831065 9.792409 25.501341 2.541787
17.841930 -2.032021 11.165812 -5.946747 -8.155487 -13.987472 -6.254484 0.257076 16.047932 2.354059 -9.906838 5.247923 9.939697 -15.362037 15.420342 3.266202 0.589898 16.927893 -5.926511 -9.034841 -8.695235 5.536886 20.432878 -0.337387 -16.384060 -20.778370 3.000433 9.903165 26.043980 2.662484
17.907028 -2.153404 11.255745 -5.556870 -8.363414 -13.898621 -6.525926 0.002652 15.963638 2.340329 -9.660410 5.544677 9.915528 -15.235285 15.529376 3.347095 1.058257 16.608641 -5.978389 -8.857549 -7.847453 5.621428 20.192286 -0.828167 -16.466003 -20.294964 3.557630 9.693295 25.988337 2.842484
17.751074 -2.543106 11.336930 -5.808242 -8.227023 -13.790329 -7.004260 -0.507343 15.839130 2.551730 -9.510500 5.651633 9.852496 -15.190374 15.655622 3.193198 1.303828 16.350086 -5.934214 -8.806710 -6.747010 5.834962 19.812395 -1.537416 -16.371025 -19.514526 4.336230 9.917199 26.723122 2.746875
17.787828 -2.642823 11.319514 -5.681619 -8.283470 -13.815282 -7.235920 -0.662534 15.728175 2.660686 -9.495599 5.824062 9.765889 -15.159927 15.827426 3.092208 1.451403 16.104837 -5.910058 -8.718411 -5.879631 6.172034 19.088879 -1.811558 -16.438534 -18.983463 4.959258 10.231587 27.245623 2.763749
17.787138 -2.646036 11.340578 -5.721982 -8.327632 -13.857124 -7.376050 -0.714064 15.603552 2.719290 -9.482927 6.054115 9.701153 -15.091321 15.905002 2.981403 1.591643 15.955569 -5.956835 -8.595174 -5.603287 6.002567 18.920055 -2.233105 -16.406250 -18.606298 5.264031 10.133472 27.353941 2.838393
17.726107 -2.637500 11.356190 -5.768071 -8.334163 -13.896497 -7.401776 -0.692996 15.569182 2.701648 -9.417721 6.083969 9.725778 -15.087002 15.922687 2.983889 1.634198 15.918815 -5.994381 -8.563121 -5.564737 5.997970 18.856859 -2.302198 -16.440170 -18.556520 5.310584 10.093921 27.310272 2.861816
