9.231244 -9.677832 4.637234 4.213110 -7.355546 -15.289578 -3.342933 5.697319 16.942680 13.979033 -17.815687 4.054892 20.775759 -0.707003 13.131563 -1.294315 6.212565 14.914424 -1.690974 -4.359099 12.997928 1.154479 13.391240 12.187037 -24.913584 -13.014271 6.812768 1.723275 34.615562 -8.718513
9.161347 -9.751987 4.489276 4.048648 -7.179267 -15.136019 -3.152354 5.681925 17.262484 13.805798 -17.433060 3.692190 21.044373 -0.812981 12.847264 -0.957757 5.866368 15.272345 -1.826299 -4.475070 12.723532 1.546412 14.148323 12.861292 -24.753057 -13.628621 6.368862 1.755917 34.217869 -8.689275
8.609867 -9.729271 4.112410 3.134819 -6.634658 -15.110332 -2.503555 6.164053 17.754595 13.561207 -17.029228 3.426878 21.295855 -0.973351 12.475392 -0.753246 5.322454 15.900497 -2.168856 -4.678185 11.730968 0.495953 15.315487 12.794518 -24.447338 -13.650040 5.856807 1.249542 33.778931 -9.033775
8.123493 -9.417755 3.451857 2.412146 -6.110520 -15.112177 -1.527780 6.977790 18.367048 13.155786 -16.060013 2.403383 21.861784 -0.977885 11.478132 -0.461607 5.087346 16.578466 -2.647115 -4.870689 11.103807 -0.428132 17.152964 12.816639 -23.738758 -13.472595 5.260597 0.940664 32.526558 -10.070193
7.418438 -9.347572 2.885352 1.196280 -5.217448 -14.779503 -0.506013 7.477221 19.090147 13.059332 -15.546661 1.472520 22.677494 -1.390361 10.811679 -0.090667 4.511352 17.158358 -3.066067 -4.622196 10.756614 -2.564245 18.291811 12.849541 -22.656700 -13.313486 4.517337 1.159847 31.424690 -11.360304
6.652451 -9.130375 2.477229 0.108040 -4.515564 -14.673225 0.566229 8.216791 19.684727 12.740257 -14.576578 0.618962 23.282358 -1.563414 10.162271 0.315860 4.190724 17.601252 -3.378330 -4.655453 11.062402 -3.748798 19.598539 13.010455 -21.585815 -12.935119 4.409779 1.497404 30.670536 -12.139791
5.844994 -9.028926 1.895243 -1.056254 -3.821742 -14.608835 1.515025 8.954605 20.367285 12.318737 -13.322815 -1.024877 24.100512 -2.024593 9.242020 0.858446 3.939004 18.027819 -3.470203 -4.815617 11.580761 -4.601847 20.490707 13.205704 -20.699770 -12.838247 4.509087 1.849602 29.936268 -12.286764
5.639847 -8.713600 1.767924 -1.646003 -3.427727 -14.475890 2.132133 9.290754 20.555826 12.432907 -12.266516 -2.123591 24.535412 -2.389568 8.935176 1.063419 3.864561 18.123709 -3.428581 -4.681800 12.040794 -5.629924 20.944120 12.807214 -19.584024 -12.169190 4.471302 2.701574 29.228807 -13.451796
4.396131 -8.571805 1.702788 -2.608787 -3.038603 -14.324940 2.903971 9.897758 20.925831 11.864504 -10.907024 -3.110306 24.923109 -2.775019 8.215596 1.333307 4.356831 18.028353 -3.387357 -4.787079 12.263965 -5.984943 21.665907 12.411151 -19.029072 -11.453192 4.797087 2.807691 28.734831 -14.038494
3.932849 -8.512709 1.491978 -2.987267 -2.752028 -14.218714 3.423639 10.243063 21.263224 11.562510 -10.486244 -3.631239 25.070225 -2.858078 7.916451 1.723141 4.309163 18.112940 -3.470738 -4.755467 12.360160 -5.960152 22.182129 12.119557 -18.843105 -11.135834 5.049366 2.757091 28.367033 -14.256813
4.042799 -8.140596 1.737045 -2.773165 -2.855454 -13.981430 3.647083 10.200597 21.140116 11.843777 -10.423191 -4.035441 25.128044 -2.932724 7.700537 1.961478 4.263011 18.061848 -3.605578 -4.553112 12.502093 -5.553063 22.200418 12.507779 -18.738529 -11.104161 5.163760 3.028377 28.224394 -14.269752
4.143061 -6.689643 2.982874 -1.771436 -2.942900 -12.649235 5.317504 10.092129 21.230293 12.352587 -11.514330 -5.206189 24.995201 -3.062014 6.724952 3.152711 3.499401 18.659536 -4.088700 -4.368196 13.695855 -4.363157 23.217686 14.108755 -17.762699 -10.753422 5.864714 3.958638 27.557312 -14.191107
2.871571 -4.599409 6.636038 -0.196230 -2.970149 -9.647309 8.975418 9.670197 21.871294 12.947477 -14.376194 -7.351207 25.185829 -3.837153 4.513558 6.949402 2.922915 17.108871 -5.204836 -5.032801 16.721842 0.346315 26.032728 17.970255 -15.771082 -9.132909 8.049293 5.326126 22.693884 -13.023531
0.621089 0.368070 9.996841 4.782243 -5.471191 -4.580609 11.620718 7.973269 21.620089 14.777281 -18.632065 -11.230731 22.769068 -3.459140 3.257054 12.314499 1.388750 11.647401 -5.894432 -6.851097 20.436487 6.906465 29.456076 22.431356 -13.594292 -7.210833 11.505290 7.752398 14.652494 -11.222052
-3.381912 5.786822 9.067104 7.880916 -10.065956 -0.010087 9.851717 6.447969 18.076269 19.491631 -22.412699 -18.394497 17.035395 -1.934034 3.376953 15.069297 2.020108 3.582922 -5.268781 -9.159530 24.767078 9.545906 29.916204 28.970804 -9.774257 -5.216015 15.689678 12.121976 2.256752 -7.645592
-5.345796 9.607888 4.621773 11.506876 -15.308483 2.079321 4.797394 4.906861 14.207390 23.019764 -23.928934 -22.430252 7.954785 -1.881126 5.032384 12.657449 3.268811 -2.257446 -7.067624 -10.843564 26.270596 6.271662 23.092390 29.920822 -7.319152 -8.025420 17.750076 16.974159 -8.235602 -1.340974
-6.953157 13.013119 -0.550515 14.522503 -19.308546 2.349552 0.934180 4.398180 12.023929 24.096958 -24.406248 -24.986855 0.001286 -0.068457 6.590245 8.339044 5.726373 -3.741759 -7.090115 -12.127386 24.928513 -1.591821 13.043926 25.241533 -5.017125 -12.997315 19.913857 21.886543 -10.410278 8.489055
-12.692717 16.208513 -7.977381 15.918025 -22.895193 1.273785 -1.727035 7.120986 10.089767 22.571781 -23.587563 -27.237518 -5.468853 3.559913 7.787556 2.007099 9.291881 -4.973735 -8.340311 -10.835675 22.072630 -6.831663 2.035795 21.672247 -4.689418 -14.199770 22.521381 26.939121 -11.462347 14.122158
-18.340666 18.577459 -15.005484 15.075050 -24.577175 1.811648 -3.636730 8.209370 9.803512 20.039606 -21.112925 -27.665119 -8.799591 7.195768 11.288694 -1.574595 9.530511 -6.750007 -11.734600 -6.584500 15.781840 -9.853040 -8.994762 17.544823 -6.891860 -13.897636 23.930515 30.181231 -12.587142 16.372189
-21.921221 19.191746 -18.662767 13.382833 -23.673647 3.758887 -3.574184 7.550208 10.584049 19.104912 -19.707699 -27.628513 -10.205161 9.153381 13.208886 -2.882135 9.050485 -7.293116 -13.675470 -4.182886 13.711423 -11.663732 -13.489363 13.844476 -7.250082 -13.403666 24.573360 32.092697 -12.325213 16.911972
-22.218454 19.175238 -18.993174 13.286242 -23.502525 3.906365 -3.460969 7.515978 10.812581 18.839626 -19.245203 -27.628693 -10.336644 9.438416 13.341251 -3.142246 9.017882 -7.238876 -13.855593 -4.119795 13.658624 -11.845726 -14.003424 13.357286 -7.214963 -13.596944 24.501919 32.405270 -12.133390 17.101837
-21.386185 19.215954 -18.133944 14.589746 -24.213289 3.366637 -3.724318 7.594095 10.439447 19.013861 -19.915169 -27.668995 -10.140607 8.685629 13.219393 -2.607701 8.930769 -7.611060 -13.368172 -4.679006 13.693019 -11.558557 -12.364466 13.333616 -6.469393 -13.965045 24.237692 32.377064 -12.591933 17.681059
-20.074955 18.907400 -16.439011 16.195484 -24.792044 2.699669 -3.816741 7.501962 10.282640 18.796600 -20.118818 -27.699184 -10.070703 7.717577 12.892934 -2.129279 8.987620 -7.907786 -12.076199 -6.477097 13.696234 -10.247660 -9.957350 13.773653 -5.893829 -14.438799 23.963009 32.021385 -12.370417 18.432178
-18.019255 18.716623 -14.668458 18.043564 -25.316288 1.872167 -3.851777 7.298698 10.264582 18.166370 -19.901421 -28.038334 -9.695720 6.475432 12.749463 -1.191438 8.348046 -8.076361 -10.539709 -8.624810 14.896930 -9.113580 -7.469562 13.721989 -4.515674 -14.987503 24.010574 32.418640 -11.291503 19.843256
-15.839075 18.013720 -12.565270 21.066204 -25.545298 1.585614 -3.347701 6.654365 10.799440 17.947206 -20.511793 -28.059359 -9.606438 5.128601 12.345668 0.182082 7.762189 -8.042674 -9.586531 -10.323245 16.879988 -8.063733 -3.791323 13.342855 -2.360185 -16.464104 23.470081 32.820438 -10.078132 21.637300
-13.887543 17.664259 -10.796907 22.557325 -25.311705 1.573780 -2.947402 5.720807 11.413084 17.042337 -20.392134 -27.997776 -9.058098 3.935590 11.883189 1.046907 7.550570 -8.119876 -8.359703 -12.052907 17.412214 -6.592431 0.131832 13.457058 -1.432025 -16.901577 23.253662 32.186630 -9.244410 22.594912
-12.583349 17.224186 -9.910734 23.792328 -25.000540 1.560989 -2.513908 5.281286 12.009413 16.755678 -20.552036 -27.730358 -8.855580 3.205164 11.726921 2.273595 6.790299 -7.880476 -7.800107 -13.409635 19.439814 -6.029890 3.053023 14.167073 -0.881462 -17.491779 22.838087 31.324316 -8.740052 22.780357
-11.543317 17.347216 -8.823215 24.513191 -24.709929 2.174434 -2.203915 4.077968 12.728742 15.541451 -20.289221 -27.388411 -9.249617 2.420392 11.957789 3.001909 6.092570 -8.097385 -7.494958 -14.450385 20.243196 -6.042748 4.927341 14.953255 -1.074288 -17.406406 22.810314 29.960464 -8.396541 22.938028
-10.580280 17.477026 -8.047281 24.884010 -24.465036 2.378228 -2.035940 3.303757 13.238605 14.448698 -20.263529 -27.063948 -9.267523 1.875942 11.942512 3.898752 5.426800 -7.982656 -7.189045 -15.015621 20.972715 -5.682119 5.797165 15.744649 -1.415795 -17.508753 22.522018 28.975601 -8.536278 22.629122
-10.108799 17.513128 -7.764577 24.889900 -24.303785 2.489548 -1.999279 2.960440 13.436623 14.000937 -20.285645 -26.791309 -9.198647 1.452862 11.934947 4.320343 5.130412 -7.950302 -7.045462 -15.327942 21.001318 -5.468418 6.493108 15.902839 -1.457821 -17.745594 22.213963 28.547180 -8.602415 22.603630
-10.067059 17.291895 -7.385334 24.865437 -24.098663 2.463031 -1.703717 3.029212 13.616306 13.995430 -20.172148 -26.793449 -9.165078 1.216787 12.000987 4.559956 4.994547 -7.911773 -7.084203 -15.350743 21.289888 -5.251196 6.921481 15.991913 -1.313370 -17.856998 21.995903 28.521629 -8.653056 22.386499
-9.989128 16.328903 -6.491478 25.063108 -23.100904 2.438552 -0.140694 3.699962 14.324198 14.828982 -20.550131 -27.052792 -7.625926 0.405136 11.297030 5.361502 4.684342 -6.787796 -6.495161 -15.269837 22.321501 -4.301232 8.513945 16.537191 -0.479436 -19.411179 20.360130 28.911331 -8.161579 21.866224
-8.623556 14.085919 -4.422777 25.251526 -21.296726 2.116826 1.900840 4.189219 15.537369 15.780886 -20.950048 -27.085327 -4.616603 -0.714365 11.546029 7.961738 3.285649 -5.967385 -5.375162 -14.436220 22.255718 -0.083727 10.706661 17.337667 0.077269 -19.712021 18.645836 29.889467 -6.300958 19.965725
-6.923122 12.376765 -1.599966 24.603672 -19.785246 2.110595 3.978592 4.603379 16.494297 16.619045 -19.909952 -26.534790 -1.486144 -2.300830 12.301761 10.387609 0.813654 -6.226606 -4.949681 -14.041971 21.651087 5.473255 13.338419 19.620974 -0.266905 -17.945877 18.068861 30.660721 -3.696106 17.034882
-3.149086 10.914736 2.018661 22.783688 -17.246984 2.096204 6.772473 4.842103 17.285406 16.773140 -19.463427 -24.793457 2.316852 -5.386528 12.718226 12.744725 -2.208109 -4.589468 -5.537103 -12.001175 21.209455 10.636100 16.295383 22.986082 -1.790751 -17.276278 16.318430 29.953903 -1.149750 13.687226
3.078848 10.801391 7.469110 17.664473 -14.122995 1.961716 9.191019 3.798181 17.583593 16.173010 -17.984125 -22.297607 5.146390 -8.423450 15.462852 14.088343 -6.893890 -0.940629 -4.271599 -11.044256 21.020992 16.710680 18.353552 23.033035 -2.566860 -15.758377 14.532905 30.738066 3.467930 8.900072
10.487188 9.464581 10.763865 12.132786 -10.199879 -0.050316 10.915695 3.703565 17.782606 15.906675 -15.684297 -18.955366 7.011229 -10.479613 19.961561 11.691407 -12.020051 3.971504 -1.850143 -11.515815 18.815313 21.107664 19.808693 20.946917 -3.014750 -14.802716 11.119920 32.059822 9.111931 1.174589
10.488091 3.273979 7.642903 7.281153 -5.645218 -7.570635 10.176105 8.300457 19.299070 17.625572 -21.309410 -11.795921 19.403374 -2.964316 8.012355 2.571121 -2.632221 15.645276 -3.019315 -8.779402 17.347881 7.231610 24.402891 25.751009 -9.880073 -11.205719 8.622428 16.451595 24.403570 -9.746254
14.788937 -0.674436 3.810427 3.744427 -3.924792 -13.436975 5.793303 9.436190 18.351595 17.542978 -18.183229 -6.567038 20.079525 -4.559736 8.807726 -2.069516 -2.849322 21.435198 -3.943962 -7.110148 11.857565 -2.315033 17.913530 21.674765 -14.147850 -14.595045 4.542573 13.059677 37.508919 -9.401060
11.982426 -7.733132 -0.276305 -2.599757 -1.474760 -18.285648 1.651858 10.673229 20.065617 11.933671 -10.815658 -2.745199 20.935570 -2.346548 10.017117 -5.897873 1.997232 21.904999 -3.131454 -6.995482 9.994425 -12.530371 18.746477 12.462017 -15.952408 -14.751093 1.299849 5.786234 41.450565 -10.854521
6.888783 -14.440515 -0.855831 -5.571997 -0.030421 -19.712177 -1.833200 9.262012 20.588362 10.338044 -6.740883 0.921042 21.031269 1.218141 10.979097 -6.130682 5.878532 20.186348 -2.574778 -7.962495 6.878752 -16.013937 20.389536 4.625663 -21.077076 -10.235665 2.623601 -1.685897 37.393715 -14.516688
4.304063 -16.934063 -0.635175 -8.936377 0.679202 -20.608568 -3.742974 8.165069 19.390862 10.551224 -5.249506 3.214445 20.370867 3.463707 12.151923 -5.458832 7.098405 18.801725 -1.739256 -8.352717 7.820022 -15.108641 14.939040 -2.380452 -24.198900 -8.484844 2.721279 -3.655503 37.756401 -15.692348
2.246879 -19.416723 -0.893080 -11.661243 0.554161 -22.169542 -6.401059 7.173953 18.675467 9.225349 -3.410638 4.323771 18.476086 5.438939 14.134076 -6.204347 8.146702 16.781820 -0.341534 -10.707330 8.900702 -11.317335 12.444049 -8.325220 -26.392912 -7.119966 2.087458 -3.937197 34.086937 -19.440525
1.477145 -21.720232 -0.235405 -11.692650 0.179081 -23.000505 -8.975178 5.332327 18.359961 7.948327 -2.492592 4.865776 15.995698 8.101603 14.787476 -3.611441 8.164998 16.826715 1.287187 -14.124843 9.438170 -9.949740 7.829835 -13.890114 -29.827236 -10.766747 -0.323960 -4.912253 30.506289 -20.359747
-1.041610 -23.937880 2.114249 -9.606560 -0.261751 -21.073328 -10.605496 1.783062 18.719431 6.994387 -1.937340 7.018983 13.514539 10.545921 15.650794 0.202839 8.455898 15.447478 1.748883 -16.686666 11.473547 -6.680327 8.805671 -13.227882 -31.722267 -15.685472 -2.049184 -8.426268 22.753242 -18.388992
-5.180788 -25.101004 5.274559 -8.171535 -0.770206 -18.220329 -10.725769 -1.011137 19.118555 6.090726 1.710573 7.676770 12.533422 12.782499 15.288627 2.498241 10.450597 14.039247 1.324762 -17.255272 18.402235 -1.197960 12.984121 -11.521065 -30.476162 -16.909206 -0.607711 -9.136537 15.785351 -17.315092
-7.069695 -25.502802 6.059378 -7.955618 -0.439793 -16.152042 -10.387071 -2.473349 19.914202 6.251322 3.555593 7.963663 10.836822 14.451914 14.701955 4.592607 12.428006 12.403937 1.069475 -17.878073 23.551043 -0.860372 15.274058 -7.274113 -28.445885 -19.720905 -0.694044 -9.874025 12.654477 -14.851017
-9.241597 -25.548658 6.265434 -7.887608 -0.530438 -13.884809 -10.917473 -4.289416 20.172522 6.799020 2.963848 8.782708 10.061635 15.136018 14.263476 6.642907 13.152760 11.389518 0.169723 -17.605310 23.733383 2.918974 18.224747 -3.734304 -28.571121 -21.209084 -0.581302 -11.456323 9.823519 -13.201062
-11.865996 -25.516932 7.725976 -7.765560 -1.472409 -12.858121 -11.832232 -5.411750 19.629618 6.639880 4.225578 8.897885 9.511359 15.584461 13.525180 7.444710 15.573358 9.031991 -0.457180 -17.265745 25.196913 6.251571 19.889223 -2.391549 -28.598595 -21.279091 0.270214 -11.983391 7.527559 -12.564672
-12.068417 -25.204636 8.063991 -7.073940 -1.945706 -12.075668 -12.479813 -6.357620 19.261200 7.321187 4.882734 8.439908 9.394241 15.521166 13.171029 7.779416 16.461559 8.262079 -0.658786 -17.017008 26.658546 7.419672 19.676111 -1.439651 -28.327251 -21.771858 0.601647 -11.396601 6.920594 -12.053939
