-8.190139 -2.316102 15.830395 -6.482008 -10.141289 -1.753269 -1.797067 -3.692863 24.653275 -14.510104 -3.880050 1.426293 4.107532 -11.125422 9.127898 24.143606 14.570756 -6.886464 -13.346589 -7.577172 6.486601 23.359447 16.685638 2.760483 -19.657986 -17.984026 17.319370 7.660449 -9.052955 10.503784
-7.931211 -2.318625 16.017561 -6.449612 -10.100117 -1.765338 -1.678722 -3.689535 24.673477 -14.395974 -3.855610 1.570458 4.033406 -11.187486 9.055249 23.999176 14.721402 -6.923390 -13.374660 -7.608244 6.174630 23.618338 16.783445 2.907878 -19.618038 -17.951916 17.216152 7.860336 -8.852212 10.410592
-7.899242 -2.177758 16.085411 -6.418742 -10.279268 -1.723346 -1.860039 -3.754729 24.447462 -14.075643 -3.960205 1.449006 4.119205 -11.405161 8.937440 23.696838 14.662194 -6.826364 -13.454823 -7.532545 5.959514 23.492237 16.540384 3.352772 -19.713045 -17.746532 17.363003 8.004668 -8.894858 10.309996
-7.550436 -2.096618 16.336136 -6.160617 -10.435337 -1.729221 -1.867225 -3.773076 24.270336 -13.781910 -4.124421 1.413171 4.304830 -11.727873 8.782329 23.385836 14.676642 -6.958221 -13.457418 -7.450556 5.336633 23.526155 16.663309 3.660144 -19.694412 -17.671774 17.261192 8.238774 -8.580693 10.215573
-7.048814 -1.679085 16.658890 -5.616441 -10.705495 -1.536443 -1.891972 -3.963037 23.886696 -13.108609 -4.390653 1.433310 4.354058 -11.936611 8.660884 23.299410 14.607518 -6.811480 -13.600704 -7.273395 4.819111 23.168264 16.976307 3.739727 -19.411274 -17.589689 17.134809 8.518833 -8.222982 10.221705
-6.774843 -1.587944 16.799900 -5.752544 -10.861066 -1.662266 -2.131229 -3.975286 23.500937 -12.806579 -4.874036 1.293461 4.402297 -12.225014 8.388494 23.037743 14.466496 -6.549338 -13.796968 -7.072317 4.396678 22.854445 17.099848 3.914882 -19.300503 -17.423271 17.093250 8.776779 -7.801387 10.072470
-6.329256 -0.913505 17.133083 -4.953113 -11.315832 -1.418696 -2.036900 -3.982623 22.997091 -11.840853 -5.696563 1.163710 4.475494 -12.415895 8.043714 22.899050 14.467870 -6.417194 -14.010567 -6.880825 4.337122 21.729992 17.432970 3.792766 -18.725399 -17.144361 17.224033 9.206523 -7.370114 10.000616
-6.042847 -0.357113 17.534580 -4.746463 -11.669750 -1.137451 -2.418505 -4.398135 22.279898 -10.690960 -6.673063 0.823491 4.347092 -12.721143 7.857896 22.349783 14.267376 -6.111059 -14.101126 -6.854284 3.680050 20.818705 17.640730 3.967402 -18.255360 -17.009020 17.175034 9.911070 -6.702278 9.989312
-5.527901 0.364639 18.070061 -4.532160 -12.022682 -0.780755 -2.597735 -4.775006 21.665287 -9.694348 -7.448165 0.542550 4.219785 -13.159842 7.587635 21.729296 14.258627 -5.964066 -14.531742 -6.636158 3.065791 19.503340 18.377703 3.832742 -17.529169 -16.482609 17.083090 10.321805 -6.652712 9.557856
-4.971939 1.103706 18.205296 -3.962305 -12.507909 -0.661463 -3.017137 -5.046216 20.856421 -8.480184 -7.905620 0.342454 4.052381 -13.399154 7.204869 21.159454 14.350959 -5.971219 -14.846436 -6.654319 2.380630 18.204994 18.309906 4.217619 -17.422262 -15.913543 17.018196 10.389050 -6.282570 9.102018
-4.850473 1.741227 18.177998 -3.559873 -12.985889 -0.612525 -3.269526 -5.037061 20.232824 -7.619941 -8.560870 -0.335730 4.047726 -13.711672 6.767618 20.878141 14.139890 -5.725783 -15.000988 -6.672425 1.841019 17.368513 18.407671 4.741012 -17.311565 -15.559625 17.006538 10.491549 -6.031467 8.937344
-4.236755 2.209907 18.521820 -3.504273 -13.126750 -0.338062 -3.476249 -5.446256 19.736727 -6.543029 -9.109980 -0.660039 3.756693 -13.915848 6.285873 20.614885 14.152221 -5.564080 -15.401224 -6.887498 1.842051 16.085743 18.655409 4.549182 -16.942873 -15.366943 17.236296 10.387158 -5.878930 9.242140
-4.222544 2.910987 18.917978 -3.181347 -13.641451 0.073514 -3.979474 -6.045516 18.992960 -5.517760 -9.602640 -1.049347 3.594791 -14.054451 5.729741 20.337393 14.336377 -5.818008 -15.883203 -7.027420 1.663565 15.054381 18.840425 4.215622 -16.585459 -14.970140 17.440823 10.479525 -5.863080 9.270131
-4.182239 3.655133 19.217550 -2.955380 -14.101349 0.357187 -4.357019 -6.404626 18.280497 -4.481543 -10.279255 -1.296401 3.457820 -14.072317 5.389032 19.832481 14.300474 -5.901632 -16.262552 -7.062107 1.921054 14.390717 18.703104 4.480496 -16.347651 -14.969487 17.556721 10.756386 -5.713442 9.452551
-4.397744 4.286114 19.013124 -2.920941 -14.595890 0.311061 -4.742545 -6.305680 17.716303 -4.068923 -10.755341 -1.588523 2.876977 -13.752579 4.873171 19.199018 14.600432 -6.229079 -16.517344 -7.611106 1.641312 13.467253 19.163702 4.356210 -15.938450 -14.739376 17.575706 10.864106 -5.593804 9.397885
-4.485258 4.607340 18.943176 -2.882629 -14.854176 0.434719 -5.080917 -6.487343 17.344725 -3.450311 -11.447518 -1.735716 2.632663 -13.515242 4.703777 19.115108 14.565364 -6.140663 -16.664347 -7.857894 1.640467 12.527518 19.159613 4.518906 -15.639097 -14.779097 17.630795 11.013563 -5.602818 9.578950
-4.536007 5.064609 18.810390 -2.857517 -15.027372 0.626365 -5.296464 -6.643978 17.020582 -2.829191 -11.498919 -2.056714 2.685122 -13.563868 4.440424 18.775549 14.604263 -6.160869 -16.867737 -8.068797 1.820218 11.914845 19.418447 4.501876 -15.365502 -14.657046 17.772709 10.891928 -5.982513 9.713243
-4.563890 5.252570 18.899672 -2.985384 -14.954659 0.956763 -5.334832 -6.980100 16.947950 -2.293993 -11.724476 -2.347782 2.710372 -13.531052 4.309858 18.221985 14.580682 -6.183121 -16.869677 -8.213943 1.547932 11.577401 19.570948 4.492454 -15.267036 -14.471029 17.722231 10.856218 -6.073448 9.565662
-4.657707 5.585837 18.499413 -2.967366 -15.192762 0.856773 -5.454281 -6.734792 16.743763 -2.220460 -11.742535 -2.411739 2.542142 -13.408417 4.140262 18.119024 14.751245 -6.369914 -17.152220 -8.160794 1.408937 11.291679 19.566011 4.533416 -15.226833 -14.385067 17.749676 10.776005 -6.172642 9.557611
-4.624795 5.611215 18.394894 -2.915459 -15.222837 0.830471 -5.498962 -6.730141 16.707705 -2.190327 -11.715204 -2.535961 2.524215 -13.393215 4.064329 18.192589 14.821430 -6.497351 -17.254156 -8.108916 1.420296 11.171227 19.428749 4.578724 -15.248614 -14.401644 17.785816 10.761573 -6.132626 9.636557
-4.369686 5.747404 18.496508 -2.742493 -15.264574 0.809378 -5.291279 -6.568071 16.663963 -2.013495 -11.928570 -2.351232 2.617626 -13.425163 4.158028 17.940914 14.727855 -6.408181 -17.074026 -8.135913 1.419456 11.583404 19.455971 4.799150 -15.320828 -14.337178 17.863708 10.894855 -6.016656 9.667849
-3.945581 6.071775 18.838207 -2.802173 -15.337978 0.368081 -4.906211 -5.964302 16.272093 -1.769452 -12.517405 -2.450394 2.935979 -13.678555 4.229938 18.083830 14.430265 -6.259958 -17.014526 -7.904468 0.885957 12.496669 20.087318 5.482903 -15.356161 -13.592772 18.250221 11.008542 -5.779571 9.550974
-3.497167 6.714391 19.919838 -2.847456 -15.270130 0.528267 -3.957199 -5.626628 15.948627 -0.681340 -13.154526 -2.648302 3.871227 -14.271107 4.169051 18.232800 13.924127 -5.957480 -16.684107 -7.601889 0.521212 13.337274 21.538309 5.810654 -15.030047 -12.690521 18.434441 10.967552 -5.594257 9.127320
-2.362184 7.397662 20.537371 -2.931881 -15.178931 0.105793 -2.903446 -4.650159 15.348551 0.485850 -14.383202 -3.105047 4.919868 -15.285664 4.310292 17.399691 12.702250 -5.125855 -16.094303 -7.047403 -0.353345 14.484748 23.112587 6.414972 -14.442932 -10.957684 18.884113 11.493778 -5.156880 8.060921
-1.098031 8.418629 21.343668 -3.337269 -14.706647 -0.156041 -1.197753 -3.554522 15.185072 1.526409 -15.916816 -3.765061 6.047291 -16.442665 4.981681 16.947332 10.691291 -3.928168 -15.184275 -6.429986 -1.263055 15.811601 24.718931 7.426664 -13.980288 -9.235914 19.529860 12.247051 -4.320098 7.092952
-0.054094 9.583385 22.231625 -4.864005 -14.122848 -0.474596 0.315448 -2.562630 15.078274 1.833841 -16.462965 -5.251525 8.619205 -17.861786 5.372656 16.815355 8.638709 -2.963624 -14.408185 -4.911442 -3.126314 16.248991 26.241392 7.581126 -12.968302 -7.434925 19.846088 13.642823 -3.528875 5.609933
0.945754 10.555748 22.021389 -5.086265 -13.519094 -1.431429 2.121084 -0.699197 14.903601 2.896032 -16.993746 -6.087968 10.031129 -18.802189 6.327022 15.166549 6.912598 -2.181790 -13.737442 -4.105250 -4.510274 16.753942 27.100124 9.728932 -12.946068 -5.456673 20.163460 14.172913 -3.186763 3.553434
2.507457 11.612337 22.423431 -5.938633 -12.768274 -1.911465 3.936763 0.783506 14.098013 5.028889 -16.732433 -8.355225 11.210525 -19.209654 8.231083 13.721089 4.729778 -2.463480 -11.611317 -4.110459 -5.715749 17.316545 28.111116 12.781761 -13.029593 -2.739482 20.047409 14.652515 -4.247671 -0.289068
3.926438 13.012058 22.650616 -7.095213 -12.340281 -2.338385 5.253146 2.157252 13.132571 6.509104 -16.915499 -10.913605 12.017208 -19.416401 9.304729 11.775714 2.984089 -2.324371 -10.190226 -3.802164 -5.756029 17.576082 28.764040 14.641359 -11.967054 -0.416809 20.026958 16.336491 -4.751416 -3.579180
4.753865 13.553558 21.327007 -7.385766 -12.006048 -3.156341 6.003146 3.725757 12.995018 7.060074 -16.626705 -12.814636 12.239717 -19.752682 9.967187 9.558632 1.886191 -1.900414 -9.361650 -4.101041 -5.660810 16.879267 28.940226 16.156652 -10.705729 1.446871 19.753445 17.941216 -4.800983 -6.733503
4.877375 14.440496 19.816076 -7.592841 -11.966135 -3.865269 7.005217 5.666862 13.136595 6.986316 -15.762586 -15.083347 12.961297 -19.598774 9.947906 6.621881 1.446233 -1.243137 -8.406267 -4.372809 -6.285484 15.661202 27.467112 18.337507 -9.733532 2.553781 18.475801 19.882509 -5.331244 -10.301868
4.413165 14.634276 17.419523 -7.523972 -12.096495 -5.280039 7.706194 8.384706 13.081505 7.453810 -14.330206 -17.300119 14.356093 -19.393639 9.200256 3.666597 1.691454 -0.322157 -7.935945 -4.021142 -6.373970 13.109998 26.148558 18.729153 -8.968834 3.542942 17.557507 21.388908 -5.578612 -13.720296
4.060296 15.269376 15.121004 -8.409179 -12.047214 -6.187523 8.130218 10.468864 12.865088 7.825120 -13.154062 -19.373211 14.112080 -19.905277 9.525866 1.258695 1.418904 -0.145629 -7.741493 -3.948790 -7.182087 9.996846 25.098774 18.176950 -7.860904 5.066608 17.161104 23.286034 -5.982559 -17.103273
3.332015 15.867295 12.690605 -9.620621 -12.180281 -6.707706 7.774177 11.780457 12.637575 7.476241 -11.606979 -21.764322 14.633939 -19.848400 9.115893 -0.989614 2.055419 0.085220 -7.425576 -3.263307 -7.387795 5.168506 23.418425 17.805998 -6.979488 6.185780 16.422235 24.519255 -7.345208 -20.701502
2.166971 16.714823 10.732178 -10.828692 -12.443920 -7.101021 7.731731 13.219246 12.235245 7.284201 -10.106224 -23.711601 14.067054 -20.241703 8.608273 -2.890207 2.741374 0.251765 -7.390750 -3.096731 -6.870671 1.437463 20.761515 17.623865 -6.568356 6.794372 16.033840 25.464127 -8.480186 -23.201788
0.827295 17.446634 8.465729 -11.868649 -12.798718 -7.438028 7.251153 14.332802 11.915962 6.865032 -8.852692 -25.572113 13.531693 -20.245090 8.332175 -4.439188 3.599376 0.363425 -7.240204 -2.857558 -5.363283 -2.582671 18.294395 16.627069 -6.216456 7.481091 16.058842 25.961658 -9.896083 -25.487902
-0.317076 18.295893 7.074735 -12.722213 -13.135422 -7.240998 6.818852 14.759873 11.549246 6.773193 -7.601801 -27.075926 12.606725 -20.170589 7.829787 -5.827974 4.747801 0.356979 -7.572780 -2.488738 -4.353545 -5.617911 16.114435 16.593990 -6.470903 8.034830 16.205297 26.144051 -11.206716 -27.189802
-0.941112 19.267069 5.628120 -13.039806 -13.499916 -7.290955 6.448971 15.241597 11.321098 6.500794 -6.553904 -27.837278 11.439120 -20.251497 7.875298 -6.887803 5.493725 0.357169 -7.763106 -2.481667 -4.043215 -8.120816 14.833572 16.021898 -6.385213 8.142512 15.866309 25.904469 -11.840504 -27.869572
-1.530895 19.706858 4.587400 -13.244459 -13.723202 -7.308608 6.077075 15.413033 11.455605 5.879267 -6.173739 -28.333784 10.778952 -20.052828 7.495108 -7.692420 6.375141 0.372170 -8.060832 -2.490855 -3.792895 -9.653001 13.652414 15.539792 -6.292655 7.939867 15.612596 26.008680 -12.365150 -28.116220
-1.979824 19.864614 4.137661 -13.414164 -13.779311 -7.266834 5.987170 15.498523 11.651585 5.332179 -5.783829 -28.520399 10.603818 -20.039268 7.448714 -7.980501 6.679054 0.315730 -8.151902 -2.435209 -3.593906 -10.147553 13.262057 15.744429 -6.468756 7.917641 15.610367 25.824045 -12.675956 -28.247862
-1.855715 19.855772 4.071004 -13.386071 -13.775742 -7.354301 5.911336 15.495057 11.639984 5.300335 -5.832464 -28.476595 10.582843 -20.025631 7.450833 -8.053297 6.655243 0.390734 -8.156786 -2.430984 -3.669507 -10.123786 13.181732 15.833007 -6.445343 7.874238 15.572491 25.893356 -12.601062 -28.208933
-1.639438 19.863878 4.072628 -13.452272 -13.716638 -7.463215 5.886725 15.558066 11.461167 5.673653 -5.999433 -28.421522 10.536180 -19.991272 7.523315 -8.227106 6.588932 0.561943 -8.087705 -2.403598 -3.809731 -10.139038 13.074129 15.618340 -6.302736 7.743499 15.483206 26.050964 -12.426950 -28.074736
-1.338179 19.899172 4.113492 -13.482794 -13.607166 -7.553820 5.934040 15.609183 11.323437 6.084311 -6.222625 -28.334326 10.365988 -19.995808 7.734982 -8.459572 6.457537 0.720942 -7.916818 -2.492335 -3.966599 -10.076530 12.797737 15.894442 -6.343364 7.684566 15.445775 26.333126 -12.189467 -28.171337
-0.746228 19.910387 3.933711 -13.557014 -13.536085 -7.935669 5.656907 15.644474 11.072891 6.364104 -6.442657 -28.304346 10.288722 -19.946779 7.835948 -8.750606 6.320310 0.983045 -7.793313 -2.519110 -4.177290 -10.062061 12.690930 16.120890 -6.241518 7.735669 15.485667 26.640360 -11.825749 -28.165266
-0.310041 19.958303 3.982311 -13.655124 -13.393363 -8.179705 5.662496 15.738861 10.883753 6.658982 -6.618536 -28.347252 10.277149 -19.814877 7.932483 -9.146912 6.235980 1.375164 -7.653886 -2.419047 -4.569131 -10.448746 12.196655 16.274176 -6.119219 7.618604 15.309278 27.124683 -11.051495 -28.256243
0.385649 19.975204 3.959857 -13.690234 -13.204939 -8.592184 5.699310 15.933863 10.734518 6.989494 -7.229673 -28.288540 10.118024 -19.852194 8.102333 -9.432332 5.869047 1.835701 -7.398337 -2.555098 -4.859191 -10.512124 11.336904 16.639549 -6.141980 7.225857 15.233411 27.722330 -10.413087 -28.041845
1.146343 20.082003 3.783160 -13.655582 -13.087257 -9.084139 5.635806 16.180090 10.505398 7.420706 -7.723691 -28.081627 10.118926 -19.576675 8.283556 -9.891211 5.596114 2.414594 -7.024350 -2.632477 -5.340538 -10.657951 10.591078 17.095554 -6.042915 6.875140 15.112988 28.342052 -9.562118 -27.772661
1.974502 20.463001 3.623299 -13.068523 -13.137198 -9.487634 5.635410 16.373602 10.268740 7.857178 -8.489629 -27.860344 9.919877 -19.328312 8.404731 -10.311596 5.390026 2.966247 -6.812085 -2.731326 -5.928360 -10.803267 9.836681 17.218117 -5.604225 6.248305 14.976916 29.253193 -8.704205 -26.942741
2.574369 20.664497 3.381221 -12.924543 -13.081538 -9.844543 5.559639 16.570625 10.028791 8.253695 -8.804554 -27.680948 9.780581 -19.125500 8.614667 -10.875131 5.251079 3.431423 -6.674059 -2.636853 -6.640554 -10.799135 9.134789 17.706766 -5.342801 5.706057 14.802629 30.069988 -7.834028 -26.343737
3.237695 21.102879 3.088984 -12.236877 -13.190453 -10.064259 5.542068 16.641520 9.961048 8.342331 -9.766524 -27.358509 9.381515 -19.019890 8.843778 -11.313304 4.901170 3.972940 -6.469633 -2.802760 -7.333294 -10.765524 8.996607 17.766954 -4.718680 5.147649 14.819845 30.927742 -7.041895 -25.094223
4.211406 21.523884 3.026325 -11.637590 -13.252034 -10.285563 5.411731 16.548649 9.701948 8.731800 -10.588856 -26.988350 8.997088 -18.874741 8.982606 -11.571666 4.603621 4.458054 -6.458744 -2.775887 -7.888676 -10.482366 8.807167 18.352373 -4.488712 4.786755 14.813456 31.630342 -6.321471 -24.330757
5.250608 21.940983 3.162023 -11.062418 -13.266770 -10.442971 5.379331 16.409286 9.423758 9.171696 -11.093200 -26.850883 8.653169 -18.822514 9.198098 -12.099011 4.361198 4.978693 -6.500865 -2.708465 -8.483817 -10.312196 7.820987 19.481203 -4.640063 4.412319 14.849857 32.321743 -5.736543 -23.713118
6.077661 22.451029 3.166653 -10.634457 -13.408590 -10.548186 5.233700 16.285686 9.129051 9.517671 -11.708462 -26.596907 8.133443 -18.934134 9.353562 -12.401460 4.087565 5.338901 -6.501402 -2.813515 -9.514205 -10.088441 6.837568 19.957239 -4.160142 3.481526 14.886025 33.540005 -4.683757 -21.972548
6.866678 22.966204 3.464634 -10.456454 -13.401455 -10.494332 5.256639 16.097771 8.769178 10.099554 -12.615074 -26.280361 7.648938 -18.847570 9.516426 -12.581284 3.801367 5.665850 -6.365728 -3.012669 -10.368622 -9.571813 6.057621 20.362938 -3.771877 2.588146 14.892783 34.594875 -3.758014 -20.450626
7.606003 23.306170 3.489499 -9.938022 -13.480705 -10.618268 5.190851 16.027466 8.542210 10.402664 -13.135032 -26.153202 7.283145 -18.825001 9.636850 -12.826542 3.553895 6.006590 -6.306327 -3.087631 -11.045649 -9.257327 5.425434 20.807224 -3.465158 1.967045 14.922910 35.463181 -3.127485 -19.340197
8.230569 23.637793 3.577316 -9.539798 -13.512980 -10.666183 5.165650 15.874989 8.465561 10.372046 -13.531366 -25.910946 6.867261 -18.859238 9.685443 -13.131539 3.404086 6.329740 -6.477087 -3.093082 -11.879449 -8.963616 4.927594 20.785393 -2.922940 1.317948 14.987370 36.483864 -2.256448 -17.996508
8.588274 23.788980 3.428718 -9.086927 -13.569628 -10.801862 5.102015 15.886010 8.378099 10.504663 -13.998085 -25.777721 6.668544 -18.765209 9.651733 -13.254007 3.338100 6.563122 -6.572040 -3.059976 -12.201507 -8.933238 4.544244 21.157591 -2.829222 0.947023 15.010481 36.889240 -1.772998 -17.392122
8.776371 23.840734 3.219036 -8.712410 -13.623125 -10.907170 5.046898 15.915396 8.366631 10.538279 -14.475642 -25.637358 6.550520 -18.555038 9.683161 -13.346225 3.258031 6.695159 -6.496182 -3.074527 -12.520474 -8.902191 4.447567 21.267233 -2.549210 0.722230 14.964143 37.293091 -1.348247 -16.942837
9.017651 24.038935 3.248408 -8.562724 -13.647451 -10.859891 5.068566 15.863362 8.284077 10.668185 -14.828337 -25.517212 6.382864 -18.493141 9.699952 -13.446815 3.197393 6.791219 -6.501920 -3.084249 -12.676333 -8.859500 4.423430 21.351946 -2.470079 0.592426 14.882148 37.396912 -1.280447 -16.794750
9.092739 24.112371 3.253731 -8.455648 -13.640167 -10.817785 5.104589 15.812119 8.329733 10.560813 -14.972118 -25.457787 6.294857 -18.423063 9.697827 -13.507586 3.212155 6.802639 -6.453887 -3.176280 -12.728783 -8.738336 4.309663 21.431446 -2.411469 0.494522 14.873566 37.561813 -1.265748 -16.637049
9.131758 24.076128 3.349527 -8.466257 -13.634499 -10.850804 5.119615 15.833132 8.265926 10.708188 -14.968054 -25.472055 6.443063 -18.439898 9.690354 -13.348366 3.129317 6.791450 -6.437542 -3.103389 -12.715518 -8.651278 4.474708 21.433977 -2.443340 0.544317 14.914925 37.452965 -1.246923 -16.654028
9.285541 23.900328 3.578819 -8.560968 -13.536928 -10.884983 5.192335 15.803844 8.299539 10.760811 -14.906464 -25.288576 6.494552 -18.517998 9.799808 -13.290462 2.930791 6.831732 -6.343729 -3.263542 -12.850661 -8.346167 4.855210 21.544582 -2.470125 0.659910 14.967546 37.348175 -0.929210 -16.631304
9.871812 23.699057 3.945424 -8.687481 -13.431290 -11.027382 5.048900 15.528147 8.381968 10.484097 -14.720161 -25.044939 6.871341 -18.725311 9.924520 -13.025376 2.616012 6.828920 -6.276384 -3.300222 -13.082452 -7.662576 5.604735 21.492050 -2.488258 0.818687 15.025565 37.089996 -0.543944 -16.465929
10.533098 23.561342 4.382254 -8.788235 -13.282541 -11.028551 5.014732 15.179937 8.512631 10.324784 -14.619947 -24.689957 7.209951 -18.838392 10.026734 -13.118533 2.398770 7.035957 -6.225939 -3.402257 -13.535236 -6.895038 6.293879 21.404446 -2.375839 0.866592 14.995692 37.179050 0.072749 -16.273148
10.964994 23.090775 4.864910 -8.876833 -13.024160 -11.169786 5.114869 15.060940 8.552553 10.597221 -14.517130 -24.393764 7.819538 -18.806623 10.421004 -13.101144 1.966231 7.173362 -5.959150 -3.361384 -13.935046 -5.976940 6.942317 21.519392 -2.462845 0.852161 14.912292 37.100449 0.723164 -16.084898
11.110633 22.203115 5.320641 -8.787537 -12.645910 -11.555567 5.304976 15.147713 8.701159 10.954260 -14.460863 -23.743492 8.333132 -18.856260 10.800261 -12.776695 1.562525 7.096688 -5.802039 -3.364910 -14.462764 -4.373724 8.123797 21.994711 -2.763943 1.098759 14.753419 36.820770 1.715801 -16.172895
11.324408 21.293283 5.885333 -8.867033 -12.184218 -12.004228 5.625419 15.318610 8.925969 11.193321 -14.733266 -23.100159 9.097816 -18.498936 11.173297 -12.534992 1.263331 7.143292 -5.299657 -3.587950 -15.034379 -2.328522 10.073505 22.073168 -3.059657 1.484439 14.486571 36.253971 2.682430 -16.444578
11.207346 20.120180 6.213698 -8.568543 -11.831869 -12.536226 5.855331 15.627185 9.101661 11.664944 -14.853013 -22.195625 9.904016 -18.117044 11.468326 -12.241643 1.012154 7.338425 -4.980370 -3.721132 -15.243533 -0.137708 11.650922 21.983946 -3.394391 1.293976 14.040214 35.846085 3.503402 -16.359682
10.989267 18.707355 6.651804 -7.757846 -11.573040 -13.156694 6.099938 16.007008 9.125239 12.686975 -15.007444 -21.300625 10.626101 -17.846897 11.896480 -11.845260 0.640837 7.290239 -4.629687 -3.750538 -15.383682 1.983578 12.862217 22.257160 -3.727706 1.226987 13.651967 35.524513 4.408716 -16.393761
10.816780 17.387716 7.105601 -6.993359 -11.373953 -13.782358 6.210254 16.255445 9.172695 13.327159 -15.330808 -20.659195 11.672609 -17.457209 12.141862 -11.354104 0.378952 7.286923 -4.215482 -3.789543 -15.177067 4.033622 14.795179 22.405153 -3.895265 1.624883 13.392430 34.843307 5.007115 -16.657547
10.580787 16.270292 7.869189 -6.312741 -11.038971 -14.154374 6.555336 16.334728 9.327979 13.839202 -15.567253 -19.619816 12.508403 -17.128942 12.509865 -10.977145 0.151440 7.381457 -3.900280 -3.752323 -15.214814 6.378434 15.658489 22.418158 -4.229714 1.363847 13.225972 34.762398 6.449450 -16.025959
10.942450 15.172001 8.573118 -6.203118 -10.638657 -14.411953 6.474594 15.961706 9.453829 14.109297 -15.971195 -18.782722 13.482929 -16.340389 12.959633 -10.659265 -0.011946 7.448115 -3.143949 -4.114334 -15.212849 8.506810 16.684874 23.473280 -5.501842 1.244926 12.856126 33.544563 8.257638 -16.271835
11.559617 14.486958 9.223604 -6.284719 -10.385336 -14.494514 6.198724 15.266550 9.785706 13.641577 -16.237982 -17.396782 14.113420 -15.918695 13.418630 -10.498859 -0.387645 7.729558 -2.916067 -4.397611 -15.480052 10.276196 17.267197 24.579268 -7.037382 1.020075 12.364686 32.059902 9.925803 -16.734940
11.690380 13.400468 9.654271 -5.941102 -10.256610 -14.820343 5.767039 14.833119 9.924224 13.628020 -16.680258 -16.451494 14.655169 -15.501825 13.746283 -10.344676 -0.435964 7.455042 -2.616144 -4.779054 -15.617793 11.852761 17.605894 25.454687 -8.696220 0.798451 12.066472 30.432045 11.219171 -17.134726
17.004501 14.949094 11.013284 -6.673163 -10.267052 -14.197405 3.430532 10.370607 12.121232 5.298600 -14.900640 -13.110641 10.991721 -19.415802 13.181052 -9.233479 -1.504257 9.813188 -5.655747 -6.694711 -16.726379 12.031633 21.021517 16.498209 -4.007944 -2.487137 11.699607 32.964500 15.457685 -11.462276
17.432673 13.853294 11.684732 -6.563193 -9.818134 -14.381525 3.238655 9.737961 12.471376 5.277252 -15.403708 -11.970046 11.091100 -19.249390 13.877938 -8.749253 -1.931707 9.739434 -5.510596 -6.851464 -17.107183 12.951470 20.929724 16.688656 -5.428666 -3.207009 11.473195 31.138924 17.126535 -9.999537
17.637972 12.909411 12.024482 -6.475511 -9.391903 -14.792814 3.253315 9.620863 12.754349 5.497238 -15.725992 -10.630146 10.933916 -19.081871 14.480460 -8.296597 -2.090881 9.875699 -5.200802 -7.196996 -17.384832 12.650562 20.655718 16.444098 -6.730251 -4.080725 11.210726 29.488371 19.411642 -8.608812
18.175669 11.844357 12.585730 -6.551044 -9.040712 -15.212025 2.862550 9.138454 12.795162 5.783190 -15.437965 -9.445430 11.298553 -19.159477 14.847880 -7.623230 -2.175761 10.155275 -5.150949 -7.201207 -17.067617 11.288383 19.727415 14.720857 -7.919448 -5.395414 10.549640 27.821362 21.307076 -7.995705
18.853502 11.124807 13.360916 -7.345506 -8.673756 -15.317265 2.494129 8.468943 12.788121 5.793882 -14.829849 -8.150812 11.519619 -19.620888 15.098701 -7.097089 -2.532744 10.800050 -5.595524 -6.848190 -17.055412 10.563739 19.483822 12.293091 -8.543510 -6.689389 10.472767 26.959362 22.901514 -6.399805
18.907381 10.201120 13.894239 -9.129839 -8.312897 -15.691009 1.794784 8.107920 12.502978 6.021714 -14.766685 -6.038839 12.180975 -20.286406 15.137469 -7.307943 -2.103191 11.177287 -6.894698 -5.365394 -19.711622 9.671631 18.895674 10.476528 -9.637443 -8.112257 10.062800 26.002096 23.503336 -5.092837
19.944916 9.692827 14.544090 -9.716683 -7.812625 -15.354757 1.599167 7.110535 12.777155 5.884129 -13.894162 -4.834479 12.429050 -20.661648 15.106478 -7.052177 -2.061687 11.939075 -7.393876 -4.934838 -19.602522 8.609862 18.332451 8.614763 -10.263422 -8.656853 10.109226 25.230129 24.595770 -4.452948
20.155594 8.516366 14.608776 -9.793609 -7.491349 -15.631476 1.184290 6.742856 12.886034 6.114943 -13.497247 -3.585304 12.629043 -20.773792 14.997998 -6.705172 -1.831199 12.838093 -7.753112 -4.460770 -18.915579 7.728219 17.717068 6.734747 -10.539813 -10.237060 9.546504 24.782009 25.751583 -3.208884
20.612722 7.852982 14.919538 -9.717690 -7.667429 -15.546614 0.419659 5.979616 12.738253 6.023018 -13.206579 -2.449708 12.473893 -20.786827 14.770856 -5.790054 -1.768763 13.731734 -7.970998 -4.485319 -18.516268 6.938252 17.604975 5.171468 -10.865664 -11.472963 8.986801 24.007654 26.786016 -2.192989
20.895012 7.094318 14.961100 -9.466446 -7.907365 -15.441273 -0.267893 5.362693 12.804751 5.716584 -13.342915 -1.369317 12.037500 -20.376945 15.053846 -5.051031 -1.943668 14.458457 -7.886304 -4.402657 -17.858318 6.169596 16.845461 4.357593 -11.297687 -12.734430 8.361724 23.237534 27.608988 -1.056559
20.708704 5.947676 14.609580 -9.839558 -7.924173 -15.710014 -1.014043 5.096008 13.112474 4.825142 -12.640571 -0.448876 12.218085 -20.270943 15.510310 -4.455002 -1.791301 14.864735 -7.671491 -4.329276 -17.747923 5.454726 16.718075 2.770170 -11.836242 -13.294020 8.108342 22.157164 28.273493 -0.418257
20.713257 4.988363 13.996300 -9.335934 -8.246630 -15.812590 -2.044226 4.542567 13.266115 4.271533 -12.418483 0.404366 11.783950 -20.025686 16.125706 -3.820661 -1.962994 15.123575 -7.381133 -4.568232 -17.474962 5.213812 16.382891 2.259572 -12.302214 -14.358046 7.429786 21.365030 28.813292 0.314030
20.580271 4.013402 13.355807 -9.313992 -8.368368 -15.979080 -2.933608 4.162023 13.491510 3.766043 -12.211930 1.542620 11.416652 -19.667494 16.540977 -3.167264 -1.937313 15.242036 -7.361787 -4.883862 -17.612612 5.048370 16.273781 1.442636 -12.817284 -15.159732 6.810490 20.311197 29.326696 0.936163
20.337503 3.062127 12.973520 -9.470867 -8.407453 -16.110964 -3.648430 3.803202 13.799666 2.999425 -12.277592 2.448085 10.986850 -19.261070 16.926662 -2.754386 -1.921152 15.281338 -7.287575 -5.301544 -17.238916 4.872036 16.185328 0.646874 -13.052331 -16.036350 6.239931 19.387098 29.306971 1.524724
19.720970 2.002763 12.636755 -9.545187 -8.340839 -15.911599 -4.387067 3.148329 14.146526 2.344366 -11.993287 3.102380 10.915862 -18.771187 17.302082 -2.022816 -1.742943 15.095949 -7.134309 -5.563232 -16.581717 4.994603 16.055140 0.096543 -13.579170 -16.927742 5.900390 18.559631 29.266973 2.016345
19.051544 1.267276 12.523832 -9.272360 -8.349898 -15.429277 -4.701818 2.560555 14.722858 1.427266 -11.584614 3.782073 10.864082 -18.536049 17.366058 -1.175109 -1.569504 15.139739 -7.332497 -5.822249 -15.851859 5.826634 16.385473 -0.797091 -14.174074 -17.101006 5.976669 17.557259 28.415041 2.076302
18.970999 0.487760 12.293272 -9.122694 -8.306832 -15.192538 -5.409854 1.807136 15.001607 1.192209 -10.807518 4.695224 10.474246 -18.086559 17.643318 -0.555723 -1.185308 14.824570 -7.401997 -6.150315 -15.053899 6.352608 16.725492 -2.035755 -14.628547 -17.188755 6.096259 16.370485 28.052942 2.337502
18.483515 0.023930 12.312215 -8.748959 -8.532725 -14.878366 -5.847501 1.297889 15.171040 0.799864 -10.594080 5.423062 10.276565 -17.685459 17.765915 -0.132433 -0.661285 14.406887 -7.431226 -6.291609 -14.081613 7.243600 16.711607 -2.620946 -15.306036 -17.310658 6.540103 15.452532 28.042099 2.943140
18.374220 -0.587384 12.209700 -8.751488 -8.328047 -14.657834 -6.101252 0.847281 15.541220 0.438193 -10.103045 5.651894 10.101522 -17.444454 17.906425 0.534277 -0.449218 14.074851 -7.582896 -6.230524 -12.981494 8.325965 16.753283 -3.724166 -15.709004 -16.845411 7.120926 14.939840 28.085485 2.971313
18.064804 -0.880898 12.454748 -8.558371 -8.344783 -14.362155 -6.149922 0.523849 15.701681 0.087045 -9.884816 6.205903 9.795323 -17.230616 18.167027 0.859538 -0.043446 13.496280 -7.491279 -6.212998 -11.804537 9.267030 16.714220 -4.526413 -16.113628 -16.400764 7.915485 14.411654 28.624525 3.432703
18.398918 -1.274222 12.514559 -8.225627 -8.326119 -14.203302 -6.642209 -0.104362 15.589066 0.608783 -9.599932 6.461423 9.646279 -17.236425 18.389782 1.096566 0.134424 13.147837 -7.490496 -6.147213 -10.772334 9.666757 16.185682 -5.200114 -16.165167 -15.676399 8.609793 14.493013 28.947775 3.484142
18.530378 -1.418115 12.508429 -7.824944 -8.457266 -14.034861 -6.872288 -0.411317 15.590702 0.636883 -9.310352 6.748189 9.610749 -17.088955 18.460814 1.234201 0.519410 12.928393 -7.587589 -6.010101 -9.950191 9.780408 15.868581 -5.624734 -16.242004 -15.347619 9.099535 14.340559 29.011469 3.806452
18.412569 -1.810804 12.558791 -8.068099 -8.294600 -13.880469 -7.337693 -0.962517 15.507559 0.838928 -9.165330 6.874539 9.524959 -17.031162 18.563919 1.116751 0.727267 12.690698 -7.569990 -5.982325 -9.066558 9.781217 15.618331 -6.383022 -16.152946 -14.816782 9.646454 14.382218 29.392759 3.849594
18.517277 -1.920785 12.469720 -7.955308 -8.279135 -13.841843 -7.523534 -1.147422 15.448824 1.025605 -9.146965 7.036514 9.410811 -16.987362 18.716122 1.042208 0.848415 12.471122 -7.556009 -5.919583 -8.071246 9.980760 14.894751 -6.733897 -16.157234 -14.386120 10.227738 14.683558 29.843803 3.976224
18.562576 -1.936538 12.451294 -7.983025 -8.279780 -13.843637 -7.636592 -1.226421 15.361806 1.124186 -9.118485 7.260877 9.332643 -16.911556 18.787628 0.934719 0.971696 12.337521 -7.614206 -5.804633 -7.828075 9.804797 14.751521 -7.110240 -16.120083 -14.108605 10.435307 14.576648 29.829765 4.030908
18.516832 -1.931487 12.458765 -8.036368 -8.277609 -13.871362 -7.664775 -1.217620 15.329494 1.121608 -9.036551 7.289031 9.359486 -16.913277 18.803238 0.938381 1.011868 12.299104 -7.657925 -5.770040 -7.757977 9.818595 14.693624 -7.182507 -16.146111 -14.039438 10.497229 14.543510 29.795025 4.057277
