0.358262 0.628354 0.942503 0.428879 0.923351
0.358754 0.627867 0.942586 0.428766 0.923372
0.360159 0.626462 0.942823 0.428440 0.923431
0.361656 0.624460 0.943035 0.427975 0.923390
0.363826 0.621663 0.943358 0.427326 0.923368
0.366536 0.618130 0.943766 0.426506 0.923352
0.369656 0.613915 0.944236 0.425527 0.923331
0.372335 0.609335 0.944587 0.424465 0.923172
0.375970 0.603926 0.945130 0.423210 0.923121
0.378773 0.598363 0.945482 0.421920 0.922897
0.381540 0.592430 0.945823 0.420545 0.922647
0.384108 0.586272 0.946124 0.419118 0.922358
0.386411 0.580021 0.946376 0.417670 0.922034
0.388669 0.573736 0.946630 0.416215 0.921722
0.390329 0.567762 0.946777 0.414833 0.921359
0.391345 0.562291 0.946813 0.413567 0.920956
0.392601 0.557213 0.946921 0.412393 0.920649
0.393397 0.552973 0.946963 0.411412 0.920358
0.393730 0.549782 0.946941 0.410675 0.920101
0.393633 0.547834 0.946866 0.410225 0.919899
0.393843 0.547062 0.946889 0.410046 0.919859
0.396885 0.543956 0.947325 0.409328 0.920478
0.405309 0.534995 0.948541 0.407259 0.922216
0.416993 0.520944 0.950211 0.404016 0.924761
0.430961 0.502072 0.952267 0.399665 0.927953
0.446076 0.478716 0.954618 0.394288 0.931620
0.458958 0.452290 0.956732 0.388215 0.935341
0.469294 0.423191 0.958676 0.381539 0.939082
0.475659 0.392506 0.960280 0.374512 0.942698
0.477093 0.361361 0.961438 0.367395 0.946115
0.471727 0.331711 0.961838 0.360633 0.949187
0.461168 0.303724 0.961785 0.354263 0.952118
0.445747 0.278299 0.961287 0.348489 0.954950
0.425524 0.256647 0.960248 0.343584 0.957671
0.402391 0.238670 0.958878 0.339521 0.960370
0.377794 0.224485 0.957264 0.336323 0.963031
0.352898 0.214451 0.955410 0.334069 0.965546
0.330014 0.207845 0.953555 0.332592 0.967819
0.311270 0.203978 0.951927 0.331732 0.969679
0.298739 0.202085 0.950780 0.331314 0.970929
0.294236 0.201534 0.950357 0.331192 0.971379
0.295864 0.200985 0.950671 0.331068 0.971419
0.300484 0.199435 0.951561 0.330718 0.971533
0.307652 0.197052 0.952934 0.330180 0.971719
0.316889 0.194010 0.954691 0.329493 0.971972
0.327712 0.190486 0.956729 0.328696 0.972287
0.339494 0.186798 0.958920 0.327863 0.972651
0.352448 0.182423 0.961325 0.326876 0.973096
0.365025 0.178641 0.963612 0.326021 0.973539
0.377802 0.174609 0.965925 0.325110 0.974029
0.390262 0.170628 0.968165 0.324211 0.974539
0.401752 0.167154 0.970207 0.323427 0.975026
0.412895 0.163436 0.972190 0.322588 0.975539
0.422494 0.160524 0.973880 0.321930 0.975982
0.431519 0.157415 0.975475 0.321228 0.976433
0.433303 0.160333 0.975717 0.321885 0.976307
0.437147 0.160482 0.976381 0.321919 0.976394
0.439751 0.160986 0.976830 0.322032 0.976414
0.437329 0.165369 0.976351 0.323020 0.976026
0.439390 0.164727 0.976731 0.322876 0.976114
0.440056 0.164534 0.976856 0.322832 0.976145
0.440056 0.164534 0.976856 0.322832 0.976145
0.440056 0.164534 0.976856 0.322832 0.976145
0.440056 0.164534 0.976856 0.322832 0.976145
0.440056 0.164534 0.976856 0.322832 0.976145
0.440056 0.164534 0.976856 0.322832 0.976145
0.440056 0.164534 0.976856 0.322832 0.976145
0.440056 0.164534 0.976856 0.322832 0.976145
0.440056 0.164534 0.976856 0.322832 0.976145
0.440056 0.164534 0.976856 0.322832 0.976145
0.440056 0.164534 0.976856 0.322832 0.976145
0.440056 0.164534 0.976856 0.322832 0.976145
0.440056 0.164534 0.976856 0.322832 0.976145
0.440056 0.164534 0.976856 0.322832 0.976145
0.440056 0.164534 0.976856 0.322832 0.976145
0.440056 0.164534 0.976856 0.322832 0.976145
0.440056 0.164534 0.976856 0.322832 0.976145
0.440056 0.164534 0.976856 0.322832 0.976145
0.440056 0.164534 0.976856 0.322832 0.976145
0.440056 0.164534 0.976856 0.322832 0.976145
0.440056 0.164534 0.976856 0.322832 0.976145
0.440056 0.164534 0.976856 0.322832 0.976145
0.440056 0.164534 0.976856 0.322832 0.976145
0.440056 0.164534 0.976856 0.322832 0.976145
0.440056 0.164534 0.976856 0.322832 0.976145
0.440056 0.164534 0.976856 0.322832 0.976145
0.440056 0.164534 0.976856 0.322832 0.976145
0.440056 0.164534 0.976856 0.322832 0.976145
0.440056 0.164534 0.976856 0.322832 0.976145
0.440056 0.164534 0.976856 0.322832 0.976145
0.440056 0.164534 0.976856 0.322832 0.976145
0.440056 0.164534 0.976856 0.322832 0.976145
0.440056 0.164534 0.976856 0.322832 0.976145
0.440056 0.164534 0.976856 0.322832 0.976145
0.440056 0.164534 0.976856 0.322832 0.976145
0.440056 0.164534 0.976856 0.322832 0.976145
0.440056 0.164534 0.976856 0.322832 0.976145
0.440056 0.164534 0.976856 0.322832 0.976145
0.440056 0.164534 0.976856 0.322832 0.976145
0.440056 0.164534 0.976856 0.322832 0.976145
