0.984685 0.820849 0.535955 0.193752 0.568611
0.983917 0.820854 0.536067 0.193307 0.568642
0.981726 0.820843 0.536389 0.192036 0.568729
0.978290 0.820739 0.536898 0.190031 0.568867
0.973796 0.820445 0.537574 0.187384 0.569047
0.968442 0.819848 0.538395 0.184188 0.569263
0.962424 0.818842 0.539342 0.180535 0.569506
0.955946 0.817334 0.540395 0.176515 0.569771
0.949086 0.815387 0.541474 0.172265 0.570035
0.942276 0.812696 0.542688 0.167772 0.570318
0.935482 0.809502 0.543905 0.163212 0.570595
0.928941 0.805745 0.545148 0.158635 0.570843
0.922808 0.801570 0.546389 0.154139 0.571135
0.917192 0.797044 0.547610 0.149801 0.571382
0.911909 0.792615 0.548668 0.145812 0.571579
0.907605 0.787963 0.549768 0.142071 0.571787
0.903898 0.783708 0.550703 0.138820 0.571950
0.900947 0.779986 0.551488 0.136117 0.572081
0.898567 0.777239 0.552007 0.134132 0.572154
0.897193 0.775356 0.552378 0.132837 0.572210
0.896719 0.774688 0.552508 0.132385 0.572230
0.895323 0.775167 0.552591 0.131308 0.571872
0.891137 0.776573 0.552785 0.128217 0.570843
0.884662 0.778312 0.553223 0.123100 0.569289
0.875267 0.780610 0.553644 0.116240 0.567233
0.863797 0.782462 0.554307 0.107449 0.564876
0.849702 0.783991 0.554955 0.097007 0.562239
0.833885 0.784318 0.555781 0.084806 0.559498
0.816187 0.783452 0.556580 0.071174 0.556680
0.797489 0.780849 0.557435 0.056210 0.553890
0.778485 0.776292 0.558330 0.040187 0.551189
0.759740 0.769812 0.559194 0.023508 0.548613
0.741893 0.761539 0.996529 0.459946 0.978605
0.725686 0.751709 0.997283 0.457635 0.976354
0.711605 0.740782 0.997982 0.455073 0.974306
0.700013 0.729369 0.998636 0.452403 0.972499
0.690795 0.718289 0.999186 0.449815 0.970931
0.683968 0.708240 0.999643 0.447470 0.969627
0.679338 0.700287 1.000000 0.445616 0.968679
0.672846 0.696188 0.999369 0.444661 0.967600
0.671699 0.694441 0.999410 0.444254 0.967306
0.671294 0.695337 0.999348 0.444463 0.967333
0.670142 0.697888 0.999170 0.445058 0.967408
0.668280 0.701892 0.998879 0.445992 0.967515
0.665813 0.707109 0.998495 0.447209 0.967646
0.665097 0.712672 0.998576 0.448508 0.968041
0.661082 0.719850 0.997926 0.450183 0.968092
0.656718 0.727558 0.997222 0.451984 0.968138
0.652126 0.735571 0.996486 0.453856 0.968177
0.647360 0.743693 0.995722 0.455755 0.968200
0.642638 0.751723 0.994978 0.457633 0.968227
0.637975 0.759513 0.994249 0.459455 0.968245
0.633459 0.766915 0.993550 0.461188 0.968257
0.629173 0.773799 0.992893 0.462801 0.968262
0.625165 0.780018 0.992280 0.464258 0.968250
0.621593 0.785558 0.991745 0.465556 0.968251
0.618512 0.790287 0.991293 0.466664 0.968256
0.615971 0.794107 0.990923 0.467560 0.968258
0.614077 0.796976 0.990653 0.468233 0.968269
0.612865 0.798755 0.990480 0.468650 0.968269
0.612443 0.799372 0.990419 0.468795 0.968270
0.612254 0.799011 0.990427 0.468711 0.968261
0.611703 0.797954 0.990451 0.468463 0.968235
0.610823 0.796228 0.990489 0.468059 0.968193
0.609646 0.793862 0.990541 0.467504 0.968136
0.608217 0.790880 0.990607 0.466806 0.968067
0.606576 0.787305 0.990685 0.465969 0.967987
0.604770 0.783161 0.990777 0.464999 0.967897
0.602850 0.778467 0.990880 0.463901 0.967801
0.600920 0.773229 0.991022 0.462675 0.967705
0.596518 0.768484 0.990586 0.461566 0.967111
0.585578 0.765632 0.988569 0.460898 0.965187
0.574369 0.762370 0.986495 0.460134 0.963213
0.562619 0.758834 0.984288 0.459307 0.961131
0.550671 0.754931 0.982025 0.458393 0.959005
0.538376 0.750756 0.979664 0.457417 0.956804
0.526518 0.746065 0.977387 0.456319 0.954682
0.515085 0.740908 0.975187 0.455113 0.952634
0.503353 0.735598 0.972887 0.453872 0.950513
0.491227 0.730221 0.970460 0.452615 0.948301
0.479959 0.724373 0.968207 0.451248 0.946244
0.469419 0.718161 0.966094 0.449797 0.944316
0.458748 0.711951 0.963917 0.448347 0.942348
0.448779 0.705501 0.961874 0.446842 0.940504
0.438537 0.699221 0.959736 0.445376 0.938595
0.429466 0.692653 0.957846 0.443844 0.936901
0.420912 0.686094 0.956050 0.442315 0.935297
0.412824 0.679622 0.954340 0.440807 0.933774
0.405209 0.673297 0.952717 0.439333 0.932334
0.398081 0.667177 0.951188 0.437908 0.930981
0.391451 0.661319 0.949759 0.436544 0.929719
0.385331 0.655779 0.948431 0.435255 0.928551
0.379936 0.650540 0.947259 0.434036 0.927519
0.375323 0.645644 0.946255 0.432898 0.926633
0.370751 0.641418 0.945252 0.431915 0.925756
0.367531 0.637449 0.944548 0.430992 0.925133
0.364057 0.634375 0.943781 0.430278 0.924467
0.361863 0.631702 0.943299 0.429657 0.924042
0.360271 0.629731 0.942949 0.429199 0.923733
0.358595 0.628769 0.942576 0.428976 0.923416
