0.982160 0.807972 0.535300 0.197465 0.570352
0.981401 0.807983 0.535411 0.197023 0.570381
0.979235 0.807987 0.535730 0.195756 0.570465
0.975836 0.807914 0.536233 0.193760 0.570597
0.971481 0.807560 0.536955 0.191083 0.570794
0.966203 0.806986 0.537783 0.187886 0.571006
0.960266 0.806011 0.538737 0.184230 0.571248
0.953866 0.804542 0.539798 0.180203 0.571509
0.947082 0.802640 0.540887 0.175941 0.571771
0.940267 0.800081 0.542076 0.171462 0.572047
0.933513 0.796958 0.543299 0.166887 0.572322
0.927021 0.793273 0.544556 0.162287 0.572594
0.920799 0.789224 0.545767 0.157797 0.572813
0.915293 0.784686 0.547040 0.153400 0.573100
0.910094 0.780246 0.548142 0.149357 0.573306
0.905588 0.775823 0.549175 0.145652 0.573489
0.902020 0.771475 0.550180 0.142326 0.573671
0.899056 0.767792 0.550973 0.139600 0.573803
0.896656 0.765083 0.551494 0.137601 0.573875
0.895268 0.763222 0.551868 0.136297 0.573931
0.894788 0.762561 0.551999 0.135841 0.573950
0.893568 0.762063 0.552020 0.135262 0.573786
0.890073 0.760604 0.552078 0.133597 0.573316
0.884731 0.758037 0.552240 0.130874 0.572602
0.877335 0.754743 0.552331 0.127326 0.571637
0.868381 0.750476 0.552439 0.122956 0.570491
0.857987 0.745328 0.552505 0.117897 0.569189
0.846940 0.738869 0.552706 0.112062 0.567829
0.834892 0.731646 0.552805 0.105780 0.566384
0.822513 0.723398 0.552933 0.099030 0.564910
0.809901 0.714421 0.553010 0.092021 0.563457
0.797359 0.704860 0.553041 0.084893 0.562046
0.785539 0.694626 0.553146 0.077651 0.560728
0.774216 0.684273 0.553175 0.070644 0.559440
0.763861 0.674171 0.553189 0.063973 0.558337
0.754844 0.664338 0.553257 0.057729 0.557358
0.747040 0.655449 0.553283 0.052233 0.556511
0.740711 0.647840 0.989836 0.433459 0.988252
0.735805 0.642057 0.989791 0.432110 0.987719
0.732839 0.638257 0.989793 0.431224 0.987398
0.731810 0.636917 0.989793 0.430911 0.987286
0.731882 0.637648 0.989706 0.431082 0.987256
0.732251 0.639617 0.989501 0.431541 0.987186
0.732547 0.642870 0.989091 0.432300 0.987034
0.732998 0.647043 0.988557 0.433273 0.986825
0.733671 0.651855 0.987936 0.434396 0.986561
0.734440 0.657218 0.987205 0.435649 0.986239
0.735546 0.662718 0.549921 0.056845 0.553451
0.736798 0.668306 0.549113 0.060733 0.553031
0.738226 0.673783 0.548276 0.064793 0.552562
0.739802 0.679007 0.547426 0.068952 0.552048
0.741592 0.683799 0.546609 0.073084 0.551516
0.743424 0.688060 0.545809 0.077160 0.550945
0.745376 0.691932 0.545058 0.081073 0.550400
0.747296 0.695175 0.544366 0.084749 0.549855
0.749126 0.697861 0.543742 0.088108 0.549337
0.750778 0.699972 0.543201 0.091062 0.548862
0.752200 0.701607 0.542754 0.093523 0.548460
0.753308 0.702754 0.542419 0.095393 0.548150
0.754022 0.703439 0.542208 0.096580 0.547950
0.754274 0.703670 0.542134 0.096996 0.547879
0.753841 0.703703 0.542163 0.096549 0.547817
0.752572 0.703792 0.542249 0.095237 0.547638
0.750502 0.703923 0.542388 0.093090 0.547349
0.747615 0.704019 0.542568 0.090149 0.546950
0.744043 0.704166 0.542804 0.086412 0.546479
0.739781 0.704289 0.543086 0.081906 0.545943
0.734853 0.704328 0.543409 0.076650 0.545351
0.729293 0.704240 0.543770 0.070660 0.544720
0.723149 0.703992 0.544166 0.063954 0.544062
0.716474 0.703536 0.544596 0.056550 0.543394
0.709322 0.702809 0.981590 0.446273 0.975153
0.701780 0.701810 0.982079 0.446028 0.974504
0.693914 0.700466 0.982595 0.445703 0.973879
0.685807 0.698721 0.983136 0.445285 0.973286
0.677560 0.696576 0.983700 0.444776 0.972732
0.669270 0.693972 0.984285 0.444161 0.972218
0.661051 0.690866 0.984893 0.443430 0.971746
0.652998 0.687288 0.985517 0.442591 0.971311
0.645221 0.683199 0.986158 0.441635 0.970910
0.637847 0.678581 0.986819 0.440556 0.970540
0.630942 0.673498 0.987490 0.439372 0.970187
0.624604 0.667949 0.988171 0.438080 0.969846
0.618731 0.662065 0.988828 0.436713 0.969470
0.593284 0.663918 0.984744 0.437145 0.965102
0.565623 0.665879 0.980063 0.437602 0.960277
0.537919 0.667197 0.975284 0.437909 0.955423
0.512301 0.667187 0.970891 0.437907 0.950947
0.487317 0.666585 0.966532 0.437768 0.946561
0.464129 0.665119 0.962469 0.437427 0.942485
0.442551 0.663047 0.958655 0.436945 0.938681
0.422562 0.660560 0.955082 0.436367 0.935144
0.404907 0.657569 0.951926 0.435671 0.932014
0.388294 0.654727 0.948889 0.435010 0.929051
0.374156 0.651687 0.946307 0.434303 0.926524
0.361969 0.648808 0.944064 0.433634 0.924339
0.352314 0.646041 0.942296 0.432991 0.922606
0.343995 0.643959 0.940734 0.432507 0.921105
0.338460 0.642185 0.939711 0.432095 0.920106
0.334379 0.641312 0.938925 0.431891 0.919367
