26.021582 -31.902472 -14.643549 -24.872215 20.969833 12.033898 4.402988 31.372421 5.715206 8.321138 33.059998 -30.645033 -14.904140 -12.007241 24.032255 30.744204 12.931072 22.471346 8.735689 7.796950 22.775520 -31.853317 -8.436699 -9.641266 22.732967 23.308676 6.859523 27.558344 20.416935 10.761339
25.869839 -32.406437 -14.547001 -24.812449 21.019272 11.898362 4.419525 31.022261 5.521299 8.255353 32.993977 -30.720938 -14.627137 -12.313186 23.888483 30.857870 13.053531 22.129446 8.381704 7.536291 22.661263 -32.250874 -8.201072 -9.897966 22.721111 23.267649 7.075919 27.471266 20.214117 10.567021
25.628431 -33.125668 -14.361734 -24.701468 21.107092 11.727871 4.400491 30.512325 5.195787 8.250560 32.972416 -31.007402 -14.160022 -12.730884 23.657263 31.118191 13.126273 21.639997 7.728412 7.193740 22.603764 -32.815868 -7.836804 -10.165022 22.745108 23.222109 7.241711 27.303591 19.890343 10.281067
25.239588 -34.084549 -14.106758 -24.658930 21.195894 11.474655 4.392748 29.926054 4.873936 8.143502 32.881695 -31.393555 -13.730126 -13.234176 23.331810 31.418531 13.215937 21.031113 7.070260 6.725908 22.277945 -33.647343 -7.498559 -10.367261 23.059137 23.070425 7.422873 27.215488 19.546953 9.874310
24.866045 -35.354992 -13.627519 -24.537676 21.414555 11.132488 4.508942 29.201653 4.411115 7.849964 32.813145 -32.020809 -12.951695 -13.629169 23.332369 31.798178 13.124614 20.518885 6.295186 6.221343 22.321806 -34.634277 -6.668828 -10.756948 23.300598 22.904102 7.785042 26.962063 18.935415 9.048596
24.489103 -36.446209 -12.761374 -24.489223 21.765026 10.651676 4.390468 27.995270 3.755659 7.343514 32.769146 -32.627209 -11.768772 -14.102155 23.219158 32.023243 13.287156 19.495317 5.271339 5.578498 22.404318 -35.713829 -5.446534 -11.415535 23.428471 22.669472 8.154870 26.056246 17.918591 7.900187
23.869995 -38.119484 -12.084232 -24.355684 22.231121 10.144163 4.522836 26.772432 3.015094 6.852838 32.734085 -33.542465 -10.463237 -14.493420 23.273689 32.152546 13.566052 18.530483 4.348139 4.768450 22.382032 -37.199650 -4.371715 -11.913717 23.906420 22.243719 8.637859 25.513874 16.971451 6.727802
23.173786 -39.716766 -11.539303 -24.049873 22.658251 9.471921 4.395036 25.021086 2.291955 6.108733 32.360580 -33.958237 -9.648126 -15.068291 22.978811 32.223244 13.859920 17.351433 3.533428 4.235279 21.937578 -38.642464 -3.525681 -12.488904 24.302830 21.669687 9.166961 24.591278 16.172125 5.474355
22.937040 -41.150093 -10.699553 -23.805510 23.221539 9.102770 4.171830 23.573750 1.642662 4.963710 32.143444 -34.830650 -8.053690 -15.641335 23.167543 32.555134 14.130649 16.430611 2.287840 3.437695 21.985012 -39.699879 -2.538699 -12.982668 24.657007 21.177460 9.620041 23.694820 15.310284 4.191443
22.608816 -42.812008 -9.802922 -23.617826 23.797401 8.884687 4.057984 22.360270 1.239080 3.739994 32.523319 -35.783726 -6.100060 -15.948837 23.570259 33.018547 13.964415 15.373328 1.089301 2.154038 22.006575 -41.096939 -1.419397 -13.120162 25.622641 20.485950 10.004935 22.995808 14.632795 2.767294
22.224169 -44.137749 -9.065171 -23.535549 24.126095 8.348111 4.191281 21.098394 0.894859 2.533357 32.429935 -36.493622 -4.311556 -16.203142 24.031668 33.297905 13.773935 14.029984 0.004013 1.030783 22.170811 -42.247547 -0.210505 -13.477227 25.982088 19.699179 10.502834 21.606110 13.654790 1.339185
22.059891 -45.345905 -8.170910 -23.512569 24.380388 7.723835 4.428467 19.824343 0.431435 1.204188 32.240616 -36.758511 -2.738004 -16.811474 24.034908 33.706497 13.821259 12.791370 -1.121122 0.127099 22.129332 -43.375980 0.810871 -13.678770 26.470867 18.813053 10.995897 20.494686 12.817808 0.153377
22.214560 -46.699574 -7.615695 -23.438412 24.382586 7.122428 4.618636 18.489010 0.073866 -0.376904 32.229259 -36.936184 -1.183696 -17.301117 24.139708 34.024502 13.841518 11.620207 -2.094238 -0.840988 22.388620 -44.470577 1.799260 -13.573324 27.099977 18.085966 11.178581 19.575651 12.242663 -1.216512
22.471775 -47.530022 -7.311336 -23.143833 24.398783 6.301059 4.603223 17.096666 -0.188521 -1.703390 32.571774 -37.072807 -0.079271 -17.600658 23.708334 33.910084 14.062568 10.197741 -3.041562 -1.487763 22.951674 -45.019257 2.798258 -13.445879 27.594296 17.338507 11.466496 18.691950 11.678451 -2.377788
22.033073 -48.119324 -6.982173 -22.827070 24.703028 5.731084 4.381903 15.998197 -0.235575 -2.443777 31.815678 -36.997566 0.555591 -17.646967 24.055990 33.808933 13.693904 9.090421 -3.308276 -1.823398 22.653318 -45.097427 3.333093 -13.465799 27.828560 17.021452 11.270169 17.655661 11.398458 -2.787361
22.001314 -48.487122 -6.534738 -22.563648 24.942863 5.143135 4.210099 14.951252 -0.447545 -3.054283 31.789194 -36.633308 1.368297 -17.917667 24.081778 33.956169 13.427964 8.415356 -3.781849 -2.004337 22.991322 -45.352844 4.011251 -13.511057 27.984051 16.595758 11.342829 16.906382 10.953583 -3.286611
21.778690 -48.660244 -6.241761 -22.491724 24.973648 4.670762 4.163634 14.045244 -0.702981 -3.594024 31.521454 -36.279236 2.201393 -18.012941 24.314674 34.059452 13.240237 7.751930 -4.159942 -2.102979 23.056999 -45.403835 4.566030 -13.710207 27.979908 16.205122 11.554433 16.150429 10.592665 -3.685061
21.760269 -48.843868 -5.839259 -22.347906 25.139332 4.347721 3.941715 13.333737 -0.925307 -3.982828 31.427216 -36.073738 2.896393 -18.173847 24.299520 34.123802 13.076735 7.167742 -4.572575 -2.187184 23.124962 -45.289154 5.014005 -13.914040 27.856266 16.043726 11.701911 15.632935 10.261163 -3.918879
21.599779 -48.864510 -5.567832 -22.305952 25.247702 4.168277 3.914498 13.017779 -1.103925 -3.943863 31.267195 -36.055069 3.210452 -18.225216 24.356840 34.198578 12.946978 6.964949 -4.688453 -2.151997 23.095671 -45.265209 5.204502 -13.964344 27.900471 15.896410 11.820076 15.434518 10.161942 -3.999863
21.633003 -48.912487 -5.496341 -22.270544 25.269567 4.146688 3.898659 12.942125 -1.155076 -3.911314 31.208708 -36.046818 3.242369 -18.275919 24.315962 34.223961 12.901290 6.841806 -4.747553 -2.150499 23.172825 -45.306961 5.245593 -13.946994 27.898039 15.821684 11.848203 15.330649 10.133357 -4.062641
22.128019 -48.392376 -4.307133 -22.142851 25.669615 3.856492 4.174489 12.993093 -1.361368 -3.702556 31.304211 -35.666988 4.027570 -18.305183 24.549730 34.377457 12.499230 6.926465 -5.193076 -1.537125 23.194328 -44.841614 5.912674 -14.240990 27.873901 15.830190 12.197049 15.755751 9.480357 -3.419727
21.946947 -47.231823 -1.226789 -22.093723 27.058619 3.137072 5.163924 13.280095 -1.860109 -2.311662 30.775150 -34.598488 6.777954 -18.566715 25.640661 34.692734 11.587296 7.445131 -6.546096 0.409296 22.635565 -43.827988 8.311058 -14.939603 28.615633 15.780494 12.762704 16.554071 8.169284 -2.867956
21.234846 -44.218456 2.874165 -22.323534 29.029356 1.502650 6.304799 12.665884 -2.503198 -0.640481 30.140020 -31.889654 10.236739 -18.543976 27.352465 34.573025 10.452478 7.592844 -7.718392 3.107931 22.086149 -40.517876 11.690551 -15.990211 29.465284 14.906889 13.733068 16.546850 6.520139 -1.435706
20.097109 -41.614964 6.945170 -22.691154 30.418940 -0.290601 7.516006 12.309377 -4.026704 3.710305 29.716234 -27.578962 13.615762 -18.943670 28.116232 32.993965 9.967512 7.829097 -9.526452 6.892618 22.031178 -35.899120 14.495587 -17.114552 30.231827 12.921246 15.133058 17.817987 5.241773 1.688988
18.782984 -35.686245 11.314878 -22.842159 32.213905 -3.363667 10.747632 13.090561 -4.174315 8.527975 27.634979 -21.660118 17.774372 -19.278111 30.763163 29.135542 10.347542 10.756729 -9.308558 12.532929 20.572908 -28.525200 16.124374 -16.934284 33.168884 9.540737 15.707955 20.186543 4.702969 6.645687
15.465569 -25.870567 17.110571 -24.316170 35.497715 -5.720358 13.097085 13.625081 -4.032542 12.344571 22.749279 -15.919567 22.588470 -18.349438 37.028927 22.625675 11.550788 12.454600 -7.948404 16.925985 17.131746 -18.110847 17.058510 -15.577381 38.200928 4.999871 16.048214 22.656803 5.089825 11.198523
11.110554 -14.258095 23.145830 -26.617710 37.501648 -8.535911 13.220217 10.718275 -5.541788 19.031582 17.401665 -9.168450 25.924799 -17.596458 42.384819 13.749336 12.788153 13.030987 -5.792796 21.448736 13.530034 -5.077354 20.771521 -16.739168 43.202068 -1.590329 13.882334 22.440563 4.962741 13.341175
9.360925 -2.053566 23.670773 -27.027039 35.967167 -9.612865 9.996832 6.378022 -5.569860 26.800772 13.697469 -2.511843 26.587172 -17.080429 44.472130 3.018527 16.365747 8.665555 -3.386549 23.318491 10.753787 6.185653 21.839266 -17.424622 45.904991 -7.926629 9.933980 17.680580 5.389392 16.188490
13.683367 6.699452 16.882423 -24.451189 32.142078 -12.990690 3.906854 1.810475 -7.233773 32.651299 15.824553 -0.134895 21.079739 -12.097475 46.333286 -8.175888 16.442915 5.925124 1.771461 21.411268 13.459502 14.411334 18.020741 -16.120245 44.390511 -12.720657 4.313916 13.085876 5.108964 19.313046
21.663380 9.753707 10.624390 -23.329731 27.062208 -16.797802 -0.522667 -3.450464 -10.534125 30.659979 21.833241 3.331599 15.201947 -7.392701 47.496872 -16.956745 11.817228 2.386689 5.173936 16.105556 20.070408 15.679656 15.106723 -13.598580 41.255707 -15.720593 -4.268035 3.717824 1.015499 21.357658
31.664541 12.184329 6.954664 -21.020872 24.403498 -19.510874 -5.205750 -9.815930 -15.463209 20.723391 30.498005 3.855450 9.888713 -3.135216 43.291821 -21.615334 5.956552 -4.090310 4.423934 9.571296 28.666441 13.956094 10.888254 -12.593404 35.136429 -14.301399 -10.889016 -4.632648 -4.748908 19.636019
40.048634 11.505959 1.083223 -19.103069 20.469202 -19.684343 -9.737560 -14.857722 -17.831453 10.110503 39.586842 3.332457 5.928772 0.938091 38.334328 -24.182089 -3.951417 -13.596639 2.844549 4.708281 39.163292 11.548474 4.735712 -9.304766 29.624544 -11.718611 -16.146910 -10.445551 -8.992988 17.763662
42.165844 8.569250 -10.588552 -16.877832 14.574168 -19.656649 -10.159079 -19.332771 -17.751383 4.229355 44.754250 -1.357158 -0.258120 -0.208034 29.601152 -26.101727 -2.543098 -19.220518 1.796305 -0.409929 43.160561 5.462394 -2.607147 -8.261137 23.920635 -13.920699 -16.119755 -17.069563 -12.028738 13.893645
42.553547 0.706202 -16.802505 -17.429735 8.357691 -17.999605 -10.213121 -21.787743 -18.920391 0.463133 47.361534 -9.401439 -4.049999 -3.297698 20.732826 -21.619862 0.811146 -23.769396 -3.492129 -3.671227 46.089039 -4.259257 -6.481604 -9.864395 16.937445 -13.273873 -12.832415 -20.741156 -13.211396 8.758314
42.794922 -7.430677 -16.787361 -20.104082 2.932799 -14.066763 -11.488252 -26.483416 -22.072046 -0.926459 48.683475 -17.529491 -7.051000 -2.399720 17.764496 -15.468247 2.661421 -26.680902 -8.781262 -4.639225 47.894020 -13.386408 -6.727706 -10.191682 14.095952 -11.532661 -9.045885 -21.828356 -13.457774 4.691761
42.332756 -16.247448 -16.524988 -22.079168 0.783266 -10.272579 -10.875959 -24.999569 -24.057135 -3.051259 50.877140 -26.851288 -10.115541 -1.312931 16.925983 -10.462483 3.966473 -22.903992 -9.535200 -6.759627 47.240925 -23.398865 -2.621936 -11.156641 14.618365 -8.253127 -6.663481 -20.494188 -14.975305 1.289924
43.939930 -21.653440 -18.505575 -24.075899 -3.153750 -8.041954 -8.809937 -24.741438 -23.707026 -8.315472 53.965458 -34.992096 -9.689258 0.338007 17.117636 -7.406345 4.343284 -22.240562 -8.713181 -10.801440 46.417526 -31.502546 -1.736367 -13.220735 12.067339 -5.953766 -4.129645 -21.842505 -15.954209 -1.457944
42.944916 -26.534424 -21.160925 -24.917482 -5.861271 -6.927508 -6.098053 -24.736483 -22.754992 -13.752449 54.302547 -41.568378 -8.498529 0.363821 17.703108 -3.194774 4.039029 -21.755390 -9.409179 -14.261224 46.232674 -39.931080 -2.510805 -15.691854 9.643687 -3.974689 -1.820879 -22.918186 -19.013149 -6.157799
41.100132 -29.188107 -22.182497 -25.458735 -7.202362 -5.928141 -4.929956 -24.836817 -22.756445 -15.830886 53.276367 -44.301395 -7.284557 -0.110894 17.290377 -0.901059 5.492640 -21.057236 -10.624493 -15.587791 44.997345 -43.587582 -2.480814 -17.162584 8.820443 -3.881777 -0.068016 -23.371037 -20.454073 -9.090384
40.013908 -29.273066 -22.239136 -25.732807 -7.174844 -5.888051 -4.346409 -24.657833 -22.522402 -16.015476 52.090591 -44.761162 -7.697493 -0.838085 17.226889 -0.181689 6.237817 -20.636858 -10.816546 -16.024637 44.451191 -43.527679 -2.663459 -17.474129 8.818568 -3.539791 0.094572 -23.294403 -20.467579 -10.192111
40.131634 -29.305582 -22.301348 -25.742577 -7.223040 -5.883407 -4.355977 -24.672686 -22.618845 -16.003065 52.260223 -44.809383 -7.680013 -0.777323 17.137508 -0.180361 6.189372 -20.743929 -10.846950 -15.938573 44.543201 -43.636604 -2.621773 -17.475090 8.810647 -3.620809 0.164984 -23.311930 -20.608101 -10.114429
40.502312 -29.492767 -22.506845 -25.838690 -7.445425 -5.877198 -4.372787 -24.719896 -22.957460 -15.784568 52.868557 -44.562187 -7.479694 -0.565016 16.848541 -0.521994 5.962524 -21.274979 -10.967551 -15.415759 44.638176 -43.849022 -2.493119 -17.727169 8.472303 -3.761747 0.084831 -23.514809 -20.977385 -9.071754
40.810238 -28.810638 -22.916290 -25.989040 -7.560170 -6.297432 -4.216134 -24.913860 -23.042341 -15.339040 53.145664 -43.929317 -7.689009 -0.517435 16.639462 -1.410736 6.025054 -22.240543 -10.877728 -14.788543 44.823868 -42.987206 -2.325943 -17.809065 8.293651 -3.781501 -0.405211 -24.261930 -21.257097 -7.877358
40.559772 -27.555655 -22.441578 -26.363945 -7.043697 -6.768966 -4.098820 -24.905088 -23.251486 -14.094992 52.594059 -43.371506 -8.504414 -0.547817 16.366846 -2.554399 6.394060 -22.961950 -10.370200 -13.637877 44.580868 -41.432529 -2.191240 -18.302345 7.971464 -3.775721 -1.014571 -24.496502 -21.647350 -5.767500
40.043091 -26.667067 -22.075188 -26.819328 -6.750240 -7.053730 -4.353927 -25.499622 -24.383253 -11.714805 52.017841 -42.657825 -9.252787 -1.171783 15.498740 -3.726560 7.524210 -24.154123 -10.853768 -12.737682 44.487747 -38.668488 -1.760955 -18.754345 7.559664 -4.068711 -1.640820 -25.012632 -21.970573 -3.441006
39.214993 -25.222033 -21.018877 -27.024675 -6.169222 -7.491865 -4.861964 -26.074501 -25.159155 -9.172250 50.622948 -41.255894 -10.227164 -1.904579 14.332851 -5.304684 8.455202 -25.360067 -11.261849 -10.793944 43.897308 -35.809566 -1.336592 -18.896854 7.838858 -4.631723 -2.321415 -25.298975 -21.748737 -1.871361
38.143673 -24.111320 -20.385994 -27.089138 -5.708813 -8.008262 -4.857087 -26.461321 -25.652088 -7.414378 49.059776 -39.972763 -11.160051 -2.804532 13.076970 -6.445812 8.861790 -26.729965 -12.542146 -8.707632 43.364311 -34.159878 -0.659455 -19.496433 7.844121 -5.511392 -2.940404 -26.141088 -22.245529 -0.352801
36.277824 -22.556070 -20.192425 -27.333464 -5.085985 -8.483906 -4.771242 -26.731396 -26.096640 -5.590236 47.252796 -39.284275 -11.685246 -4.118452 11.949305 -7.118581 9.326033 -28.442669 -14.346625 -7.335265 42.506950 -32.683773 -0.276067 -20.223680 7.731795 -5.523241 -3.590360 -26.594702 -23.074739 1.190475
35.151657 -21.446100 -20.173407 -27.214689 -4.669956 -9.303587 -4.515220 -27.614525 -26.527412 -4.254187 45.129650 -38.058472 -12.378951 -5.165739 11.199088 -7.963485 9.927577 -29.908463 -15.413193 -5.903918 41.993473 -30.570370 -0.765776 -20.977285 6.533330 -5.806052 -3.789016 -28.285505 -23.561146 2.432774
34.057217 -19.590143 -20.556051 -27.033155 -4.260698 -10.156498 -4.507114 -28.291157 -26.619345 -2.982892 43.356865 -36.502399 -12.448792 -5.739304 10.829773 -8.659000 9.621142 -31.228483 -16.074997 -4.372695 41.801758 -28.538271 -1.404308 -21.716829 5.314054 -6.028165 -3.740429 -29.545790 -24.380951 3.970551
32.468037 -17.990246 -21.021547 -26.979675 -4.303010 -11.065439 -4.345710 -29.582870 -26.534267 -1.889737 41.434715 -34.381908 -11.946674 -6.799019 10.275927 -9.314563 9.675086 -33.193260 -16.924551 -3.286597 41.812714 -26.422642 -1.980178 -22.432240 3.883917 -6.618198 -3.538342 -31.451029 -24.881935 4.840940
31.024406 -17.039463 -21.116161 -27.140371 -4.354402 -11.914492 -4.421981 -30.621944 -26.258625 -0.605167 39.798267 -33.611000 -11.311509 -7.794677 9.688869 -9.421148 9.765113 -35.083611 -17.844048 -2.631010 40.982353 -25.402637 -2.643810 -23.354795 3.316314 -7.413515 -3.521519 -32.510796 -25.005587 5.398272
29.716629 -16.314077 -21.866259 -27.164568 -4.486932 -12.630236 -3.746376 -31.125463 -25.527025 0.172603 38.600563 -32.762836 -10.699753 -8.874664 9.127416 -9.681230 10.391257 -36.427395 -18.434195 -2.275694 40.015774 -24.570408 -3.430196 -24.466999 2.484554 -7.990293 -3.085796 -33.273670 -24.958782 5.865827
28.393129 -15.389846 -22.368868 -27.062084 -4.333395 -13.311973 -2.925044 -31.890184 -25.022657 0.376223 37.579212 -31.648409 -9.499082 -10.220270 8.312324 -10.230294 11.029398 -38.060196 -19.258205 -2.267085 38.788414 -23.276075 -3.920980 -25.766964 1.555288 -8.381770 -2.985006 -34.469452 -25.345333 6.684684
26.852209 -14.703724 -22.760986 -27.190044 -4.267889 -14.045239 -1.814076 -32.403912 -24.450583 0.523358 36.963757 -30.189535 -8.666335 -11.665586 6.930375 -10.457537 11.142897 -39.957947 -19.710564 -2.454222 37.541794 -21.998596 -4.036107 -26.797384 1.017747 -8.800300 -2.774112 -35.315632 -25.335779 7.063521
25.792515 -14.344484 -23.232124 -26.897293 -4.068655 -14.757240 -0.831113 -32.580574 -23.939196 0.908142 36.499664 -29.143835 -8.597168 -12.599675 6.001336 -10.801235 11.484815 -40.723007 -19.834949 -2.293218 36.722206 -21.418524 -4.538352 -27.425911 0.560721 -9.237079 -2.343478 -35.754108 -25.199755 7.202510
24.997168 -13.884983 -23.648354 -26.385103 -3.640635 -15.346751 -0.122254 -32.827656 -23.437407 0.967545 35.707623 -28.039692 -8.366473 -13.543770 5.234188 -11.141083 11.881242 -41.350609 -19.940792 -2.079373 36.450634 -20.359550 -4.743914 -27.934576 -0.063987 -9.267503 -2.258575 -36.257671 -25.162884 7.384221
24.309599 -13.373682 -23.892773 -26.192657 -3.402673 -15.654845 0.300830 -32.906635 -23.273241 1.255145 34.896378 -27.169897 -8.043412 -14.278790 5.012576 -11.439813 12.388043 -41.514233 -19.878740 -1.932703 35.769634 -19.831409 -5.034667 -28.164896 -0.140947 -9.485177 -2.076560 -36.347733 -24.995193 7.560260
23.991608 -13.178034 -23.948677 -26.105988 -3.301915 -15.927073 0.585638 -32.929268 -23.219498 1.387427 34.501820 -26.675665 -7.779800 -14.696423 4.887898 -11.563659 12.610949 -41.609535 -19.897301 -1.905128 35.293556 -19.635668 -5.226949 -28.305176 -0.114107 -9.643636 -1.921996 -36.207825 -24.923191 7.712383
23.828735 -13.100874 -24.013855 -26.096529 -3.300732 -16.003532 0.643951 -32.986835 -23.171804 1.485406 34.357052 -26.512064 -7.723919 -14.845574 4.823585 -11.592958 12.673589 -41.657089 -19.900551 -1.878129 35.124283 -19.588696 -5.329190 -28.306293 -0.093290 -9.724063 -1.881564 -36.222336 -24.845852 7.700252
23.634237 -12.934530 -24.053741 -25.986603 -3.228118 -15.986847 0.639551 -32.949848 -23.338415 2.121252 33.964500 -26.343527 -7.589496 -14.816795 4.943435 -11.708591 12.605683 -41.467129 -19.694450 -1.377624 34.733315 -19.371492 -5.464966 -28.304989 -0.072579 -9.859371 -1.759614 -36.316360 -24.904985 8.291849
23.589159 -12.160296 -23.352695 -25.891178 -2.874535 -16.104507 0.840843 -32.851456 -23.648237 3.076232 33.333588 -26.283403 -6.585138 -14.687610 5.475001 -12.179550 12.334332 -41.078159 -19.277966 -0.244218 34.282322 -18.741913 -5.118926 -27.993078 0.517405 -10.270818 -1.579974 -36.157524 -25.004650 9.266343
23.372610 -10.121058 -22.831045 -25.797745 -2.211900 -16.280621 0.794739 -32.065678 -23.730154 4.537649 32.314789 -25.703928 -5.161568 -14.429083 7.033736 -13.200445 11.987752 -40.181572 -18.431152 0.737032 33.780697 -17.781773 -4.357419 -27.108530 1.917022 -11.213628 -1.409162 -35.751556 -25.390060 10.524676
23.687014 -8.040529 -21.057880 -25.307459 -0.352570 -16.684624 -0.094357 -31.540419 -24.206293 4.944178 31.574003 -24.745857 -3.425874 -13.404220 9.139270 -14.864700 11.359283 -39.797272 -17.169827 1.902863 32.302898 -16.291565 -3.424040 -26.023918 4.428256 -12.113360 -2.117565 -34.240875 -25.602112 12.738552
24.628342 -6.458873 -19.255499 -24.472893 1.907249 -17.816809 -0.936699 -31.447588 -25.437046 5.959638 30.372902 -23.219427 -2.243341 -12.033273 12.404208 -16.813860 10.181163 -38.363724 -15.218331 3.848589 31.550514 -14.367284 -2.159622 -24.365242 8.371068 -13.356552 -3.103275 -31.930761 -25.400080 14.738847
26.730480 -5.183691 -15.958963 -23.720520 4.457481 -18.853888 -2.886699 -31.179178 -27.188883 7.270209 31.205767 -21.150597 -0.482817 -10.980865 14.553450 -18.164082 9.641417 -36.571205 -14.750022 5.744574 33.103443 -12.919972 -0.304321 -22.857759 10.820677 -12.928957 -4.938304 -29.768314 -25.375074 16.411621
27.584660 -3.538657 -11.853858 -23.337465 7.628750 -19.548059 -4.594002 -29.667875 -27.473406 9.028909 30.745440 -20.692850 1.655980 -9.075347 18.432623 -18.966589 8.682234 -34.600445 -14.992995 7.732346 34.012520 -10.775142 2.048537 -21.165960 13.892299 -11.885791 -6.487963 -26.751696 -24.266068 18.288481
26.195711 -2.605051 -6.483565 -23.113003 11.866999 -21.556015 -5.088982 -28.282114 -27.522482 11.558534 29.541525 -19.767698 5.599116 -7.922921 25.141840 -19.867683 7.177580 -30.035669 -14.187974 8.561625 32.009510 -7.922509 4.555267 -19.956448 19.412682 -14.851819 -6.914090 -23.027943 -22.784107 18.920364
24.907263 -0.457454 -1.145937 -22.563005 16.852739 -24.212196 -6.041035 -26.608253 -27.016363 14.451695 26.366806 -17.702528 8.585251 -8.837255 30.755394 -21.884827 7.390470 -26.468935 -15.192096 9.649533 28.542057 -5.330550 6.611930 -19.642239 24.643574 -18.207424 -6.732481 -19.192600 -22.015144 20.624729
22.992825 1.676876 0.465775 -22.016571 20.453455 -26.317493 -5.405637 -22.571203 -25.963123 19.746618 24.384314 -16.602598 9.308054 -10.199099 33.862091 -23.755789 10.883528 -21.809277 -16.441544 10.696379 24.237831 -3.422726 6.695137 -20.660614 28.039883 -21.891981 -6.379035 -15.837924 -20.448946 21.619081
18.135113 2.658846 1.566460 -22.720949 22.673244 -27.699425 -3.983580 -19.091291 -24.697672 27.332640 19.408836 -14.371411 8.932133 -13.999578 33.884312 -24.642599 14.866099 -17.910749 -18.349054 14.479667 19.250877 -1.016164 6.771202 -22.986389 30.034853 -26.218843 -5.769472 -12.445468 -18.421152 22.162014
12.599874 2.468030 4.436914 -23.478025 24.070063 -27.761963 -0.779724 -14.953516 -22.272039 35.500599 14.776578 -13.927428 9.711074 -16.543310 35.136051 -23.482759 17.270868 -13.274991 -19.007645 20.095734 14.310578 -0.151689 5.591362 -24.283827 31.670870 -29.980686 -2.887086 -7.719927 -16.083658 23.618847
11.589483 3.296653 7.579184 -22.106684 26.602112 -27.204535 0.885233 -11.339444 -20.831482 40.180466 12.818300 -11.703541 11.909130 -16.611284 37.122189 -22.715546 18.020391 -8.489763 -17.997900 24.862696 13.206426 1.531964 6.573446 -23.453299 34.374409 -30.875387 0.605174 -2.788365 -14.691768 25.069765
10.531778 1.201192 11.563569 -20.962446 29.864531 -27.292919 3.914004 -7.124859 -19.173069 42.933121 13.325866 -10.945944 12.250182 -14.899312 39.513138 -22.080479 19.239388 -1.636513 -14.828074 28.092087 15.773026 1.350015 8.842690 -20.820257 37.831554 -30.070070 2.589018 2.942537 -12.767535 24.880243
16.949575 -0.257967 15.945598 -20.206537 31.381889 -26.776077 6.679852 -0.584656 -12.711621 35.099030 18.029301 -9.495598 14.814436 -11.345246 41.848907 -19.844547 15.174563 6.594794 -8.807267 30.508408 19.451487 3.140437 14.008051 -16.095711 38.525677 -22.943947 3.003729 10.235210 -5.800910 26.317154
22.800200 -5.034912 19.523510 -19.469793 31.122206 -23.917189 9.448933 1.864446 -9.651356 27.207747 23.169422 -12.320256 17.744028 -11.690740 39.957962 -12.800776 17.460999 10.026957 -8.059518 27.696295 23.531208 0.584512 13.772074 -14.034047 38.615227 -19.341112 8.132279 17.372957 -1.135705 21.005470
29.330612 -9.114884 19.039568 -18.364386 29.210829 -21.276415 11.276130 6.098040 -5.823883 22.491081 30.846111 -14.557794 18.501272 -11.229277 38.037815 -5.993091 18.926552 14.175200 -6.717350 24.745913 29.041622 -2.015532 13.362946 -11.590258 37.282803 -15.346418 10.379467 21.215914 2.367459 18.838642
34.338661 -14.077439 15.583528 -16.676701 27.647594 -16.372473 13.015314 13.030030 -0.632804 16.830929 37.262722 -15.985913 18.877314 -8.646406 35.416138 2.925537 17.410551 17.043673 -2.383857 21.233755 33.698460 -5.626097 12.619344 -6.797444 37.518387 -9.914085 10.629991 25.186876 7.809712 16.661911
36.338383 -19.985268 10.538602 -17.047239 26.532434 -9.849834 15.212665 21.844461 3.262633 13.667517 42.174152 -17.625118 14.855847 -8.340340 29.903572 14.030662 14.704073 19.746685 -1.041587 20.761969 36.153160 -12.932702 8.246030 -3.513784 34.854290 -2.839090 12.004761 27.878435 13.237506 14.605982
36.433975 -28.253597 2.878148 -18.023829 24.105570 -6.130075 14.914834 24.719200 0.889285 13.440398 43.521435 -16.640879 6.319526 -12.499034 21.893700 25.422544 13.000978 20.553585 -3.060390 20.769526 36.317043 -21.832928 3.865752 -4.023631 29.922859 4.279311 14.506744 29.400574 13.296104 14.577916
35.300800 -33.414944 -6.507181 -17.525497 20.825153 -2.531489 11.555366 24.189945 1.146393 13.429210 44.961327 -17.205791 -3.122695 -15.079806 13.916973 33.187798 10.292137 18.012394 -3.609488 19.280344 34.107502 -30.188168 -1.803448 -5.989022 23.405500 9.966224 15.102571 27.835056 13.884011 14.179758
34.435429 -37.263065 -14.207521 -17.635803 17.770315 0.609785 8.480494 23.414030 1.429749 12.633842 46.479565 -18.330997 -11.795189 -16.557295 7.793283 35.662209 9.138504 14.763064 -2.436113 14.596457 33.675747 -37.950287 -6.369585 -9.309957 16.894526 14.099785 14.524800 24.156992 13.598381 11.445630
28.941471 -37.512962 -23.694271 -16.169577 17.110687 1.722174 6.688296 23.244101 4.050189 15.443080 43.201599 -19.205276 -21.446426 -16.673521 5.846988 35.280704 10.423200 12.922129 1.435931 12.582437 31.046251 -40.053116 -12.337459 -8.507540 15.742328 13.952923 13.185529 20.127920 17.505505 9.388225
28.481525 -36.255219 -30.117922 -14.545062 15.248568 2.127256 2.964851 20.218685 6.225579 14.419586 40.129002 -19.516338 -28.822811 -17.492018 2.746551 33.086811 12.427127 9.192606 4.009633 10.516877 30.212194 -39.707062 -17.441483 -6.711808 15.067905 13.363139 10.268493 15.323670 22.345966 6.118490
27.310787 -32.636635 -34.817204 -13.687389 14.333467 2.493493 -1.194770 17.782415 9.328406 13.079712 37.148621 -20.297840 -33.479446 -16.413609 2.211499 31.478985 13.167874 5.080565 6.003754 9.349612 27.531923 -38.473003 -22.477556 -6.746163 12.881980 13.873188 8.141077 12.699886 26.054195 6.162608
25.793589 -27.670877 -39.698074 -13.672158 14.005224 3.251036 -4.059005 17.114216 12.608827 10.502004 34.756634 -21.035658 -37.704185 -13.631061 3.391593 28.799519 13.033502 1.898313 9.402134 8.261256 25.857979 -34.225025 -26.929865 -5.454687 11.446464 15.061374 5.480628 9.604745 28.860031 6.243665
24.177038 -23.306999 -44.144768 -13.268005 14.046568 5.079407 -8.622798 13.589042 13.706788 8.068183 31.430969 -22.074446 -41.152065 -9.249086 6.822562 25.181437 11.508290 -1.237920 13.565536 7.679708 23.805326 -28.506775 -30.766382 -4.379940 10.789568 16.864750 3.144315 6.811782 30.816509 7.836981
20.398615 -20.464533 -47.162361 -12.542212 14.958910 6.748170 -11.893257 10.193513 13.127472 8.443439 28.123974 -21.169140 -44.213390 -6.309005 9.106890 22.863726 9.726341 -2.984006 16.357790 8.888006 21.571289 -23.867678 -32.316277 -3.385761 11.970682 18.648344 0.341163 4.005145 31.078125 10.048800
17.562122 -18.371466 -49.351742 -11.957858 15.716948 7.649364 -14.593763 8.492877 12.739145 12.603598 23.809063 -19.440601 -47.615356 -5.300996 9.912997 20.692890 8.850388 -4.072478 20.552376 10.691871 18.041437 -18.740353 -34.669292 -4.660782 10.431776 19.458027 -2.125096 0.171169 32.251217 14.214203
14.094331 -14.783392 -49.560787 -11.602432 17.039680 7.616147 -16.230200 6.703022 12.586176 17.091311 19.579475 -17.971331 -49.567509 -5.303222 10.198770 18.197702 9.376345 -5.131546 22.975456 13.299097 14.684642 -14.773697 -36.925892 -5.953388 8.948734 19.508392 -3.485124 -2.657053 32.812572 18.187498
11.452062 -10.799666 -49.005047 -11.101180 18.288130 7.224967 -17.373844 5.008845 12.139631 20.730200 15.330620 -17.109221 -52.120575 -5.589446 10.159069 16.776934 8.947247 -5.698279 24.561174 16.935123 10.921320 -12.582890 -38.648197 -7.256486 7.713715 19.163656 -3.418875 -4.488097 32.562321 21.478312
8.848005 -6.963933 -47.997551 -11.543742 18.738882 6.227370 -18.844158 3.230198 11.883591 25.051474 11.258310 -16.082064 -52.897968 -5.507498 10.628910 14.650554 9.202770 -6.431544 25.510691 21.011559 6.842991 -10.910569 -39.646385 -8.245424 6.968176 17.900944 -3.408787 -6.090824 32.025967 25.366760
6.792136 -3.430443 -46.688652 -12.060473 19.130995 5.326560 -19.883354 3.013712 11.808310 30.049850 7.881511 -14.842610 -53.703705 -4.973156 11.293896 11.776714 10.654526 -7.257869 26.175142 25.212906 3.211127 -8.186848 -39.673859 -9.185750 6.629555 16.380571 -3.805105 -7.392842 32.088921 30.232954
4.451494 -0.749123 -44.382145 -12.335672 20.024921 2.873314 -19.175707 2.796325 12.112991 34.647694 4.267484 -12.463324 -52.952465 -5.173186 11.858486 8.753784 11.922350 -7.505968 27.098797 29.343901 0.018425 -5.636467 -38.784416 -10.054899 7.069818 14.015418 -3.105860 -7.260923 32.619522 34.171688
1.093378 1.487043 -42.474686 -12.795845 21.341244 0.733306 -17.344509 2.465986 12.470050 38.123417 1.698116 -9.762269 -50.571384 -5.434211 12.864855 6.246332 13.032823 -8.351403 27.155571 32.224342 -2.313117 -3.282412 -38.201233 -10.450920 8.024445 10.672183 -1.630541 -7.655138 33.464481 36.744122
-1.059733 3.168708 -41.425491 -12.854861 22.452482 -0.970275 -15.458628 1.883875 12.730824 40.009140 -0.040886 -7.103256 -47.996620 -6.290798 13.468210 4.827400 14.088224 -9.414731 26.397848 33.681988 -3.805837 -1.883136 -37.253929 -10.734501 9.141503 7.612025 -0.051582 -8.506941 34.005802 37.290768
-2.370824 4.629052 -40.687946 -13.147820 22.895008 -2.687046 -13.892879 1.097838 13.041149 40.517029 -1.238765 -4.425533 -45.736115 -7.291868 13.863803 4.209951 14.908198 -10.856939 25.247663 34.157360 -4.193664 -0.899552 -36.200043 -10.741636 10.151935 4.998333 1.412595 -9.560833 33.958752 37.162277
-2.685158 5.945901 -39.836620 -13.516118 22.781147 -4.458582 -12.406553 0.280725 13.000826 40.689346 -1.825745 -2.759931 -43.970852 -7.977726 14.143032 3.550911 15.891089 -11.650316 24.290947 34.630875 -4.151317 -0.071553 -35.069202 -10.883543 10.759200 3.052928 2.733576 -10.428863 33.495937 37.304295
-3.011599 6.480868 -39.241947 -13.757089 22.799932 -5.375161 -11.688595 -0.106923 13.129120 40.621960 -2.004345 -1.935135 -42.864700 -8.446023 14.223999 3.272192 16.404490 -12.227238 23.734333 34.597397 -4.009404 0.084477 -34.335186 -11.011293 11.033668 2.066820 3.393734 -10.746834 33.248337 37.152061
-3.080749 6.708646 -39.066410 -13.839139 22.790600 -5.728300 -11.387492 -0.232576 13.112363 40.712471 -2.076539 -1.657593 -42.525196 -8.565544 14.295443 3.113890 16.619165 -12.314713 23.582960 34.696556 -3.981296 0.274874 -34.108826 -11.054509 11.159328 1.653365 3.704450 -10.915326 33.102264 37.263157
