43.743092 22.944714 12.738858 14.120134 54.939785 2.979885 -24.400347 5.561048 33.061340 3.545914 30.190222 37.436577 7.795208 -3.871250 31.993471 22.108053 -20.836647 -3.366380 35.009224 6.799396 30.597990 41.095371 8.060102 -0.525592 29.924662 30.778893 -11.761484 -3.018388 25.973816 13.954288
43.257004 22.122122 12.159584 13.574688 54.310802 2.647695 -23.650278 5.293326 32.689796 3.291708 30.385927 36.660847 7.875755 -3.907167 31.776230 21.836199 -20.334539 -3.674616 34.688244 6.655281 30.690176 40.213661 8.358268 -0.746538 29.761478 30.292477 -11.323605 -3.043122 25.642696 13.781606
42.536861 20.858541 11.119883 12.616190 53.117695 2.190321 -22.213140 4.745559 32.048462 2.730321 30.573847 34.954170 7.961198 -3.915937 31.368382 21.055422 -19.043056 -4.272053 34.118713 6.417041 30.898624 38.453014 8.937410 -0.918128 29.864855 29.079908 -10.568809 -3.260523 24.896076 13.287818
42.049835 19.406923 10.001922 12.228869 51.982727 1.465603 -20.535923 4.046821 31.926395 2.182668 30.881870 32.697166 8.137807 -3.996526 30.855482 20.137018 -17.353590 -4.856069 33.429981 6.186208 31.124687 36.409744 9.870585 -1.367439 29.855606 27.755352 -9.576859 -3.419457 24.019417 12.831550
41.136597 17.063099 8.406548 11.291563 50.216129 0.583352 -18.636850 3.103647 31.047436 1.701967 31.926558 31.171068 8.284889 -3.936066 30.128941 19.208649 -15.634068 -5.617364 33.157024 5.693888 31.336342 34.688663 10.784016 -1.629099 30.051525 26.460680 -8.726628 -3.730333 23.523399 12.081952
39.712509 14.568626 6.622162 10.131682 48.382050 -0.673874 -16.582586 1.568437 30.101522 0.521958 32.675343 29.687181 8.814668 -4.205637 29.335487 18.207066 -13.606250 -6.582715 32.527458 4.867486 31.746061 32.424484 12.061174 -2.406833 29.831718 24.793573 -7.526316 -4.360552 22.515951 11.082660
39.240456 12.768177 5.872661 8.801366 46.957272 -1.264554 -15.554336 0.396791 28.957264 -0.591299 33.258957 28.598375 9.679488 -5.030634 28.401297 17.851770 -12.266760 -7.700605 31.096052 3.816559 31.689728 30.388977 13.477370 -3.908009 29.362188 23.469135 -6.087842 -4.885401 21.125177 10.170418
38.564468 10.980875 5.275776 7.377728 45.570644 -2.113616 -14.047279 -0.678882 27.738939 -1.581363 33.618591 26.885525 10.362698 -5.764566 27.171217 17.168140 -10.611444 -9.243224 29.260059 2.924385 31.980511 28.166243 15.180046 -5.658241 28.375980 21.970661 -4.488965 -6.107176 19.143353 9.594116
38.581440 9.612991 4.703207 6.267972 43.986549 -3.193111 -12.781449 -1.732955 26.878893 -2.913184 33.891502 25.784344 11.043650 -6.465350 25.896832 16.356657 -9.394666 -11.057379 27.949924 1.813900 32.285515 26.839357 16.379257 -6.750461 27.640463 20.846178 -3.061633 -6.964238 18.339516 8.652096
37.853626 8.687626 4.896496 4.396970 42.202824 -4.268573 -11.862292 -3.428114 25.929062 -4.771359 34.245251 24.161703 12.034026 -7.302508 24.306149 15.525925 -8.404345 -13.399680 25.844837 0.851628 32.586868 25.250925 18.145412 -8.450280 26.288845 19.630501 -1.427347 -8.073436 16.966122 7.714470
38.095119 7.860002 5.018880 1.978321 39.740585 -5.110051 -10.440464 -4.324027 24.597073 -7.422084 35.336357 21.779167 13.231105 -7.724285 22.718458 14.532937 -7.425680 -15.353908 23.715443 -0.147524 32.933105 22.607426 19.472624 -10.640017 24.284424 18.582935 0.125563 -9.275827 14.781962 6.537787
38.920708 7.045554 4.476984 0.513703 37.010059 -6.374184 -9.038115 -5.644227 23.714481 -9.689877 37.330750 19.729042 14.257447 -8.040709 20.971695 13.963625 -6.573951 -17.847445 21.399368 -1.586830 34.171799 20.912445 20.439821 -11.973535 22.822777 17.601038 1.266799 -10.455914 13.384807 5.449841
38.532093 6.999764 3.087367 -0.552133 34.808041 -7.411420 -7.611792 -6.694266 23.606199 -11.128152 38.902534 18.280476 14.198311 -8.207025 19.354975 13.220121 -5.672101 -19.747120 19.770344 -2.217066 35.459965 19.674021 20.025801 -13.378263 20.361332 17.178658 2.574694 -11.847683 11.754203 5.479502
38.822159 7.101788 0.752393 -1.516727 32.194347 -8.415130 -5.514364 -7.490961 22.771465 -12.242061 40.682331 17.407328 13.228387 -8.614468 17.021658 12.542651 -3.926399 -21.435677 18.330612 -2.223789 37.781639 18.072588 19.023798 -13.610419 18.230627 17.135057 3.580430 -12.661723 10.659333 5.199479
40.092922 6.997886 -1.338201 -2.093233 30.202093 -8.781178 -4.363351 -7.954392 22.631693 -14.234709 41.512154 16.723192 12.068917 -8.165145 15.858565 11.416973 -2.290967 -22.798500 17.514606 -1.680938 39.517357 17.055426 17.272058 -13.513489 16.327856 17.270849 4.180152 -13.455395 10.298392 5.501324
40.864407 7.084340 -3.662097 -2.798768 28.364368 -9.359686 -3.254875 -7.915003 22.723999 -15.393639 42.463997 16.839983 11.272513 -7.903015 14.652211 10.705930 -1.133375 -23.990215 16.774477 -1.551079 40.817375 16.285286 15.543566 -13.599936 14.524837 17.150034 4.870435 -14.144482 10.241100 5.670991
41.358559 6.748435 -5.458772 -3.311776 26.952644 -9.926866 -2.450383 -7.762105 22.740149 -15.876693 43.060970 16.991463 9.895798 -8.031094 13.160452 9.939146 -0.194009 -24.341562 16.863312 -1.595227 41.598660 15.654060 14.052249 -13.365572 13.373693 17.111301 4.932548 -14.291594 10.410176 6.096786
41.543564 6.684198 -6.363413 -3.937109 25.891573 -10.340842 -1.879278 -8.125517 22.365499 -16.319777 43.460873 16.743166 9.181272 -8.125899 12.216280 9.326603 0.475514 -24.764635 17.075645 -1.873197 41.587612 15.300535 13.262938 -13.431857 12.568935 16.919224 5.007113 -14.706848 10.545456 6.182641
41.644859 6.431925 -7.230322 -4.455503 24.972408 -10.363007 -1.719694 -8.302238 21.813768 -16.333395 43.811241 16.416428 8.694450 -8.273730 11.479888 9.037191 0.938285 -24.811861 17.227570 -1.843209 41.657135 14.798109 12.749819 -13.395558 12.064500 16.918474 5.034735 -14.973694 10.496977 6.060564
41.615986 6.342855 -7.585557 -4.561329 24.653362 -10.445316 -1.665955 -8.400252 21.676031 -16.216837 43.915413 16.223389 8.473277 -8.245512 11.259953 8.870969 1.035027 -24.888142 17.287582 -1.832531 41.731190 14.541552 12.559456 -13.389857 11.857808 16.873753 5.031120 -15.088012 10.512501 6.003233
41.158577 6.298739 -6.887218 -4.435224 25.382862 -10.749834 -1.150662 -8.137817 22.139011 -16.548838 43.593597 16.091883 9.205986 -8.032623 12.077979 8.949402 1.026080 -24.840059 17.095818 -1.802764 41.541828 14.834526 13.063235 -13.175750 12.592443 16.637173 5.138076 -15.015644 10.581122 6.089407
40.124954 5.389895 -5.600142 -4.563927 26.498898 -10.769507 -0.854860 -7.509549 21.914064 -15.972226 42.367222 14.559942 10.540112 -7.574887 14.095376 9.049059 1.207534 -23.923573 16.868109 -1.200693 41.031910 14.646069 13.859154 -12.943609 14.137147 16.174500 5.336405 -14.267529 10.593146 6.086228
37.263897 4.928323 -3.307948 -5.994495 27.881063 -10.802103 0.146802 -7.154903 20.370684 -14.987550 40.294193 10.863871 12.883580 -6.986388 17.744923 8.449449 1.223213 -22.201693 17.057068 -1.037470 38.710884 13.696935 15.297492 -12.669604 17.498947 14.055572 5.626504 -13.523642 10.372592 5.370877
32.950157 3.182222 0.297324 -7.914474 30.682215 -10.213521 2.776312 -4.402570 19.103224 -12.501742 37.307064 9.006044 14.670374 -7.279050 22.599398 8.165267 1.703820 -18.082533 17.597847 -0.598975 34.218346 12.392259 15.672179 -11.512745 22.678610 10.939148 6.608641 -12.064014 10.303432 5.657292
30.140440 3.520755 1.409707 -9.844227 32.608013 -8.589948 3.658529 -1.262275 18.058241 -9.834824 32.676460 7.472291 14.327308 -8.854996 27.293530 5.921307 2.814283 -12.076876 18.213371 0.216618 29.758799 11.516064 13.470325 -9.409149 28.319815 8.664784 5.793356 -9.159328 10.556712 5.464508
25.421055 3.678163 0.450370 -12.325424 33.138729 -7.408400 4.380183 0.726345 15.933695 -4.856019 28.139225 5.448631 13.943446 -10.243225 31.093264 2.474729 2.683213 -7.391175 18.710014 2.732902 25.791582 11.585917 10.688666 -7.022213 33.812820 6.728930 4.934840 -5.841106 10.166507 5.396724
21.737469 3.031260 1.390132 -15.093747 33.776234 -6.157047 5.463570 3.513328 14.726486 0.107341 23.763073 2.379491 12.727167 -10.980163 34.890301 -0.340900 3.127568 -2.972477 18.444595 6.283205 22.354372 10.773374 7.067998 -4.652859 40.489902 4.046062 3.302699 -1.188572 9.468246 6.435827
17.516039 0.730221 4.116008 -18.119255 34.580227 -7.470520 7.950011 5.037317 12.186960 4.354471 19.474876 -1.496570 13.927790 -13.313630 35.864735 -4.068368 3.382932 -0.245541 16.188416 12.337273 17.299067 7.736337 5.693893 -3.426556 47.256195 -0.735114 5.828005 2.513900 6.493208 6.702494
11.555157 -0.874746 7.933536 -22.298155 35.392399 -10.052769 9.756695 7.450458 9.430140 10.944340 14.499048 -6.750148 18.109489 -16.785131 36.722591 -7.090411 3.307791 3.565182 13.782165 18.422815 12.391691 3.666817 5.857967 -4.656305 50.181408 -6.940387 8.600879 5.130953 2.990219 9.432941
9.061660 0.540793 10.445095 -23.298767 35.334385 -10.897633 9.968035 8.284630 6.993043 19.351746 11.912279 -9.081010 19.955873 -18.659071 36.726074 -9.299307 5.788825 7.040452 11.934707 22.878113 10.171993 4.286842 7.049255 -4.454505 53.325665 -8.716473 7.456663 8.406093 0.985699 13.541734
9.289868 1.766659 14.977481 -22.447948 35.326687 -12.338054 8.531821 5.326498 1.130258 26.884211 11.838758 -8.735168 21.492229 -20.563637 34.474091 -8.770454 6.869171 6.887251 7.065779 26.665916 9.179807 6.908729 8.474947 -6.199817 52.017666 -8.316546 8.241401 10.326523 -2.043278 17.840260
8.394603 2.274790 18.159788 -23.246803 32.657627 -12.172063 9.564877 2.484730 -2.669467 34.892597 10.809453 -6.962740 20.782511 -23.510113 31.150043 -7.492516 7.079192 7.036052 2.340880 32.701996 8.631063 9.168257 8.799501 -11.531557 47.762829 -7.043561 11.644037 12.106930 -5.352599 20.858688
9.265138 3.068919 20.116518 -24.401968 28.943937 -12.692499 13.740623 0.808978 -2.619807 37.676884 13.903979 -5.228517 20.672735 -24.647490 27.718475 -7.503251 6.175613 6.750984 -1.668396 36.510811 10.389178 11.056156 7.985838 -14.979457 41.651119 -6.336579 15.903983 12.192598 -6.486073 23.593845
11.226717 4.073784 17.879423 -25.064859 23.739962 -14.332788 19.728251 0.169692 -0.740051 37.193916 18.432726 -0.403539 20.717651 -25.021160 23.855808 -7.367559 5.343116 7.959318 -2.731762 38.746292 13.565758 12.729692 7.249862 -17.997368 34.891415 -6.222518 20.707151 10.557137 -7.421508 24.917751
13.938279 5.216879 14.297603 -24.262852 19.691921 -17.712593 25.050911 -0.338366 2.091947 34.675041 22.115297 4.839240 22.153114 -25.020193 20.859610 -7.589286 5.521386 8.232102 -2.327088 40.220814 15.475309 14.439791 5.292326 -19.036966 30.455725 -6.928071 23.426651 9.702264 -6.750345 26.986431
15.392413 6.621685 9.878617 -23.107384 17.346071 -21.024920 29.186123 0.423653 5.683911 33.019661 23.405445 9.728600 20.234953 -25.831234 15.695660 -8.035584 7.794133 7.270535 0.082151 41.948669 16.513601 17.561987 3.028047 -20.855968 26.219666 -8.217394 27.390657 9.022934 -4.233086 27.541962
15.468954 8.769353 5.947746 -22.304970 15.922285 -23.581247 31.556362 1.241028 8.834647 32.255211 24.169605 13.642971 16.024384 -27.139524 11.962937 -8.680954 10.873310 8.256956 2.553969 42.673630 16.865189 19.911774 -0.422035 -22.078259 22.068407 -9.768047 30.069096 8.057261 -2.616288 28.286112
14.647421 9.513144 2.193033 -22.158554 14.178125 -24.619297 32.809364 1.273291 10.906136 31.682995 24.295261 15.566903 13.873648 -27.219942 10.873644 -10.236371 12.695016 8.972945 5.015225 42.826035 16.222898 20.456318 -4.166827 -22.931194 19.358686 -11.012797 32.147388 7.418061 -1.088384 28.719288
13.737294 9.905387 -0.631400 -22.569393 13.158851 -25.356997 34.056690 1.982550 12.010860 31.449366 24.369289 16.786480 11.049899 -27.561266 9.452100 -11.388545 13.951219 9.570327 6.557084 43.378609 14.908427 20.347452 -7.406382 -23.199953 18.290216 -12.237608 33.250710 7.150134 0.334337 29.372480
13.478947 10.046385 -1.789463 -22.625198 12.785681 -25.505606 34.284355 2.334015 12.457185 31.435923 24.448723 16.895418 10.139741 -27.848299 9.030012 -11.664162 14.447634 9.811530 6.764526 43.383575 14.411787 20.219563 -8.611904 -23.093897 18.067215 -12.805932 33.603359 7.229557 0.962244 29.570307
13.583000 9.993085 -1.724737 -22.630943 12.730990 -25.615906 34.375904 2.233409 12.385840 31.434988 24.638086 16.933317 10.361435 -27.739559 9.003856 -11.774206 14.485419 9.569389 6.745422 43.293304 14.514609 20.282461 -8.467273 -23.061451 18.064159 -12.868613 33.608398 7.135495 0.973867 29.547729
13.799238 10.040181 -1.639615 -22.507475 12.707997 -25.603062 34.190140 2.178588 12.284993 31.750534 24.752113 16.847073 10.453911 -27.583027 9.048247 -12.065650 14.682462 9.413213 6.801136 43.412968 14.668305 20.361101 -8.536388 -22.876278 18.081549 -13.039376 33.520817 7.067368 1.121722 29.753860
14.278347 10.039674 -1.538122 -22.330149 12.643636 -25.726442 34.017441 2.076325 12.183468 31.983713 25.001308 16.598776 10.647355 -27.488928 8.979687 -12.321487 15.012584 9.302004 6.649430 43.514687 15.200567 20.361290 -8.216648 -22.714930 18.061031 -13.503864 33.671253 6.876565 1.002075 29.656689
14.860064 10.115584 -1.304580 -22.034838 12.584176 -25.930595 33.758709 1.817350 11.944465 32.456139 25.482800 16.303520 10.936448 -27.227192 8.879629 -12.707906 15.424287 9.006111 6.543919 43.516029 16.104252 20.492815 -7.720362 -22.348194 18.129087 -14.131341 33.845249 6.527740 0.925487 29.482208
15.836393 10.012739 -1.191583 -21.612839 12.368272 -26.133293 33.461708 1.528631 11.631687 33.001854 26.384140 16.015423 11.392502 -26.758644 8.748405 -13.203516 15.664495 8.520802 6.444741 43.398849 17.506130 20.523890 -7.160072 -21.593409 18.262499 -14.607830 33.582069 6.107505 0.823342 29.414083
16.982498 9.986719 -1.078387 -21.233557 11.971294 -26.625507 33.088413 0.841544 11.347004 33.059258 27.183271 15.529910 11.829073 -26.344965 8.567719 -13.760217 16.049105 7.963258 6.186917 43.430374 18.853502 20.407984 -6.463865 -20.833231 18.622089 -15.224159 33.341515 5.644373 0.629507 29.216951
18.252382 10.044441 -0.627648 -20.784960 11.645018 -27.405621 32.558300 -0.068463 10.606005 33.453362 27.856493 14.555769 12.191850 -26.186203 8.462480 -14.167090 16.622063 7.867412 5.656838 43.505268 20.233042 20.508924 -5.967858 -20.064886 18.782261 -15.699231 32.860828 5.209204 0.444885 29.524548
19.725702 10.070732 -0.588865 -20.372244 11.053927 -27.891825 32.108028 -0.713507 9.897228 33.706238 28.710030 13.439359 13.100646 -25.479958 8.716345 -14.925192 17.238388 7.567235 5.337023 43.601028 21.620413 20.471197 -5.407751 -19.382385 18.789206 -16.301640 32.461224 4.351659 0.121289 29.778168
21.182753 10.185548 -0.629435 -19.960241 10.404268 -28.315853 31.663301 -1.410266 9.300725 33.744766 29.337797 12.776953 13.716688 -25.016525 8.628552 -16.006239 17.929125 6.893590 4.932269 43.513680 23.027649 20.421932 -4.751315 -18.652292 19.002569 -17.185965 32.169727 3.524306 -0.167209 29.743771
22.478806 10.041753 -0.643848 -19.552526 9.734174 -28.909061 31.326502 -2.323576 8.572495 33.635719 30.482306 11.921381 14.914992 -24.440506 8.512792 -17.538174 19.081318 5.809023 4.400067 42.874161 24.305386 20.142200 -4.259833 -17.990648 18.965012 -18.015589 31.943493 2.796055 -0.656167 29.760674
23.699083 10.113773 -0.229007 -19.140751 9.263856 -29.452183 30.564560 -3.578069 7.726843 33.532272 31.533087 11.146881 15.692462 -23.933142 8.232021 -18.925457 19.979155 4.712155 3.893252 42.212551 25.376537 19.965733 -3.506259 -17.099138 19.255587 -18.591963 31.144110 1.864467 -1.177715 30.116816
24.949125 10.051797 0.016622 -18.982067 8.720472 -30.016321 29.991917 -4.748876 6.715196 33.159431 32.481045 10.644753 16.773802 -23.691927 8.129623 -20.164867 20.643270 3.232984 2.990790 41.129456 26.633242 19.657614 -2.585701 -16.730663 19.336166 -18.992653 30.704575 0.787005 -1.914549 29.962904
26.207127 10.098583 0.494967 -18.760208 8.158149 -30.963013 29.689085 -6.318906 5.659904 32.783310 33.374142 10.110542 18.106812 -23.613562 8.109725 -21.034729 21.393536 2.209180 1.895783 40.313679 28.306002 19.099211 -1.249220 -16.264025 19.673599 -19.893991 30.330570 -0.342595 -3.053477 29.444654
27.103264 10.021038 0.706372 -18.762854 7.637934 -31.709644 29.733437 -7.223774 4.728405 32.550888 33.785606 9.737706 18.575960 -23.794189 7.753332 -21.664764 22.030117 1.665922 1.007668 40.167576 29.639891 18.498806 -0.293427 -15.505881 20.079844 -20.740648 29.984112 -1.316419 -3.802603 29.345715
27.885559 10.141648 0.879178 -18.712337 7.205954 -32.286919 29.535315 -8.231803 4.001863 32.163883 34.454445 9.283412 19.447540 -23.619339 7.544147 -22.454384 22.532593 0.642323 0.295402 39.616158 30.454163 18.132053 0.495324 -15.066507 20.214066 -21.435011 29.749142 -2.300082 -4.468181 29.418009
28.247145 10.243385 1.124032 -18.724037 6.874924 -32.934246 29.329437 -9.326481 3.225462 31.887363 35.050510 9.234727 20.292242 -23.557917 7.264411 -23.087658 22.817017 -0.553146 -0.316048 38.983868 30.978777 17.984938 1.183396 -15.248745 19.982552 -21.830105 29.690702 -3.194592 -5.189876 29.453518
28.697701 10.358218 1.344745 -18.578890 6.642715 -33.405788 29.260902 -10.038965 2.755068 31.765392 35.484215 9.291989 20.643532 -23.352894 6.887244 -23.687820 22.980595 -1.489227 -0.612054 38.670029 31.262388 17.665562 1.246109 -15.466450 19.559256 -22.162064 29.802906 -3.718647 -5.659514 29.457306
28.977274 10.387720 1.263828 -18.422981 6.499191 -33.740482 29.138042 -10.579199 2.550764 31.459234 35.672699 9.185082 20.988585 -23.108723 6.881621 -24.219402 23.108027 -2.253633 -0.583293 38.207039 31.442770 17.426332 1.491282 -15.626327 19.338736 -22.418413 29.838173 -4.174004 -5.992987 29.331129
29.186935 10.354035 1.135929 -18.430199 6.257642 -33.925034 29.230274 -10.782847 2.254602 31.363125 35.862076 8.994068 21.214821 -23.020836 6.837103 -24.595812 23.374557 -2.529957 -0.672116 37.991043 31.489853 17.284887 1.530312 -15.742458 19.146032 -22.581535 29.947834 -4.392432 -6.258797 29.381510
29.251114 10.376159 1.123029 -18.394314 6.232708 -33.985592 29.223101 -10.826981 2.210614 31.385368 35.904358 8.970984 21.223503 -23.020231 6.778368 -24.672333 23.416897 -2.593587 -0.716587 37.948444 31.533752 17.294224 1.586367 -15.784573 19.076899 -22.583961 29.948095 -4.444105 -6.318557 29.372499
29.289316 10.201136 1.196795 -18.421814 6.292262 -33.909370 29.178349 -10.732780 2.092845 31.358387 36.044868 8.864444 21.233938 -23.037504 6.786716 -24.503426 23.266188 -2.449826 -0.887439 37.947231 31.605997 17.252867 1.611352 -15.814657 19.058676 -22.457348 29.842840 -4.314147 -6.380265 29.417320
29.342806 9.984563 1.423087 -18.430357 6.441534 -33.892315 29.185249 -10.608529 1.934731 31.396345 36.216156 8.928424 21.266912 -23.077959 6.883483 -24.167990 22.784843 -2.196217 -1.115657 38.060463 31.885981 17.366272 1.902890 -15.809300 19.095402 -22.199049 29.617142 -4.185709 -6.521186 29.539135
29.699163 9.395770 1.591886 -18.468435 6.551579 -33.766907 29.098568 -10.317955 1.540215 31.224436 36.559944 8.654185 21.217766 -23.092676 7.056509 -23.574326 21.994616 -1.757437 -1.672811 38.186131 32.367466 17.259361 2.189477 -15.946172 19.031759 -21.535622 29.343739 -3.796566 -6.798551 29.482914
30.055685 8.602858 2.052091 -18.447546 6.868765 -33.440861 28.935295 -9.795125 1.124677 31.224432 37.040264 7.980426 21.030859 -22.915886 7.457877 -22.881424 21.095419 -0.816783 -2.114333 38.297974 32.999771 17.242226 2.672838 -15.965403 19.123108 -20.621185 28.827480 -3.147458 -7.120994 29.576366
30.407124 7.780326 2.792138 -18.506504 7.328101 -32.888634 29.034447 -8.808331 0.698140 31.389700 37.422394 7.258584 20.975348 -22.674582 8.041763 -22.097107 19.977879 0.024957 -2.432620 38.505318 33.369877 16.937346 2.895181 -16.181501 19.123032 -19.668787 28.494541 -2.174595 -7.497851 29.560667
30.745686 6.676902 3.759802 -18.673054 8.003500 -32.305382 28.914007 -7.856323 -0.032873 31.275974 38.130436 6.531760 21.062988 -22.431288 8.622251 -21.281199 18.839994 0.639110 -2.997891 38.205223 33.884132 16.303501 2.990546 -16.514391 19.253986 -18.833511 28.469404 -0.780567 -8.065614 28.766098
31.261950 5.245753 4.915830 -18.880428 8.869061 -31.435093 28.608133 -6.498256 -0.907427 31.028509 38.885094 5.596625 21.319218 -22.212788 9.275968 -20.305681 17.641384 1.348837 -3.576091 37.679359 34.678905 15.648348 3.389773 -16.884790 19.266832 -17.538956 28.066048 0.723658 -8.712209 28.246334
31.624603 4.073057 5.972308 -19.192787 9.710035 -30.526926 28.695225 -4.731714 -1.313959 30.696712 39.575630 4.589764 21.356487 -22.076038 10.076821 -19.078068 16.129690 2.600717 -4.136822 37.346775 35.290340 14.788014 3.818449 -16.891136 19.825533 -16.709000 27.316292 1.957353 -9.453934 27.870966
31.843649 2.615724 7.088598 -19.196440 10.930219 -29.526505 28.414490 -3.017596 -1.714363 30.493046 40.092556 3.403837 21.366747 -21.733479 11.255840 -17.880146 14.247700 4.330946 -4.515938 37.327171 35.232891 13.680621 3.807979 -17.052160 20.398214 -15.815640 26.188461 3.587993 -10.328918 27.998144
32.308525 0.962733 8.168484 -18.959986 11.969757 -28.650259 27.878382 -1.861646 -1.958940 29.987211 40.771427 2.102520 21.212357 -21.457804 11.756250 -16.776255 13.088205 5.510983 -4.765956 37.135883 35.643276 12.565580 3.981801 -16.888954 20.978086 -14.670368 25.065739 5.242101 -10.923236 27.784016
32.802475 -1.505271 9.438822 -18.613319 13.393426 -27.712843 27.556303 -0.102759 -2.229351 29.120169 41.546459 0.594406 21.080339 -21.811920 11.996780 -14.866170 12.197816 7.147143 -5.223553 36.376060 35.960167 11.052435 4.660258 -16.307745 22.539549 -13.542645 23.950045 7.226269 -11.534789 27.296501
33.212090 -3.841836 9.651315 -18.325716 14.552113 -26.893745 27.305698 1.764767 -2.204975 27.775167 42.261566 -0.737015 21.127258 -22.620209 12.058028 -12.740922 11.680518 8.945009 -5.844474 35.555557 36.536015 8.955302 4.746547 -15.780353 23.884024 -12.471766 22.799120 9.541475 -12.153918 26.135162
33.206608 -6.021514 10.239881 -18.260803 15.989816 -25.535519 26.987814 3.939014 -1.994374 26.666370 42.960445 -2.903157 20.719412 -23.081543 12.511614 -10.583103 11.208247 11.126521 -6.311092 34.630634 36.998081 7.247705 4.100642 -14.807782 25.177317 -10.984348 21.054956 11.745527 -11.998132 25.241236
33.515213 -8.506035 10.880435 -17.843250 17.447632 -24.132832 26.940323 6.280106 -1.523898 25.438848 43.710941 -5.333414 21.462660 -23.528427 13.817392 -8.296979 10.848718 13.560518 -6.894217 33.278500 37.258549 5.339332 3.547062 -13.792974 26.949762 -9.232116 19.773928 14.397374 -11.717599 24.106234
35.518349 -10.764935 10.484550 -16.840178 22.199440 -23.043121 24.186972 13.768558 0.522982 20.297434 41.698608 -9.808964 19.233128 -19.732084 14.053079 -3.571341 11.540916 15.770711 -2.028675 35.633343 37.030792 0.273415 5.050399 -8.305635 29.463722 -5.958249 21.196730 19.012798 -5.039989 23.145149
35.923473 -12.847706 10.605068 -16.697500 23.081034 -20.762125 23.227186 16.128239 1.175779 19.251642 42.527500 -12.078750 18.805201 -20.076857 14.419178 -1.052090 12.042222 18.636173 -1.365823 33.932938 37.760822 -0.822141 4.646536 -6.877017 30.728584 -3.985617 20.315241 21.812624 -3.240656 21.615459
36.889324 -14.538222 10.456664 -16.324514 23.870104 -18.397675 21.682405 18.218904 1.943280 18.307426 42.926167 -14.103312 18.418623 -20.000032 14.789935 1.434238 12.071535 20.533110 -0.266196 32.077904 38.115696 -2.234704 4.142590 -5.374693 32.127861 -2.280107 19.900490 24.115110 -1.186488 19.845991
37.076904 -16.094273 9.934050 -16.339462 24.538183 -15.734577 19.921946 20.201204 2.495326 17.385998 42.505844 -15.781853 17.911026 -20.275558 14.739194 4.326584 12.071132 21.572813 1.041214 30.041140 37.999451 -3.637151 3.284234 -4.333950 33.228371 -0.986546 19.418938 25.321571 0.658985 17.914814
36.962490 -17.579926 9.231986 -16.765720 24.885963 -13.550977 18.741751 21.669796 2.818478 16.188749 42.305706 -16.963385 17.938967 -20.183207 15.302108 7.415523 11.682316 22.749310 2.763581 28.088310 37.461609 -6.072349 2.086684 -3.723248 34.056820 -0.145577 18.684612 26.064293 1.951171 15.913166
36.540367 -21.018969 7.687119 -17.313566 25.128462 -10.975794 17.846458 22.619772 0.901777 16.069670 41.748959 -19.333431 17.843605 -21.365850 14.778664 11.096334 12.851207 22.435789 2.445834 25.412670 36.861721 -10.134070 -0.163827 -1.620296 36.078705 1.106125 19.627811 26.255178 2.612780 12.759286
36.276089 -23.291130 7.055805 -17.401531 25.612402 -8.890764 16.731815 23.456192 0.748922 15.239825 42.453201 -20.901066 17.516621 -20.024107 15.312462 14.500206 11.013391 22.497654 3.753672 24.419266 36.911777 -12.840191 0.029790 -0.029446 36.838249 3.250317 19.438280 26.630413 4.211103 11.711918
36.009541 -25.306097 6.951778 -17.697140 26.127836 -7.306733 15.602945 24.060177 0.910201 13.954612 42.154770 -22.070116 16.454029 -19.399052 15.340591 17.428467 8.957396 22.627325 4.809155 24.097725 36.111462 -15.393155 -0.010685 1.442367 37.543900 5.377048 18.845993 26.961929 5.395274 11.744546
36.054153 -27.390427 6.125408 -17.706173 26.386641 -5.351966 15.006291 25.056435 1.674705 12.533354 42.260681 -22.569036 15.366215 -19.122854 15.260850 20.684864 6.938291 23.067570 5.461318 23.488905 36.238934 -17.801283 0.038576 2.616592 37.646065 7.806143 18.169575 27.034479 6.355138 10.977368
36.011600 -29.362509 4.532865 -17.764709 26.329914 -3.115431 13.724748 26.118088 2.343271 11.617446 42.498116 -23.818676 13.940388 -18.559114 15.230231 23.417767 5.210362 23.275234 6.010110 22.751225 35.994007 -20.516197 -0.175937 3.030364 37.013100 10.199677 17.581730 26.890284 6.739523 10.573993
36.103138 -31.069279 3.298905 -18.214912 25.995243 -1.073788 12.886844 26.863314 2.738591 10.237906 42.515274 -25.858828 12.206877 -18.124598 15.398442 25.389011 3.745603 23.766777 6.546045 21.937967 35.985046 -22.480766 -0.198203 3.251903 36.653027 12.776472 16.450396 27.139610 7.097050 10.213487
35.674446 -32.475388 1.658733 -18.475416 25.783106 0.985107 11.697878 27.876728 3.361627 9.642127 41.911133 -28.307228 10.013335 -17.925152 15.585319 26.820112 2.759697 24.485855 7.278111 20.931166 34.979267 -24.146517 -1.158271 3.073151 36.094894 14.870350 15.207439 27.273436 7.733727 10.110589
34.882198 -32.746712 -0.224375 -18.921709 25.299112 2.545197 10.511009 28.538486 3.761934 9.656427 41.098114 -29.840279 7.869260 -18.162380 15.335652 27.824650 2.238786 24.610626 7.830921 19.786631 34.158062 -25.275270 -2.345665 2.472657 35.203506 16.884489 14.185430 27.255507 8.131598 9.687758
34.256733 -33.097710 -1.975716 -19.633244 24.773277 4.207533 9.438080 29.314524 3.788246 9.246116 40.850029 -31.937611 5.982169 -18.194361 15.407649 28.662022 1.683795 24.988789 8.273223 18.265951 33.382313 -26.571676 -3.475744 1.433246 33.946178 19.111931 13.235180 27.419622 8.293869 9.395888
33.927406 -33.135479 -3.876496 -20.244642 24.123688 5.787971 8.199447 30.001667 3.919300 8.829722 40.383312 -32.780201 3.741102 -18.462984 15.108315 29.275873 1.400559 25.291801 9.179012 16.873343 32.619907 -27.472027 -4.864302 0.663520 32.965565 20.750105 12.473942 27.419559 8.831049 9.062346
33.374268 -33.481693 -5.250610 -21.075193 23.591114 7.222910 7.368803 30.530037 3.884789 8.484402 39.406506 -33.296509 1.532359 -18.790091 14.920854 29.502913 1.430772 25.443167 10.049435 15.724433 31.303776 -28.379019 -6.361886 -0.063221 32.293285 22.300917 11.760366 27.646357 9.228234 9.104199
32.447380 -33.411404 -6.689032 -21.675112 23.314295 8.518878 6.627633 31.013584 3.893618 8.730618 38.560104 -33.733974 -0.417948 -19.175400 14.416780 29.490900 2.043665 25.264238 10.908751 14.726973 29.855349 -29.053230 -7.876174 -0.992329 31.357861 23.530870 11.456458 27.644575 9.649079 9.086247
31.079134 -33.144314 -7.969166 -22.028305 23.423702 9.606058 5.654252 31.482765 4.271382 9.078641 37.244278 -34.117920 -1.898896 -19.449482 14.462475 29.144831 2.819195 25.346094 11.910669 14.066774 28.385027 -29.004974 -8.982133 -1.618174 30.813858 24.274363 11.291045 27.522732 10.366095 8.980165
29.844782 -32.911446 -9.522987 -22.550911 23.035976 10.459834 4.895008 31.568392 4.568614 9.338845 36.067886 -34.374950 -4.095759 -19.714035 14.135692 28.833921 3.408269 25.191780 13.099494 13.345633 27.070261 -29.135309 -10.313975 -2.227767 30.098948 24.962399 11.206032 27.185015 11.118350 8.684505
28.667143 -32.838535 -10.829533 -23.113863 22.759163 11.137505 4.612819 31.784109 5.056252 9.229268 35.096249 -34.449333 -5.879408 -20.073778 14.020247 28.710550 4.092666 25.351192 14.077288 12.653174 25.900991 -29.194429 -11.433607 -2.861378 29.535900 25.589161 11.247157 27.168339 11.712528 8.530679
27.792400 -32.429977 -11.776196 -23.616068 22.363295 11.365456 4.513934 31.691109 5.295495 9.195415 34.211418 -34.312519 -7.069853 -20.417494 13.872263 28.472404 4.899443 25.301668 14.798051 12.167380 25.066433 -29.180447 -12.161626 -3.657673 28.593031 25.996880 11.360702 26.834286 11.962865 8.685343
27.057011 -32.290337 -12.659124 -24.112370 21.961702 11.638148 4.445434 31.634663 5.446023 8.957099 33.295467 -34.368130 -8.034301 -20.535456 14.043871 28.105083 5.746317 25.188263 15.472638 11.628663 24.274940 -29.099377 -12.712884 -4.229712 27.873432 26.368757 11.390293 26.236019 12.151719 8.663577
26.650555 -32.033218 -13.689189 -24.404215 21.454212 11.795966 4.437562 31.531437 5.596317 8.700507 32.905857 -34.236626 -8.706091 -20.659668 13.977919 27.874466 6.414073 25.093245 15.926593 11.164592 23.748472 -29.119081 -13.167773 -4.886897 27.054874 26.646862 11.640344 25.734987 12.179721 8.628703
26.362293 -31.941219 -14.249729 -24.684437 21.151072 11.982667 4.410553 31.544376 5.704962 8.479633 32.547905 -34.256084 -9.134528 -20.750010 14.048254 27.736227 6.825191 25.114332 16.313503 10.813251 23.234627 -29.023996 -13.551202 -5.277444 26.646107 26.943991 11.636731 25.420185 12.309806 8.523330
26.192999 -31.819443 -14.569585 -24.817808 20.994623 12.024495 4.421075 31.473278 5.763310 8.329579 32.268578 -34.239567 -9.402538 -20.790384 14.123657 27.588173 7.070222 25.069588 16.592209 10.572104 22.865280 -29.058992 -13.836121 -5.550061 26.348021 27.051191 11.726847 25.237936 12.389147 8.484357
26.119701 -31.715345 -14.699421 -24.870966 20.922134 12.031142 4.390718 31.438684 5.793898 8.310464 32.204445 -34.220272 -9.463237 -20.782858 14.155491 27.547197 7.105275 25.054924 16.678730 10.524455 22.790304 -28.975353 -13.920766 -5.614634 26.264322 27.105572 11.726473 25.159071 12.404289 8.472161
