26.526268 -33.257122 -5.609529 -23.169012 10.958605 24.099735 9.958632 20.923809 15.733912 14.383843 33.059998 -30.645033 -14.904140 -12.007241 24.032255 30.744204 12.931072 22.471346 8.735689 7.796950 23.590172 -26.442600 -19.163738 -19.579681 22.912287 13.158479 -3.784998 34.247017 8.636065 3.165859
26.186935 -34.504860 -5.226977 -23.013109 11.123236 23.863260 9.923441 20.110268 15.202520 14.301761 32.972416 -31.007402 -14.160022 -12.730884 23.657263 31.118191 13.126273 21.639997 7.728412 7.193740 23.433420 -27.330652 -18.630514 -20.131426 22.952843 13.029851 -3.376633 34.018303 8.160841 2.580112
25.496689 -36.809078 -4.381565 -22.887020 11.487378 23.328537 9.898229 18.762936 14.273086 13.861224 32.813145 -32.020809 -12.951695 -13.629169 23.332369 31.798178 13.124614 20.518885 6.295186 6.221343 23.070543 -29.179749 -17.625086 -20.720034 23.563688 12.691325 -2.807202 33.766502 7.274327 1.317351
24.665989 -39.588215 -2.741373 -22.739697 12.209908 22.467266 9.835542 16.263514 12.768367 12.866965 32.734085 -33.542465 -10.463237 -14.493420 23.273689 32.152546 13.566052 18.530483 4.348139 4.768450 23.086704 -31.740448 -15.426632 -21.874035 24.188223 11.968019 -1.902572 32.245567 5.436769 -1.036322
23.888153 -42.461048 -1.317776 -22.230791 13.040524 21.594772 9.389394 13.078553 11.293038 11.074257 32.143444 -34.830650 -8.053690 -15.641335 23.167543 32.555134 14.130649 16.430611 2.287840 3.437695 22.788223 -34.173611 -13.563963 -22.879633 25.028738 10.942911 -1.102580 30.455780 3.748420 -3.624637
23.215033 -45.447906 0.364026 -21.903120 13.994105 20.862322 9.392560 10.732652 10.662274 8.627378 32.429935 -36.493622 -4.311556 -16.203142 24.031668 33.297905 13.773935 14.029984 0.004013 1.030783 23.058243 -36.689800 -11.119159 -23.249762 26.451653 9.517797 -0.349125 28.359859 2.085731 -6.420938
23.200615 -48.016064 1.772287 -21.768034 14.132201 19.575392 9.860245 7.936104 9.947990 5.709863 32.229259 -36.936184 -1.183696 -17.301117 24.139708 34.024502 13.841518 11.620207 -2.094238 -0.840988 23.319176 -38.935272 -9.116406 -23.294752 27.605988 7.760909 0.326048 26.275539 0.706871 -9.036456
23.073027 -49.458771 2.604282 -21.211409 14.407995 18.225540 9.638581 5.297521 9.674227 3.656607 31.815678 -36.997566 0.555591 -17.646967 24.055990 33.808933 13.693904 9.090421 -3.308276 -1.823398 23.472761 -39.726879 -7.795142 -23.209244 28.249474 6.494434 0.592484 24.399168 -0.075272 -10.578282
22.824547 -50.013485 3.426810 -20.918234 14.572421 17.177416 9.479804 3.189933 9.264531 2.556166 31.521454 -36.279236 2.201393 -18.012941 24.314674 34.059452 13.240237 7.751930 -4.159942 -2.102979 23.797657 -40.127464 -6.721177 -23.443048 28.427237 5.528006 0.932662 22.972136 -0.906607 -11.440646
22.663374 -50.190273 4.114812 -20.722504 14.808526 16.680603 9.228134 2.090699 8.888884 2.242366 31.267195 -36.055069 3.210452 -18.225216 24.356840 34.198578 12.946978 6.964949 -4.688453 -2.151997 23.776587 -40.065025 -6.165776 -23.682556 28.346018 5.157542 1.247658 22.324656 -1.343281 -11.724545
23.127865 -49.702377 5.289722 -20.565760 15.211056 16.290047 9.478498 2.015604 8.603275 2.460703 31.304211 -35.666988 4.027570 -18.305183 24.549730 34.377457 12.499230 6.926465 -5.193076 -1.537125 23.888260 -39.610832 -5.420070 -23.962994 28.320862 5.108027 1.648893 22.607782 -2.027084 -11.136595
21.899609 -45.543842 12.052597 -20.788971 18.573648 13.563042 11.692782 1.635452 7.330738 5.373663 30.140020 -31.889654 10.236739 -18.543976 27.352465 34.573025 10.452478 7.592844 -7.718392 3.107931 22.947092 -35.269218 0.920767 -25.540245 30.197001 4.615094 3.062824 23.296671 -5.103095 -8.959975
19.174469 -37.767998 20.119894 -20.201941 23.106943 7.428582 16.322212 2.237868 6.230456 13.713625 27.634979 -21.660118 17.774372 -19.278111 30.763163 29.135542 10.347542 10.756729 -9.308558 12.532929 20.662725 -24.175314 6.286397 -25.671005 33.643494 0.395455 5.812454 26.315845 -6.470350 1.077478
10.387877 -20.785122 28.945995 -17.379036 36.481430 -4.683489 17.197454 1.942293 5.597844 24.680601 17.401665 -9.168450 25.924799 -17.596458 42.384819 13.749336 12.788153 13.030987 -5.792796 21.448736 9.807203 -9.807313 12.986331 -22.113298 41.745647 -6.853748 5.397073 22.795652 -7.660758 17.752724
10.955522 -2.569783 19.020544 -12.009133 37.563179 -15.243212 7.255850 -3.032345 4.788584 35.193005 15.824553 -0.134895 21.079739 -12.097475 46.333286 -8.175888 16.442915 5.925124 1.771461 21.411268 9.063316 3.297582 15.352869 -15.839882 43.561855 -14.773817 -0.796224 7.768902 -4.987411 30.370552
30.557354 6.709247 4.272150 -8.752317 33.059155 -24.409710 -5.272478 -8.442221 -5.298346 19.881224 30.498005 3.855450 9.888713 -3.135216 43.291821 -21.615334 5.956552 -4.090310 4.423934 9.571296 25.503777 4.833843 10.934114 -11.389563 34.421383 -12.687550 -10.750441 -7.847725 -9.157168 28.910042
42.699940 9.992979 -14.429254 -12.183311 20.931158 -25.058947 -10.096013 -13.662141 -14.106104 -0.694739 44.754250 -1.357158 -0.258120 -0.208034 29.601152 -26.101727 -2.543098 -19.220518 1.796305 -0.409929 41.477188 -1.171193 0.997384 -5.864820 22.374590 -10.688618 -15.466000 -22.277058 -14.416308 21.716265
41.754997 -2.638720 -21.535280 -23.996830 3.661041 -16.363213 -9.850350 -19.109245 -23.466928 -7.310143 48.683475 -17.529491 -7.051000 -2.399720 17.764496 -15.468247 2.661421 -26.680902 -8.781262 -4.639225 48.304688 -18.095520 0.611438 -6.109451 14.833268 -8.666492 -10.736441 -28.801826 -17.009966 11.822646
43.584335 -17.136303 -21.559458 -29.196848 -3.941733 -8.361827 -7.773273 -18.573715 -26.489336 -12.206639 53.965458 -34.992096 -9.689258 0.338007 17.117636 -7.406345 4.343284 -22.240562 -8.713181 -10.801440 47.324799 -34.419594 5.300358 -11.319847 12.119940 -4.586515 -6.093292 -27.944641 -20.433216 3.192746
41.451103 -24.425016 -24.703249 -30.310694 -7.939362 -6.101677 -4.441813 -19.098339 -25.908701 -19.059622 53.276367 -44.301395 -7.284557 -0.110894 17.290377 -0.901059 5.492640 -21.057236 -10.624493 -15.587791 45.910210 -45.507172 3.339848 -15.312012 9.019399 -2.897760 -1.685791 -28.050364 -23.695976 -5.494726
40.522537 -24.681787 -24.761408 -30.410301 -7.823994 -6.121269 -3.962586 -19.062057 -25.684988 -19.213375 52.260223 -44.809383 -7.680013 -0.777323 17.137508 -0.180361 6.189372 -20.743929 -10.846950 -15.938573 45.392056 -45.446087 2.871382 -15.646960 9.028147 -2.659187 -1.362682 -27.769470 -23.621853 -6.604512
41.236626 -24.366379 -25.206554 -30.527458 -8.064916 -6.639222 -3.978619 -19.579174 -26.278315 -18.446680 53.145664 -43.929317 -7.689009 -0.517435 16.639462 -1.410736 6.025054 -22.240543 -10.877728 -14.788543 45.560112 -44.642513 2.836415 -16.028667 8.423533 -2.693702 -1.804289 -28.493477 -24.000685 -4.387862
40.395309 -22.741747 -23.985682 -30.928974 -7.135391 -7.453711 -4.382205 -20.896109 -27.713934 -14.225593 52.017841 -42.657825 -9.252787 -1.171783 15.498740 -3.726560 7.524210 -24.154123 -10.853768 -12.737682 44.977158 -40.073112 2.550035 -16.972090 7.494943 -2.580216 -2.664121 -28.601776 -23.996891 0.076124
38.469627 -20.771830 -21.858223 -30.539474 -5.887926 -8.422862 -5.340699 -22.796492 -28.918509 -9.077718 49.059776 -39.972763 -11.160051 -2.804532 13.076970 -6.445812 8.861790 -26.729965 -12.542146 -8.707632 43.549427 -35.425320 2.555081 -17.473141 7.876146 -3.887907 -3.442055 -28.730692 -23.094772 2.798869
35.165932 -18.879654 -21.417315 -30.458527 -5.018241 -9.903148 -4.955966 -25.048914 -30.107302 -5.452643 45.129650 -38.058472 -12.378951 -5.165739 11.199088 -7.963485 9.927577 -29.908463 -15.413193 -5.903918 42.209888 -31.737537 2.142269 -18.626345 7.104238 -4.307546 -4.338251 -30.275537 -23.845325 5.342405
31.808146 -15.903098 -22.904455 -31.127127 -5.397567 -11.682714 -4.219553 -27.160366 -30.642076 -3.342836 41.434715 -34.381908 -11.946674 -6.799019 10.275927 -9.314563 9.675086 -33.193260 -16.924551 -3.286597 42.173573 -27.499100 1.132679 -19.051115 5.376101 -5.235322 -3.994153 -32.949955 -24.286091 7.511628
28.841808 -14.047824 -24.251036 -32.289387 -6.147108 -13.419098 -3.458187 -28.741575 -30.346857 -1.781889 38.600563 -32.762836 -10.699753 -8.874664 9.127416 -9.681230 10.391257 -36.427395 -18.434195 -2.275694 40.704922 -25.567760 0.494238 -19.731869 4.932193 -6.751669 -3.716592 -35.022915 -23.997049 8.789111
25.776628 -11.940734 -25.455692 -33.103935 -6.246552 -14.995663 -1.319586 -29.640520 -29.856857 -1.679496 36.963757 -30.189535 -8.666335 -11.665586 6.930375 -10.457537 11.142897 -39.957947 -19.710564 -2.454222 38.643806 -23.031778 0.627824 -20.891247 4.131371 -7.443587 -3.553310 -37.311977 -23.955406 10.194618
24.020084 -10.499471 -26.358919 -32.888454 -5.822492 -16.241915 0.456326 -29.659290 -29.294710 -1.431982 35.707623 -28.039692 -8.366473 -13.543770 5.234188 -11.141083 11.881242 -41.350609 -19.940792 -2.079373 37.769958 -21.668615 0.601208 -21.679182 3.128996 -7.813447 -3.176940 -38.849491 -24.085957 10.760493
23.109655 -9.494271 -26.591705 -32.899448 -5.517523 -16.804844 1.151532 -29.572180 -29.386591 -1.188168 34.501820 -26.675665 -7.779800 -14.696423 4.887898 -11.563659 12.610949 -41.609535 -19.897301 -1.905128 36.710175 -21.122705 0.481736 -21.919384 3.081191 -8.132038 -2.886930 -39.128212 -24.005140 11.166003
22.739141 -9.268079 -26.696728 -32.768559 -5.459947 -16.857000 1.221857 -29.609701 -29.469183 -0.441160 33.964500 -26.343527 -7.589496 -14.816795 4.943435 -11.708591 12.605683 -41.467129 -19.694450 -1.377624 36.155155 -20.881157 0.241871 -21.913050 3.148771 -8.363377 -2.730887 -39.224857 -23.990412 11.727979
22.346682 -7.172768 -25.420654 -31.981411 -4.225760 -17.316950 1.315222 -29.163965 -29.418009 2.191970 32.314789 -25.703928 -5.161568 -14.429083 7.033736 -13.200445 11.987752 -40.181572 -18.431152 0.737032 35.003990 -19.059031 0.783791 -20.889236 5.190472 -9.764643 -2.245681 -38.103752 -24.136261 13.836114
23.872412 -4.415251 -21.360952 -29.533585 0.189420 -18.707813 -0.524692 -29.215515 -30.323008 3.877876 30.372902 -23.219427 -2.243341 -12.033273 12.404208 -16.813860 10.181163 -38.363724 -15.218331 3.848589 32.243870 -15.561235 1.873107 -19.261906 10.995940 -11.812253 -3.728263 -33.650665 -24.237335 17.884243
27.980022 -0.899577 -12.767252 -26.828053 6.800480 -19.956156 -4.846306 -27.253723 -31.054455 7.570948 30.745440 -20.692850 1.655980 -9.075347 18.432623 -18.966589 8.682234 -34.600445 -14.992995 7.732346 34.570869 -11.594185 5.649283 -18.344225 14.736788 -10.382959 -7.156944 -29.155802 -24.637360 21.324802
25.338009 3.850986 -3.084011 -27.172586 15.905642 -24.494343 -5.498454 -21.440456 -30.225449 11.363516 26.366806 -17.702528 8.585251 -8.837255 30.755394 -21.884827 7.390470 -26.468935 -15.192096 9.649533 30.018526 -6.167552 12.050210 -17.782406 24.532824 -16.925276 -7.783149 -24.080486 -23.913956 22.872288
17.073868 6.210181 -0.898406 -29.154593 20.124043 -27.971638 -2.559048 -15.294451 -29.354298 24.231543 19.408836 -14.371411 8.932133 -13.999578 33.884312 -24.642599 14.866099 -17.910749 -18.349054 14.479667 20.960506 -2.361291 13.654449 -18.886047 31.662258 -25.079578 -7.280363 -17.719551 -20.100082 25.277508
10.150970 7.182156 4.369524 -30.973534 22.773876 -27.572645 2.961895 -7.018900 -27.510851 35.934357 12.818300 -11.703541 11.909130 -16.611284 37.122189 -22.715546 18.020391 -8.489763 -17.997900 24.862696 14.862427 2.040786 14.459934 -17.689213 37.328606 -28.937225 -2.166158 -6.560907 -14.874993 29.359940
16.579924 -0.606077 16.420938 -20.268440 30.682606 -26.814581 6.755011 -1.791609 -13.358280 36.233978 18.029301 -9.495598 14.814436 -11.345246 41.848907 -19.844547 15.174563 6.594794 -8.807267 30.508408 18.901197 2.378097 13.254671 -16.367489 39.015606 -23.740709 2.743876 10.972045 -6.414907 26.181538
30.687344 -10.589118 22.689228 -15.812114 28.602762 -19.846003 12.435774 2.873153 -3.391641 25.119177 30.846111 -14.557794 18.501272 -11.229277 38.037815 -5.993091 18.926552 14.175200 -6.717350 24.745913 27.713238 -1.912674 9.840478 -14.834272 35.726627 -16.942934 6.302363 21.804243 -2.473809 20.000387
36.973148 -22.874264 16.106731 -12.173479 23.219980 -3.526361 18.986488 15.608974 12.758633 17.564112 42.174152 -17.625118 14.855847 -8.340340 29.903572 14.030662 14.704073 19.746685 -1.041587 20.761969 35.266895 -11.490796 2.269124 -9.283432 33.912601 -6.932081 4.686138 31.411943 4.623523 14.277737
36.072624 -35.002357 2.091253 -15.235113 11.334591 8.788796 17.157873 14.158051 11.398610 19.437632 44.961327 -17.205791 -3.122695 -15.079806 13.916973 33.187798 10.292137 18.012394 -3.609488 19.280344 34.728695 -25.077278 -11.528328 -15.675396 23.252552 1.032933 4.628226 33.858437 2.132274 8.028790
30.058104 -38.950378 -13.764559 -14.426209 6.490075 14.195876 11.955925 11.673512 13.881817 21.794769 43.201912 -19.202227 -21.445786 -16.673288 5.845748 35.284695 10.420011 12.919341 1.435710 12.583585 31.586838 -34.445751 -23.923677 -18.686255 15.922839 3.077148 2.617419 26.912130 5.978660 1.376965
28.459181 -33.835709 -25.090076 -11.966924 3.798663 15.285810 4.122564 6.788218 19.560091 19.230692 37.148621 -20.297840 -33.479446 -16.413609 2.211499 31.478985 13.167874 5.080565 6.003754 9.349612 28.141834 -33.048912 -33.885750 -16.862823 13.261916 3.040210 -2.499218 19.773504 14.269771 -1.617674
25.233198 -24.366283 -34.192123 -11.423223 3.550878 17.904747 -3.286093 2.468889 24.236574 14.548263 31.430969 -22.074446 -41.152065 -9.249086 6.822562 25.181437 11.508290 -1.237920 13.565536 7.679708 24.536358 -23.272005 -42.036163 -14.393584 11.183512 6.299469 -7.941761 14.109351 18.637917 0.379472
18.723686 -19.306009 -39.326893 -10.038501 5.075518 20.698420 -9.027770 -2.543164 23.653788 19.184126 23.809063 -19.440601 -47.615356 -5.300996 9.912997 20.692890 8.850388 -4.072478 20.552376 10.691871 18.897644 -13.705647 -45.761902 -14.672750 10.909169 8.965357 -13.501790 7.419311 19.788342 6.686456
12.509345 -11.790339 -38.985119 -9.231665 7.571087 20.318928 -11.718389 -6.098369 23.015253 27.362425 15.330620 -17.109221 -52.120575 -5.589446 10.159069 16.776934 8.947247 -5.698279 24.561174 16.935123 11.825783 -7.391901 -49.639801 -17.266951 8.265772 8.612548 -14.763198 2.675075 20.203880 13.796023
7.825500 -4.438848 -36.659798 -10.214770 8.359370 18.477299 -14.186423 -8.086341 22.666410 36.723736 7.881511 -14.842610 -53.703705 -4.973156 11.293896 11.776714 10.654526 -7.257869 26.175142 25.212906 4.129673 -2.947948 -50.743690 -19.157501 7.261736 5.759594 -15.163807 -0.231947 19.814831 22.423714
2.149382 0.477484 -32.446846 -10.936546 10.562572 13.910394 -11.630293 -8.607205 23.363070 44.803593 1.698116 -9.762269 -50.571384 -5.434211 12.864855 6.246332 13.032823 -8.351403 27.155571 32.224342 -1.415826 1.967872 -49.326817 -20.404156 8.694702 0.013005 -13.054176 -0.530961 21.201042 28.876442
-1.304200 3.604244 -30.676878 -11.291972 12.115497 10.520659 -8.178205 -9.948242 23.967054 47.169353 -1.238765 -4.425533 -45.736115 -7.291868 13.863803 4.209951 14.908198 -10.856939 25.247663 34.157360 -3.304470 4.358839 -47.340027 -20.691570 10.828443 -5.669816 -10.032954 -2.452892 21.695980 29.276674
-1.938841 5.453092 -29.225605 -11.923918 12.002661 7.841705 -5.974900 -11.158321 24.033815 47.271179 -2.004345 -1.935135 -42.864700 -8.446023 14.223999 3.272192 16.404490 -12.227238 23.734333 34.597397 -3.119129 5.360318 -45.482967 -20.964321 11.709134 -8.596025 -8.051433 -3.641829 21.006245 29.231758
