28.328896 -30.229998 -9.244730 -17.050791 16.587368 29.459538 15.489861 18.307631 8.224648 11.226065 32.706490 -33.028622 -18.649639 -29.058617 18.974699 12.049339 -1.693073 30.702261 1.665860 4.770084 22.775520 -31.853317 -8.436699 -9.641266 22.732967 23.308676 6.859523 27.558344 20.416935 10.761339
28.020550 -31.480291 -8.871948 -16.889519 16.754299 29.193167 15.436679 17.495590 7.721933 11.116770 32.728298 -33.276859 -17.989172 -29.839737 18.545090 12.404099 -1.417131 29.933235 0.657440 4.104987 22.603764 -32.815868 -7.836804 -10.165022 22.745108 23.222109 7.241711 27.303591 19.890343 10.281067
27.327625 -33.806694 -8.060637 -16.742405 17.155392 28.688433 15.430953 16.333435 6.873528 10.659554 32.719681 -34.125717 -16.682671 -30.741856 18.126862 13.069180 -1.408895 28.730278 -0.711079 3.152967 22.321806 -34.634277 -6.668828 -10.756948 23.300598 22.904102 7.785042 26.962063 18.935415 9.048596
26.450386 -36.615780 -6.330429 -16.688862 17.860415 27.767408 15.402295 14.034036 5.474007 9.739023 32.818333 -35.391762 -14.459848 -31.552551 18.102083 13.330769 -0.915754 26.716084 -2.680602 1.452451 22.382032 -37.199650 -4.371715 -11.913717 23.906420 22.243719 8.637859 25.513874 16.971451 6.727802
25.747854 -39.393936 -4.917747 -16.280388 18.665781 26.953840 14.893904 11.048985 4.149315 8.043486 32.326641 -36.574181 -12.169044 -32.765949 18.097647 13.790361 -0.247637 24.686136 -4.952600 -0.075869 21.985012 -39.699879 -2.538699 -12.982668 24.657007 21.177460 9.620041 23.694820 15.310284 4.191443
24.949638 -42.225803 -3.206697 -16.125677 19.650692 26.278187 15.054955 8.938887 3.558168 5.639657 32.560658 -38.059704 -8.713699 -33.479279 18.810213 14.925298 -0.507530 22.276018 -7.612103 -2.510380 22.170811 -42.247547 -0.210505 -13.477227 25.982088 19.699179 10.502834 21.606110 13.654790 1.339185
24.767235 -44.945095 -1.680959 -16.043806 19.796124 24.886974 15.558842 6.034511 2.830561 2.786823 32.442764 -38.211788 -5.892014 -34.478992 19.072290 15.746430 -0.417536 20.114594 -9.703491 -4.542316 22.388620 -44.470577 1.799260 -13.573324 27.099977 18.085966 11.178581 19.575651 12.242663 -1.216512
24.539808 -46.515724 -0.861062 -15.441421 20.083109 23.553232 15.370769 3.267561 2.491588 0.763390 32.085140 -38.091358 -4.210997 -34.814590 19.032766 15.635492 -0.613167 17.796574 -10.918532 -5.577363 22.653318 -45.097427 3.333093 -13.465799 27.828560 17.021452 11.270169 17.655661 11.398458 -2.787361
24.297543 -47.092785 -0.117976 -15.083160 20.285864 22.599594 15.223386 1.055121 2.002137 -0.381463 31.672403 -37.537186 -2.625062 -35.206844 19.388309 15.679942 -0.940107 16.630316 -11.695768 -5.954714 23.056999 -45.403835 4.566030 -13.710207 27.979908 16.205122 11.554433 16.150429 10.592665 -3.685061
24.129778 -47.251789 0.548365 -14.873184 20.548622 22.145147 14.986102 -0.078969 1.599634 -0.725516 31.277042 -37.339809 -1.668025 -35.440037 19.467299 15.611680 -1.018327 15.860335 -12.149202 -6.099173 23.095671 -45.265209 5.204502 -13.964344 27.900471 15.896410 11.820076 15.434518 10.161942 -3.999863
24.587822 -46.792202 1.709712 -14.711183 20.951988 21.743433 15.214475 -0.146641 1.341965 -0.474420 31.306473 -36.975983 -0.810142 -35.555233 19.625000 15.827044 -1.525383 15.926623 -12.572452 -5.391297 23.194328 -44.841614 5.912674 -14.240990 27.873901 15.830190 12.197049 15.755751 9.480357 -3.419727
23.497303 -42.529980 8.709705 -14.959969 24.348270 18.785406 17.173740 -0.440134 0.268184 2.644480 30.415802 -32.371700 5.895971 -36.117500 22.044209 15.962549 -3.515259 16.499922 -15.206941 -0.935574 22.086149 -40.517876 11.690551 -15.990211 29.465284 14.906889 13.733068 16.546850 6.520139 -1.435706
20.420891 -34.913082 16.748175 -14.689250 28.658518 12.736945 22.016726 0.307050 -0.941026 10.876469 27.834841 -23.375971 13.916835 -35.679520 24.969564 11.742910 -4.382318 18.280584 -16.541605 10.221557 20.572908 -28.525200 16.124374 -16.934284 33.168884 9.540737 15.707955 20.186543 4.702969 6.645687
11.805656 -18.302414 25.039980 -11.371376 42.360382 0.750660 22.768803 -0.050504 -1.696698 21.860834 15.251336 -15.644214 23.492525 -29.332434 34.275818 1.315821 -3.424177 14.430273 -13.541268 26.759914 13.530034 -5.077354 20.771521 -16.739168 43.202068 -1.590329 13.882334 22.440563 4.962741 13.341175
12.877777 0.279412 15.196553 -5.706175 43.736748 -9.694477 13.012728 -4.719596 -2.481877 32.202591 11.649865 -11.602537 20.229385 -19.120314 35.943668 -14.483163 -0.283484 3.519709 -1.946949 33.870747 13.459502 14.411334 18.020741 -16.120245 44.390511 -12.720657 4.313916 13.085876 5.108964 19.313046
31.895832 9.381883 0.966917 -4.405722 37.730122 -19.676571 -0.483936 -9.799411 -10.952239 16.774664 27.254505 -8.362845 13.148489 -6.768779 33.733006 -24.218695 -6.918139 -10.724174 -0.441836 22.616743 28.666441 13.956094 10.888254 -12.593404 35.136429 -14.301399 -10.889016 -4.632648 -4.748908 19.636019
43.393986 10.768718 -14.965688 -10.887568 22.375757 -23.636105 -8.863445 -13.956164 -15.784121 -1.644265 41.069424 -9.897702 0.787361 1.485483 27.498943 -27.270613 -8.386810 -25.051399 -2.515016 7.590425 43.160561 5.462394 -2.607147 -8.261137 23.920635 -13.920699 -16.119755 -17.069563 -12.028738 13.893645
42.263432 -0.913305 -24.025520 -20.875689 6.780117 -13.160297 -6.581985 -20.021351 -27.620001 -8.307934 46.451450 -26.863335 -3.197451 1.117253 17.533653 -19.866247 -2.806973 -29.792049 -6.224079 -0.080612 47.894020 -13.386408 -6.727706 -10.191682 14.095952 -11.532661 -9.045885 -21.828356 -13.457774 4.691761
44.376534 -15.378531 -23.828684 -25.856804 -0.622688 -5.093777 -4.410756 -19.353260 -30.599672 -13.527415 50.908489 -42.783546 -4.688742 1.938250 14.434422 -11.749213 0.108591 -25.697199 -5.630598 -5.692846 46.417526 -31.502546 -1.736367 -13.220735 12.067339 -5.953766 -4.129645 -21.842505 -15.954209 -1.457944
42.208836 -23.160145 -26.804615 -26.214020 -3.997865 -2.996754 -0.999546 -20.619144 -30.487513 -20.101654 50.191891 -51.341862 -3.175737 0.208550 13.532033 -4.285561 2.642355 -24.314234 -8.126679 -11.411919 44.997345 -43.587582 -2.480814 -17.162584 8.820443 -3.881777 -0.068016 -23.371037 -20.454073 -9.090384
41.268452 -23.518105 -26.953775 -25.949638 -3.558465 -2.863626 -0.405368 -20.686506 -30.502275 -20.174234 49.369728 -51.788975 -3.416039 -0.671061 13.211182 -3.581719 3.241783 -23.818497 -8.187324 -11.914182 44.543201 -43.636604 -2.621773 -17.475090 8.810647 -3.620809 0.164984 -23.311930 -20.608101 -10.114429
41.928986 -22.940750 -27.198029 -26.833841 -4.471334 -3.705474 -0.633272 -20.894459 -30.559420 -19.414074 50.235764 -50.529301 -4.384408 -0.274816 12.800729 -4.312099 2.998428 -25.245955 -8.523043 -10.796492 44.823868 -42.987206 -2.325943 -17.809065 8.293651 -3.781501 -0.405211 -24.261930 -21.257097 -7.877358
41.195744 -21.294243 -25.977522 -27.493748 -3.819193 -4.493458 -1.161030 -21.865362 -31.730387 -15.358036 49.452019 -48.409138 -5.802347 -1.169503 11.782289 -6.440497 3.938115 -26.779438 -8.411803 -8.931147 44.487747 -38.668488 -1.760955 -18.754345 7.559664 -4.068711 -1.640820 -25.012632 -21.970573 -3.441006
39.281998 -18.923763 -24.133280 -27.378780 -2.766434 -5.200378 -2.100965 -23.543667 -32.942448 -10.325614 47.225075 -44.514057 -7.680641 -3.136788 9.377829 -8.685993 4.763747 -28.355427 -9.229713 -5.276040 43.364311 -34.159878 -0.659455 -19.496433 7.844121 -5.511392 -2.940404 -26.141088 -22.245529 -0.352801
35.959213 -16.678501 -24.102894 -27.083204 -1.689458 -6.449434 -1.338938 -25.841213 -34.486958 -6.586321 44.329792 -41.749390 -8.141376 -5.269546 8.459505 -10.175669 5.369298 -30.392227 -10.487558 -3.544777 41.993473 -30.570370 -0.765776 -20.977285 6.533330 -5.806052 -3.789016 -28.285505 -23.561146 2.432774
32.495068 -13.974106 -25.760576 -27.697176 -2.017222 -8.154405 -0.673082 -27.829084 -34.971001 -4.255757 41.035358 -37.892986 -7.222346 -6.017381 8.367464 -12.077569 5.299138 -33.690010 -11.297873 -1.328918 41.812714 -26.422642 -1.980178 -22.432240 3.883917 -6.618198 -3.538342 -31.451029 -24.881935 4.840940
29.342882 -12.256659 -26.810202 -28.913372 -2.726721 -10.035264 0.049612 -29.681257 -34.750877 -2.847150 38.906536 -35.530754 -6.265753 -7.289932 7.758113 -12.953573 6.473445 -36.468681 -11.822913 -1.005035 40.015774 -24.570408 -3.430196 -24.466999 2.484554 -7.990293 -3.085796 -33.273670 -24.958782 5.865827
26.072237 -10.557830 -27.657372 -30.294312 -3.438991 -12.234694 1.693580 -30.446709 -33.597054 -2.437348 37.324970 -32.885414 -4.577554 -8.653701 6.881171 -13.902909 7.814230 -39.645973 -12.553560 -1.377135 37.541794 -21.998596 -4.036107 -26.797384 1.017747 -8.800300 -2.774112 -35.315632 -25.335779 7.063521
24.091366 -9.453721 -28.186083 -30.746559 -3.600281 -13.979243 2.964430 -30.310148 -32.343361 -2.021811 35.882164 -30.849953 -4.364735 -9.509466 5.889761 -14.547936 8.986437 -41.025875 -12.806107 -0.590848 36.450634 -20.359550 -4.743914 -27.934576 -0.063987 -9.267503 -2.258575 -36.257671 -25.162884 7.384221
23.070007 -8.518977 -28.222315 -31.122286 -3.596042 -14.758018 3.401397 -30.123798 -32.069893 -1.715343 34.470257 -29.537703 -3.798009 -10.148680 5.806580 -15.037906 9.860081 -41.543999 -12.902775 -0.133596 35.293556 -19.635668 -5.226949 -28.305176 -0.114107 -9.643636 -1.921996 -36.207825 -24.923191 7.712383
22.661606 -8.362316 -28.254879 -31.184359 -3.719001 -14.928235 3.310506 -30.121105 -31.933054 -0.961200 33.921597 -29.114235 -3.774388 -10.102820 6.080374 -15.169106 9.942961 -41.353210 -12.739252 0.398888 34.733315 -19.371492 -5.464966 -28.304989 -0.072579 -9.859371 -1.759614 -36.316360 -24.904985 8.291849
22.349014 -6.636727 -26.241558 -31.037191 -3.169659 -16.094124 2.338504 -29.913027 -31.099964 1.712289 32.439079 -27.961582 -2.447385 -9.142828 9.045697 -16.610643 9.786424 -39.745773 -11.912219 2.348149 33.780697 -17.781773 -4.357419 -27.108530 1.917022 -11.213628 -1.409162 -35.751556 -25.390060 10.524676
24.013901 -4.455768 -21.423679 -29.051508 0.751505 -18.208023 -0.170834 -29.660402 -31.237753 3.645941 30.450138 -24.255898 -0.776301 -7.643572 14.365107 -19.189133 8.065321 -38.011024 -10.243042 4.917899 31.550514 -14.367284 -2.159622 -24.365242 8.371068 -13.356552 -3.103275 -31.930761 -25.400080 14.738847
28.668602 -0.109701 -13.249212 -25.560211 8.139122 -18.670225 -3.727325 -27.634739 -32.680008 6.707317 29.865349 -22.587173 3.190042 -7.193908 18.010540 -20.664633 5.349886 -34.877968 -11.320497 9.353007 34.012520 -10.775142 2.048537 -21.165960 13.892299 -11.885791 -6.487963 -26.751696 -24.266068 18.288481
25.995193 5.709188 -5.040159 -24.364685 19.047876 -21.435978 -2.362099 -22.555956 -33.922626 9.341247 24.549294 -22.358223 12.075786 -8.822912 26.937431 -25.982971 2.994583 -28.084295 -10.971190 12.989480 28.542057 -5.330550 6.611930 -19.642239 24.643574 -18.207424 -6.732481 -19.192600 -22.015144 20.624729
18.234344 9.020393 -4.191607 -24.608717 24.970839 -23.115149 2.515708 -16.708055 -35.260826 21.084848 18.464277 -19.781071 15.529161 -15.130486 28.020235 -30.885368 6.995441 -17.784252 -8.863184 18.643011 19.250877 -1.016164 6.771202 -22.986389 30.034853 -26.218843 -5.769472 -12.445468 -18.421152 22.162014
11.972041 10.065238 0.846702 -24.547812 29.067764 -21.938532 8.668761 -8.922747 -34.788921 32.747360 11.101027 -14.810042 18.357025 -19.782980 30.720346 -29.777388 8.993934 -6.431643 -5.359403 28.412628 13.206426 1.531964 6.573446 -23.453299 34.374409 -30.875387 0.605174 -2.788365 -14.691768 25.069765
18.317003 1.576136 12.630750 -12.960981 37.734421 -21.030188 12.878491 -3.929919 -21.408998 33.780693 18.031408 -12.316199 19.672762 -19.111668 32.771210 -23.887701 8.976739 8.409688 -2.028552 32.331749 19.451487 3.140437 14.008051 -16.095711 38.525677 -22.943947 3.003729 10.235210 -5.800910 26.317154
32.612087 -8.270879 19.111801 -8.737608 35.537781 -13.893347 18.227676 0.637611 -11.318603 21.933912 31.467634 -15.802932 19.972609 -20.134899 29.865967 -12.640372 5.677182 17.173544 -4.569701 27.591099 29.041622 -2.015532 13.362946 -11.590258 37.282803 -15.346418 10.379467 21.215914 2.367459 18.838642
38.678871 -20.360352 12.907151 -5.885774 29.239006 1.781511 24.301937 13.018089 4.979243 14.897519 42.133640 -19.603703 13.229614 -21.687178 22.961611 0.640257 0.559918 25.418894 -5.629093 22.097000 36.153160 -12.932702 8.246030 -3.513784 34.854290 -2.839090 12.004761 27.878435 13.237506 14.605982
37.846600 -31.783546 -1.821719 -9.020331 17.296431 14.682294 22.783016 12.265665 4.082711 16.340590 44.377644 -19.489988 -7.198764 -32.995842 8.316413 13.772495 -3.800489 26.534185 -11.129840 16.341038 34.107502 -30.188168 -1.803448 -5.989022 23.405500 9.966224 15.102571 27.835056 13.884011 14.179758
32.168179 -35.728386 -17.636759 -8.076455 12.560078 19.998383 17.734808 10.005005 6.646742 18.948259 42.884224 -21.342604 -25.920540 -34.959576 1.070743 14.728453 -3.003330 22.162424 -6.119193 7.991070 31.046251 -40.053116 -12.337459 -8.507540 15.742328 13.952923 13.185529 20.127920 17.505505 9.388225
30.514347 -30.101225 -29.108727 -5.247222 10.418656 21.215822 10.548563 4.457393 11.549836 15.735912 37.088428 -22.830713 -37.775524 -34.625969 -2.425529 11.134514 -0.890874 15.043036 -1.108588 4.863372 27.531923 -38.473003 -22.477556 -6.746163 12.881980 13.873188 8.141077 12.699886 26.054195 6.162608
26.661148 -21.837252 -37.957195 -4.569135 9.745701 22.965837 3.567944 -0.012004 16.776310 12.014701 30.975594 -23.341200 -46.684048 -26.849630 3.455428 5.238149 -1.541218 8.305091 4.799520 2.359026 23.805326 -28.506775 -30.766382 -4.379940 10.789568 16.864750 3.144315 6.811782 30.816509 7.836981
20.103464 -17.208078 -41.620274 -4.201907 10.086770 24.697088 -4.307489 -5.157012 17.243910 17.728064 24.390478 -20.231573 -53.858337 -21.015360 8.422674 1.499305 -3.932949 4.805105 10.623664 4.354211 18.041437 -18.740353 -34.669292 -4.660782 10.431776 19.458027 -2.125096 0.171169 32.251217 14.214203
13.346888 -10.175231 -41.853359 -4.623452 11.774799 24.232563 -6.860787 -7.962471 17.188047 25.906805 15.674219 -17.962683 -58.276928 -20.732328 9.150022 -2.272196 -4.143928 2.467432 13.809124 10.793704 10.921320 -12.582890 -38.648197 -7.256486 7.713715 19.163656 -3.418875 -4.488097 32.562321 21.478312
8.729445 -2.877494 -39.589165 -5.040904 13.174604 22.850252 -8.757390 -10.456233 15.859937 34.953094 7.904497 -15.983161 -59.579224 -20.504179 9.769267 -7.748459 -2.422054 1.205673 15.640452 19.497105 3.211127 -8.186848 -39.673859 -9.185750 6.629555 16.380571 -3.805105 -7.392842 32.088921 30.232954
4.252703 3.035537 -35.804672 -4.607227 16.427677 19.726114 -6.114609 -11.216546 15.318214 41.430645 1.123249 -11.169238 -55.553493 -22.784500 9.583630 -13.990596 -0.552255 0.142468 17.188656 27.899240 -2.313117 -3.282412 -38.201233 -10.450920 8.024445 10.672183 -1.630541 -7.655138 33.464481 36.744122
1.020139 6.798553 -34.382210 -5.065890 17.918751 16.580595 -2.484977 -12.178997 15.984612 43.515739 -1.819917 -5.951203 -50.912342 -25.544428 9.422710 -16.047852 0.698129 -2.317614 15.982270 30.160242 -4.193664 -0.899552 -36.200043 -10.741636 10.151935 4.998333 1.412595 -9.560833 33.958752 37.162277
0.427119 8.905327 -33.218391 -5.510995 18.021938 14.195948 -0.015468 -13.290656 15.813758 43.515591 -2.522102 -3.621245 -47.971561 -27.048063 9.258597 -17.035271 1.839240 -3.484071 14.826073 30.814051 -4.009404 0.084477 -34.335186 -11.011293 11.033668 2.066820 3.393734 -10.746834 33.248337 37.152061
