26.021582 -31.902472 -14.643549 -24.872215 20.969833 12.033898 4.402988 31.372421 5.715206 8.321138 33.059998 -30.645033 -14.904140 -12.007241 24.032255 30.744204 12.931072 22.471346 8.735689 7.796950 23.583622 -23.710234 -24.616520 -15.582609 26.470608 16.929619 1.123294 31.829170 0.581078 0.824970
25.628431 -33.125668 -14.361734 -24.701468 21.107092 11.727871 4.400491 30.512325 5.195787 8.250560 32.972416 -31.007402 -14.160022 -12.730884 23.657263 31.118191 13.126273 21.639997 7.728412 7.193740 23.386030 -24.528715 -24.116152 -16.120558 26.517305 16.771845 1.621209 31.635920 0.077595 0.279341
24.866045 -35.354992 -13.627519 -24.537676 21.414555 11.132488 4.508942 29.201653 4.411115 7.849964 32.813145 -32.020809 -12.951695 -13.629169 23.332369 31.798178 13.124614 20.518885 6.295186 6.221343 22.983109 -26.174389 -23.250544 -16.649014 27.183962 16.479362 2.268401 31.392477 -0.740839 -1.125187
23.869995 -38.119484 -12.084232 -24.355684 22.231121 10.144163 4.522836 26.772432 3.015094 6.852838 32.734085 -33.542465 -10.463237 -14.493420 23.273689 32.152546 13.566052 18.530483 4.348139 4.768450 22.946768 -28.697470 -21.039221 -17.825634 27.838943 15.661424 3.241827 29.921644 -2.560402 -3.402255
22.937040 -41.150093 -10.699553 -23.805510 23.221539 9.102770 4.171830 23.573750 1.642662 4.963710 32.143444 -34.830650 -8.053690 -15.641335 23.167543 32.555134 14.130649 16.430611 2.287840 3.437695 22.649235 -31.060863 -19.203602 -18.826033 28.735506 14.575241 4.212990 28.200626 -4.366706 -5.963179
22.224169 -44.137749 -9.065171 -23.535549 24.126095 8.348111 4.191281 21.098394 0.894859 2.533357 32.429935 -36.493622 -4.311556 -16.203142 24.031668 33.297905 13.773935 14.029984 0.004013 1.030783 22.964012 -33.591053 -16.709272 -19.240635 30.209530 13.136003 5.036010 26.171061 -6.047361 -8.782386
22.214560 -46.699574 -7.615695 -23.438412 24.382586 7.122428 4.618636 18.489010 0.073866 -0.376904 32.229259 -36.936184 -1.183696 -17.301117 24.139708 34.024502 13.841518 11.620207 -2.094238 -0.840988 23.231150 -36.003296 -14.462887 -19.388964 31.420219 11.311118 5.592306 24.178921 -7.328879 -11.305864
22.033073 -48.119324 -6.982173 -22.827070 24.703028 5.731084 4.381903 15.998197 -0.235575 -2.443777 31.815678 -36.997566 0.555591 -17.646967 24.055990 33.808933 13.693904 9.090421 -3.308276 -1.823398 23.393185 -36.857391 -13.048491 -19.363445 32.172821 10.148200 5.820698 22.356287 -8.026806 -13.016369
21.778690 -48.660244 -6.241761 -22.491724 24.973648 4.670762 4.163634 14.045244 -0.702981 -3.594024 31.521454 -36.279236 2.201393 -18.012941 24.314674 34.059452 13.240237 7.751930 -4.159942 -2.102979 23.723833 -37.284107 -11.972374 -19.605991 32.430012 9.288185 6.202250 20.928547 -8.849780 -14.070087
21.599779 -48.864510 -5.567832 -22.305952 25.247702 4.168277 3.914498 13.017779 -1.103925 -3.943863 31.267195 -36.055069 3.210452 -18.225216 24.356840 34.198578 12.946978 6.964949 -4.688453 -2.151997 23.681900 -37.271439 -11.395625 -19.837023 32.396595 8.911664 6.504383 20.287567 -9.269501 -14.352283
22.128019 -48.392376 -4.307133 -22.142851 25.669615 3.856492 4.174489 12.993093 -1.361368 -3.702556 31.304211 -35.666988 4.027570 -18.305183 24.549730 34.377457 12.499230 6.926465 -5.193076 -1.537125 23.799971 -36.838093 -10.656763 -20.123783 32.377499 8.860797 6.907048 20.570086 -9.938116 -13.794683
21.234846 -44.218456 2.874165 -22.323534 29.029356 1.502650 6.304799 12.665884 -2.503198 -0.640481 30.140020 -31.889654 10.236739 -18.543976 27.352465 34.573025 10.452478 7.592844 -7.718392 3.107931 23.123508 -32.791821 -4.269205 -21.703039 34.201153 8.487617 8.255569 21.140610 -13.047206 -11.957265
18.782984 -35.686245 11.314878 -22.842159 32.213905 -3.363667 10.747632 13.090561 -4.174315 8.527975 27.634979 -21.660118 17.774372 -19.278111 30.763163 29.135542 10.347542 10.756729 -9.308558 12.532929 20.658028 -22.367826 1.028119 -21.953299 37.501255 4.036819 11.051448 24.350704 -14.321043 -1.493378
11.110554 -14.258095 23.145830 -26.617710 37.501648 -8.535911 13.220217 10.718275 -5.541788 19.031582 17.401665 -9.168450 25.924799 -17.596458 42.384819 13.749336 12.788153 13.030987 -5.792796 21.448736 9.506607 -7.786708 7.485274 -18.352654 45.637173 -3.309578 10.781055 20.534698 -15.879464 15.290283
13.683367 6.699452 16.882423 -24.451189 32.142078 -12.990690 3.906854 1.810475 -7.233773 32.651299 15.824553 -0.134895 21.079739 -12.097475 46.333286 -8.175888 16.442915 5.925124 1.771461 21.411268 8.974425 5.705501 9.287924 -11.445783 48.105782 -10.384353 4.693582 5.212686 -14.179061 27.348598
31.664541 12.184329 6.954664 -21.020872 24.403498 -19.510874 -5.205750 -9.815930 -15.463209 20.723391 30.498005 3.855450 9.888713 -3.135216 43.291821 -21.615334 5.956552 -4.090310 4.423934 9.571296 24.643381 6.395868 5.547982 -8.067073 38.156101 -9.755611 -5.234821 -9.452481 -16.713799 26.153017
42.165844 8.569250 -10.588552 -16.877832 14.574168 -19.656649 -10.159079 -19.332771 -17.751383 4.229355 44.754250 -1.357158 -0.258120 -0.208034 29.601152 -26.101727 -2.543098 -19.220518 1.796305 -0.409929 41.256954 -0.781384 0.056186 -5.125983 23.232857 -9.733722 -14.829499 -22.822594 -16.186432 21.649193
42.794922 -7.430677 -16.787361 -20.104082 2.932799 -14.066763 -11.488252 -26.483416 -22.072046 -0.926459 48.683475 -17.529491 -7.051000 -2.399720 17.764496 -15.468247 2.661421 -26.680902 -8.781262 -4.639225 47.505150 -17.881321 -2.607973 -4.042089 17.180382 -7.444415 -7.987093 -29.741001 -20.845901 11.349254
43.939930 -21.653440 -18.505575 -24.075899 -3.153750 -8.041954 -8.809937 -24.741438 -23.707026 -8.315472 53.965458 -34.992096 -9.689258 0.338007 17.117636 -7.406345 4.343284 -22.240562 -8.713181 -10.801440 47.364002 -33.398838 1.862528 -9.047455 14.474882 -2.345801 -2.774616 -29.111908 -25.325279 1.812118
41.100132 -29.188107 -22.182497 -25.458735 -7.202362 -5.928141 -4.929956 -24.836817 -22.756445 -15.830886 53.276367 -44.301395 -7.284557 -0.110894 17.290377 -0.901059 5.492640 -21.057236 -10.624493 -15.587791 45.605545 -45.004932 -0.441484 -12.942856 11.186959 -0.922530 0.928449 -29.272221 -27.875521 -6.385082
40.131634 -29.305582 -22.301348 -25.742577 -7.223040 -5.883407 -4.355977 -24.672686 -22.618845 -16.003065 52.260223 -44.809383 -7.680013 -0.777323 17.137508 -0.180361 6.189372 -20.743929 -10.846950 -15.938573 44.983730 -45.073681 -1.118920 -13.152005 11.317158 -0.624229 1.343554 -29.063795 -27.987610 -7.404981
40.810238 -28.810638 -22.916290 -25.989040 -7.560170 -6.297432 -4.216134 -24.913860 -23.042341 -15.339040 53.145664 -43.929317 -7.689009 -0.517435 16.639462 -1.410736 6.025054 -22.240543 -10.877728 -14.788543 45.352779 -44.001240 -0.572157 -13.868973 10.449363 -0.800798 0.765586 -29.713856 -28.120214 -5.255720
40.043091 -26.667067 -22.075188 -26.819328 -6.750240 -7.053730 -4.353927 -25.499622 -24.383253 -11.714805 52.017841 -42.657825 -9.252787 -1.171783 15.498740 -3.726560 7.524210 -24.154123 -10.853768 -12.737682 45.011745 -39.218243 -0.501185 -14.827825 9.598970 -0.648245 -0.042630 -29.856373 -28.363894 -0.917623
38.143673 -24.111320 -20.385994 -27.089138 -5.708813 -8.008262 -4.857087 -26.461321 -25.652088 -7.414378 49.059776 -39.972763 -11.160051 -2.804532 13.076970 -6.445812 8.861790 -26.729965 -12.542146 -8.707632 43.592606 -34.577091 -0.731653 -15.205173 10.144513 -1.784393 -0.391819 -29.932034 -27.829468 1.790540
35.151657 -21.446100 -20.173407 -27.214689 -4.669956 -9.303587 -4.515220 -27.614525 -26.527412 -4.254187 45.129650 -38.058472 -12.378951 -5.165739 11.199088 -7.963485 9.927577 -29.908463 -15.413193 -5.903918 41.918327 -31.133045 -1.432270 -16.432905 9.221128 -2.444905 -1.200677 -31.296808 -28.498072 4.875782
32.468037 -17.990246 -21.021547 -26.979675 -4.303010 -11.065439 -4.345710 -29.582870 -26.534267 -1.889737 41.434715 -34.381908 -11.946674 -6.799019 10.275927 -9.314563 9.675086 -33.193260 -16.924551 -3.286597 41.540112 -27.296667 -2.337417 -17.014048 7.456943 -3.725755 -0.950497 -33.890766 -28.747774 7.250675
29.716629 -16.314077 -21.866259 -27.164568 -4.486932 -12.630236 -3.746376 -31.125463 -25.527025 0.172603 38.600563 -32.762836 -10.699753 -8.874664 9.127416 -9.681230 10.391257 -36.427395 -18.434195 -2.275694 39.714157 -25.336021 -3.040771 -17.659506 7.192347 -5.571784 -0.811317 -35.922131 -27.952007 8.345126
26.852209 -14.703724 -22.760986 -27.190044 -4.267889 -14.045239 -1.814076 -32.403912 -24.450583 0.523358 36.963757 -30.189535 -8.666335 -11.665586 6.930375 -10.457537 11.142897 -39.957947 -19.710564 -2.454222 38.069439 -22.760710 -2.486271 -18.927572 6.104386 -6.434448 -1.151491 -38.223328 -27.152462 9.426421
24.997168 -13.884983 -23.648354 -26.385103 -3.640635 -15.346751 -0.122254 -32.827656 -23.437407 0.967545 35.707623 -28.039692 -8.366473 -13.543770 5.234188 -11.141083 11.881242 -41.350609 -19.940792 -2.079373 37.340931 -21.362070 -1.822574 -19.923128 5.089000 -7.045528 -1.192088 -39.692451 -26.669403 9.855499
23.991608 -13.178034 -23.948677 -26.105988 -3.301915 -15.927073 0.585638 -32.929268 -23.219498 1.387427 34.501820 -26.675665 -7.779800 -14.696423 4.887898 -11.563659 12.610949 -41.609535 -19.897301 -1.905128 36.414482 -20.868813 -1.652923 -20.232368 4.984202 -7.421313 -1.149975 -39.936283 -26.334988 10.252093
23.634237 -12.934530 -24.053741 -25.986603 -3.228118 -15.986847 0.639551 -32.949848 -23.338415 2.121252 33.964500 -26.343527 -7.589496 -14.816795 4.943435 -11.708591 12.605683 -41.467129 -19.694450 -1.377624 35.965061 -20.600727 -1.753175 -20.262634 4.999496 -7.670036 -1.105140 -40.064709 -26.230387 10.757298
23.372610 -10.121058 -22.831045 -25.797745 -2.211900 -16.280621 0.794739 -32.065678 -23.730154 4.537649 32.314789 -25.703928 -5.161568 -14.429083 7.033736 -13.200445 11.987752 -40.181572 -18.431152 0.737032 35.183262 -18.756016 -0.490552 -19.683750 6.482257 -9.182400 -1.485348 -38.575047 -25.238729 12.762272
24.628342 -6.458873 -19.255499 -24.472893 1.907249 -17.816809 -0.936699 -31.447588 -25.437046 5.959638 30.372902 -23.219427 -2.243341 -12.033273 12.404208 -16.813860 10.181163 -38.363724 -15.218331 3.848589 32.318970 -15.441042 1.400677 -18.753428 11.517043 -11.479227 -3.618729 -33.913933 -24.761433 17.673578
27.584660 -3.538657 -11.853858 -23.337465 7.628750 -19.548059 -4.594002 -29.667875 -27.473406 9.028909 30.745440 -20.692850 1.655980 -9.075347 18.432623 -18.966589 8.682234 -34.600445 -14.992995 7.732346 34.492844 -11.206649 4.907086 -17.669748 15.626876 -9.575176 -6.324955 -29.663054 -26.501244 21.115078
24.907263 -0.457454 -1.145937 -22.563005 16.852739 -24.212196 -6.041035 -26.608253 -27.016363 14.451695 26.366806 -17.702528 8.585251 -8.837255 30.755394 -21.884827 7.390470 -26.468935 -15.192096 9.649533 29.686066 -5.221624 8.959624 -15.708187 26.663319 -15.277474 -5.031326 -25.234266 -28.247290 21.960739
18.135113 2.658846 1.566460 -22.720949 22.673244 -27.699425 -3.983580 -19.091291 -24.697672 27.332640 19.408836 -14.371411 8.932133 -13.999578 33.884312 -24.642599 14.866099 -17.910749 -18.349054 14.479667 20.092876 -0.796465 8.186286 -15.173960 35.778568 -22.015354 -1.817681 -19.565437 -28.243645 22.861931
11.589483 3.296653 7.579184 -22.106684 26.602112 -27.204535 0.885233 -11.339444 -20.831482 40.180466 12.818300 -11.703541 11.909130 -16.611284 37.122189 -22.715546 18.020391 -8.489763 -17.997900 24.862696 14.703080 4.044165 9.118371 -13.557349 41.684452 -24.837006 2.803617 -8.939956 -23.898298 26.979465
16.949575 -0.257967 15.945598 -20.206537 31.381889 -26.776077 6.679852 -0.584656 -12.711621 35.099030 18.029301 -9.495598 14.814436 -11.345246 41.848907 -19.844547 15.174563 6.594794 -8.807267 30.508408 18.676735 3.892507 7.297968 -11.825744 43.929249 -19.901476 8.263644 8.654528 -15.358876 22.956451
29.330612 -9.114884 19.039568 -18.364386 29.210829 -21.276415 11.276130 6.098040 -5.823883 22.491081 30.846111 -14.557794 18.501272 -11.229277 38.037815 -5.993091 18.926552 14.175200 -6.717350 24.745913 27.797319 -0.211744 4.064288 -10.475276 40.230225 -13.036361 11.552916 19.255054 -11.260058 16.886097
36.338383 -19.985268 10.538602 -17.047239 26.532434 -9.849834 15.212665 21.844461 3.262633 13.667517 42.174152 -17.625118 14.855847 -8.340340 29.903572 14.030662 14.704073 19.746685 -1.041587 20.761969 35.272648 -9.486772 -3.532957 -4.944523 38.269154 -3.090717 9.518996 29.148195 -3.713387 11.631663
35.300800 -33.414944 -6.507181 -17.525497 20.825153 -2.531489 11.555366 24.189945 1.146393 13.429210 44.961327 -17.205791 -3.122695 -15.079806 13.916973 33.187798 10.292137 18.012394 -3.609488 19.280344 35.015202 -22.247198 -17.194429 -11.852733 26.804047 5.138107 9.714916 31.574633 -5.744450 5.020602
28.941105 -37.512623 -23.694094 -16.169790 17.110765 1.721987 6.688762 23.243803 4.049862 15.442959 43.201748 -19.205135 -21.447008 -16.673214 5.847176 35.280788 10.423457 12.922349 1.435904 12.582562 32.001072 -31.295700 -29.905001 -14.646297 19.410114 7.556473 7.672334 24.452339 -2.067041 -1.549944
27.310787 -32.636635 -34.817204 -13.687389 14.333467 2.493493 -1.194770 17.782415 9.328406 13.079712 37.148621 -20.297840 -33.479446 -16.413609 2.211499 31.478985 13.167874 5.080565 6.003754 9.349612 28.482492 -30.369890 -40.131317 -12.825173 16.735189 7.886755 2.981731 17.302191 5.521976 -4.340413
24.177038 -23.306999 -44.144768 -13.268005 14.046568 5.079407 -8.622798 13.589042 13.706788 8.068183 31.430969 -22.074446 -41.152065 -9.249086 6.822562 25.181437 11.508290 -1.237920 13.565536 7.679708 24.800886 -21.802794 -47.212090 -10.653519 14.832928 10.107384 -3.280514 11.277395 9.663850 -1.316327
17.562122 -18.371466 -49.351742 -11.957858 15.716948 7.649364 -14.593763 8.492877 12.739145 12.603598 23.809063 -19.440601 -47.615356 -5.300996 9.912997 20.692890 8.850388 -4.072478 20.552376 10.691871 18.889593 -13.352563 -50.382736 -11.613094 13.669905 11.640841 -9.413050 5.331779 11.778802 6.178466
11.452062 -10.799666 -49.005047 -11.101180 18.288130 7.224967 -17.373844 5.008845 12.139631 20.730200 15.330620 -17.109221 -52.120575 -5.589446 10.159069 16.776934 8.947247 -5.698279 24.561174 16.935123 11.618938 -6.536631 -54.429665 -14.104351 10.950416 11.756763 -11.270394 0.465995 12.887967 13.208507
6.792136 -3.430443 -46.688652 -12.060473 19.130995 5.326560 -19.883354 3.013712 11.808310 30.049850 7.881511 -14.842610 -53.703705 -4.973156 11.293896 11.776714 10.654526 -7.257869 26.175142 25.212906 4.098579 -2.407479 -55.931492 -15.728255 10.624661 8.615161 -10.792671 -2.351438 12.538620 21.087797
1.093378 1.487043 -42.474686 -12.795845 21.341244 0.733306 -17.344509 2.465986 12.470050 38.123417 1.698116 -9.762269 -50.571384 -5.434211 12.864855 6.246332 13.032823 -8.351403 27.155571 32.224342 -1.306694 3.505809 -55.325867 -16.389952 12.653178 3.750712 -7.480160 -2.800952 13.137752 25.476566
-2.370824 4.629052 -40.687946 -13.147820 22.895008 -2.687046 -13.892879 1.097838 13.041149 40.517029 -1.238765 -4.425533 -45.736115 -7.291868 13.863803 4.209951 14.908198 -10.856939 25.247663 34.157360 -3.323083 6.381732 -53.546612 -16.630651 14.878718 -1.453283 -4.143973 -4.524524 13.067995 25.694817
-3.011599 6.480868 -39.241947 -13.757089 22.799932 -5.375161 -11.688595 -0.106923 13.129120 40.621960 -2.004345 -1.935135 -42.864700 -8.446023 14.223999 3.272192 16.404490 -12.227238 23.734333 34.597397 -3.285735 7.686782 -51.872238 -16.961849 15.736917 -4.113311 -2.052437 -5.705101 12.081353 25.710236
