31.320698 12.525433 4.887907 -20.027914 0.892433 -27.408987 29.364824 -14.026407 3.319870 33.523254 35.758640 11.665176 17.564659 -11.601656 14.857983 -16.476051 32.335316 -8.456869 -7.443114 39.580441 31.235014 14.970059 2.744822 -25.272821 14.695827 -33.547573 21.090492 2.126630 -1.931663 26.906708
30.772373 12.409575 5.136292 -20.089565 1.276147 -26.897421 29.524790 -13.371778 3.934545 33.901234 35.286057 11.904736 17.179722 -11.607471 15.012518 -15.508271 32.125290 -7.709233 -6.881968 40.132603 30.724613 15.091035 2.427751 -25.389929 15.010908 -33.277290 21.099098 2.813603 -1.703331 26.922163
29.831322 12.015969 4.945894 -20.013527 1.671983 -25.862562 30.230579 -11.920216 5.389986 34.518433 34.071869 12.109726 15.712697 -11.626313 15.391020 -13.750083 31.721363 -5.892932 -5.402124 41.091095 29.992054 15.223919 1.498443 -25.000584 15.548698 -32.584145 20.801823 4.051460 -0.861566 26.971821
28.354206 12.030260 4.718289 -20.052406 2.511322 -24.106121 30.536598 -9.835396 7.471306 35.175415 32.703331 12.721435 14.169976 -11.665809 15.386574 -11.438649 31.347069 -4.457473 -3.494008 42.009041 27.901110 15.865287 -0.132914 -25.795732 15.555403 -31.578821 21.166021 5.861352 0.463959 26.967220
26.193779 11.692115 4.470498 -19.987162 3.541442 -22.257671 31.469782 -7.651839 10.032903 36.185745 30.999737 13.106635 12.949453 -11.345167 15.804045 -8.975940 30.731398 -3.096423 -1.246859 42.930218 25.201731 16.922445 -2.237609 -26.768656 15.284923 -30.701649 21.843918 7.469955 2.181285 27.445696
23.578543 11.232204 4.091457 -20.093731 5.246699 -20.863756 32.626099 -5.258699 12.366605 36.626972 28.856184 14.180291 11.639723 -12.185570 16.405798 -5.912749 29.570967 -0.898845 0.557870 43.634308 22.508596 17.724300 -3.762878 -28.419569 15.094379 -29.122625 22.459724 9.112129 3.213520 27.398741
20.662149 10.505553 3.881566 -20.355047 6.648626 -19.131096 33.379402 -3.547930 14.507347 36.782593 26.574699 15.916851 10.077000 -13.704937 16.203100 -3.493862 28.962927 0.604028 1.763550 43.844738 19.935394 18.150116 -4.541270 -29.743977 15.229365 -27.676884 23.233425 10.697899 3.921547 26.896664
18.532412 10.232219 3.597400 -20.791771 7.393210 -17.731632 34.274963 -2.167976 15.948595 36.426933 24.763149 17.382118 8.855886 -14.271945 16.181221 -1.740863 28.151484 1.501085 3.090011 43.939034 17.452805 18.427938 -5.821926 -31.127602 14.830265 -26.438354 23.826422 11.739666 4.498563 26.573296
17.129414 9.945289 3.210512 -21.313532 7.890775 -16.992460 35.000256 -1.167219 17.085493 35.301071 23.559271 18.077566 8.379063 -14.769186 16.631969 -0.578066 27.466583 2.363162 3.600578 43.815712 15.224879 18.425562 -6.945631 -32.092834 14.637481 -25.576704 23.973684 12.438028 4.920158 26.615555
16.559031 9.662096 3.168570 -21.521259 7.946278 -16.535164 35.552315 -0.834454 17.725857 34.702156 23.174406 18.274632 8.286862 -14.889831 16.748711 -0.086406 27.107132 2.592465 3.853791 43.624660 14.507012 18.496727 -7.116787 -32.375526 14.696864 -25.066248 23.864426 12.589685 5.016974 26.499987
16.760174 9.598392 4.264484 -21.539318 8.629676 -16.355057 34.980381 -0.945803 16.963217 34.740829 23.020300 18.206951 8.924660 -14.857740 17.163700 0.445569 26.424713 2.649680 3.385854 43.654999 14.799851 18.520254 -6.120499 -32.582886 14.889684 -24.446648 23.645620 12.691184 4.386315 26.302418
18.507229 9.593140 10.553064 -22.505560 11.539828 -15.042104 31.805080 -1.073074 11.863332 34.954132 23.662823 15.356107 13.528992 -13.885530 20.576954 2.014327 21.465120 1.270050 -1.476272 43.256573 15.677740 18.189959 1.012259 -32.354862 17.909758 -21.386526 21.111954 13.202370 0.995998 26.480442
17.153681 7.286214 18.640762 -24.680746 17.158703 -12.295085 24.324375 -1.281993 4.110004 35.327614 21.628942 7.680599 18.222570 -13.831898 28.406313 0.122352 14.114513 0.886020 -8.652695 40.896912 14.834139 13.950117 8.574441 -28.866409 25.729294 -17.453684 15.306339 13.744761 -1.992640 26.068897
11.795734 2.688511 23.401247 -24.363735 27.957422 -8.766521 14.040784 1.535384 -0.847089 37.046875 13.749164 -1.671574 15.793650 -14.805279 37.473892 -2.098145 10.626925 2.747485 -10.063288 37.423046 10.279402 9.332809 12.787430 -21.415342 38.375874 -15.037849 10.566101 16.035494 2.036438 22.204069
9.450281 1.252219 17.707970 -21.132139 33.685326 -10.531560 7.215720 1.441550 1.793122 29.660254 12.246939 -4.535679 14.781314 -12.362539 44.207565 -4.543391 6.489118 3.693799 -4.763061 26.890278 8.994024 6.771759 12.734982 -12.175938 48.551346 -14.296345 3.715422 15.379122 8.396931 15.909952
10.252562 -2.418569 9.639968 -19.568727 34.501484 -8.541174 10.885925 4.489713 12.557997 14.245933 14.641645 -2.399539 10.090442 -11.153579 45.245506 -6.194462 8.309588 2.699302 3.134543 15.819148 13.833761 5.953007 11.320884 -9.921199 47.103237 -10.073041 1.398167 9.054067 11.026704 8.700852
19.730932 0.010308 2.252648 -13.360993 31.330917 -4.716280 8.686515 -0.387906 17.147284 1.883635 23.154606 2.488399 8.800355 -9.243164 39.091270 -3.976233 5.574438 -5.177476 9.267421 4.779346 23.326042 13.842244 9.036064 -9.288824 38.036945 2.877242 -1.807327 1.144655 12.582576 4.547942
29.279360 0.503289 3.916655 -7.925645 29.097591 -6.296956 6.266830 -6.503088 20.404369 -7.049748 32.600758 7.420959 11.246740 -9.788175 30.028763 1.266213 1.786761 -11.792307 11.832298 -1.533801 30.078600 15.465797 12.317297 -14.340338 26.837273 7.563478 1.771841 -5.682041 8.844144 3.015499
36.935299 2.548730 -0.233894 -4.325937 24.816881 -7.895555 2.756980 -11.594907 23.135817 -12.595838 40.667953 10.181387 9.465540 -9.510553 20.196054 2.411900 -1.790994 -20.570349 10.017174 -3.355668 38.779869 15.952100 12.217111 -17.431393 16.521076 11.733185 1.623448 -10.276161 6.358997 3.291063
41.242744 4.367737 -3.480330 -2.923961 22.758299 -7.591906 1.134705 -11.992776 25.103512 -14.228726 43.638885 15.661801 5.597054 -10.723602 14.149274 2.970957 -2.539043 -23.322525 10.489188 -3.660476 41.693558 16.591860 9.375833 -17.402302 11.817198 13.497517 1.357161 -12.511658 6.332102 3.856253
41.665840 4.404088 -3.882332 -2.806699 22.426615 -7.340227 0.594515 -12.182216 24.882479 -14.067021 43.856747 16.089720 5.166629 -10.967287 13.543066 3.041318 -2.672490 -23.322119 10.674363 -3.633600 41.850742 16.474669 9.052679 -17.477549 11.432912 13.649522 1.167357 -12.533731 6.254432 3.842439
41.334267 4.726328 -2.187680 -1.744378 24.490044 -7.018533 -0.254911 -11.540593 25.594542 -13.727160 43.085316 16.848541 6.183600 -10.742818 15.047591 3.977493 -3.681598 -22.804253 10.417611 -3.335557 41.863564 17.487528 10.327333 -17.429399 12.941289 13.764937 0.812517 -11.775498 6.014298 3.844474
39.888134 5.031146 1.580705 -0.895580 27.783510 -6.025664 -2.338904 -11.344202 25.071512 -12.304641 41.514488 17.111464 8.338376 -10.870490 17.756838 5.547826 -6.323011 -21.121801 11.142371 -3.294134 40.043789 19.083677 13.413382 -17.651436 16.047243 13.597389 -0.170753 -10.815042 5.740401 2.929861
38.005806 5.007484 5.468065 0.392491 32.474754 -4.947654 -5.539113 -9.785747 25.735186 -9.485025 38.957916 18.786572 10.363965 -11.220422 21.250114 7.011706 -10.051554 -17.689539 13.354884 -4.065346 36.211124 22.023438 16.043060 -17.606447 20.298576 13.373632 -1.851822 -9.317808 6.855731 2.345065
37.654388 6.181954 7.289520 2.804826 37.495388 -2.724595 -8.629284 -7.356457 26.675013 -5.860892 35.558510 22.422718 9.228972 -10.808915 24.916958 7.802635 -12.105343 -13.363429 16.637859 -2.171289 33.768726 24.955349 15.235811 -15.112832 24.231701 14.534791 -4.510825 -6.657340 9.452996 3.232614
38.683388 8.344427 6.804635 6.945259 41.961479 -0.813107 -11.269083 -4.036469 29.086153 -1.923791 34.269638 26.525383 6.472550 -9.682119 28.496571 8.774005 -14.132018 -9.096438 19.868168 -0.778902 33.198185 29.141645 12.235505 -11.325941 27.974276 16.228710 -8.199096 -4.065295 12.823254 4.924572
39.393299 11.601977 7.862810 9.517765 45.321030 0.937946 -14.232596 -1.545794 31.126547 0.311969 33.568745 29.611160 4.312706 -8.273044 31.964520 9.464403 -16.831116 -5.155054 22.098919 0.786575 32.670689 32.327950 9.957666 -8.796895 29.645145 18.151142 -11.939755 -1.813073 15.674205 6.603913
41.288826 16.545351 10.350522 11.783204 48.666615 2.680650 -17.637783 1.336276 32.998783 2.598056 32.301281 32.440121 2.380246 -7.105413 34.547638 10.351820 -20.004797 -2.807904 23.131496 2.202762 32.127392 36.261211 7.402253 -7.084077 29.914385 20.482864 -15.142943 -0.097217 18.775757 8.717626
42.553913 20.419157 12.997193 13.164827 51.535110 4.227485 -21.105844 3.076755 34.191784 3.641624 31.069231 36.409908 1.733744 -7.017706 36.201824 12.158953 -23.116528 -1.366973 23.633221 2.714851 31.760971 40.012001 5.833383 -6.455688 29.682587 22.647449 -17.694166 0.570379 20.664619 10.030212
43.755699 22.580360 14.654278 14.677264 53.286861 5.131717 -23.280413 3.927846 35.323242 4.461186 30.665091 39.069592 1.278294 -7.002697 36.882450 13.163214 -24.753014 -0.371281 24.364918 2.957692 31.520798 42.811653 5.024915 -6.028419 29.671738 24.172539 -19.276127 0.923505 21.927740 10.868268
43.871490 22.815184 14.803376 14.911117 53.475029 5.209032 -23.485264 3.907724 35.490845 4.491338 30.599648 39.361458 1.187526 -7.026551 36.951225 13.193612 -24.852188 -0.292073 24.366814 2.900692 31.480494 43.045662 4.992201 -5.924412 29.746571 24.268860 -19.463619 0.851061 22.039001 10.900725
43.871490 22.815184 14.803376 14.911117 53.475029 5.209032 -23.485264 3.907724 35.490845 4.491338 30.599648 39.361458 1.187526 -7.026551 36.951225 13.193612 -24.852188 -0.292073 24.366814 2.900692 31.480494 43.045662 4.992201 -5.924412 29.746571 24.268860 -19.463619 0.851061 22.039001 10.900725
43.871490 22.815184 14.803376 14.911117 53.475029 5.209032 -23.485264 3.907724 35.490845 4.491338 30.599648 39.361458 1.187526 -7.026551 36.951225 13.193612 -24.852188 -0.292073 24.366814 2.900692 31.480494 43.045662 4.992201 -5.924412 29.746571 24.268860 -19.463619 0.851061 22.039001 10.900725
43.871490 22.815184 14.803376 14.911117 53.475029 5.209032 -23.485264 3.907724 35.490845 4.491338 30.599648 39.361458 1.187526 -7.026551 36.951225 13.193612 -24.852188 -0.292073 24.366814 2.900692 31.480494 43.045662 4.992201 -5.924412 29.746571 24.268860 -19.463619 0.851061 22.039001 10.900725
43.871490 22.815184 14.803376 14.911117 53.475029 5.209032 -23.485264 3.907724 35.490845 4.491338 30.599648 39.361458 1.187526 -7.026551 36.951225 13.193612 -24.852188 -0.292073 24.366814 2.900692 31.480494 43.045662 4.992201 -5.924412 29.746571 24.268860 -19.463619 0.851061 22.039001 10.900725
43.871490 22.815184 14.803376 14.911117 53.475029 5.209032 -23.485264 3.907724 35.490845 4.491338 30.599648 39.361458 1.187526 -7.026551 36.951225 13.193612 -24.852188 -0.292073 24.366814 2.900692 31.480494 43.045662 4.992201 -5.924412 29.746571 24.268860 -19.463619 0.851061 22.039001 10.900725
43.871490 22.815184 14.803376 14.911117 53.475029 5.209032 -23.485264 3.907724 35.490845 4.491338 30.599648 39.361458 1.187526 -7.026551 36.951225 13.193612 -24.852188 -0.292073 24.366814 2.900692 31.480494 43.045662 4.992201 -5.924412 29.746571 24.268860 -19.463619 0.851061 22.039001 10.900725
43.315456 21.177479 19.363382 15.557169 47.648228 11.009114 -19.552986 -2.154388 40.913559 8.219587 29.895817 37.757431 7.158007 -1.549412 34.347519 22.575312 -19.858332 -4.723220 32.373287 7.506663 30.798265 43.465492 2.199112 -8.028515 28.991074 22.228861 -21.054295 1.771225 20.561874 9.855466
43.315456 21.177479 19.363382 15.557169 47.648228 11.009114 -19.552986 -2.154388 40.913559 8.219587 29.895817 37.757431 7.158007 -1.549412 34.347519 22.575312 -19.858332 -4.723220 32.373287 7.506663 30.798265 43.465492 2.199112 -8.028515 28.991074 22.228861 -21.054295 1.771225 20.561874 9.855466
43.315456 21.177479 19.363382 15.557169 47.648228 11.009114 -19.552986 -2.154388 40.913559 8.219587 29.895817 37.757431 7.158007 -1.549412 34.347519 22.575312 -19.858332 -4.723220 32.373287 7.506663 30.798265 43.465492 2.199112 -8.028515 28.991074 22.228861 -21.054295 1.771225 20.561874 9.855466
43.796638 21.429314 19.673120 15.757345 47.772213 11.819400 -19.970411 -2.617011 40.871727 8.247325 30.012220 38.159737 6.719788 -2.117284 34.141319 22.590019 -19.373316 -3.883819 33.183491 6.476956 31.623699 44.227520 2.206364 -8.231861 29.862968 21.963472 -22.071634 2.006878 19.242641 9.043025
43.852058 21.579838 19.737919 15.696694 47.780510 11.815288 -20.159712 -2.505085 40.932152 8.261275 30.038221 38.290127 6.654791 -2.150488 34.141750 22.672291 -19.523632 -3.834472 33.125439 6.520514 31.507830 44.103317 2.108845 -8.308105 29.750143 21.921375 -22.031860 2.120726 19.382833 9.090123
43.871704 21.585571 19.753338 15.700634 47.780502 11.813403 -20.174335 -2.520469 40.928345 8.265607 30.041458 38.295048 6.667639 -2.146264 34.134983 22.682697 -19.522326 -3.848082 33.128857 6.525403 31.503475 44.096260 2.106261 -8.314015 29.739027 21.918346 -22.035362 2.120515 19.377621 9.101807
43.872200 21.586443 19.756893 15.701558 47.783176 11.815479 -20.173754 -2.514372 40.932480 8.265525 30.042166 38.294991 6.668530 -2.147512 34.136410 22.680170 -19.525307 -3.844237 33.128986 6.523634 31.502134 44.094639 2.105405 -8.313627 29.735676 21.922482 -22.034142 2.117991 19.377804 9.105208
43.888222 21.612087 19.759153 15.711056 47.810215 11.815236 -20.197868 -2.491726 40.945068 8.259974 30.048052 38.316483 6.672315 -2.145607 34.137596 22.680124 -19.528561 -3.843104 33.146564 6.504697 31.497717 44.094437 2.087820 -8.323666 29.722303 21.918171 -22.054682 2.110015 19.358629 9.120426
43.881668 21.602310 19.758196 15.709941 47.808590 11.814620 -20.185808 -2.484966 40.950172 8.261584 30.045208 38.310558 6.668143 -2.145362 34.138973 22.682281 -19.521441 -3.837842 33.148991 6.506883 31.498034 44.099583 2.091755 -8.320733 29.724663 21.921043 -22.039351 2.110170 19.377443 9.108731
43.879971 21.598503 19.759764 15.712216 47.811714 11.815887 -20.181372 -2.479556 40.955036 8.262212 30.045599 38.313663 6.666908 -2.148763 34.137726 22.683306 -19.521175 -3.835150 33.148941 6.505292 31.498421 44.099499 2.092469 -8.318759 29.727991 21.919571 -22.039688 2.111329 19.378189 9.107261
43.886349 21.598999 19.764267 15.716030 47.806160 11.812308 -20.184986 -2.497742 40.949692 8.266076 30.046831 38.310585 6.677341 -2.143973 34.135288 22.679497 -19.516636 -3.846395 33.149525 6.505496 31.499817 44.099289 2.095414 -8.318905 29.726131 21.921631 -22.044268 2.108229 19.371891 9.112842
43.886295 21.598988 19.764153 15.715836 47.808033 11.811964 -20.185871 -2.495359 40.948402 8.267027 30.048410 38.313255 6.678641 -2.144741 34.134926 22.679077 -19.517094 -3.847930 33.149853 6.502487 31.493752 44.096306 2.088654 -8.320737 29.720072 21.924994 -22.045183 2.110133 19.371048 9.119576
43.886528 21.600248 19.759405 15.712847 47.799744 11.810572 -20.184948 -2.503711 40.946938 8.264371 30.045765 38.304371 6.679408 -2.141563 34.136707 22.677601 -19.512146 -3.846741 33.151546 6.507793 31.498211 44.095222 2.092248 -8.316879 29.729362 21.920055 -22.044128 2.109300 19.374805 9.109547
