30.186483 13.099136 -8.424870 -11.487449 17.852808 -32.807568 33.549572 -7.851022 -9.376163 24.720652 35.758640 11.665176 17.564659 -11.601656 14.857983 -16.476051 32.335316 -8.456869 -7.443114 39.580441 31.235014 14.970059 2.744822 -25.272821 14.695827 -33.547573 21.090492 2.126630 -1.931663 26.906708
29.939672 13.105284 -8.330366 -11.487327 18.149160 -32.680161 33.489742 -7.632390 -9.132540 24.773909 35.551102 11.833942 17.418026 -11.604457 14.918392 -16.055677 32.137196 -8.233451 -7.192894 39.800491 31.053370 15.035758 2.667158 -25.349401 14.839732 -33.424133 21.056772 2.360230 -1.808639 26.813953
29.647648 13.126731 -8.238750 -11.648156 18.346392 -32.454109 33.648518 -7.162763 -9.076540 25.035513 35.286057 11.904736 17.179722 -11.607471 15.012518 -15.508271 32.125290 -7.709233 -6.881968 40.132603 30.724613 15.091035 2.427751 -25.389929 15.010908 -33.277290 21.099098 2.813603 -1.703331 26.922163
29.242794 13.042173 -8.294985 -11.791363 18.551403 -32.095215 33.801590 -6.684533 -8.840323 25.186504 34.705158 11.960106 16.628103 -11.707101 15.239074 -14.660000 31.939138 -6.949852 -6.263415 40.403824 30.391008 15.152437 2.188138 -25.191578 15.407072 -32.940872 20.891855 3.342238 -1.383727 26.914839
29.007893 13.026190 -8.403122 -11.834293 18.858204 -31.488916 34.026230 -5.717829 -8.370853 25.486132 34.071869 12.109726 15.712697 -11.626313 15.391020 -13.750083 31.721363 -5.892932 -5.402124 41.091095 29.992054 15.223919 1.498443 -25.000584 15.548698 -32.584145 20.801823 4.051460 -0.861566 26.971821
28.423225 12.979194 -8.525150 -11.947037 19.243616 -30.761230 34.177624 -4.702034 -7.823256 25.876915 33.395264 12.579618 14.746012 -11.754523 15.289245 -12.504633 31.545038 -4.943037 -4.371318 41.592274 29.271132 15.332038 0.827968 -25.165634 15.709517 -32.187817 20.903572 4.969070 -0.320312 26.871956
27.697823 13.050155 -8.746977 -12.054592 19.738892 -29.811579 34.086163 -3.713481 -7.131620 26.126879 32.703331 12.721435 14.169976 -11.665809 15.386574 -11.438649 31.347069 -4.457473 -3.494008 42.009041 27.901110 15.865287 -0.132914 -25.795732 15.555403 -31.578821 21.166021 5.861352 0.463959 26.967220
26.672535 13.123862 -9.243051 -12.454273 20.206966 -28.629160 34.273006 -2.129688 -6.345050 26.479807 31.838476 13.003555 13.248353 -11.404997 15.575695 -10.316472 30.988485 -3.858736 -2.181295 42.403492 26.413441 16.399561 -1.383305 -26.205582 15.435157 -30.934505 21.357092 6.748811 1.508963 27.392120
25.617048 13.367671 -9.480445 -12.731418 20.711561 -27.914804 34.657719 -0.975236 -5.619550 26.864744 30.999737 13.106635 12.949453 -11.345167 15.804045 -8.975940 30.731398 -3.096423 -1.246859 42.930218 25.201731 16.922445 -2.237609 -26.768656 15.284923 -30.701649 21.843918 7.469955 2.181285 27.445696
24.458220 13.389682 -10.016154 -13.190872 21.313704 -27.193039 35.254452 0.440353 -4.985592 26.932501 29.971926 13.579850 12.418567 -11.610301 16.202095 -7.359559 30.153603 -1.978010 -0.189512 43.275505 23.929382 17.248495 -3.217344 -27.735142 14.931563 -30.043579 22.366899 8.317401 2.731621 27.318115
23.195892 13.570061 -10.263969 -13.591053 22.056170 -26.453953 35.532265 1.582439 -4.278192 26.990625 28.856184 14.180291 11.639723 -12.185570 16.405798 -5.912749 29.570967 -0.898845 0.557870 43.634308 22.508596 17.724300 -3.762878 -28.419569 15.094379 -29.122625 22.459724 9.112129 3.213520 27.398741
21.880976 13.525157 -10.590866 -14.001729 22.794992 -25.720657 35.697773 2.721838 -3.669705 26.897377 27.797741 14.837569 10.851747 -12.812941 16.410803 -4.530521 29.084051 -0.032804 1.187336 43.891830 21.207354 17.927794 -4.248965 -29.127394 15.039977 -28.248167 22.879435 9.995382 3.567785 27.256912
20.567600 13.574218 -10.960475 -14.389996 23.489761 -24.841099 35.856842 3.861804 -2.968811 26.705029 26.574699 15.916851 10.077000 -13.704937 16.203100 -3.493862 28.962927 0.604028 1.763550 43.844738 19.935394 18.150116 -4.541270 -29.743977 15.229365 -27.676884 23.233425 10.697899 3.921547 26.896664
19.527613 13.576416 -11.379930 -14.649752 24.026039 -24.063616 36.196121 4.930017 -2.287847 26.282160 25.681255 16.912592 9.465394 -13.984602 16.121185 -2.707026 28.415043 0.755413 2.324351 43.935371 18.704206 18.195316 -5.089144 -30.422010 15.119715 -27.072714 23.565012 11.174569 4.195777 26.551695
18.552156 13.571779 -11.584948 -14.897957 24.529057 -23.465984 36.532997 5.755052 -1.847880 25.972708 24.763149 17.382118 8.855886 -14.271945 16.181221 -1.740863 28.151484 1.501085 3.090011 43.939034 17.452805 18.427938 -5.821926 -31.127602 14.830265 -26.438354 23.826422 11.739666 4.498563 26.573296
17.702291 13.541633 -11.804212 -15.139517 24.941029 -23.073753 36.823101 6.306619 -1.294779 25.309969 23.968773 17.682606 8.576348 -14.543147 16.505030 -1.148716 27.867031 1.996958 3.351594 43.949669 16.118116 18.457298 -6.450833 -31.769264 14.689367 -26.020224 24.071180 12.155812 4.743909 26.560062
17.279303 13.428183 -11.995285 -15.419394 25.135757 -22.770042 37.017826 6.813302 -0.903823 24.724081 23.559271 18.077566 8.379063 -14.769186 16.631969 -0.578066 27.466583 2.363162 3.600578 43.815712 15.224879 18.425562 -6.945631 -32.092834 14.637481 -25.576704 23.973684 12.438028 4.920158 26.615555
16.907543 13.380929 -12.041368 -15.658065 25.253963 -22.557539 37.177803 7.088442 -0.807033 24.444813 23.296648 18.265198 8.274619 -14.848308 16.698185 -0.278913 27.186531 2.420882 3.746061 43.711601 14.681799 18.500563 -7.186099 -32.236992 14.693827 -25.237679 23.835278 12.543483 5.064695 26.630428
16.738455 13.313311 -12.109628 -15.792458 25.310072 -22.480150 37.324654 7.266218 -0.652354 24.096237 23.174406 18.274632 8.286862 -14.889831 16.748711 -0.086406 27.107132 2.592465 3.853791 43.624660 14.507012 18.496727 -7.116787 -32.375526 14.696864 -25.066248 23.864426 12.589685 5.016974 26.499987
16.619980 13.357700 -12.116285 -15.785152 25.381172 -22.426378 37.272812 7.322515 -0.620909 24.126734 23.010487 18.297771 8.089435 -14.890762 16.827618 -0.057852 27.053663 2.756585 3.985202 43.714020 14.408258 18.473295 -7.273617 -32.433224 14.631761 -24.973806 23.892189 12.664629 5.036446 26.537437
16.836151 12.979205 -10.900549 -15.717756 25.839340 -22.222883 36.928993 7.070897 -0.992712 24.251425 23.020300 18.206951 8.924660 -14.857740 17.163700 0.445569 26.424713 2.649680 3.385854 43.654999 14.799851 18.520254 -6.120499 -32.582886 14.889684 -24.446648 23.645620 12.691184 4.386315 26.302418
17.475681 12.128072 -7.725774 -15.607564 26.651743 -21.655432 35.799290 6.371635 -2.006100 24.767992 23.287643 16.917664 11.559566 -14.115178 18.809126 1.088415 24.535639 1.826261 1.611253 43.320484 15.612863 18.623474 -2.971081 -32.617409 15.806211 -22.912186 22.750273 13.013288 2.818218 26.179420
17.602446 11.441665 -3.581404 -16.253326 28.022816 -20.764809 34.652725 6.281809 -3.758553 25.724474 23.662823 15.356107 13.528992 -13.885530 20.576954 2.014327 21.465120 1.270050 -1.476272 43.256573 15.677740 18.189959 1.012259 -32.354862 17.909758 -21.386526 21.111954 13.202370 0.995998 26.480442
17.460920 9.712970 1.783221 -16.459126 29.766563 -18.972759 32.666702 4.808411 -5.977401 26.438784 22.863831 12.049855 16.771225 -13.537616 23.842487 1.459346 17.270063 0.218457 -5.280682 42.416336 15.311548 16.352022 5.576952 -31.250986 21.901972 -19.773932 18.559366 13.413063 -0.951975 26.616291
15.942039 7.374612 6.953420 -16.236296 32.555401 -15.680788 29.306786 4.014577 -7.441655 27.559347 21.628942 7.680599 18.222570 -13.831898 28.406313 0.122352 14.114513 0.886020 -8.652695 40.896912 14.834139 13.950117 8.574441 -28.866409 25.729294 -17.453684 15.306339 13.744761 -1.992640 26.068897
12.597466 4.564735 10.183303 -15.018429 36.716705 -12.499787 25.736689 4.158284 -7.666339 30.209595 17.965809 2.340853 16.931087 -14.099283 33.016506 -0.934738 11.979981 2.410532 -10.179866 40.555355 13.614359 11.915696 11.920446 -25.735430 31.367313 -15.924953 12.867589 14.374251 -1.266430 24.499481
10.482519 2.551032 13.236626 -12.927402 41.521229 -9.503464 21.671926 3.365806 -6.657704 30.813652 13.749164 -1.671574 15.793650 -14.805279 37.473892 -2.098145 10.626925 2.747485 -10.063288 37.423046 10.279402 9.332809 12.787430 -21.415342 38.375874 -15.037849 10.566101 16.035494 2.036438 22.204069
9.613147 1.034919 13.626762 -11.376819 44.079624 -8.235369 17.881519 3.047068 -4.256228 29.016165 11.152042 -4.177105 15.182520 -14.367422 41.760056 -2.965750 7.942451 3.415512 -8.491129 33.437233 7.733947 7.544833 13.136271 -17.359985 44.566746 -14.688503 8.394082 17.081221 5.481193 18.695698
10.325121 1.727296 11.628814 -12.502025 42.898510 -6.958097 17.673363 3.384591 0.775582 21.970259 12.246939 -4.535679 14.781314 -12.362539 44.207565 -4.543391 6.489118 3.693799 -4.763061 26.890278 8.994024 6.771759 12.734982 -12.175938 48.551346 -14.296345 3.715422 15.379122 8.396931 15.909952
11.462860 2.352833 8.381949 -14.640598 41.905334 -3.633792 18.386728 5.888936 6.026942 13.924338 12.320876 -4.654336 13.332703 -11.067236 45.791290 -6.435568 8.590124 3.594795 0.476251 21.400126 10.628521 4.813664 11.914499 -10.366576 49.052845 -12.881176 2.238894 12.915805 10.479132 12.317003
15.022273 2.198519 6.373448 -13.799023 41.847359 -2.495709 16.921000 5.355097 7.838978 6.271016 14.641645 -2.399539 10.090442 -11.153579 45.245506 -6.194462 8.309588 2.699302 3.134543 15.819148 13.833761 5.953007 11.320884 -9.921199 47.103237 -10.073041 1.398167 9.054067 11.026704 8.700852
20.145311 4.270619 3.393077 -11.715759 39.461994 -0.836755 12.989827 3.838657 11.981777 0.958995 19.425673 0.175228 7.852533 -9.487246 42.829708 -5.882837 7.680326 -1.823741 6.046226 9.600281 18.572016 10.080800 9.068828 -8.477068 44.003826 -3.635102 -0.799251 5.188547 12.084281 5.465816
23.352140 4.369071 2.153181 -9.278649 37.203785 0.232310 9.813348 2.428759 17.238878 -1.675469 23.154606 2.488399 8.800355 -9.243164 39.091270 -3.976233 5.574438 -5.177476 9.267421 4.779346 23.326042 13.842244 9.036064 -9.288824 38.036945 2.877242 -1.807327 1.144655 12.582576 4.547942
26.528551 3.572269 3.054486 -7.316080 35.251965 -1.247674 7.812528 -1.192585 19.391451 -4.595673 27.250736 5.314221 10.760484 -9.393259 34.725513 -2.166852 3.616156 -8.620635 11.808669 1.549735 26.649744 15.306202 11.058819 -11.710810 31.981131 5.556701 0.151698 -2.761873 11.038273 3.722482
31.334560 2.875388 4.728562 -6.110724 32.618191 -3.611890 5.703703 -4.208592 21.740978 -7.815189 32.600758 7.420959 11.246740 -9.788175 30.028763 1.266213 1.786761 -11.792307 11.832298 -1.533801 30.078600 15.465797 12.317297 -14.340338 26.837273 7.563478 1.771841 -5.682041 8.844144 3.015499
34.162518 2.417173 3.461094 -5.335959 29.022966 -5.710749 4.179769 -8.222516 22.287252 -9.911345 37.345001 8.379776 11.250442 -9.482116 25.022928 2.071985 -0.495514 -17.179754 10.897029 -2.938607 34.462406 15.647021 13.460758 -16.677689 21.583799 9.505476 2.164876 -8.516306 6.500396 3.542078
37.923950 3.564193 -0.128732 -3.839266 25.745066 -6.767881 1.993009 -10.829439 23.619946 -12.312376 40.667953 10.181387 9.465540 -9.510553 20.196054 2.411900 -1.790994 -20.570349 10.017174 -3.355668 38.779869 15.952100 12.217111 -17.431393 16.521076 11.733185 1.623448 -10.276161 6.358997 3.291063
40.226192 4.038571 -2.629198 -2.682586 24.050840 -6.790626 1.346309 -10.909282 25.183014 -12.981854 42.547729 13.952104 6.932811 -10.209603 16.459249 3.204282 -2.501350 -22.333357 9.823808 -3.199121 41.044796 16.562145 10.272254 -17.407314 13.132244 13.340144 1.506488 -11.596400 6.463798 4.059969
41.161316 4.853161 -3.956340 -2.495873 22.824667 -7.134510 1.098616 -11.764634 25.294090 -13.601510 43.638885 15.661801 5.597054 -10.723602 14.149274 2.970957 -2.539043 -23.322525 10.489188 -3.660476 41.693558 16.591860 9.375833 -17.402302 11.817198 13.497517 1.357161 -12.511658 6.332102 3.856253
41.517563 4.690497 -4.699632 -2.533884 22.088131 -7.014750 0.667614 -12.153664 24.820425 -13.314456 43.947403 15.842095 4.970219 -10.932449 13.323442 2.890133 -2.596798 -23.426825 10.696589 -3.605798 41.909428 16.229490 8.878897 -17.495455 11.174912 13.659260 1.189614 -12.639268 6.301877 3.817315
41.523922 4.791626 -4.343013 -2.451522 22.407116 -6.945259 0.606843 -12.049945 24.936548 -13.447183 43.856747 16.089720 5.166629 -10.967287 13.543066 3.041318 -2.672490 -23.322119 10.674363 -3.633600 41.850742 16.474669 9.052679 -17.477549 11.432912 13.649522 1.167357 -12.533731 6.254432 3.842439
41.420876 5.029293 -3.482562 -1.921765 23.390049 -7.011831 0.405120 -11.859508 25.412712 -13.528150 43.511772 16.531973 5.525411 -10.859352 14.167694 3.347013 -3.085408 -23.232893 10.591557 -3.673847 41.837082 17.047293 9.554705 -17.482420 12.069260 13.596745 1.066221 -12.225108 6.240811 3.880691
41.224133 5.056352 -2.597364 -1.426664 24.433525 -6.680088 -0.211283 -11.511195 25.571058 -13.174734 43.085316 16.848541 6.183600 -10.742818 15.047591 3.977493 -3.681598 -22.804253 10.417611 -3.335557 41.863564 17.487528 10.327333 -17.429399 12.941289 13.764937 0.812517 -11.775498 6.014298 3.844474
40.639729 5.344672 -0.928728 -1.078622 25.882706 -6.281668 -1.061738 -11.586980 25.346449 -12.922738 42.479229 16.870876 7.617445 -10.587168 16.503363 4.724351 -4.886965 -22.530621 10.262849 -3.188496 41.284252 18.214155 11.901260 -17.700701 14.231380 13.635877 0.539738 -11.549089 5.665044 3.307934
39.841007 5.174636 1.310142 -0.534327 27.811922 -5.833188 -2.248396 -11.412957 25.037535 -11.952418 41.514488 17.111464 8.338376 -10.870490 17.756838 5.547826 -6.323011 -21.121801 11.142371 -3.294134 40.043789 19.083677 13.413382 -17.651436 16.047243 13.597389 -0.170753 -10.815042 5.740401 2.929861
38.466049 5.247250 3.281838 -0.188864 29.896458 -5.583716 -3.518013 -10.718511 25.056793 -10.196993 40.715603 17.920080 9.477919 -11.436027 18.992863 6.568156 -8.166843 -19.436687 12.065003 -3.970342 38.414936 20.352724 15.074506 -17.809479 18.056467 13.467721 -0.824041 -10.000464 6.051292 2.275150
38.077938 5.131334 5.507300 0.499736 32.557522 -4.748015 -5.667595 -9.729230 25.700346 -9.297603 38.957916 18.786572 10.363965 -11.220422 21.250114 7.011706 -10.051554 -17.689539 13.354884 -4.065346 36.211124 22.023438 16.043060 -17.606447 20.298576 13.373632 -1.851822 -9.317808 6.855731 2.345065
38.421303 5.225260 6.817080 1.427035 34.760452 -3.775511 -7.136650 -8.711974 25.645235 -7.964984 37.493038 20.449343 10.277558 -11.171319 22.967611 7.535340 -11.232809 -15.802793 14.580236 -3.519638 34.929989 23.242449 16.418835 -16.377741 22.697618 13.627464 -3.298170 -8.029186 8.137204 2.394718
37.684544 6.074215 7.347337 2.953853 37.634895 -2.551742 -8.616903 -7.504170 26.356506 -5.779123 35.558510 22.422718 9.228972 -10.808915 24.916958 7.802635 -12.105343 -13.363429 16.637859 -2.171289 33.768726 24.955349 15.235811 -15.112832 24.231701 14.534791 -4.510825 -6.657340 9.452996 3.232614
37.991745 7.196985 7.228843 5.450463 40.378578 -1.577915 -10.253898 -6.345471 27.668308 -3.574717 34.540565 24.763285 7.815122 -10.424076 26.765345 8.376344 -13.123785 -11.382007 18.311401 -1.489297 33.479279 27.540258 13.905788 -12.886016 26.438528 15.342784 -6.292304 -5.374395 11.441003 4.284649
38.908829 8.305326 6.786949 7.280476 42.350536 -0.430544 -11.114426 -4.489999 28.352180 -2.106291 34.269638 26.525383 6.472550 -9.682119 28.496571 8.774005 -14.132018 -9.096438 19.868168 -0.778902 33.198185 29.141645 12.235505 -11.325941 27.974276 16.228710 -8.199096 -4.065295 12.823254 4.924572
38.979965 9.775847 7.225749 8.565019 44.329369 0.718134 -12.361859 -3.303083 28.968225 -0.936604 33.962391 27.690252 5.416819 -9.068442 30.098104 9.094870 -15.221960 -7.112982 20.696793 0.075029 32.972469 30.405342 11.243109 -10.340858 28.786848 17.023920 -10.008264 -3.071934 13.609908 5.834064
39.696571 11.760765 7.515485 10.210184 46.114258 1.741590 -13.676158 -2.036875 29.948282 -0.009828 33.568745 29.611160 4.312706 -8.273044 31.964520 9.464403 -16.831116 -5.155054 22.098919 0.786575 32.670689 32.327950 9.957666 -8.796895 29.645145 18.151142 -11.939755 -1.813073 15.674205 6.603913
40.284492 13.963313 8.258862 11.657921 47.874718 2.522107 -14.739609 -0.763498 30.742163 1.046505 32.995445 30.818264 3.086284 -7.345291 33.466808 9.540465 -18.070192 -3.796130 22.973049 1.651450 32.537945 34.225597 8.548129 -7.584785 29.953949 19.066477 -13.626770 -0.945373 17.503597 7.624100
41.603348 16.865507 9.771867 12.899114 49.844372 3.780538 -16.598379 0.742036 31.356562 2.172612 32.301281 32.440121 2.380246 -7.105413 34.547638 10.351820 -20.004797 -2.807904 23.131496 2.202762 32.127392 36.261211 7.402253 -7.084077 29.914385 20.482864 -15.142943 -0.097217 18.775757 8.717626
42.379868 19.434853 11.101758 13.907691 51.656841 4.679896 -18.180857 1.751651 32.156227 2.594054 31.364315 34.021801 2.123424 -7.091766 35.542591 11.216761 -21.553091 -2.001066 23.183390 2.544119 31.938669 37.893917 6.580673 -6.854862 29.660034 21.543343 -16.366989 0.352842 19.602146 9.554413
42.891495 20.975250 12.161880 14.474327 52.866169 5.545473 -19.716782 2.427974 32.245491 3.136529 31.069231 36.409908 1.733744 -7.017706 36.201824 12.158953 -23.116528 -1.366973 23.633221 2.714851 31.760971 40.012001 5.833383 -6.455688 29.682587 22.647449 -17.694166 0.570379 20.664619 10.030212
43.600246 22.375216 13.135482 15.437794 54.002399 6.127881 -21.043253 2.980867 32.904190 3.681011 30.826496 38.159958 1.481956 -6.986946 36.652710 12.908592 -24.321302 -0.761708 24.114971 2.916558 31.574253 41.881786 5.293591 -6.258092 29.552570 23.776695 -18.685644 0.831534 21.527472 10.640302
44.048691 23.269630 13.657940 15.952221 54.595974 6.514383 -21.702232 3.265861 33.251938 3.924681 30.665091 39.069592 1.278294 -7.002697 36.882450 13.163214 -24.753014 -0.371281 24.364918 2.957692 31.520798 42.811653 5.024915 -6.028419 29.671738 24.172539 -19.276127 0.923505 21.927740 10.868268
44.170807 23.519726 13.796519 16.188547 54.780178 6.592593 -21.891848 3.230982 33.401554 3.946795 30.599648 39.361458 1.187526 -7.026551 36.951225 13.193612 -24.852188 -0.292073 24.366814 2.900692 31.480494 43.045662 4.992201 -5.924412 29.746571 24.268860 -19.463619 0.851061 22.039001 10.900725
44.170807 23.519726 13.796519 16.188547 54.780178 6.592593 -21.891848 3.230982 33.401554 3.946795 30.599648 39.361458 1.187526 -7.026551 36.951225 13.193612 -24.852188 -0.292073 24.366814 2.900692 31.480494 43.045662 4.992201 -5.924412 29.746571 24.268860 -19.463619 0.851061 22.039001 10.900725
44.170807 23.519726 13.796519 16.188547 54.780178 6.592593 -21.891848 3.230982 33.401554 3.946795 30.599648 39.361458 1.187526 -7.026551 36.951225 13.193612 -24.852188 -0.292073 24.366814 2.900692 31.480494 43.045662 4.992201 -5.924412 29.746571 24.268860 -19.463619 0.851061 22.039001 10.900725
44.170807 23.519726 13.796519 16.188547 54.780178 6.592593 -21.891848 3.230982 33.401554 3.946795 30.599648 39.361458 1.187526 -7.026551 36.951225 13.193612 -24.852188 -0.292073 24.366814 2.900692 31.480494 43.045662 4.992201 -5.924412 29.746571 24.268860 -19.463619 0.851061 22.039001 10.900725
44.170807 23.519726 13.796519 16.188547 54.780178 6.592593 -21.891848 3.230982 33.401554 3.946795 30.599648 39.361458 1.187526 -7.026551 36.951225 13.193612 -24.852188 -0.292073 24.366814 2.900692 31.480494 43.045662 4.992201 -5.924412 29.746571 24.268860 -19.463619 0.851061 22.039001 10.900725
44.170807 23.519726 13.796519 16.188547 54.780178 6.592593 -21.891848 3.230982 33.401554 3.946795 30.599648 39.361458 1.187526 -7.026551 36.951225 13.193612 -24.852188 -0.292073 24.366814 2.900692 31.480494 43.045662 4.992201 -5.924412 29.746571 24.268860 -19.463619 0.851061 22.039001 10.900725
44.170807 23.519726 13.796519 16.188547 54.780178 6.592593 -21.891848 3.230982 33.401554 3.946795 30.599648 39.361458 1.187526 -7.026551 36.951225 13.193612 -24.852188 -0.292073 24.366814 2.900692 31.480494 43.045662 4.992201 -5.924412 29.746571 24.268860 -19.463619 0.851061 22.039001 10.900725
44.170807 23.519726 13.796519 16.188547 54.780178 6.592593 -21.891848 3.230982 33.401554 3.946795 30.599648 39.361458 1.187526 -7.026551 36.951225 13.193612 -24.852188 -0.292073 24.366814 2.900692 31.480494 43.045662 4.992201 -5.924412 29.746571 24.268860 -19.463619 0.851061 22.039001 10.900725
44.170807 23.519726 13.796519 16.188547 54.780178 6.592593 -21.891848 3.230982 33.401554 3.946795 30.599648 39.361458 1.187526 -7.026551 36.951225 13.193612 -24.852188 -0.292073 24.366814 2.900692 31.480494 43.045662 4.992201 -5.924412 29.746571 24.268860 -19.463619 0.851061 22.039001 10.900725
44.170807 23.519726 13.796519 16.188547 54.780178 6.592593 -21.891848 3.230982 33.401554 3.946795 30.599648 39.361458 1.187526 -7.026551 36.951225 13.193612 -24.852188 -0.292073 24.366814 2.900692 31.480494 43.045662 4.992201 -5.924412 29.746571 24.268860 -19.463619 0.851061 22.039001 10.900725
44.170807 23.519726 13.796519 16.188547 54.780178 6.592593 -21.891848 3.230982 33.401554 3.946795 30.599648 39.361458 1.187526 -7.026551 36.951225 13.193612 -24.852188 -0.292073 24.366814 2.900692 31.480494 43.045662 4.992201 -5.924412 29.746571 24.268860 -19.463619 0.851061 22.039001 10.900725
44.170807 23.519726 13.796519 16.188547 54.780178 6.592593 -21.891848 3.230982 33.401554 3.946795 30.599648 39.361458 1.187526 -7.026551 36.951225 13.193612 -24.852188 -0.292073 24.366814 2.900692 31.480494 43.045662 4.992201 -5.924412 29.746571 24.268860 -19.463619 0.851061 22.039001 10.900725
44.170681 23.519754 13.796397 16.188486 54.779957 6.592299 -21.891718 3.230811 33.401421 3.946854 30.599607 39.361542 1.187531 -7.026735 36.951538 13.193434 -24.852568 -0.291258 24.367247 2.900585 31.480658 43.045708 4.992353 -5.924360 29.746336 24.268972 -19.463772 0.850854 22.038935 10.900771
44.170807 23.519726 13.796519 16.188547 54.780178 6.592593 -21.891848 3.230982 33.401554 3.946795 30.599648 39.361458 1.187526 -7.026551 36.951225 13.193612 -24.852188 -0.292073 24.366814 2.900692 31.480494 43.045662 4.992201 -5.924412 29.746571 24.268860 -19.463619 0.851061 22.039001 10.900725
44.170803 23.519854 13.796484 16.188465 54.780128 6.592409 -21.891899 3.230981 33.401508 3.946738 30.599602 39.361797 1.187438 -7.026888 36.951420 13.193731 -24.852682 -0.291598 24.366911 2.900695 31.480715 43.045647 4.992207 -5.924508 29.746063 24.269062 -19.463566 0.850781 22.038918 10.900718
43.972363 24.018595 12.018441 15.332290 55.914196 4.981285 -22.820955 4.313936 30.978296 3.239064 29.895817 37.757431 7.158007 -1.549412 34.347519 22.575312 -19.858332 -4.723220 32.373287 7.506663 30.798265 43.465492 2.199112 -8.028515 28.991074 22.228861 -21.054295 1.771225 20.561874 9.855466
43.972363 24.018595 12.018441 15.332290 55.914196 4.981285 -22.820955 4.313936 30.978296 3.239064 29.895817 37.757431 7.158007 -1.549412 34.347519 22.575312 -19.858332 -4.723220 32.373287 7.506663 30.798265 43.465492 2.199112 -8.028515 28.991074 22.228861 -21.054295 1.771225 20.561874 9.855466
43.972363 24.018595 12.018441 15.332290 55.914196 4.981285 -22.820955 4.313936 30.978296 3.239064 29.895817 37.757431 7.158007 -1.549412 34.347519 22.575312 -19.858332 -4.723220 32.373287 7.506663 30.798265 43.465492 2.199112 -8.028515 28.991074 22.228861 -21.054295 1.771225 20.561874 9.855466
43.972363 24.018595 12.018441 15.332290 55.914196 4.981285 -22.820955 4.313936 30.978296 3.239064 29.895817 37.757431 7.158007 -1.549412 34.347519 22.575312 -19.858332 -4.723220 32.373287 7.506663 30.798265 43.465492 2.199112 -8.028515 28.991074 22.228861 -21.054295 1.771225 20.561874 9.855466
43.972363 24.018595 12.018441 15.332290 55.914196 4.981285 -22.820955 4.313936 30.978296 3.239064 29.895817 37.757431 7.158007 -1.549412 34.347519 22.575312 -19.858332 -4.723220 32.373287 7.506663 30.798265 43.465492 2.199112 -8.028515 28.991074 22.228861 -21.054295 1.771225 20.561874 9.855466
44.211140 23.873762 11.967118 15.643888 56.395672 4.404934 -23.032616 4.760857 31.114895 3.084760 30.050192 38.312943 6.669434 -2.203072 34.006496 22.744921 -19.581789 -3.927450 32.979198 6.680064 31.467165 44.033699 2.074092 -8.206811 29.752157 21.947447 -21.994143 2.061946 19.352636 9.169149
44.258389 23.837172 11.987923 15.739940 56.484592 4.417637 -23.049715 4.781563 31.199492 3.073672 30.012220 38.159737 6.719788 -2.117284 34.141319 22.590019 -19.373316 -3.883819 33.183491 6.476956 31.623699 44.227520 2.206364 -8.231861 29.862968 21.963472 -22.071634 2.006878 19.242641 9.043025
44.216400 23.797968 11.941262 15.734475 56.478588 4.430036 -22.993670 4.784401 31.227051 3.030847 30.027248 38.233349 6.648430 -2.127028 34.159866 22.658197 -19.503710 -3.803071 33.156185 6.525926 31.577848 44.176746 2.188100 -8.309637 29.789331 21.918324 -22.015699 2.084746 19.398418 9.025767
44.206776 23.831120 11.912179 15.673419 56.456985 4.428006 -23.011347 4.783566 31.135839 3.018970 30.038368 38.288380 6.654653 -2.150023 34.143532 22.670198 -19.523062 -3.832064 33.125675 6.520667 31.507629 44.103016 2.109174 -8.307655 29.749327 21.922840 -22.031040 2.119346 19.384129 9.090446
44.203217 23.832056 11.909528 15.660970 56.451843 4.427358 -23.013988 4.785180 31.123440 3.018336 30.041849 38.294823 6.668068 -2.145206 34.136700 22.681513 -19.522703 -3.847942 33.129547 6.524487 31.503281 44.096523 2.105878 -8.314484 29.738379 21.918928 -22.034977 2.121211 19.377659 9.101672
44.203419 23.832066 11.909515 15.661290 56.452042 4.426822 -23.014189 4.785809 31.124289 3.018309 30.041458 38.295048 6.667639 -2.146264 34.134983 22.682697 -19.522326 -3.848082 33.128857 6.525403 31.503475 44.096260 2.106261 -8.314015 29.739027 21.918346 -22.035362 2.120515 19.377621 9.101807
44.202209 23.830254 11.911016 15.660130 56.448853 4.426501 -23.015232 4.783962 31.125675 3.020700 30.042809 38.296761 6.669868 -2.145170 34.136482 22.681623 -19.526939 -3.846704 33.131351 6.523652 31.502691 44.094296 2.104960 -8.312550 29.736130 21.923561 -22.033424 2.116284 19.375853 9.105718
44.202301 23.831448 11.910808 15.659823 56.449265 4.426152 -23.015804 4.784688 31.125298 3.020658 30.042166 38.294991 6.668530 -2.147512 34.136410 22.680170 -19.525307 -3.844237 33.128986 6.523634 31.502134 44.094639 2.105405 -8.313627 29.735676 21.922482 -22.034142 2.117991 19.377804 9.105208
44.202343 23.831907 11.911037 15.659892 56.449417 4.426438 -23.016109 4.784611 31.125736 3.020193 30.041914 38.296082 6.668489 -2.147800 34.135700 22.681278 -19.525820 -3.845281 33.129227 6.523173 31.501635 44.094593 2.106329 -8.313821 29.735577 21.921518 -22.034687 2.118697 19.380398 9.104802
44.196648 23.842894 11.895528 15.639021 56.438076 4.423663 -23.022448 4.785553 31.098560 3.022051 30.048052 38.316483 6.672315 -2.145607 34.137596 22.680124 -19.528561 -3.843104 33.146564 6.504697 31.497717 44.094437 2.087820 -8.323666 29.722303 21.918171 -22.054682 2.110015 19.358629 9.120426
44.203403 23.843321 11.902458 15.652541 56.444637 4.429777 -23.020174 4.784476 31.114031 3.021910 30.045609 38.311779 6.668725 -2.145911 34.136227 22.679533 -19.519108 -3.842983 33.146610 6.506445 31.497650 44.100658 2.090712 -8.322371 29.722752 21.921692 -22.040480 2.110636 19.376133 9.109919
44.202793 23.842936 11.902780 15.652921 56.443848 4.430023 -23.019375 4.782967 31.115213 3.021910 30.045208 38.310558 6.668143 -2.145362 34.138973 22.682281 -19.521441 -3.837842 33.148991 6.506883 31.498034 44.099583 2.091755 -8.320733 29.724663 21.921043 -22.039351 2.110170 19.377443 9.108731
44.202755 23.841730 11.902685 15.654693 56.445919 4.428802 -23.018824 4.783763 31.116257 3.020880 30.045609 38.311172 6.668061 -2.146353 34.139439 22.681671 -19.521267 -3.836041 33.149277 6.505531 31.498463 44.099319 2.092373 -8.318717 29.728453 21.919737 -22.040478 2.111776 19.377693 9.107426
44.203430 23.841543 11.903105 15.655885 56.446732 4.428328 -23.019157 4.783434 31.116720 3.021266 30.045599 38.313663 6.666908 -2.148763 34.137726 22.683306 -19.521175 -3.835150 33.148941 6.505292 31.498421 44.099499 2.092469 -8.318759 29.727991 21.919571 -22.039688 2.111329 19.378189 9.107261
44.201824 23.839558 11.904624 15.657058 56.446896 4.424931 -23.019333 4.784377 31.121117 3.022888 30.045191 38.313431 6.668351 -2.149648 34.136444 22.683067 -19.520821 -3.834763 33.149807 6.505710 31.498129 44.099312 2.092885 -8.318195 29.728327 21.919859 -22.039722 2.110902 19.377739 9.108361
44.200775 23.842062 11.903644 15.650814 56.442455 4.429144 -23.021784 4.784626 31.116377 3.021317 30.046831 38.310585 6.677341 -2.143973 34.135288 22.679497 -19.516636 -3.846395 33.149525 6.505496 31.499817 44.099289 2.095414 -8.318905 29.726131 21.921631 -22.044268 2.108229 19.371891 9.112842
44.203697 23.847778 11.903611 15.648699 56.441940 4.427304 -23.025885 4.784122 31.110508 3.022717 30.046984 38.312031 6.677156 -2.144133 34.136436 22.677563 -19.517189 -3.845495 33.150043 6.503778 31.493986 44.094536 2.087899 -8.320343 29.721529 21.922878 -22.045130 2.110205 19.370213 9.118237
44.202637 23.846598 11.903440 15.648253 56.442120 4.427444 -23.025057 4.784544 31.110502 3.022464 30.048410 38.313255 6.678641 -2.144741 34.134926 22.679077 -19.517094 -3.847930 33.149853 6.502487 31.493752 44.096306 2.088654 -8.320737 29.720072 21.924994 -22.045183 2.110133 19.371048 9.119576
44.199512 23.842855 11.900373 15.649203 56.443729 4.426514 -23.021032 4.787295 31.115728 3.019592 30.045597 38.307816 6.677647 -2.143266 34.135239 22.679865 -19.514795 -3.846469 33.151054 6.508577 31.499104 44.096416 2.092609 -8.317929 29.728630 21.919846 -22.044695 2.108576 19.373903 9.109067
44.199490 23.844349 11.900243 15.649024 56.443485 4.427118 -23.021435 4.787454 31.116875 3.018746 30.045765 38.304371 6.679408 -2.141563 34.136707 22.677601 -19.512146 -3.846741 33.151546 6.507793 31.498211 44.095222 2.092248 -8.316879 29.729362 21.920055 -22.044128 2.109300 19.374805 9.109547
44.199478 23.842197 11.900923 15.649812 56.443058 4.427151 -23.020252 4.786364 31.116888 3.019988 30.046051 38.307220 6.678839 -2.143323 34.135330 22.678923 -19.512672 -3.846493 33.151745 6.507256 31.499140 44.095875 2.093326 -8.317521 29.728449 21.919428 -22.043873 2.107569 19.373922 9.109506
