44.101521 22.045046 18.645290 16.862703 48.993954 13.117219 -18.439299 -3.141208 38.779282 7.680307 30.999113 39.960976 -1.414934 -10.050616 37.665180 9.540455 -26.811882 1.301535 20.082336 1.091448 31.555672 43.851910 2.119777 -8.462060 29.613361 21.821995 -21.873703 2.163907 19.225719 9.044938
43.628246 21.141657 18.109928 16.447416 48.435188 12.755287 -17.698231 -3.326524 38.563519 7.428866 31.148573 39.008545 -1.272119 -10.077379 37.418968 9.248094 -26.395618 0.874739 19.747322 1.000249 31.628149 42.855770 2.385887 -8.778224 29.447033 21.371635 -21.317148 2.060987 18.709452 8.754777
42.936668 19.787138 17.087822 15.687301 47.378391 12.192318 -16.325138 -3.755324 38.170601 6.813876 31.328365 37.084595 -1.085313 -10.223265 36.910423 8.454466 -25.118128 0.168859 19.094006 0.761582 31.824898 40.958824 2.916435 -9.057055 29.447269 20.255667 -20.268162 1.691815 17.834700 8.055490
42.401730 18.247330 16.021992 15.301299 46.328983 11.249937 -14.736349 -4.251210 38.241447 6.264934 31.555487 34.561600 -0.777584 -10.404947 36.155952 7.478235 -23.477226 -0.617009 18.479080 0.582509 32.022499 38.809643 3.661440 -9.541567 29.315313 19.135235 -18.897757 1.378256 16.735561 7.432883
41.496624 15.756404 14.679439 14.386594 44.572388 10.276354 -13.020999 -5.026873 37.643669 5.884368 32.435177 32.980122 -0.600768 -10.455117 35.123886 6.592822 -21.917067 -1.432772 18.381807 0.267438 32.183983 37.077137 4.436804 -9.859824 29.507437 18.017405 -17.701860 0.868477 15.812978 6.548011
40.081333 12.974905 13.093065 13.177034 42.712627 8.881953 -11.097642 -6.257390 37.083714 4.735577 33.103188 31.472286 -0.100512 -10.828475 34.044292 5.693566 -20.008663 -2.287554 18.103153 -0.328671 32.505165 34.980942 5.452844 -10.412776 29.504190 16.556673 -16.209671 0.039140 14.537004 5.421652
39.233585 10.787269 12.003771 11.837914 41.089424 7.874763 -9.727886 -7.210947 36.594093 3.439313 33.703522 30.146488 0.974326 -11.859879 32.707661 5.298030 -18.815964 -3.401311 16.891699 -1.288109 32.605484 32.991642 6.774571 -11.687636 29.163130 15.513522 -14.577039 -0.873033 12.617801 4.335437
38.195820 8.700400 11.276858 10.173182 39.401779 6.688066 -7.965950 -8.095622 35.826744 2.172671 34.183979 28.105715 1.997535 -12.645615 31.258493 4.494545 -17.436268 -5.016960 15.260847 -2.058364 32.895184 31.040733 8.182509 -13.224492 28.456657 14.330538 -12.686839 -2.004857 10.477240 3.431497
38.165001 7.314143 10.638101 8.881652 37.488163 5.382396 -6.679041 -9.029637 35.291225 0.720875 34.506477 26.926861 2.945712 -13.276875 29.838978 3.906869 -16.492992 -6.807619 14.259671 -2.938482 33.135624 29.742210 9.292895 -14.159680 27.776531 13.504802 -11.068910 -2.892630 9.538957 2.529941
37.438240 6.409649 10.873447 6.880884 35.518322 4.019587 -5.933227 -10.801669 34.395405 -1.047877 34.809025 25.562887 4.192984 -14.009661 28.052610 3.499777 -15.950551 -9.406732 12.439309 -3.557326 33.390575 28.256378 11.001906 -15.722790 26.295998 12.621553 -9.460032 -4.067211 7.989521 2.001277
37.759380 5.593676 11.268611 4.282446 32.851791 3.152808 -4.813632 -11.983664 32.795441 -3.321446 35.860737 23.476860 5.462440 -14.551880 26.178066 2.900900 -15.027293 -11.323315 10.693699 -4.397314 33.647968 25.836432 12.323322 -17.889290 24.212889 11.778435 -8.086265 -5.095774 5.852180 1.069347
38.583218 4.771847 10.681331 2.640677 29.960770 1.867209 -3.391560 -13.288927 31.921587 -5.583134 37.750843 21.524750 6.396077 -15.058867 24.185177 2.462548 -14.032136 -13.775039 8.557693 -5.864079 34.700459 24.415007 13.106466 -19.086580 22.717045 10.892759 -7.041231 -6.114188 4.737237 0.161891
38.431171 4.846282 9.445336 1.550538 27.795977 0.840011 -2.175886 -14.350372 31.708010 -7.005659 39.263348 20.011593 6.305142 -15.301106 22.541960 1.717894 -13.010379 -15.554696 7.076356 -6.571352 35.940548 23.417007 12.376753 -20.252829 20.271343 10.573893 -5.503758 -7.281960 3.700103 0.008268
39.007973 5.067139 7.318892 0.695034 25.175629 0.035019 -0.187308 -15.341073 30.866207 -8.018412 41.132683 19.449299 5.267528 -15.692312 20.337648 1.025014 -11.267496 -17.054228 5.701635 -6.700465 38.105621 21.921297 11.117356 -20.418478 18.061115 10.449271 -4.417718 -7.794079 3.032618 -0.165108
40.517643 5.202046 5.383663 0.232585 23.166584 -0.103194 0.892375 -15.929038 30.706476 -9.914785 42.083015 18.902098 4.045967 -15.258505 19.320818 -0.227605 -9.583883 -18.381748 4.761161 -6.358595 39.809071 20.823586 9.246733 -20.339647 16.145327 10.304062 -3.777910 -8.416555 2.785212 0.185635
41.363251 5.439983 3.092714 -0.241362 21.314363 -0.571748 1.982645 -16.124704 30.966295 -10.939200 43.119835 19.041691 3.200495 -15.137402 18.149729 -1.268191 -8.384545 -19.551500 3.762995 -6.379377 41.166622 19.995665 7.616088 -20.484118 14.419108 10.021058 -3.135932 -9.105212 2.550844 0.282555
41.956589 5.107311 1.416805 -0.573869 19.906021 -1.080177 2.771645 -16.131836 30.977549 -11.212255 43.820400 19.184227 1.837547 -15.356038 16.847858 -2.209366 -7.316333 -19.733374 3.800649 -6.635379 41.866882 19.270639 6.048924 -20.261555 13.284657 9.964153 -2.981970 -9.257544 2.701099 0.646383
42.196148 5.109741 0.618214 -1.115906 18.888695 -1.373220 3.307219 -16.463299 30.711306 -11.613704 44.300114 19.064022 1.132831 -15.564047 15.971797 -2.994573 -6.704205 -20.053656 3.983463 -7.056240 41.882473 18.780819 5.244087 -20.347998 12.519589 9.598453 -2.777178 -9.675013 2.816346 0.510206
42.307888 4.865469 -0.194390 -1.639814 17.955923 -1.327198 3.440600 -16.668461 30.154560 -11.529996 44.656219 18.772783 0.701474 -15.797986 15.330902 -3.382514 -6.332408 -19.966015 4.081336 -7.065878 41.955463 18.248838 4.728169 -20.353455 11.961535 9.556561 -2.785971 -9.984354 2.712276 0.395849
42.300457 4.768191 -0.548517 -1.738849 17.634918 -1.412394 3.480719 -16.780993 29.986654 -11.400535 44.753735 18.595442 0.475398 -15.786716 15.097810 -3.549086 -6.234314 -20.012592 4.160767 -7.056820 42.028095 17.984148 4.561262 -20.360893 11.725406 9.519002 -2.775149 -10.117115 2.722680 0.349792
41.926590 4.744946 0.260410 -1.647220 18.368855 -1.604610 3.872979 -16.545296 30.349009 -11.666084 44.479244 18.500483 1.151023 -15.560428 15.984994 -3.431713 -6.316428 -19.906956 3.920748 -7.102489 41.804722 18.267797 5.045227 -20.193043 12.466789 9.275178 -2.599289 -9.955607 2.817404 0.317981
40.700470 3.812957 1.359718 -1.738504 19.436001 -1.558153 4.332855 -16.006266 30.153723 -11.102461 43.275623 16.975277 2.351267 -15.056496 18.337574 -3.233929 -6.308833 -18.718678 3.562289 -6.590423 41.083035 18.005733 5.915444 -19.972372 14.033642 8.983552 -2.473858 -9.072736 2.983899 0.637241
37.738205 3.052614 3.612186 -2.895078 21.236351 -1.816834 5.355429 -15.941141 28.500116 -10.492476 41.314259 13.287068 4.695415 -14.376211 22.260305 -3.794577 -6.410676 -16.621721 3.716056 -6.457993 38.622551 17.247976 7.810546 -19.755640 17.591570 7.422083 -2.473673 -7.675950 2.942068 0.197648
33.225220 1.021570 7.084208 -4.285342 25.094011 -1.416376 8.072056 -13.045480 27.073191 -8.302883 37.735912 11.546376 6.012971 -14.045444 26.722780 -4.309027 -4.678006 -13.308022 5.240772 -6.040162 34.323605 16.574944 8.829406 -18.862501 22.679142 4.986421 -2.003429 -5.972965 2.854245 0.664764
29.918255 0.694746 7.562197 -5.562519 29.370714 -0.477243 9.339702 -8.505112 25.114393 -6.436773 32.974327 9.637718 6.413815 -13.514359 31.828671 -4.743114 -2.945071 -8.479202 6.274718 -4.094244 29.961216 15.586249 7.908271 -16.272068 28.138983 3.184193 -3.155734 -3.401819 4.284872 1.289374
25.186480 1.158390 4.144736 -7.160685 32.399532 -0.177567 10.892236 -4.935142 20.541142 -3.479945 27.886564 8.024633 6.511779 -12.638366 36.121185 -6.420993 -1.463544 -5.732841 7.055658 -0.461403 26.178663 14.569973 6.667335 -13.779175 32.753246 1.009991 -4.068347 -0.778520 6.455400 2.187244
21.497734 1.915068 2.948925 -9.254884 34.084332 1.329595 12.783992 -1.290456 18.209734 -0.215277 23.803532 4.257448 6.227986 -10.975076 41.465214 -7.146282 1.024139 -2.234421 6.521816 3.756988 22.351597 11.864618 5.362235 -11.237576 38.310497 -1.203110 -4.986517 2.269174 7.858036 3.996894
18.707777 2.520631 3.807883 -12.581810 35.833328 0.161734 14.433753 -0.156831 11.162522 3.303943 19.961662 1.669934 5.872553 -10.220486 44.793423 -8.697291 4.567346 0.309482 5.002060 8.552430 16.881016 7.258938 5.577885 -10.198190 43.282169 -6.677435 -2.586385 5.730355 8.162305 6.526008
14.254220 1.219670 7.724640 -14.744118 38.549667 -0.522899 17.042662 2.154470 6.794426 9.665102 15.312410 -2.207273 8.948417 -11.848512 47.161922 -10.349287 6.821459 3.670879 2.069217 13.565915 12.005220 3.325558 7.448597 -10.923933 46.425358 -12.608935 -0.852745 9.313610 7.634339 11.178973
12.033831 2.529486 10.310834 -14.814276 39.861847 -2.231930 16.852991 2.825877 4.198672 17.453955 13.090445 -4.069125 11.622524 -12.072094 48.306335 -10.165373 6.569168 6.107551 -0.179637 18.886465 9.303455 2.017880 8.680629 -10.775766 48.182644 -14.577799 -1.221807 12.144152 6.175701 16.499063
11.190874 2.613971 12.702847 -13.169422 39.932594 -5.201177 16.018513 0.309904 -1.367860 25.087475 12.283208 -3.988754 13.552193 -13.354749 46.268150 -8.618146 6.223973 5.323292 -5.255812 24.126715 8.632545 5.396820 11.682750 -13.547097 46.763054 -14.585858 -1.235071 12.878155 2.020652 22.208202
10.353971 3.517697 14.725859 -13.953752 39.320690 -5.011831 17.555819 0.731084 -5.569361 30.866362 11.347463 -2.033396 15.580808 -15.953021 42.284462 -6.125546 8.474177 3.200304 -9.554836 30.172678 8.772173 7.948637 15.774398 -19.049038 42.452106 -13.171083 3.441195 12.761717 -1.547738 26.330605
12.716823 5.372827 16.064373 -14.701640 37.277042 -4.875581 21.423920 1.373039 -6.342183 31.149164 13.576794 0.070019 15.469973 -18.004711 36.820087 -5.226246 12.374254 2.419168 -12.149897 34.088852 10.948646 9.294053 17.854662 -21.748892 36.615112 -12.491714 8.575139 11.048611 -2.220878 29.121777
15.468560 8.066099 14.321159 -15.970448 32.639084 -6.593678 25.756714 2.036917 -5.569064 30.880644 16.877808 3.339515 14.531841 -19.000742 31.526655 -4.888800 14.914471 2.364777 -13.462874 36.117634 13.527984 11.314599 17.920012 -24.432743 30.370232 -13.427609 14.995009 9.105344 -1.246152 29.268156
18.619171 10.014279 11.855627 -15.873246 28.470581 -9.189386 30.364573 1.148402 -3.557955 29.353800 19.813026 7.974356 14.976632 -19.561159 27.909817 -4.920180 17.051561 2.773628 -12.413356 37.119755 14.326185 12.755105 14.209176 -26.385820 24.828377 -15.526267 20.381618 8.103739 1.299333 28.955505
20.619886 12.039634 7.648530 -15.587405 25.288704 -11.793343 34.672680 1.826007 -0.897709 28.943089 21.737209 11.701795 13.405334 -18.711123 24.999441 -6.431982 19.259504 2.947394 -9.356083 38.216576 14.477768 14.750765 11.176642 -26.992659 22.147797 -18.201805 24.953226 8.928106 4.581538 29.035622
20.315773 13.031053 2.302035 -15.117067 23.669186 -13.093758 36.948277 3.662501 2.364850 28.379438 22.677013 15.798969 9.699906 -19.201761 22.702183 -7.518574 21.701912 5.120730 -6.937744 40.013000 14.459983 16.321264 7.269990 -26.768883 19.841618 -20.441936 27.654276 9.648460 7.277523 29.414986
19.922132 13.530160 -1.736724 -14.302844 22.327370 -14.278185 37.845318 3.077173 4.173976 27.820728 22.338173 17.001484 7.762601 -19.818069 21.805222 -8.717873 23.567612 6.516757 -5.193041 40.291294 13.942869 16.071867 3.499902 -26.782009 18.343050 -21.824926 29.213100 10.190752 8.986853 28.968584
19.672281 14.583006 -4.447023 -14.441701 21.444609 -14.902160 38.762184 3.636347 4.885448 27.777864 22.340687 18.516539 5.416784 -20.697224 20.139271 -9.949777 25.291107 7.009488 -3.980150 40.576496 13.152990 15.616590 0.577880 -26.745893 17.267570 -23.579832 30.358774 9.713498 10.151102 29.007732
19.258987 14.725756 -5.814794 -14.592031 21.017172 -15.088747 39.122730 3.985759 5.216264 27.661957 22.511438 18.900660 4.549326 -20.850689 19.708456 -10.372190 25.715334 7.131516 -3.607194 40.521385 12.847898 15.489079 -0.650576 -26.684122 16.835125 -24.042196 30.667458 9.669312 10.726838 29.101986
19.476339 14.762155 -5.749380 -14.508245 20.974356 -15.205948 39.115929 3.851757 5.177568 27.691385 22.660137 18.814497 4.811337 -20.801676 19.735287 -10.420206 25.787525 6.992316 -3.687436 40.446342 12.928183 15.494610 -0.462890 -26.628164 16.922159 -24.148827 30.643501 9.581202 10.698539 29.048136
19.727051 14.732032 -5.623847 -14.223018 21.008192 -15.327379 38.881062 3.618520 4.964521 28.127424 22.743917 18.690050 4.892930 -20.641581 19.800337 -10.659730 25.958977 6.849597 -3.617764 40.546207 13.102153 15.524652 -0.541257 -26.431280 16.959478 -24.256283 30.506195 9.527277 10.764962 29.282629
20.119253 14.594162 -5.509524 -13.832257 21.098593 -15.598310 38.573917 3.264218 4.751014 28.493828 23.055363 18.363848 5.117532 -20.365505 19.870958 -10.977030 26.255171 6.744915 -3.620452 40.634235 13.697906 15.494184 -0.383118 -26.153633 16.974028 -24.479425 30.383972 9.399672 10.663176 29.432579
20.548355 14.582845 -5.402352 -13.379801 21.005632 -15.971273 38.420673 2.717206 4.452317 28.970079 23.520084 17.905109 5.382243 -19.952972 20.005867 -11.370811 26.552429 6.646959 -3.619657 40.651493 14.574627 15.501193 -0.100078 -25.742569 17.076368 -24.700380 30.159580 9.212609 10.551087 29.538734
21.594032 14.525117 -5.110292 -12.808907 20.737024 -16.474571 38.085541 2.074326 4.014864 29.666716 24.393126 17.600695 5.698026 -19.439857 19.974892 -11.858768 26.755816 6.312530 -3.558705 40.612423 15.876237 15.434126 0.352059 -25.149624 17.168146 -24.908779 29.773716 8.913433 10.342105 29.541641
22.883574 14.484111 -4.698572 -12.268065 20.402725 -17.262585 37.658916 1.157573 3.443908 30.177225 25.196899 17.263676 6.068721 -18.920521 19.797293 -12.562295 27.039888 5.511821 -3.706490 40.472153 17.148239 15.310912 0.882275 -24.452778 17.363222 -25.261482 29.380995 8.425312 10.156547 29.567736
23.905533 14.506228 -4.376882 -11.893110 19.975683 -17.732834 37.149586 0.439133 2.826210 30.882177 26.115847 16.306351 6.604198 -18.429899 19.865025 -13.270314 27.492081 5.188680 -4.025942 40.281433 18.391565 15.316583 1.297634 -23.813610 17.395555 -25.650522 28.934416 8.027947 9.904222 29.946625
24.962490 14.481299 -4.297155 -11.555731 19.287680 -18.321089 36.870602 -0.464935 2.095688 31.232723 27.336281 15.409959 7.042717 -17.666792 19.699703 -13.969255 27.834129 4.589265 -4.241917 40.000877 19.696348 15.144737 1.387102 -23.241228 17.044058 -25.943939 28.622614 7.398177 9.721853 30.292915
25.869431 14.598180 -4.317711 -11.358896 18.330305 -19.244955 36.845119 -1.804996 1.293344 31.286154 28.326038 14.827216 7.651799 -17.003984 19.449461 -14.900211 28.422438 3.655253 -4.438768 39.652161 21.208565 14.899861 1.777778 -22.489126 16.963739 -26.460495 28.217918 6.569523 9.448875 30.350393
26.961033 14.372245 -4.070131 -10.984352 17.620972 -20.198341 36.557835 -3.024958 0.256602 31.458258 29.481100 14.238745 8.431353 -16.425762 19.154644 -16.002682 29.218225 2.673609 -4.811478 39.029037 22.610834 14.425821 2.107168 -21.871292 16.619616 -26.968964 28.109085 5.843768 9.092885 30.275370
28.065323 14.462532 -3.378493 -10.664348 17.115164 -20.933332 36.052979 -4.458011 -0.374443 31.195902 30.537638 13.757747 9.073170 -16.052572 18.799953 -17.070892 29.997219 1.817949 -5.360224 38.568047 23.863214 14.118237 2.875816 -21.078030 16.746378 -27.403206 27.567623 5.000943 8.508023 30.452568
29.079731 14.293074 -3.067264 -10.448139 16.513788 -21.969812 35.380909 -6.114703 -1.664497 30.940998 31.478235 13.402241 9.902881 -15.753672 18.690372 -17.959063 30.577120 0.935680 -5.918550 38.078793 25.075697 13.566526 3.620868 -20.642132 16.856153 -27.662226 26.953186 4.222809 7.712888 30.378565
29.967287 14.227160 -2.643297 -10.184328 15.972067 -23.311609 34.968723 -8.118391 -2.780239 30.513586 32.505600 13.180280 11.234927 -15.613579 18.576725 -18.666309 31.191753 0.009474 -6.760943 37.524727 26.472395 13.015095 4.699964 -20.380987 16.887894 -28.158102 26.671196 3.309135 6.669675 30.065960
30.595558 14.100117 -2.463162 -10.287631 15.506298 -24.324068 34.730145 -9.376632 -3.848550 30.178505 33.260429 13.144136 11.831108 -15.666914 18.169491 -19.256710 31.598648 -0.627229 -7.505913 37.215256 27.758392 12.593830 5.541111 -19.919884 16.869926 -28.468290 26.319487 2.456665 5.877085 30.236597
31.232641 14.176769 -2.251935 -10.359745 14.935474 -25.229050 34.464912 -10.814013 -4.736838 29.637194 33.866272 12.947422 12.465242 -15.630489 17.803219 -19.919413 31.923809 -1.621164 -8.216678 36.825092 28.386805 12.290809 6.042319 -19.816484 16.524187 -28.676189 26.184557 1.631213 5.203854 30.475590
31.565926 14.146935 -2.021850 -10.415445 14.495237 -26.066988 34.222664 -12.168486 -5.556587 29.257450 34.476639 12.847750 13.368440 -15.661891 17.583532 -20.615654 32.204399 -2.537872 -8.924882 36.401703 28.841724 12.060406 6.685883 -19.941854 16.331423 -29.098297 26.150658 0.809894 4.492183 30.451984
32.001675 14.298355 -1.995530 -10.410724 14.137658 -26.464811 34.039635 -12.799647 -5.992710 29.029892 34.972698 12.750578 13.836002 -15.540725 17.247698 -21.192924 32.471619 -3.216531 -9.394786 36.263374 29.288349 11.855930 6.835277 -19.987242 15.980911 -29.552494 26.240557 0.251006 4.069817 30.488586
32.098434 14.398945 -2.384687 -10.517598 13.774030 -26.705542 33.869938 -13.339881 -6.143837 28.497658 35.192638 12.610280 14.123818 -15.516645 17.076059 -21.534157 32.592724 -3.715094 -9.633430 36.030743 29.622217 11.819158 7.065969 -20.016268 15.766179 -29.748686 26.182232 -0.230055 3.848317 30.454161
32.240479 14.411056 -2.555758 -10.603339 13.422037 -26.881863 33.987911 -13.640125 -6.398770 28.320938 35.390152 12.382570 14.290758 -15.491768 16.966837 -21.804060 32.834366 -3.871670 -9.865407 35.944763 29.768814 11.728734 7.096959 -19.989178 15.648926 -29.924171 26.173218 -0.411609 3.659230 30.538733
32.271980 14.443310 -2.587717 -10.603395 13.363935 -26.919449 33.981754 -13.686885 -6.413617 28.313211 35.425461 12.376768 14.280296 -15.513635 16.883795 -21.850763 32.848999 -3.915961 -9.941339 35.936733 29.862228 11.765622 7.151165 -19.968931 15.612899 -29.930859 26.139839 -0.457440 3.629103 30.533791
32.319221 14.287195 -2.441952 -10.633750 13.437669 -26.859913 33.913071 -13.584085 -6.540589 28.360338 35.564564 12.244022 14.320538 -15.518642 16.896160 -21.705925 32.731190 -3.810082 -10.046861 35.896767 29.927305 11.723870 7.175370 -20.018915 15.582740 -29.831615 26.084970 -0.352257 3.523103 30.544466
32.471004 14.017965 -1.957353 -10.589214 13.696850 -26.775448 33.776245 -13.392366 -6.776217 28.639801 35.700138 12.189931 14.416770 -15.517095 17.010366 -21.471222 32.344387 -3.626932 -10.187503 35.975052 30.127623 11.795490 7.414284 -20.079966 15.590323 -29.659052 25.998037 -0.203163 3.374549 30.593393
32.861290 13.352839 -1.533035 -10.637955 13.869043 -26.562382 33.576580 -12.966666 -7.171068 28.729473 36.063156 11.836340 14.427820 -15.446495 17.205643 -20.934092 31.637402 -3.280766 -10.572456 36.014511 30.459871 11.602540 7.580665 -20.252779 15.563649 -29.148535 25.884756 0.247092 3.097923 30.449188
33.436764 12.550672 -0.823381 -10.533596 14.237048 -26.056072 33.158695 -12.430375 -7.678460 28.870279 36.496861 11.033623 14.381912 -15.285424 17.492624 -20.269949 30.913027 -2.537946 -10.990797 36.100185 30.952635 11.433079 7.861661 -20.324062 15.618101 -28.456793 25.636072 0.987538 2.772613 30.332630
33.856056 11.790419 0.053607 -10.596401 14.755285 -25.334251 33.068527 -11.378017 -8.092661 29.046274 36.861748 10.330520 14.375789 -15.212166 17.791454 -19.438885 30.076721 -1.583711 -11.322993 36.407261 31.144646 11.043860 7.862941 -20.442024 15.728529 -27.722876 25.457129 2.105987 2.502385 30.223984
34.444485 10.746605 1.167262 -10.677547 15.471503 -24.699316 32.908932 -10.308496 -8.787839 28.951872 37.477024 9.655563 14.407474 -15.167339 18.124895 -18.324266 29.074171 -0.676711 -11.889783 36.365097 31.366060 10.341352 7.888676 -20.855097 15.884771 -27.037579 25.590790 3.531574 1.993406 29.504309
35.165039 9.285559 2.474540 -10.732106 16.459303 -23.746544 32.462769 -8.858616 -9.580286 28.799032 38.075890 8.739358 14.302514 -15.164654 18.440098 -17.022713 27.818731 0.183751 -12.476148 35.958138 31.942247 9.557118 8.319845 -21.197130 16.127073 -25.960526 25.234623 5.073497 1.259187 28.975134
35.761539 8.090477 3.681339 -10.871892 17.557817 -22.772768 32.020779 -6.933545 -10.149120 28.700186 38.552830 7.718961 14.347395 -15.257613 18.846571 -15.926903 26.537352 1.192594 -13.279757 35.688457 32.389557 8.840668 8.797400 -21.125086 16.857222 -25.454220 24.651632 6.295742 0.628767 28.509123
36.177757 6.748334 5.116048 -10.928392 18.765352 -21.530216 31.523773 -5.060126 -10.626566 28.617277 38.967236 6.431129 14.400437 -15.218904 19.562567 -14.811687 25.127167 2.475592 -13.983307 35.401958 32.281746 7.982177 8.964048 -21.203331 17.448420 -24.881315 23.918392 7.624138 -0.036262 28.364515
36.962349 5.317390 6.495235 -10.656624 20.031027 -20.431314 30.767078 -3.322711 -10.864855 28.187346 39.369373 4.915613 14.041121 -15.147959 19.916016 -13.778208 24.146698 3.474881 -14.375644 35.005264 32.588806 7.136444 9.169483 -21.168085 17.813375 -24.025805 23.410183 8.983435 -0.399664 27.856092
37.722260 2.789463 8.226387 -10.218724 21.885141 -19.185404 30.228973 -0.982218 -11.152022 27.452084 40.044621 3.152913 13.785592 -15.252878 20.292469 -12.077375 23.147346 5.014962 -14.681947 34.266884 32.677010 5.855518 9.613300 -20.972435 18.679729 -22.987505 22.775969 10.578021 -0.825367 27.391289
38.638275 0.350446 9.232285 -9.833456 23.487255 -18.427965 29.698292 1.103782 -11.343782 26.159691 40.551388 1.324187 13.358850 -15.676348 20.595282 -10.388429 22.413651 6.609217 -14.919400 33.189190 33.371635 3.916493 9.364791 -20.655304 19.245752 -21.686161 21.932583 12.316245 -1.265238 25.986340
38.652069 -1.818186 10.157193 -9.993564 24.952576 -16.901632 29.458084 3.242133 -11.022441 24.717882 40.927235 -0.693817 12.383093 -16.078287 21.054510 -8.645162 21.693222 8.683043 -15.256999 32.430737 34.154495 1.973288 8.405548 -20.070911 19.633991 -19.813419 20.278839 14.137274 -1.332275 24.732857
39.078991 -3.990074 11.513234 -9.791079 26.548832 -15.430530 29.518551 5.583915 -10.520532 23.444773 41.214397 -3.013544 12.132377 -16.670992 21.991800 -6.444575 20.839539 11.084968 -15.849250 31.466019 34.724300 -0.198363 8.021690 -19.005436 21.193083 -17.741251 18.973494 16.870062 -1.167235 23.516094
38.607616 -8.421006 11.489784 -11.226292 23.368225 -11.635980 31.888031 7.514378 -4.571031 20.217955 42.265739 -3.933258 10.154444 -17.830238 24.867970 -7.008179 16.814636 16.697496 -15.832699 27.530888 36.951244 0.692008 5.781305 -17.673801 24.349764 -15.236377 13.590403 23.954031 0.128722 20.864159
38.990578 -10.723400 11.842668 -10.591725 24.341938 -9.206379 31.371183 10.025570 -2.939601 19.463858 43.066551 -6.698363 9.581990 -17.363503 25.698893 -4.787999 15.841886 18.963829 -15.659678 26.701981 37.448830 -1.325395 5.345499 -15.882111 25.804337 -12.892555 12.171004 26.427132 1.169657 20.106846
39.474209 -13.017620 11.475773 -9.743335 24.927229 -7.055915 30.240391 11.586942 -1.507953 18.671139 43.705364 -8.880169 9.074615 -16.829073 26.625204 -2.777779 14.372693 20.623032 -15.389165 25.447126 37.768787 -3.357292 4.791312 -14.287773 27.582970 -11.387152 11.152994 28.716734 2.263592 18.829618
39.382065 -15.064931 10.978127 -8.857714 25.774179 -4.571297 28.452967 12.677233 -0.061564 17.819407 43.425228 -10.673264 8.032459 -16.576551 27.344973 -0.418048 12.351904 21.772619 -15.145537 24.579367 37.627075 -5.327119 4.090891 -13.173648 28.865620 -10.088363 9.963258 29.954681 3.032497 17.932508
39.245491 -16.768982 11.038543 -8.209713 26.666372 -2.401405 27.262203 13.421958 1.263048 17.349222 43.069233 -12.301730 7.175880 -16.273672 28.165888 1.891594 10.333706 22.783625 -14.736809 23.590029 36.955898 -7.911350 2.640131 -12.114110 29.695299 -8.534116 8.466979 30.890940 3.949610 16.959030
38.243504 -21.661299 8.993076 -7.021800 27.060291 0.937852 28.044199 13.714379 1.465778 16.832830 42.499115 -14.476149 5.206300 -16.935358 27.862467 5.154195 9.111846 21.672318 -17.527086 21.861677 36.179157 -11.912686 0.733768 -11.727573 30.990353 -8.119296 7.249355 31.364975 1.820016 15.427136
38.379913 -23.734318 9.270342 -6.865393 26.760689 4.016771 27.365248 14.290053 3.207381 16.141909 42.930401 -16.420256 3.792948 -17.294268 27.858942 7.170217 7.165166 22.128168 -17.969545 20.277510 36.396317 -14.017069 0.207380 -11.134979 31.910992 -6.621854 6.026633 31.917860 1.739123 13.679350
37.828568 -25.621962 9.520448 -7.471538 26.092932 6.628799 27.158501 14.297448 4.057338 15.231742 42.698147 -17.787260 2.087699 -17.541763 28.505562 8.830507 5.361992 23.323532 -17.633324 18.744806 35.919559 -15.295416 -0.605519 -10.545695 32.911568 -5.228004 4.606205 33.045174 2.466736 12.468837
38.095928 -27.138582 9.690671 -8.104362 24.893539 9.743628 26.473969 14.081355 4.780722 14.457852 42.803638 -18.882708 0.613538 -17.983109 28.895105 10.535476 4.076149 24.606510 -17.436998 17.118017 36.299450 -16.927721 -1.572940 -10.073860 33.171654 -3.563672 3.523620 33.748646 3.006233 10.433875
38.213139 -28.521681 8.941956 -8.857815 23.620577 12.815693 25.092611 14.392055 5.165799 14.212953 43.183498 -19.850935 -1.155673 -18.425196 29.020178 12.215180 3.283148 25.742418 -17.058399 14.991060 36.334515 -18.673254 -2.914013 -10.091215 32.931000 -1.850637 2.625498 34.357231 3.457172 8.433528
38.435257 -29.472157 8.098243 -10.295069 22.303921 15.490002 23.876940 14.863282 4.809292 13.289300 43.357956 -21.090462 -3.013887 -18.655600 29.145796 13.546374 2.253577 26.816998 -16.322704 13.184130 36.459507 -20.267176 -4.157523 -10.241090 32.756847 -0.074696 1.334934 35.103821 3.739990 6.811602
38.179623 -30.459171 6.509795 -11.115688 21.338627 17.879347 22.305548 15.421989 4.927477 12.958351 43.008503 -22.784410 -5.046225 -18.608896 29.470493 15.026899 1.131290 27.834816 -15.277539 11.613755 35.640366 -21.740229 -5.633306 -10.352174 32.647720 1.558243 -0.072882 35.679184 4.405822 5.954354
37.289547 -30.920145 4.617351 -11.801452 20.495737 19.520493 21.174578 15.898509 5.049808 13.253987 42.297062 -23.903431 -7.196012 -18.841011 29.547770 16.018044 0.288513 28.335047 -14.546157 10.150027 34.815540 -22.714216 -7.010290 -10.957323 32.021481 3.371929 -1.398861 35.810730 4.696142 5.253001
36.788738 -31.452591 2.995233 -12.426767 20.241449 21.260519 20.067301 16.980333 5.266737 12.764924 42.013741 -25.972458 -9.153117 -18.710535 29.721346 16.956322 -0.383123 28.671686 -13.942586 8.583455 34.046638 -24.027979 -8.228053 -11.876136 30.902483 5.473294 -2.634238 35.937363 4.742597 4.907850
36.355103 -31.986437 1.240298 -12.785184 20.076294 22.765675 19.076746 17.900116 5.895808 11.959750 41.435246 -27.063913 -11.555582 -18.875641 29.620546 17.387880 -0.707480 29.091949 -12.950575 7.236260 33.184498 -24.914425 -9.686715 -12.702151 29.928192 6.938458 -3.432861 36.024502 5.197425 4.438778
35.788250 -32.295410 -0.082297 -13.430964 19.692633 24.282877 18.250412 18.413126 6.186458 11.537532 40.407772 -27.655693 -13.814468 -19.051786 29.551182 17.581804 -0.813170 29.194614 -11.949083 6.242939 31.870613 -25.863623 -11.168858 -13.636322 29.176674 8.318651 -4.035498 36.239643 5.495325 4.380331
34.860306 -31.991161 -1.506023 -13.952537 19.344872 25.692097 17.406261 18.858089 6.511937 11.884349 39.642323 -28.144165 -15.621300 -19.163116 29.272858 17.469130 -0.545787 29.005922 -11.259324 5.540987 30.499893 -26.733664 -12.717977 -14.546304 28.265875 9.483112 -4.206678 36.244106 5.777502 4.336340
33.483383 -31.609997 -2.683437 -14.267073 19.411652 26.853642 16.496078 19.174681 6.915551 12.213906 38.450615 -28.523476 -16.859262 -19.197878 29.526354 17.012056 0.019022 29.098978 -10.361399 4.940619 29.067209 -26.774199 -13.898274 -15.200534 27.661728 10.241796 -4.409735 36.203487 6.414865 4.355153
32.278019 -31.388531 -4.226314 -14.664644 19.027809 27.767120 15.781620 19.052078 7.213650 12.286878 37.328590 -28.861485 -18.819992 -19.285841 29.262745 16.666677 0.519811 28.819883 -9.354697 4.295645 27.794634 -26.913946 -15.287849 -15.876863 26.844023 10.836140 -4.426521 35.910782 7.176155 4.097208
31.123196 -31.376560 -5.508010 -15.121635 18.749680 28.403839 15.487712 19.075895 7.703005 12.091881 36.396984 -29.089319 -20.624430 -19.520279 29.001328 16.477592 1.195523 28.771042 -8.411325 3.722537 26.684628 -26.990446 -16.392496 -16.491415 26.237438 11.437327 -4.391613 35.879009 7.782362 3.937737
30.252037 -31.008799 -6.428797 -15.519475 18.337730 28.625158 15.366661 18.901924 8.020926 12.085222 35.554764 -29.115681 -21.794586 -19.753952 28.773815 16.138884 1.937215 28.562239 -7.787827 3.367511 25.880835 -26.918413 -17.136953 -17.346773 25.257473 11.921624 -4.247631 35.609047 7.979918 3.991647
29.519642 -30.787191 -7.298541 -16.004322 17.891363 28.946856 15.340766 18.699871 8.085003 11.801236 34.656281 -29.269577 -22.703211 -19.797712 28.881470 15.670578 2.695457 28.342279 -7.134480 3.020634 25.096413 -26.730278 -17.711571 -18.015324 24.526033 12.359675 -4.276932 35.077049 8.229209 3.819290
29.073744 -30.423065 -8.272655 -16.424555 17.251005 29.158422 15.389398 18.532034 8.192795 11.567601 34.259975 -29.243895 -23.386335 -19.955860 28.759851 15.426473 3.335322 28.234957 -6.738208 2.715097 24.578993 -26.585793 -18.302649 -18.726578 23.706160 12.698340 -4.006885 34.682415 8.362089 3.566097
28.753582 -30.235306 -8.822303 -16.826702 16.841629 29.397308 15.428765 18.511648 8.223145 11.323798 33.909321 -29.334745 -23.855375 -20.041405 28.789200 15.267260 3.760758 28.223066 -6.393310 2.462651 24.051828 -26.413643 -18.770493 -19.153568 23.286329 13.013528 -3.950572 34.441334 8.573294 3.333662
28.502926 -30.154448 -9.160972 -16.990402 16.630648 29.430777 15.489968 18.415894 8.261709 11.245811 33.628376 -29.343447 -24.170652 -20.083088 28.864771 15.139600 3.976743 28.218697 -6.118042 2.284243 23.695288 -26.376564 -19.092281 -19.475286 22.970612 13.145680 -3.825504 34.325310 8.654172 3.229714
28.425089 -30.025019 -9.307994 -17.056740 16.533663 29.449972 15.472372 18.372715 8.278032 11.232417 33.569019 -29.341051 -24.247881 -20.070568 28.893112 15.107719 4.028664 28.204235 -6.042140 2.241930 23.606409 -26.284229 -19.182579 -19.546930 22.891754 13.189250 -3.821078 34.275471 8.682966 3.217822
