33.182117 15.812716 0.827415 -13.156273 7.708119 -21.026789 35.880573 -16.350567 -4.831254 29.538343 35.171619 9.572482 16.349184 -29.767811 6.783222 -31.468296 23.619114 1.030051 -7.856193 34.872272 30.413774 9.676185 11.108156 -17.334269 14.173254 -25.651045 28.135223 -4.345322 5.074033 35.649700
32.635258 15.679568 1.047935 -13.173671 8.120129 -20.485126 36.071915 -15.714805 -4.265703 29.923353 34.740314 9.858573 15.787160 -29.956526 7.032783 -30.968182 23.039515 1.701147 -7.753301 35.387054 29.976534 9.686438 10.815359 -17.078857 14.569719 -25.225445 28.395712 -3.759099 5.755234 35.561954
31.736155 15.253809 0.809390 -13.002744 8.564531 -19.392363 36.819767 -14.326224 -2.928509 30.550556 33.655632 10.173388 14.151073 -30.266472 7.355971 -29.842907 22.121237 3.165578 -7.047516 36.274834 29.113758 9.776630 10.242427 -16.405741 15.179371 -24.057192 28.716730 -2.464311 7.278153 35.535336
30.313423 15.224484 0.487972 -12.935574 9.422976 -17.559204 37.183483 -12.338583 -1.035707 31.260700 32.438534 10.679636 12.447812 -30.659237 7.742150 -28.480946 20.797251 4.788283 -6.220297 37.262215 26.755371 10.372812 8.984239 -17.032459 15.047554 -22.550758 29.719532 -0.548573 9.172488 35.629055
28.198647 14.994507 0.154054 -12.807690 10.436986 -15.628914 38.103405 -10.267274 1.360694 32.357094 30.664831 11.110806 10.546126 -31.226902 8.153583 -27.012718 18.912458 6.446917 -5.635837 38.523468 23.944759 11.133298 7.325614 -17.689255 14.795049 -21.267960 31.001991 1.031336 11.542521 35.897243
25.696712 14.612196 -0.273963 -12.877319 12.105184 -14.134200 39.169113 -8.003280 3.534441 32.813660 28.596746 12.451873 9.067164 -32.320698 8.865296 -24.772394 16.821268 8.283023 -4.960513 39.479435 21.147858 11.712337 6.094800 -19.111816 14.694914 -19.640596 32.109428 2.589676 12.978332 35.828503
22.873089 13.913418 -0.525144 -13.125347 13.472425 -12.322408 39.821262 -6.353238 5.592789 32.980515 26.321953 14.206343 7.133978 -33.879963 8.939823 -22.751209 15.294962 9.942458 -4.380371 40.055786 18.624317 11.933913 5.469713 -20.500914 14.779193 -18.150093 33.179428 4.075349 13.907139 35.130615
20.782370 13.621136 -0.852256 -13.546608 14.223647 -10.845133 40.687870 -5.010824 6.959898 32.573215 24.546463 15.484363 5.794302 -34.624889 9.321090 -21.561144 14.208375 11.153141 -3.591010 40.075554 16.056692 12.131295 4.130582 -21.883663 14.151545 -16.725460 34.215141 5.042002 15.065253 34.609653
19.387659 13.350084 -1.244578 -14.111739 14.687989 -10.075896 41.381443 -4.009211 8.087109 31.393959 23.210022 16.066181 5.105124 -35.300648 9.660412 -20.827364 13.602089 11.839891 -3.284688 39.863373 13.873778 12.349196 3.165249 -22.845394 13.810136 -15.664032 34.584213 5.680270 15.751356 34.688923
18.830690 13.082573 -1.278456 -14.335924 14.731500 -9.614925 41.905220 -3.677076 8.732444 30.779709 22.835167 16.336796 4.939201 -35.470558 9.771470 -20.428421 13.151264 12.021312 -3.111267 39.568138 13.120801 12.400768 3.103264 -23.084124 13.823216 -14.996821 34.706612 5.787557 16.152124 34.470722
18.976286 12.946321 -0.170980 -14.404030 15.376479 -9.495305 41.321941 -3.706321 8.064614 30.872305 22.634573 16.140310 5.683352 -35.428059 10.178287 -19.792685 12.610572 12.109279 -3.520452 39.659409 13.362820 12.465672 3.937516 -23.404318 14.065073 -14.459641 34.252758 6.089272 15.259660 34.375652
20.255663 12.575880 6.162256 -15.796851 17.904972 -8.647312 38.142036 -3.363143 3.570208 31.581266 23.081602 13.358080 11.016547 -34.139050 13.253635 -16.686100 8.982768 10.932381 -6.865611 39.331993 14.481990 12.497021 10.422853 -22.676123 17.986698 -11.672229 30.112215 7.245348 11.128425 34.797684
18.991600 10.372584 14.479004 -18.040768 23.501886 -6.145454 30.450386 -3.582412 -3.977081 32.103073 21.066006 5.393274 17.929884 -31.738480 20.936363 -13.478438 6.028903 10.641488 -8.638037 36.109783 14.643305 9.902518 16.717922 -22.454384 24.859926 -9.554291 21.110731 8.326013 3.329994 34.154758
14.052161 5.745343 19.401081 -17.147770 34.947533 -2.608100 20.111126 -0.670788 -9.101115 33.839016 13.668129 -4.916733 19.964191 -27.765482 30.238628 -11.957094 7.885644 10.346657 -3.459254 31.994013 10.814417 7.383383 19.271406 -20.585270 35.209743 -8.211767 8.958596 11.398157 -1.614748 32.099094
11.121414 4.118190 14.017370 -14.985217 39.746540 -5.105148 12.967904 -0.303097 -5.289110 26.688574 12.714772 -8.267639 20.549593 -20.202633 38.426323 -11.816812 5.077304 10.202112 7.157295 24.266056 8.938104 4.941082 13.734581 -12.302568 45.518360 -11.948450 0.407924 11.638277 3.082493 24.417904
12.060306 0.362822 6.073830 -13.534128 40.312809 -2.982125 16.449457 2.286391 5.123303 11.271783 16.032602 -3.368682 16.940851 -18.036234 39.164555 -8.909445 2.183419 7.155849 14.628890 15.464331 11.281253 1.799392 9.349567 -9.462175 45.453339 -11.815794 2.209730 7.241263 9.138762 12.685493
20.373409 1.972402 -0.087634 -10.552281 34.187904 -1.497643 11.791752 -1.096511 13.627113 0.315806 24.874149 4.766541 11.370891 -12.574615 36.049755 -1.962893 0.053915 -1.032791 16.368591 4.621003 21.444162 9.506417 7.076433 -8.283251 37.606857 0.336336 -0.725343 0.568115 11.289696 5.527272
29.491993 1.050327 3.602152 -7.160257 30.103260 -5.250758 7.432882 -6.904269 18.856848 -7.506385 33.428516 9.927289 11.336931 -11.499239 27.579231 3.215308 -0.645694 -9.756530 14.373854 -1.402812 29.478754 12.027182 11.604886 -12.280911 27.785408 4.609299 2.300195 -7.157393 8.261900 3.051919
37.095631 2.552207 -0.318510 -4.037190 25.075596 -7.619427 2.989940 -11.864189 22.624166 -12.665801 40.618122 11.739173 8.988790 -10.492036 19.190958 3.415777 -2.179648 -19.339777 11.454316 -3.460151 38.584045 14.390744 12.257236 -16.526438 17.392580 10.216277 1.768048 -10.887308 5.866866 2.992907
41.351643 4.411600 -3.549116 -2.783185 22.868876 -7.430324 1.272231 -12.149630 24.756281 -14.202939 43.482834 17.108780 5.160569 -11.349597 13.428228 3.635613 -2.612419 -22.509922 11.538668 -3.702237 41.838299 15.509413 9.610856 -16.825541 12.893260 12.284409 1.073658 -12.896911 5.710142 3.215939
41.767212 4.444232 -3.946864 -2.677703 22.528114 -7.187363 0.722545 -12.328382 24.558268 -14.039571 43.730408 17.421366 4.746272 -11.523332 12.840861 3.636333 -2.748016 -22.639578 11.593659 -3.653303 42.019375 15.586141 9.280217 -16.982845 12.417477 12.632011 0.860997 -12.820613 5.721415 3.246891
41.419556 4.778187 -2.270174 -1.641243 24.573814 -6.868495 -0.115962 -11.674916 25.292910 -13.708222 42.933311 17.890059 5.955662 -11.222393 14.470119 4.378104 -3.816363 -22.294128 11.141082 -3.282705 42.017574 16.888243 10.510379 -17.083361 13.710944 13.010332 0.526154 -11.922168 5.631704 3.346861
39.947723 4.987861 1.540468 -0.763161 27.900486 -5.900887 -2.212445 -11.439805 24.840881 -12.280416 41.428696 17.696993 8.200760 -11.220352 17.317760 5.731986 -6.397209 -20.811628 11.637040 -3.275587 40.147949 18.797415 13.537155 -17.479416 16.469488 13.174546 -0.339156 -10.934328 5.491105 2.655197
38.013233 4.980131 5.458551 0.446445 32.532307 -4.903413 -5.510106 -9.823997 25.661930 -9.451864 38.936672 19.076775 10.293846 -11.346001 21.074631 7.163569 -10.131435 -17.539923 13.509116 -4.008630 36.252323 21.861277 16.079851 -17.454901 20.537436 13.150630 -1.903990 -9.427778 6.767762 2.230211
37.724041 6.082614 7.339308 2.970354 37.656399 -2.605809 -8.588365 -7.543240 26.398655 -5.835307 35.530853 22.483446 9.209557 -11.036894 24.599812 7.843362 -12.185952 -13.238746 16.864147 -2.172671 33.805286 24.906881 15.234853 -14.983166 24.367105 14.451693 -4.526301 -6.717793 9.479972 3.176600
38.908829 8.305326 6.786949 7.280476 42.350536 -0.430544 -11.114426 -4.489999 28.352180 -2.106291 34.252197 26.483339 6.576207 -10.213894 27.862373 8.789478 -14.359111 -8.824986 20.349287 -0.702498 33.198185 29.141645 12.235505 -11.325941 27.974276 16.228710 -8.199096 -4.065295 12.823254 4.924572
39.696430 11.760331 7.514888 10.210035 46.113644 1.740911 -13.675657 -2.037777 29.947445 -0.009912 33.679760 29.349794 4.733583 -9.151814 30.728018 9.312715 -17.472479 -4.955850 22.909458 0.950151 32.670467 32.326935 9.957267 -8.796485 29.645300 18.150255 -11.939023 -1.813466 15.674313 6.603645
41.603348 16.865507 9.771867 12.899114 49.844372 3.780538 -16.598379 0.742036 31.356562 2.172612 32.391457 32.017475 3.129731 -8.453603 32.847919 10.087197 -21.048828 -2.469722 24.410931 2.473654 32.127392 36.261211 7.402253 -7.084077 29.914385 20.482864 -15.142943 -0.097217 18.775757 8.717626
42.891495 20.975250 12.161880 14.474327 52.866169 5.545473 -19.716782 2.427974 32.245491 3.136529 31.122744 35.818779 2.736147 -8.605309 34.257793 11.730523 -24.431763 -0.913540 25.327127 3.002791 31.760971 40.012001 5.833383 -6.455688 29.682587 22.647449 -17.694166 0.570379 20.664619 10.030212
44.048691 23.269630 13.657940 15.952221 54.595974 6.514383 -21.702232 3.265861 33.251938 3.924681 30.706621 38.407192 2.379978 -8.691818 34.827469 12.658175 -26.182819 0.132423 26.214800 3.294328 31.520798 42.811653 5.024915 -6.028419 29.671738 24.172539 -19.276127 0.923505 21.927740 10.868268
44.170807 23.519726 13.796519 16.188547 54.780178 6.592593 -21.891848 3.230982 33.401554 3.946795 30.632231 38.682205 2.304249 -8.718467 34.903160 12.673271 -26.292305 0.225244 26.232162 3.246831 31.480494 43.045662 4.992201 -5.924412 29.746571 24.268860 -19.463619 0.851061 22.039001 10.900725
44.170807 23.519726 13.796519 16.188547 54.780178 6.592593 -21.891848 3.230982 33.401554 3.946795 30.632231 38.682205 2.304249 -8.718467 34.903160 12.673271 -26.292305 0.225244 26.232162 3.246831 31.480494 43.045662 4.992201 -5.924412 29.746571 24.268860 -19.463619 0.851061 22.039001 10.900725
44.170807 23.519726 13.796519 16.188547 54.780178 6.592593 -21.891848 3.230982 33.401554 3.946795 30.632231 38.682205 2.304249 -8.718467 34.903160 12.673271 -26.292305 0.225244 26.232162 3.246831 31.480494 43.045662 4.992201 -5.924412 29.746571 24.268860 -19.463619 0.851061 22.039001 10.900725
44.170807 23.519726 13.796519 16.188547 54.780178 6.592593 -21.891848 3.230982 33.401554 3.946795 30.632231 38.682205 2.304249 -8.718467 34.903160 12.673271 -26.292305 0.225244 26.232162 3.246831 31.480494 43.045662 4.992201 -5.924412 29.746571 24.268860 -19.463619 0.851061 22.039001 10.900725
44.170807 23.519726 13.796519 16.188547 54.780178 6.592593 -21.891848 3.230982 33.401554 3.946795 30.632231 38.682205 2.304249 -8.718467 34.903160 12.673271 -26.292305 0.225244 26.232162 3.246831 31.480494 43.045662 4.992201 -5.924412 29.746571 24.268860 -19.463619 0.851061 22.039001 10.900725
44.170807 23.519726 13.796519 16.188547 54.780178 6.592593 -21.891848 3.230982 33.401554 3.946795 30.632231 38.682205 2.304249 -8.718467 34.903160 12.673271 -26.292305 0.225244 26.232162 3.246831 31.480494 43.045662 4.992201 -5.924412 29.746571 24.268860 -19.463619 0.851061 22.039001 10.900725
44.170807 23.519726 13.796519 16.188547 54.780178 6.592593 -21.891848 3.230982 33.401554 3.946795 30.632231 38.682205 2.304249 -8.718467 34.903160 12.673271 -26.292305 0.225244 26.232162 3.246831 31.480494 43.045662 4.992201 -5.924412 29.746571 24.268860 -19.463619 0.851061 22.039001 10.900725
43.739273 21.855616 18.364290 17.023548 49.169098 12.702924 -17.911247 -3.173600 38.272980 7.646903 30.974058 39.936684 -0.261686 -12.162866 34.922112 9.499516 -27.767570 1.972018 22.603453 1.364416 30.506933 40.982349 10.004075 -2.108447 28.651833 29.461039 -13.674996 -2.116055 28.124393 14.431048
43.739273 21.855616 18.364290 17.023548 49.169098 12.702924 -17.911247 -3.173600 38.272980 7.646903 30.974058 39.936684 -0.261686 -12.162866 34.922112 9.499516 -27.767570 1.972018 22.603453 1.364416 30.506933 40.982349 10.004075 -2.108447 28.651833 29.461039 -13.674996 -2.116055 28.124393 14.431048
43.739273 21.855616 18.364290 17.023548 49.169098 12.702924 -17.911247 -3.173600 38.272980 7.646903 30.974058 39.936684 -0.261686 -12.162866 34.922112 9.499516 -27.767570 1.972018 22.603453 1.364416 30.506933 40.982349 10.004075 -2.108447 28.651833 29.461039 -13.674996 -2.116055 28.124393 14.431048
44.095291 22.112682 18.725840 17.005135 49.038383 13.138593 -18.430487 -3.277357 38.882133 7.730932 30.987200 39.586006 -0.360554 -11.601109 35.809921 9.087898 -28.265852 1.895615 22.044701 1.402843 30.669712 40.633846 9.689432 -1.568938 28.789000 29.956438 -13.255180 -2.381718 28.127146 14.296481
44.182224 22.264692 18.760693 17.007591 49.108860 13.201966 -18.582960 -3.213946 38.850105 7.708085 30.968754 39.580383 -0.380377 -11.739741 35.698849 9.061599 -28.290634 1.901092 22.031925 1.373692 30.658152 40.694759 9.731326 -1.682274 28.698683 29.984846 -13.330091 -2.331683 28.196150 14.336265
44.202343 22.273062 18.776180 17.011295 49.108456 13.201644 -18.596855 -3.228229 38.848072 7.711059 30.966543 39.573811 -0.385085 -11.747986 35.698223 9.055813 -28.293840 1.906374 22.020264 1.381266 30.659687 40.691452 9.742668 -1.675485 28.708000 29.977776 -13.329624 -2.331980 28.203209 14.339485
44.201279 22.269840 18.781725 17.013933 49.111355 13.200415 -18.597639 -3.224705 38.853477 7.713587 30.966345 39.572014 -0.384471 -11.746977 35.697205 9.057290 -28.294788 1.903470 22.017605 1.382557 30.659937 40.695080 9.742782 -1.679323 28.703167 29.980259 -13.328582 -2.331967 28.201344 14.340224
44.217930 22.296186 18.783352 17.024466 49.139385 13.201065 -18.620909 -3.201823 38.865585 7.707108 30.963741 39.551193 -0.384662 -11.743065 35.707481 9.043119 -28.316092 1.893552 21.988564 1.395263 30.655931 40.693428 9.732173 -1.690492 28.693062 29.973370 -13.320308 -2.335092 28.206850 14.334121
44.212933 22.287916 18.780468 17.022287 49.137535 13.204118 -18.607910 -3.196575 38.865585 7.706798 30.964853 39.576004 -0.388339 -11.745506 35.698212 9.054649 -28.305260 1.900142 22.015324 1.388750 30.657637 40.697876 9.737983 -1.692269 28.692213 29.979721 -13.325716 -2.335106 28.203049 14.336085
44.211250 22.284107 18.782042 17.024572 49.140652 13.205395 -18.603485 -3.191165 38.870453 7.707423 30.966309 39.575809 -0.386205 -11.743185 35.699669 9.054592 -28.303854 1.900312 22.018265 1.385991 30.658533 40.697598 9.738784 -1.691577 28.693184 29.979591 -13.324601 -2.334404 28.203707 14.335731
44.216061 22.283096 18.788458 17.029448 49.135326 13.198130 -18.608027 -3.207838 38.870197 7.713206 30.965889 39.571537 -0.384233 -11.741893 35.701786 9.056787 -28.310993 1.897987 22.010849 1.391526 30.656435 40.694771 9.736105 -1.685512 28.695805 29.970753 -13.318750 -2.336687 28.209866 14.335722
44.216030 22.283087 18.788336 17.029259 49.137203 13.197783 -18.608925 -3.205453 38.868908 7.714162 30.964949 39.565899 -0.385389 -11.740873 35.701920 9.053469 -28.313599 1.894063 22.004925 1.393042 30.657238 40.694431 9.736609 -1.686454 28.693460 29.970867 -13.315492 -2.338758 28.210903 14.335483
44.216244 22.284338 18.783588 17.026270 49.128933 13.196404 -18.607988 -3.213810 38.867443 7.711503 30.964844 39.573502 -0.388487 -11.745329 35.700584 9.054100 -28.307684 1.900071 22.013081 1.387677 30.657446 40.689598 9.742748 -1.680972 28.701481 29.967751 -13.317165 -2.339523 28.209526 14.336305
