-22.863037 -0.194521 9.699403 -33.284878 43.424778 -16.605961 4.296921 -15.188139 12.217781 -9.005570 -19.793917 11.053925 13.957160 -37.195869 46.204708 -5.025712 2.498708 -19.189411 -7.686828 -1.907380 -22.698648 3.511917 17.206825 -24.617880 47.343330 1.647885 21.103836 -21.152348 7.433303 -6.287560
-22.921669 0.414845 9.991863 -33.350628 43.585621 -16.919712 4.640809 -15.199878 12.128786 -8.607576 -19.819094 11.309674 13.874311 -37.277996 46.141457 -5.212508 2.827044 -19.086683 -7.810659 -1.494935 -22.786144 3.645021 16.906763 -24.654467 47.293530 1.301306 21.476353 -20.991581 7.466556 -5.922854
-23.083401 1.253925 9.790016 -33.457592 43.497665 -17.204805 4.990383 -15.213141 11.985287 -7.850383 -20.030836 11.736380 13.575702 -37.426823 46.024868 -5.537358 3.464086 -18.846691 -7.874158 -0.740711 -22.870771 3.743674 16.218746 -24.655794 47.121418 0.766461 22.082884 -20.880396 7.513486 -5.423131
-23.229702 2.464044 9.463116 -33.470642 43.083874 -17.645515 5.316866 -15.456094 11.714487 -6.997935 -20.308315 12.352859 13.409485 -37.646519 45.837173 -5.964804 4.331143 -18.609989 -8.032246 0.149967 -23.111418 4.108183 15.842415 -24.712137 47.141048 -0.079867 22.970770 -20.738985 7.496966 -4.790180
-23.237902 3.959255 9.313652 -33.467819 42.694073 -18.271973 5.804521 -15.597341 11.385166 -5.787416 -20.335009 12.972306 12.927067 -37.793499 45.326744 -6.472397 5.269027 -18.281799 -8.114176 1.196671 -23.506208 4.787747 15.146341 -24.643204 47.046249 -1.137743 23.951031 -20.489115 7.570170 -3.460056
-23.129839 5.811121 8.446201 -33.413086 41.830505 -18.760658 6.127714 -15.735770 11.081551 -4.365304 -20.449379 13.860474 11.963447 -38.003605 44.612038 -7.075690 6.514964 -17.709639 -8.079789 2.654133 -23.822237 5.261416 13.658714 -24.563414 46.477634 -2.272065 25.060804 -20.193964 7.946603 -2.090727
-22.918947 7.517102 7.849492 -33.412346 41.244083 -19.256027 6.452223 -15.664048 11.053409 -3.077627 -20.590616 14.708861 10.904442 -38.138309 43.804989 -7.666203 7.582321 -17.281820 -8.156471 4.138921 -23.980612 5.601152 12.252456 -24.474459 45.678036 -3.047252 25.769012 -19.870441 8.458064 -0.897972
-22.891199 9.215239 7.150763 -33.399734 40.794315 -19.765142 7.116573 -15.388856 10.969948 -1.455741 -20.675335 15.719375 9.839253 -38.234100 43.027912 -8.232240 8.538463 -16.880400 -8.232572 5.527641 -24.429304 6.138836 10.956110 -24.293848 45.246632 -4.121282 26.596962 -19.522461 8.998128 0.445478
-22.712345 10.628434 6.319140 -33.326279 40.349251 -20.108269 7.689899 -14.847113 11.040942 0.157925 -20.760073 16.704653 8.620266 -38.211178 42.272766 -8.827889 9.471800 -16.360453 -8.216930 6.952690 -24.503960 6.586573 9.508055 -23.712946 44.911083 -5.120173 27.302734 -18.938465 9.392766 1.719669
-22.402082 11.734196 5.928825 -33.255749 40.078964 -20.455078 8.234518 -14.305863 11.193139 1.380736 -20.514677 17.591017 7.696476 -38.219467 41.645798 -9.409095 10.133163 -15.800659 -7.985047 8.221812 -24.545303 7.174509 8.364148 -23.262470 44.752983 -5.931768 27.956858 -18.210476 9.840423 2.881780
-21.756519 12.779651 5.080014 -32.879261 39.390022 -20.583395 8.378267 -13.771913 11.279796 2.641964 -20.389297 18.393215 6.688783 -38.292953 41.035587 -9.725720 10.779758 -15.213368 -7.962541 9.572185 -24.295275 7.667214 6.946028 -22.830036 44.128986 -6.346555 28.329004 -17.601797 10.365184 3.937068
-21.345345 14.099160 4.210083 -32.578598 38.862625 -20.717134 8.497775 -13.248678 11.513430 3.971811 -20.130812 19.221876 5.823085 -38.314148 40.351646 -10.083799 11.376143 -14.805327 -8.031728 10.874206 -23.485582 8.283364 5.971032 -22.309856 43.604473 -6.715102 28.611923 -17.113697 10.580250 5.165450
-20.930782 14.818121 3.221437 -32.328274 38.605911 -20.619513 8.963785 -12.483628 11.606982 5.281229 -19.492014 19.745657 4.419831 -38.190651 39.386322 -10.226518 11.707644 -14.307100 -7.843719 11.936614 -22.617954 8.585996 4.767614 -21.776026 43.033340 -6.987400 28.832788 -16.615314 10.920920 6.102771
-20.557417 15.747254 2.525165 -32.101994 38.521587 -20.541113 9.404777 -11.725813 11.564161 6.729792 -19.018961 20.251883 3.534785 -38.135391 38.765057 -10.458961 12.161402 -13.803220 -7.812016 13.081058 -21.865217 8.979449 3.665251 -21.133524 42.525913 -7.376768 29.010492 -16.142052 11.420102 7.060118
-19.750574 16.273310 2.083544 -31.850710 38.175934 -20.675608 9.631796 -11.261093 11.517175 7.460292 -18.147923 20.547735 2.441607 -37.883850 37.937542 -10.815388 12.645016 -13.488294 -7.786390 13.970433 -21.035908 9.322921 2.816070 -20.719437 41.944683 -7.698680 29.235611 -15.708759 11.686726 8.020308
-18.863319 16.669083 1.590008 -31.588472 37.733429 -20.843075 9.821122 -10.837727 11.435464 8.274916 -17.382475 20.620131 1.511804 -37.655834 37.306229 -11.065932 13.085893 -13.194440 -7.737282 14.607581 -20.055805 9.405219 1.935642 -20.333920 41.214916 -7.704649 29.272501 -15.426175 11.902648 8.630643
-18.146027 17.023087 1.222803 -31.383108 37.384693 -20.944981 9.894745 -10.417624 11.452648 9.016562 -16.852045 20.672724 0.619695 -37.400681 36.849003 -11.341671 13.510232 -12.782971 -7.614997 15.284189 -19.531767 9.458180 1.189855 -20.125065 40.731621 -7.838956 29.443752 -15.181669 12.141160 9.124618
-17.560537 17.079567 0.670902 -31.194834 37.019943 -20.937450 10.009796 -10.098376 11.461314 9.383088 -16.583698 20.678370 -0.060393 -37.290356 36.549595 -11.526457 13.863434 -12.426032 -7.474069 15.740597 -19.299353 9.388217 0.393082 -20.048786 40.218918 -7.900655 29.588877 -15.007572 12.380549 9.424626
-17.149897 17.050758 0.360199 -31.037836 36.795776 -20.900333 9.996265 -9.895902 11.448286 9.608893 -16.341732 20.640486 -0.546534 -37.167625 36.342552 -11.647198 14.069241 -12.198123 -7.392880 16.012468 -19.150669 9.385979 -0.082278 -19.948578 39.939327 -7.983523 29.661842 -14.904111 12.554145 9.668420
-17.064928 17.096634 0.212818 -31.017513 36.691776 -20.901142 9.992311 -9.854749 11.472631 9.694449 -16.264421 20.647827 -0.682095 -37.138451 36.266918 -11.694325 14.162194 -12.171509 -7.393478 16.087164 -19.094788 9.379606 -0.163434 -19.942413 39.862206 -7.998331 29.675644 -14.893411 12.586574 9.697753
-17.130936 17.408587 -0.449519 -30.984108 36.360657 -21.166628 10.420151 -9.772749 11.665844 10.061161 -16.241770 20.604248 -1.316696 -37.289196 35.663544 -12.074675 14.842813 -12.258894 -7.323715 16.215281 -19.132315 9.499695 -0.588957 -20.182318 39.326298 -8.277389 29.929401 -15.165433 12.650243 10.021058
-17.424829 17.729736 -2.854848 -30.904400 35.239407 -21.507624 11.239777 -9.632277 12.221645 10.745792 -16.062399 20.119904 -3.162009 -37.573193 34.040264 -13.080440 16.668533 -12.478185 -7.063151 16.362135 -19.118198 9.231564 -2.380091 -20.885849 37.317394 -8.533230 30.284557 -15.799584 12.837504 10.901899
-17.610723 18.059668 -6.266230 -30.599360 33.668968 -22.033066 12.343565 -9.342244 13.120792 11.942105 -15.743694 19.593201 -6.392638 -37.753284 31.766779 -14.817046 19.225147 -13.001744 -6.330081 16.580109 -18.776741 8.758428 -4.644680 -22.090841 34.049149 -9.245976 31.161469 -17.220812 12.524232 12.547170
-18.701178 18.009504 -11.632758 -30.472677 31.203815 -22.525648 13.396595 -9.385657 14.487145 13.100740 -15.179960 19.318487 -10.970137 -37.993786 28.371017 -16.332155 21.333971 -14.916904 -5.396004 15.719398 -18.159716 7.794514 -7.854880 -22.996937 30.335381 -9.848787 31.881374 -19.466469 12.343652 14.026776
-20.507597 16.882534 -18.825706 -30.092474 28.621162 -21.612215 13.031785 -9.018935 16.488344 13.732726 -15.426174 18.652718 -17.010654 -37.872723 25.257862 -16.793594 21.842016 -17.131290 -3.592960 13.675960 -19.140631 5.894861 -12.784059 -23.974043 26.353809 -8.421288 31.049444 -22.068699 12.622932 14.946321
-20.999777 14.133554 -26.710533 -28.793213 26.386814 -19.084854 10.514782 -8.014803 18.274405 13.882463 -14.627629 17.573778 -23.918533 -37.118057 22.433947 -15.915876 20.646957 -18.973528 -1.220528 10.326043 -18.514721 2.545557 -18.172068 -24.337904 21.807648 -4.903375 28.289600 -24.299776 12.971248 15.214610
-20.020506 10.828365 -33.761024 -27.279936 23.841248 -14.981761 5.308517 -8.637427 18.353186 12.924188 -12.863697 14.574248 -30.796133 -34.015999 21.483660 -14.687827 17.003687 -19.735838 2.425091 7.471740 -17.743496 -1.149679 -25.281744 -23.172985 17.452482 0.021706 23.402496 -25.502544 15.383164 14.392688
-17.254364 7.096616 -39.031227 -23.118282 23.151527 -10.586884 -1.719202 -11.100872 17.327745 12.143377 -9.825704 12.265266 -36.641327 -31.733219 20.153957 -13.488379 12.841484 -18.320499 7.804212 5.332685 -17.200718 -1.527653 -29.399109 -22.249115 14.952649 4.328830 17.645140 -25.882830 19.730198 13.255991
-13.396922 2.949458 -41.758820 -16.751862 25.510109 -5.649031 -8.568939 -13.859317 15.511304 11.212392 -6.443294 9.148404 -42.724392 -29.107998 19.617897 -10.271000 5.833355 -16.103836 14.143096 1.703928 -14.308151 -2.843682 -31.914244 -19.115040 14.900702 10.028237 10.500863 -25.623764 23.910213 9.834979
-7.353392 0.236738 -43.334305 -11.632373 27.249346 0.115527 -15.883218 -15.656713 13.774228 8.384273 -2.553431 3.108745 -46.082596 -25.195742 20.901295 -7.574915 0.883183 -13.519526 17.140953 -2.075134 -8.528994 -5.147556 -33.014145 -14.472660 15.351107 14.747624 3.607838 -26.096575 26.933594 5.175989
-0.062633 -2.359527 -42.788132 -8.475246 28.709492 5.101551 -19.919128 -15.561572 10.222497 4.806999 1.796139 -4.813261 -47.492615 -21.307072 23.890079 -5.369017 -0.189100 -11.943650 16.756344 -7.486077 -0.979920 -7.042330 -32.122070 -9.014770 17.807695 17.209478 0.232416 -26.285902 27.562384 -0.928581
6.831717 -5.503024 -41.965923 -7.543180 29.505991 9.008750 -21.019329 -14.473959 7.662804 -2.140338 7.169273 -12.920073 -46.570461 -17.219707 27.878920 -3.021099 -0.565066 -10.004786 14.079799 -12.504487 6.825310 -12.024228 -28.766003 -3.836154 22.159927 18.600380 -1.283565 -25.412970 25.428680 -8.560816
11.832121 -10.122170 -39.240692 -7.700557 30.646942 11.114227 -18.801723 -10.595086 8.423149 -9.250916 11.243066 -18.365585 -42.773720 -15.877952 30.554634 -0.058377 -1.868711 -7.460515 11.479517 -16.009171 10.171907 -18.061178 -25.554604 -0.744719 26.907064 19.594242 -1.569952 -21.011732 24.335070 -14.544146
14.004754 -14.179705 -37.187275 -8.918563 30.315905 10.892037 -15.392918 -6.815293 9.843359 -14.137990 14.958087 -22.969580 -38.579285 -17.158918 31.649683 4.069010 -2.667300 -4.237637 8.855611 -18.984531 11.967330 -24.374506 -22.376623 0.483391 30.837881 19.508894 -0.416532 -15.666177 24.474075 -19.226910
14.768124 -18.545137 -35.660011 -11.366394 28.590412 10.354341 -12.485029 -3.940881 10.250240 -17.395475 18.761662 -26.532471 -33.073166 -18.373581 32.150089 7.455994 -3.692964 -1.481846 5.604116 -20.213783 13.699068 -27.399843 -19.460663 0.220418 32.879524 19.472927 0.791116 -11.594669 24.384811 -21.109333
14.040319 -23.426353 -34.164310 -13.766887 27.234005 9.940008 -9.369789 -2.959451 9.427055 -19.066359 20.932329 -28.440262 -28.720335 -19.566456 32.058582 9.394345 -3.833567 -0.532277 2.861629 -21.129606 16.202007 -28.462248 -16.100126 -0.964690 33.629974 19.377895 2.107478 -7.570006 23.966248 -21.948532
13.504858 -26.828312 -32.452538 -16.108986 25.661339 8.348161 -6.238969 -2.082099 8.146074 -19.979189 21.497389 -29.821423 -25.214420 -21.323267 32.090366 10.517538 -2.479086 1.937392 1.133915 -21.002161 18.055548 -29.979900 -13.131355 -1.935617 34.640892 19.226063 3.773889 -3.360205 23.370522 -22.947319
13.420238 -28.672729 -30.906254 -17.894352 24.632694 7.516683 -4.066854 -0.971539 7.778828 -20.651426 22.054501 -31.345324 -21.720942 -22.576895 31.948212 11.131124 -1.537088 3.681551 -0.389517 -20.701605 17.741848 -31.170860 -11.422674 -2.835107 35.325642 18.186647 5.393797 -0.540006 22.862434 -22.447300
13.354604 -29.563581 -30.086292 -19.073935 23.775183 7.214513 -3.287713 -0.634236 7.162785 -20.787329 22.405922 -32.661999 -20.302858 -22.775959 31.908653 11.351973 -1.252358 4.648706 -1.265661 -20.123974 18.021311 -31.814011 -10.420629 -3.460823 35.048004 18.128510 5.710716 0.463264 22.002983 -21.891262
13.421739 -29.855543 -30.078728 -19.375919 23.435118 7.201228 -3.090155 -0.568104 7.077910 -21.074129 22.470766 -32.960587 -20.072670 -22.846107 31.743612 11.452056 -1.275176 4.865090 -1.575907 -19.762341 17.915113 -31.857327 -10.045950 -3.698095 34.950386 17.948107 5.890887 0.720491 21.773746 -21.437027
13.445401 -29.894945 -29.954008 -19.375059 23.526047 7.224131 -3.067961 -0.539292 7.038357 -21.132603 22.459089 -32.897522 -20.017357 -22.880978 31.804815 11.523073 -1.321859 4.827688 -1.640840 -19.840723 17.899019 -31.837233 -9.985128 -3.790720 34.891163 18.015825 5.908318 0.629842 21.647871 -21.460823
13.309923 -29.940754 -29.791388 -19.483200 23.612608 7.450037 -3.031898 -0.399150 6.942636 -21.022211 22.289375 -32.768730 -20.059843 -23.012619 31.863813 11.706246 -1.451556 4.809743 -1.703731 -19.847902 17.712915 -31.904144 -10.138569 -4.038899 34.695118 18.428108 5.868059 0.692316 21.549213 -21.505995
13.061247 -29.814281 -29.527271 -19.639763 23.761147 7.723881 -3.061422 -0.334835 6.815979 -20.919928 21.912760 -32.448460 -20.219444 -23.121981 31.997896 11.908562 -1.652145 4.777846 -1.766790 -19.756348 17.608624 -31.722433 -10.112925 -4.439815 34.322319 18.950253 5.785097 0.479450 21.302334 -21.565161
12.802731 -29.902052 -29.230669 -19.909410 23.910545 8.111725 -3.016852 -0.202366 6.499691 -20.818306 21.306967 -32.094334 -20.483797 -23.294941 32.068020 12.143909 -1.893406 4.819583 -1.911672 -19.374714 17.074984 -31.560661 -10.196508 -4.958788 33.966908 19.664135 5.726140 0.695117 21.009533 -21.277779
12.349052 -29.734491 -28.786650 -20.279045 24.191799 8.635689 -2.956894 -0.029505 6.054024 -20.424828 20.586853 -31.589386 -20.893185 -23.493845 32.229385 12.629844 -2.368527 4.846597 -2.101754 -18.929224 16.435310 -31.375460 -10.255116 -5.488112 33.764194 20.476208 5.672675 0.990525 20.739048 -21.041315
12.052033 -29.861450 -28.715536 -20.523315 24.380016 8.951576 -2.580314 0.083602 5.668095 -20.156790 20.171316 -31.019737 -21.387117 -23.661276 32.168346 13.019807 -2.635838 4.835330 -2.409912 -18.405348 16.196024 -31.249603 -10.455681 -6.175229 32.961208 21.409910 5.537060 0.741631 20.114641 -20.575434
11.831066 -29.966183 -28.612465 -20.572153 24.714283 9.301017 -2.539510 0.141217 5.208320 -19.470291 19.924280 -30.304918 -22.090330 -24.002226 31.966656 13.738807 -3.031184 5.084338 -2.738986 -17.800142 16.199917 -31.398174 -11.010106 -6.824726 32.004566 22.379002 5.386238 0.359233 19.605774 -20.285648
11.672117 -29.689610 -28.452291 -20.529224 25.081930 9.698825 -2.583075 0.460094 4.931809 -18.362879 19.805630 -29.787539 -23.129047 -24.040237 31.739605 14.336716 -3.560602 5.419950 -2.964271 -16.885946 15.683194 -31.389267 -11.398203 -7.745396 31.029552 23.365253 5.239029 0.041481 18.804062 -19.447298
11.355217 -29.411711 -28.231483 -20.403515 25.540764 10.332297 -2.581913 0.879749 4.369075 -16.983429 19.608959 -29.263138 -24.446230 -23.960917 31.705914 15.070155 -4.161260 5.807934 -3.090543 -16.098843 14.512531 -31.203987 -12.046237 -8.883203 29.926077 24.664143 5.026654 0.024480 18.037172 -18.078688
11.135398 -28.931959 -28.167471 -20.285513 26.021643 11.006993 -2.440671 1.135030 3.551954 -15.800800 19.040520 -28.578947 -25.953646 -23.991737 31.594851 15.932898 -4.824852 6.016335 -3.258345 -15.097446 13.248139 -31.051180 -12.932261 -9.632036 29.049526 25.852413 4.731009 -0.196694 17.470032 -16.478764
11.221811 -28.295931 -28.181774 -20.119198 26.274597 11.682889 -2.293562 1.617366 2.676687 -14.052517 18.444237 -27.827984 -27.112179 -24.181622 31.314684 16.606243 -5.220358 6.308232 -3.622449 -13.725985 12.223671 -31.075876 -13.659146 -10.558985 28.077606 26.802723 4.829792 -0.334230 16.530079 -14.837747
11.338059 -28.261255 -27.628355 -19.987488 26.904270 12.372513 -2.306560 2.197262 1.831605 -12.940278 17.973045 -27.300356 -28.165010 -24.068844 31.169497 17.193806 -5.902675 6.703437 -3.884699 -12.219550 11.117082 -31.382494 -14.187922 -11.449432 27.332960 27.597095 5.047369 -0.019733 15.618834 -13.155637
10.899240 -27.809729 -27.410114 -19.992908 27.452045 12.826015 -2.424042 2.637667 1.086398 -11.460574 17.256018 -26.788229 -29.286659 -23.958961 30.993935 17.563814 -6.384733 6.886543 -4.084537 -10.621747 9.987387 -31.321661 -14.607730 -12.213906 26.791447 28.406342 5.237031 0.292240 14.782817 -11.628294
10.869713 -26.967300 -27.392710 -20.215185 27.783785 13.575006 -2.555717 3.218746 0.223960 -10.145537 16.733498 -25.980103 -29.633467 -23.868378 31.047438 17.774097 -6.581995 7.184633 -4.227844 -9.158251 9.578374 -31.122425 -14.866231 -12.739051 26.392551 29.158022 5.406365 0.730829 14.242267 -10.502851
10.654803 -26.751732 -27.316595 -20.116974 28.330366 14.093506 -2.466063 3.782408 -0.293598 -9.051993 16.421053 -25.396595 -30.104061 -23.630222 31.153885 17.957502 -6.842489 7.574394 -4.319562 -7.798908 9.081013 -30.814939 -15.166949 -13.123590 26.112064 29.883938 5.475562 1.403049 13.696622 -9.104412
10.118515 -26.675331 -26.934673 -20.138914 28.937933 14.347708 -2.429741 4.169213 -0.746205 -8.066306 15.868796 -25.145657 -30.454620 -23.617764 31.136408 18.163513 -7.052332 7.791077 -4.577299 -6.704259 8.408265 -30.406975 -15.421821 -13.379012 26.059647 30.441263 5.466229 1.766699 13.366043 -8.222477
9.820495 -26.398788 -27.027874 -20.230947 29.097576 14.625902 -2.453609 4.461070 -1.135305 -6.996655 15.540230 -24.644987 -30.836592 -23.872173 30.676418 18.156620 -6.847034 7.858077 -4.881221 -5.676886 7.896637 -29.996330 -15.612351 -13.677848 25.830343 30.764280 5.628611 1.857855 13.013440 -7.459988
9.822266 -26.049032 -26.997551 -20.199802 29.255600 14.725172 -2.377619 4.591772 -1.548407 -6.319409 15.550878 -24.284552 -30.900757 -23.848843 30.435514 17.976271 -6.640554 7.633845 -5.156485 -5.164896 7.785082 -29.550816 -15.509581 -13.919397 25.621674 30.839987 5.900381 1.801303 12.625551 -6.965356
9.749949 -25.775654 -27.161922 -20.297182 29.052299 14.705775 -2.274678 4.523384 -1.889083 -5.879762 15.469168 -24.054525 -31.053665 -23.807125 30.307375 17.793156 -6.543066 7.484746 -5.222919 -4.875609 7.715756 -29.205191 -15.520494 -14.033996 25.432255 30.830271 6.029359 1.543212 12.382308 -6.727228
9.758448 -25.695236 -27.209066 -20.255281 29.079241 14.693303 -2.231995 4.614019 -1.907107 -5.720360 15.453079 -23.928371 -31.181091 -23.798733 30.226284 17.722628 -6.504525 7.480633 -5.212966 -4.698941 7.612348 -29.106752 -15.598416 -14.042228 25.431362 30.811028 6.074070 1.535226 12.351944 -6.608818
9.776546 -25.699810 -27.214573 -20.280340 29.059692 14.705033 -2.194549 4.768684 -1.808411 -5.724150 15.508443 -23.883303 -31.170338 -23.802124 30.199003 17.740082 -6.541568 7.581555 -5.135878 -4.678800 7.688614 -29.171738 -15.546647 -14.131469 25.309864 30.849552 6.116140 1.589097 12.355420 -6.649282
9.931511 -25.664518 -27.115122 -20.266647 29.112654 14.629211 -2.108027 5.248693 -1.425073 -5.671156 15.800242 -23.801908 -31.200588 -23.872477 30.074957 17.813248 -6.520434 8.025163 -4.921713 -4.615880 7.980743 -29.344662 -15.435483 -14.154134 25.188271 30.826485 6.242253 2.002368 12.508962 -6.673645
10.424678 -25.510305 -27.066181 -20.307703 29.004560 14.641447 -2.064500 5.936258 -0.857791 -5.836541 16.271843 -23.762285 -31.084795 -23.932465 30.158669 18.058107 -6.672421 8.832587 -4.488322 -4.760379 8.372979 -29.610456 -15.454698 -14.205225 24.965446 30.754318 6.478346 2.557382 12.792666 -6.826200
11.126081 -25.381552 -27.161180 -20.328991 28.708252 14.370090 -1.784057 6.934517 0.177882 -6.142461 17.095892 -23.558249 -30.918438 -24.070963 30.036661 18.221659 -6.698986 9.788822 -3.961701 -4.843072 8.969837 -30.044054 -15.359494 -14.491158 24.534634 30.513676 7.036880 3.290092 13.021795 -7.020932
11.988662 -25.060894 -27.400526 -20.342024 28.264223 14.161880 -1.438710 7.954532 1.040994 -6.223931 17.788994 -23.394621 -31.039558 -24.069000 29.838995 17.953825 -6.545831 10.749146 -3.138326 -4.861485 9.364374 -30.280342 -15.383576 -14.850522 23.928705 30.385963 7.338202 3.970723 13.355451 -6.963242
12.950363 -25.037781 -27.578979 -20.397552 27.527636 13.717018 -0.591548 8.950707 1.620579 -5.982527 18.973940 -23.416178 -30.703068 -24.226757 29.262672 17.633394 -6.199800 11.766250 -2.703510 -4.913843 9.780627 -30.536493 -15.318178 -15.218908 23.232054 30.319262 7.608756 4.718375 13.694196 -6.902608
13.835467 -24.526102 -27.701633 -20.857918 26.674320 14.049427 -0.584758 10.201076 2.080692 -5.529522 19.978464 -23.424534 -30.576097 -24.283106 28.958031 17.157431 -5.726852 13.141191 -1.956455 -4.809702 10.094284 -30.257574 -15.328652 -15.474817 22.764578 30.396540 7.821265 5.968587 14.496922 -6.707209
15.209763 -23.593182 -27.776731 -21.716862 25.370754 14.450531 -0.543319 11.431154 2.314481 -5.305666 20.712931 -23.312910 -30.876547 -24.240332 28.600464 16.711105 -5.015389 15.069118 -1.092840 -4.219945 11.218922 -29.716238 -15.163017 -15.462550 22.119591 30.482891 8.333731 7.959030 15.074040 -5.999153
16.154526 -23.437347 -28.410339 -22.271227 23.862501 14.282724 0.360423 12.387563 2.571621 -5.186515 21.497646 -23.018637 -31.652933 -24.370895 27.571701 16.394064 -3.897914 16.863640 -0.263909 -3.771980 11.997556 -29.649023 -15.777511 -15.388300 21.132460 30.193411 9.240732 9.911252 15.868926 -5.043639
17.515474 -23.459850 -29.065439 -22.777382 22.304367 13.899721 1.357790 13.593643 2.565606 -4.710163 22.799519 -23.358555 -31.584860 -24.296432 26.508001 15.641457 -2.637391 18.498800 0.342002 -3.283664 13.680431 -29.050468 -15.759489 -15.223515 20.068146 30.298212 9.915553 12.016454 16.238979 -3.738612
18.194344 -23.763390 -29.490223 -23.143393 21.204765 13.708634 2.554166 15.847942 2.996488 -3.493807 23.692196 -24.322063 -31.095987 -24.292364 26.045967 15.244587 -1.439328 20.619589 0.762354 -2.645541 14.549575 -29.135450 -15.628478 -14.389843 20.254154 29.658142 10.013705 14.100781 16.948841 -2.246684
20.221434 -23.633844 -28.905588 -22.949419 20.750063 14.189236 2.758331 18.754942 3.164526 -1.740743 24.907385 -25.959389 -30.530251 -24.012903 25.797277 14.805400 -0.136897 22.540916 0.481351 -1.222508 16.358521 -28.885336 -15.225707 -13.303419 20.259264 29.674517 9.588910 16.239721 17.293407 -0.168557
21.870344 -24.400421 -26.978338 -23.090155 21.187862 15.064669 3.899584 22.803789 3.524768 0.267559 27.127087 -27.299408 -30.381403 -23.959612 24.853264 14.354404 1.031898 24.851973 0.673230 0.204183 18.012808 -29.523512 -14.979465 -11.920051 20.980658 28.930250 9.720582 19.004255 17.685917 1.829639
24.120605 -25.453226 -24.190275 -22.938208 21.926859 16.125597 4.425093 26.039928 3.207361 1.557694 29.403358 -29.215416 -28.238930 -23.361206 25.232317 13.946789 1.114267 26.645773 -0.105908 1.231791 20.315586 -30.098881 -13.900764 -9.924105 22.461920 28.861385 8.929313 21.581387 17.045971 3.522380
24.006296 -30.693644 -19.167095 -25.007629 18.861115 12.597102 2.602504 30.466208 8.725534 8.047188 32.528809 -26.026026 -28.787207 -20.111040 28.104448 14.342154 4.632770 29.046976 -0.331486 0.207646 20.262371 -28.977755 -17.581656 -7.981381 22.760647 27.349421 12.410645 23.606785 14.369671 6.812818
26.186327 -32.103706 -15.291770 -23.431105 20.357431 11.494319 3.297817 31.094070 7.819725 9.606711 35.162460 -26.357006 -25.282024 -20.115269 27.566170 15.221470 3.205751 29.387636 -3.116727 1.699411 23.305241 -29.477472 -14.586157 -5.744011 25.315544 25.922148 11.904889 25.474075 13.317742 7.934621
29.081587 -32.826450 -11.531406 -22.209660 21.671251 10.523689 4.165278 31.733397 6.744437 10.340667 38.039402 -26.686615 -21.426044 -19.448406 27.860723 16.363981 0.924239 30.026234 -5.586089 3.223319 26.306005 -29.965353 -11.659747 -3.241387 28.397846 24.412052 11.605947 27.279493 12.200622 8.387712
32.155003 -33.697773 -8.437363 -21.024971 21.892771 8.040448 6.173243 30.725777 5.608398 9.721850 41.095722 -26.160374 -17.084152 -19.505999 27.910877 17.139704 -0.198284 30.319983 -8.522120 4.771926 29.479729 -29.612991 -8.888442 -1.713752 29.915146 22.684900 11.742592 27.899481 10.244403 9.232904
34.105152 -33.719658 -4.919975 -20.162270 22.570742 5.221354 8.201424 29.799221 5.440631 8.917485 42.702244 -25.125490 -12.978221 -19.278629 27.896637 17.102337 -0.890529 29.804045 -10.564302 6.614726 32.240883 -28.114864 -5.765327 -0.535280 30.989147 20.880543 12.237387 27.913113 8.771850 9.957187
34.539391 -33.782524 -2.193946 -19.364504 24.183891 2.699593 10.300351 28.773258 3.265687 10.244804 42.147083 -23.807178 -9.282732 -19.902124 28.112049 17.071810 0.031405 28.018705 -15.260409 9.942774 33.324993 -27.026325 -4.046359 1.415619 33.481792 17.991901 14.425340 27.520247 7.742278 10.214130
36.078545 -32.558472 0.748715 -18.128332 24.919331 -0.114781 12.419005 27.347240 2.794901 10.478571 43.454891 -21.321844 -5.878707 -19.827652 27.401178 15.497490 1.466404 27.149649 -16.617352 12.596947 35.173916 -24.377390 -2.055640 2.304271 34.615585 14.304010 16.540659 27.194427 7.185208 10.715880
36.150246 -29.753902 3.361315 -17.710791 25.593700 -3.367686 13.828823 26.195705 2.122944 12.253388 43.281616 -19.200218 -2.529353 -19.276291 27.486803 12.740430 3.261901 25.853302 -17.495281 15.601434 36.119068 -20.946554 -1.080811 2.285468 35.674549 10.467536 17.823793 27.170111 6.461813 10.967970
36.333248 -26.781248 5.623078 -17.760290 25.554256 -6.673955 15.423534 24.552582 0.770207 13.597262 42.999100 -17.288521 0.192705 -18.584965 27.243036 9.782446 4.764498 23.731375 -17.935429 18.239271 36.803478 -16.962612 -0.523210 1.145367 36.168854 6.774301 18.950670 27.004477 5.293304 11.520208
36.541759 -23.442909 6.277994 -17.632820 24.985245 -9.130512 16.929266 23.792204 0.631932 15.544384 43.314926 -15.694147 2.567532 -17.998510 26.604599 7.484579 7.155672 22.630167 -18.050194 20.750458 37.171677 -12.919323 -0.670016 -1.090631 35.114223 3.439862 19.794518 26.649488 3.612553 12.268006
36.649281 -20.138351 6.993045 -17.142242 24.615402 -12.040401 18.767675 22.355110 0.647684 16.914972 42.833942 -13.097655 4.530375 -17.801838 26.083736 4.560525 10.134959 21.746157 -17.601748 23.151484 37.292728 -8.438862 -0.782591 -3.057901 33.927860 1.029905 20.066179 26.433393 2.114225 14.087003
36.533077 -17.627916 8.207109 -16.743666 24.287165 -15.295534 20.824581 20.699795 0.088784 18.675570 43.237282 -10.394266 6.035571 -18.309313 25.148438 1.571175 13.151769 20.839621 -17.991236 24.980219 38.191574 -5.041155 1.304360 -4.660980 32.304031 -0.665212 21.212788 24.754457 -0.586185 16.930000
36.404831 -15.268199 8.814789 -16.737993 23.223982 -18.722980 23.002991 17.964359 -0.672325 19.865580 43.110119 -8.068967 7.517211 -18.692699 24.194118 -1.678588 15.682941 18.911737 -18.604050 26.645559 38.548786 -2.830724 3.185767 -6.162189 31.361818 -2.672660 21.897108 23.019146 -3.264789 18.903336
35.165112 -12.644355 9.064686 -16.840769 22.374453 -21.865389 24.958139 15.115297 -1.192215 21.571243 41.934711 -5.170736 8.444448 -19.277222 23.144356 -4.837539 17.517311 16.416180 -18.964359 28.442545 37.394173 -1.190272 3.765055 -8.262851 29.252983 -5.298547 22.621078 19.613380 -6.170820 22.170919
34.265724 -10.011528 8.451777 -17.079552 21.058826 -24.648540 25.992168 11.956283 -1.574083 22.823362 41.600517 -2.583233 8.924590 -19.135481 21.902235 -7.871007 19.171270 13.331609 -19.115879 29.064253 36.312855 0.386825 4.454335 -10.493748 27.036369 -8.042699 24.019020 15.566176 -8.453616 23.952478
33.449463 -6.513617 7.041956 -17.544455 19.381495 -27.065147 26.099649 8.794425 -1.995474 24.180628 41.277214 0.976279 9.059922 -18.951878 20.654455 -11.327695 20.076239 10.184594 -18.887833 29.857031 35.030857 2.780781 4.863018 -13.056655 23.695253 -10.960119 26.058699 10.797283 -9.865104 26.119936
33.036346 -3.539437 5.927448 -17.853119 17.862528 -29.284718 26.341097 6.307268 -2.803334 25.771639 40.837898 3.675595 9.964766 -18.874548 20.243933 -13.977556 21.094707 7.798439 -18.973316 30.533936 34.020542 5.635100 5.330251 -14.804652 21.795481 -13.172073 27.832193 7.658927 -10.471284 27.979752
31.958893 -0.294520 4.051428 -18.319860 16.232180 -31.140732 26.683983 4.034831 -2.891679 27.103148 40.031826 5.913891 10.092978 -18.627623 20.010862 -16.665174 22.335220 5.792368 -18.606363 31.264448 34.020321 7.990942 5.219703 -14.685150 20.669153 -14.391320 28.716120 4.692927 -9.658429 29.171352
31.038519 2.074184 2.250925 -18.583094 15.004354 -32.985390 27.013384 2.065468 -2.920856 27.683506 39.195126 7.864701 10.091962 -19.128946 19.500168 -19.023451 23.895069 4.289449 -18.271566 31.451727 33.671803 9.635222 5.453226 -14.500259 19.991896 -15.418987 29.709097 2.069441 -8.765128 30.074890
30.678839 3.934138 0.741361 -18.484505 13.826634 -34.839123 27.048494 -0.141662 -2.905979 28.010031 38.534698 9.524726 9.873944 -19.593519 18.803282 -21.015978 25.609335 2.869332 -17.949909 31.697302 33.537243 11.046010 5.750072 -14.277767 19.023561 -16.025078 31.013174 -0.371406 -7.736464 30.800373
30.194777 5.697029 -0.888374 -18.358294 12.929670 -36.276112 27.083792 -1.724689 -2.479323 28.484348 37.846329 10.614188 9.888419 -19.735231 18.599016 -22.953861 26.986086 1.765219 -17.658117 32.038265 32.843346 11.813366 5.224831 -13.750975 18.676308 -17.249790 31.947529 -2.328590 -6.877275 31.743443
29.814444 7.092626 -2.199301 -18.201313 12.232537 -37.507694 26.972713 -3.115835 -2.127137 28.682253 37.080181 11.455666 9.945951 -19.788572 18.461081 -24.768929 28.054268 0.739811 -17.280861 32.234310 32.059814 12.521027 5.059977 -13.277683 18.590759 -18.369577 32.329937 -4.096127 -6.004715 32.389923
29.168613 8.315220 -3.230626 -18.373655 11.552620 -38.380848 26.880024 -4.472161 -1.900917 28.630211 36.623066 12.407363 10.093061 -20.025385 18.180786 -26.049475 29.018488 -0.458694 -17.127228 31.951578 31.504873 12.642554 5.044690 -13.104066 18.574350 -19.472553 33.071289 -5.526568 -5.521967 32.433414
28.724655 9.227505 -3.803090 -18.345304 11.277536 -38.905964 26.969656 -5.106658 -1.574251 28.745281 36.105286 13.213934 10.173176 -20.321171 17.945246 -26.968801 29.776909 -1.131219 -16.965376 31.891918 30.839409 12.751445 4.824812 -12.938355 18.604937 -20.298498 33.497684 -6.412096 -5.136326 32.634464
28.471786 9.628472 -4.279512 -18.318029 11.069370 -39.155689 26.999086 -5.473700 -1.334922 28.677877 35.920147 13.436514 10.100076 -20.393211 17.862194 -27.509171 30.309401 -1.453167 -16.789986 31.691969 30.443510 12.563927 4.547898 -12.825133 18.707323 -20.801434 33.857445 -6.719097 -4.899802 32.433460
28.383587 9.806490 -4.383614 -18.297831 11.012145 -39.223103 27.024012 -5.567103 -1.241987 28.756695 35.772610 13.569212 10.030247 -20.401703 17.832148 -27.685646 30.461700 -1.563315 -16.716360 31.716440 30.339342 12.471007 4.508435 -12.714558 18.769466 -20.890409 34.065472 -6.842623 -4.727470 32.354313
