31.320698 12.525433 4.887907 -20.027914 0.892433 -27.408987 29.364824 -14.026407 3.319870 33.523254 35.171619 9.572482 16.349184 -29.767811 6.783222 -31.468296 23.619114 1.030051 -7.856193 34.872272 30.277819 12.421156 4.461188 -12.681322 18.823442 -20.884777 34.119881 -6.818579 -4.661571 32.360542
31.128302 12.509688 5.053780 -19.988192 1.139425 -27.198814 29.309526 -13.834982 3.672117 33.608833 34.977413 9.755676 16.121443 -29.839617 6.891779 -31.243996 23.292763 1.227043 -7.795376 35.060333 30.137043 12.448015 4.425760 -12.605947 18.963863 -20.671103 34.183231 -6.657515 -4.327495 32.255787
30.772373 12.409575 5.136292 -20.089565 1.276147 -26.897421 29.524790 -13.371778 3.934545 33.901234 34.740314 9.858573 15.787160 -29.956526 7.032783 -30.968182 23.039515 1.701147 -7.753301 35.387054 29.843407 12.444382 4.217390 -12.447930 19.209389 -20.468777 34.357563 -6.263881 -4.006767 32.313721
30.220894 12.196494 4.971382 -20.129967 1.468919 -26.486923 29.804188 -12.785855 4.515820 34.054237 34.211266 9.947108 15.156812 -30.153152 7.259665 -30.414730 22.590876 2.287877 -7.487409 35.703434 29.485893 12.518904 4.140933 -12.138621 19.646366 -19.966894 34.382385 -5.728880 -3.389300 32.191357
29.831322 12.015969 4.945894 -20.013527 1.671983 -25.862562 30.230579 -11.920216 5.389986 34.518433 33.655632 10.173388 14.151073 -30.266472 7.355971 -29.842907 22.121237 3.165578 -7.047516 36.274834 28.984921 12.558962 3.722700 -11.786552 19.835543 -19.322023 34.648705 -5.028773 -2.508784 32.303196
29.172035 12.007922 4.849079 -20.089859 2.069658 -25.070423 30.467197 -10.764969 6.285931 34.873276 33.052906 10.559850 13.125935 -30.557291 7.456543 -29.082815 21.542110 4.169972 -6.541670 36.809151 28.146486 12.751300 3.246258 -11.924468 19.893114 -18.615545 35.020256 -4.080253 -1.684168 32.177170
28.354206 12.030260 4.718289 -20.052406 2.511322 -24.106121 30.536598 -9.835396 7.471306 35.175415 32.438534 10.679636 12.447812 -30.659237 7.742150 -28.480946 20.797251 4.788283 -6.220297 37.262215 26.619808 13.195941 2.517566 -12.418006 19.718233 -17.836618 35.626316 -3.180877 -0.643524 32.429047
27.257334 11.863144 4.407502 -20.109791 2.981678 -22.950127 30.930340 -8.472409 8.846785 35.643288 31.499695 10.827381 11.256569 -30.871431 7.915486 -27.850307 19.832554 5.516059 -5.821869 37.892719 25.040070 13.618311 1.418350 -12.728303 19.582123 -17.030502 36.126919 -2.269684 0.719573 32.715080
26.193779 11.692115 4.470498 -19.987162 3.541442 -22.257671 31.469782 -7.651839 10.032903 36.185745 30.664831 11.110806 10.546126 -31.226902 8.153583 -27.012718 18.912458 6.446917 -5.635837 38.523468 23.817698 13.996851 0.877476 -13.075530 19.452234 -16.544739 36.879284 -1.652325 1.699805 32.743519
24.914829 11.341340 4.093078 -20.046070 4.365797 -21.613947 32.237919 -6.246312 11.211218 36.425732 29.692905 11.742932 9.918037 -31.696615 8.570597 -25.905508 17.838667 7.337360 -5.288108 38.990757 22.450186 14.194770 0.013277 -13.881286 19.178020 -15.842889 37.681328 -0.794249 2.490435 32.563236
23.578543 11.232204 4.091457 -20.093731 5.246699 -20.863756 32.626099 -5.258699 12.366605 36.626972 28.596746 12.451873 9.067164 -32.320698 8.865296 -24.772394 16.821268 8.283023 -4.960513 39.479435 21.036610 14.609265 -0.317583 -14.489187 19.347507 -14.911255 37.941154 -0.141563 3.106651 32.746826
22.178738 10.849615 4.059258 -20.236103 5.981111 -19.980530 33.032539 -4.330909 13.456624 36.673866 27.572613 13.218912 8.054433 -33.038074 9.005937 -23.614492 15.867908 9.287648 -4.693382 39.848434 19.780581 14.723489 -0.608095 -15.143109 19.337265 -14.019195 38.488586 0.613083 3.587858 32.625778
20.662149 10.505553 3.881566 -20.355047 6.648626 -19.131096 33.379402 -3.547930 14.507347 36.782593 26.321953 14.206343 7.133978 -33.879963 8.939823 -22.751209 15.294962 9.942458 -4.380371 40.055786 18.548534 14.857711 -0.938021 -15.855124 19.417070 -13.386684 38.933662 1.300017 4.047059 32.073235
19.596178 10.401780 3.615765 -20.586567 7.023688 -18.291498 33.817528 -2.733289 15.392475 36.512009 25.424454 15.107397 6.420039 -34.243763 9.072364 -22.152170 14.685386 10.391478 -3.890870 40.061882 17.231890 14.794444 -1.523670 -16.578407 19.173895 -12.754003 39.468304 1.704280 4.511459 31.718306
18.532412 10.232219 3.597400 -20.791771 7.393210 -17.731632 34.274963 -2.167976 15.948595 36.426933 24.546463 15.484363 5.794302 -34.624889 9.321090 -21.561144 14.208375 11.153141 -3.591010 40.075554 15.999144 15.032356 -2.182918 -17.288645 18.731140 -12.002086 39.941299 2.152125 5.139287 31.663277
17.563435 10.124156 3.403347 -21.101751 7.673290 -17.348291 34.709175 -1.694799 16.595583 35.892010 23.703171 15.751406 5.415447 -34.976799 9.630226 -21.174789 13.913779 11.635685 -3.394842 40.021408 14.731706 15.128001 -2.619263 -17.924648 18.551619 -11.525135 40.253372 2.426139 5.366407 31.732910
17.129414 9.945289 3.210512 -21.313532 7.890775 -16.992460 35.000256 -1.167219 17.085493 35.301071 23.210022 16.066181 5.105124 -35.300648 9.660412 -20.827364 13.602089 11.839891 -3.284688 39.863373 13.874334 15.287188 -3.119193 -18.269337 18.322777 -10.930960 40.323997 2.697531 5.802544 31.720387
16.767130 9.832825 3.189370 -21.496948 7.962912 -16.687546 35.245457 -0.910856 17.363024 34.987152 22.934139 16.277571 4.985726 -35.412415 9.766479 -20.640471 13.316575 11.901163 -3.160481 39.697304 13.309478 15.348405 -3.346982 -18.390669 18.309483 -10.474353 40.300644 2.767525 6.099119 31.675875
16.559031 9.662096 3.168570 -21.521259 7.946278 -16.535164 35.552315 -0.834454 17.725857 34.702156 22.835167 16.336796 4.939201 -35.470558 9.771470 -20.428421 13.151264 12.021312 -3.111267 39.568138 13.149910 15.349068 -3.215029 -18.495974 18.319414 -10.245303 40.480267 2.787778 6.206231 31.442776
16.449110 9.696047 3.169996 -21.506828 8.005193 -16.467773 35.521282 -0.785769 17.807840 34.728271 22.671186 16.383665 4.719038 -35.474823 9.849679 -20.404793 13.075834 12.203835 -2.969670 39.646133 13.053585 15.300315 -3.367150 -18.545860 18.264236 -10.149010 40.521683 2.866029 6.233707 31.468273
16.760174 9.598392 4.264484 -21.539318 8.629676 -16.355057 34.980381 -0.945803 16.963217 34.740829 22.634573 16.140310 5.683352 -35.428059 10.178287 -19.792685 12.610572 12.109279 -3.520452 39.659409 13.406436 15.399450 -2.410534 -18.805599 18.535748 -9.684362 39.999588 3.092419 5.352816 31.339157
17.722631 9.317283 7.075347 -21.444521 9.836527 -15.870067 33.484894 -1.548219 15.120569 34.757622 22.824682 14.805118 8.547107 -34.684753 11.671033 -18.465939 11.175787 11.468628 -4.920644 39.404083 14.352777 15.460290 0.490623 -18.522470 19.862865 -8.272902 38.337879 3.621985 3.660588 31.506586
18.507229 9.593140 10.553064 -22.505560 11.539828 -15.042104 31.805080 -1.073074 11.863332 34.954132 23.081602 13.358080 11.016547 -34.139050 13.253635 -16.686100 8.982768 10.932381 -6.865611 39.331993 14.513186 15.352347 3.943684 -18.015387 22.312515 -6.901009 35.635132 4.367455 1.544966 31.982647
18.791157 8.839473 15.160093 -23.900068 13.538592 -13.856829 28.503046 -1.631712 7.485690 35.159447 22.178755 9.901808 15.106933 -33.060097 16.340935 -15.493273 7.012475 9.681837 -8.347795 37.908192 14.746758 14.252682 7.776798 -17.942410 25.953905 -5.965237 31.785040 4.992103 -1.990900 31.565668
17.153681 7.286214 18.640762 -24.680746 17.158703 -12.295085 24.324375 -1.281993 4.110004 35.327614 21.066006 5.393274 17.929884 -31.738480 20.936363 -13.478438 6.028903 10.641488 -8.638037 36.109783 14.407981 12.629237 10.251176 -17.870523 29.403728 -4.960733 26.866091 5.873743 -6.003820 31.086676
14.523621 5.323668 21.579876 -25.065222 22.181604 -10.115955 19.085440 0.229247 1.116460 36.648743 17.675793 0.145800 18.228159 -30.551962 24.698648 -12.672619 7.010769 10.867568 -7.251689 34.662285 13.455403 11.145925 13.143880 -17.718866 33.982533 -3.564870 21.214314 7.009294 -9.642072 30.014694
11.795734 2.688511 23.401247 -24.363735 27.957422 -8.766521 14.040784 1.535384 -0.847089 37.046875 13.668129 -4.916733 19.964191 -27.765482 30.238628 -11.957094 7.885644 10.346657 -3.459254 31.994013 10.536947 9.793887 13.006233 -16.050333 39.977421 -3.639416 14.783209 8.995067 -10.936135 28.754784
9.775696 1.385466 21.074255 -22.585724 31.410280 -8.641025 10.155126 2.360793 0.340558 35.426342 11.304968 -7.325696 21.217573 -24.425692 34.778828 -11.129198 7.323455 9.745006 1.410737 28.693079 8.784365 9.964204 11.121200 -13.130474 45.819374 -4.851421 9.008144 9.998940 -9.609958 25.326637
9.450281 1.252219 17.707970 -21.132139 33.685326 -10.531560 7.215720 1.441550 1.793122 29.660254 12.714772 -8.267639 20.549593 -20.202633 38.426323 -11.816812 5.077304 10.202112 7.157295 24.266056 8.983412 7.294225 7.976841 -8.024463 49.963844 -7.646497 5.600480 9.068828 -5.915551 21.531609
9.738672 0.257633 14.278450 -20.750025 33.517109 -9.020448 7.889658 2.664590 7.807440 23.788605 13.628144 -6.643619 19.230343 -19.073250 39.735966 -10.755157 3.783340 10.419592 12.616955 19.656183 8.583375 3.821282 5.553136 -4.958426 51.685883 -8.905266 6.657977 7.757761 -0.566278 16.206009
10.252562 -2.418569 9.639968 -19.568727 34.501484 -8.541174 10.885925 4.489713 12.557997 14.245933 16.032602 -3.368682 16.940851 -18.036234 39.164555 -8.909445 2.183419 7.155849 14.628890 15.464331 11.021324 3.659171 3.548048 -5.827489 49.085083 -8.061807 7.652294 5.564817 1.287594 10.126375
15.334106 -1.211645 4.701092 -16.717590 32.929134 -6.264387 10.272527 2.192531 14.317693 6.030395 20.600428 0.439265 13.285363 -14.704079 37.976940 -6.171002 1.989101 2.283411 15.319417 9.951465 15.496040 6.753977 2.494049 -5.879834 45.192299 -2.626139 5.491336 2.973679 3.808028 6.190026
19.730932 0.010308 2.252648 -13.360993 31.330917 -4.716280 8.686515 -0.387906 17.147284 1.883635 24.874149 4.766541 11.370891 -12.574615 36.049755 -1.962893 0.053915 -1.032791 16.368591 4.621003 21.208008 9.965910 4.512457 -6.348537 39.754238 1.782861 1.776746 -0.572294 6.464146 5.358664
23.935749 0.535744 2.317572 -10.754824 30.058281 -5.308240 7.318372 -3.708964 18.226892 -2.647989 28.942043 8.314522 11.401505 -11.948896 31.300203 0.518000 -0.676877 -5.640555 16.268482 1.710791 25.625809 11.398118 8.325335 -8.687297 33.877415 3.545465 2.248628 -5.218750 6.560635 3.514612
29.279360 0.503289 3.916655 -7.925645 29.097591 -6.296956 6.266830 -6.503088 20.404369 -7.049748 33.428516 9.927289 11.336931 -11.499239 27.579231 3.215308 -0.645694 -9.756530 14.373854 -1.402812 29.638885 11.953545 10.910943 -11.443533 28.614977 5.041112 2.524004 -8.004210 6.678449 3.148427
32.344265 0.705900 2.993597 -6.261253 26.685722 -7.510325 5.439781 -9.898762 21.627939 -9.851724 37.889061 10.859096 10.869187 -10.816118 23.445545 3.818867 -1.523710 -15.317573 12.705501 -3.305222 34.146736 13.011963 12.733069 -14.492380 23.171114 7.295912 2.612233 -9.891210 5.562967 3.180655
36.935299 2.548730 -0.233894 -4.325937 24.816881 -7.895555 2.756980 -11.594907 23.135817 -12.595838 40.618122 11.739173 8.988790 -10.492036 19.190958 3.415777 -2.179648 -19.339777 11.454316 -3.460151 38.792286 14.499314 12.110061 -16.214958 17.796331 10.379673 1.910458 -11.114084 5.608790 2.470542
39.780518 3.190182 -2.492320 -3.180963 23.652632 -7.624332 1.803646 -11.344127 24.785410 -13.567212 42.336243 15.402199 6.542430 -10.989425 15.636296 3.891298 -2.564627 -21.297791 11.178110 -3.258538 41.190212 15.118900 10.320410 -16.570736 14.387200 11.934778 1.594104 -12.239496 5.499455 3.122766
41.242744 4.367737 -3.480330 -2.923961 22.758299 -7.591906 1.134705 -11.992776 25.103512 -14.228726 43.482834 17.108780 5.160569 -11.349597 13.428228 3.635613 -2.612419 -22.509922 11.538668 -3.702237 41.872894 15.612581 9.423654 -16.680277 13.036773 12.394312 1.133332 -12.944649 5.611688 3.143804
41.686127 4.331420 -4.206337 -2.903294 22.099260 -7.400132 0.627267 -12.296184 24.748514 -13.927695 43.823647 17.239046 4.519330 -11.500916 12.601606 3.514995 -2.641283 -22.698717 11.680921 -3.637442 42.103199 15.392122 8.913640 -16.823309 12.357466 12.684487 0.966156 -12.995427 5.638288 3.111418
41.665840 4.404088 -3.882332 -2.806699 22.426615 -7.340227 0.594515 -12.182216 24.882479 -14.067021 43.730408 17.421366 4.746272 -11.523332 12.840861 3.636333 -2.748016 -22.639578 11.593659 -3.653303 42.041927 15.697612 9.090147 -16.845385 12.562774 12.737108 0.943898 -12.858419 5.621655 3.165804
41.528564 4.627029 -3.055253 -2.273082 23.420286 -7.394744 0.403365 -11.953070 25.390551 -14.125443 43.349987 17.751558 5.185320 -11.386877 13.536814 3.867798 -3.180774 -22.592062 11.444372 -3.655367 42.028717 16.362844 9.588099 -16.921875 13.096454 12.767078 0.827211 -12.497708 5.676588 3.255739
41.334267 4.726328 -2.187680 -1.744378 24.490044 -7.018533 -0.254911 -11.540593 25.594542 -13.727160 42.933311 17.890059 5.955662 -11.222393 14.470119 4.378104 -3.816363 -22.294128 11.141082 -3.282705 42.106621 16.948668 10.414577 -16.955748 13.871438 13.077546 0.617799 -11.951209 5.533925 3.176385
40.798443 5.140626 -0.529072 -1.409675 25.943157 -6.513247 -1.189364 -11.515453 25.405416 -13.398758 42.340759 17.700418 7.427156 -11.022908 15.990731 5.021442 -4.936116 -22.127544 10.875237 -3.161196 41.495216 17.832260 11.951216 -17.301800 15.062738 13.104355 0.396936 -11.713011 5.271815 2.651903
39.888134 5.031146 1.580705 -0.895580 27.783510 -6.025664 -2.338904 -11.344202 25.071512 -12.304641 41.428696 17.696993 8.200760 -11.220352 17.317760 5.731986 -6.397209 -20.811628 11.637040 -3.275587 40.244156 18.860029 13.506308 -17.339399 16.709370 13.242395 -0.238263 -11.045158 5.365600 2.318147
38.364971 5.105626 3.277540 -0.410551 29.795448 -5.867755 -3.376842 -10.727392 25.088476 -10.450011 40.688133 18.352907 9.344739 -11.663330 18.663908 6.747423 -8.231688 -19.213816 12.386041 -3.916968 38.548077 20.164595 15.121533 -17.545240 18.558769 13.177805 -0.837841 -10.174819 5.810514 1.851465
38.005806 5.007484 5.468065 0.392491 32.474754 -4.947654 -5.539113 -9.785747 25.735186 -9.485025 38.936672 19.076775 10.293846 -11.346001 21.074631 7.163569 -10.131435 -17.539923 13.509116 -4.008630 36.263237 21.877439 16.047739 -17.405128 20.622791 13.166863 -1.889661 -9.466986 6.744316 2.118860
38.411377 5.223107 6.812583 1.376250 34.708855 -3.957545 -7.084489 -8.735210 25.787161 -8.075035 37.451202 20.497992 10.293505 -11.285585 22.808132 7.566484 -11.286372 -15.743803 14.718040 -3.515313 35.029823 23.158567 16.386230 -16.134047 23.014137 13.494844 -3.291128 -8.173972 8.083865 2.142937
37.654388 6.181954 7.289520 2.804826 37.495388 -2.724595 -8.629284 -7.356457 26.675013 -5.860892 35.530853 22.483446 9.209557 -11.036894 24.599812 7.843362 -12.185952 -13.238746 16.864147 -2.172671 33.844547 24.906668 15.222817 -14.846138 24.559559 14.438652 -4.549837 -6.823797 9.328804 3.164747
37.838524 7.302125 7.192861 5.208528 40.147320 -1.802254 -10.283823 -6.031696 28.161385 -3.582324 34.526508 24.784508 7.835468 -10.798887 26.299326 8.410846 -13.272056 -11.182592 18.682110 -1.453640 33.498066 27.535040 13.916354 -12.658082 26.775229 15.292354 -6.354003 -5.508150 11.241068 4.366654
38.683388 8.344427 6.804635 6.945259 41.961479 -0.813107 -11.269083 -4.036469 29.086153 -1.923791 34.252197 26.483339 6.576207 -10.213894 27.862373 8.789478 -14.359111 -8.824986 20.349287 -0.702498 33.241104 29.179752 12.145254 -11.053630 28.308666 16.268559 -8.244507 -4.288491 12.334352 5.162243
38.725582 9.736665 7.329628 8.091721 43.741230 0.152672 -12.674391 -2.806278 29.914587 -0.645463 34.013794 27.580439 5.623934 -9.738908 29.174969 9.091953 -15.622872 -6.859214 21.266352 0.215328 33.060551 30.431669 10.968653 -9.873439 29.273710 17.177921 -9.957309 -3.357265 12.909644 5.999587
39.393299 11.601977 7.862810 9.517765 45.321030 0.937946 -14.232596 -1.545794 31.126547 0.311969 33.679760 29.349794 4.733583 -9.151814 30.728018 9.312715 -17.472479 -4.955850 22.909458 0.950151 32.773064 32.518070 9.269469 -8.074498 30.312201 18.434689 -11.664961 -2.185916 14.799747 6.630929
39.947147 13.734093 8.709095 10.703076 46.852890 1.565063 -15.512899 -0.219075 32.141365 1.433928 33.079281 30.441671 3.723845 -8.530595 31.945148 9.329539 -18.920214 -3.533511 24.078114 1.812993 32.753735 34.505032 7.691148 -6.662114 30.778967 19.532089 -13.172948 -1.526150 16.216257 7.509634
41.288826 16.545351 10.350522 11.783204 48.666615 2.680650 -17.637783 1.336276 32.998783 2.598056 32.391457 32.017475 3.129731 -8.453603 32.847919 10.087197 -21.048828 -2.469722 24.410931 2.473654 32.277950 36.726528 6.283647 -5.967585 30.973751 21.059195 -14.425727 -0.819713 17.209309 8.515610
42.045685 18.962019 11.823095 12.694046 50.396603 3.457556 -19.409361 2.371639 33.964722 3.077150 31.424505 33.505989 3.003206 -8.574294 33.703087 10.890840 -22.752428 -1.616314 24.662937 2.836697 31.997461 38.449730 5.262910 -5.706063 30.796940 22.216700 -15.371585 -0.401353 17.807274 9.351922
42.553913 20.419157 12.997193 13.164827 51.535110 4.227485 -21.105844 3.076755 34.191784 3.641624 31.122744 35.818779 2.736147 -8.605309 34.257793 11.730523 -24.431763 -0.913540 25.327127 3.002791 31.757401 40.590908 4.296155 -5.251880 30.865629 23.442852 -16.496593 -0.194713 18.699162 9.847373
43.279377 21.738747 14.064487 14.139932 52.679943 4.774369 -22.543955 3.637433 34.932728 4.194598 30.879564 37.539341 2.546701 -8.645303 34.641579 12.430704 -25.691853 -0.246053 25.916956 3.225875 31.515211 42.490944 3.627227 -5.066251 30.740191 24.628988 -17.356619 0.080929 19.520943 10.400537
43.755699 22.580360 14.654278 14.677264 53.286861 5.131717 -23.280413 3.927846 35.323242 4.461186 30.706621 38.407192 2.379978 -8.691818 34.827469 12.658175 -26.182819 0.132423 26.214800 3.294328 31.432930 43.443245 3.300953 -4.839900 30.890369 25.084892 -17.853867 0.142767 19.838873 10.565777
43.871490 22.815184 14.803376 14.911117 53.475029 5.209032 -23.485264 3.907724 35.490845 4.491338 30.632231 38.682205 2.304249 -8.718467 34.903160 12.673271 -26.292305 0.225244 26.232162 3.246831 31.387180 43.675495 3.266776 -4.750832 30.956718 25.199110 -18.019682 0.059778 19.922472 10.590433
43.871490 22.815184 14.803376 14.911117 53.475029 5.209032 -23.485264 3.907724 35.490845 4.491338 30.632231 38.682205 2.304249 -8.718467 34.903160 12.673271 -26.292305 0.225244 26.232162 3.246831 31.387180 43.675495 3.266776 -4.750832 30.956718 25.199110 -18.019682 0.059778 19.922472 10.590433
43.871490 22.815184 14.803376 14.911117 53.475029 5.209032 -23.485264 3.907724 35.490845 4.491338 30.632231 38.682205 2.304249 -8.718467 34.903160 12.673271 -26.292305 0.225244 26.232162 3.246831 31.387180 43.675495 3.266776 -4.750832 30.956718 25.199110 -18.019682 0.059778 19.922472 10.590433
43.871490 22.815184 14.803376 14.911117 53.475029 5.209032 -23.485264 3.907724 35.490845 4.491338 30.632231 38.682205 2.304249 -8.718467 34.903160 12.673271 -26.292305 0.225244 26.232162 3.246831 31.387180 43.675495 3.266776 -4.750832 30.956718 25.199110 -18.019682 0.059778 19.922472 10.590433
43.871490 22.815184 14.803376 14.911117 53.475029 5.209032 -23.485264 3.907724 35.490845 4.491338 30.632231 38.682205 2.304249 -8.718467 34.903160 12.673271 -26.292305 0.225244 26.232162 3.246831 31.387180 43.675495 3.266776 -4.750832 30.956718 25.199110 -18.019682 0.059778 19.922472 10.590433
43.871490 22.815184 14.803376 14.911117 53.475029 5.209032 -23.485264 3.907724 35.490845 4.491338 30.632231 38.682205 2.304249 -8.718467 34.903160 12.673271 -26.292305 0.225244 26.232162 3.246831 31.387180 43.675495 3.266776 -4.750832 30.956718 25.199110 -18.019682 0.059778 19.922472 10.590433
43.871490 22.815184 14.803376 14.911117 53.475029 5.209032 -23.485264 3.907724 35.490845 4.491338 30.632231 38.682205 2.304249 -8.718467 34.903160 12.673271 -26.292305 0.225244 26.232162 3.246831 31.387180 43.675495 3.266776 -4.750832 30.956718 25.199110 -18.019682 0.059778 19.922472 10.590433
43.871490 22.815184 14.803376 14.911117 53.475029 5.209032 -23.485264 3.907724 35.490845 4.491338 30.632231 38.682205 2.304249 -8.718467 34.903160 12.673271 -26.292305 0.225244 26.232162 3.246831 31.387180 43.675495 3.266776 -4.750832 30.956718 25.199110 -18.019682 0.059778 19.922472 10.590433
43.871490 22.815184 14.803376 14.911117 53.475029 5.209032 -23.485264 3.907724 35.490845 4.491338 30.632231 38.682205 2.304249 -8.718467 34.903160 12.673271 -26.292305 0.225244 26.232162 3.246831 31.387180 43.675495 3.266776 -4.750832 30.956718 25.199110 -18.019682 0.059778 19.922472 10.590433
43.871490 22.815184 14.803376 14.911117 53.475029 5.209032 -23.485264 3.907724 35.490845 4.491338 30.632231 38.682205 2.304249 -8.718467 34.903160 12.673271 -26.292305 0.225244 26.232162 3.246831 31.387180 43.675495 3.266776 -4.750832 30.956718 25.199110 -18.019682 0.059778 19.922472 10.590433
43.871490 22.815184 14.803376 14.911117 53.475029 5.209032 -23.485264 3.907724 35.490845 4.491338 30.632231 38.682205 2.304249 -8.718467 34.903160 12.673271 -26.292305 0.225244 26.232162 3.246831 31.387180 43.675495 3.266776 -4.750832 30.956718 25.199110 -18.019682 0.059778 19.922472 10.590433
43.871490 22.815184 14.803376 14.911117 53.475029 5.209032 -23.485264 3.907724 35.490845 4.491338 30.632231 38.682205 2.304249 -8.718467 34.903160 12.673271 -26.292305 0.225244 26.232162 3.246831 31.387180 43.675495 3.266776 -4.750832 30.956718 25.199110 -18.019682 0.059778 19.922472 10.590433
43.871399 22.815189 14.803262 14.911091 53.474827 5.208703 -23.485147 3.907545 35.490719 4.491404 30.632170 38.682266 2.304238 -8.718658 34.903454 12.673080 -26.292664 0.226051 26.232628 3.246717 31.387377 43.675571 3.266909 -4.750826 30.956417 25.199230 -18.019844 0.059562 19.922495 10.590456
43.871490 22.815184 14.803376 14.911117 53.475029 5.209032 -23.485264 3.907724 35.490845 4.491338 30.632231 38.682205 2.304249 -8.718467 34.903160 12.673271 -26.292305 0.225244 26.232162 3.246831 31.387180 43.675495 3.266776 -4.750832 30.956718 25.199110 -18.019682 0.059778 19.922472 10.590433
43.871471 22.815290 14.803333 14.911045 53.474968 5.208818 -23.485308 3.907722 35.490814 4.491304 30.632187 38.682579 2.304164 -8.718836 34.903297 12.673388 -26.292797 0.225720 26.232281 3.246824 31.387424 43.675522 3.266757 -4.750982 30.956141 25.199331 -18.019646 0.059503 19.922501 10.590367
43.315456 21.177479 19.363382 15.557169 47.648228 11.009114 -19.552986 -2.154388 40.913559 8.219587 30.974058 39.936684 -0.261686 -12.162866 34.922112 9.499516 -27.767570 1.972018 22.603453 1.364416 30.631918 41.598713 8.249852 -0.546633 30.322468 30.747662 -12.375430 -3.183945 25.458378 13.856474
43.315456 21.177479 19.363382 15.557169 47.648228 11.009114 -19.552986 -2.154388 40.913559 8.219587 30.974058 39.936684 -0.261686 -12.162866 34.922112 9.499516 -27.767570 1.972018 22.603453 1.364416 30.631918 41.598713 8.249852 -0.546633 30.322468 30.747662 -12.375430 -3.183945 25.458378 13.856474
43.315456 21.177479 19.363382 15.557169 47.648228 11.009114 -19.552986 -2.154388 40.913559 8.219587 30.974058 39.936684 -0.261686 -12.162866 34.922112 9.499516 -27.767570 1.972018 22.603453 1.364416 30.631918 41.598713 8.249852 -0.546633 30.322468 30.747662 -12.375430 -3.183945 25.458378 13.856474
43.315456 21.177479 19.363382 15.557169 47.648228 11.009114 -19.552986 -2.154388 40.913559 8.219587 30.974058 39.936684 -0.261686 -12.162866 34.922112 9.499516 -27.767570 1.972018 22.603453 1.364416 30.631918 41.598713 8.249852 -0.546633 30.322468 30.747662 -12.375430 -3.183945 25.458378 13.856474
43.315456 21.177479 19.363382 15.557169 47.648228 11.009114 -19.552986 -2.154388 40.913559 8.219587 30.974058 39.936684 -0.261686 -12.162866 34.922112 9.499516 -27.767570 1.972018 22.603453 1.364416 30.631918 41.598713 8.249852 -0.546633 30.322468 30.747662 -12.375430 -3.183945 25.458378 13.856474
43.838146 21.614866 19.690563 15.686444 47.772285 11.830873 -20.151855 -2.530287 40.879616 8.209956 31.020958 39.593708 -0.370320 -11.675274 35.736778 9.077732 -28.294760 1.883211 21.979065 1.407287 30.516253 41.357689 8.020073 -0.415796 30.014587 30.966333 -11.959169 -3.038885 26.118515 14.032133
43.796638 21.429314 19.673120 15.757345 47.772213 11.819400 -19.970411 -2.617011 40.871727 8.247325 30.987200 39.586006 -0.360554 -11.601109 35.809921 9.087898 -28.265852 1.895615 22.044701 1.402843 30.544510 41.253036 8.021346 -0.399834 30.030817 30.822084 -11.842799 -3.096204 26.108383 13.938782
43.821068 21.552748 19.732267 15.669782 47.730328 11.829832 -20.094202 -2.518064 40.941315 8.273063 30.967537 39.611156 -0.353645 -11.714830 35.699108 9.092385 -28.259069 1.912445 22.115868 1.371814 30.563185 41.316120 8.048569 -0.447308 29.993635 30.921938 -11.926883 -3.113260 26.046970 13.958957
43.852562 21.579655 19.737396 15.697554 47.782139 11.814412 -20.159885 -2.503549 40.932526 8.260530 30.968754 39.580383 -0.380377 -11.739741 35.698849 9.061599 -28.290634 1.901092 22.031925 1.373692 30.558992 41.327305 8.039691 -0.439183 30.002960 30.912201 -11.914452 -3.114647 26.050808 13.968163
43.871971 21.586098 19.752935 15.701716 47.782593 11.811967 -20.175669 -2.518458 40.929260 8.265859 30.966471 39.574417 -0.385332 -11.748216 35.698143 9.055712 -28.293858 1.907003 22.020741 1.381173 30.561447 41.325447 8.050372 -0.433633 30.009979 30.907309 -11.912640 -3.116666 26.055437 13.970069
43.871704 21.585571 19.753338 15.700634 47.780502 11.813403 -20.174335 -2.520469 40.928345 8.265607 30.966543 39.573811 -0.385085 -11.747986 35.698223 9.055813 -28.293840 1.906374 22.020264 1.381266 30.560593 41.324680 8.050086 -0.432816 30.010992 30.907433 -11.913101 -3.115456 26.055199 13.970489
43.874302 21.590149 19.754986 15.701440 47.783543 11.815275 -20.174667 -2.516571 40.927422 8.264582 30.965769 39.569839 -0.384298 -11.745468 35.697952 9.057343 -28.293865 1.901167 22.014786 1.384134 30.562748 41.325043 8.054473 -0.437417 30.008211 30.904579 -11.911840 -3.117454 26.055206 13.965928
43.872200 21.586443 19.756893 15.701558 47.783176 11.815479 -20.173754 -2.514372 40.932480 8.265525 30.966345 39.572014 -0.384471 -11.746977 35.697205 9.057290 -28.294788 1.903470 22.017605 1.382557 30.562555 41.327240 8.053303 -0.436600 30.007486 30.907187 -11.913207 -3.116691 26.056873 13.967376
43.871136 21.585670 19.757767 15.699997 47.781609 11.815257 -20.174194 -2.514529 40.933243 8.266758 30.966188 39.572250 -0.384219 -11.747480 35.696625 9.057039 -28.294626 1.903896 22.019180 1.381801 30.562449 41.326767 8.053406 -0.436308 30.007517 30.906940 -11.912992 -3.116843 26.056952 13.967618
43.888222 21.612087 19.759153 15.711056 47.810215 11.815236 -20.197868 -2.491726 40.945068 8.259974 30.963741 39.551193 -0.384662 -11.743065 35.707481 9.043119 -28.316092 1.893552 21.988564 1.395263 30.558802 41.326103 8.042118 -0.446930 29.997952 30.901484 -11.904687 -3.120135 26.060553 13.960725
43.883751 21.601391 19.760149 15.712257 47.809265 11.813016 -20.184023 -2.487505 40.952122 8.262003 30.965782 39.573685 -0.387054 -11.744739 35.700546 9.053493 -28.308283 1.900377 22.012222 1.389120 30.561544 41.331406 8.044662 -0.442428 30.001841 30.906466 -11.907271 -3.119810 26.058910 13.965566
43.881668 21.602310 19.758196 15.709941 47.808590 11.814620 -20.185808 -2.484966 40.950172 8.261584 30.964853 39.576004 -0.388339 -11.745506 35.698212 9.054649 -28.305260 1.900142 22.015324 1.388750 30.559864 41.330772 8.046305 -0.446779 29.998123 30.909920 -11.911242 -3.120957 26.053192 13.967175
43.881218 21.600376 19.757956 15.711834 47.810898 11.814273 -20.184036 -2.482331 40.953011 8.260903 30.965452 39.575298 -0.386632 -11.743133 35.699726 9.055252 -28.304224 1.901008 22.018467 1.387647 30.560013 41.330406 8.046401 -0.446366 29.998987 30.909140 -11.910845 -3.120816 26.053339 13.966432
43.879971 21.598503 19.759764 15.712216 47.811714 11.815887 -20.181372 -2.479556 40.955036 8.262212 30.966309 39.575809 -0.386205 -11.743185 35.699669 9.054592 -28.303854 1.900312 22.018265 1.385991 30.560762 41.330498 8.047097 -0.446089 29.999086 30.909794 -11.910128 -3.120256 26.053848 13.966819
43.880287 21.598770 19.759630 15.712149 47.811874 11.816415 -20.181326 -2.479826 40.954250 8.261826 30.966246 39.574749 -0.386121 -11.742478 35.699860 9.054832 -28.303492 1.899876 22.018320 1.386239 30.561211 41.330086 8.048811 -0.447633 29.998486 30.907919 -11.909615 -3.119772 26.056553 13.963432
43.886349 21.598999 19.764267 15.716030 47.806160 11.812308 -20.184986 -2.497742 40.949692 8.266076 30.965889 39.571537 -0.384233 -11.741893 35.701786 9.056787 -28.310993 1.897987 22.010849 1.391526 30.559313 41.327446 8.046051 -0.441957 30.000702 30.898884 -11.903130 -3.121733 26.063564 13.962323
43.884041 21.598139 19.761894 15.715178 47.807732 11.812618 -20.185196 -2.494929 40.950226 8.264894 30.965761 39.567425 -0.385498 -11.741033 35.702103 9.052980 -28.313858 1.894200 22.005478 1.391425 30.560688 41.331985 8.046286 -0.443301 29.998472 30.903160 -11.902903 -3.121291 26.065081 13.963418
43.886295 21.598988 19.764153 15.715836 47.808033 11.811964 -20.185871 -2.495359 40.948402 8.267027 30.964949 39.565899 -0.385389 -11.740873 35.701920 9.053469 -28.313599 1.894063 22.004925 1.393042 30.560099 41.327091 8.046557 -0.442892 29.998346 30.898991 -11.899872 -3.123806 26.064610 13.962086
43.887100 21.602571 19.761139 15.712617 47.801517 11.812618 -20.185339 -2.499929 40.948227 8.263995 30.965570 39.571239 -0.387186 -11.744387 35.702084 9.052850 -28.307430 1.900192 22.011497 1.388276 30.561262 41.323078 8.053329 -0.437487 30.006798 30.896339 -11.901904 -3.124086 26.062963 13.962647
43.886528 21.600248 19.759405 15.712847 47.799744 11.810572 -20.184948 -2.503711 40.946938 8.264371 30.964844 39.573502 -0.388487 -11.745329 35.700584 9.054100 -28.307684 1.900071 22.013081 1.387677 30.560326 41.322266 8.052696 -0.437412 30.006393 30.895870 -11.901546 -3.124566 26.063232 13.962906
43.886223 21.598921 19.761374 15.713334 47.800972 11.811412 -20.183243 -2.501445 40.947720 8.265866 30.965664 39.571892 -0.387101 -11.744632 35.700630 9.054008 -28.305796 1.899844 22.012573 1.387859 30.561043 41.321938 8.053389 -0.437469 30.006350 30.895462 -11.900319 -3.124402 26.063383 13.962920
