33.182117 15.812716 0.827415 -13.156273 7.708119 -21.026789 35.880573 -16.350567 -4.831254 29.538343 35.193909 7.671536 23.876451 -20.985128 3.705885 -20.266403 25.555878 -5.889939 1.399523 42.709686 31.235014 14.970059 2.744822 -25.272821 14.695827 -33.547573 21.090492 2.126630 -1.931663 26.906708
32.635258 15.679568 1.047935 -13.173671 8.120129 -20.485126 36.071915 -15.714805 -4.265703 29.923353 34.718685 7.891916 23.485636 -21.006575 3.838493 -19.285217 25.347754 -5.133881 1.956155 43.272770 30.724613 15.091035 2.427751 -25.389929 15.010908 -33.277290 21.099098 2.813603 -1.703331 26.922163
31.736155 15.253809 0.809390 -13.002744 8.564531 -19.392363 36.819767 -14.326224 -2.928509 30.550556 33.471714 8.024420 22.046083 -21.063974 4.167641 -17.561209 24.971901 -3.296527 3.424670 44.299980 29.992054 15.223919 1.498443 -25.000584 15.548698 -32.584145 20.801823 4.051460 -0.861566 26.971821
30.313423 15.224484 0.487972 -12.935574 9.422976 -17.559204 37.183483 -12.338583 -1.035707 31.260700 32.093582 8.593813 20.605940 -21.151011 4.110947 -15.284160 24.581760 -1.938388 5.290576 45.254398 27.901110 15.865287 -0.132914 -25.795732 15.555403 -31.578821 21.166021 5.861352 0.463959 26.967220
28.198647 14.994507 0.154054 -12.807690 10.436986 -15.628914 38.103405 -10.267274 1.360694 32.357094 30.414732 8.902127 19.464113 -20.916754 4.505063 -12.811233 23.995697 -0.533058 7.522632 46.135406 25.201731 16.922445 -2.237609 -26.768656 15.284923 -30.701649 21.843918 7.469955 2.181285 27.445696
25.696712 14.612196 -0.273963 -12.877319 12.105184 -14.134200 39.169113 -8.003280 3.534441 32.813660 28.247507 9.926057 18.255713 -21.866940 5.110905 -9.749164 22.872168 1.653899 9.270213 46.834541 22.508596 17.724300 -3.762878 -28.419569 15.094379 -29.122625 22.459724 9.112129 3.213520 27.398741
22.873089 13.913418 -0.525144 -13.125347 13.472425 -12.322408 39.821262 -6.353238 5.592789 32.980515 25.924566 11.633680 16.685488 -23.510071 4.845206 -7.292333 22.272165 3.183550 10.450387 47.111595 19.935394 18.150116 -4.541270 -29.743977 15.229365 -27.676884 23.233425 10.697899 3.921547 26.896664
20.782370 13.621136 -0.852256 -13.546608 14.223647 -10.845133 40.687870 -5.010824 6.959898 32.573215 24.062292 13.094752 15.457864 -24.147554 4.786973 -5.515205 21.472242 4.022238 11.702482 47.274384 17.452805 18.427938 -5.821926 -31.127602 14.830265 -26.438354 23.826422 11.739666 4.498563 26.573296
19.387659 13.350084 -1.244578 -14.111739 14.687989 -10.075896 41.381443 -4.009211 8.087109 31.393959 22.780670 13.724776 15.016965 -24.697134 5.214348 -4.373896 20.849934 4.905034 12.147494 47.233871 15.224879 18.425562 -6.945631 -32.092834 14.637481 -25.576704 23.973684 12.438028 4.920158 26.615555
18.830690 13.082573 -1.278456 -14.335924 14.731500 -9.614925 41.905220 -3.677076 8.732444 30.779709 22.349760 13.910084 14.939487 -24.847134 5.335171 -3.866025 20.531054 5.175639 12.367438 47.043716 14.507012 18.496727 -7.116787 -32.375526 14.696864 -25.066248 23.864426 12.589685 5.016974 26.499987
18.976286 12.946321 -0.170980 -14.404030 15.376479 -9.495305 41.321941 -3.706321 8.064614 30.872305 22.205301 13.810936 15.575233 -24.827696 5.730338 -3.331517 19.864836 5.221746 11.889022 47.045078 14.799851 18.520254 -6.120499 -32.582886 14.889684 -24.446648 23.645620 12.691184 4.386315 26.302418
20.255663 12.575880 6.162256 -15.796851 17.904972 -8.647312 38.142036 -3.363143 3.570208 31.581266 22.866669 10.841130 20.104942 -23.863684 9.176726 -1.809497 15.147055 3.896095 6.943687 46.463791 15.677740 18.189959 1.012259 -32.354862 17.909758 -21.386526 21.111954 13.202370 0.995998 26.480442
18.991600 10.372584 14.479004 -18.040768 23.501886 -6.145454 30.450386 -3.582412 -3.977081 32.103073 20.929094 3.402345 24.284042 -23.224773 17.663979 -3.470906 7.886792 3.631066 -0.299372 44.039093 14.834139 13.950117 8.574441 -28.866409 25.729294 -17.453684 15.306339 13.744761 -1.992640 26.068897
14.052161 5.745343 19.401081 -17.147770 34.947533 -2.608100 20.111126 -0.670788 -9.101115 33.839016 13.190047 -5.221423 21.569870 -23.351925 27.347103 -5.553418 4.041563 4.667726 -2.117967 40.591080 10.279402 9.332809 12.787430 -21.415342 38.375874 -15.037849 10.566101 16.035494 2.036438 22.204069
11.121414 4.118190 14.017370 -14.985217 39.746540 -5.105148 12.967904 -0.303097 -5.289110 26.688574 11.656287 -8.434815 20.314587 -20.240503 34.735428 -8.190673 0.749659 5.674570 2.652357 29.902508 8.994024 6.771759 12.734982 -12.175938 48.551346 -14.296345 3.715422 15.379122 8.396931 15.909952
12.060306 0.362822 6.073830 -13.534128 40.312809 -2.982125 16.449457 2.286391 5.123303 11.271783 14.095717 -5.365583 15.136662 -19.107264 35.838894 -8.808968 2.477478 4.511863 10.096922 18.512476 13.833761 5.953007 11.320884 -9.921199 47.103237 -10.073041 1.398167 9.054067 11.026704 8.700852
20.373409 1.972402 -0.087634 -10.552281 34.187904 -1.497643 11.791752 -1.096511 13.627113 0.315806 23.101435 1.035690 10.767548 -12.762075 34.308323 -4.879888 2.009697 -4.913673 12.483830 5.862078 23.326042 13.842244 9.036064 -9.288824 38.036945 2.877242 -1.807327 1.144655 12.582576 4.547942
29.491993 1.050327 3.602152 -7.160257 30.103260 -5.250758 7.432882 -6.904269 18.856848 -7.506385 32.796284 6.989168 11.927021 -11.147913 27.943438 1.099919 0.664793 -11.733725 12.615061 -0.931040 30.078600 15.465797 12.317297 -14.340338 26.837273 7.563478 1.771841 -5.682041 8.844144 3.015499
37.095631 2.552207 -0.318510 -4.037190 25.075596 -7.619427 2.989940 -11.864189 22.624166 -12.665801 40.531158 9.915512 9.696772 -9.837025 19.856546 2.127140 -1.830682 -20.393526 10.442188 -3.268974 38.779869 15.952100 12.217111 -17.431393 16.521076 11.733185 1.623448 -10.276161 6.358997 3.291063
41.351643 4.411600 -3.549116 -2.783185 22.868876 -7.430324 1.272231 -12.149630 24.756281 -14.202939 43.487946 15.536555 5.746000 -10.825977 14.109295 2.826794 -2.544433 -23.141680 10.732553 -3.602060 41.693558 16.591860 9.375833 -17.402302 11.817198 13.497517 1.357161 -12.511658 6.332102 3.856253
41.767212 4.444232 -3.946864 -2.677703 22.528114 -7.187363 0.722545 -12.328382 24.558268 -14.039571 43.743687 15.975845 5.283023 -11.050219 13.490770 2.917525 -2.680803 -23.161617 10.884088 -3.590300 41.850742 16.474669 9.052679 -17.477549 11.432912 13.649522 1.167357 -12.533731 6.254432 3.842439
41.419556 4.778187 -2.270174 -1.641243 24.573814 -6.868495 -0.115962 -11.674916 25.292910 -13.708222 42.927338 16.692221 6.371738 -10.847746 14.984680 3.802243 -3.696721 -22.676470 10.625856 -3.262607 41.863564 17.487528 10.327333 -17.429399 12.941289 13.764937 0.812517 -11.775498 6.014298 3.844474
39.947723 4.987861 1.540468 -0.763161 27.900486 -5.900887 -2.212445 -11.439805 24.840881 -12.280416 41.380314 16.928532 8.449506 -11.006078 17.636538 5.379882 -6.303387 -21.019306 11.341085 -3.248366 40.043789 19.083677 13.413382 -17.651436 16.047243 13.597389 -0.170753 -10.815042 5.740401 2.929861
38.013233 4.980131 5.458551 0.446445 32.532307 -4.903413 -5.510106 -9.823997 25.661930 -9.451864 38.927677 18.742058 10.393215 -11.263765 21.200127 6.953682 -10.028770 -17.648970 13.404143 -4.047894 36.211124 22.023438 16.043060 -17.606447 20.298576 13.373632 -1.851822 -9.317808 6.855731 2.345065
37.724041 6.082614 7.339308 2.970354 37.656399 -2.605809 -8.588365 -7.543240 26.398655 -5.835307 35.534359 22.415352 9.228514 -11.025179 24.631010 7.783759 -12.145174 -13.260559 16.852232 -2.183029 33.768726 24.955349 15.235811 -15.112832 24.231701 14.534791 -4.510825 -6.657340 9.452996 3.232614
38.908829 8.305326 6.786949 7.280476 42.350536 -0.430544 -11.114426 -4.489999 28.352180 -2.106291 34.252197 26.483339 6.576207 -10.213894 27.862373 8.789478 -14.359111 -8.824986 20.349287 -0.702498 33.198185 29.141645 12.235505 -11.325941 27.974276 16.228710 -8.199096 -4.065295 12.823254 4.924572
39.696430 11.760331 7.514888 10.210035 46.113644 1.740911 -13.675657 -2.037777 29.947445 -0.009912 33.679607 29.349413 4.733851 -9.151623 30.728340 9.312360 -17.472118 -4.955857 22.909500 0.950186 32.670689 32.327950 9.957666 -8.796895 29.645145 18.151142 -11.939755 -1.813073 15.674205 6.603913
41.603348 16.865507 9.771867 12.899114 49.844372 3.780538 -16.598379 0.742036 31.356562 2.172612 32.391457 32.017475 3.129731 -8.453603 32.847919 10.087197 -21.048828 -2.469722 24.410931 2.473654 32.127392 36.261211 7.402253 -7.084077 29.914385 20.482864 -15.142943 -0.097217 18.775757 8.717626
42.891495 20.975250 12.161880 14.474327 52.866169 5.545473 -19.716782 2.427974 32.245491 3.136529 31.122744 35.818779 2.736147 -8.605309 34.257793 11.730523 -24.431763 -0.913540 25.327127 3.002791 31.760971 40.012001 5.833383 -6.455688 29.682587 22.647449 -17.694166 0.570379 20.664619 10.030212
44.048691 23.269630 13.657940 15.952221 54.595974 6.514383 -21.702232 3.265861 33.251938 3.924681 30.706621 38.407192 2.379978 -8.691818 34.827469 12.658175 -26.182819 0.132423 26.214800 3.294328 31.520798 42.811653 5.024915 -6.028419 29.671738 24.172539 -19.276127 0.923505 21.927740 10.868268
44.170807 23.519726 13.796519 16.188547 54.780178 6.592593 -21.891848 3.230982 33.401554 3.946795 30.632231 38.682205 2.304249 -8.718467 34.903160 12.673271 -26.292305 0.225244 26.232162 3.246831 31.480494 43.045662 4.992201 -5.924412 29.746571 24.268860 -19.463619 0.851061 22.039001 10.900725
44.170807 23.519726 13.796519 16.188547 54.780178 6.592593 -21.891848 3.230982 33.401554 3.946795 30.632231 38.682205 2.304249 -8.718467 34.903160 12.673271 -26.292305 0.225244 26.232162 3.246831 31.480494 43.045662 4.992201 -5.924412 29.746571 24.268860 -19.463619 0.851061 22.039001 10.900725
44.170807 23.519726 13.796519 16.188547 54.780178 6.592593 -21.891848 3.230982 33.401554 3.946795 30.632231 38.682205 2.304249 -8.718467 34.903160 12.673271 -26.292305 0.225244 26.232162 3.246831 31.480494 43.045662 4.992201 -5.924412 29.746571 24.268860 -19.463619 0.851061 22.039001 10.900725
44.170807 23.519726 13.796519 16.188547 54.780178 6.592593 -21.891848 3.230982 33.401554 3.946795 30.632231 38.682205 2.304249 -8.718467 34.903160 12.673271 -26.292305 0.225244 26.232162 3.246831 31.480494 43.045662 4.992201 -5.924412 29.746571 24.268860 -19.463619 0.851061 22.039001 10.900725
44.170807 23.519726 13.796519 16.188547 54.780178 6.592593 -21.891848 3.230982 33.401554 3.946795 30.632231 38.682205 2.304249 -8.718467 34.903160 12.673271 -26.292305 0.225244 26.232162 3.246831 31.480494 43.045662 4.992201 -5.924412 29.746571 24.268860 -19.463619 0.851061 22.039001 10.900725
44.170807 23.519726 13.796519 16.188547 54.780178 6.592593 -21.891848 3.230982 33.401554 3.946795 30.632231 38.682205 2.304249 -8.718467 34.903160 12.673271 -26.292305 0.225244 26.232162 3.246831 31.480494 43.045662 4.992201 -5.924412 29.746571 24.268860 -19.463619 0.851061 22.039001 10.900725
44.170807 23.519726 13.796519 16.188547 54.780178 6.592593 -21.891848 3.230982 33.401554 3.946795 30.632231 38.682205 2.304249 -8.718467 34.903160 12.673271 -26.292305 0.225244 26.232162 3.246831 31.480494 43.045662 4.992201 -5.924412 29.746571 24.268860 -19.463619 0.851061 22.039001 10.900725
43.739273 21.855616 18.364290 17.023548 49.169098 12.702924 -17.911247 -3.173600 38.272980 7.646903 29.984451 36.890686 8.302452 -3.448293 31.923454 21.923132 -21.388184 -3.959511 34.620060 7.909200 30.798265 43.465492 2.199112 -8.028515 28.991074 22.228861 -21.054295 1.771225 20.561874 9.855466
43.739273 21.855616 18.364290 17.023548 49.169098 12.702924 -17.911247 -3.173600 38.272980 7.646903 29.984451 36.890686 8.302452 -3.448293 31.923454 21.923132 -21.388184 -3.959511 34.620060 7.909200 30.798265 43.465492 2.199112 -8.028515 28.991074 22.228861 -21.054295 1.771225 20.561874 9.855466
43.739273 21.855616 18.364290 17.023548 49.169098 12.702924 -17.911247 -3.173600 38.272980 7.646903 29.984451 36.890686 8.302452 -3.448293 31.923454 21.923132 -21.388184 -3.959511 34.620060 7.909200 30.798265 43.465492 2.199112 -8.028515 28.991074 22.228861 -21.054295 1.771225 20.561874 9.855466
44.095291 22.112682 18.725840 17.005135 49.038383 13.138593 -18.430487 -3.277357 38.882133 7.730932 30.037134 37.490200 7.764410 -3.745849 32.162563 22.084093 -20.749804 -3.399887 35.008896 6.803224 31.623699 44.227520 2.206364 -8.231861 29.862968 21.963472 -22.071634 2.006878 19.242641 9.043025
44.181690 22.264870 18.761215 17.006716 49.107220 13.202828 -18.582777 -3.215479 38.849739 7.708830 30.073111 37.616558 7.743735 -3.842540 32.093925 22.147100 -20.939581 -3.311826 35.024647 6.840884 31.507830 44.103317 2.108845 -8.308105 29.750143 21.921375 -22.031860 2.120726 19.382833 9.090123
44.202343 22.273062 18.776180 17.011295 49.108456 13.201644 -18.596855 -3.228229 38.848072 7.711059 30.076429 37.621197 7.756672 -3.838837 32.086590 22.157194 -20.939268 -3.325652 35.028496 6.846253 31.503475 44.096260 2.106261 -8.314015 29.739027 21.918346 -22.035362 2.120515 19.377621 9.101807
44.201279 22.269840 18.781725 17.013933 49.111355 13.200415 -18.597639 -3.224705 38.853477 7.713587 30.077894 37.622128 7.756357 -3.839566 32.089596 22.155039 -20.941973 -3.319822 35.029369 6.842792 31.502134 44.094639 2.105405 -8.313627 29.735676 21.922482 -22.034142 2.117991 19.377804 9.105208
44.217930 22.296186 18.783352 17.024466 49.139385 13.201065 -18.620909 -3.201823 38.865585 7.707108 30.083641 37.643654 7.760425 -3.838172 32.090607 22.154875 -20.945333 -3.318702 35.047367 6.823787 31.497717 44.094437 2.087820 -8.323666 29.722303 21.918171 -22.054682 2.110015 19.358629 9.120426
44.212933 22.287916 18.780468 17.022287 49.137535 13.204118 -18.607910 -3.196575 38.865585 7.706798 30.080275 37.637951 7.758006 -3.839139 32.090523 22.156847 -20.937748 -3.312762 35.050854 6.826555 31.498034 44.099583 2.091755 -8.320733 29.724663 21.921043 -22.039351 2.110170 19.377443 9.108731
44.211250 22.284107 18.782042 17.024572 49.140652 13.205395 -18.603485 -3.191165 38.870453 7.707423 30.080681 37.641064 7.756767 -3.842544 32.089272 22.157858 -20.937485 -3.310069 35.050800 6.824961 31.498421 44.099499 2.092469 -8.318759 29.727991 21.919571 -22.039688 2.111329 19.378189 9.107261
44.216061 22.283096 18.788458 17.029448 49.135326 13.198130 -18.608027 -3.207838 38.870197 7.713206 30.082420 37.637764 7.765455 -3.836538 32.088306 22.154249 -20.933411 -3.321990 35.050327 6.824587 31.499817 44.099289 2.095414 -8.318905 29.726131 21.921631 -22.044268 2.108229 19.371891 9.112842
44.216030 22.283087 18.788336 17.029259 49.137203 13.197783 -18.608925 -3.205453 38.868908 7.714162 30.083998 37.640415 7.766749 -3.837306 32.087933 22.153816 -20.933872 -3.323529 35.050648 6.821573 31.493752 44.096306 2.088654 -8.320737 29.720072 21.924994 -22.045183 2.110133 19.371048 9.119576
44.216244 22.284338 18.783588 17.026270 49.128933 13.196404 -18.607988 -3.213810 38.867443 7.711503 30.081360 37.631561 7.767515 -3.834127 32.089703 22.152346 -20.928913 -3.322342 35.052353 6.826880 31.498211 44.095222 2.092248 -8.316879 29.729362 21.920055 -22.044128 2.109300 19.374805 9.109547
