1.243981 -13.830068 8.593692 -23.888975 11.835141 -0.681668 -42.414806 -40.299980 32.093536 6.776145 -1.877739 -20.656008 -1.792786 -12.120355 25.249020 12.248740 -22.695993 -34.239063 31.264616 -3.575358 7.197780 -12.559504 6.737208 -28.346189 20.068836 -1.632877 -48.802162 -21.823992 34.229626 -3.771199
1.030998 -11.053968 7.358822 -24.554884 11.189322 -0.879049 -40.329922 -39.960579 31.041323 7.771612 -1.686497 -18.779160 -2.976590 -12.134988 24.439051 11.937552 -21.235550 -34.278564 30.461594 -2.283596 6.202867 -10.675527 4.853237 -28.854492 19.858183 -2.058777 -45.938065 -21.528500 33.100998 -2.870955
-0.348796 -8.204240 5.840774 -25.486814 10.522646 -1.767012 -36.442707 -39.316650 29.788980 9.078443 -1.959733 -14.575399 -3.800372 -12.841730 23.102648 11.339765 -18.608845 -35.419563 28.351841 0.217941 3.578191 -7.273275 3.044225 -31.263628 19.132465 -2.471801 -39.608910 -22.146729 28.852890 -2.041588
-1.986135 -6.187751 3.342978 -26.087502 9.274047 -2.950588 -31.803236 -38.350384 28.695715 10.696653 -1.779037 -10.956202 -4.455479 -13.217077 21.508545 9.957518 -15.356563 -36.768818 25.886021 3.028826 2.354958 -4.309616 1.829337 -33.134686 17.747454 -2.872418 -34.723320 -22.162361 25.134281 0.268478
-2.489737 -4.742227 -0.084507 -26.236137 8.174249 -3.529002 -27.367159 -37.289406 27.756081 11.367338 -0.975427 -9.103538 -5.317556 -13.624599 20.538292 8.824595 -11.104098 -37.124619 23.657072 3.748943 0.553666 -1.754114 -0.928998 -35.542458 15.578093 -2.661688 -29.377394 -22.316141 21.501335 1.816850
-2.122149 -2.938831 -3.365097 -27.262121 6.777888 -2.779750 -24.218031 -36.273220 26.521925 11.035981 -0.944987 -8.036420 -7.120729 -14.098891 20.070286 7.661973 -7.348293 -36.764797 23.067699 3.996697 0.373082 -0.199624 -4.545737 -35.657745 14.175274 -2.993185 -26.554510 -21.865658 20.783657 3.397336
-1.953408 -1.912796 -6.403590 -27.372805 5.995076 -1.722841 -21.970564 -35.575756 25.061079 11.804181 -0.833472 -7.805942 -9.279770 -14.057458 19.804298 6.866067 -3.884932 -36.028481 22.569088 3.728275 -0.061895 0.220102 -7.983812 -35.026306 13.614388 -2.455350 -24.608122 -21.430861 19.588490 4.158152
-2.634709 -2.909812 -8.287014 -26.415424 6.025052 -1.379550 -20.884796 -35.711868 24.106499 13.429147 -0.398563 -8.041531 -10.635773 -13.674777 19.346220 6.407489 -2.188353 -35.805069 22.136425 4.120054 -0.317876 -0.266727 -10.515093 -34.409019 12.963072 -2.026817 -23.774744 -21.132309 18.132099 5.755567
-3.524452 -2.884948 -8.895929 -26.180830 6.567984 -1.025883 -19.084091 -35.375164 23.143522 14.309356 -0.361191 -7.924916 -11.455932 -13.284686 19.405893 6.292536 -0.849140 -35.542290 21.757040 3.927929 -0.717919 -0.484466 -11.353660 -33.800800 13.541110 -2.135324 -22.988331 -20.881430 17.231857 5.882584
-3.754100 -2.822707 -9.052594 -25.892176 6.998972 -0.756255 -17.813301 -35.103989 22.359674 14.524571 -0.419029 -7.826494 -11.639448 -13.208432 19.524790 6.186798 -0.013365 -35.280750 21.456947 3.958430 -0.873026 -0.623949 -11.840714 -33.624023 13.535316 -2.055906 -22.385080 -20.737795 16.529001 6.015673
-4.156398 -2.459510 -9.620016 -25.930220 7.001128 -0.503059 -17.192926 -34.901531 22.179201 14.602328 -0.464175 -7.802281 -11.962348 -13.191131 19.467779 6.094055 0.467082 -35.206253 21.541468 3.756105 -1.108403 -0.638256 -12.585811 -33.508503 13.530554 -1.973113 -21.987892 -20.828224 16.387758 5.859529
-6.148724 -3.204586 -13.035795 -25.634279 6.647878 1.089043 -14.353846 -34.610607 20.945044 13.479983 -1.986669 -7.665355 -13.797986 -13.798905 19.046257 5.789799 3.426621 -34.672138 22.059586 2.632710 -2.903391 -1.077299 -15.055848 -33.321384 14.191093 -2.603853 -19.384722 -21.525375 15.209258 4.914794
-9.380487 -2.086560 -18.318192 -24.722569 9.235891 4.730809 -9.082011 -33.191845 19.614660 10.186991 -4.733265 -6.214849 -17.135473 -14.689500 18.653105 6.582064 6.389092 -33.889500 22.607220 2.417304 -6.094365 -1.455081 -20.942673 -31.251528 16.506248 -4.487627 -14.042492 -22.581547 12.956016 3.215449
-10.234967 0.533758 -24.151569 -22.692665 13.014060 9.005539 -6.215798 -31.020815 20.137583 7.573445 -6.631890 -2.179321 -22.012365 -15.359646 20.037626 8.186697 8.154346 -31.713924 24.448463 2.303711 -7.687102 -1.884101 -26.721828 -29.104498 19.309345 -4.233852 -10.586906 -22.535561 13.305656 -1.196181
-7.901421 3.627913 -31.770300 -17.674036 13.042758 12.776946 -5.496955 -29.145267 20.136675 9.027699 -3.565906 2.117175 -30.431427 -14.207041 18.592207 9.264994 7.017475 -25.745907 29.530205 4.804909 -7.387035 0.569603 -35.319313 -26.406614 16.960915 0.636952 -10.133922 -21.713133 12.394659 0.329732
-7.372228 1.849898 -37.608078 -12.535335 14.410385 13.446009 -3.725171 -22.875975 23.638502 16.965242 -0.893976 5.018608 -38.475513 -14.408362 13.081141 10.366903 5.660186 -18.398169 34.053841 10.982359 -10.007935 -4.799210 -43.422523 -26.512632 13.460469 -0.566450 -8.445946 -19.477812 12.270799 6.676131
-2.356184 -0.782800 -38.255722 -8.664360 14.704148 13.634158 -4.818203 -15.933398 26.734257 22.512178 4.239172 -0.455456 -41.622395 -20.086514 4.430090 11.806543 9.542633 -16.380987 30.014357 12.235930 -1.372809 -2.681108 -45.170822 -27.047409 7.184244 1.527174 -7.834686 -16.226719 11.174109 10.644933
7.409494 -3.305597 -40.028233 -9.417922 7.929358 13.516580 -8.228701 -17.239330 24.114908 20.981970 13.345026 -7.891435 -44.820515 -16.116848 -0.410465 13.357111 6.656797 -16.727060 26.324841 14.262102 9.509690 -4.929106 -46.238167 -21.569658 6.145168 6.300186 -14.044140 -11.455417 14.286880 10.441258
11.028913 -10.099007 -43.688610 -11.342999 -0.307236 10.748596 -3.451152 -18.721512 17.206625 23.637169 21.070173 -11.399500 -44.503895 -11.422508 -2.346185 11.154385 6.730793 -18.581696 23.039299 17.422514 16.002375 -12.521581 -47.625801 -22.412655 0.016513 3.340586 -11.353788 -13.556705 10.509843 11.222601
12.788689 -10.728872 -45.844429 -11.592032 -4.034984 6.044210 2.271292 -20.120352 16.817350 22.072897 26.769426 -13.739594 -42.275562 -9.565368 -3.617968 9.255350 8.810302 -19.669634 20.617912 16.395788 20.350529 -14.133330 -45.977150 -23.076824 -2.351487 -0.907297 -6.531072 -15.711190 6.125965 10.276155
13.135382 -10.768461 -46.083286 -11.579696 -4.504799 5.427171 3.144807 -20.118174 16.790194 22.050135 27.342630 -14.105820 -42.093975 -9.491976 -3.837173 9.055585 9.206285 -19.580820 20.304443 16.345789 20.803497 -14.195596 -45.589779 -23.226904 -2.534351 -1.188951 -6.152716 -15.853542 5.630573 10.231901
12.493506 -10.234621 -46.240616 -11.643843 -4.389422 5.513236 3.168936 -19.866331 16.751463 23.004969 26.816683 -13.915083 -42.728489 -9.491372 -3.957074 8.647408 9.458464 -19.441465 20.530775 17.364626 20.097265 -13.778755 -46.234924 -23.407175 -2.784712 -1.721479 -5.870212 -15.880903 5.753018 11.443033
11.442651 -9.098791 -46.382191 -12.000980 -4.343554 5.723557 3.336390 -19.585552 16.133909 25.280905 25.882885 -13.935919 -43.882870 -9.275122 -3.885036 8.069012 9.818012 -18.707474 20.983004 19.238821 19.090048 -12.811212 -47.295582 -23.414343 -2.918388 -2.510956 -5.536253 -15.600814 6.049555 13.662107
9.614932 -7.623123 -46.034710 -12.603987 -4.014935 6.059640 3.280882 -19.246405 15.390426 28.174181 23.706781 -13.883590 -45.100903 -9.006616 -3.179850 7.401819 9.821133 -17.711767 21.689602 21.955156 17.105789 -11.137073 -48.776211 -23.604742 -3.151366 -2.992285 -5.340675 -14.998453 6.568915 16.754274
6.955311 -5.584944 -45.307484 -13.759520 -3.455892 6.539001 2.824366 -18.951420 14.434740 32.334545 20.304100 -13.774665 -46.250343 -8.635806 -1.766686 6.383588 9.629812 -16.429447 22.605328 25.885315 14.442110 -8.562467 -50.207333 -23.664814 -2.694741 -3.851172 -5.205180 -14.572532 7.827088 20.087795
4.854460 -3.119035 -43.675282 -14.385827 -2.360221 6.400157 3.099103 -18.575563 14.075399 35.597610 17.004982 -12.973494 -45.884563 -8.455152 0.154372 5.342386 9.421070 -15.092115 23.057619 29.930864 12.356743 -5.757656 -50.670597 -23.234268 -1.178549 -5.120903 -4.435472 -13.994130 8.980670 22.248215
4.258487 -0.572024 -41.758793 -14.550637 -1.007469 6.357130 3.712775 -17.940599 13.573890 38.535080 13.879617 -11.970244 -45.578022 -8.138047 1.843944 4.225211 9.304634 -13.654975 23.526184 34.200127 9.349311 -2.873626 -51.125904 -23.404615 0.126370 -5.855528 -3.651155 -12.973795 10.300942 24.286835
2.689014 1.147520 -40.642475 -14.828230 0.508626 6.747110 4.097557 -17.139130 13.685631 40.586906 11.185748 -11.202599 -45.336308 -8.044153 3.191209 3.504935 9.543845 -12.694489 23.705452 37.197784 6.379981 -1.043308 -51.383907 -23.720783 1.327487 -6.365384 -3.265466 -12.333534 11.163655 25.818436
2.162019 2.646304 -39.869270 -14.806540 1.494287 6.557458 4.543403 -16.889351 13.811722 41.674309 9.443435 -10.520661 -44.736248 -8.210006 4.058187 2.869239 10.175359 -11.878385 23.719730 39.205116 4.435427 0.261328 -51.430538 -23.872726 2.179837 -6.966577 -2.840563 -11.990329 11.632104 26.708138
1.974507 3.651495 -39.094406 -14.804790 2.163289 6.358607 4.729218 -16.783150 13.968787 42.023109 8.277714 -9.961671 -44.303051 -8.359143 4.692675 2.586386 10.455283 -11.318722 23.768459 40.410835 3.360631 1.183107 -51.373600 -23.844769 2.855594 -7.633277 -2.395872 -11.821435 11.981406 27.168671
1.805388 3.872677 -38.960056 -14.802635 2.378728 6.393918 4.681745 -16.725355 14.053783 42.145119 7.958969 -9.735982 -44.237846 -8.402854 4.820014 2.578420 10.399785 -11.307054 23.780081 40.667168 3.096081 1.351421 -51.373055 -23.829187 3.009080 -7.722195 -2.355167 -11.799036 12.056729 27.238369
0.903816 4.579997 -38.573097 -14.819966 3.138370 6.445422 4.547872 -16.622194 14.367393 42.566124 6.677727 -8.783892 -43.699375 -8.716556 5.229329 2.428217 10.292975 -11.464531 23.813789 41.442162 2.017112 2.154876 -51.204849 -23.576036 3.912503 -8.182486 -2.311206 -11.736934 12.479041 27.406284
-0.967760 6.218197 -37.419510 -14.944993 4.603101 6.409328 4.379254 -16.599909 14.984528 43.237904 4.324463 -6.912134 -42.259377 -9.286221 6.462650 2.503155 9.780295 -12.070689 23.839674 41.856285 0.613607 3.515506 -50.817726 -23.015581 5.547973 -9.120976 -2.091963 -11.688868 13.213969 27.338549
-3.768762 8.194760 -35.885597 -15.294338 6.866603 6.563243 4.447670 -16.525202 15.855772 43.539169 1.168030 -3.920247 -40.221684 -10.262404 8.519994 3.172552 8.997738 -12.684619 23.726326 41.851116 -2.037602 5.594671 -50.135403 -22.388821 8.305964 -10.695677 -1.353219 -11.485439 14.135407 27.379921
-6.475421 10.289253 -33.550194 -15.647402 9.566312 6.757380 4.517581 -16.654112 16.466164 43.440498 -2.376333 -1.011294 -37.153915 -11.711647 11.068197 4.248703 8.231474 -12.872176 23.533575 41.326668 -4.716424 7.034254 -48.104763 -21.800060 11.994588 -11.946673 -0.653572 -11.222576 14.520033 26.291035
-9.030143 12.005388 -31.331919 -16.664087 11.774962 7.260338 5.030091 -16.542082 16.554190 43.000488 -5.248862 1.645272 -34.079876 -13.147922 13.094944 4.766427 7.990973 -12.326859 23.655632 41.100105 -7.656765 8.607065 -46.021084 -21.468718 15.368463 -13.046761 -0.260330 -11.042650 15.582911 24.921694
-12.124959 14.744082 -28.531672 -17.795130 14.435953 6.631126 6.210362 -17.236101 17.788301 40.626305 -8.109753 4.787024 -30.249382 -14.768207 15.386838 5.486009 7.584958 -11.685842 23.565725 40.633202 -11.138653 10.454535 -43.231255 -22.315969 18.548620 -14.558754 1.173327 -11.208940 16.501633 22.633404
-10.064628 17.731846 -16.879932 -19.333975 17.572405 1.246789 -0.821572 -11.495644 28.036970 40.463478 -10.206449 11.352904 -26.714943 -13.732206 24.233406 3.094649 15.375184 -9.143184 24.918621 33.452915 -10.807789 12.394198 -31.569788 -22.339617 21.136761 -15.586762 -1.201659 -2.789864 24.807159 25.385109
-13.125567 20.570259 -9.314735 -21.428360 21.680191 -0.479140 2.029830 -13.024438 27.365952 36.720345 -13.950377 15.429107 -18.407743 -15.909086 28.666183 3.343984 15.535180 -9.639165 23.345526 33.119453 -14.601523 15.839644 -25.227297 -23.860281 25.884937 -17.832954 0.770329 -3.449157 24.279911 23.232832
-15.991147 21.104025 -2.403578 -23.635592 25.015480 -1.983694 5.037192 -14.712443 26.364429 32.293678 -17.559351 17.622669 -10.102826 -17.904089 32.262917 4.225759 14.608951 -11.497697 20.835293 31.685944 -17.751583 18.337173 -17.415476 -26.392832 30.406702 -18.178391 1.642854 -4.152652 22.178856 20.078098
-21.062016 17.550219 3.725356 -25.342218 28.346853 -2.422945 9.068411 -17.474903 25.323168 26.728720 -21.505394 17.799194 -3.912041 -21.801197 33.169949 6.904473 15.722192 -14.119081 16.983421 28.896879 -21.678080 17.399733 -12.138615 -29.300117 35.767429 -18.617790 1.516155 -4.502686 17.575853 15.159001
-23.710241 14.922784 7.618348 -27.355379 29.882433 -2.511880 9.196165 -19.677164 24.824253 21.166311 -23.143862 16.631109 2.165788 -23.479395 34.945660 8.747440 14.254588 -16.706427 14.811824 24.940338 -24.754480 15.827642 -7.892752 -31.794544 38.337059 -17.844110 2.286461 -5.186407 15.592728 10.824502
-25.891237 12.705216 9.923759 -29.214247 30.257198 -3.023835 9.435930 -22.227682 24.424726 16.510515 -24.634579 15.818466 7.065470 -25.219143 36.566326 9.267206 14.408340 -18.357521 13.245154 21.781630 -26.812422 13.852500 -4.005437 -34.395443 40.011227 -18.269838 3.896423 -6.361377 13.429560 6.973541
-25.776081 10.765931 12.975264 -30.079720 30.710388 -4.297571 9.858016 -24.152229 23.956923 12.526122 -25.585932 15.164248 12.074789 -26.499144 38.177498 9.700334 14.273014 -19.640306 11.898251 19.014681 -28.004799 12.348310 0.437684 -36.262970 41.620064 -18.981102 5.212762 -7.386116 11.101857 3.785430
-25.362736 8.593051 15.179473 -30.467897 31.617769 -4.711005 10.412936 -25.246235 23.620663 8.995319 -25.083010 13.845314 15.717446 -27.272602 38.665993 10.144947 13.934863 -21.563999 10.691020 15.737334 -27.616795 10.740912 3.807107 -37.713005 42.370358 -18.535776 5.626617 -8.300262 9.280540 0.895744
-24.511452 5.866132 16.782907 -30.691837 32.019341 -4.451153 10.102541 -26.185431 23.343252 5.066661 -24.058113 12.174626 18.461428 -27.405388 39.530056 10.598446 13.292027 -23.040644 10.133864 12.544666 -26.128595 9.015340 6.362376 -38.583790 42.550407 -17.369272 5.396960 -9.289606 7.722353 -2.002541
-23.571833 3.078360 18.340878 -30.959513 32.566959 -4.214563 10.201286 -26.507414 23.135201 1.907600 -22.798712 10.948122 21.083185 -27.477446 40.431107 11.129715 12.628463 -24.245487 9.527238 9.557815 -24.658401 7.549664 8.970560 -38.690571 43.479710 -16.693834 5.063531 -9.847806 6.328290 -4.672806
-22.852314 0.853254 19.253340 -31.313162 32.874294 -3.810804 10.232061 -26.379457 23.177225 -0.306220 -21.945116 10.170877 22.891434 -27.499931 41.078575 11.541260 12.143286 -25.053064 9.091512 7.525420 -23.256281 5.893431 10.512889 -38.706074 43.637615 -15.753388 4.333900 -10.130239 5.737648 -7.196912
-22.220421 -0.598748 19.857082 -31.448847 32.964081 -3.583355 10.222858 -26.220188 23.220716 -1.756297 -21.007700 9.358657 23.846354 -27.388645 41.115566 11.914855 11.605888 -25.677345 8.843426 5.944740 -22.636995 5.199748 11.669474 -38.674351 43.950603 -15.378586 3.984430 -10.285948 5.448929 -8.555102
-21.695566 -1.424110 19.514191 -31.377131 32.509289 -3.256676 9.825404 -26.191137 23.179407 -2.441743 -20.591000 8.945965 24.122728 -27.312832 41.080196 12.112220 11.429461 -25.898405 8.770862 5.204480 -22.064779 4.783432 12.024536 -38.546547 43.843441 -15.022557 3.655581 -10.395294 5.344855 -9.235151
