0.376269 0.599503 0.944519 0.422184 0.926149
0.377881 0.597774 0.944799 0.421783 0.926202
0.380782 0.593430 0.945227 0.420776 0.926073
0.385499 0.586314 0.945952 0.419127 0.925941
0.390304 0.577125 0.946630 0.416999 0.925595
0.394997 0.566198 0.947253 0.414471 0.925099
0.398060 0.554667 0.947543 0.411804 0.924328
0.400571 0.543091 0.947757 0.409129 0.923552
0.401432 0.533188 0.947699 0.406842 0.922733
0.401565 0.526203 0.947575 0.405230 0.922113
0.401315 0.523651 0.947472 0.404641 0.921845
0.406012 0.512118 0.948020 0.401981 0.923020
0.414653 0.481527 0.948943 0.394935 0.925758
0.420669 0.437209 0.949649 0.384753 0.929187
0.417962 0.385201 0.949640 0.372841 0.932655
0.400251 0.333461 0.948177 0.361031 0.935660
0.369371 0.287301 0.945665 0.350531 0.938522
0.328865 0.251488 0.942312 0.342414 0.941385
0.286518 0.227856 0.938678 0.337078 0.944204
0.253479 0.214906 0.935769 0.334165 0.946532
0.240674 0.210570 0.934650 0.333192 0.947512
0.245953 0.209688 0.935567 0.332992 0.947664
0.261182 0.206135 0.938254 0.332188 0.948180
0.282193 0.201372 0.941914 0.331109 0.948972
0.304935 0.196742 0.945802 0.330061 0.949918
0.327583 0.191917 0.949639 0.328968 0.950984
0.347317 0.187938 0.952948 0.328067 0.951990
0.363881 0.184169 0.955726 0.327214 0.952917
0.376354 0.181032 0.957823 0.326505 0.953662
0.384131 0.178959 0.959135 0.326036 0.954145
0.386871 0.178194 0.959598 0.325863 0.954318
0.386871 0.178194 0.959598 0.325863 0.954318
0.386871 0.178194 0.959598 0.325863 0.954318
0.386871 0.178194 0.959598 0.325863 0.954318
0.386871 0.178194 0.959598 0.325863 0.954318
0.386871 0.178194 0.959598 0.325863 0.954318
0.386871 0.178194 0.959598 0.325863 0.954318
0.386871 0.178194 0.959598 0.325863 0.954318
0.386871 0.178194 0.959598 0.325863 0.954318
0.386871 0.178194 0.959598 0.325863 0.954318
0.386871 0.178194 0.959598 0.325863 0.954318
0.386871 0.178194 0.959598 0.325863 0.954318
0.386871 0.178194 0.959598 0.325863 0.954318
0.386871 0.178194 0.959598 0.325863 0.954318
0.386871 0.178194 0.959598 0.325863 0.954318
0.386871 0.178194 0.959598 0.325863 0.954318
0.386871 0.178194 0.959598 0.325863 0.954318
0.386871 0.178194 0.959598 0.325863 0.954318
0.386871 0.178194 0.959598 0.325863 0.954318
0.386871 0.178194 0.959598 0.325863 0.954318
