-6.537307 6.981950 -18.319159 -2.895683 -23.091694 -0.980668 -24.216860 -6.594374 13.821161 -6.267612 -3.633827 -13.552493 -12.510060 3.058025 -0.218240 -4.427367 12.580693 -3.374954 -17.917818 -28.142168 -6.880393 -15.861661 12.270188 5.377851 -16.503002 4.971884 37.355900 4.231614 -12.606502 14.135565
-6.352888 7.081523 -18.524059 -2.853072 -23.178009 -0.994544 -24.286442 -6.565199 13.833165 -6.370258 -3.741363 -13.675126 -12.590007 2.934409 -0.118041 -4.565507 12.503513 -3.380329 -17.997091 -28.103420 -6.900524 -15.895219 11.903851 5.461130 -16.520041 4.968267 37.421825 4.491008 -12.508996 14.165438
-6.247106 7.375419 -18.783340 -2.718127 -23.359293 -1.081089 -24.255686 -6.332643 13.766085 -6.402051 -3.868814 -13.900834 -12.563768 2.747681 -0.067412 -4.766225 12.272737 -3.237601 -18.187647 -27.928787 -6.803462 -16.360653 11.349428 5.420332 -16.482183 4.899431 37.433918 4.783514 -12.342082 14.148902
-6.144351 7.486651 -19.330137 -2.487420 -23.452126 -1.189811 -24.200260 -6.029221 13.784189 -6.283558 -4.332164 -14.360574 -12.581065 2.826198 -0.178597 -4.770097 11.995477 -3.012072 -18.436563 -27.517904 -7.168530 -16.938267 10.761689 5.826528 -16.503242 4.666715 37.375473 5.194463 -11.924794 14.239626
-5.751546 7.859166 -19.960619 -2.228381 -23.344797 -1.290671 -23.746534 -5.501759 13.885908 -6.025508 -4.593188 -14.872428 -12.764762 2.643896 -0.074171 -5.001234 11.565681 -2.773211 -18.572504 -27.315897 -7.161549 -17.938093 10.031392 5.862697 -16.153944 4.667127 37.227551 5.910721 -10.977023 14.051838
-5.039276 8.434131 -20.755156 -2.286587 -23.037844 -1.166718 -23.201122 -5.179275 14.223205 -5.728629 -5.189020 -15.678946 -12.534945 2.627479 -0.022023 -5.474404 10.893712 -2.011173 -18.733719 -26.517561 -7.256051 -18.373316 9.363682 6.132109 -15.959952 4.247660 36.811367 6.713617 -10.282760 13.777746
-4.499152 9.353084 -21.737413 -2.270930 -23.233404 -1.276243 -22.934525 -4.575286 14.277125 -5.903577 -5.523330 -16.577122 -12.543573 2.284536 0.127131 -5.556814 9.868505 -1.201448 -18.966295 -25.906977 -8.146602 -19.185568 8.466105 6.269426 -15.781139 3.889205 36.348846 7.663952 -9.404966 13.546432
-4.288130 9.835018 -22.603130 -2.010103 -22.956066 -1.426942 -22.031261 -3.649133 14.579626 -5.609393 -5.833071 -17.340551 -12.493232 1.964374 0.360550 -5.953315 9.043345 -0.206303 -19.276329 -25.061855 -7.702674 -20.623783 7.286226 6.277996 -15.397561 2.937996 35.566025 8.528903 -8.659456 13.373980
-3.768670 10.645919 -23.360601 -2.188133 -22.363028 -1.109286 -20.947317 -3.172647 15.146011 -5.395308 -6.573553 -18.020121 -12.556560 1.729992 0.522573 -6.159896 8.334954 0.732281 -19.509390 -24.541399 -7.462418 -22.034796 6.037883 6.755134 -14.931018 2.135209 34.897572 9.791840 -7.768745 13.093111
-3.347015 11.483896 -24.707212 -2.719307 -21.904114 -0.612550 -20.454035 -3.023554 15.486204 -4.814718 -6.801207 -18.462029 -12.292853 1.567778 0.722023 -7.012425 8.188632 1.380216 -20.222792 -23.027029 -7.817027 -23.757755 4.976382 6.854582 -14.730460 1.579979 34.311344 10.522426 -6.911209 12.871126
-3.282982 12.340710 -26.022234 -3.182763 -21.375778 -0.259697 -19.653893 -2.491928 15.837963 -4.177925 -7.141474 -19.002987 -12.206846 1.709657 0.696270 -7.675154 8.234273 1.627517 -21.029341 -21.724600 -8.034683 -25.434792 3.799962 7.169710 -14.486244 0.435429 33.119759 11.233600 -5.988182 12.632118
-3.621355 13.217109 -27.380928 -3.652845 -20.512438 0.573377 -18.503162 -2.223804 16.543833 -3.525405 -7.125867 -19.080723 -12.117681 1.912523 1.174415 -8.741561 7.814215 2.178146 -22.025070 -20.110950 -8.401006 -27.136391 2.520703 7.323001 -14.192843 -0.424254 32.131416 12.100380 -5.251553 12.297808
-4.277394 13.789511 -28.439054 -3.881097 -19.793007 1.255076 -17.579479 -2.037699 17.027346 -2.747246 -6.973053 -19.456692 -12.178688 2.418666 1.497957 -9.798081 8.053354 2.322662 -23.132708 -18.332315 -8.134148 -28.967968 1.486078 6.818953 -13.556298 -1.823950 30.613922 12.934788 -4.864861 11.835842
-5.116565 14.436794 -29.894144 -4.554115 -18.885519 2.190039 -16.521500 -1.845501 17.779696 -2.240266 -6.854249 -19.439615 -12.049946 2.749545 1.852946 -11.028228 8.354558 2.504954 -24.704866 -15.912539 -8.552112 -30.764524 0.201323 6.395477 -13.293553 -2.886803 29.445557 13.602608 -4.735872 11.614311
-6.129465 15.121013 -30.897362 -5.085668 -18.160048 3.086398 -15.601913 -1.716051 18.128139 -1.497815 -6.224799 -19.586823 -12.198306 3.176897 1.975736 -11.650108 8.714391 2.252137 -26.083941 -14.175324 -7.907866 -32.451900 -0.917245 5.620354 -12.661188 -3.514425 28.473732 14.425394 -4.577728 11.038530
-7.339649 15.712469 -31.625086 -5.312338 -17.377094 4.408121 -14.579651 -2.020813 18.801624 -0.850820 -5.470148 -20.116447 -11.924155 3.490692 1.597833 -12.085948 9.256836 2.555528 -27.243174 -12.570615 -7.093230 -34.223484 -1.716784 4.953573 -12.140745 -3.814673 27.911419 14.952274 -4.355349 10.616038
-8.389868 16.216944 -32.312809 -5.691910 -16.839600 5.342214 -13.786579 -2.082216 19.273630 -0.442051 -4.685176 -20.428591 -11.679047 3.779182 1.637290 -12.283891 9.516401 2.801904 -28.347914 -10.708658 -6.523376 -35.372902 -2.436462 4.521578 -11.735441 -4.269505 27.199715 15.349624 -4.246052 10.211665
-9.152592 16.465944 -32.796265 -5.833232 -16.472736 6.003554 -13.285330 -2.184497 19.656834 -0.326326 -3.860088 -20.678982 -11.446090 3.899331 1.549934 -12.219487 9.692182 2.823682 -29.358839 -9.548511 -5.711278 -36.084373 -2.883790 4.561446 -11.258850 -4.334764 26.938065 15.755127 -4.278844 9.944528
-9.927563 16.553755 -32.832848 -6.159376 -16.184296 6.414499 -12.988055 -2.318395 19.868553 -0.387952 -3.680178 -20.805592 -11.207114 3.879868 1.585976 -12.297374 9.700496 3.014770 -29.892885 -8.697397 -5.366236 -36.228287 -3.159714 4.635201 -11.092218 -4.700340 26.414677 15.893084 -4.801747 9.600545
-10.038469 16.663158 -32.944622 -6.220004 -16.132704 6.583892 -12.928218 -2.393510 19.937923 -0.349987 -3.631192 -20.857435 -11.115471 3.801937 1.583156 -12.267814 9.726099 2.978696 -30.020357 -8.477023 -5.336957 -36.479401 -3.132497 4.623930 -10.978106 -4.782899 26.266224 15.917969 -4.989030 9.495808
-9.500378 16.789640 -32.564632 -5.547446 -16.391582 6.326353 -12.900538 -2.277292 19.785654 -0.300066 -4.100210 -20.666332 -11.407881 4.072910 1.599741 -12.180475 9.699853 3.046386 -29.709272 -8.883590 -5.429577 -36.567619 -3.134484 4.181524 -11.084351 -4.538083 26.558764 15.880527 -4.423695 9.671263
-8.399288 16.849768 -31.471031 -4.395300 -17.248196 5.477787 -13.444171 -2.280379 19.381187 -1.202275 -6.449793 -20.077353 -12.272840 3.959498 2.461604 -11.458373 8.837972 3.034508 -28.390417 -10.001410 -6.554928 -35.046562 -3.518158 4.522746 -12.062296 -4.817413 26.892729 15.887322 -4.474827 10.180496
-7.001555 16.953188 -28.586107 -1.920306 -18.778070 4.000422 -13.921917 -1.992270 18.186598 -1.676068 -9.586245 -19.214293 -13.356242 4.075768 3.417081 -9.886024 7.887325 3.014182 -26.584829 -11.964996 -6.155408 -31.790339 -3.010467 6.002989 -12.633206 -5.534243 27.260445 15.809712 -4.909757 11.407358
-5.030752 17.003555 -24.889469 1.243621 -20.525366 2.543832 -14.510041 -2.136912 17.099255 -2.089597 -12.016833 -18.668577 -14.033299 3.299385 4.441879 -8.009504 7.499104 2.293166 -23.472136 -14.485036 -4.556816 -27.397669 -1.526974 8.853473 -13.117451 -6.247303 28.183905 15.266921 -5.073059 13.562770
-3.325701 17.700289 -19.980419 3.985443 -22.279739 2.047887 -15.013492 -3.239725 15.742453 -2.555207 -14.984766 -18.300724 -15.113225 3.305648 5.605947 -4.443979 6.060628 1.765419 -20.559305 -17.295925 0.215057 -22.237335 -0.914331 12.477762 -13.859711 -5.099032 30.566204 14.443287 -5.100321 15.622281
-2.848057 17.951200 -15.077854 6.014387 -24.195955 1.019383 -15.897141 -3.733812 13.887300 -2.121805 -16.872784 -17.675119 -14.475083 1.797024 5.842635 -2.116083 6.568292 0.613918 -18.708673 -17.457834 4.350700 -19.061722 0.729241 16.480326 -14.114335 -5.901668 31.272844 13.381769 -5.671350 18.191351
-2.115661 18.464331 -9.788818 7.517610 -25.092733 0.788182 -15.912988 -4.897182 12.401607 -0.187444 -18.241978 -17.040604 -13.119298 -0.648485 5.583064 -0.449206 9.219829 -2.042383 -16.303751 -17.365135 7.959054 -14.665395 2.854255 19.194614 -13.886235 -8.711550 29.421137 12.790586 -8.791481 19.580328
-2.327690 18.525518 -3.777142 5.661240 -24.457598 0.941967 -14.661508 -5.562930 11.141541 1.551814 -20.383936 -15.139642 -11.348413 -3.264281 5.079856 2.029786 10.981560 -3.445821 -15.243273 -15.854783 11.476384 -10.037915 8.522680 19.309591 -11.982063 -8.429527 27.999268 13.213339 -9.358953 17.543009
-1.827015 18.345297 1.506905 4.386752 -22.789042 1.086308 -11.196546 -4.585191 11.142027 4.088427 -20.947157 -15.654582 -8.952976 -7.300644 3.062598 5.780535 11.280921 -2.728107 -14.086275 -15.580635 12.219374 -8.228585 15.113571 18.063759 -9.073002 -9.866552 24.659733 14.005688 -11.336676 14.953007
0.479109 19.125015 5.373820 2.659421 -20.717236 2.480686 -7.637973 -4.414610 11.099205 7.733763 -21.257923 -18.290356 -5.995029 -9.755168 2.225311 9.444051 9.495293 -2.017544 -12.536181 -14.508964 8.022650 -6.290260 18.820761 18.776890 -8.154163 -12.089884 19.780416 14.288588 -17.231056 11.264814
2.879478 19.838476 8.470345 1.587558 -19.268351 2.965254 -3.879462 -2.909677 11.368947 10.012877 -19.939932 -20.125942 -3.568223 -12.648419 2.247215 11.255874 6.776870 -1.073647 -12.567153 -13.219018 3.131985 -1.627690 23.256342 21.748217 -6.119337 -13.111488 16.286886 16.537567 -18.765688 8.685301
4.329270 20.133579 11.207574 0.193395 -17.566851 3.355485 -0.106817 -1.256150 12.003059 10.557327 -18.474268 -21.483200 -0.405967 -14.982133 1.718422 11.687097 4.701510 0.467918 -12.293248 -12.447092 1.143771 1.378591 27.144400 21.799681 -4.401737 -11.420364 14.789984 16.584099 -18.807211 6.444186
4.674626 20.528727 12.235256 -0.961867 -15.758658 3.001375 3.675035 1.213327 13.264634 9.453879 -16.669334 -22.703533 2.053145 -17.465427 1.832720 11.554255 2.835977 2.201318 -11.924075 -11.409188 -0.301411 3.387144 29.281754 22.541775 -2.506612 -9.214545 14.345041 19.388054 -20.859512 2.866249
5.619757 21.147154 12.441850 -2.575200 -14.211784 2.592868 5.910990 2.617564 14.182250 8.073144 -13.873543 -23.846504 3.922556 -19.678577 1.252686 10.560424 1.668469 4.071999 -12.366494 -10.419234 -1.159894 3.360285 31.946440 21.321346 0.044766 -6.716229 13.900491 22.779898 -19.701174 -0.686156
6.308251 21.751350 12.285852 -4.130093 -12.841005 1.752700 7.678690 3.976979 15.340479 5.862370 -11.248705 -24.452202 5.236616 -21.389402 1.148936 8.304650 0.838298 5.620494 -12.830625 -9.660889 -3.043703 1.018283 31.296082 19.089390 2.019925 -7.160261 11.693603 25.549128 -16.686903 -2.839803
6.290164 21.829317 9.913404 -6.235007 -11.751621 0.325476 8.338717 5.884539 16.442635 3.915977 -8.277739 -25.646740 5.832701 -22.606697 1.177569 5.044892 0.936134 7.464008 -13.231582 -9.452051 -4.030776 -2.143440 29.340845 16.106878 3.067688 -7.794598 9.523682 28.255825 -15.071927 -6.781369
5.749290 21.785568 7.448106 -8.197950 -11.191003 -0.954900 8.155000 7.400399 16.886778 2.273564 -6.418861 -26.690210 5.864304 -23.352701 1.334229 2.445823 1.170196 8.710889 -13.214792 -9.377276 -3.912925 -4.732247 27.600134 12.506042 4.412746 -7.857907 7.645333 30.551861 -16.303156 -10.728934
5.353161 21.777775 5.629469 -9.560272 -10.794177 -1.971117 7.824762 8.370593 17.132269 0.878154 -5.128667 -26.870810 5.806103 -23.386024 1.383462 0.541465 1.564876 9.564490 -13.056715 -9.285698 -3.780020 -7.041285 25.489569 9.861221 5.208840 -8.143551 6.194033 32.259090 -17.314785 -13.704459
4.963068 22.046635 4.499941 -10.214809 -10.697977 -2.271835 7.788824 8.931787 17.334124 0.172240 -4.065863 -27.206074 5.306289 -23.499950 1.560732 -0.590118 2.018548 9.771697 -13.276862 -8.972013 -3.644522 -8.666651 24.265768 8.426987 5.389556 -8.334589 5.678729 32.723042 -17.654963 -14.771152
4.756893 22.095787 4.011428 -10.406706 -10.739479 -2.442881 7.564154 9.063134 17.329615 -0.161720 -3.517115 -27.318352 5.159515 -23.429867 1.562415 -1.046288 2.279961 9.885334 -13.305984 -8.950503 -3.655419 -9.328223 24.048288 8.032267 5.463724 -8.231117 5.498795 32.768127 -17.665613 -15.238356
4.777589 22.023502 3.966682 -10.506081 -10.709881 -2.524269 7.485262 9.069447 17.312689 -0.182972 -3.413281 -27.295456 5.256290 -23.459650 1.673180 -1.103214 2.218103 9.917739 -13.226534 -8.916258 -3.670913 -9.330207 24.136496 7.929702 5.511631 -8.194996 5.450099 32.835747 -17.682709 -15.320644
4.947996 22.092863 3.961618 -10.509604 -10.699171 -2.586954 7.466333 9.108629 17.160532 0.098371 -3.558880 -27.280968 5.252529 -23.387259 1.713935 -1.205859 2.160685 10.011781 -13.156148 -8.879535 -3.801712 -9.341458 23.802332 8.126143 5.480773 -8.400838 5.450403 33.032150 -17.540022 -15.157515
5.135780 22.124310 3.926596 -10.662027 -10.617365 -2.760592 7.472251 9.250146 17.012331 0.364176 -3.573693 -27.191532 5.323522 -23.278582 1.917353 -1.505817 2.016989 10.226726 -12.888294 -8.839816 -4.110405 -9.460146 23.487692 8.330212 5.453160 -8.511363 5.323443 33.246464 -16.989470 -15.281385
5.409664 22.147429 3.922193 -10.770956 -10.534824 -2.914294 7.461940 9.367420 16.763752 0.877400 -3.840753 -27.110592 5.239981 -23.083363 2.115050 -1.756356 1.911342 10.398407 -12.675257 -8.824317 -4.458146 -9.635155 22.948330 8.705066 5.500409 -8.686998 5.234369 33.547749 -16.491442 -15.107158
5.883925 22.148233 3.814613 -10.571631 -10.446887 -3.168899 7.422784 9.445793 16.646826 1.083258 -4.131999 -27.092510 5.095246 -22.957760 2.340196 -2.139866 1.731168 10.638002 -12.469191 -8.881134 -4.774961 -9.994096 22.259655 9.031517 5.710020 -8.986780 5.186407 34.104523 -16.197498 -14.807093
6.610736 22.115841 3.604841 -10.315763 -10.327512 -3.594587 7.326056 9.593046 16.459311 1.474049 -4.313332 -27.311169 5.096143 -22.896240 2.747180 -2.384428 1.417166 10.815738 -12.052322 -8.963814 -5.319332 -10.311330 21.861917 9.758432 5.725311 -9.236987 5.114524 34.449245 -15.231602 -14.658181
7.157954 22.159182 3.614423 -10.291149 -10.274464 -3.880279 7.200204 9.694579 16.033415 2.239471 -4.662792 -27.373695 4.864970 -22.871935 3.025808 -2.574720 1.090997 11.151335 -11.849876 -8.987164 -5.785437 -10.228333 21.554432 10.337633 5.796103 -9.541403 5.168304 34.843712 -14.585361 -14.066856
7.603521 22.311356 3.786762 -10.512502 -10.047691 -4.067029 7.475939 9.962622 15.709164 3.100522 -5.157439 -27.066401 4.530169 -22.681511 3.366056 -3.136376 0.862461 11.554479 -11.483069 -9.105367 -6.483117 -10.296747 21.537851 10.516607 6.265543 -9.841112 5.127964 35.453278 -13.524037 -13.341842
8.294313 22.564323 3.785969 -10.441424 -9.994822 -4.299875 7.440286 10.020485 15.428092 3.512012 -5.823160 -27.078026 4.417959 -22.356804 3.881500 -3.160547 0.384929 11.783308 -10.809150 -9.256040 -7.113481 -10.545162 21.431684 11.034612 6.702766 -10.173077 5.327047 35.962013 -12.523330 -12.130890
9.048580 22.810404 3.738198 -10.340202 -9.991793 -4.690063 7.404794 10.290164 14.951233 4.465124 -6.380429 -26.964540 4.168840 -22.087917 4.361989 -3.573508 0.034566 12.160987 -10.402740 -9.264923 -7.827969 -10.771317 21.014315 11.457664 6.970921 -10.453192 5.460164 36.522739 -11.855852 -11.181679
9.427572 23.003881 3.702291 -10.025433 -10.014876 -4.872469 7.488956 10.521832 14.565860 5.307251 -7.099921 -26.729034 3.806278 -21.760666 4.636310 -4.069672 -0.133632 12.640324 -10.109900 -9.299407 -8.549881 -10.840598 20.185881 12.302094 6.971760 -11.050022 5.529768 37.023300 -10.629882 -10.161851
10.259163 23.354166 3.601800 -9.177065 -10.165803 -5.110543 7.353840 10.423500 14.494412 5.307394 -8.001860 -26.400448 3.451306 -21.659313 4.968856 -4.255202 -0.557373 12.894862 -9.852160 -9.457145 -9.264853 -10.881949 19.644701 13.129940 6.913618 -11.720963 5.586467 37.113499 -8.984800 -8.947606
10.709305 23.593359 3.711018 -8.898521 -10.080140 -5.302081 7.605659 10.719769 14.079324 6.413358 -8.712128 -26.216063 3.021115 -21.656155 5.359677 -4.569562 -1.011778 13.244934 -9.681266 -9.526710 -9.873521 -11.012496 19.069925 13.722312 7.003157 -12.176333 5.660710 37.613102 -7.629188 -8.085826
11.344489 23.908792 3.706450 -8.239708 -10.142695 -5.452831 7.653381 10.771809 13.750983 7.136149 -9.218886 -26.124649 2.799104 -21.404793 5.516052 -4.904639 -1.171067 13.540648 -9.509363 -9.526629 -10.608163 -11.071517 18.806181 13.147499 7.754045 -12.736219 5.706184 38.628609 -6.821041 -6.805029
12.104365 24.315260 3.625001 -7.846861 -10.229356 -5.589354 7.476101 10.609052 13.642289 7.139833 -9.758741 -26.123409 2.683388 -20.989082 5.633735 -5.176163 -1.229468 13.715919 -9.287611 -9.483082 -11.145505 -11.269244 18.190104 13.322115 7.946399 -13.455433 5.641449 39.026585 -5.899582 -5.758905
12.422789 24.448759 3.672798 -7.486008 -10.267893 -5.707625 7.486354 10.698229 13.304213 7.925986 -10.491701 -25.974749 2.634064 -20.603531 5.561056 -5.284569 -1.189960 13.858089 -9.099907 -9.463989 -11.609771 -11.145580 17.617758 13.582977 8.175858 -14.014362 5.680213 39.774670 -5.173003 -4.959140
12.377265 24.390848 3.768393 -7.082013 -10.285379 -5.791811 7.636110 10.909569 12.971096 8.799213 -11.198477 -25.917652 2.553362 -20.370073 5.597999 -5.398840 -1.245364 13.995905 -8.845549 -9.528071 -12.036465 -10.996993 17.269196 13.684895 8.390437 -14.477333 5.720931 40.308388 -4.654522 -4.111284
12.489355 24.351809 3.727596 -6.614931 -10.297133 -5.934626 7.724381 11.070787 12.816249 9.348325 -11.561983 -25.804966 2.491295 -20.293861 5.482244 -5.575116 -1.193180 14.173717 -8.861071 -9.557087 -12.207133 -11.042790 16.880503 13.723310 8.412079 -14.853605 5.714580 40.427734 -4.242395 -3.551293
12.714840 24.483536 3.795196 -6.496756 -10.324142 -5.932606 7.680089 10.994564 12.681583 9.556546 -11.938449 -25.758020 2.369446 -20.147884 5.409125 -5.651721 -1.148980 14.259788 -8.798854 -9.631301 -12.274501 -10.984967 16.522882 13.986832 8.379666 -15.111877 5.769772 40.609741 -4.066849 -3.189302
12.786703 24.555971 3.796374 -6.361181 -10.352036 -5.901583 7.700155 10.970495 12.664166 9.601661 -12.068732 -25.739506 2.364906 -20.031010 5.360217 -5.713106 -1.083284 14.308650 -8.769899 -9.622767 -12.314007 -10.957911 16.487131 14.070150 8.337406 -15.174179 5.760203 40.570774 -3.978951 -3.133422
12.953239 24.562376 3.946934 -6.498642 -10.308788 -5.880383 7.673381 10.866070 12.635925 9.597275 -12.024705 -25.711819 2.437540 -20.061884 5.361492 -5.665583 -1.120108 14.313766 -8.766104 -9.631180 -12.350358 -10.871583 16.612307 14.090680 8.361241 -15.139994 5.778372 40.588940 -3.967241 -3.117076
13.212460 24.483328 4.009393 -6.546485 -10.237755 -6.006702 7.642200 10.818392 12.753204 9.327796 -11.921343 -25.530003 2.575928 -20.148207 5.447212 -5.754732 -1.265532 14.409535 -8.772882 -9.643153 -12.621627 -10.574530 17.144279 13.961918 8.564394 -14.995525 5.707181 40.687569 -3.745172 -3.077260
13.438324 24.327696 4.000669 -6.895965 -10.068760 -6.197478 7.570330 10.764251 13.026522 8.794057 -11.771899 -25.289751 2.878951 -20.120857 5.613461 -5.693859 -1.496573 14.497203 -8.636322 -9.664254 -12.889016 -10.048962 17.789907 13.934044 8.508615 -14.964784 5.650987 40.447571 -3.423300 -2.942829
13.916339 24.011728 4.239290 -7.089296 -9.815929 -6.353491 7.531708 10.560162 13.257395 8.461930 -11.563376 -25.004725 3.218670 -20.142107 5.928689 -5.715116 -1.793848 14.476670 -8.458805 -9.691543 -13.228723 -9.394780 18.633617 13.855366 8.592008 -14.835417 5.619682 40.364342 -2.732285 -2.773057
14.107052 23.468382 4.419250 -6.931629 -9.575792 -6.623142 7.576242 10.547402 13.460041 8.408255 -11.278305 -24.555725 3.571272 -20.337954 6.203589 -5.724263 -2.114560 14.618900 -8.462145 -9.716681 -13.539656 -8.380826 19.452385 13.965531 8.589520 -14.729548 5.655528 40.350990 -2.029852 -2.553728
14.160157 22.714933 4.824078 -6.917433 -9.225918 -7.019612 7.750725 10.721189 13.498714 8.729450 -10.773926 -24.097193 4.007702 -20.661402 6.605636 -5.761927 -2.563879 14.821143 -8.482172 -9.795403 -13.908484 -7.143372 20.438095 13.784060 8.748153 -14.487466 5.569575 40.524742 -1.427496 -2.486451
14.656439 21.944300 5.289121 -6.871965 -8.877182 -7.412801 7.688483 10.557398 13.610691 8.629992 -10.801695 -23.560356 4.574146 -20.734566 6.889206 -5.515084 -2.931140 14.918143 -8.318366 -9.892004 -14.121700 -5.422460 21.499533 13.684823 8.460369 -14.350170 5.500758 40.099205 -0.581494 -2.357003
15.270329 21.157604 5.740371 -6.967974 -8.573955 -7.714257 7.420765 10.109701 13.936071 8.072563 -10.576510 -22.689739 5.060367 -20.654797 7.183908 -5.466516 -3.173953 15.152036 -8.137131 -10.105191 -14.163871 -3.418501 22.489958 14.000909 8.095255 -13.976325 5.314702 39.934399 0.258813 -2.867157
15.689060 20.370386 6.065056 -6.882599 -8.222084 -8.165210 7.355683 10.002428 14.194038 7.920725 -10.293603 -21.748985 5.422038 -20.776211 7.535986 -5.331055 -3.533550 15.289987 -8.143413 -10.244501 -14.288641 -1.271906 23.499670 14.467062 7.649212 -13.456959 5.211778 39.760704 0.965328 -3.363900
16.254538 19.597429 6.429362 -7.033288 -7.823147 -8.693623 7.205445 9.873451 14.350354 7.706244 -10.419729 -20.809425 6.047272 -20.879097 7.768559 -5.118259 -3.782824 15.328607 -8.224614 -10.294341 -14.364747 1.236611 24.306816 15.218620 6.916921 -13.265230 5.135520 39.399895 1.837162 -3.565222
16.800604 18.927299 7.020457 -7.381926 -7.456343 -8.988499 7.043919 9.498066 14.525065 7.366271 -10.496770 -19.734753 6.667828 -20.918859 7.993213 -4.941577 -3.944252 15.547443 -8.309952 -10.046588 -14.613586 3.578324 25.032316 16.315737 6.262080 -13.192453 4.961695 39.328197 2.813977 -3.893139
17.293497 18.131168 7.648106 -7.090811 -7.089429 -9.293021 7.002904 9.129481 14.683381 7.401364 -10.358564 -18.682295 7.065433 -20.996511 8.154253 -4.720497 -3.935752 15.396901 -8.354191 -10.181304 -14.760694 5.681545 26.197020 16.461214 5.653311 -13.172696 4.595096 38.595871 4.316148 -4.069234
17.670439 17.355705 7.956859 -7.121151 -6.708000 -9.635012 6.904864 8.862032 15.069977 7.070498 -10.491344 -17.379370 7.521788 -20.957123 8.469666 -4.738500 -4.268282 15.702181 -8.474680 -10.261645 -14.977054 7.986010 27.184278 16.493000 4.906944 -13.199265 4.142789 37.914413 5.530396 -4.303460
17.877878 16.709539 8.272463 -7.377086 -6.514847 -9.847515 6.599990 8.496976 15.259983 6.576498 -10.386077 -16.316231 7.786369 -20.986731 8.871863 -4.736961 -4.589815 15.802604 -8.528738 -10.482233 -15.481479 9.807184 27.722219 16.365803 4.078001 -13.544173 3.571954 37.179886 7.295196 -4.165810
18.333048 13.989836 7.019885 -4.136058 -7.096035 -10.773495 6.136290 8.719783 16.350439 6.492049 -12.216764 -16.677467 9.255729 -17.088757 9.204303 -3.341769 -4.725369 16.405466 -5.219621 -12.233197 -13.467359 4.668701 28.246836 21.644747 -1.320136 -13.164146 2.766465 28.140724 11.599963 -9.277132
18.418522 13.008743 7.439896 -3.891402 -6.793889 -11.041510 6.069174 8.483507 16.592663 6.638599 -12.870264 -15.503556 9.486539 -16.539335 9.605349 -3.071458 -4.827800 16.640980 -5.019867 -12.390143 -13.722245 5.871539 28.097368 21.917242 -2.493223 -13.497101 2.693840 27.129848 13.212633 -8.564699
18.468100 11.999837 7.683647 -3.584949 -6.472920 -11.421758 5.948620 8.307798 16.898846 6.805892 -13.202885 -14.479803 9.504753 -16.098553 10.047786 -2.980913 -4.946813 16.953115 -4.732522 -12.625672 -14.099548 5.336834 28.053125 20.935560 -3.846035 -14.247391 2.534409 25.169027 15.288484 -7.371622
18.784292 11.061845 8.174009 -3.558179 -6.203125 -11.811329 5.610484 7.919585 17.001055 6.933373 -13.543922 -13.323040 9.842664 -15.840290 10.298501 -2.565364 -4.931321 17.364952 -4.585086 -12.647511 -14.270080 4.212284 27.970539 19.778795 -4.815622 -14.826184 2.168132 23.222805 16.724024 -6.647804
19.278025 10.152735 8.594676 -4.075919 -5.998657 -12.250845 4.901097 7.408236 16.879517 6.975741 -13.015462 -12.035012 10.137811 -15.959608 10.554927 -1.877586 -4.981290 17.742767 -4.767778 -12.578704 -14.548548 2.970107 28.013021 17.975409 -5.873727 -15.752600 1.709050 21.481297 18.843801 -5.911145
19.588640 9.413149 9.135242 -5.501058 -5.882033 -12.667490 4.125408 7.049377 16.384096 6.982690 -13.044879 -10.363753 10.709960 -16.484520 10.711287 -2.254686 -4.695885 18.188686 -5.428399 -11.786874 -16.361631 2.367251 26.759960 16.447935 -6.928960 -16.993828 1.261362 21.168455 19.616545 -4.993929
20.391405 8.768402 9.665453 -6.071357 -5.676241 -12.807938 3.564895 6.412323 16.200293 7.249065 -13.105154 -9.042375 11.120337 -16.754612 10.792298 -1.970106 -4.517834 18.933302 -5.727365 -11.182281 -16.493307 1.719372 26.082405 14.093937 -7.493908 -17.278111 1.378430 20.854300 21.315342 -4.417843
20.624460 8.026342 10.078493 -6.213400 -5.416983 -13.110168 3.449903 6.237065 16.324202 7.220228 -12.493044 -7.954652 11.394265 -17.241024 10.935321 -1.831206 -4.389614 19.436888 -5.850096 -10.792929 -16.959505 1.274773 25.123764 12.503062 -8.474194 -17.608814 1.353733 20.356609 22.001715 -4.222756
20.826111 7.045135 10.391609 -6.204431 -5.251929 -13.468365 3.023838 5.946911 16.217594 7.483630 -11.998228 -6.806892 11.704481 -17.524130 10.812417 -1.610831 -4.139879 20.150150 -6.248054 -10.255490 -16.660223 0.602345 24.050716 11.369236 -9.324167 -18.463039 1.026308 19.618870 22.913725 -3.688806
21.155066 6.447084 10.611006 -6.630079 -5.314730 -13.675862 2.309918 5.525403 16.016197 7.259201 -11.620213 -5.644639 11.786979 -17.823212 10.699007 -1.266449 -3.889764 20.622488 -6.668339 -9.963717 -16.694080 -0.113917 23.643684 10.206751 -9.883368 -19.282352 0.575155 18.792328 23.714071 -3.041663
21.377237 5.694187 10.650761 -6.411490 -5.549123 -13.675546 1.513214 4.892213 16.038956 6.996751 -11.557751 -4.407092 11.620367 -17.536678 10.566824 -0.686894 -3.739488 21.369305 -6.879598 -9.608075 -16.615841 -0.461143 22.676464 9.664545 -10.607144 -20.097347 0.194116 18.205406 24.166233 -2.406814
21.312181 4.760443 10.501279 -6.608604 -5.733042 -13.926246 0.661849 4.590879 15.981047 6.679543 -11.206670 -3.566399 11.991216 -17.530317 11.053184 -0.480347 -3.481342 21.585585 -6.559019 -9.309287 -16.664663 -0.930752 22.310488 8.590142 -11.384042 -20.724096 -0.149363 17.150667 24.818192 -1.831869
21.372480 3.993325 10.266266 -6.970022 -5.789290 -14.152354 -0.032061 4.289887 16.100416 6.092859 -11.074192 -2.495387 11.675835 -17.483995 11.669231 -0.392530 -3.351550 21.644711 -6.490185 -9.093516 -16.919512 -1.303995 22.173925 7.487510 -11.859156 -21.176270 -0.536816 16.268787 25.089188 -1.514352
21.369570 3.146260 9.761377 -6.907073 -6.016165 -14.463963 -1.061740 3.905310 16.061472 5.681419 -11.102097 -1.514928 11.488894 -17.402142 12.101203 -0.118074 -3.205301 21.626612 -6.487740 -9.060863 -17.084044 -1.751035 21.816469 6.680916 -12.318958 -21.712189 -0.991134 15.567448 25.687860 -1.138325
21.066093 2.338538 9.548541 -7.108036 -6.147059 -14.747560 -1.597083 3.872132 16.189337 5.232092 -10.997901 -0.441701 11.123527 -17.019585 12.628063 -0.010395 -2.984492 21.479322 -6.408471 -9.171695 -17.181957 -1.975009 21.586399 6.048653 -12.702250 -22.317377 -1.491710 14.822891 26.238798 -0.698205
20.958818 1.591259 9.508963 -7.320699 -6.339408 -15.068247 -2.421497 3.564248 16.185343 4.661421 -11.100501 0.422240 10.865891 -16.830822 13.040095 0.125303 -2.675147 21.071321 -6.279614 -9.238704 -16.771292 -1.987867 21.374096 5.123138 -12.973719 -22.716827 -1.627514 14.163305 26.254709 -0.245719
20.488224 0.786772 9.363993 -7.306850 -6.512757 -15.077900 -3.176784 3.107344 16.236284 4.186936 -10.982208 1.019870 10.921527 -16.546684 13.471179 0.443916 -2.446026 20.797457 -6.026454 -9.340716 -16.093843 -2.186567 21.126574 4.398824 -13.303459 -23.079437 -1.620031 13.442062 26.234415 0.247907
19.769125 0.205510 9.455463 -7.396524 -6.775530 -15.118309 -3.879860 2.772539 16.165827 3.553028 -10.903307 1.962294 10.742476 -16.258610 13.918449 0.820621 -2.242103 20.604458 -6.056934 -9.471232 -15.330531 -1.649867 21.054537 3.724905 -13.805752 -23.308958 -1.444007 12.636548 26.293659 0.777084
19.292601 -0.274200 9.728406 -6.975312 -7.045845 -14.693004 -4.299059 2.167994 16.232641 3.191797 -10.799120 2.523023 10.717607 -16.096455 14.097920 1.098754 -1.748730 20.117434 -5.985119 -9.525027 -14.628209 -0.825975 21.182489 3.070627 -14.282513 -23.251423 -1.119385 11.930308 26.228052 1.062478
18.929068 -0.652473 9.920830 -6.842219 -7.259536 -14.627237 -4.672989 1.892900 16.218744 2.992815 -10.208548 3.207351 10.634006 -15.928033 14.234241 1.335295 -1.134241 19.577929 -6.168811 -9.421399 -13.590064 -0.205283 21.243755 2.482404 -14.593719 -23.173418 -0.740746 11.255937 26.027212 1.500085
18.581045 -1.050939 9.947635 -6.839287 -7.456911 -14.696014 -5.150822 1.697628 16.198530 2.672582 -10.019767 3.681518 10.534889 -15.826261 14.399331 1.490636 -0.955209 19.301901 -6.133270 -9.532887 -13.015203 0.134017 21.274363 1.770697 -14.773584 -22.799042 -0.321592 10.870584 25.971769 1.606900
18.242281 -1.347311 9.989730 -7.092382 -7.454569 -14.760695 -5.406490 1.583144 16.223885 2.385043 -9.710498 3.995860 10.515240 -15.654482 14.548060 1.810030 -0.649691 18.981180 -6.037526 -9.584878 -12.378860 0.635465 21.652515 0.845779 -15.070333 -22.459984 0.237848 10.104683 26.272055 2.024860
18.251925 -1.535384 10.122606 -6.807226 -7.594932 -14.707982 -5.677180 1.309672 16.182215 2.383838 -9.684906 4.276249 10.428642 -15.478218 14.600229 2.003188 -0.382420 18.746981 -6.081480 -9.525625 -11.857895 1.491101 21.494513 0.666799 -15.294667 -22.284245 0.584643 10.069752 26.411394 2.199752
18.306875 -1.674472 10.230101 -6.742452 -7.600418 -14.644686 -5.906765 1.024617 16.142956 2.380642 -9.565231 4.468922 10.338087 -15.384399 14.732592 2.162692 -0.312465 18.575932 -6.056282 -9.542217 -11.453987 1.720279 21.403952 0.196374 -15.382551 -21.846943 0.993015 9.880657 26.422636 2.292471
18.189278 -1.771302 10.224303 -6.687685 -7.661038 -14.651969 -5.983123 1.004289 16.184931 2.207139 -9.566876 4.577427 10.265704 -15.360982 14.816639 2.166076 -0.142135 18.385515 -6.027130 -9.517371 -11.188052 2.057089 21.239809 0.098006 -15.481852 -21.694180 1.232064 9.863971 26.507486 2.423672
18.225752 -1.797406 10.264982 -6.523919 -7.721608 -14.625774 -6.009365 0.954617 16.200769 2.148747 -9.655254 4.633341 10.233914 -15.356001 14.840221 2.212826 -0.089416 18.318163 -5.986859 -9.530990 -11.135543 2.208932 21.157162 0.192644 -15.541796 -21.719067 1.265754 9.889286 26.538122 2.481950
