8.276905 24.263531 7.466310 -5.285893 -15.650568 -11.567191 5.001184 15.260588 8.417383 6.594981 -16.702166 -25.026541 6.298478 -18.963753 4.712997 -9.213531 4.828566 10.185084 -5.232460 -7.515790 -24.798075 -12.207732 10.868918 21.185041 -2.135988 -12.296192 5.439032 33.558655 -12.094835 -11.950727
7.984438 24.133947 7.389007 -5.354878 -15.613441 -11.597169 5.080804 15.393938 8.541211 6.487264 -16.336683 -25.050774 6.427469 -19.134315 4.735621 -9.163395 4.799663 10.133838 -5.337961 -7.426243 -24.757246 -12.306571 11.130034 20.898706 -2.106030 -12.117003 5.414922 33.390133 -12.154742 -12.216947
7.757132 24.113493 7.354439 -5.785826 -15.588728 -11.521077 5.034121 15.355867 8.707150 6.035549 -15.910124 -25.159460 6.555882 -19.262419 4.736590 -9.038378 4.810030 10.006379 -5.409021 -7.353986 -24.670956 -12.434110 11.484612 20.738209 -2.149081 -11.890484 5.434212 33.039936 -12.338367 -12.506759
7.809920 24.187622 7.253066 -6.379493 -15.521993 -11.443875 4.877144 15.158196 9.027619 5.191190 -15.295865 -25.191673 6.817129 -19.396280 4.469100 -8.982204 5.007015 9.989190 -5.717661 -7.229113 -24.370010 -12.714465 11.912509 20.412374 -2.270113 -11.557100 5.444009 32.454472 -12.710553 -13.049864
7.418856 24.053013 7.236798 -6.756601 -15.454977 -11.343250 4.905499 15.116282 9.352083 4.549015 -14.418984 -25.355694 6.890076 -19.957991 4.441123 -8.899166 4.966381 9.937585 -6.029992 -7.209142 -24.086678 -12.981819 12.612040 19.954088 -2.338715 -11.151877 5.518267 31.777874 -13.070747 -13.498729
6.483566 23.600046 7.294480 -7.286595 -15.301857 -11.282671 5.140330 15.425379 9.456944 4.712741 -13.819706 -25.285011 6.960629 -20.534649 4.287367 -8.641725 4.947840 9.839063 -6.395197 -7.220260 -23.856726 -12.972304 13.403117 19.227474 -2.158221 -10.795050 5.643099 31.481663 -13.615706 -13.802969
5.788573 23.235865 7.371043 -8.280855 -15.151077 -11.183387 5.108480 15.466836 9.663059 4.284958 -13.169018 -25.395292 7.256674 -20.885559 4.026049 -8.308219 5.124709 9.601920 -6.646671 -7.155108 -23.417929 -13.064581 14.049139 18.585302 -2.073733 -10.533247 5.684241 31.071964 -14.384564 -14.200427
5.234626 22.933004 7.190614 -8.792930 -15.180833 -11.058658 4.849074 15.294065 10.031876 3.343837 -12.296921 -25.483242 7.623531 -21.179306 3.535099 -8.026052 5.535537 9.344272 -7.048265 -7.060453 -22.960398 -13.355110 14.745213 17.714853 -2.142782 -10.218204 5.712953 30.319063 -15.282023 -14.657868
4.336090 22.544512 7.260471 -9.654919 -15.003810 -10.860057 5.005625 15.452236 10.145332 3.332676 -11.388317 -25.671715 7.902743 -21.462513 3.079060 -7.834124 5.944291 9.200550 -7.505550 -6.871560 -22.555475 -13.622087 15.420064 16.486719 -2.004802 -9.957315 5.714203 29.905956 -15.928889 -15.109304
4.003447 22.294319 7.272825 -10.295166 -14.946540 -10.684676 4.816276 15.211060 10.445541 2.552552 -10.663687 -25.890728 8.357808 -21.800320 2.640115 -7.384654 6.206746 8.806573 -7.816084 -6.836911 -21.983603 -13.718346 16.407715 15.357798 -1.896300 -9.549852 5.673177 29.316814 -16.702951 -15.820698
3.177381 21.941740 7.308874 -10.443483 -14.983028 -10.314382 4.811259 14.982435 10.875253 1.678468 -10.056898 -26.039305 8.681855 -22.011433 2.088909 -6.968579 6.638228 8.427854 -8.171783 -6.828321 -21.415174 -13.810759 17.253975 14.366994 -1.780921 -9.217601 5.568555 28.814863 -17.167063 -16.510096
2.379840 21.655558 7.273836 -10.506447 -15.040495 -10.101488 4.875572 14.996336 11.169840 1.321195 -9.338924 -26.126965 8.944793 -22.194750 1.475032 -6.941037 7.269084 8.198661 -8.763495 -6.643097 -21.021933 -13.802184 17.831766 13.283719 -1.801890 -9.112697 5.445516 28.424210 -17.663536 -17.029419
1.814458 21.436697 7.152095 -10.135170 -15.300648 -9.896792 4.675019 14.796650 11.454920 0.623737 -8.746988 -26.430584 9.278598 -22.456778 1.052900 -6.440128 7.574341 7.865207 -9.231520 -6.496011 -20.587210 -13.955482 18.198408 12.454252 -1.874336 -9.145501 5.473575 27.963039 -18.195963 -17.157429
1.198287 21.330843 7.092718 -10.089870 -15.359235 -9.625031 4.793498 14.725103 11.887280 -0.114270 -8.324572 -26.352409 9.510415 -22.466431 0.739206 -6.258002 7.978930 7.534264 -9.463646 -6.467004 -20.199776 -14.409291 18.630390 11.673218 -2.044571 -8.940960 5.407581 27.310307 -18.506002 -17.730555
0.342508 21.250673 7.202227 -10.228097 -15.495543 -9.237905 4.886018 14.650193 12.096973 -0.511405 -8.142659 -26.175106 9.578755 -22.411308 0.318684 -5.987113 8.377895 7.328388 -9.798863 -6.367961 -19.810997 -14.517309 19.066051 10.942774 -2.161615 -8.973795 5.506480 26.683559 -18.849825 -17.558208
-0.194630 21.169436 7.284087 -10.404093 -15.595657 -8.992778 4.898257 14.585361 12.216824 -0.727169 -7.753090 -26.243282 9.723955 -22.557934 0.166205 -5.566347 8.542991 7.025275 -9.928210 -6.276466 -19.608469 -14.533025 19.844694 10.554605 -2.326841 -8.692929 5.650779 26.036379 -18.814680 -17.726179
-0.572596 21.062922 7.187480 -10.251469 -15.706039 -8.878176 4.869673 14.519481 12.487302 -1.215846 -7.435675 -26.315111 9.795234 -22.742527 -0.015077 -5.321138 8.669953 6.842844 -10.139224 -6.300169 -19.375937 -14.716266 20.428785 9.931077 -2.405726 -8.684817 5.777987 25.448370 -18.858965 -17.579679
-0.804156 20.990442 7.185255 -10.056291 -15.805651 -8.726933 4.831204 14.383965 12.661083 -1.517072 -7.430137 -26.408928 9.760852 -22.805210 -0.237070 -5.017486 8.846068 6.635972 -10.382483 -6.348586 -19.117933 -14.920859 20.830481 9.591339 -2.451164 -8.599657 5.885037 24.980368 -19.140570 -17.474443
-1.018312 20.863482 7.141967 -10.015503 -15.847105 -8.692206 4.821698 14.369120 12.833673 -1.823621 -7.300620 -26.422522 9.807723 -22.838905 -0.306744 -4.938713 8.935176 6.564728 -10.450224 -6.379942 -19.045500 -15.183927 21.241077 9.276559 -2.425773 -8.468553 5.906486 24.670000 -19.095881 -17.509148
-1.043861 20.920424 7.181597 -9.949549 -15.875191 -8.610232 4.885807 14.355906 12.855892 -1.827016 -7.416457 -26.448935 9.707362 -22.776234 -0.378469 -4.866631 8.988835 6.508060 -10.486639 -6.422211 -19.024105 -15.237478 21.262508 9.311676 -2.445984 -8.479597 5.909392 24.619946 -19.125923 -17.461739
-0.802556 20.944380 7.773249 -9.758284 -15.798733 -8.379892 5.189405 14.197550 12.821981 -1.408017 -7.912848 -26.341942 9.846471 -22.927727 -0.450713 -4.416937 8.729732 6.433608 -10.527300 -6.438809 -18.931391 -14.302588 21.190121 9.893087 -2.588305 -8.577904 6.144336 24.755514 -19.342901 -17.118736
-0.346202 20.807547 8.945109 -9.003118 -15.891491 -8.035482 5.361168 13.613211 12.741184 -0.969373 -9.053555 -25.892567 10.309003 -22.877369 -0.677203 -3.334884 8.164656 6.284686 -10.460499 -6.745872 -18.836941 -12.296140 21.590864 10.792648 -2.571669 -8.391915 6.604287 25.172733 -20.104162 -16.487753
0.192310 21.073519 11.034550 -7.709669 -16.224968 -6.891908 5.870352 12.516709 12.548108 0.274053 -10.754387 -25.188175 9.967436 -22.993176 -0.664604 -1.571580 7.604490 5.485497 -10.990726 -6.874184 -18.764479 -9.471438 22.819979 12.966784 -2.849909 -8.121588 7.629916 24.791876 -20.921629 -14.542808
0.958393 21.461124 13.668352 -5.130240 -16.785347 -5.513285 6.273489 10.732410 12.527119 1.045348 -12.806201 -23.920116 9.587842 -22.488922 -0.480915 0.960157 7.068607 4.194376 -11.199450 -7.002607 -18.356428 -5.974230 24.263321 15.936478 -3.651987 -8.133777 9.157262 23.668026 -21.793188 -11.483364
1.571446 21.724852 16.080526 -2.253379 -17.942102 -3.986738 5.525445 8.195854 12.146779 1.198777 -15.510480 -22.553497 8.774817 -21.304459 -0.185257 3.765221 6.839405 2.430063 -11.091723 -7.234008 -17.180727 -2.648524 25.350227 18.370129 -5.005540 -8.189328 10.929297 21.776512 -22.497383 -8.078540
1.157754 21.738997 16.606329 -0.376275 -19.093645 -2.843350 3.899287 6.203058 11.298786 2.504275 -18.378880 -21.534485 6.658940 -19.700420 0.647489 6.037962 7.153876 0.738956 -10.917358 -8.132449 -16.039591 1.078115 26.575729 17.892746 -4.688562 -8.810231 12.435475 22.151846 -24.471884 -4.202408
0.626277 21.610830 16.254505 1.467618 -20.430262 -1.944584 1.740892 4.211181 10.600950 3.388539 -20.081461 -20.255190 3.826821 -18.597824 2.063629 7.713011 7.450203 -1.608614 -10.604790 -9.359516 -15.327767 3.933741 27.208294 15.396797 -2.716119 -11.097921 13.314566 23.341877 -26.049623 1.806823
0.810430 21.519316 15.376463 2.538912 -22.109327 -1.421343 -2.038635 1.412941 9.389661 4.222570 -20.638109 -19.130444 -0.026104 -18.033262 2.887418 8.457101 8.109159 -3.577895 -11.317444 -10.875083 -14.789598 5.059994 25.991842 15.719599 -3.589262 -13.803078 14.367721 21.686535 -26.078241 7.654350
0.911959 21.597818 12.931732 3.261590 -23.102158 -1.030680 -5.434022 -1.070237 9.012727 3.743291 -21.315809 -17.808746 -4.110437 -16.649103 3.589288 8.533654 9.253360 -4.777777 -12.341862 -11.910707 -12.858363 3.140728 22.754223 13.113075 -4.519634 -14.873674 17.281620 21.996521 -26.339287 13.014812
0.059789 21.617453 10.701404 1.780687 -24.129688 -0.389385 -9.396544 -3.590573 8.184328 2.396802 -20.710711 -16.267725 -7.497079 -14.967135 3.643619 7.481430 11.200561 -5.666056 -13.342344 -13.339818 -6.372660 -0.696460 19.528023 9.647087 -3.823987 -13.328393 21.224394 22.093378 -20.414181 18.206846
-0.606609 21.083097 6.426364 1.650307 -25.221140 -0.237679 -12.994900 -5.153329 8.396359 0.088955 -20.101458 -13.844007 -10.704519 -12.127693 5.441347 4.160553 11.847245 -6.917450 -15.122784 -14.177635 2.425630 -2.348301 16.308296 8.882558 -3.385535 -10.023431 26.425350 21.584949 -12.936920 22.765436
-0.940243 20.616354 -0.518506 1.506792 -25.816332 0.441195 -16.362545 -6.521984 9.260812 -1.917545 -18.779310 -13.854980 -13.161367 -7.844321 7.864481 0.906384 10.477226 -7.351897 -16.184896 -14.735993 5.603068 -7.786010 11.648952 8.799185 -4.980266 -8.804721 28.666107 20.134716 -9.824554 23.684572
-0.138238 20.203371 -7.476811 4.116840 -25.813231 0.967280 -17.185886 -6.369879 11.427122 -3.417207 -16.322546 -16.039726 -15.619037 -5.288142 8.840903 -0.678900 7.341317 -5.384135 -16.911226 -17.011553 4.255791 -12.184569 6.015183 9.266353 -6.771828 -9.077933 30.444740 19.976885 -7.783411 25.700584
-0.032475 19.531885 -13.638874 3.718123 -24.321541 2.056674 -16.715199 -5.944477 13.823160 -4.687968 -14.279860 -17.034988 -17.619970 -2.370333 8.810786 -1.573921 3.799660 -1.252454 -19.919313 -17.764532 1.384674 -14.765361 2.382390 9.301821 -8.236530 -7.264254 31.630638 20.337208 -5.356024 23.975008
-0.494467 19.145473 -18.656956 1.515843 -22.264223 3.231827 -15.819076 -5.537264 15.736723 -4.907690 -12.041208 -17.468950 -18.882021 -1.359570 8.755345 -3.772109 2.908143 0.256096 -22.281441 -17.678318 -0.595435 -18.449299 -0.833151 8.093294 -9.682771 -6.562057 30.628965 19.765095 -5.405049 20.489901
-1.766886 18.665995 -23.289619 -2.063366 -20.433279 3.950231 -15.440997 -4.741335 16.945333 -4.553075 -8.901922 -17.974428 -17.966324 -1.351133 7.508055 -7.156325 4.288913 1.056644 -25.256102 -15.075855 -5.181122 -23.342495 -1.770128 5.551292 -9.446871 -8.057818 28.212685 20.211182 -5.398086 19.134336
-3.756854 18.649630 -26.966942 -5.626373 -18.574535 5.464514 -14.769452 -4.537053 17.999704 -4.096773 -6.335714 -18.544416 -17.390785 -0.615027 6.417980 -9.102557 4.708056 1.805164 -28.463875 -12.675708 -7.011669 -27.809561 -2.823807 2.216835 -8.680104 -7.185502 27.259304 20.677483 -5.613880 16.862547
-5.163055 18.605143 -29.766397 -8.434178 -17.044538 6.998770 -14.349335 -4.874858 19.085375 -3.604239 -3.276466 -19.270161 -16.232428 -0.624959 5.212784 -10.778301 5.806670 1.898253 -30.399830 -10.652270 -8.181131 -30.988363 -3.103028 0.268602 -8.018274 -6.100246 26.971474 20.761793 -5.274422 15.349576
-6.270304 18.583876 -30.802650 -9.611210 -16.166662 7.897004 -13.775078 -4.898846 19.461439 -2.658742 -0.903811 -19.726501 -15.304385 -0.592729 4.097313 -11.545509 6.750440 2.043046 -31.952066 -9.444421 -8.138978 -32.740746 -2.661793 -0.721098 -7.226622 -5.513177 26.651936 20.571535 -5.802399 14.454847
-6.664114 18.489664 -31.158773 -10.282352 -15.873902 8.132151 -13.761928 -5.001269 19.636917 -2.738378 -0.417201 -19.909885 -15.038045 -0.897793 4.053257 -11.631062 6.810487 1.963101 -32.329697 -9.008403 -8.254778 -32.798779 -2.525913 -0.468202 -7.059452 -5.746683 26.312061 20.621704 -6.471266 14.253858
-6.518427 18.386263 -31.033218 -10.276993 -15.916723 7.973219 -13.835837 -4.947214 19.558176 -2.774125 -0.478938 -19.823692 -15.159974 -0.836014 4.049592 -11.649049 6.776896 2.010391 -32.227997 -9.242512 -8.303990 -32.529408 -2.565389 -0.468383 -7.185012 -5.670030 26.476177 20.603182 -6.291319 14.371640
-5.796097 18.309826 -30.990200 -9.979481 -16.226362 7.588516 -14.164769 -4.847115 19.333694 -2.744621 -0.719997 -19.631622 -15.387933 -0.768609 3.998864 -11.631970 6.772944 1.857231 -31.681822 -10.115446 -8.657485 -32.274036 -2.307997 -0.629794 -7.361454 -5.324608 27.060930 20.531986 -5.859295 14.729646
-4.998685 18.076723 -30.487507 -9.905659 -16.585192 6.937833 -14.681586 -4.767276 18.935085 -2.866868 -1.499670 -19.375519 -15.618662 -0.929672 4.071177 -11.696689 6.583498 1.861740 -30.690973 -11.274405 -9.331221 -31.395002 -1.856624 -0.645197 -7.821966 -5.212862 27.477135 20.174526 -5.764091 15.070583
-3.938758 17.587557 -29.749912 -9.487211 -17.122843 6.044524 -15.467275 -4.752276 18.444279 -3.247844 -2.365293 -19.013134 -15.926686 -1.219906 4.040957 -11.486234 6.312673 1.657317 -29.615139 -13.147368 -9.868628 -30.183065 -1.100238 -0.230760 -8.209075 -4.781079 28.208260 19.752506 -5.794558 15.512350
-2.668609 17.045172 -28.966793 -9.325749 -17.891733 4.766528 -16.499453 -4.510711 17.749369 -3.902474 -3.055102 -18.490334 -16.159338 -1.561952 4.382655 -11.065629 5.783894 1.373985 -28.466185 -14.762394 -10.482324 -28.497034 -0.163373 0.314847 -8.585878 -4.493523 28.775822 19.236549 -5.788512 15.972452
-1.574253 16.400347 -27.917585 -8.789115 -18.612993 3.892978 -17.422974 -4.689589 17.396160 -4.656342 -3.642432 -18.296158 -16.096718 -2.087974 4.272764 -10.456222 5.434627 1.630039 -27.158367 -16.510916 -10.900624 -26.882895 1.019412 1.067227 -9.177034 -3.815346 29.789219 18.350571 -5.853769 16.533152
-0.689913 15.754493 -26.467770 -7.969999 -19.520330 2.920247 -18.454157 -4.857816 16.656893 -5.161623 -3.718933 -18.253719 -16.286392 -2.532538 3.968422 -9.249942 5.092126 1.433066 -25.666498 -18.916618 -10.330472 -25.211744 2.458884 1.282075 -9.297871 -2.710121 30.941734 17.720394 -5.953196 16.639891
0.108979 15.225108 -25.357292 -7.617076 -20.219839 2.251097 -19.355343 -5.108800 16.192814 -5.970899 -3.868617 -17.880299 -16.278961 -3.049158 3.730383 -8.187063 4.811090 1.273494 -24.509695 -20.755480 -10.413795 -23.564753 3.577233 1.639341 -9.839293 -1.410943 32.366955 16.884813 -6.216899 17.042280
0.362936 14.300878 -24.072504 -6.988650 -21.108849 1.349848 -20.513836 -5.313339 15.506218 -6.639699 -3.994346 -17.824001 -16.339924 -3.206584 3.348964 -7.143446 5.130077 0.730347 -23.454229 -22.311588 -10.080213 -21.925257 4.908907 1.425024 -10.101294 -0.507275 33.358765 16.025150 -6.940302 17.334375
0.290729 13.425222 -22.793884 -6.380878 -21.639788 0.957407 -21.294289 -5.804977 15.174686 -7.254076 -3.622752 -17.320814 -16.406319 -3.372096 3.399682 -6.468663 5.058747 0.462245 -22.620649 -23.620274 -9.812917 -20.305759 6.221925 1.054296 -10.265826 0.733801 34.569340 15.364637 -7.828973 17.473642
-0.050807 12.587027 -21.463451 -5.760903 -22.093258 0.443738 -21.805433 -5.982450 14.869214 -7.899142 -3.342248 -16.903740 -16.608685 -3.190907 3.183149 -5.617308 5.208250 -0.177388 -21.876471 -25.154142 -9.420199 -18.689461 7.404462 0.919798 -10.390766 1.375681 35.162994 14.669507 -8.625069 17.605724
-0.453549 11.832493 -20.698942 -5.640442 -22.653734 0.129190 -22.907803 -6.509254 14.325760 -8.228608 -2.640028 -16.219883 -16.619757 -2.951181 3.130990 -5.396621 5.813144 -1.098368 -21.615164 -25.726536 -9.551509 -17.266695 8.672620 0.381920 -10.800611 2.197531 35.863415 13.485765 -9.531797 17.853361
-0.694850 11.356078 -19.849068 -5.871663 -22.951841 0.238794 -23.832150 -7.409185 14.014587 -8.574571 -2.336928 -15.410034 -16.660595 -2.676431 2.903040 -5.048664 6.672029 -2.138457 -21.304182 -26.585711 -9.964624 -15.751580 9.853960 0.280255 -11.099264 3.058637 36.619900 12.723994 -10.223516 18.087751
-1.133918 10.447474 -18.892809 -5.895032 -22.748941 0.296039 -24.130062 -8.010538 14.000814 -8.521924 -2.032862 -14.548548 -16.550251 -2.230952 2.789606 -5.001158 7.707028 -3.021456 -20.977953 -27.197577 -9.043382 -14.802683 10.705547 0.051610 -11.260263 3.401995 37.119514 11.863387 -11.112310 18.355360
-1.789921 9.843129 -18.122864 -5.865197 -23.035528 0.141188 -24.686821 -8.307556 13.640878 -8.773777 -1.422338 -13.824087 -16.720085 -2.163254 2.685956 -4.496997 8.414849 -3.761431 -20.754145 -28.013775 -8.934041 -14.314200 11.454556 -0.352619 -11.361547 3.785904 37.496861 11.134663 -11.790143 18.635839
-2.154881 9.461740 -17.494190 -6.114985 -23.151146 0.214017 -25.152231 -8.815488 13.518294 -9.024042 -1.197283 -13.373569 -16.483440 -1.918882 2.643884 -4.266894 8.838773 -4.061271 -20.524599 -28.221834 -8.993769 -13.294815 12.140586 -0.460430 -11.691597 3.677983 37.637676 10.520653 -12.620662 18.917887
-2.252880 9.353107 -16.928173 -6.353241 -23.055536 0.328068 -25.199394 -9.116293 13.455133 -9.072680 -0.687044 -12.894180 -16.503740 -2.072894 2.782860 -4.247291 9.079745 -4.296710 -20.322542 -28.611574 -8.657436 -12.690585 12.711927 -0.935898 -11.576137 3.820142 37.695019 10.240404 -12.889359 18.983847
-2.379562 9.051059 -16.688887 -6.466699 -22.875278 0.408257 -25.231422 -9.337072 13.511278 -9.009981 -0.543440 -12.669386 -16.507175 -1.882386 2.706054 -4.051998 9.322264 -4.428349 -20.150888 -28.780792 -8.778783 -12.180569 13.297420 -0.976176 -11.534914 3.849772 37.684776 10.024714 -13.032735 19.101271
-2.546396 8.947853 -16.505230 -6.448357 -22.773542 0.426865 -25.129490 -9.354697 13.513966 -8.859588 -0.474219 -12.559840 -16.394953 -1.693726 2.593977 -3.917681 9.431598 -4.431659 -20.051800 -28.803968 -8.769601 -12.111069 13.626529 -1.048833 -11.509542 3.830364 37.620274 9.806061 -13.109197 19.110430
-2.529228 8.911418 -16.416653 -6.465698 -22.772490 0.429056 -25.186758 -9.426717 13.466511 -8.809070 -0.368496 -12.543955 -16.372152 -1.681317 2.514721 -3.805534 9.589681 -4.555880 -20.044077 -28.834558 -8.708419 -12.212268 13.734844 -1.067616 -11.464867 3.937673 37.743160 9.726505 -13.097030 19.208771
-2.529228 8.911418 -16.416653 -6.465698 -22.772490 0.429056 -25.186758 -9.426717 13.466511 -8.809070 -0.368496 -12.543955 -16.372152 -1.681317 2.514721 -3.805534 9.589681 -4.555880 -20.044077 -28.834558 -8.708419 -12.212268 13.734844 -1.067616 -11.464867 3.937673 37.743160 9.726505 -13.097030 19.208771
-2.529228 8.911418 -16.416653 -6.465698 -22.772490 0.429056 -25.186758 -9.426717 13.466511 -8.809070 -0.368496 -12.543955 -16.372152 -1.681317 2.514721 -3.805534 9.589681 -4.555880 -20.044077 -28.834558 -8.708419 -12.212268 13.734844 -1.067616 -11.464867 3.937673 37.743160 9.726505 -13.097030 19.208771
-2.528543 8.911656 -16.416489 -6.466073 -22.772440 0.429091 -25.186977 -9.427123 13.466745 -8.809933 -0.368162 -12.544184 -16.371895 -1.681068 2.514744 -3.805618 9.589650 -4.556009 -20.043892 -28.834715 -8.708428 -12.213220 13.735787 -1.070013 -11.463989 3.936703 37.742580 9.726067 -13.095749 19.209972
-2.528543 8.911656 -16.416489 -6.466073 -22.772440 0.429091 -25.186977 -9.427123 13.466745 -8.809933 -0.368162 -12.544184 -16.371895 -1.681068 2.514744 -3.805618 9.589650 -4.556009 -20.043892 -28.834715 -8.708428 -12.213220 13.735787 -1.070013 -11.463989 3.936703 37.742580 9.726067 -13.095749 19.209972
-2.528543 8.911656 -16.416489 -6.466073 -22.772440 0.429091 -25.186977 -9.427123 13.466745 -8.809933 -0.368162 -12.544184 -16.371895 -1.681068 2.514744 -3.805618 9.589650 -4.556009 -20.043892 -28.834715 -8.708428 -12.213220 13.735787 -1.070013 -11.463989 3.936703 37.742580 9.726067 -13.095749 19.209972
-2.528543 8.911656 -16.416489 -6.466073 -22.772440 0.429091 -25.186977 -9.427123 13.466745 -8.809933 -0.368162 -12.544184 -16.371895 -1.681068 2.514744 -3.805618 9.589650 -4.556009 -20.043892 -28.834715 -8.708428 -12.213220 13.735787 -1.070013 -11.463989 3.936703 37.742580 9.726067 -13.095749 19.209972
-2.528543 8.911656 -16.416489 -6.466073 -22.772440 0.429091 -25.186977 -9.427123 13.466745 -8.809933 -0.368162 -12.544184 -16.371895 -1.681068 2.514744 -3.805618 9.589650 -4.556009 -20.043892 -28.834715 -8.708428 -12.213220 13.735787 -1.070013 -11.463989 3.936703 37.742580 9.726067 -13.095749 19.209972
-2.528543 8.911656 -16.416489 -6.466073 -22.772440 0.429091 -25.186977 -9.427123 13.466745 -8.809933 -0.368162 -12.544184 -16.371895 -1.681068 2.514744 -3.805618 9.589650 -4.556009 -20.043892 -28.834715 -8.708428 -12.213220 13.735787 -1.070013 -11.463989 3.936703 37.742580 9.726067 -13.095749 19.209972
-2.528543 8.911656 -16.416489 -6.466073 -22.772440 0.429091 -25.186977 -9.427123 13.466745 -8.809933 -0.368162 -12.544184 -16.371895 -1.681068 2.514744 -3.805618 9.589650 -4.556009 -20.043892 -28.834715 -8.708428 -12.213220 13.735787 -1.070013 -11.463989 3.936703 37.742580 9.726067 -13.095749 19.209972
-2.528543 8.911656 -16.416489 -6.466073 -22.772440 0.429091 -25.186977 -9.427123 13.466745 -8.809933 -0.368162 -12.544184 -16.371895 -1.681068 2.514744 -3.805618 9.589650 -4.556009 -20.043892 -28.834715 -8.708428 -12.213220 13.735787 -1.070013 -11.463989 3.936703 37.742580 9.726067 -13.095749 19.209972
-2.528543 8.911656 -16.416489 -6.466073 -22.772440 0.429091 -25.186977 -9.427123 13.466745 -8.809933 -0.368162 -12.544184 -16.371895 -1.681068 2.514744 -3.805618 9.589650 -4.556009 -20.043892 -28.834715 -8.700940 -12.230671 13.732204 -1.063906 -11.475100 3.942106 37.736538 9.713621 -13.100443 19.188375
-2.528543 8.911656 -16.416489 -6.466073 -22.772440 0.429091 -25.186977 -9.427123 13.466745 -8.809933 -0.368162 -12.544184 -16.371895 -1.681068 2.514744 -3.805618 9.589650 -4.556009 -20.043892 -28.834715 -8.700765 -12.230861 13.732163 -1.063421 -11.475275 3.942447 37.736359 9.713527 -13.100733 19.187607
-2.528543 8.911656 -16.416489 -6.466073 -22.772440 0.429091 -25.186977 -9.427123 13.466745 -8.809933 -0.368162 -12.544184 -16.371895 -1.681068 2.514744 -3.805618 9.589650 -4.556009 -20.043892 -28.834715 -8.700765 -12.230861 13.732163 -1.063421 -11.475275 3.942447 37.736359 9.713527 -13.100733 19.187607
-2.527736 8.912115 -16.415895 -6.465386 -22.772430 0.429196 -25.186735 -9.427496 13.467121 -8.810367 -0.368237 -12.544019 -16.371368 -1.680643 2.514171 -3.805842 9.590069 -4.555954 -20.043840 -28.834599 -8.700553 -12.230790 13.734814 -1.064400 -11.472011 3.942369 37.734661 9.716426 -13.100329 19.186216
-6.574835 7.026474 -18.174789 -2.363607 -23.186300 -0.939242 -24.176062 -6.744297 13.910021 -6.375581 -3.736037 -13.615046 -12.445640 3.267879 0.009050 -4.267879 12.599634 -3.723255 -17.595997 -28.227379 -6.425339 -16.291658 11.971453 6.276059 -17.253181 5.099690 37.553989 3.392695 -12.724296 13.667670
-6.574835 7.026474 -18.174789 -2.363607 -23.186300 -0.939242 -24.176062 -6.744297 13.910021 -6.375581 -3.736037 -13.615046 -12.445640 3.267879 0.009050 -4.267879 12.599634 -3.723255 -17.595997 -28.227379 -6.425339 -16.291658 11.971453 6.276059 -17.253181 5.099690 37.553989 3.392695 -12.724296 13.667670
-6.574835 7.026474 -18.174789 -2.363607 -23.186300 -0.939242 -24.176062 -6.744297 13.910021 -6.375581 -3.736037 -13.615046 -12.445640 3.267879 0.009050 -4.267879 12.599634 -3.723255 -17.595997 -28.227379 -6.425339 -16.291658 11.971453 6.276059 -17.253181 5.099690 37.553989 3.392695 -12.724296 13.667670
-6.574835 7.026474 -18.174789 -2.363607 -23.186300 -0.939242 -24.176062 -6.744297 13.910021 -6.375581 -3.736037 -13.615046 -12.445640 3.267879 0.009050 -4.267879 12.599634 -3.723255 -17.595997 -28.227379 -6.425339 -16.291658 11.971453 6.276059 -17.253181 5.099690 37.553989 3.392695 -12.724296 13.667670
-6.574835 7.026474 -18.174789 -2.363607 -23.186300 -0.939242 -24.176062 -6.744297 13.910021 -6.375581 -3.736037 -13.615046 -12.445640 3.267879 0.009050 -4.267879 12.599634 -3.723255 -17.595997 -28.227379 -6.425339 -16.291658 11.971453 6.276059 -17.253181 5.099690 37.553989 3.392695 -12.724296 13.667670
-6.471752 6.954596 -18.198269 -2.958793 -23.122606 -1.018505 -24.327946 -6.678317 13.737441 -6.257156 -3.627577 -13.514220 -12.392164 3.139058 -0.162658 -4.420251 12.761247 -3.666687 -17.854258 -28.055338 -6.752789 -15.956346 12.175990 5.423206 -16.655827 5.030257 37.478344 4.029613 -12.677450 14.185733
-6.157747 6.904175 -18.127111 -3.067693 -23.040064 -1.016404 -24.375053 -6.807299 13.746343 -6.337425 -3.488187 -13.464467 -12.433162 3.009642 -0.153908 -4.474384 12.701741 -3.615468 -17.876175 -28.145487 -7.035072 -15.846671 12.340690 5.298865 -16.589643 5.113883 37.407246 4.094944 -12.610751 14.159867
-6.287682 6.838028 -18.186956 -3.008977 -23.044893 -1.066020 -24.359064 -6.716894 13.744806 -6.250973 -3.510719 -13.467891 -12.439982 3.023169 -0.175391 -4.462471 12.720223 -3.591739 -17.863796 -28.172068 -7.048126 -15.882393 12.363441 5.210684 -16.543850 5.039450 37.407089 4.139110 -12.536820 14.229567
-6.328675 6.814508 -18.206234 -2.964044 -23.050797 -1.079331 -24.349480 -6.690403 13.751125 -6.223706 -3.546225 -13.500691 -12.400281 3.089160 -0.183674 -4.462538 12.738028 -3.595688 -17.805555 -28.177500 -7.046012 -15.861471 12.319916 5.244356 -16.579052 5.035385 37.428436 4.139330 -12.520163 14.243765
-6.345336 6.805811 -18.214245 -2.945235 -23.053665 -1.085141 -24.344936 -6.678758 13.753760 -6.215947 -3.554043 -13.505174 -12.400638 3.099885 -0.167559 -4.457675 12.730769 -3.602568 -17.789354 -28.179623 -7.049845 -15.850548 12.313150 5.242004 -16.580580 5.034171 37.434711 4.143364 -12.522335 14.254152
-6.342173 6.807255 -18.213203 -2.951017 -23.053251 -1.084283 -24.346548 -6.680852 13.753511 -6.218875 -3.555625 -13.504777 -12.401272 3.100899 -0.166105 -4.457466 12.730042 -3.602851 -17.788618 -28.180357 -7.050667 -15.851979 12.314625 5.237047 -16.577200 5.033005 37.434155 4.144540 -12.523234 14.256832
-6.338844 6.808850 -18.212029 -2.951153 -23.053303 -1.082878 -24.346722 -6.683368 13.754317 -6.222779 -3.547819 -13.504780 -12.402766 3.092593 -0.167563 -4.458889 12.729252 -3.603225 -17.794167 -28.178976 -7.053054 -15.850348 12.313667 5.234263 -16.576469 5.031119 37.435314 4.146689 -12.522211 14.260691
-6.342330 6.806944 -18.213024 -2.950411 -23.053484 -1.083988 -24.345968 -6.680677 13.753637 -6.219820 -3.548924 -13.504125 -12.404716 3.092342 -0.166566 -4.458408 12.728536 -3.602668 -17.794609 -28.179193 -7.053056 -15.851672 12.314112 5.233615 -16.575619 5.030842 37.434265 4.146127 -12.523020 14.261926
-6.340344 6.808070 -18.212227 -2.952766 -23.053221 -1.083427 -24.346746 -6.682124 13.753584 -6.221291 -3.547984 -13.504001 -12.405137 3.091416 -0.166087 -4.458234 12.728020 -3.602992 -17.794878 -28.179176 -7.052862 -15.851714 12.313909 5.233994 -16.575922 5.030912 37.434231 4.145779 -12.523010 14.261631
-6.369443 6.793089 -18.221687 -2.992983 -23.050936 -1.091367 -24.351448 -6.660512 13.737936 -6.196768 -3.544366 -13.509540 -12.390153 3.098196 -0.181435 -4.462829 12.741462 -3.597735 -17.793823 -28.177366 -7.052313 -15.845178 12.305504 5.261336 -16.598204 5.041094 37.440987 4.130376 -12.530110 14.249104
-6.356711 6.799919 -18.216805 -2.969424 -23.052290 -1.086723 -24.347744 -6.670789 13.745343 -6.206532 -3.547192 -13.505093 -12.401549 3.090558 -0.174505 -4.460205 12.734889 -3.595340 -17.798277 -28.177412 -7.056249 -15.847602 12.308926 5.251013 -16.592827 5.038127 37.437569 4.134935 -12.527770 14.251040
-6.355208 6.800658 -18.216156 -2.972072 -23.052034 -1.086193 -24.348480 -6.671896 13.745084 -6.207489 -3.546468 -13.504851 -12.401803 3.089948 -0.174825 -4.460065 12.734697 -3.595669 -17.799021 -28.177305 -7.056398 -15.848632 12.309251 5.250883 -16.592842 5.038204 37.437553 4.134893 -12.526790 14.251072
-6.356219 6.800091 -18.216633 -2.969301 -23.052191 -1.086645 -24.347874 -6.671234 13.745496 -6.206783 -3.545604 -13.504710 -12.402146 3.089290 -0.174823 -4.460029 12.734387 -3.595884 -17.799543 -28.177341 -7.054855 -15.847968 12.309075 5.250998 -16.591770 5.038052 37.438141 4.135873 -12.528614 14.251785
-6.357675 6.799187 -18.217094 -2.969601 -23.052298 -1.086951 -24.347691 -6.670180 13.745131 -6.205956 -3.545702 -13.504834 -12.401670 3.089578 -0.175015 -4.460092 12.734616 -3.595927 -17.799398 -28.177151 -7.054852 -15.847884 12.308943 5.251098 -16.591885 5.038088 37.438190 4.135804 -12.528461 14.251667
-6.358191 6.799543 -18.216846 -2.969384 -23.052744 -1.087128 -24.348028 -6.670275 13.745074 -6.206238 -3.545681 -13.504827 -12.402205 3.089267 -0.174907 -4.459747 12.734433 -3.595982 -17.799522 -28.177290 -7.054852 -15.847884 12.308943 5.251098 -16.591885 5.038088 37.438190 4.135804 -12.528461 14.251667
-6.363974 6.796991 -18.218750 -2.993489 -23.051628 -1.089344 -24.352047 -6.664845 13.739041 -6.202199 -3.531439 -13.505516 -12.403440 3.076252 -0.176586 -4.461567 12.733078 -3.597710 -17.807085 -28.175753 -7.056621 -15.841199 12.306551 5.244990 -16.586521 5.034168 37.439434 4.142301 -12.527741 14.260644
-6.364392 6.796671 -18.218796 -2.996799 -23.051443 -1.088713 -24.352482 -6.664957 13.738489 -6.203851 -3.537748 -13.506297 -12.397839 3.086571 -0.178973 -4.462518 12.737227 -3.597976 -17.801672 -28.177446 -7.056162 -15.841829 12.306570 5.246603 -16.588821 5.034685 37.440098 4.140504 -12.529584 14.259617
-6.364392 6.796671 -18.218796 -2.996799 -23.051443 -1.088713 -24.352482 -6.664957 13.738489 -6.203851 -3.537630 -13.506314 -12.397794 3.086619 -0.178834 -4.462388 12.737123 -3.598155 -17.801531 -28.177456 -7.056633 -15.840312 12.304830 5.246450 -16.587742 5.034597 37.439995 4.142228 -12.528765 14.260698
-6.356925 6.800104 -18.216717 -2.965503 -23.053040 -1.087492 -24.347507 -6.670599 13.746404 -6.206465 -3.543602 -13.506106 -12.400731 3.088686 -0.173581 -4.460888 12.733597 -3.599456 -17.798361 -28.176588 -7.056682 -15.841399 12.304230 5.247033 -16.588127 5.032698 37.440418 4.142428 -12.525557 14.261799
-6.356582 6.800420 -18.216667 -2.964838 -23.053078 -1.087365 -24.347363 -6.670885 13.746731 -6.206929 -3.543682 -13.506113 -12.400496 3.088746 -0.173922 -4.461000 12.733787 -3.599272 -17.798471 -28.176516 -7.056552 -15.841132 12.303501 5.247948 -16.588770 5.032574 37.440365 4.142477 -12.525055 14.261337
-6.355940 6.800722 -18.216465 -2.967451 -23.052958 -1.087190 -24.348064 -6.671288 13.746418 -6.207700 -3.544598 -13.506396 -12.400078 3.089858 -0.174034 -4.460942 12.734036 -3.599080 -17.797825 -28.176424 -7.056559 -15.840916 12.303738 5.247421 -16.588375 5.032354 37.440414 4.142719 -12.524946 14.261859
