8.588290 17.991272 -4.458506 1.909339 -9.041002 -6.517659 9.541454 14.491879 15.388332 16.740238 -18.463968 -26.934258 11.731790 -7.043624 2.143138 -8.603521 0.995899 16.123919 -7.559999 -5.791137 14.625318 -11.638884 13.358386 22.140852 6.492640 -8.920623 11.050612 36.410690 11.387956 -10.427835
7.799201 17.662321 -4.677035 1.690257 -9.008788 -6.566989 9.659780 14.792679 15.672011 16.425110 -17.926680 -27.143814 12.256155 -6.939100 1.990182 -8.496372 1.182656 16.005283 -7.591690 -5.600983 14.891606 -12.130334 13.857564 21.885889 6.315783 -8.377089 11.037241 35.812546 11.099871 -11.380272
6.081787 16.797529 -5.220787 1.926795 -9.007027 -6.804795 10.025163 15.619888 16.125717 16.431499 -17.251257 -27.615238 13.397192 -6.436081 1.400857 -8.473621 1.809930 15.929446 -7.532244 -5.372819 15.686721 -13.063720 14.712136 21.644136 5.667099 -7.342339 11.036919 34.349903 10.259413 -13.191446
3.803210 15.716860 -5.213262 0.852824 -8.743492 -6.703620 10.554281 16.468813 16.215609 17.152809 -16.717510 -28.086941 14.517236 -6.120183 0.829267 -7.878566 2.330632 15.514596 -7.273822 -5.332797 16.382738 -13.332137 15.820076 20.604343 5.525282 -6.668271 11.157656 33.354012 8.858700 -14.273171
1.783557 14.785791 -5.460816 -0.164465 -8.632288 -6.475133 10.713759 16.911068 16.545830 16.957113 -15.312099 -28.608513 15.482086 -6.090736 -0.068542 -7.385486 3.252516 15.007051 -7.623381 -5.093898 17.634068 -14.012790 16.846020 19.864511 4.624306 -5.567636 11.116989 31.320129 6.767726 -16.493555
0.028458 13.896007 -5.486216 -0.670628 -8.622087 -6.057227 10.753366 16.882206 17.086290 16.135208 -14.366141 -29.111797 16.521240 -6.120312 -1.078388 -6.514312 4.056723 14.162070 -7.907473 -5.115346 19.336493 -14.630256 18.422976 19.332510 3.607011 -4.034110 10.905994 29.019737 4.901507 -19.650118
-1.243311 13.382449 -5.721617 -0.263198 -8.950405 -5.705770 10.549775 16.651861 17.795046 14.725899 -13.203367 -29.631886 17.277908 -6.329411 -2.089720 -5.955538 5.053699 13.543933 -8.675590 -4.799815 20.529573 -14.887450 19.062740 19.040289 2.293478 -3.205162 10.745481 26.939108 3.453197 -21.779045
-2.834705 13.102164 -5.685539 -0.207474 -9.174920 -5.103556 10.785409 16.580883 18.443953 13.626692 -12.670586 -29.482431 17.686537 -6.142482 -2.839545 -5.493595 5.927771 13.028842 -9.109804 -4.657212 21.554239 -15.795132 19.962286 19.438967 0.884615 -1.860473 10.822459 24.641785 2.119438 -23.918581
-3.822613 12.889838 -5.691939 -0.199354 -9.381360 -4.754785 10.807902 16.494795 18.823185 12.974206 -11.918537 -29.580975 17.892481 -6.514999 -3.286942 -4.859821 6.320868 12.604119 -9.548061 -4.545037 22.084652 -16.660698 20.575163 20.217648 -0.555719 -1.353515 11.016542 22.490524 1.854034 -24.858513
-4.328016 12.657238 -5.762004 0.072518 -9.533928 -4.591551 10.766837 16.387690 19.160196 12.415059 -11.757111 -29.714304 17.986877 -6.592754 -3.640293 -4.529594 6.667208 12.326256 -9.841703 -4.588381 22.462086 -17.326502 20.850183 20.365427 -1.091767 -1.132095 11.112823 21.405167 1.457457 -25.174818
-4.091371 12.746269 -5.118924 0.312814 -9.485181 -4.282489 11.124489 16.204664 19.143507 12.807915 -12.369165 -29.604782 18.000515 -6.709131 -3.746754 -4.008086 6.440499 12.161469 -9.927997 -4.661292 22.440077 -16.341028 21.087107 20.537985 -0.973017 -1.242469 11.371571 21.705715 1.218328 -24.561932
-3.049706 12.933174 -1.789141 2.111729 -9.915939 -2.761029 11.748836 14.466530 18.837671 14.401480 -15.529127 -28.469044 18.321409 -6.401827 -4.023967 -1.147275 5.354500 11.126410 -10.180548 -5.143072 21.573957 -9.522868 23.515751 18.819815 1.603413 -2.679715 12.946096 24.744007 0.758654 -18.475071
-1.728275 13.450038 3.088596 7.838488 -11.712727 -0.046044 11.364879 10.265638 18.634829 14.916038 -20.242609 -25.797012 16.924833 -4.936590 -3.705111 4.308501 4.841662 8.116962 -10.293842 -5.850961 22.069326 -2.263514 26.393801 23.166979 0.266044 -3.936494 15.687469 22.855528 0.118665 -10.352774
3.280208 17.298986 5.504686 7.525227 -13.547043 4.063005 6.025737 1.244385 18.044283 10.446023 -21.324459 -21.875099 6.820503 -7.838418 1.095586 9.429431 2.514032 3.325311 -12.862194 -8.711997 22.160013 2.735432 26.918379 19.990921 2.003418 -8.143435 17.481068 23.714846 -5.732862 -0.437842
6.730687 19.901060 4.683296 7.580892 -17.141743 5.834540 -2.242440 -6.504647 16.224974 6.823984 -20.965906 -18.415405 -5.401301 -9.700669 6.771287 11.605837 1.258779 -1.143948 -15.356024 -11.997322 22.214577 0.361080 23.805130 15.732434 1.398714 -11.660120 21.810421 22.011082 -6.537153 12.580128
4.572258 19.750116 -0.141163 3.183553 -20.235094 5.449594 -10.817960 -9.821302 14.127909 1.944854 -18.043303 -14.443267 -13.227715 -9.364507 7.225270 6.842419 5.082140 -3.309344 -18.223402 -15.616220 22.777407 -4.405119 17.719284 12.488297 0.720299 -14.308455 24.167015 22.498386 -4.914687 21.711786
2.037757 20.123095 -9.984109 2.659669 -24.094297 3.576360 -17.186218 -8.943163 13.535662 -4.110133 -13.736978 -16.558411 -17.052849 -4.718200 8.990149 0.530492 4.004357 -3.822151 -19.685919 -17.904518 9.567334 -11.710549 5.478231 8.343431 -5.114060 -11.785606 29.428381 21.954506 -5.084745 26.383896
0.279332 19.460064 -18.796888 0.010312 -22.256170 3.624378 -16.377899 -6.292090 16.048550 -6.472799 -11.007497 -17.557898 -19.331680 -2.110166 8.747771 -3.650498 2.537975 0.082653 -22.943594 -17.827625 0.025269 -18.299425 -1.893002 7.032931 -9.670177 -7.320257 30.731018 20.601097 -5.087986 21.313383
-3.200876 18.887861 -26.966259 -6.136044 -18.567263 5.661279 -14.945120 -4.897373 18.206594 -4.512185 -5.825779 -18.523876 -17.561876 -1.082289 6.381549 -9.127505 4.558635 1.818465 -28.851418 -12.749129 -6.966671 -27.870995 -2.298103 0.900347 -8.029232 -7.295368 27.079708 20.951279 -5.653988 17.121504
-5.754464 18.732473 -30.772377 -9.871016 -16.114424 8.004967 -13.824899 -5.116116 19.615059 -2.789236 -0.660125 -19.734682 -15.371961 -0.820815 4.099405 -11.598268 6.683045 2.070810 -32.100044 -9.547351 -6.869745 -32.689152 -1.736389 -1.316789 -6.284503 -5.719972 26.479950 20.762478 -5.024755 15.032623
-6.115898 18.546791 -30.996284 -10.520884 -15.882148 8.104383 -13.892743 -5.175563 19.702644 -2.908350 -0.260643 -19.827202 -15.185538 -1.047348 4.066111 -11.733970 6.696712 2.056812 -32.340836 -9.338042 -6.910468 -32.463879 -1.620433 -1.023846 -6.246204 -5.784166 26.349342 20.740246 -5.469842 14.862133
-4.637287 18.180458 -30.443043 -10.014163 -16.519127 7.013811 -14.658654 -4.891216 19.037355 -2.823868 -1.326708 -19.395481 -15.663453 -1.083291 4.079191 -11.750093 6.538278 1.894590 -30.795521 -11.362158 -8.087705 -31.753592 -0.728897 -1.301572 -6.859406 -5.242687 27.139854 20.114279 -5.086800 15.203612
-2.405772 17.081709 -28.947672 -9.341797 -17.814838 4.783551 -16.439011 -4.538732 17.809690 -3.770806 -3.022150 -18.485264 -16.177017 -1.609520 4.405938 -11.107860 5.773624 1.404477 -28.505579 -14.791058 -9.445779 -29.036589 0.844136 -0.375736 -7.813467 -4.444175 28.467909 19.096703 -5.356248 15.806786
-0.487002 15.782129 -26.458754 -8.007209 -19.459726 2.951676 -18.425453 -4.905150 16.697363 -5.104115 -3.670977 -18.231594 -16.304996 -2.602937 3.974462 -9.269847 5.043601 1.456108 -25.720461 -18.929638 -9.524434 -25.630447 3.141661 0.756778 -8.723214 -2.759829 30.636639 17.642572 -5.744146 16.414576
0.515323 14.316819 -24.086159 -7.047095 -21.082724 1.363206 -20.525726 -5.358240 15.543644 -6.698818 -3.909381 -17.775356 -16.418434 -3.355093 3.357260 -7.164938 5.060198 0.770548 -23.592096 -22.314322 -9.454436 -22.197086 5.460592 0.963309 -9.616032 -0.645075 33.021938 16.006449 -6.656062 17.156519
0.196776 12.663289 -21.467436 -5.936909 -22.074898 0.512380 -21.862595 -6.115659 14.948215 -8.015283 -3.308926 -16.883076 -16.606169 -3.241256 3.160951 -5.661777 5.193077 -0.135599 -21.943827 -25.151564 -9.051394 -18.834455 7.690020 0.675304 -10.122181 1.315799 34.938953 14.626427 -8.530826 17.451952
-0.574084 11.407219 -19.837330 -5.928526 -22.940737 0.285721 -23.841270 -7.477806 14.057025 -8.594254 -2.333755 -15.421512 -16.640944 -2.677394 2.899081 -5.068336 6.668906 -2.119814 -21.311014 -26.587475 -9.849992 -15.822909 9.903864 0.266186 -11.077966 3.105639 36.562702 12.675787 -10.236099 17.954573
-1.720935 9.872118 -18.091946 -5.836129 -23.030825 0.167430 -24.672773 -8.345493 13.660436 -8.776860 -1.448877 -13.825980 -16.719358 -2.159853 2.708556 -4.508452 8.394900 -3.773658 -20.762373 -27.999125 -8.863641 -14.439860 11.405924 -0.237837 -11.472833 3.939030 37.472836 11.040701 -11.903492 18.357107
-2.189905 9.364491 -16.890995 -6.297015 -23.057055 0.327505 -25.185299 -9.133006 13.463426 -9.066565 -0.782490 -12.871925 -16.456387 -1.990399 2.827698 -4.290394 9.056231 -4.350487 -20.337317 -28.544353 -8.614285 -12.874506 12.663097 -0.761545 -11.741634 4.036122 37.660267 10.095953 -13.040140 18.598669
-2.463723 8.962618 -16.484966 -6.390158 -22.761976 0.446030 -25.109985 -9.390340 13.543977 -8.851965 -0.583815 -12.515920 -16.345125 -1.602245 2.611150 -3.971323 9.415106 -4.464573 -20.085665 -28.732649 -8.746484 -12.327908 13.584252 -0.828315 -11.698395 4.091832 37.587635 9.637781 -13.267898 18.673328
-2.453764 8.924558 -16.398750 -6.409269 -22.762030 0.447581 -25.168903 -9.460504 13.494088 -8.801558 -0.471232 -12.503569 -16.323997 -1.586814 2.523487 -3.852592 9.579608 -4.587974 -20.081285 -28.762304 -8.690722 -12.430935 13.700438 -0.852951 -11.651077 4.201957 37.706196 9.556887 -13.254792 18.766344
-2.453060 8.924858 -16.398703 -6.410162 -22.762009 0.447871 -25.169216 -9.461050 13.494312 -8.802155 -0.471314 -12.503648 -16.323864 -1.586659 2.523464 -3.852602 9.579692 -4.588012 -20.081112 -28.762333 -8.691254 -12.429792 13.699084 -0.851734 -11.652174 4.202027 37.707321 9.557418 -13.255516 18.766949
-2.453060 8.924858 -16.398703 -6.410162 -22.762009 0.447871 -25.169216 -9.461050 13.494312 -8.802155 -0.471314 -12.503648 -16.323864 -1.586659 2.523464 -3.852602 9.579692 -4.588012 -20.081112 -28.762333 -8.691254 -12.429792 13.699084 -0.851734 -11.652174 4.202027 37.707321 9.557418 -13.255516 18.766949
-2.453060 8.924858 -16.398703 -6.410162 -22.762009 0.447871 -25.169216 -9.461050 13.494312 -8.802155 -0.471314 -12.503648 -16.323864 -1.586659 2.523464 -3.852602 9.579692 -4.588012 -20.081112 -28.762333 -8.693818 -12.429448 13.698088 -0.852459 -11.652904 4.203187 37.707748 9.557802 -13.255125 18.766649
-2.453060 8.924858 -16.398703 -6.410162 -22.762009 0.447871 -25.169216 -9.461050 13.494312 -8.802155 -0.471314 -12.503648 -16.323864 -1.586659 2.523464 -3.852602 9.579692 -4.588012 -20.081112 -28.762333 -8.693818 -12.429448 13.698088 -0.852459 -11.652904 4.203187 37.707748 9.557802 -13.255125 18.766649
-2.453563 8.924662 -16.398808 -6.409711 -22.762096 0.447684 -25.169134 -9.460733 13.494167 -8.802041 -0.471314 -12.503648 -16.323864 -1.586659 2.523464 -3.852602 9.579692 -4.588012 -20.081112 -28.762333 -8.693891 -12.428069 13.695902 -0.850788 -11.654490 4.203039 37.709400 9.558556 -13.256415 18.767530
-2.453563 8.924662 -16.398808 -6.409711 -22.762096 0.447684 -25.169134 -9.460733 13.494167 -8.802041 -0.471314 -12.503648 -16.323864 -1.586659 2.523464 -3.852602 9.579692 -4.588012 -20.081112 -28.762333 -8.693891 -12.428069 13.695902 -0.850788 -11.654490 4.203039 37.709400 9.558556 -13.256415 18.767530
-15.129871 1.516983 -21.542923 6.037262 -24.014408 -4.122478 -21.464790 -0.070712 13.473159 1.529898 -10.070655 -15.986893 -4.515242 13.188969 -3.157897 -5.967635 17.149992 -3.595396 -11.752457 -27.608957 -3.836514 -19.467894 8.142994 17.335337 -25.605150 8.553994 37.396046 -4.031923 -13.365006 4.638286
-15.129871 1.516983 -21.542923 6.037262 -24.014408 -4.122478 -21.464790 -0.070712 13.473159 1.529898 -10.070655 -15.986893 -4.515242 13.188969 -3.157897 -5.967635 17.149992 -3.595396 -11.752457 -27.608957 -3.836514 -19.467894 8.142994 17.335337 -25.605150 8.553994 37.396046 -4.031923 -13.365006 4.638286
-15.129871 1.516983 -21.542923 6.037262 -24.014408 -4.122478 -21.464790 -0.070712 13.473159 1.529898 -10.070655 -15.986893 -4.515242 13.188969 -3.157897 -5.967635 17.149992 -3.595396 -11.752457 -27.608957 -3.836514 -19.467894 8.142994 17.335337 -25.605150 8.553994 37.396046 -4.031923 -13.365006 4.638286
-16.015669 0.880757 -21.949781 6.499563 -24.099337 -4.507656 -21.243553 0.764623 13.372421 2.398099 -10.436672 -16.478130 -3.533381 14.243889 -3.752984 -6.126983 17.797026 -3.404335 -11.127819 -27.544205 -3.562684 -20.190605 7.516918 19.286337 -27.853994 9.143176 37.469570 -5.688990 -13.242381 3.435146
-16.181179 0.800002 -22.023468 6.645160 -24.120405 -4.562055 -21.213829 0.872008 13.374720 2.514185 -10.514122 -16.501905 -3.456470 14.354349 -3.806961 -6.136012 17.834721 -3.382787 -11.086884 -27.534952 -3.533993 -20.136305 7.462953 19.289848 -27.821014 9.107469 37.476704 -5.668552 -13.235109 3.417394
-16.229223 0.772133 -22.039585 6.683023 -24.124697 -4.575122 -21.197901 0.907538 13.369598 2.559512 -10.506103 -16.495838 -3.468542 14.339763 -3.803235 -6.134789 17.829285 -3.382246 -11.095865 -27.537481 -3.529528 -20.138317 7.451954 19.309093 -27.836336 9.111539 37.477337 -5.678566 -13.234899 3.403004
-16.231754 0.770801 -22.040514 6.686558 -24.125162 -4.575740 -21.197060 0.909145 13.369780 2.561615 -10.505302 -16.495735 -3.469660 14.338750 -3.799628 -6.135535 17.827154 -3.384664 -11.096462 -27.536026 -3.530138 -20.137867 7.450328 19.311939 -27.837914 9.111444 37.477833 -5.679571 -13.232475 3.404068
-16.285639 0.738795 -22.056654 6.728843 -24.130884 -4.587680 -21.176376 0.949609 13.360752 2.618043 -10.501468 -16.495842 -3.472210 14.334732 -3.799906 -6.134826 17.824274 -3.382753 -11.099875 -27.534065 -3.506527 -20.155344 7.417275 19.420263 -27.924652 9.151384 37.481823 -5.746144 -13.226281 3.310258
-16.291382 0.737761 -22.056545 6.736811 -24.131586 -4.588034 -21.173300 0.952717 13.360453 2.623736 -10.489159 -16.501183 -3.491221 14.320881 -3.769583 -6.126553 17.801979 -3.400810 -11.094120 -27.536350 -3.514203 -20.157148 7.419972 19.397049 -27.909742 9.145824 37.478687 -5.736175 -13.229877 3.325830
-16.291889 0.737394 -22.056952 6.737988 -24.131760 -4.588371 -21.173147 0.953183 13.360664 2.623833 -10.489664 -16.501255 -3.490731 14.321798 -3.770213 -6.126682 17.802607 -3.400609 -11.094002 -27.536146 -3.515028 -20.156502 7.421335 19.394743 -27.907755 9.145286 37.478848 -5.734582 -13.229844 3.328177
-16.239779 0.765553 -22.043056 6.692638 -24.126482 -4.577147 -21.193356 0.915574 13.368563 2.568383 -10.497117 -16.503553 -3.474390 14.335148 -3.788449 -6.131145 17.818609 -3.389834 -11.092873 -27.533833 -3.511299 -20.157179 7.418785 19.408800 -27.918644 9.148245 37.479885 -5.742177 -13.228826 3.321959
-16.285067 0.739065 -22.058140 6.731752 -24.131495 -4.588879 -21.177876 0.948635 13.363834 2.612010 -10.503651 -16.505005 -3.465524 14.346331 -3.793993 -6.133609 17.824066 -3.388438 -11.087316 -27.534952 -3.508834 -20.159578 7.418074 19.413893 -27.922066 9.149831 37.478649 -5.746583 -13.229995 3.315121
-16.234076 0.769520 -22.039165 6.686876 -24.125399 -4.573998 -21.193600 0.911229 13.366622 2.567786 -10.487581 -16.501514 -3.491462 14.317663 -3.774295 -6.126523 17.804655 -3.395837 -11.098463 -27.534004 -3.518551 -20.147871 7.423324 19.391745 -27.902803 9.143798 37.481541 -5.726616 -13.227386 3.339448
