-2.289564 -5.498854 12.641496 0.598445 -20.289858 -13.132459 -29.544716 -12.216211 4.657935 3.964453 -4.208699 8.830786 -6.951406 1.214185 9.112970 -0.098095 25.685555 -1.190283 -7.236222 -19.956251 -17.300119 -13.643767 33.200401 -3.142872 -21.439857 -13.772608 7.825233 -13.871274 2.728357 3.575104
-2.366266 -5.048998 12.851722 0.384499 -20.000109 -12.901648 -28.791412 -11.944494 4.897496 4.241523 -3.521174 8.403348 -6.094668 0.724283 8.816481 0.395468 25.963064 -1.165495 -7.480065 -19.159292 -17.216967 -14.521157 31.796240 -3.036903 -21.455807 -14.548276 7.416079 -13.181604 2.720322 3.701892
-2.997632 -4.511430 13.744116 -0.254716 -19.325367 -12.361855 -27.293934 -11.632869 5.418633 4.501779 -3.016015 7.805068 -5.240895 0.122435 8.282828 0.864884 26.413340 -1.431236 -7.945351 -18.020327 -16.661983 -16.137089 29.641680 -2.930539 -21.565744 -15.570948 7.159935 -12.290536 2.589245 4.028756
-3.403395 -4.048788 14.494970 -1.051788 -18.374643 -12.125296 -25.414028 -10.850846 5.973695 4.844442 -2.076248 6.935105 -4.258739 -0.453734 7.611878 1.490545 26.892778 -1.506256 -8.560755 -16.550611 -15.980399 -18.106874 26.701324 -2.519658 -21.559664 -16.995152 6.750316 -11.028316 1.949206 4.551717
-4.416501 -3.735174 15.857306 -1.932333 -17.502123 -11.339672 -23.645533 -10.741279 6.634240 5.370638 -0.950222 6.091466 -2.920248 -1.166521 7.066158 1.954623 27.598783 -1.902952 -9.439501 -14.586997 -15.286762 -18.674009 24.107916 -1.935385 -22.049160 -18.315685 6.688383 -9.972244 0.907454 5.036694
-5.036290 -3.372964 16.643366 -2.756920 -16.661768 -10.807353 -21.969004 -10.307665 7.271078 5.758622 0.098451 5.676785 -1.481639 -1.928692 7.190147 1.824680 27.733463 -2.139140 -10.855029 -12.119220 -14.452989 -20.083393 20.888996 -1.542299 -22.432396 -20.051758 6.429016 -8.627943 0.018707 5.701051
-4.947262 -3.072561 16.743223 -3.353498 -15.748061 -10.491781 -20.311216 -9.675344 8.172135 5.887286 0.597301 5.023578 -0.171727 -2.785876 7.642756 1.482143 27.306803 -1.871626 -11.693541 -9.860705 -13.683988 -21.274675 17.959068 -1.137288 -22.600416 -21.685797 5.980021 -7.110558 -0.864383 5.985098
-4.881363 -2.858189 17.394135 -3.629542 -14.947018 -10.129706 -18.775578 -9.280254 8.812824 6.046596 0.963977 4.750540 0.833990 -3.296922 8.197413 1.067923 26.940590 -1.849704 -12.310307 -8.098619 -13.004394 -21.317310 15.906626 -0.658936 -22.802238 -22.614799 6.040137 -6.180584 -1.861746 6.412922
-5.192929 -2.841735 18.058289 -4.103766 -14.384830 -9.999933 -17.698040 -8.940603 9.229705 5.881650 1.266281 4.590187 1.552585 -3.740791 8.359821 1.111435 26.828871 -1.602477 -12.679330 -7.187316 -12.675396 -21.192190 14.698934 -0.217493 -22.871107 -22.935247 6.305109 -5.509222 -2.846332 6.617251
-4.853340 -2.693433 17.748486 -4.106885 -13.847202 -9.569822 -17.068371 -8.957850 9.574734 6.331802 1.053312 4.587414 1.285443 -3.517421 8.561861 0.644492 26.749990 -1.607392 -12.924893 -6.844872 -12.733042 -20.630285 14.062335 0.095952 -23.041178 -22.994747 6.505302 -5.143391 -3.291993 6.672191
-5.395387 -2.671607 18.092928 -4.265540 -13.945418 -9.458214 -17.094097 -9.060902 9.520686 6.207731 1.524706 4.376812 1.740572 -3.721558 8.455707 0.900690 26.676270 -1.478483 -13.059834 -6.470672 -12.624222 -20.188169 13.855650 0.163375 -23.128992 -22.931932 6.688590 -5.029783 -3.449279 6.691249
-7.595006 -3.162187 18.050007 -6.021659 -12.714731 -8.930439 -15.676193 -8.601151 10.700830 5.100439 3.815102 3.848757 3.279620 -4.313967 8.242126 1.040114 26.687101 -2.161378 -14.115195 -4.872718 -9.803599 -17.479795 11.820213 0.158344 -23.321812 -21.359608 9.584677 -3.743084 -4.655169 7.200212
-10.089523 -4.746829 18.302450 -8.033741 -10.270397 -7.555826 -13.032247 -8.401997 13.274458 3.443319 7.125133 3.251264 6.939093 -5.447246 8.390445 3.094777 25.327780 -2.285762 -14.619174 -1.938413 -3.481639 -9.475757 9.821783 -1.247708 -23.727520 -17.607056 14.103583 -1.947617 -10.027684 5.938868
-11.894461 -7.787333 20.599855 -10.651043 -7.000156 -7.911218 -8.407430 -6.116682 16.999224 0.116179 9.637516 4.231150 11.886786 -6.133270 9.152738 8.912637 21.770039 1.163333 -13.019355 -1.100946 4.111069 -9.397340 12.604897 -9.290602 -23.912048 -17.813957 13.001748 -7.690280 -15.433520 5.132034
-10.843203 -12.953137 20.614353 -14.931259 -0.953758 -6.589039 -3.197360 -5.737527 21.560556 -0.026595 12.901669 6.105377 15.548186 -6.195720 9.862521 13.259229 16.707819 5.110098 -11.416100 -3.139169 11.626768 4.517084 11.086004 -12.823353 -26.171947 -12.828197 18.369957 -6.389968 -7.804359 3.839451
-2.129683 -19.159124 14.596694 -15.518094 5.411727 -5.992509 -1.957700 -8.395908 25.231251 4.107480 13.881727 7.461953 16.545258 -3.183062 14.335907 11.705206 8.378366 10.998110 -9.978599 -5.621069 12.106138 8.458398 10.726492 -14.418174 -27.238922 -18.793976 11.852818 -7.537492 -0.002642 4.089273
2.581319 -21.630714 4.416747 -17.297932 6.545761 -9.867481 -7.236531 -8.685849 24.923201 4.257486 10.460737 9.939919 11.045989 3.335571 18.574749 5.161215 3.081415 14.578031 -9.521965 -10.162215 12.886638 9.290392 6.827319 -14.992491 -26.179787 -18.652781 9.587485 -0.994392 13.629203 1.538564
5.044909 -21.381769 -6.053274 -18.358807 5.733451 -13.578259 -14.168071 -8.812831 23.058874 4.626377 5.405886 10.101511 4.722717 7.753327 19.808355 -0.741012 0.693978 18.216650 -11.121058 -12.737269 15.492758 9.914655 2.335954 -18.192886 -23.912027 -18.564537 6.065073 6.150086 23.180750 -3.730728
6.819030 -20.770426 -12.034375 -17.495556 4.092427 -15.409826 -19.658752 -9.626493 21.282927 5.266037 4.232837 8.090455 0.454401 9.663036 19.403095 -6.969484 1.388546 19.083542 -13.677813 -12.596675 16.259729 14.053657 -1.919168 -23.389132 -24.629738 -20.528755 1.399189 10.448195 21.860846 -10.321897
7.968845 -19.532679 -15.254914 -16.355667 2.748837 -16.068943 -22.169228 -9.662337 20.207672 5.536479 4.062257 6.526437 -1.192702 10.074618 19.068968 -8.826058 1.873492 19.559912 -14.096794 -12.762553 18.775208 8.727927 -9.209542 -25.128721 -24.074295 -20.478302 2.244383 13.767490 22.388792 -10.379953
8.035780 -19.299387 -15.681589 -16.170544 2.564059 -16.053047 -22.425682 -9.653971 20.092258 5.615573 4.287354 6.340413 -1.356156 10.079601 18.971672 -8.944838 2.158313 19.372580 -14.167704 -12.688627 19.546024 7.787835 -9.882496 -25.707939 -23.775080 -20.367138 2.332368 14.088423 21.948343 -10.532561
7.512360 -19.608892 -15.123610 -16.128307 2.509715 -15.639420 -22.714888 -10.310583 19.970261 5.824820 4.618734 6.521387 -1.373470 10.244977 19.011909 -8.706506 2.341490 19.228075 -14.047982 -12.938509 19.658165 8.341641 -9.201559 -25.830389 -23.849209 -20.319336 2.302151 13.732304 21.810314 -10.598475
6.843241 -19.986769 -14.300344 -16.539007 2.755573 -15.348826 -22.324625 -10.518339 20.181997 5.763325 5.364049 6.846250 -1.223957 10.408278 18.872112 -7.799701 2.919834 18.599045 -14.200539 -12.800371 19.937904 9.119687 -7.709783 -26.082373 -23.879726 -19.890701 2.565561 12.906997 21.324152 -10.607130
5.687656 -20.593973 -12.976515 -16.872391 2.953378 -14.707926 -22.026165 -11.112301 20.414885 5.736636 6.761908 7.186345 -0.849416 10.571523 18.777077 -6.658202 3.650107 17.875147 -14.196807 -12.745019 20.819441 8.775105 -6.465975 -26.344957 -23.342457 -19.299788 2.860619 12.471378 20.118359 -10.854097
4.294358 -21.073038 -11.264874 -17.364613 3.275348 -13.969452 -21.217712 -11.482768 20.788214 5.583626 8.193733 7.320782 -0.151814 10.473482 18.526783 -5.416686 4.201066 17.300562 -14.329704 -12.314207 21.971531 8.849284 -4.438225 -27.034864 -23.102379 -18.691902 3.396276 11.203361 18.736197 -10.876547
2.759737 -21.297670 -9.553268 -17.569641 3.441432 -12.942933 -20.309628 -11.881733 21.148685 5.457671 9.280735 7.659659 0.343602 10.633259 18.694260 -3.577739 4.373245 16.997574 -13.885069 -12.367047 23.024530 9.086038 -2.527046 -27.129625 -23.046919 -18.272694 4.162363 9.891857 16.944023 -10.606110
0.974277 -21.713751 -8.083609 -18.011051 3.463310 -12.352493 -19.918049 -12.198654 21.316977 4.953902 10.712734 8.018928 0.706511 10.837111 18.715900 -1.978752 5.070955 16.002108 -13.821524 -12.194993 24.001398 9.505246 -1.065290 -27.067327 -22.950039 -18.121822 4.704955 9.074571 15.594934 -10.390366
-0.094205 -21.730822 -6.928123 -18.093807 3.510629 -11.605506 -19.342161 -12.477051 21.576075 4.793979 11.486877 8.042995 1.272480 10.598855 18.656061 -1.037638 5.260916 15.766448 -13.878843 -11.748959 24.757938 9.756164 -0.312497 -26.789934 -22.846424 -17.571978 5.662951 8.516836 14.696208 -9.853325
-0.464385 -21.760845 -6.181705 -18.013992 3.642134 -11.051334 -18.950333 -12.791732 21.716516 4.962577 12.049832 8.166909 1.153918 10.714537 18.618904 -0.583120 5.775542 15.244556 -13.862263 -11.833790 25.027733 9.807422 0.600742 -26.474623 -22.697504 -16.931709 6.458591 7.959267 14.065450 -9.437284
-0.915558 -21.818537 -5.585702 -17.988335 3.674705 -10.668404 -18.753521 -13.014609 21.810106 4.954133 12.703196 8.212569 1.294818 10.736750 18.554489 0.046498 6.133112 14.944685 -13.820430 -11.797477 25.497915 9.809811 1.032136 -26.554918 -22.625074 -16.916496 6.655216 7.599103 13.364629 -9.290722
-1.084629 -21.851671 -5.338406 -18.058361 3.731482 -10.602728 -18.547256 -12.972822 21.891560 4.865350 12.836012 8.221712 1.379566 10.730345 18.561275 0.242011 6.172272 14.858623 -13.830656 -11.709056 25.480852 9.799176 1.133558 -26.541780 -22.606094 -16.798607 6.755399 7.546807 13.215791 -9.271422
-1.728854 -21.902298 -4.811589 -18.027374 3.695903 -10.089207 -18.500271 -13.371613 21.902880 4.954329 13.382429 8.200237 1.455877 10.701602 18.376537 0.659224 6.696167 14.361136 -14.051062 -11.407548 25.710159 10.216596 1.587016 -26.438921 -22.591877 -16.754986 6.957111 7.226796 12.439803 -9.145721
-2.704888 -22.001633 -3.816916 -18.020214 3.729848 -9.320639 -18.096174 -13.813251 22.105104 4.892205 14.261734 8.155444 1.713756 10.756046 18.216637 1.250952 7.290781 13.609504 -14.395047 -10.832550 26.004328 10.771924 2.143185 -26.141317 -22.393194 -16.600216 7.245622 7.072021 10.921918 -9.139733
-4.011556 -22.002821 -2.748209 -18.025414 3.776125 -8.295985 -17.646494 -14.383078 22.343615 4.889127 15.079387 8.226615 2.015022 10.826360 17.993813 2.347997 7.948031 12.572871 -15.069197 -9.921984 26.547171 11.282693 2.786685 -25.862202 -22.323929 -16.267319 7.956066 6.419246 9.409257 -8.663049
-5.099714 -21.832911 -2.021532 -18.002613 4.023386 -7.128910 -16.934093 -14.847851 22.746935 5.046222 15.401057 8.210444 2.324507 10.898432 17.934498 3.012753 8.223485 11.653710 -15.692954 -9.086206 27.194498 11.777401 3.932992 -25.407907 -22.009539 -15.538242 8.945931 5.622143 8.183950 -7.995996
-6.760786 -21.454479 -1.136950 -18.016779 4.090512 -5.857486 -16.141407 -15.198386 23.107754 4.874860 16.017645 7.780831 2.839981 10.921000 17.538084 3.364095 8.747303 10.670751 -16.646317 -7.817860 28.648441 12.435371 5.676423 -24.524532 -21.389553 -14.810873 10.177611 4.692571 6.310683 -7.286363
-8.203266 -21.058029 -0.783869 -18.437782 4.347631 -5.107751 -15.310780 -15.082222 23.520872 4.618952 16.338499 7.447447 3.465351 10.800001 17.180487 3.942210 8.956267 10.069907 -17.442606 -6.706248 30.239983 13.315832 7.186203 -23.508772 -21.065063 -14.384151 11.456164 3.637172 5.589078 -6.262713
-12.228461 -15.281519 23.019417 -10.072165 -9.341135 -12.900509 -16.607918 -9.694320 13.294130 -3.346221 9.466419 8.501010 4.784240 0.439302 14.148346 9.985721 21.693026 0.913159 -1.241944 -15.807248 -6.623008 0.832627 16.135347 -8.823542 -26.432178 -27.112001 -1.859522 -5.172393 -11.058875 -4.509814
-12.957140 -14.810822 23.072985 -10.119082 -9.646424 -12.974815 -16.516825 -9.348471 13.225683 -3.811284 9.290901 8.008511 5.181520 -0.154142 13.352517 10.641269 22.023846 0.563661 -1.910962 -15.023864 -7.773756 -0.238764 15.630461 -8.065597 -26.440804 -27.174091 -1.640143 -5.091189 -10.580104 -3.947693
-12.826372 -14.281013 22.648615 -9.566097 -9.946754 -12.673851 -16.670639 -9.472828 13.115633 -3.471745 9.170456 7.402959 5.403784 -0.730498 12.757731 10.660373 22.246290 0.906509 -2.177632 -14.825220 -8.227343 -1.245032 15.907475 -7.317512 -26.346985 -26.623386 -0.732388 -5.460943 -9.482787 -2.989358
-12.502271 -13.187368 22.228519 -11.597507 -10.635538 -12.628216 -17.767832 -9.307852 11.736540 -2.455903 9.769602 7.810671 5.091195 -2.797873 11.736994 8.843539 23.034435 0.553467 -4.311333 -13.942765 -10.005517 -1.767929 16.835836 -7.208433 -25.452227 -25.426897 0.326636 -5.065866 -9.341117 -2.167248
-11.900589 -12.553417 21.568533 -10.230755 -11.516675 -12.544350 -18.549870 -9.463324 11.143717 -1.521019 8.985100 7.287965 4.618916 -2.951300 11.174217 8.052030 23.509476 0.869843 -4.542663 -14.158270 -10.550999 -3.130858 17.722132 -6.949574 -25.200375 -24.545792 1.018384 -5.777611 -8.685554 -1.569870
-11.609106 -12.006962 21.454041 -9.620111 -12.119617 -12.454688 -19.128002 -9.684715 10.659922 -1.100428 8.201790 7.140727 3.656974 -2.647089 10.740500 7.335094 24.155054 0.527689 -4.785316 -14.541028 -11.044649 -3.889094 17.848547 -6.610662 -25.189798 -24.298058 1.320442 -5.889659 -8.118006 -1.287738
-11.370070 -11.585991 21.429152 -8.916313 -12.893843 -12.276802 -20.040810 -10.176853 9.975387 -0.696296 7.753823 7.258338 2.832920 -2.263145 10.609229 7.012795 24.571995 0.234155 -4.917338 -14.989830 -11.448953 -4.193819 18.578978 -6.117330 -25.062798 -23.671532 1.891995 -6.149082 -7.671541 -0.977090
-11.008703 -11.368305 20.827091 -8.341211 -13.544209 -12.267117 -21.239801 -10.704540 9.392140 -0.233132 7.212086 7.451140 1.981970 -2.031207 10.536826 6.721031 24.725000 -0.063444 -4.948242 -15.416445 -11.757779 -4.343879 19.686274 -5.892576 -24.944664 -23.102737 2.441512 -6.823250 -7.600911 -0.576591
-10.693387 -11.310762 20.519716 -7.996754 -13.989508 -12.270163 -22.058979 -11.099724 9.059770 0.009105 7.001134 7.576603 1.509258 -1.785498 10.469138 6.607403 24.974020 -0.318210 -4.951020 -15.753519 -11.933089 -4.342444 20.526464 -5.618984 -24.874014 -22.674793 2.906545 -7.373660 -7.437812 -0.173843
-10.201906 -11.441489 20.133907 -7.935679 -13.980377 -12.618997 -22.222067 -10.917566 9.145127 -0.051294 7.039741 7.678930 1.513318 -1.755525 10.439494 6.676062 25.100801 -0.380391 -5.048934 -15.781814 -11.929883 -4.310811 21.107908 -5.383546 -24.774014 -22.316013 3.300335 -7.710975 -7.240062 0.156482
-9.981265 -11.440624 19.929468 -7.775262 -14.140017 -12.731069 -22.488737 -10.949443 9.064302 -0.033353 6.900185 7.753265 1.271112 -1.610901 10.445600 6.555171 25.168566 -0.465498 -5.093433 -15.924259 -11.897708 -4.144855 21.465857 -5.313773 -24.774799 -22.163044 3.501624 -7.939169 -7.170887 0.345216
-9.706116 -11.493292 19.709652 -7.738384 -14.184685 -12.925188 -22.640564 -10.874433 9.057933 -0.073834 6.848376 7.865968 1.100734 -1.505250 10.465902 6.486919 25.250437 -0.469727 -5.148367 -16.087215 -11.900746 -3.948119 21.745817 -5.300852 -24.799417 -21.982424 3.674303 -8.084208 -7.067643 0.433845
-9.613522 -11.431913 19.601971 -7.725427 -14.203012 -12.964600 -22.715149 -10.874928 9.009145 -0.054509 6.857956 7.898180 1.055040 -1.462832 10.471599 6.466293 25.307819 -0.520895 -5.167211 -16.122831 -11.935382 -3.892094 21.816435 -5.315146 -24.782234 -21.921904 3.708636 -8.084430 -7.094418 0.440012
