-10.263331 -14.284822 1.949472 13.667139 -17.467468 -12.598483 -24.359924 -6.661861 8.567093 17.571320 -10.734024 4.353645 2.032677 17.270727 2.971957 0.473170 28.693779 4.205032 -1.132669 -21.484955 -1.133776 -18.872141 29.454269 12.955444 -29.988632 -9.657145 7.624730 -23.743118 7.435940 -9.415091
-10.191351 -14.101912 1.978398 13.688749 -17.380968 -12.514980 -24.108887 -6.581258 8.665613 17.671429 -10.540329 4.217247 2.279547 17.112268 2.900296 0.632223 28.784927 4.199529 -1.161489 -21.257597 -1.083677 -19.243149 28.879707 12.999113 -29.983124 -9.967018 7.454332 -23.476974 7.444464 -9.364576
-10.377495 -13.834286 2.147688 13.416458 -17.190861 -12.403873 -23.636511 -6.372544 8.785512 17.773346 -10.061985 3.937264 2.803856 16.798244 2.684600 0.892963 28.995625 4.162458 -1.376253 -20.710585 -0.951406 -19.755514 28.063099 13.047355 -29.987946 -10.400606 7.237878 -23.063454 7.434846 -9.314869
-10.633518 -13.547837 2.445992 13.060299 -16.889620 -12.156916 -22.971127 -6.202613 9.033207 17.912220 -9.877529 3.701317 3.112782 16.522499 2.468694 1.058719 29.211054 3.985854 -1.570245 -20.258728 -0.640987 -20.591869 27.191992 12.996019 -30.000607 -10.782614 7.183882 -22.724941 7.366398 -9.161530
-11.048513 -13.348301 3.020639 12.700428 -16.484591 -11.893225 -22.099751 -5.999907 9.332163 18.030251 -9.561805 3.314777 3.652825 16.193691 2.154190 1.389571 29.457647 3.870628 -1.816180 -19.557814 -0.102995 -21.317066 25.980947 13.054426 -30.013834 -11.422191 7.031719 -22.171833 7.193130 -8.970601
-11.429233 -12.949343 3.901330 12.450234 -16.194017 -11.745057 -21.182791 -5.690234 9.385258 18.202843 -9.048340 3.044805 4.538706 15.636688 2.050217 1.635678 29.716005 3.657021 -2.221107 -18.357294 0.421197 -22.301584 24.594500 13.263998 -29.946041 -12.142311 6.826550 -21.653538 6.887539 -8.633160
-11.649505 -12.768503 4.213284 11.919886 -15.749566 -11.803270 -20.283489 -5.144418 9.631249 18.301847 -8.682467 2.608246 4.978773 15.254637 1.807910 1.751398 30.017828 3.486004 -2.638623 -17.451307 0.641049 -23.353174 23.151997 13.470243 -29.990221 -12.896249 6.589092 -20.999775 6.750399 -8.348642
-12.191778 -12.625645 4.987751 11.538193 -15.251904 -11.319092 -19.326706 -5.161938 10.005863 18.603651 -7.845718 2.319978 5.982278 14.590242 1.763066 1.930037 30.344137 3.274313 -3.089348 -16.215778 1.109663 -23.443750 21.601130 13.799761 -30.255085 -13.748410 6.471309 -20.314571 6.238256 -8.055850
-12.458162 -12.604221 5.177167 11.014441 -14.643374 -10.942211 -18.395802 -5.026476 10.598368 18.814335 -7.503104 1.892529 6.410396 14.306044 1.422954 1.960247 30.894035 2.844276 -3.596402 -15.261816 1.325592 -23.938131 20.610792 13.907551 -30.491760 -14.294043 6.456009 -19.978443 5.922154 -7.775425
-12.853308 -12.532366 5.657735 10.509296 -14.180590 -10.804777 -17.505623 -4.707322 10.945221 18.903770 -6.771561 1.658120 7.078035 13.968432 1.356984 1.983555 31.164675 2.468824 -4.274229 -14.119250 1.709268 -24.289774 19.196272 14.132859 -30.718992 -15.032280 6.331469 -19.330524 5.591995 -7.571628
-13.110514 -12.268103 6.079660 10.199354 -13.795852 -10.443453 -16.673962 -4.576157 11.254065 19.170250 -6.361522 1.473994 7.789433 13.480013 1.435075 1.817895 31.117140 2.582229 -5.018691 -12.839131 2.164608 -25.221117 17.611601 14.217420 -30.897818 -15.841057 6.257394 -18.814173 5.145967 -7.145272
-13.175795 -11.955677 6.407788 9.915616 -13.465549 -10.372859 -15.755098 -4.141494 11.608877 19.180689 -6.283091 1.139673 8.365836 13.087479 1.744286 1.459999 30.965809 2.676395 -5.359362 -11.638114 2.126853 -25.964670 15.991337 14.582409 -31.044670 -16.583368 6.064817 -18.037449 4.585986 -6.947605
-13.104751 -11.920113 6.313930 9.565115 -12.988725 -10.226993 -15.045859 -3.858068 12.056224 19.170643 -5.882964 0.900816 9.149746 12.561625 1.914882 1.319618 30.746626 2.760531 -5.948685 -10.432762 2.405234 -26.320585 14.818048 14.643139 -31.226742 -17.367445 5.816325 -17.561054 3.914929 -6.820814
-13.348534 -11.689453 6.950800 9.385004 -12.908829 -10.279634 -14.418482 -3.505765 12.176610 18.990009 -5.737336 0.784290 9.485789 12.423536 2.210145 1.073084 30.806389 2.613130 -6.113425 -9.575254 2.716656 -26.513094 13.846762 14.978015 -31.279322 -17.927141 5.739605 -17.072693 3.207750 -6.665278
-13.133153 -11.663023 7.114397 9.318195 -12.289781 -9.903715 -13.541681 -3.441469 12.597452 19.289135 -5.655276 0.574480 10.089143 12.028368 2.451814 0.950701 30.602453 2.628032 -6.331434 -8.713777 2.857982 -26.416334 12.935471 15.185270 -31.416874 -18.390564 5.708994 -16.721424 2.787582 -6.411809
-13.242908 -11.457374 7.533912 9.214512 -12.227639 -9.924128 -13.091321 -3.210022 12.624932 19.143368 -5.514589 0.537419 10.578223 11.683607 2.624873 1.004859 30.488432 2.823161 -6.479020 -8.107289 2.813444 -26.512495 12.162861 15.391088 -31.477913 -18.695171 5.739320 -16.352472 2.293388 -6.242404
-13.310680 -11.602330 7.716697 8.972557 -11.736104 -9.678883 -12.485173 -3.198446 13.012768 19.213306 -5.488850 0.482561 10.750272 11.690033 2.747332 0.741108 30.515194 2.678206 -6.806735 -7.609271 2.692409 -26.392660 11.794697 15.690745 -31.570518 -18.842150 5.804785 -16.124222 1.659986 -6.221642
-13.231300 -11.609085 7.471575 8.805430 -11.357790 -9.467441 -12.116817 -3.159007 13.254126 19.382977 -5.588105 0.523952 10.672613 11.823176 2.884971 0.481772 30.394058 2.711481 -6.997085 -7.347266 2.551064 -26.183613 11.541126 15.871029 -31.655323 -18.897911 5.881046 -15.958323 1.370941 -6.184493
-13.136809 -11.420767 7.530187 8.904068 -11.309414 -9.400778 -11.880754 -3.079490 13.285433 19.442814 -5.649173 0.456897 10.545332 11.871429 2.940387 0.361459 30.401823 2.732118 -6.995017 -7.264273 2.541437 -26.067186 11.302715 16.018766 -31.667099 -18.927116 5.955035 -15.768773 1.130019 -6.169717
-13.252560 -11.347794 7.617828 8.873973 -11.357687 -9.366833 -11.846180 -3.064169 13.254896 19.398428 -5.515614 0.448768 10.676257 11.822760 2.941900 0.434236 30.296913 2.869602 -6.993395 -7.199557 2.591290 -25.929155 11.287392 16.025408 -31.686512 -18.940435 5.965338 -15.767019 1.029982 -6.175436
-13.731594 -11.422173 7.896744 8.690420 -11.421871 -9.364906 -11.910136 -3.114889 13.222393 19.232658 -5.238495 0.280368 10.960803 11.665253 2.884305 0.536808 30.332731 2.802487 -7.133770 -6.899157 2.736041 -25.754137 11.216197 16.055349 -31.714752 -18.846733 6.156355 -15.739717 0.852742 -6.124885
-14.791639 -11.542479 8.157225 7.912901 -11.150171 -9.567791 -11.342612 -2.557145 13.521236 18.382343 -4.219772 0.071225 11.827746 11.288831 2.883891 0.840766 30.320911 2.769053 -7.331386 -6.380982 3.432728 -25.446213 10.834174 16.018557 -31.733463 -18.631107 6.779315 -15.527688 -0.083293 -5.974690
-16.380293 -11.726837 8.373739 6.858989 -10.486795 -9.051782 -10.453341 -2.408497 14.207090 17.736921 -2.790161 -0.328555 12.901500 10.940018 2.708680 1.062758 30.256495 2.200001 -7.960825 -5.191050 5.704814 -24.219698 9.552515 16.185762 -31.782700 -17.852594 8.620707 -15.071963 -1.541913 -5.351352
-18.104271 -12.835180 8.483053 5.181159 -8.934008 -8.399656 -9.090514 -2.340360 15.671043 16.902842 -1.148258 -0.810002 14.798712 10.465754 2.866323 1.919756 29.285368 2.269816 -8.362472 -3.699748 7.830972 -19.846552 6.911525 16.034143 -32.284092 -15.458654 11.583056 -13.331488 -4.250203 -5.818414
-19.203888 -13.285465 8.594280 4.555638 -8.093768 -7.822679 -7.793465 -1.980491 16.735952 15.821474 0.600528 -1.122552 16.319473 10.154169 2.549121 3.410091 28.537111 2.681013 -8.528564 -2.746174 10.235654 -15.620706 6.616234 15.138132 -32.745075 -13.844336 13.476771 -13.167401 -8.758908 -6.765441
-20.204805 -15.090910 9.548814 3.311565 -6.484444 -7.956835 -5.939514 -1.239065 18.620306 14.123765 1.959274 -1.034327 18.605091 9.549374 2.595209 6.268529 27.405258 4.140045 -7.996891 -1.887464 10.829059 -15.167932 7.541287 12.740429 -33.311321 -13.863489 12.671059 -15.046050 -14.063317 -8.020896
-21.083694 -16.370295 10.843914 2.070100 -4.863872 -8.269581 -3.187021 0.357134 20.556330 12.182491 3.143803 -0.362773 21.263100 9.258532 3.131823 9.360145 25.014223 6.177617 -6.854448 -1.881538 15.462157 -16.086226 10.201075 7.984482 -33.470432 -14.844086 11.693133 -19.780735 -15.186326 -7.190941
-22.878553 -18.226358 12.590715 -0.803978 -3.459866 -9.323895 -1.096472 2.213760 21.742935 9.879767 4.614786 0.537593 23.070528 8.534292 3.397521 12.084171 23.799292 7.504158 -5.028071 -3.300232 21.204084 -10.329976 10.394553 3.907675 -34.226578 -11.916815 14.402531 -20.225330 -12.251673 -7.995085
-21.780792 -20.888735 12.898036 -2.743865 -1.056681 -9.350100 0.635960 2.345685 23.125887 10.086039 4.882731 1.718954 24.065153 8.724791 4.664398 13.407425 21.175005 8.469725 -3.995429 -4.157869 21.164307 -1.000118 10.026240 2.446370 -35.974308 -9.282369 15.745809 -18.699631 -8.785922 -10.907614
-18.496967 -23.541059 12.544917 -3.197931 1.144177 -9.568010 1.570231 1.686169 23.909101 11.659555 5.204265 3.052918 24.760956 10.169226 6.880586 13.689782 17.637455 10.555800 -3.053965 -5.196879 17.971727 1.848462 10.043552 1.175753 -36.738647 -10.786664 12.734419 -18.383102 -5.799959 -12.501093
-15.026819 -25.814526 10.288621 -3.325325 2.822702 -9.713940 0.733097 0.208695 24.242739 13.812326 4.595575 3.898228 24.266361 11.876576 9.414852 11.765666 14.185800 12.569057 -1.934859 -6.841057 18.724216 1.159253 7.971910 1.267510 -37.844925 -15.486678 9.449407 -19.617559 -1.878464 -10.559796
-10.250875 -27.595057 6.410120 -3.350988 3.919197 -11.738775 -1.038589 -0.040871 24.147581 14.916224 3.543781 5.318604 22.067238 15.109215 11.723709 8.604714 11.812280 14.192697 -1.404668 -9.224389 18.619352 0.566138 6.806342 1.616624 -37.538601 -15.868044 8.114614 -18.074730 4.179396 -10.534952
-8.137350 -28.323481 2.286848 -3.938612 3.902535 -13.839499 -3.577796 0.139621 23.550892 14.961452 1.212306 6.476095 19.499308 16.983089 13.252083 4.779324 10.187823 15.265122 -1.086697 -11.279252 19.677740 1.457648 4.516410 1.796295 -36.527912 -15.430419 7.513787 -13.625350 12.266438 -11.951399
-7.014328 -28.133211 -2.754389 -4.737189 3.164335 -16.475319 -6.858270 0.929846 22.443060 14.321602 -2.007786 7.787327 16.764635 19.198757 14.492152 1.773204 8.299888 16.957342 -1.814704 -12.537317 21.166346 1.486908 2.244811 -0.372517 -35.333382 -16.937325 4.212184 -9.681924 17.282063 -15.615404
-6.001806 -27.993870 -7.093948 -5.149070 2.613779 -18.352842 -10.058085 0.954001 21.303593 14.349002 -4.992172 7.972167 13.842064 21.087738 14.878847 -0.637142 7.269049 18.400553 -2.794600 -13.466706 22.651213 2.280098 -0.243371 -2.808558 -34.468552 -17.773342 1.493813 -6.693217 20.399042 -18.348749
-5.741035 -28.048765 -10.487537 -5.382509 1.783259 -19.637121 -13.470872 0.436808 20.215822 14.319348 -6.994547 7.606174 11.223686 22.292236 15.010896 -3.650922 7.042298 19.008377 -3.824094 -13.898652 21.104650 6.022659 -0.734766 -5.928621 -35.078091 -18.254648 -2.005287 -4.856999 19.611109 -23.282488
-4.905910 -27.504858 -13.094099 -4.805008 0.817757 -20.195280 -15.997051 -0.102133 19.303862 14.729853 -6.730941 6.448131 9.602965 22.939510 14.722745 -6.382018 7.993920 18.818693 -5.033937 -13.438019 21.093386 5.575795 -3.432733 -9.022140 -35.459557 -18.603695 -3.332136 -2.978450 19.468269 -25.822964
-4.079829 -26.803446 -15.249710 -4.198532 -0.030634 -20.678253 -17.807987 -0.209096 18.610449 14.892183 -7.735854 5.270316 8.508264 22.903202 14.543046 -8.283896 7.944303 19.526114 -4.901268 -13.806421 21.902050 2.504596 -8.810425 -9.835566 -35.591358 -19.026550 -3.005965 -0.877827 18.905914 -25.542452
-3.658186 -26.273939 -16.124844 -3.608383 -0.527395 -20.643158 -18.607361 -0.441622 18.157354 15.212406 -7.471162 4.765606 7.898120 23.058546 14.310941 -8.792779 8.534571 19.318991 -4.919282 -14.052876 22.949066 0.161602 -11.613173 -10.248120 -35.492245 -19.246592 -2.510310 0.092115 18.827765 -25.035683
-3.628116 -26.013762 -16.542311 -3.359473 -0.745642 -20.554001 -18.894115 -0.516108 18.034166 15.283910 -7.362434 4.606709 7.832705 23.033562 14.283309 -8.965386 8.648849 19.280287 -5.016481 -13.895958 23.550829 -0.761211 -12.470314 -10.563803 -35.335762 -19.293690 -2.326404 0.379046 18.473745 -24.918184
-3.681547 -26.082697 -16.478344 -3.399685 -0.726984 -20.553022 -18.890232 -0.535236 18.054785 15.271310 -7.318793 4.652689 7.795526 23.071417 14.294646 -8.893142 8.704413 19.214388 -5.032256 -13.884741 23.559307 -0.635056 -12.363093 -10.631871 -35.350582 -19.279881 -2.346015 0.329549 18.396544 -24.959517
-3.884853 -26.248707 -16.197203 -3.451684 -0.696081 -20.427242 -18.922293 -0.745899 18.048002 15.318016 -7.015152 4.832516 7.785128 23.241608 14.275973 -8.584399 8.932762 18.958616 -5.088025 -13.935502 23.624538 -0.381508 -12.043422 -10.727812 -35.439232 -19.217548 -2.283461 0.079999 18.346624 -24.938257
-4.283835 -26.427374 -15.852688 -3.386757 -0.750590 -20.107443 -19.127178 -1.200733 17.978731 15.453379 -7.090659 4.888428 7.773162 23.272629 14.348987 -8.614996 8.813865 19.108624 -4.955435 -14.095047 23.734110 -0.082643 -11.799723 -10.783391 -35.459560 -19.220869 -2.325880 -0.008541 18.207764 -25.012102
-4.671374 -26.600016 -15.412568 -3.632379 -0.608869 -19.950335 -18.853106 -1.264818 18.113764 15.369033 -6.831241 4.968108 7.873860 23.311745 14.281466 -8.289391 8.942154 18.972860 -5.023152 -14.040200 23.771221 0.225890 -11.197557 -10.856749 -35.475903 -18.922211 -2.133637 -0.346706 18.017385 -25.015972
-5.022146 -26.758141 -14.960175 -3.859873 -0.479816 -19.797726 -18.586617 -1.321624 18.255856 15.321955 -6.187586 5.253941 8.009137 23.374443 14.165208 -7.641654 9.437153 18.471416 -5.184540 -13.865134 24.060301 0.699670 -10.352934 -11.004766 -35.523197 -18.834936 -2.063478 -0.843651 17.726049 -25.015638
-5.650795 -27.061649 -14.342787 -4.072468 -0.402351 -19.523886 -18.475483 -1.586807 18.353817 15.236195 -5.549120 5.493006 8.117953 23.477070 14.147308 -7.141883 9.838903 18.088377 -5.165738 -13.903872 24.520445 0.894883 -9.783417 -11.141596 -35.422733 -18.795870 -2.026756 -1.119075 17.143614 -25.069639
-6.369699 -27.430992 -13.500613 -4.402555 -0.244672 -19.266764 -18.187943 -1.785793 18.541824 15.060240 -4.905248 5.695202 8.353295 23.611795 14.109131 -6.375205 10.078240 17.714964 -5.238463 -13.793357 25.129625 0.558897 -9.085957 -11.242116 -35.071381 -18.516832 -1.868323 -1.439871 16.371626 -25.140795
-6.952027 -27.729883 -12.750140 -4.617491 -0.100944 -18.963312 -17.967325 -2.035941 18.673552 15.004520 -4.115637 5.813759 8.584304 23.601299 13.991371 -5.687098 10.532144 17.169092 -5.266440 -13.634593 25.957573 0.414825 -8.260174 -11.453642 -34.754955 -18.207546 -1.545961 -1.878514 15.447536 -25.125105
-7.660386 -27.894777 -11.752672 -4.789130 0.057214 -18.471014 -17.413387 -2.239325 18.901861 14.984562 -3.264984 5.719641 9.035668 23.406017 13.795531 -5.234518 10.827867 17.048067 -5.291955 -13.439445 26.519426 0.775661 -6.838282 -11.771370 -34.787086 -17.782768 -1.149816 -2.833077 15.008259 -25.046095
-8.335519 -28.072838 -10.831371 -4.803332 0.144136 -17.898375 -17.031921 -2.567412 19.045630 15.039413 -2.677869 5.969028 9.268349 23.563713 13.870409 -4.345458 10.976624 16.811743 -5.157506 -13.441395 27.324911 1.110419 -5.422030 -11.923752 -34.813141 -17.584827 -0.700529 -3.852029 14.364957 -24.761297
-9.166394 -28.062872 -10.062914 -4.954843 0.209150 -17.431665 -16.470093 -2.614160 19.260359 14.872809 -2.212682 6.153306 9.470799 23.617785 13.982874 -3.386931 11.030534 16.652731 -4.817872 -13.596702 27.951509 0.867287 -4.577725 -11.883066 -34.644672 -17.303164 -0.236967 -4.438727 13.319420 -24.574358
-10.250212 -28.202213 -9.212130 -5.092902 0.166089 -16.909037 -16.209854 -2.890538 19.366163 14.656732 -1.321502 6.357278 9.736871 23.699295 14.044709 -2.546265 11.420156 16.135176 -4.721863 -13.530688 28.271893 0.915523 -3.906109 -11.734911 -34.566486 -17.010736 0.226575 -4.826766 12.631604 -24.366787
-10.997103 -28.468355 -8.570530 -5.419716 0.244389 -16.826086 -16.030741 -2.914077 19.457455 14.330143 -0.774504 6.516948 9.877295 23.783129 14.004348 -1.750771 11.688170 15.700788 -4.721315 -13.436775 29.069548 1.081634 -2.906714 -11.981623 -34.444416 -17.008417 0.389065 -5.383249 11.995442 -24.342384
-11.772354 -28.508675 -7.873347 -5.623009 0.322215 -16.437250 -15.626733 -2.982786 19.633604 14.160957 -0.416286 6.575335 10.129373 23.760761 13.986444 -1.111585 11.786834 15.546093 -4.766291 -13.198543 29.422249 1.181449 -2.324786 -11.851185 -34.374603 -16.754400 0.856686 -5.772372 11.496094 -24.058119
-12.053164 -28.509817 -7.507850 -5.540202 0.310981 -16.111925 -15.467172 -3.147920 19.719034 14.175972 -0.028153 6.444989 10.450974 23.559355 13.949813 -0.859462 11.843105 15.518245 -4.742375 -12.974070 29.867899 1.177772 -2.222453 -11.700410 -34.243397 -16.472532 1.320155 -5.836539 11.050550 -23.825338
-12.455346 -28.594566 -6.984457 -5.509058 0.378441 -15.696705 -15.233461 -3.412269 19.842508 14.223962 0.363431 6.553507 10.475974 23.628391 13.930736 -0.497003 12.130883 15.209641 -4.793195 -12.909106 30.071606 1.252580 -1.763898 -11.549671 -34.165234 -16.069853 1.826370 -6.105395 10.667345 -23.568975
-12.464241 -28.604029 -6.693928 -5.476757 0.512078 -15.502853 -14.939179 -3.442747 19.972864 14.298346 0.510978 6.565464 10.396659 23.664227 13.935267 -0.341136 12.286771 15.066957 -4.762427 -12.959209 30.150740 1.276698 -1.182495 -11.428830 -34.105083 -15.834621 2.135904 -6.497080 10.380398 -23.364714
-12.753226 -28.680765 -6.363253 -5.482165 0.544398 -15.270920 -14.860780 -3.612687 20.031847 14.308941 0.914019 6.598992 10.451778 23.696907 13.903089 -0.016121 12.520360 14.864959 -4.697046 -13.010350 30.343225 1.333348 -0.836441 -11.462858 -34.075603 -15.825633 2.223510 -6.756110 9.934151 -23.299704
-12.914295 -28.680801 -6.131392 -5.448469 0.549583 -15.108842 -14.773057 -3.690935 20.066437 14.312401 1.163965 6.604954 10.571409 23.666931 13.889413 0.310919 12.605385 14.784456 -4.683194 -12.942848 30.640821 1.350861 -0.630850 -11.536299 -34.036919 -15.797400 2.338686 -6.926199 9.682380 -23.228945
-12.997524 -28.692015 -5.996233 -5.491936 0.570718 -15.086430 -14.664150 -3.650845 20.102821 14.251723 1.271310 6.583132 10.637907 23.635014 13.887702 0.389688 12.632792 14.741337 -4.672852 -12.893250 30.657501 1.268554 -0.629559 -11.517171 -34.007545 -15.755358 2.391190 -6.925035 9.603685 -23.205374
-13.068342 -28.715593 -5.898639 -5.530636 0.604850 -15.069964 -14.582655 -3.636700 20.137873 14.215898 1.308558 6.603267 10.675404 23.650162 13.890529 0.519695 12.644734 14.697534 -4.679601 -12.863050 30.623175 1.342590 -0.512341 -11.525829 -34.013584 -15.676908 2.449432 -6.990021 9.548147 -23.189432
-13.449068 -28.738808 -5.596909 -5.501873 0.541986 -14.815109 -14.583356 -3.851068 20.123163 14.201439 1.558170 6.570281 10.723569 23.619915 13.769661 0.725779 12.876710 14.492976 -4.772690 -12.752191 30.756104 1.466952 -0.389571 -11.506698 -33.990391 -15.640041 2.529983 -7.080452 9.341920 -23.152670
-13.725534 -28.778404 -5.378166 -5.517081 0.590619 -14.539934 -14.520999 -4.042379 20.177462 14.285625 1.908873 6.557092 10.793385 23.601532 13.681233 0.942826 13.195542 14.193567 -4.930710 -12.531545 30.814548 1.696776 -0.054093 -11.388739 -34.009441 -15.639686 2.677395 -7.329492 8.875437 -23.012466
-14.103499 -28.829416 -4.959227 -5.527912 0.598773 -14.273483 -14.302674 -4.156421 20.280680 14.186710 2.290363 6.558558 10.873599 23.623096 13.615500 1.208707 13.493273 13.813204 -5.059537 -12.313334 30.944843 1.932676 0.247130 -11.281167 -33.959084 -15.655005 2.763906 -7.483269 8.172926 -22.989964
-14.720551 -28.931118 -4.386237 -5.561398 0.655559 -13.802103 -14.110969 -4.466905 20.410002 14.177778 2.810445 6.613322 11.070717 23.667345 13.506185 1.717618 13.800834 13.340473 -5.319078 -11.978749 30.995195 2.219473 0.514990 -11.014633 -33.862293 -15.538414 2.944808 -7.559341 7.391579 -22.947409
-15.221876 -29.002958 -3.963913 -5.593670 0.659657 -13.411580 -14.046475 -4.773133 20.474527 14.238544 3.302411 6.632555 11.273501 23.706448 13.398667 2.241472 14.114202 12.845826 -5.692602 -11.477775 31.013754 2.362127 0.729602 -10.754497 -33.801666 -15.294005 3.269735 -7.754486 6.667571 -22.780527
-16.044550 -28.981413 -3.398014 -5.632692 0.687535 -12.823866 -13.804675 -5.073805 20.592300 14.209206 3.991887 6.514680 11.435563 23.671906 13.116011 2.652174 14.774709 12.198567 -6.004458 -11.090030 31.178968 2.792351 1.023896 -10.617748 -33.727558 -15.112631 3.521984 -7.952949 5.543100 -22.747526
-16.564522 -28.876169 -3.011356 -5.526088 0.757751 -12.199055 -13.501142 -5.377645 20.752628 14.314885 4.406487 6.463774 11.689102 23.647659 13.003907 3.139452 15.057807 11.622234 -6.308957 -10.664081 31.326426 3.016976 1.452470 -10.444712 -33.636410 -14.892953 3.833282 -8.281466 4.963807 -22.517328
-17.083481 -28.752871 -2.554889 -5.532316 0.948966 -11.600448 -12.955949 -5.531150 21.032387 14.365520 4.498146 6.497919 11.875293 23.658150 12.941964 3.437246 15.146585 11.201509 -6.642381 -10.272643 31.709265 2.992857 2.032740 -10.349966 -33.463375 -14.393640 4.457260 -8.780379 4.400941 -22.101524
-17.866018 -28.590826 -1.949790 -5.543999 1.092010 -10.936692 -12.281680 -5.612543 21.359224 14.214554 4.696675 6.321580 12.101681 23.663191 12.794985 3.724502 15.247996 10.765102 -7.042589 -9.741813 32.486534 2.683890 2.747768 -10.165152 -33.065090 -14.033149 5.037637 -9.241623 3.697532 -21.670797
-18.697454 -28.367586 -1.507525 -5.481128 1.044923 -10.299374 -12.001424 -5.851256 21.453508 14.149355 5.008265 6.127376 12.379471 23.696651 12.594226 3.907334 15.535267 10.234929 -7.573846 -9.093715 33.326721 2.981805 3.480713 -9.792853 -32.780262 -13.946794 5.472674 -9.658523 2.736729 -21.346704
-19.496124 -28.240976 -1.183029 -5.878433 1.356612 -9.909435 -11.303890 -5.674098 21.814857 13.969225 5.432281 5.974041 12.829486 23.685791 12.450557 4.195859 15.721824 9.782837 -8.098117 -8.343032 33.755478 3.298486 4.326758 -9.341208 -32.624508 -13.849871 5.901267 -10.160748 2.497451 -20.920347
-20.179707 -28.014614 -1.037039 -5.935562 1.344386 -9.552109 -11.052297 -5.686294 21.932482 13.807583 5.400909 5.857720 12.932668 23.594700 12.242150 4.403990 15.871881 9.548037 -8.328240 -8.086596 34.599178 3.818859 4.509836 -8.993622 -32.531666 -13.757877 6.437101 -10.253941 2.175045 -20.627600
-20.548563 -27.759083 -1.289274 -6.030691 1.393016 -9.307102 -10.954799 -5.669261 21.981840 13.852486 5.547438 5.960336 13.040635 23.563911 12.098832 4.587592 16.118252 9.316324 -8.714661 -7.785324 34.908836 3.840539 4.750163 -8.485668 -32.400265 -13.272192 7.177027 -10.408312 2.548547 -20.205788
-19.530718 -23.616707 12.619320 2.069543 -6.143281 -12.153769 -11.356065 -4.646116 17.504221 9.305647 4.879989 4.372968 12.749223 14.184973 8.031466 10.506265 23.517332 6.588844 2.547648 -16.771658 9.867497 -3.004864 13.560320 5.111546 -32.654694 -24.719738 -2.493177 -13.335793 -6.922849 -15.089383
-19.879471 -23.328718 12.564033 2.129281 -6.476829 -12.284430 -11.550748 -4.485816 17.337362 9.043991 4.938817 4.155383 12.924136 13.884980 7.579573 10.960143 23.853968 6.273913 2.286929 -16.541670 9.380011 -3.704716 13.032785 5.500289 -32.519936 -24.703537 -2.473564 -12.994211 -6.420651 -14.995986
-20.222290 -23.140291 12.636726 2.029090 -6.452572 -12.236700 -11.283101 -4.300643 17.439650 8.845646 4.624675 3.928570 13.058335 13.600478 7.240378 10.913739 23.936300 6.223865 1.966739 -16.136885 9.017568 -4.091862 12.896975 5.979434 -32.464863 -24.749096 -2.349797 -12.979486 -5.717245 -14.639587
-20.119076 -22.957781 12.267498 2.244382 -6.599399 -12.177061 -11.556791 -4.431250 17.289782 9.037806 4.796784 3.555507 13.331794 13.229907 6.894659 10.980268 24.185823 6.304188 1.774814 -15.872139 8.727036 -4.799791 12.936359 6.209573 -32.399982 -24.475275 -1.927408 -13.140303 -5.275674 -14.259940
-20.102196 -22.623007 12.082582 2.567060 -6.724146 -11.839607 -11.480013 -4.508002 17.348394 9.252327 4.599899 3.327594 13.321684 13.017060 6.615407 10.930179 24.243866 6.467398 1.659981 -15.909379 8.663009 -5.312551 13.161779 6.437732 -32.376133 -24.209698 -1.480405 -13.502015 -4.867321 -13.765173
-21.092779 -22.681767 11.513485 1.469292 -7.469035 -12.141087 -12.223882 -3.577636 16.056374 11.130658 3.634553 3.147602 14.276104 13.657045 5.762692 9.808990 25.617605 6.176326 1.684641 -15.330676 7.361031 -6.871384 12.419595 8.312142 -33.807590 -23.641645 -1.256991 -14.634489 -4.668983 -14.501417
-20.297052 -21.887705 11.335712 1.528562 -7.619360 -11.639973 -12.512299 -4.104834 15.824656 11.632980 3.197026 3.036239 14.025140 13.446006 5.769288 9.318824 25.783871 6.090125 1.507866 -15.199272 7.027811 -7.045488 13.035439 8.765144 -33.525238 -22.595087 -0.455636 -14.621404 -3.875231 -14.072011
-20.611034 -21.754467 11.164029 2.261085 -8.103067 -11.570385 -12.807323 -4.089920 15.507868 12.046598 2.845021 2.944609 13.892322 13.309893 5.575923 8.962348 26.046854 6.036019 1.260222 -15.060997 6.696233 -7.892546 13.557795 9.061411 -33.613571 -21.687468 0.067282 -15.231315 -4.008399 -14.312677
-19.939884 -21.447605 10.567369 2.879845 -8.465084 -11.666532 -13.250630 -4.111820 15.323472 12.295601 2.554400 2.641102 13.746046 13.159640 5.320926 8.661204 26.145216 6.264201 1.221542 -15.165905 6.413029 -8.416715 13.959246 9.222254 -33.543255 -21.232700 0.313139 -15.581166 -3.346639 -14.143893
-19.853119 -21.091196 10.616355 3.170212 -8.741925 -11.586950 -13.394048 -4.156201 15.105279 12.466850 2.168499 2.524089 13.430568 13.176130 5.109702 8.308477 26.359854 6.161032 1.066751 -15.196444 6.319898 -8.949777 13.878527 9.323601 -33.497177 -21.172760 0.388555 -15.578512 -3.111734 -14.073577
-19.610937 -20.897768 10.455311 3.472931 -9.058952 -11.586844 -13.823839 -4.331741 14.864923 12.681643 1.728766 2.531526 12.710634 13.427194 4.862422 7.954857 26.789473 5.902644 0.967749 -15.611699 6.089239 -9.208557 14.020941 9.513302 -33.490658 -20.949104 0.655362 -15.640158 -2.799112 -13.890091
-19.432192 -20.743448 10.526606 3.855132 -9.434895 -11.496868 -14.271968 -4.618864 14.547743 12.874990 1.409516 2.512841 12.178746 13.657391 4.704720 7.712881 27.094675 5.615798 0.771595 -15.789357 5.914596 -9.412137 14.309151 9.785791 -33.432095 -20.605593 0.999613 -15.730917 -2.638419 -13.723635
-19.380947 -20.495764 10.415432 4.179460 -9.833427 -11.417391 -14.760011 -4.839174 14.186398 13.069374 1.166533 2.714799 11.700477 13.896311 4.691950 7.593474 27.244339 5.564488 0.829653 -16.207506 5.720271 -9.575004 14.755809 9.984249 -33.353611 -20.293230 1.257852 -15.904854 -2.398894 -13.586969
-18.894028 -20.494656 9.922184 4.624991 -10.278689 -11.557068 -15.674877 -5.186585 13.815833 13.281557 0.812736 2.801376 11.170365 14.102333 4.652269 7.441409 27.264629 5.527124 0.882198 -16.566635 5.430827 -9.749351 15.243547 10.166019 -33.289078 -19.906675 1.524296 -16.171103 -2.329472 -13.496079
-18.973440 -20.268869 9.806458 4.756025 -10.458453 -11.420469 -15.923772 -5.357185 13.641404 13.468053 0.567100 2.887382 10.912621 14.248459 4.614879 7.358258 27.372229 5.317848 0.828599 -16.628618 5.302042 -9.807583 15.862720 10.357677 -33.281223 -19.661659 1.806398 -16.624245 -2.322046 -13.247880
-18.713545 -20.292616 9.581781 4.892712 -10.651205 -11.496310 -16.325834 -5.497220 13.538159 13.539164 0.425333 3.014606 10.530386 14.433238 4.562260 7.322374 27.510321 5.178432 0.844954 -16.939730 5.299341 -9.648714 16.326773 10.413043 -33.275799 -19.492756 2.003063 -16.943386 -2.230985 -13.071247
-18.629171 -20.208487 9.480461 5.104155 -10.922408 -11.447959 -16.776848 -5.747342 13.283632 13.710295 0.341688 3.019950 10.378736 14.503750 4.533274 7.278143 27.596571 5.093903 0.829012 -17.024292 5.191212 -9.783156 16.703766 10.651464 -33.209782 -19.247860 2.262499 -17.200127 -2.139960 -12.836473
-18.467440 -20.270132 9.352201 5.104256 -10.888031 -11.556480 -16.804157 -5.683837 13.347136 13.689200 0.435957 3.017673 10.544166 14.427771 4.535204 7.323524 27.627161 5.061578 0.696605 -16.832718 5.196431 -9.856380 17.016310 10.823006 -33.119747 -19.070599 2.481236 -17.380430 -2.092845 -12.629160
-18.165079 -20.335003 9.117595 5.147940 -10.888528 -11.765215 -16.899302 -5.572937 13.398878 13.649021 0.415707 3.118865 10.408372 14.505199 4.507272 7.341429 27.718464 5.025778 0.680841 -16.997120 5.236195 -9.737626 17.293489 10.870350 -33.082306 -18.891127 2.662533 -17.523888 -1.954793 -12.490230
-18.064491 -20.326769 9.015014 5.228236 -10.998555 -11.816751 -17.094555 -5.625230 13.317770 13.671274 0.367826 3.137771 10.327022 14.547797 4.507662 7.294803 27.745958 4.984118 0.667209 -17.046106 5.303357 -9.768159 17.493505 10.948475 -33.078281 -18.869715 2.763291 -17.692787 -1.961805 -12.354639
-17.917402 -20.330976 8.908825 5.304171 -11.066480 -11.901852 -17.197992 -5.603252 13.296663 13.647175 0.253867 3.193296 10.154057 14.672945 4.518707 7.227715 27.782976 4.942180 0.668363 -17.169308 5.290596 -9.600568 17.660782 10.940964 -33.091579 -18.764114 2.841848 -17.769066 -1.907452 -12.316104
-17.786522 -20.352533 8.791776 5.345233 -11.092720 -11.988974 -17.273224 -5.570842 13.293379 13.636923 0.185418 3.243587 10.061509 14.764897 4.500807 7.170054 27.856005 4.926096 0.636634 -17.252705 5.270429 -9.518262 17.839846 10.953772 -33.100273 -18.654894 2.940370 -17.866306 -1.852459 -12.259883
-17.654560 -20.386637 8.688071 5.367299 -11.106304 -12.089228 -17.335394 -5.528409 13.301616 13.611670 0.176464 3.304511 10.002859 14.812022 4.524805 7.158068 27.879114 4.948200 0.636596 -17.339842 5.279910 -9.428953 17.950413 10.944809 -33.107311 -18.582642 3.010866 -17.909309 -1.832812 -12.236036
-17.571386 -20.392534 8.573644 5.388342 -11.104665 -12.150616 -17.380419 -5.496558 13.292562 13.626439 0.201804 3.347760 9.945647 14.814963 4.551381 7.157400 27.884951 4.939733 0.629367 -17.395750 5.246598 -9.379951 18.000151 10.944139 -33.093662 -18.534731 3.038976 -17.912392 -1.830489 -12.218251
-17.605078 -20.343380 8.574911 5.384595 -11.115501 -12.119423 -17.387917 -5.512974 13.260439 13.663294 0.211125 3.342832 9.934188 14.817642 4.548330 7.142577 27.912149 4.898747 0.603300 -17.379759 5.236256 -9.361773 18.005629 10.947514 -33.093842 -18.509529 3.054934 -17.906967 -1.848555 -12.224590
-17.648556 -20.338259 8.577778 5.373680 -11.119383 -12.109801 -17.392147 -5.518657 13.252538 13.661016 0.189241 3.358590 9.890818 14.836267 4.530626 7.132358 27.936567 4.892951 0.607949 -17.421612 5.236361 -9.353390 18.014662 10.959429 -33.101738 -18.486477 3.072255 -17.918575 -1.862279 -12.231288
