0.914457 -3.764702 13.844596 -3.158416 -20.056543 -11.744370 -30.623659 -14.524170 4.540067 1.421519 -1.630163 9.592601 -9.883109 -2.617148 10.570622 0.378770 23.659525 -1.619805 -9.354387 -20.348471 -18.857420 -12.206988 34.688812 -7.943422 -17.735518 -15.269224 8.235358 -10.588848 3.207096 7.424997
0.997536 -3.568359 13.903465 -3.132920 -19.982321 -11.662788 -30.378998 -14.450768 4.622124 1.524723 -1.417910 9.463264 -9.616632 -2.807796 10.505160 0.543142 23.759928 -1.633883 -9.385422 -20.115543 -18.847033 -12.606740 34.123466 -7.886669 -17.727505 -15.595806 8.049077 -10.325354 3.189816 7.485541
0.851180 -3.306329 14.055681 -3.369467 -19.766850 -11.512041 -29.874260 -14.262836 4.787145 1.677342 -0.916376 9.172029 -9.047950 -3.137586 10.288555 0.879633 23.922060 -1.606029 -9.613691 -19.555285 -18.768885 -13.083826 33.281788 -7.821624 -17.760269 -16.037296 7.825654 -9.906132 3.185790 7.537190
0.580185 -3.025844 14.407530 -3.632080 -19.511673 -11.284420 -29.244209 -14.102677 4.989739 1.876636 -0.741897 8.945967 -8.721079 -3.399353 10.085076 1.063073 24.109591 -1.747994 -9.803812 -19.104609 -18.556927 -13.918094 32.398399 -7.826039 -17.794687 -16.430782 7.750219 -9.560469 3.181294 7.696699
0.174166 -2.797849 14.935408 -3.968000 -19.096426 -10.987557 -28.361801 -13.916918 5.304757 1.980776 -0.409473 8.573724 -8.200786 -3.745384 9.759471 1.349195 24.366131 -1.868675 -10.080874 -18.416348 -18.218740 -14.695560 31.136766 -7.739248 -17.851200 -17.061331 7.571033 -8.998898 3.053988 7.874019
-0.036143 -2.535665 15.404408 -4.256156 -18.586405 -10.710375 -27.375198 -13.669853 5.616901 2.189382 0.033645 8.207706 -7.565299 -3.979539 9.460331 1.822433 24.513914 -1.821599 -10.282057 -17.704662 -17.739000 -15.620279 29.681831 -7.515314 -17.817917 -17.767691 7.384036 -8.432639 2.675781 8.175700
-0.218994 -2.326200 15.688963 -4.775884 -18.144087 -10.746426 -26.485693 -13.144533 5.860701 2.310933 0.508869 7.699185 -7.200097 -4.296495 9.076428 1.969472 24.859118 -1.936301 -10.684004 -16.944361 -17.529711 -16.675344 28.183855 -7.290852 -17.873211 -18.483906 7.159832 -7.760821 2.423478 8.381206
-0.769888 -2.173658 16.532036 -5.137119 -17.691755 -10.258482 -25.576607 -13.200494 6.178673 2.654703 1.442679 7.288768 -6.265616 -4.815742 8.878774 2.378372 25.063437 -1.926863 -11.155564 -15.857536 -17.036230 -16.729277 26.692373 -6.944989 -18.085823 -19.202938 7.127735 -7.075884 1.757049 8.612093
-1.234047 -2.015312 17.053989 -5.660050 -17.271984 -9.960685 -24.715717 -13.031893 6.518289 2.847601 1.674803 6.867063 -5.897321 -5.065017 8.543864 2.441314 25.541990 -2.335567 -11.596884 -14.982795 -16.853827 -17.229380 25.627672 -6.794571 -18.297237 -19.808233 7.102968 -6.653715 1.360142 8.904094
-1.621588 -1.911849 17.502956 -6.164985 -16.845877 -9.825240 -23.865347 -12.707183 6.822750 2.944499 2.318572 6.654505 -5.213076 -5.316547 8.515410 2.467079 25.753233 -2.681562 -12.280452 -13.825830 -16.453979 -17.601891 24.044739 -6.461679 -18.556519 -20.626654 6.986937 -5.910542 0.976450 9.135787
-1.860934 -1.658484 17.834982 -6.479978 -16.433407 -9.430939 -23.039007 -12.592644 7.155492 3.239453 2.714823 6.447694 -4.448286 -5.810048 8.669235 2.312627 25.682665 -2.576755 -12.998667 -12.515168 -16.008568 -18.640129 22.382940 -6.341899 -18.720634 -21.537743 6.840306 -5.337574 0.483544 9.543159
-1.948573 -1.361421 18.142113 -6.774031 -16.087914 -9.370663 -22.106602 -12.140366 7.533078 3.225255 2.836977 6.060202 -3.851950 -6.223082 8.924224 2.104401 25.476240 -2.356416 -13.253510 -11.437377 -15.764176 -19.414816 20.691458 -5.946706 -18.776268 -22.359226 6.618556 -4.401818 0.126486 9.712055
-1.772678 -1.358630 17.934418 -7.076741 -15.519691 -9.115956 -21.381393 -11.959671 8.056578 3.368217 3.208831 5.795581 -3.135520 -6.663502 9.119456 1.969248 25.258905 -2.306840 -13.836351 -10.255856 -15.238696 -19.832106 19.454962 -5.939828 -18.886341 -23.170549 6.391056 -3.819496 -0.401930 9.825741
-1.954018 -1.155119 18.459557 -7.252529 -15.368103 -9.114555 -20.734100 -11.649230 8.251842 3.225413 3.409880 5.722376 -2.771535 -6.810517 9.448292 1.692434 25.176615 -2.361471 -14.097333 -9.413520 -14.866488 -19.993031 18.361406 -5.683902 -18.938604 -23.653534 6.415105 -3.243380 -1.027951 9.987761
-1.710158 -1.147412 18.583866 -7.349328 -14.719666 -8.755099 -19.845341 -11.562021 8.696768 3.530255 3.580089 5.524031 -2.134050 -7.177965 9.680163 1.557394 24.888247 -2.289367 -14.452745 -8.495194 -14.560584 -19.866955 17.405142 -5.468070 -19.080189 -24.102234 6.451353 -2.881789 -1.402895 10.262422
-1.849277 -0.963503 19.030628 -7.469448 -14.659017 -8.810831 -19.394108 -11.307404 8.723443 3.363217 3.828166 5.442475 -1.586525 -7.585016 9.807172 1.712937 24.744268 -2.012502 -14.583023 -7.903299 -14.339806 -19.972345 16.620684 -5.285156 -19.096561 -24.355907 6.551056 -2.492080 -1.844897 10.421839
-2.017333 -1.126058 19.252331 -7.832289 -14.154701 -8.622627 -18.766644 -11.224700 9.110704 3.369553 3.882525 5.359329 -1.407912 -7.617017 9.839154 1.598957 24.780699 -2.043338 -14.818020 -7.582410 -14.230351 -19.746145 16.196939 -5.021903 -19.154209 -24.421291 6.715788 -2.216150 -2.389739 10.462011
-1.821700 -1.129780 18.932793 -7.927980 -13.694747 -8.265190 -18.354271 -11.296576 9.402093 3.729792 3.722684 5.418833 -1.546973 -7.460639 9.986945 1.273157 24.683229 -2.051802 -15.040792 -7.336904 -14.297465 -19.427752 15.885394 -4.860785 -19.259220 -24.460598 6.820586 -2.042606 -2.623220 10.507379
-1.679212 -0.977848 18.941586 -7.833938 -13.616650 -8.193727 -18.136410 -11.241014 9.456867 3.819101 3.671381 5.358564 -1.679163 -7.396895 10.043265 1.131705 24.699812 -2.048934 -15.066161 -7.241243 -14.291837 -19.175264 15.562408 -4.724288 -19.311031 -24.482807 6.916679 -1.836262 -2.839621 10.526838
-1.811571 -0.905780 19.047230 -7.881783 -13.663660 -8.169114 -18.094822 -11.216258 9.426079 3.764924 3.800464 5.340609 -1.569494 -7.438329 10.037000 1.204370 24.610037 -1.914885 -15.050019 -7.196420 -14.285529 -19.034266 15.520865 -4.709037 -19.343142 -24.495487 6.928315 -1.828619 -2.944189 10.523753
-2.222151 -0.956636 19.286058 -7.992110 -13.714836 -8.082458 -18.161797 -11.343323 9.402457 3.696418 4.144115 5.147584 -1.223933 -7.601650 9.935855 1.387553 24.626955 -1.920335 -15.201849 -6.867043 -14.182785 -18.733267 15.355156 -4.656139 -19.399586 -24.420355 7.099715 -1.723257 -2.997225 10.545739
-3.232031 -1.101879 19.352520 -8.793426 -13.349015 -8.195648 -17.593822 -10.855380 9.774888 2.915886 5.187877 4.977648 -0.399887 -7.826927 9.963971 1.550958 24.521151 -1.923661 -15.663442 -6.217021 -13.814140 -17.945511 14.643832 -4.728950 -19.587303 -24.234760 7.631754 -1.313806 -3.448524 10.575227
-4.393684 -1.431532 19.247398 -9.765066 -12.482909 -7.547299 -16.755413 -10.906345 10.589361 2.549629 6.416554 4.608590 0.331266 -8.168175 9.717774 1.525865 24.645597 -2.600680 -16.239950 -5.269140 -11.352767 -16.052269 13.305335 -4.624447 -19.628662 -22.855179 9.991815 -0.475429 -4.183366 11.039646
-5.791050 -2.684492 19.181263 -11.344949 -10.637056 -6.717421 -15.256309 -11.017616 12.303278 1.957312 8.132419 4.243560 2.530888 -8.963285 9.976544 2.286417 23.860846 -2.899318 -16.706116 -3.327611 -7.966543 -12.282823 11.580711 -4.859452 -19.528074 -20.674606 12.689120 1.029776 -6.390300 10.666569
-6.899803 -3.021432 19.497320 -11.772783 -10.038010 -6.175765 -14.106494 -10.697929 13.160701 0.906810 9.726957 4.016250 3.991796 -9.305777 9.861190 3.576810 23.289736 -2.725879 -16.749680 -2.333515 -5.037201 -8.027678 11.307346 -6.061001 -20.011110 -19.108955 14.512757 1.344238 -9.571864 9.802025
-7.868345 -4.764562 20.658096 -13.158314 -8.487490 -6.347031 -12.280755 -9.937796 14.877412 -0.628078 11.157375 4.092330 6.347328 -9.647243 10.043509 6.418801 21.925581 -1.191391 -16.341005 -1.377517 -2.108836 -7.566977 12.089075 -9.015177 -20.013771 -18.981457 13.996542 -0.437187 -13.891272 8.819038
-8.700478 -6.058301 21.793104 -14.388791 -6.767806 -6.529993 -9.483485 -8.416406 16.887495 -2.427257 12.228774 4.993638 8.942266 -9.980276 10.624169 9.395587 19.732933 0.726930 -15.141693 -1.496330 2.560919 -7.969481 14.092917 -14.066415 -20.222105 -19.301178 13.409268 -4.424636 -14.962906 8.963522
-9.650309 -8.084297 22.408836 -17.157089 -4.217498 -6.202562 -6.765065 -7.480902 18.899488 -3.356810 14.124783 5.895340 11.156239 -10.579287 10.538263 12.224195 17.929739 2.621299 -13.896249 -2.751590 9.232723 -2.111924 13.428489 -16.714130 -20.977112 -16.710358 16.793560 -4.587311 -11.166792 9.123562
-7.654672 -11.225082 21.809355 -18.647860 -0.718208 -5.208708 -4.261357 -8.030672 21.446085 -2.546833 15.496723 6.869053 12.591160 -10.040182 11.347438 13.746676 14.659513 4.670964 -13.538866 -3.531388 10.095663 5.930181 12.568865 -17.620081 -22.473053 -14.305718 18.771042 -3.123386 -7.332982 7.645097
-3.019363 -14.463886 20.219299 -19.028723 2.899970 -4.676688 -2.367351 -9.064386 23.523880 -0.369976 16.539837 7.827710 13.971659 -8.709708 13.363801 14.016520 10.238723 7.894159 -12.886910 -4.494979 9.512963 10.319360 13.988480 -18.231333 -23.012886 -16.586887 15.597054 -3.769206 -3.226410 7.113719
1.079533 -17.420601 15.800410 -19.239653 5.645611 -4.603840 -3.026194 -10.703037 25.113976 1.582265 16.485893 8.212840 13.596465 -7.017641 15.811076 12.198853 6.333723 10.573998 -12.100576 -6.010027 10.596986 9.828498 12.182379 -19.194233 -23.584410 -20.259737 12.254872 -4.329021 0.453951 7.858162
4.721241 -19.291765 10.971671 -19.617624 6.553411 -6.593483 -5.402559 -11.000920 25.170958 2.041369 15.095503 9.541575 11.095750 -3.187515 18.394440 9.312428 3.025033 12.505530 -11.569834 -8.364739 9.726438 10.008678 11.976810 -20.463503 -23.563358 -20.828608 10.192889 -3.321367 5.783647 7.261899
5.774968 -19.901590 5.621897 -21.001535 6.779546 -8.482930 -8.294181 -10.979110 24.801176 1.763922 13.051429 10.704984 8.100424 -0.480933 20.028412 5.674818 1.057824 14.175625 -11.663136 -10.548579 11.364784 10.624777 8.285482 -19.812035 -22.519428 -20.124992 9.991329 2.210540 14.091990 5.309236
7.649899 -19.757711 0.158127 -21.569611 6.459869 -10.590466 -11.671507 -10.831223 23.892441 2.037960 10.305671 11.114402 4.793445 2.158337 21.060349 2.780450 -0.659019 16.247583 -12.110232 -12.351137 13.268859 10.790427 5.276089 -20.794682 -21.365755 -19.695366 8.971013 6.810445 21.164253 2.774239
8.230759 -19.661331 -4.851528 -22.054996 5.965679 -12.203932 -15.225703 -11.097197 22.943031 2.124260 7.995796 10.863830 1.794947 3.953354 21.240957 -0.230584 -1.310035 17.828056 -13.262645 -13.121456 13.960386 11.251372 3.787446 -23.030216 -20.256981 -20.063093 6.469346 9.355617 23.625198 0.064219
9.118285 -19.662739 -8.237938 -22.047031 5.330014 -13.479322 -18.374418 -11.536833 21.975054 2.452484 6.829285 9.777673 -0.944741 5.315310 21.146416 -3.713593 -1.272242 18.571863 -14.637897 -13.220366 13.400090 16.067602 4.113114 -25.434381 -20.872875 -21.211901 3.274408 10.885157 22.711832 -4.004520
10.004232 -19.050816 -10.832476 -21.195152 4.324915 -14.034653 -20.716702 -11.910643 21.165268 2.765101 6.811030 8.859173 -2.487509 5.854953 20.852623 -6.450209 -0.633380 18.684368 -15.819601 -12.982605 14.734977 15.411114 -0.498856 -28.233889 -20.996124 -22.083460 1.802540 13.657843 22.293060 -6.483270
11.038565 -18.286352 -13.200158 -20.570261 3.498105 -14.811913 -22.411789 -11.681059 20.498228 2.841449 6.171451 7.652788 -3.519477 5.961971 20.730446 -8.207784 -0.732904 19.391214 -15.948170 -13.112128 16.210722 12.882695 -5.314826 -29.288168 -20.906429 -22.294724 2.162915 15.900766 22.711456 -6.597026
11.153925 -17.813667 -14.052985 -20.050152 2.980946 -14.694014 -23.225830 -11.946024 20.090448 3.036430 6.635194 7.296205 -4.146540 6.256320 20.536274 -8.303475 -0.165984 19.150095 -16.234985 -13.151264 17.246452 10.111032 -7.793334 -29.973133 -20.438919 -22.068537 2.645338 16.993490 22.830080 -6.506934
11.244080 -17.512487 -14.507184 -19.858440 2.767599 -14.679184 -23.485031 -11.913248 19.942703 3.096853 6.774209 7.089777 -4.305300 6.245597 20.448122 -8.470582 0.029683 19.036201 -16.291647 -13.102212 17.964621 9.099929 -8.604974 -30.451288 -20.164738 -21.949619 2.778353 17.344997 22.461256 -6.590308
11.230180 -17.575384 -14.474896 -19.884018 2.796978 -14.673021 -23.486544 -11.944798 19.972734 3.107760 6.865497 7.113477 -4.320184 6.252508 20.445763 -8.418984 0.111696 18.960781 -16.310640 -13.079327 18.022758 9.187840 -8.488626 -30.514563 -20.160130 -21.956001 2.733733 17.304035 22.387999 -6.661348
11.044043 -17.735044 -14.210520 -19.916979 2.811823 -14.547123 -23.550854 -12.169743 19.944315 3.175609 7.241875 7.276295 -4.344303 6.417735 20.402267 -8.130599 0.419516 18.661831 -16.357042 -13.167063 18.082455 9.432331 -8.135327 -30.603481 -20.213791 -21.895935 2.767883 17.077953 22.323317 -6.666377
10.701033 -17.887781 -13.919250 -19.826923 2.741375 -14.262122 -23.772736 -12.597585 19.852606 3.321247 7.201711 7.294970 -4.339636 6.412455 20.485714 -8.180185 0.293464 18.816376 -16.194616 -13.329066 18.128775 9.731217 -7.786448 -30.674128 -20.212650 -21.912704 2.703203 16.962620 22.253786 -6.722270
10.382418 -18.063934 -13.512759 -20.014166 2.867419 -14.104652 -23.556587 -12.699524 19.957840 3.282316 7.396161 7.337646 -4.270512 6.455992 20.431950 -7.912623 0.409917 18.695328 -16.234835 -13.281811 18.127720 10.126288 -7.079684 -30.745821 -20.234955 -21.654030 2.836649 16.583014 22.073750 -6.744102
10.034889 -18.263845 -13.094728 -20.239777 2.987512 -13.970350 -23.383011 -12.807545 20.064379 3.257644 7.948924 7.620244 -4.193020 6.572643 20.347961 -7.272478 0.869299 18.186747 -16.348469 -13.191091 18.408449 10.508556 -6.293754 -30.924883 -20.243443 -21.482790 2.967092 16.135979 21.766550 -6.731077
9.485048 -18.547663 -12.480240 -20.367256 3.022911 -13.675319 -23.341660 -13.134178 20.116837 3.246641 8.605275 7.790410 -4.085142 6.643004 20.321001 -6.845244 1.282702 17.860796 -16.275890 -13.266887 18.882383 10.637252 -5.613567 -31.091825 -20.070465 -21.348907 3.023184 15.845469 21.128231 -6.840357
8.879984 -18.870665 -11.770609 -20.573818 3.185413 -13.329134 -23.084702 -13.402033 20.297167 3.230577 9.347403 7.960219 -3.818785 6.735348 20.252705 -6.131151 1.599478 17.463121 -16.345230 -13.135730 19.290056 10.164857 -5.050408 -31.187599 -19.705978 -20.892580 3.262161 15.701103 20.560762 -6.977124
8.246037 -19.165937 -11.064718 -20.824638 3.340762 -13.036638 -22.849987 -13.622434 20.444323 3.149371 10.005009 8.134154 -3.610707 6.806470 20.167870 -5.396459 1.943519 16.960556 -16.418985 -12.954329 19.963268 9.984967 -4.346778 -31.333630 -19.443626 -20.564106 3.602657 15.318536 19.693972 -6.944776
7.486462 -19.349766 -10.058529 -21.064936 3.507223 -12.590377 -22.275780 -13.772579 20.670475 3.077677 10.777408 8.095233 -3.121257 6.638352 20.002073 -4.889535 2.151043 16.889381 -16.478054 -12.704999 20.442535 10.238429 -3.023209 -31.876375 -19.466846 -20.284430 3.797622 14.432209 19.178236 -7.000775
6.793357 -19.544149 -9.121710 -21.075573 3.594362 -12.000893 -21.910469 -14.129797 20.813686 3.138726 11.323732 8.298831 -2.881857 6.788268 20.089922 -4.028446 2.239132 16.728052 -16.342047 -12.678371 21.011606 10.670550 -1.801983 -32.006199 -19.525936 -20.069649 4.179825 13.595573 18.411783 -6.870232
5.953187 -19.573709 -8.346415 -21.271816 3.673457 -11.563334 -21.368179 -14.172473 21.030787 2.950852 11.862614 8.433723 -2.623869 6.800512 20.168297 -3.050983 2.324530 16.586353 -16.032175 -12.757389 21.494797 10.475514 -1.110677 -31.973597 -19.409733 -19.865520 4.563699 13.122037 17.385099 -6.728870
4.888140 -19.722597 -7.503977 -21.423223 3.628776 -11.072653 -21.121742 -14.432177 21.123503 2.734573 12.726675 8.641817 -2.378520 6.908855 20.241032 -2.239544 2.716031 16.071301 -15.963449 -12.672784 21.854626 10.625772 -0.502790 -31.796572 -19.374138 -19.666492 4.988920 12.767086 16.799562 -6.497465
4.172497 -19.986279 -6.874969 -21.716600 3.695725 -10.971212 -20.978037 -14.493348 21.199837 2.441913 13.296824 8.793943 -2.264510 7.001360 20.192507 -1.450936 3.019836 15.589862 -15.969876 -12.586024 22.472054 10.893096 0.351765 -31.911564 -19.312975 -19.713932 5.106184 12.303534 16.035515 -6.514410
3.413464 -20.001873 -6.154432 -21.895569 3.762654 -10.586843 -20.553207 -14.551821 21.373762 2.265817 13.680696 8.885468 -2.000319 6.967606 20.176851 -0.815777 3.127498 15.424850 -16.022436 -12.356456 22.876287 11.066743 0.975423 -31.774843 -19.284527 -19.462934 5.602275 11.854866 15.569793 -6.206398
3.097329 -20.007223 -5.722553 -21.794516 3.742616 -10.227015 -20.400787 -14.766786 21.459116 2.285938 14.062895 8.813314 -1.688095 6.776621 20.130238 -0.511282 3.215157 15.352727 -16.017326 -12.138962 23.227776 11.145442 1.102179 -31.629206 -19.212015 -19.165684 6.065540 11.744392 15.138869 -5.972167
2.717157 -20.060816 -5.232090 -21.760555 3.774472 -9.851137 -20.232447 -15.030313 21.527449 2.348357 14.451440 8.941127 -1.696630 6.846089 20.099911 -0.165450 3.528582 15.015385 -16.041191 -12.140393 23.472904 11.195883 1.551510 -31.487616 -19.118629 -18.771049 6.551816 11.490798 14.774384 -5.739911
2.726119 -20.037851 -4.976316 -21.716446 3.874230 -9.673044 -20.009163 -15.080819 21.599081 2.455410 14.628499 8.937972 -1.806952 6.889325 20.091595 -0.057026 3.730077 14.831122 -16.003323 -12.223319 23.496983 11.194919 2.017366 -31.318998 -19.061220 -18.526669 6.861026 11.187905 14.508710 -5.555117
2.437705 -20.091509 -4.611798 -21.714403 3.900560 -9.443994 -19.897551 -15.229069 21.659273 2.445106 15.014136 8.969445 -1.746757 6.913569 20.049965 0.271153 3.957419 14.638223 -15.963021 -12.234494 23.646408 11.223884 2.293616 -31.339682 -19.040020 -18.535061 6.935677 10.961010 14.041886 -5.485429
2.275940 -20.095173 -4.381348 -21.692722 3.907636 -9.291229 -19.813374 -15.303688 21.693069 2.446987 15.274388 8.984424 -1.658188 6.919290 20.018425 0.569600 4.095576 14.536183 -15.960832 -12.185019 23.967276 11.196945 2.448607 -31.398941 -18.989197 -18.511450 7.057627 10.827255 13.808042 -5.408855
2.180237 -20.107359 -4.226923 -21.731621 3.933721 -9.257478 -19.680458 -15.260784 21.743168 2.375844 15.373528 8.972618 -1.609728 6.903118 20.022659 0.632824 4.128420 14.490539 -15.951645 -12.147303 23.996550 11.114227 2.434573 -31.386648 -18.966797 -18.478031 7.111986 10.828695 13.735112 -5.377700
2.105926 -20.128498 -4.135260 -21.758945 3.964291 -9.226667 -19.606710 -15.261257 21.775955 2.358151 15.400733 8.992425 -1.565319 6.922591 20.020962 0.763461 4.140349 14.450718 -15.965839 -12.095963 23.949862 11.184095 2.551599 -31.386599 -18.970314 -18.393156 7.157862 10.773474 13.660002 -5.390935
1.730969 -20.146626 -3.840533 -21.731880 3.896058 -8.988002 -19.609364 -15.459837 21.750927 2.348722 15.635899 8.970118 -1.531149 6.899493 19.920534 0.953571 4.356844 14.252017 -16.037119 -12.003558 24.101278 11.339343 2.668299 -31.356100 -18.940887 -18.344692 7.244087 10.692118 13.408425 -5.361277
1.456078 -20.182285 -3.610671 -21.724464 3.928580 -8.715247 -19.558052 -15.655489 21.787111 2.452467 15.946917 8.969913 -1.486714 6.895450 19.835289 1.180077 4.665322 13.952897 -16.184906 -11.794188 24.179018 11.601350 3.005433 -31.284760 -18.955465 -18.349695 7.359431 10.453918 12.884093 -5.264884
1.090425 -20.204149 -3.189879 -21.707531 3.925004 -8.437341 -19.325933 -15.764513 21.884188 2.362516 16.325430 8.930593 -1.428874 6.916397 19.778749 1.377559 4.957729 13.604731 -16.288904 -11.589915 24.348761 11.856670 3.219732 -31.203897 -18.880604 -18.379421 7.414831 10.392092 12.119972 -5.295990
0.479128 -20.282064 -2.616538 -21.715254 3.962366 -7.947204 -19.153587 -16.096493 21.989794 2.390454 16.826225 8.925118 -1.228834 6.949893 19.675385 1.771806 5.259937 13.201261 -16.528889 -11.219190 24.473629 12.156953 3.560748 -30.985521 -18.757736 -18.194706 7.647775 10.298334 11.366093 -5.259667
-0.030736 -20.327736 -2.153359 -21.704258 3.961616 -7.505600 -19.047169 -16.424622 22.070169 2.456783 17.211315 8.968676 -1.051199 7.017095 19.614845 2.283751 5.495002 12.733363 -16.890024 -10.720862 24.562557 12.289256 3.857926 -30.730165 -18.711060 -17.939938 8.028571 10.005510 10.781774 -5.005375
-0.824510 -20.280756 -1.544790 -21.723122 4.008868 -6.920865 -18.703424 -16.667789 22.226999 2.389867 17.639517 8.995998 -0.925219 7.023919 19.450111 2.867452 5.919512 12.167171 -17.202082 -10.308434 25.016752 12.666926 4.204110 -30.704979 -18.689543 -17.861357 8.358079 9.644417 9.853608 -4.784189
-1.341286 -20.186769 -1.203339 -21.643688 4.072337 -6.327310 -18.450628 -16.965538 22.366266 2.499180 17.863028 8.999077 -0.671567 7.044355 19.431049 3.400218 6.024347 11.696207 -17.508017 -9.817886 25.311781 12.968863 4.702597 -30.508718 -18.581945 -17.696333 8.691756 9.285212 9.251649 -4.493468
-1.911642 -20.110239 -0.817664 -21.701914 4.256232 -5.753292 -17.991398 -17.133408 22.630251 2.545958 17.961550 8.980467 -0.616906 7.094363 19.391148 3.532332 6.194059 11.248010 -17.826929 -9.472700 25.663790 13.161726 5.350966 -30.251760 -18.374504 -17.132479 9.348188 8.848091 8.628442 -4.116572
-2.717681 -19.997810 -0.329708 -21.794878 4.394177 -5.154652 -17.445320 -17.217724 22.914442 2.412438 18.274601 8.738843 -0.346304 7.078645 19.210653 3.769410 6.353164 10.839009 -18.258114 -8.838066 26.204407 13.306676 6.164319 -29.826710 -18.042351 -16.592644 10.033752 8.407143 7.838708 -3.735223
-3.573103 -19.732153 0.066805 -21.715836 4.323392 -4.481976 -17.198599 -17.483505 22.990553 2.376107 18.578478 8.551353 -0.102308 7.116253 18.995461 3.883944 6.717229 10.264723 -18.780695 -8.204637 27.119078 13.819100 7.092837 -29.364477 -17.757620 -16.404907 10.579635 7.916087 6.755504 -3.408619
-4.312857 -19.571812 0.319706 -22.053185 4.598654 -4.081604 -16.589407 -17.358463 23.296652 2.285405 18.970100 8.376872 0.337977 7.140926 18.872868 4.199900 6.858891 9.828811 -19.327812 -7.434275 27.824400 14.251865 8.244665 -28.841263 -17.542154 -16.155403 11.183005 7.186102 6.394504 -2.867640
-5.015913 -19.336458 0.419154 -22.135700 4.580284 -3.732517 -16.368170 -17.367144 23.404074 2.119664 18.899717 8.217816 0.522938 6.994849 18.638231 4.461988 6.925961 9.663604 -19.576933 -7.093098 28.710646 14.699756 8.602768 -28.348738 -17.433006 -15.978043 11.858243 6.860823 6.033866 -2.384973
-5.422787 -19.105722 0.159404 -22.260452 4.623327 -3.488670 -16.308414 -17.367785 23.450411 2.154874 19.036722 8.229764 0.619872 6.977397 18.497364 4.580603 7.163720 9.474816 -19.937048 -6.803391 29.026205 14.648170 8.762706 -27.770521 -17.243229 -15.429330 12.637774 6.750630 6.383327 -1.929098
-9.144070 -13.487383 24.198463 -14.726664 -8.991446 -11.475609 -17.711468 -11.844879 13.047283 -5.438083 13.191772 9.532155 1.533968 -4.675868 15.312180 10.380584 19.579182 0.579386 -4.347637 -16.201775 -7.937186 2.263217 17.395941 -13.307520 -22.935936 -28.412766 -1.530602 -2.090873 -10.887712 -1.175574
-9.497268 -13.175510 24.161585 -14.640036 -9.369365 -11.612143 -17.941833 -11.694132 12.840963 -5.688649 13.263751 9.338305 1.739306 -4.905571 14.904819 10.876180 19.854418 0.247693 -4.703415 -15.858438 -8.507624 1.548535 16.990030 -13.108557 -22.885441 -28.327698 -1.433729 -1.975547 -10.796736 -1.039402
-9.872748 -13.016685 24.252029 -14.773581 -9.296737 -11.549917 -17.620377 -11.499030 12.978836 -5.903146 13.016254 9.039656 1.931248 -5.269311 14.516351 11.036134 19.910004 0.229889 -5.016655 -15.418391 -9.087933 1.191824 16.891054 -12.549575 -22.944561 -28.474857 -1.311222 -2.009668 -10.408939 -0.613454
-9.828584 -12.815729 23.956203 -14.573634 -9.474216 -11.578476 -17.847118 -11.524687 12.825766 -5.833066 13.216346 8.652537 2.302105 -5.680190 14.195968 11.255317 20.013668 0.411870 -5.219061 -15.082887 -9.456276 0.569007 16.954790 -12.095959 -22.860510 -28.261412 -0.906504 -2.057328 -9.858591 -0.172159
-9.742069 -12.486874 23.827490 -14.220650 -9.597033 -11.248877 -17.774231 -11.623443 12.868832 -5.563601 12.895808 8.434103 2.153511 -5.845663 13.921567 11.055234 20.132444 0.572738 -5.283329 -15.219746 -9.541521 0.185557 17.168070 -11.801489 -22.850740 -27.924152 -0.403467 -2.379422 -9.311622 0.344881
-10.031645 -11.938110 23.513313 -15.331032 -10.233469 -11.518505 -18.504564 -11.231368 11.955968 -5.473797 12.804426 8.652045 2.555660 -6.430021 13.275708 9.791351 21.005724 0.091109 -6.245442 -14.296073 -11.331311 0.067697 17.864473 -12.225424 -21.847248 -27.966160 -0.218931 -1.437007 -10.040492 1.109877
-9.377002 -11.519554 23.387760 -15.157259 -10.433145 -11.271381 -18.809425 -11.564839 11.645737 -4.997642 12.429564 8.559365 2.138686 -6.686575 13.197122 9.312656 21.002106 0.111066 -6.454914 -14.348847 -11.574784 -0.257819 18.365461 -12.096422 -21.657627 -26.877586 0.738833 -1.734722 -8.956872 1.714299
-9.369749 -11.137709 23.364143 -14.558243 -10.929158 -11.069238 -19.187355 -11.751942 11.224775 -4.349315 11.988933 8.341067 1.837361 -6.725022 12.861677 8.787944 21.362366 0.193473 -6.710867 -14.427625 -11.699929 -1.177824 18.992968 -12.032314 -21.378393 -26.505936 1.147141 -2.087235 -8.819847 2.118113
-8.727453 -10.835616 22.769119 -13.914612 -11.288153 -11.169176 -19.602848 -11.741779 11.026765 -4.008944 11.573659 8.056893 1.683928 -6.796186 12.623199 8.528315 21.485685 0.445519 -6.676405 -14.550298 -12.127055 -1.683074 19.259407 -11.832790 -21.423037 -26.033089 1.433110 -2.443192 -8.237422 2.306321
-8.669682 -10.466812 22.824232 -13.627757 -11.569523 -11.071745 -19.751862 -11.797966 10.785683 -3.822972 11.206905 7.927853 1.372131 -6.742661 12.433159 8.167768 21.717672 0.315984 -6.815926 -14.565482 -12.306554 -2.207633 19.189297 -11.740723 -21.404324 -25.999966 1.497305 -2.471878 -7.977057 2.418624
-8.415719 -10.275782 22.660563 -13.319602 -11.889822 -11.073099 -20.188011 -11.978401 10.545554 -3.608089 10.799427 7.913502 0.699879 -6.512257 12.212085 7.817242 22.111458 0.096078 -6.923458 -14.937772 -12.624022 -2.431661 19.383396 -11.516852 -21.400940 -25.799603 1.732269 -2.541306 -7.661918 2.607407
-8.218344 -10.095495 22.740330 -12.947222 -12.273975 -10.980844 -20.625389 -12.251198 10.215582 -3.408052 10.568492 7.860027 0.281230 -6.336367 12.088084 7.604621 22.369562 -0.157252 -7.143593 -15.011871 -12.863123 -2.599351 19.673548 -11.203627 -21.350582 -25.478203 2.051781 -2.624329 -7.433227 2.790131
-8.170259 -9.851239 22.639397 -12.620878 -12.663470 -10.892353 -21.102009 -12.475811 9.861060 -3.211230 10.365953 8.033299 -0.135142 -6.144278 12.086608 7.497323 22.520004 -0.201336 -7.063500 -15.387518 -13.026047 -2.738467 20.110617 -11.017313 -21.278759 -25.174252 2.303991 -2.804054 -7.212817 2.918039
-7.705624 -9.848623 22.172523 -12.169309 -13.120193 -11.021134 -22.027733 -12.840002 9.478959 -2.997436 10.001015 8.119508 -0.680782 -5.947301 12.041133 7.317800 22.574514 -0.264384 -6.994076 -15.753295 -13.249082 -2.887630 20.602684 -10.865646 -21.218956 -24.798374 2.577182 -3.087085 -7.185042 3.010512
-7.809071 -9.635166 22.029366 -12.097994 -13.309620 -10.880787 -22.316727 -13.008197 9.270562 -2.764246 9.794030 8.204583 -0.928198 -5.844702 11.988324 7.196827 22.710167 -0.502711 -7.052154 -15.804214 -13.313828 -2.919040 21.187258 -10.682482 -21.243843 -24.592562 2.851553 -3.552693 -7.121671 3.263392
-7.554155 -9.667170 21.799381 -11.936434 -13.504872 -10.963465 -22.720009 -13.149794 9.181837 -2.718081 9.667917 8.328168 -1.289061 -5.686591 11.952559 7.139813 22.861227 -0.666105 -7.053593 -16.073690 -13.355556 -2.759986 21.666172 -10.635345 -21.255436 -24.407600 3.046061 -3.882447 -7.051075 3.413245
-7.492272 -9.576834 21.716896 -11.739979 -13.756441 -10.885637 -23.136213 -13.405348 8.947895 -2.539815 9.590427 8.339257 -1.433395 -5.630842 11.937415 7.089717 22.939070 -0.752133 -7.074028 -16.147942 -13.482907 -2.915320 22.013994 -10.391180 -21.189121 -24.159683 3.314700 -4.111937 -6.967982 3.650196
-7.310543 -9.637814 21.574387 -11.731270 -13.740376 -11.013973 -23.193542 -13.339205 8.988198 -2.562109 9.642266 8.340659 -1.305186 -5.672243 11.935891 7.146882 22.968992 -0.773876 -7.149893 -16.024939 -13.504794 -3.016165 22.324308 -10.213924 -21.105606 -23.969381 3.538868 -4.297782 -6.914780 3.853023
-6.996824 -9.704657 21.333317 -11.683745 -13.746765 -11.232721 -23.299774 -13.225767 9.032730 -2.601967 9.631689 8.443482 -1.432782 -5.605274 11.910171 7.158492 23.063259 -0.816256 -7.174342 -16.176794 -13.481753 -2.874824 22.595791 -10.166611 -21.079300 -23.801645 3.709068 -4.437613 -6.774675 3.986853
-6.895681 -9.696487 21.232300 -11.604931 -13.855549 -11.282970 -23.494329 -13.279676 8.952935 -2.580023 9.582002 8.459198 -1.517636 -5.562379 11.909415 7.111828 23.091356 -0.859187 -7.185658 -16.228033 -13.436571 -2.897715 22.783525 -10.076551 -21.075306 -23.757521 3.831856 -4.598961 -6.757503 4.137439
-6.771355 -9.701492 21.132496 -11.556541 -13.903678 -11.340693 -23.572136 -13.260329 8.943289 -2.577283 9.508788 8.515305 -1.675451 -5.471529 11.914071 7.038410 23.130068 -0.904525 -7.224180 -16.317141 -13.449072 -2.715277 22.952415 -10.095619 -21.083946 -23.656677 3.909765 -4.671285 -6.694399 4.180958
-6.634009 -9.719352 21.018362 -11.523462 -13.931424 -11.428263 -23.650637 -13.230101 8.937645 -2.595001 9.450133 8.567882 -1.774644 -5.390884 11.903432 6.980249 23.197895 -0.928003 -7.263981 -16.395994 -13.471629 -2.622018 23.124971 -10.074044 -21.099836 -23.544682 4.015315 -4.770957 -6.624204 4.246141
-6.498980 -9.754774 20.912426 -11.497243 -13.949869 -11.536165 -23.718830 -13.184023 8.940679 -2.620197 9.444028 8.627851 -1.832790 -5.346600 11.926608 6.966728 23.222315 -0.907259 -7.270182 -16.478683 -13.453032 -2.514617 23.232075 -10.086630 -21.104389 -23.477716 4.084217 -4.811335 -6.592477 4.277840
-6.388222 -9.749125 20.801477 -11.462053 -13.957123 -11.608292 -23.775026 -13.156669 8.926601 -2.616571 9.434910 8.665031 -1.866240 -5.304928 11.942271 6.959810 23.247118 -0.914149 -7.262830 -16.525911 -13.477077 -2.486998 23.292509 -10.089468 -21.101961 -23.428221 4.107213 -4.831041 -6.596305 4.271542
-6.425452 -9.706694 20.798176 -11.457116 -13.971233 -11.583330 -23.787420 -13.170895 8.893654 -2.585329 9.438266 8.660375 -1.881935 -5.299234 11.934945 6.944959 23.276255 -0.951636 -7.286422 -16.515886 -13.483462 -2.467868 23.300022 -10.087305 -21.099266 -23.409115 4.116876 -4.821599 -6.619234 4.262003
-6.461287 -9.694324 20.808828 -11.474918 -13.973713 -11.569242 -23.789516 -13.179606 8.881470 -2.577104 9.422876 8.673717 -1.922718 -5.286157 11.926011 6.931772 23.296873 -0.966465 -7.287619 -16.546869 -13.489852 -2.461235 23.311789 -10.082874 -21.098930 -23.384651 4.137610 -4.825748 -6.628603 4.265319
