10.936753 -5.226388 8.291885 -0.693033 -8.387975 -17.770426 -4.062954 6.178834 15.653978 7.204400 -16.003973 3.423863 18.140820 -6.663571 13.435733 -1.084997 4.197556 16.371428 -2.140720 -6.310724 -11.799644 1.990673 14.566867 6.949129 -24.014812 -15.338850 3.964860 5.094449 25.486582 -7.362380
11.013154 -5.127212 8.364345 -0.856245 -8.343019 -17.811926 -3.962494 6.257142 15.614936 7.342918 -15.691417 3.282275 18.333099 -6.790147 13.257887 -1.158953 4.182437 16.515255 -2.244771 -6.270917 -12.419370 1.376724 14.956670 7.160685 -24.002981 -15.626945 3.590468 4.779026 24.891741 -7.510545
10.447675 -4.971848 8.178767 -1.649204 -8.108022 -18.075357 -3.620745 6.787775 15.760727 7.070654 -15.180583 2.611566 18.814947 -7.142179 12.792480 -1.485060 4.371284 16.656385 -2.396498 -6.188940 -13.366334 -0.236527 15.792764 7.182971 -23.564514 -15.698382 2.888408 4.579741 23.750845 -8.432348
9.649128 -4.734179 8.000180 -2.806671 -7.611335 -18.320999 -2.805782 7.640811 16.120428 6.613274 -14.392912 1.855271 19.099232 -7.601603 12.583747 -1.628572 4.527313 16.483704 -2.324436 -6.085854 -14.525944 -1.219445 16.370012 7.725536 -23.104034 -15.654818 2.431780 5.040810 22.248251 -9.399579
8.537287 -4.285235 7.831609 -4.042733 -7.187273 -18.460196 -1.834572 8.661329 16.362291 6.264698 -13.654573 0.556798 19.862009 -8.220682 11.818456 -1.614955 4.503965 16.749266 -2.522686 -5.886360 -14.696227 -2.448603 17.536667 7.300091 -21.819427 -14.674324 2.391877 5.920315 20.972408 -11.023897
7.681746 -3.841419 7.918545 -5.570442 -6.598146 -18.542650 -0.939565 9.426615 16.469944 6.101223 -12.320566 -0.798818 20.981697 -9.091491 11.256938 -1.603467 4.740152 16.561960 -2.693305 -5.175296 -15.431101 -3.142685 18.120203 6.945550 -21.220346 -13.952105 2.574238 6.492527 20.067949 -11.872631
7.019218 -3.460544 7.925282 -6.472350 -6.265338 -18.614862 -0.161411 10.122090 16.619467 5.976008 -11.319084 -1.850639 21.438667 -9.368620 10.828824 -1.671282 4.966333 16.394733 -2.668446 -5.035271 -15.604646 -4.143372 18.820271 6.036289 -20.492901 -12.939653 2.996265 6.761891 18.949097 -12.751782
6.151812 -3.302872 7.944436 -7.131841 -5.955417 -18.760307 0.607215 10.857049 16.938435 5.508457 -10.055476 -2.871188 22.111240 -9.834915 10.493964 -1.309595 5.274437 15.932613 -2.699064 -4.474640 -15.650007 -4.279449 19.510000 5.703712 -19.768373 -12.111965 3.275269 7.343657 18.001442 -13.627108
5.590952 -3.191827 8.180679 -7.539087 -5.779401 -18.616892 1.084859 11.118559 17.073538 5.378007 -9.445315 -3.417376 22.436380 -10.075886 10.413041 -0.857612 5.348211 15.761801 -2.683637 -4.156499 -15.280174 -4.399614 20.056648 5.449266 -19.293407 -11.467103 3.687740 7.488017 16.972685 -14.072227
5.051754 -3.044451 8.283996 -7.668668 -5.721948 -18.451693 1.502148 11.349621 17.259949 4.969977 -9.025311 -3.880544 22.789803 -10.399181 10.306817 -0.631895 5.436743 15.583135 -2.737391 -3.818711 -15.413459 -4.644857 20.306948 5.194094 -19.065264 -11.050212 3.836673 7.634094 16.270864 -14.534809
4.817902 -2.779668 8.493359 -7.659695 -5.764848 -18.308237 1.837941 11.516932 17.238993 4.968058 -9.155328 -4.201863 22.673409 -10.546674 10.014632 -0.307693 5.613837 15.399244 -2.797907 -3.805739 -15.565357 -4.241153 20.224997 5.630655 -19.102486 -10.904537 4.100488 7.852594 15.932576 -14.514288
3.800743 -0.572041 11.239317 -6.705671 -6.082149 -16.006821 4.911293 11.745018 17.521889 5.335290 -10.825109 -6.023847 22.572760 -11.505257 7.909254 1.358463 5.950521 14.318048 -4.000262 -3.278809 -15.161286 0.266063 22.146795 9.231573 -18.627190 -9.412473 6.570095 8.666666 12.963318 -13.505854
2.191398 4.225186 15.960711 -1.511657 -8.237310 -10.196671 8.690139 9.668447 17.574286 7.184613 -15.839238 -9.044787 21.476929 -11.395230 6.358607 5.941031 4.692109 8.974732 -5.162082 -4.915035 -12.735202 9.778586 26.485941 15.013722 -16.667049 -6.153614 10.445062 11.126991 2.948720 -12.108814
-4.810429 9.886965 15.173443 6.336292 -14.516712 -4.013136 7.878342 8.446741 13.959414 13.928345 -23.873072 -18.808506 16.948454 -6.558506 5.751167 12.080506 5.069541 -1.225465 -2.400311 -7.383872 -6.097757 13.773728 23.837862 26.197596 -16.103226 -2.293108 16.534599 14.105001 -13.011318 -10.393918
-8.256008 14.804041 8.188682 13.949146 -22.075212 -1.523691 1.511349 6.932434 9.491480 19.124458 -25.679510 -23.573826 4.876411 -5.303410 6.851628 7.824519 7.780501 -7.193422 -4.186895 -10.675839 -2.445742 6.282129 12.873341 26.701941 -13.272425 -8.505476 19.257793 19.645454 -24.327885 0.022363
-14.468740 19.420572 -4.253603 13.616602 -25.811747 -1.121186 -3.273820 8.546080 7.143692 18.803434 -24.504457 -26.485641 -6.202850 0.344327 9.155201 -1.196369 12.722224 -8.916768 -8.624096 -7.160927 8.304012 -4.885537 -3.185241 18.086035 -8.429658 -8.099717 25.293392 28.104412 -19.408077 9.202986
-28.599667 18.365774 -23.112400 7.398001 -19.035105 7.467464 -1.495796 5.925099 14.478300 17.322706 -15.276260 -25.794245 -11.002085 11.394402 15.252414 -5.679559 9.163809 -7.041189 -19.593164 2.365111 10.421086 -17.118364 -16.245506 6.513421 -5.137277 -14.833887 22.585793 34.094734 -17.684517 16.458273
-37.388706 12.676016 -25.018368 3.084970 -9.590342 18.440458 3.940983 -2.553609 23.658850 13.038153 -1.947581 -23.001677 -13.065305 22.700863 22.509083 3.250041 0.509921 -0.441053 -24.722292 5.378766 4.644682 -21.168407 -18.139996 -10.246076 -5.203374 -20.988708 14.902038 31.565002 -27.600311 15.652559
-40.710995 6.025071 -18.910286 -0.557548 -6.331003 24.790476 -0.620425 -15.188198 27.568092 7.180680 6.601119 -16.621609 -16.406309 24.696196 26.342453 10.778230 -0.007079 -0.092294 -24.218561 2.073193 8.439702 -15.429816 -15.435515 -24.760355 -7.234036 -21.678432 14.081513 27.862934 -25.010344 14.183891
-37.566612 3.439939 -13.894663 0.552616 -7.216168 25.595606 -4.982174 -21.573551 27.001040 4.614038 6.404095 -10.449117 -20.395761 26.870279 29.172184 15.036981 -3.380821 3.575030 -24.365892 -0.887809 11.377618 -8.549434 -10.082479 -28.369684 -8.882699 -19.065990 15.441426 23.762371 -26.042433 12.260493
-37.250397 3.316084 -13.514835 0.082164 -7.251244 25.500353 -5.328909 -21.924234 27.000874 3.835165 6.001982 -9.685406 -20.609577 27.167149 29.244694 15.415606 -3.669601 4.047833 -24.444685 -1.053881 11.288177 -8.151414 -9.398652 -28.308025 -9.453269 -18.194511 15.838656 22.767958 -26.077667 11.670923
-37.516975 4.559094 -14.546126 -0.878715 -6.938097 25.956894 -4.594450 -21.331421 27.133163 4.316744 6.850376 -10.856390 -20.557707 25.859459 28.780083 14.558862 -3.114502 2.996590 -25.062737 -0.758090 11.088689 -11.496024 -10.286160 -27.382544 -9.066564 -19.416180 15.289044 23.026937 -26.534624 12.183097
-37.550411 6.584044 -16.329002 -2.451958 -6.597655 26.508663 -3.564591 -20.326107 27.423767 4.396735 6.814543 -13.115019 -19.685930 24.468983 27.346491 12.962279 -2.483094 1.941602 -25.818636 0.135803 9.658813 -16.491610 -11.475616 -25.928419 -8.689327 -20.943884 14.505424 23.379648 -26.155390 12.998222
-37.007076 9.598375 -18.810394 -3.672479 -6.332011 26.663952 -1.512856 -17.821339 27.512835 4.846746 7.710275 -15.804019 -18.978592 22.030363 26.758261 10.319236 -1.672889 -0.297826 -26.919512 1.795375 7.785219 -21.241821 -12.314716 -23.933897 -7.939641 -20.458549 14.464079 24.040031 -25.456442 12.770945
-34.272243 13.438396 -20.682964 -4.073729 -7.109944 26.061861 -0.299011 -15.579464 26.537004 4.955575 6.915015 -17.506481 -18.120327 20.053223 26.009686 7.849759 -2.015120 -0.902837 -28.172510 3.427241 4.830748 -25.613768 -11.937344 -20.159933 -7.138617 -19.154203 14.534668 24.344540 -25.693413 12.235080
-31.404982 16.487085 -22.059393 -3.990493 -8.571339 24.341520 -0.256772 -13.220074 24.987490 4.730224 5.535575 -19.395809 -18.212215 18.470148 24.958565 5.583553 -2.392546 -1.347363 -28.899799 3.460569 3.100202 -28.830240 -11.830068 -16.117582 -6.855346 -18.303104 14.490333 23.929405 -27.204241 12.026612
-30.510941 19.010948 -23.046227 -3.660930 -9.868692 23.849154 -0.090727 -11.900311 24.384840 4.479133 4.931168 -21.262760 -19.097672 16.627323 24.630693 3.623754 -3.130679 -1.465222 -28.774496 2.952790 2.756851 -31.078638 -11.880888 -12.376011 -6.131672 -17.429291 14.720519 24.265888 -29.200928 11.737297
-28.762339 20.930559 -22.823853 -3.276850 -11.417261 23.032351 -0.762715 -11.192045 22.978601 4.490742 3.166188 -22.038015 -19.897541 15.330868 24.073851 2.658685 -3.620224 -1.842421 -28.919561 2.221798 1.869054 -31.469090 -11.693516 -10.194763 -5.567388 -16.517616 15.373158 25.385223 -29.789209 11.638094
-28.337702 22.036654 -22.740726 -2.977279 -12.525282 22.640877 -1.380707 -10.936003 22.226721 4.162577 2.106254 -22.493864 -20.457333 14.900598 23.693470 1.775306 -3.828086 -1.909858 -29.072971 1.813428 1.896213 -31.785110 -11.683538 -8.732853 -5.279959 -16.178438 15.858623 25.995352 -29.552870 11.748522
-27.533041 22.610510 -22.734756 -2.852083 -13.058563 22.272268 -1.783702 -10.769312 21.748672 4.193673 1.267415 -22.613224 -20.746468 14.551807 23.316286 1.421553 -3.447831 -2.176332 -29.130651 1.485610 1.783962 -31.467102 -11.947642 -8.154661 -5.179860 -16.024021 16.181528 26.640362 -28.945837 11.880165
-27.109837 22.871656 -22.668324 -2.597948 -13.273672 22.096889 -1.854375 -10.646254 21.517637 4.394497 1.016708 -22.741383 -20.677231 14.206226 23.180458 1.288571 -3.335184 -2.352176 -28.955866 1.393972 1.708563 -31.594881 -11.845299 -7.779281 -5.078509 -15.724426 16.395515 26.767487 -28.646957 11.812157
-25.671980 23.919868 -22.835405 -1.082587 -14.450411 20.983845 -2.265733 -9.690403 20.451832 5.348963 -1.692518 -23.717550 -19.965656 13.538565 22.361839 0.235617 -2.087327 -3.682402 -27.263132 0.710176 2.258840 -32.114113 -10.319371 -6.162196 -3.980785 -15.540703 17.148899 26.761082 -27.177082 13.471246
-21.798201 24.723730 -23.252748 3.024390 -16.940262 17.796610 -3.321330 -7.275182 18.501974 7.068531 -6.110905 -25.047354 -17.950962 11.009433 20.669668 -1.915482 0.977747 -5.653974 -24.013651 -0.201545 3.115474 -31.258110 -7.674862 -2.781698 -2.325426 -14.672809 20.006687 27.618488 -20.605455 17.743557
-19.937059 24.886316 -20.487385 9.841604 -21.782240 11.536985 -4.834398 -2.433801 14.752783 8.206842 -12.948330 -25.018095 -15.418424 6.447901 18.627319 -4.565170 4.531006 -9.717960 -19.287371 -2.439355 3.947302 -24.269466 -5.922616 -3.336203 0.858468 -14.505345 24.742392 33.397530 -10.856205 25.517475
-17.726046 24.074594 -12.018745 19.011366 -27.711699 3.617227 -4.942553 3.799467 9.920048 10.655608 -18.320959 -26.312319 -12.865124 0.913765 16.440556 -3.629646 7.700271 -13.464091 -13.100273 -6.147034 5.024374 -12.614182 -2.691775 1.323223 1.317424 -14.542457 26.463589 35.603962 -11.463683 27.351601
-14.898207 20.148684 -2.917145 21.403545 -26.535503 -0.915506 -0.151556 8.567369 9.963017 13.461412 -20.743002 -28.651760 -7.256101 -3.399045 11.421871 1.038456 9.349929 -10.376343 -6.285466 -10.752494 -2.916777 -2.325335 3.300227 6.477822 -1.121330 -15.929062 22.548212 35.970230 -19.713427 20.799314
-7.044974 18.381161 5.647638 18.051125 -23.396963 -1.070419 2.648386 6.773088 12.031207 10.749698 -21.013615 -26.699415 -1.448189 -9.041965 10.358402 6.013590 5.661817 -8.323913 -4.446931 -11.359332 -8.590291 7.079734 9.581501 11.973618 -2.720397 -17.060184 17.790482 35.855560 -20.379992 15.138418
0.692811 16.595724 10.416301 9.462687 -17.680014 -2.659981 5.501593 6.836278 14.009298 9.225324 -25.585167 -21.309420 9.010794 -9.125929 3.319161 6.488795 6.347016 0.923908 -6.323656 -7.981021 -6.803243 11.012584 18.415081 21.971823 -6.566573 -7.789011 17.077202 26.548742 -14.506875 1.960030
7.611597 13.515625 13.970987 4.953281 -12.742088 -6.845359 8.204848 8.336460 14.714638 9.476460 -22.814589 -16.662693 13.497569 -10.112633 8.786966 2.945101 0.727299 6.629799 -2.426942 -8.560193 -9.689275 16.016088 19.573591 26.279163 -12.163283 -5.692866 12.872444 23.645142 -3.021067 -9.937027
13.286488 7.753586 11.596275 1.725011 -8.489521 -14.408892 6.255040 10.372857 15.235127 9.592153 -19.416698 -10.669885 16.773703 -10.844046 11.076101 -3.518460 -0.595828 12.869580 -1.331713 -8.379994 -17.060110 7.545725 19.715769 21.663389 -15.513723 -9.413668 7.389825 18.502405 17.292253 -11.279156
11.807529 -0.520114 6.436922 -7.205025 -4.868703 -22.149996 1.154754 13.520393 15.273673 7.384829 -11.208817 -4.721584 19.473362 -9.793303 10.753057 -10.149102 4.301177 18.306572 -2.977318 -5.240796 -20.772512 -7.393081 15.916565 10.352108 -18.824343 -12.260954 2.201832 11.748099 25.746920 -13.180031
8.007545 -8.595146 4.381708 -11.560003 -2.638568 -24.229338 -3.957586 11.127810 16.276184 4.478135 -4.794148 0.160919 17.854370 -5.815091 12.225322 -10.036094 8.373402 17.483236 -2.531099 -7.483099 -16.346010 -14.550599 18.204462 -1.050750 -20.616905 -12.526814 0.899475 3.682029 27.401808 -14.320103
5.030937 -12.610493 2.865598 -15.128414 -1.332515 -24.307322 -6.201984 9.078871 16.482210 3.914685 -3.655876 3.507788 15.766924 -2.021113 13.801444 -7.753103 7.129948 17.623156 -1.601780 -10.519565 -9.020886 -12.498186 11.918385 -8.195450 -22.265980 -11.151933 1.540419 2.958673 30.002264 -14.209423
3.653225 -15.744115 1.216603 -16.136692 -1.606136 -25.107492 -10.175500 6.430471 16.375854 2.696056 -1.429435 4.670679 13.537638 1.098386 15.264247 -7.030370 7.340430 17.154593 -0.947836 -13.267817 -2.329914 -5.323371 7.944422 -16.077400 -24.455215 -8.169849 3.671426 4.112032 30.287117 -16.684649
3.360609 -18.577654 2.737905 -13.898676 -2.861420 -25.130396 -14.374167 2.452156 15.267761 1.958397 -3.192641 7.351885 9.920225 4.393449 17.046894 -4.986696 7.966071 15.401399 0.466202 -16.087561 -1.030228 -3.815411 4.582130 -19.930422 -27.901142 -13.760833 -0.204373 1.521254 26.062294 -16.419394
-0.060067 -21.013443 7.639684 -12.502197 -2.774876 -22.566105 -14.161733 -0.773224 15.972139 0.936542 0.981642 9.968026 9.306458 6.194282 17.164078 -1.294538 11.146216 12.137118 0.379161 -17.071695 1.644614 2.587109 6.735276 -20.414221 -29.645794 -15.394529 0.328961 -1.045610 15.053669 -16.031002
-4.328941 -21.431894 11.505551 -12.311324 -3.534519 -20.322031 -14.155108 -2.595618 15.819931 0.264326 2.724598 10.571772 8.505529 6.673311 17.040157 0.608847 14.173625 9.472185 1.025522 -16.851177 3.111397 5.660544 10.544682 -16.184507 -29.042898 -15.991947 1.926633 -2.929669 5.810048 -14.616928
-8.246233 -21.162737 13.500751 -12.325418 -4.743884 -18.208742 -15.082191 -4.289351 15.359852 0.008284 3.252927 11.585667 7.289242 7.148482 16.109747 3.819721 16.971231 6.589351 0.336261 -16.718172 1.951942 10.590398 14.619951 -12.107372 -29.675995 -18.107243 1.706062 -5.524616 0.480127 -12.779819
-9.863256 -20.770752 15.019318 -10.914683 -6.038019 -16.336391 -16.633617 -6.551310 14.410034 1.393319 5.508955 10.869678 6.984387 7.334512 15.056336 4.390386 19.917582 4.029325 -0.473138 -16.057276 1.494149 12.797568 14.367228 -9.530701 -30.137352 -19.974453 1.703586 -5.364326 -3.967038 -11.803661
-10.023806 -20.021889 15.637033 -9.838613 -6.793340 -15.376095 -17.117046 -7.465657 13.927588 2.171737 6.693373 9.999270 7.239365 6.897543 14.501195 4.299380 21.350756 3.121686 -0.877386 -15.416060 1.605554 11.585359 12.214855 -8.689249 -30.173012 -21.109673 1.603621 -4.350944 -5.016963 -11.388686
