4.602218 -3.654357 11.348355 -3.998584 -17.461767 -8.388308 -30.091389 -17.741444 6.642891 2.812250 -0.958657 10.910286 -11.619312 -2.366258 12.603530 -0.693271 20.818144 -1.887819 -12.344944 -19.435112 -13.808917 -7.105200 33.054890 -12.136541 -14.649238 -12.089397 13.508680 -5.379958 8.924361 10.323082
4.483146 -3.236419 11.572515 -4.307628 -17.117838 -8.180258 -29.319685 -17.455093 6.886612 3.030624 -0.245438 10.491237 -10.915389 -2.746617 12.309755 -0.247974 21.122389 -1.913165 -12.543767 -18.771847 -13.665768 -7.988495 31.589773 -12.062194 -14.658066 -12.847915 13.164972 -4.668909 9.033385 10.497141
3.828703 -2.687809 12.427120 -4.954545 -16.421556 -7.669106 -27.768339 -17.061905 7.421422 3.310523 0.267090 9.813563 -10.067411 -3.301189 11.769543 0.216177 21.570475 -2.212689 -12.985937 -17.622950 -13.219827 -9.673728 29.431854 -11.961590 -14.770540 -13.888071 12.886877 -3.797532 8.967647 10.857960
3.380015 -2.185328 13.161686 -5.754130 -15.530798 -7.440711 -25.962357 -16.302116 7.954722 3.599259 1.421802 8.927070 -8.819459 -4.064443 11.220234 0.729615 22.165483 -2.532748 -13.866960 -15.635773 -12.889499 -11.718528 26.591236 -11.460018 -14.829524 -15.205246 12.478625 -2.631740 8.561729 11.416897
2.494210 -1.915885 14.400569 -6.536264 -14.582350 -6.664583 -24.088346 -16.115154 8.740572 4.119808 2.582062 8.106607 -7.391407 -4.946150 10.799253 0.999910 22.868860 -3.076226 -14.862482 -13.448915 -12.699893 -12.569477 24.196815 -11.146516 -15.324200 -16.677372 12.071589 -1.738665 7.397690 11.849182
1.785864 -1.547009 15.324109 -7.317758 -13.829937 -6.189196 -22.433661 -15.661453 9.355940 4.407146 3.753745 7.605409 -6.060895 -5.839777 10.705365 0.879838 23.025764 -3.210567 -16.295362 -11.166375 -11.857802 -14.176942 21.283436 -10.923491 -15.655012 -18.473980 11.579111 -0.698466 6.396633 12.457709
1.676631 -1.250483 15.666101 -7.966356 -13.080669 -6.082234 -20.854012 -14.910673 10.148312 4.285789 4.418156 6.794219 -4.788622 -6.880641 10.801676 0.935434 22.609781 -2.465075 -16.677382 -9.552550 -11.024263 -15.298515 18.639576 -10.551408 -15.775686 -20.205877 10.972711 0.656161 5.283144 12.703485
1.644813 -0.955290 16.318169 -8.315161 -12.337302 -5.741642 -19.298401 -14.457542 10.773582 4.249128 4.705611 6.328650 -4.015501 -7.479304 11.114469 0.777076 22.496859 -2.363297 -16.939253 -8.227304 -10.386914 -15.282277 16.556822 -9.885044 -15.937491 -21.350658 10.846747 1.709091 4.328440 13.134088
1.246116 -0.920676 17.052177 -8.779104 -11.843971 -5.675552 -18.244280 -14.070673 11.151098 3.955230 4.944401 6.120914 -3.461615 -7.854139 11.216205 0.848880 22.401083 -2.126307 -17.319632 -7.349208 -10.288161 -15.288610 15.273927 -9.231874 -16.025379 -22.041794 10.773943 2.427067 3.265040 13.328100
1.443690 -0.759857 16.852924 -8.828039 -11.411947 -5.405721 -17.662649 -13.971680 11.440826 4.172926 4.788326 6.020916 -3.696202 -7.702578 11.343228 0.596490 22.289137 -1.960030 -17.427130 -7.122991 -10.413591 -14.694263 14.652861 -8.944956 -16.214943 -22.242973 10.822349 2.798047 2.792009 13.364058
0.844549 -0.745695 17.231516 -9.038634 -11.519512 -5.348926 -17.674500 -14.012606 11.376518 3.979311 5.230491 5.795449 -3.248552 -7.943724 11.252940 0.834415 22.248709 -1.825488 -17.502674 -6.797294 -10.322978 -14.292034 14.457819 -8.892893 -16.329922 -22.227230 10.975322 2.850140 2.505129 13.409497
-1.396169 -1.049931 17.623243 -10.486828 -10.614906 -4.979556 -16.276066 -13.434022 12.376099 2.619212 7.890317 4.992731 -1.146263 -8.667299 10.967419 1.884783 22.065758 -2.034843 -18.047461 -5.311599 -8.340506 -12.768752 13.155787 -8.807131 -16.535027 -21.586323 12.879235 3.388407 -0.604549 14.065387
-4.289232 -2.755780 17.717682 -12.878635 -7.995419 -3.781605 -13.513143 -12.996785 15.165298 0.606016 11.258273 4.187499 2.085516 -9.724237 10.527284 4.575573 20.620878 -1.481189 -18.658178 -2.992954 -2.702541 -5.829818 11.471785 -9.977256 -16.803823 -18.620714 16.591599 4.826830 -7.094216 12.886177
-6.109572 -5.783405 19.940220 -15.689495 -4.729244 -4.134832 -8.955345 -10.697802 18.787237 -2.732661 13.726062 5.230449 7.206378 -10.591618 11.512619 10.101602 17.052620 1.516622 -17.062782 -1.763686 4.183629 -4.228724 13.549442 -17.526888 -17.370604 -18.043123 16.407808 0.067733 -12.103196 11.654556
-5.703958 -10.782972 20.010897 -19.816759 0.516146 -3.451007 -4.601128 -10.054060 22.896032 -3.661943 16.174818 7.030605 10.232437 -10.494321 12.477252 14.097367 12.487996 4.769699 -15.041014 -4.017133 9.500916 6.758637 14.592601 -21.534508 -18.873676 -14.428142 18.876768 -0.118718 -6.635631 9.509023
2.403360 -16.336691 16.147099 -19.675514 5.545438 -2.885082 -3.911271 -13.020196 25.200649 0.668171 17.075750 8.605173 10.969984 -7.236511 16.864578 13.020399 4.738985 10.267827 -12.999044 -6.878763 9.575960 10.640742 13.415812 -23.240007 -20.767504 -19.612686 13.610301 -1.413392 2.244776 10.465586
8.253527 -18.665218 7.204417 -20.186655 5.765860 -7.373597 -9.492682 -13.084558 24.156546 0.994616 13.451677 10.631454 5.770802 -1.875379 20.637089 6.593490 0.528175 13.242887 -12.143938 -11.254019 9.539875 11.161712 11.608984 -23.213673 -18.792679 -18.895409 11.067988 4.846912 16.574400 7.752591
10.602989 -18.423349 -1.741601 -21.482841 4.915585 -11.716469 -15.513780 -12.316006 22.187056 0.750579 7.473506 11.823402 -0.130528 2.009541 22.232555 0.942918 -2.204673 16.155207 -13.283689 -13.981308 10.157401 12.478580 6.082413 -26.449095 -17.654985 -21.086937 5.331439 12.146021 24.168200 1.626545
11.346663 -17.960117 -8.094761 -21.624046 3.636845 -13.306007 -20.879246 -13.148360 20.726000 0.984497 6.861062 10.422618 -4.141757 3.863391 21.901239 -4.202236 -1.288035 16.857786 -15.905453 -13.901689 11.473462 14.294348 0.569092 -32.584015 -18.583982 -22.221203 2.083356 15.555759 23.632586 -3.561836
12.372560 -16.635313 -11.409332 -20.205868 2.225366 -13.570482 -23.426533 -13.455942 19.674070 1.348339 6.740270 8.319416 -5.638613 3.885134 21.229927 -6.838433 -0.678210 17.715122 -16.205458 -14.152396 13.124740 8.749915 -7.152618 -33.333576 -18.156513 -23.128094 2.504175 19.047337 23.123041 -2.939775
12.397822 -16.432882 -11.797703 -19.998699 2.059009 -13.473487 -23.680349 -13.536042 19.583628 1.451332 6.891856 8.116943 -5.851835 3.910553 21.157230 -7.028334 -0.437366 17.560282 -16.231119 -14.134552 13.795903 8.120403 -7.905766 -33.532112 -17.937237 -22.983742 2.856371 19.555334 22.745798 -2.855800
11.798948 -16.803896 -11.124572 -19.956448 2.023052 -13.023295 -23.932768 -14.219893 19.506144 1.626846 7.138340 8.395568 -5.849511 4.065042 21.211435 -6.711365 -0.286296 17.396076 -16.161322 -14.335559 13.942736 8.699996 -7.296428 -33.688889 -18.092957 -23.020254 2.820304 19.104626 22.549341 -2.857244
11.249230 -17.204054 -10.260290 -20.200333 2.259681 -12.615517 -23.566706 -14.539102 19.742083 1.659497 8.069695 8.749022 -5.614799 4.120102 20.982403 -5.765600 0.419242 16.762518 -16.440212 -14.031342 14.420269 9.504481 -6.014179 -33.961647 -18.149807 -22.831881 2.920535 18.296135 21.942024 -2.915968
10.140915 -17.850969 -8.740652 -20.419949 2.455460 -11.850695 -23.242249 -15.259754 20.019354 1.655855 9.513597 9.068033 -5.162787 4.222646 20.840805 -4.580031 1.188048 15.949962 -16.518379 -13.793286 15.349663 9.807673 -4.676425 -34.223228 -18.009111 -22.533710 3.245229 17.481306 20.918680 -2.853341
8.843018 -18.343616 -6.988326 -20.853333 2.807302 -11.023499 -22.449575 -15.739840 20.395697 1.636875 11.273666 8.981509 -4.512132 3.968095 20.474848 -3.464139 2.066896 15.180316 -16.426323 -13.608595 16.322990 10.263884 -2.602388 -34.542686 -17.877804 -21.891735 3.934810 16.195169 19.633234 -2.654790
7.309064 -18.513083 -5.328038 -21.059887 2.958214 -9.958038 -21.567366 -16.158848 20.728884 1.561503 12.544824 9.291642 -4.067469 4.049216 20.613173 -1.788895 2.460043 14.717172 -15.844395 -13.874915 17.933523 10.551938 -0.457163 -34.769234 -17.670067 -21.350513 4.911926 14.751797 17.947430 -2.156268
5.616715 -18.829275 -3.815264 -21.338739 2.937415 -9.242327 -21.161606 -16.559334 20.874681 1.182246 13.978437 9.598878 -3.627821 4.083655 20.688381 -0.264126 3.085515 13.854505 -15.692796 -13.591602 19.121429 10.953790 1.128984 -34.733170 -17.400997 -20.920364 5.635270 13.981094 16.712587 -1.918104
4.648719 -18.800320 -2.769943 -21.307791 2.927370 -8.492426 -20.650486 -16.843258 21.104580 1.100611 14.752151 9.494267 -3.048464 3.768130 20.651049 0.487782 3.283644 13.667768 -15.627546 -13.150910 19.954397 11.289636 1.840085 -34.410282 -17.224957 -20.375130 6.590221 13.594785 15.828394 -1.424056
4.248145 -18.854856 -2.035106 -21.236061 3.091424 -7.934952 -20.181395 -17.110929 21.315073 1.212371 15.391039 9.555639 -3.106220 3.892524 20.600277 0.927957 3.879029 13.125395 -15.595930 -13.166248 20.399248 11.405409 2.975223 -34.176361 -17.068083 -19.618320 7.542202 12.890266 15.321022 -0.925788
3.775482 -18.834381 -1.458189 -21.115187 3.059384 -7.470835 -20.038038 -17.394783 21.352781 1.287656 16.101271 9.564436 -2.941152 3.944477 20.516880 1.498505 4.378918 12.738864 -15.540246 -13.088074 21.011057 11.441983 3.402070 -34.239597 -16.995064 -19.557018 7.849582 12.518646 14.698821 -0.703604
3.620698 -18.883108 -1.216308 -21.197187 3.117588 -7.435938 -19.852306 -17.346214 21.422548 1.189911 16.236593 9.562707 -2.853961 3.956002 20.515064 1.689434 4.436736 12.641633 -15.542444 -13.005010 20.976723 11.466535 3.577981 -34.215359 -16.982515 -19.441902 7.944206 12.426065 14.592113 -0.677619
2.963592 -18.894053 -0.673776 -21.108105 3.077174 -6.847929 -19.764923 -17.762867 21.458433 1.289223 16.864576 9.549005 -2.729334 3.925591 20.300276 2.129256 5.068191 12.077545 -15.774601 -12.675500 21.069475 11.905780 4.199513 -34.059361 -17.006645 -19.412243 8.142907 12.000540 13.948153 -0.498306
1.998111 -18.949633 0.323081 -21.111126 3.149871 -6.103186 -19.196911 -18.069016 21.735405 1.141338 17.725069 9.617837 -2.467108 4.023328 20.122200 2.936027 5.729605 11.193282 -16.196663 -12.079566 21.237213 12.445587 4.846449 -33.750732 -16.935577 -19.360775 8.451805 11.653708 12.660598 -0.291879
0.689531 -18.920824 1.394349 -21.178555 3.243752 -5.123184 -18.571255 -18.476519 22.064453 1.037667 18.561888 9.772929 -2.092201 4.074767 19.787773 4.322459 6.405597 10.114276 -16.929304 -11.230222 21.462002 12.909617 5.505212 -33.389107 -16.974958 -19.124250 9.107556 10.949700 11.181172 0.203754
-0.195644 -18.710321 2.225579 -21.026030 3.522875 -3.971873 -17.677658 -18.867622 22.513155 1.207955 18.899372 9.803726 -1.641104 4.038630 19.696308 5.157426 6.524233 9.313462 -17.626471 -10.331433 21.986538 13.365670 6.982875 -33.017586 -16.909569 -18.600025 10.009959 9.673083 9.806535 0.927143
-1.895490 -18.384010 3.243382 -21.077131 3.623565 -2.766118 -16.748798 -19.120548 22.934507 0.917247 19.347631 9.426443 -1.050100 4.090835 19.436390 5.455153 6.810110 8.419338 -18.512022 -9.071765 23.340586 13.627787 8.869305 -32.400146 -16.363655 -18.154312 11.008183 8.554832 7.686226 1.542645
-3.368602 -17.995104 3.643006 -21.484251 3.848683 -2.006044 -15.939158 -19.042643 23.338018 0.620949 19.835819 9.176774 -0.511764 3.916811 19.038967 6.146106 7.052399 7.784670 -19.253515 -8.204284 24.723263 14.143237 10.392603 -31.597397 -16.030903 -17.836674 12.145600 7.541139 6.791769 2.374001
-5.630416 -13.590725 21.247911 -15.849056 -6.660348 -8.589034 -17.481430 -14.621745 15.015456 -4.590417 13.986115 10.216453 0.035437 -4.410635 17.337860 9.492792 16.587397 0.099868 -7.175329 -14.819199 -2.450117 8.939500 16.058746 -19.305704 -18.076483 -25.696621 4.094562 5.474870 -4.306606 3.380712
-6.163381 -13.085864 21.170460 -15.776281 -6.937542 -8.487808 -17.460901 -14.467379 14.943311 -4.792909 13.648012 9.829043 0.165331 -4.899449 16.516161 9.840789 16.966696 -0.183532 -7.751271 -14.485480 -3.482554 7.820980 15.632063 -18.695601 -17.909855 -25.428158 4.380644 5.581118 -3.228730 3.849388
-5.967586 -12.571033 20.665659 -15.207644 -7.228068 -8.102240 -17.690161 -14.699575 14.812572 -4.326235 13.543295 9.309031 0.409400 -5.457936 16.050642 9.615504 17.184370 -0.019683 -8.236172 -14.081427 -3.899851 6.424400 15.874484 -18.278530 -17.811249 -24.979939 5.176887 5.018896 -2.241779 4.816415
-5.541115 -11.477848 20.661461 -15.673506 -7.764090 -7.823183 -18.184204 -14.781082 13.860963 -3.207090 13.093817 9.569360 0.671494 -6.160338 15.499701 8.159057 18.068041 -0.440597 -9.772230 -12.730039 -6.635315 5.307247 15.876574 -16.359369 -18.765879 -23.654991 6.276912 4.017384 -2.249984 4.709662
-4.716404 -10.738568 20.196880 -14.658155 -8.551664 -7.650749 -18.964859 -15.077089 13.240459 -2.340230 12.536363 9.189779 0.446526 -6.534870 15.044226 7.525958 18.320456 -0.091118 -10.270109 -12.596894 -7.145149 3.956063 16.863989 -16.038967 -18.420101 -22.735121 6.920787 3.400994 -1.355032 5.195104
-4.385489 -10.199274 20.086452 -14.079051 -9.134952 -7.562872 -19.532669 -15.303095 12.791445 -1.951313 11.755093 9.053966 -0.502518 -6.305378 14.582541 6.861162 18.971807 -0.459424 -10.522668 -12.980039 -7.327716 3.200559 16.955776 -15.802542 -18.371895 -22.472298 7.318552 3.268659 -0.913952 5.535995
-4.162811 -9.850019 20.044575 -13.396873 -9.886249 -7.382446 -20.474564 -15.835316 12.139994 -1.542281 11.225106 9.236658 -1.476527 -5.847741 14.413262 6.497943 19.451738 -0.821260 -10.671068 -13.533334 -7.574088 2.977228 17.676491 -15.395483 -18.247688 -21.830814 7.925761 3.045859 -0.500668 5.797558
-3.770935 -9.607262 19.440557 -12.795145 -10.535789 -7.382843 -21.649977 -16.348642 11.576036 -1.131161 10.685616 9.405069 -2.268984 -5.556815 14.346417 6.264929 19.556040 -1.077892 -10.702793 -13.939880 -7.914693 2.765578 18.712038 -14.982666 -18.199883 -21.199608 8.497909 2.368635 -0.367956 6.105068
-3.419632 -9.543512 19.110817 -12.431442 -11.006300 -7.416222 -22.507401 -16.736633 11.215260 -0.896316 10.411611 9.536988 -2.802216 -5.259705 14.266885 6.176630 19.790796 -1.293269 -10.668034 -14.358103 -8.065530 2.657768 19.605114 -14.717179 -18.079571 -20.770390 8.936416 1.791733 -0.188145 6.494731
-2.955019 -9.675125 18.743807 -12.391867 -10.966985 -7.733795 -22.628536 -16.562122 11.334393 -0.956062 10.484030 9.637122 -2.777545 -5.255211 14.239751 6.238595 19.917002 -1.364249 -10.816578 -14.333529 -8.016025 2.728300 20.181471 -14.488939 -17.966568 -20.431145 9.328417 1.474436 0.018489 6.842391
-2.709281 -9.671167 18.534618 -12.246067 -11.143556 -7.869205 -22.925560 -16.589050 11.229877 -0.950402 10.338674 9.713710 -3.037762 -5.106640 14.247999 6.127199 19.975691 -1.442946 -10.840663 -14.504014 -7.963394 2.948083 20.521402 -14.423222 -17.995224 -20.310818 9.515777 1.249573 0.090601 7.026519
-2.454174 -9.726946 18.317383 -12.190662 -11.179535 -8.055346 -23.053589 -16.508541 11.238811 -0.989273 10.275567 9.829253 -3.207523 -4.988502 14.265691 6.063049 20.057581 -1.444691 -10.880562 -14.678322 -7.932666 3.164933 20.785961 -14.399879 -18.046711 -20.151283 9.669663 1.079576 0.157399 7.103044
-2.396558 -9.677891 18.211773 -12.180682 -11.186075 -8.083007 -23.103939 -16.497925 11.201183 -0.950167 10.281452 9.867825 -3.253691 -4.948907 14.273353 6.043037 20.109835 -1.486400 -10.902941 -14.714843 -7.968839 3.220600 20.867800 -14.434805 -18.020287 -20.080967 9.712846 1.087863 0.139347 7.106393
