-3.624853 -16.053221 16.795109 -11.336298 -10.361412 -18.815069 -21.797756 -7.799456 10.117365 -1.277092 8.761751 8.972705 2.533833 -0.489190 15.770312 0.803442 19.892130 5.156507 -0.623633 -17.964092 -5.691568 3.148958 10.149352 -15.097356 -26.118967 -26.255001 -4.682947 0.993321 -3.486789 -8.600865
-3.527751 -16.115887 16.555664 -11.463725 -10.332733 -19.043200 -21.883528 -7.671207 10.092052 -1.357996 8.471741 8.976815 2.390119 -0.423173 15.794287 0.480633 19.743074 5.298071 -0.632449 -18.045202 -6.028256 2.945334 9.965097 -15.022430 -26.169971 -26.525909 -4.933746 1.087211 -3.189605 -8.580425
-3.276080 -16.112444 16.211555 -11.538651 -10.329057 -19.336248 -21.980011 -7.480379 10.058996 -1.447978 8.087479 8.942857 2.249535 -0.414583 15.818372 0.114873 19.529495 5.506462 -0.640879 -18.135513 -6.436641 2.686415 9.751060 -14.897322 -26.162600 -26.703024 -5.194220 1.313035 -2.838781 -8.668332
-3.237818 -16.118540 15.881577 -11.578082 -10.450021 -19.541674 -22.304445 -7.473783 9.927637 -1.512412 7.851382 8.929953 2.284316 -0.481128 15.814724 -0.022365 19.255117 5.748719 -0.641908 -18.153610 -6.765578 2.402233 9.174544 -14.994724 -26.272121 -27.266983 -5.773801 1.578718 -2.677676 -8.836103
-2.826315 -16.099024 15.309573 -11.692574 -10.442265 -19.905500 -22.557917 -7.299903 9.877138 -1.588435 7.522318 8.860734 2.166647 -0.536199 15.807778 -0.384539 19.000124 6.042802 -0.594962 -18.325338 -7.312032 2.207461 8.833490 -14.810154 -26.395664 -27.852554 -6.358807 1.753060 -2.592238 -8.975884
-2.509391 -16.221952 14.777504 -11.791237 -10.298186 -20.158789 -22.724674 -7.221986 9.876685 -1.534524 7.198833 8.976598 1.731883 -0.409718 15.807695 -0.849678 19.057447 6.038866 -0.632321 -18.622713 -8.278788 1.842001 8.734864 -14.612451 -26.525398 -28.598682 -7.132580 1.756906 -2.604676 -9.049391
-1.926721 -16.154062 14.162078 -11.671777 -10.428505 -20.620123 -23.152540 -7.089643 9.642822 -1.488409 6.778654 8.970896 1.454359 -0.289046 15.801231 -1.388096 18.929768 6.189020 -0.688612 -18.850037 -9.348416 1.179368 7.874774 -14.354069 -26.692638 -29.567478 -8.091574 2.176799 -2.730718 -9.259207
-1.452894 -15.952401 13.497355 -11.566612 -10.536495 -20.875811 -23.403654 -6.939969 9.521028 -1.400406 6.452068 8.792705 1.258804 -0.320963 15.739483 -2.138012 18.715027 6.584397 -0.698147 -19.119680 -10.315068 0.525039 6.995665 -14.019990 -26.882778 -30.391203 -8.795438 2.485934 -2.545183 -9.229578
-0.484332 -15.843442 12.708338 -11.597840 -10.463275 -21.520845 -23.604256 -6.534149 9.438576 -1.379948 5.709707 8.515748 0.999496 -0.396408 15.599336 -2.992262 18.476698 7.042409 -0.710898 -19.280161 -11.176158 0.277207 6.324734 -13.764399 -27.129782 -31.275364 -9.650067 2.770271 -2.476994 -9.401522
0.127192 -15.799931 12.049568 -11.573812 -10.594186 -22.102736 -24.115723 -6.316784 9.184941 -1.383144 5.230327 8.372791 0.796498 -0.442756 15.473035 -3.797110 18.399530 7.274060 -0.886009 -19.285175 -11.810386 0.221018 5.550892 -13.714911 -27.253040 -31.817032 -10.254872 3.337605 -1.722704 -9.603006
0.636486 -15.695812 11.031194 -11.750870 -10.682017 -22.839560 -24.568249 -5.859669 9.039629 -1.647020 4.324935 8.277825 0.438930 -0.525715 15.464637 -4.519972 18.187346 7.482654 -0.914971 -19.318296 -12.430071 -0.016556 4.680675 -13.486155 -27.289459 -32.211826 -10.701972 3.945403 -0.945496 -9.709682
1.161953 -15.454628 10.076742 -11.706348 -10.937955 -23.504028 -25.126770 -5.469725 8.766506 -1.831344 3.056017 8.588862 -0.202931 -0.319784 15.747172 -4.942698 17.807127 7.505380 -0.911952 -19.465513 -12.950419 -0.438488 3.646696 -13.225314 -27.198233 -32.427765 -10.992621 4.734691 -0.403528 -9.838016
1.686384 -15.270066 9.255018 -11.607412 -11.060653 -23.953566 -25.423828 -5.159621 8.645112 -1.926285 2.288874 8.446700 -0.440469 -0.335410 15.816182 -5.699979 17.336870 8.077548 -0.888285 -19.634987 -13.498613 -0.544123 3.070951 -13.297827 -27.288700 -32.801178 -11.505606 5.133615 0.103060 -10.056881
2.212227 -14.941941 8.380640 -11.579972 -11.209418 -24.442541 -25.718990 -4.754955 8.444056 -1.989403 1.516210 8.311454 -0.780361 -0.329456 15.910962 -6.473349 17.029156 8.446710 -0.871853 -19.772566 -13.999928 -0.584843 2.569748 -13.315405 -27.452412 -33.214607 -11.885335 5.428634 0.471533 -10.136654
2.723931 -14.655746 7.571500 -11.652142 -11.225996 -24.942057 -25.794537 -4.241871 8.363380 -2.101237 0.846612 8.149889 -0.844498 -0.405564 15.981982 -6.881393 16.523142 8.854595 -0.899461 -19.747911 -14.375774 -1.020325 2.080533 -13.266346 -27.417173 -33.284081 -12.017360 5.751567 0.805318 -10.193884
2.953443 -14.407461 7.101819 -11.620771 -11.359245 -25.289465 -25.916721 -3.893530 8.220367 -2.235479 0.234678 7.928343 -0.905514 -0.545340 16.080400 -7.435009 16.020220 9.300662 -0.753690 -19.894693 -14.643699 -1.553950 1.466533 -13.217188 -27.296589 -33.308449 -12.173921 6.209553 0.973544 -10.376541
3.144011 -14.186542 6.716977 -11.518032 -11.551292 -25.524809 -26.176228 -3.722592 8.050551 -2.272419 -0.103281 7.924074 -1.001686 -0.590832 16.186283 -7.662062 15.836484 9.416114 -0.671405 -19.966131 -14.935790 -1.846877 1.126302 -13.281133 -27.246887 -33.404778 -12.400065 6.478803 1.171103 -10.525534
3.522243 -14.051538 6.242529 -11.715321 -11.427326 -25.934099 -25.939507 -3.166509 8.158975 -2.498751 -0.056119 7.904429 -1.010111 -0.663274 16.106855 -7.588660 15.958705 9.291850 -0.744802 -19.877939 -15.002932 -2.115692 0.910044 -13.286789 -27.216532 -33.382881 -12.373068 6.596245 1.216802 -10.525154
3.708357 -13.862057 5.966150 -11.663948 -11.490174 -26.084997 -25.931538 -2.938987 8.137136 -2.553382 -0.471087 7.760378 -1.016625 -0.818949 16.159538 -7.813467 15.656518 9.578496 -0.621409 -19.881132 -15.130709 -2.229326 0.686043 -13.196836 -27.185846 -33.414780 -12.464965 6.757363 1.184095 -10.617570
3.730909 -13.799829 5.875101 -11.687061 -11.500517 -26.131571 -25.932602 -2.871528 8.112466 -2.577039 -0.501277 7.702038 -0.989303 -0.859519 16.139265 -7.858909 15.611504 9.643229 -0.609337 -19.889359 -15.147273 -2.325520 0.648084 -13.196129 -27.177149 -33.394165 -12.437769 6.756094 1.207860 -10.593904
3.571005 -14.175773 6.138855 -12.098337 -11.186664 -26.228188 -25.666416 -2.789495 8.340706 -2.772548 -0.430070 7.823037 -0.916358 -0.727623 16.175848 -7.830799 15.542756 9.695971 -0.651105 -19.914246 -15.320683 -1.943402 0.935185 -13.163527 -27.250372 -33.379364 -12.518542 6.693897 1.792027 -10.625127
2.955114 -14.967225 6.699135 -13.204117 -10.430305 -26.405699 -24.929642 -2.465042 8.980120 -3.413265 -1.007250 8.301127 -0.738557 -0.550379 16.474983 -7.368174 14.650439 10.205190 -0.526780 -19.987555 -15.426152 -0.129765 2.155540 -13.298229 -27.547829 -33.305756 -12.682725 6.167497 2.413312 -10.784067
1.390132 -16.120005 8.167540 -14.677925 -9.175693 -25.961283 -23.284718 -2.253521 10.013468 -4.081398 -0.616464 9.816192 -0.237873 -0.015926 16.948360 -4.868064 14.152112 9.884677 -0.430940 -20.146143 -15.506100 3.013863 6.211128 -13.751809 -27.994223 -32.361084 -12.290744 3.833376 3.616798 -10.638154
-0.286537 -17.073389 9.539301 -16.215862 -7.749968 -25.387043 -20.907059 -1.585657 11.508533 -5.254493 -0.700277 10.816722 1.125977 -0.120671 17.563251 -2.041010 12.501907 10.705905 -0.034779 -19.901688 -15.127298 2.832169 9.737495 -14.611778 -27.657833 -29.517504 -10.529730 1.572547 4.350563 -10.454453
-1.138221 -17.308153 12.221754 -16.374912 -6.646350 -23.924414 -17.703243 -1.276268 12.925261 -5.505662 0.983988 11.073955 3.036666 -0.612661 17.984188 0.785640 11.919140 10.211136 0.208565 -18.937391 -9.744189 1.666392 12.772292 -17.136875 -26.147837 -22.953175 -4.896416 -0.219010 7.132153 -9.492961
-2.054116 -17.577929 15.605034 -15.412043 -5.977821 -21.352034 -15.149567 -2.352130 14.125995 -4.940360 4.699332 10.481209 5.455256 -1.133680 17.900932 3.448998 12.289685 9.273225 0.166443 -17.637125 -6.799626 1.933463 16.187382 -16.845512 -25.789284 -21.527950 -2.174806 -3.106249 4.404634 -7.496244
-2.913843 -17.286261 18.233957 -13.771567 -5.198126 -17.973429 -12.775936 -4.091497 15.356198 -3.529370 7.165580 9.572378 7.267215 -1.309605 17.001446 7.238461 12.526852 8.967326 -0.391780 -16.380323 -3.102859 2.002903 20.325518 -16.971933 -25.443611 -19.311813 1.590922 -7.096599 1.091125 -4.744969
-1.754532 -17.030970 19.686993 -9.111897 -3.086760 -12.192715 -8.967077 -7.448844 18.719427 -0.833718 7.721726 8.524054 8.862355 -1.731090 16.917042 13.866717 11.180403 9.327340 -1.146740 -13.994716 2.869658 -0.448708 22.090300 -18.898623 -24.509689 -16.708071 5.316811 -9.798554 -0.611321 -2.872791
-1.124438 -16.723255 19.620893 -6.008840 0.778023 -5.092593 -3.706880 -10.908535 23.820452 2.485150 9.358243 7.421233 11.400092 -1.587490 15.687289 18.799223 9.455887 10.530213 -5.926882 -8.474268 6.080252 -3.983011 22.610125 -21.326891 -23.320736 -14.361993 7.743703 -10.933428 -5.632143 -2.784304
-1.529533 -15.238173 18.406582 -5.169365 3.263404 -0.610553 -0.066691 -12.156235 26.898142 4.658214 10.127839 6.889212 13.218074 -0.847238 14.171847 20.859335 8.973684 10.034614 -11.905872 -2.575308 6.153304 -4.238403 21.112974 -20.477741 -23.297508 -10.712410 12.256676 -9.421284 -6.883660 -2.010935
-3.544221 -13.232000 15.996906 -5.528342 3.719953 1.609203 0.868315 -12.085249 28.202635 4.921331 9.728163 5.914108 13.295791 -1.164917 12.441418 19.582426 10.168376 8.671618 -16.028307 0.765257 8.622375 -4.272836 19.870066 -19.045538 -23.117046 -8.549772 16.329403 -9.131155 -7.086662 0.409442
-5.792650 -11.506027 12.914830 -6.485651 2.956352 2.035177 -0.616318 -11.847473 27.703592 5.030156 9.668402 5.001738 12.278257 -1.032894 11.009829 16.154011 12.398891 7.757660 -18.947470 2.182573 9.689794 -7.076120 17.490355 -17.419144 -22.784714 -6.674278 19.556065 -8.366732 -8.091388 2.169253
-6.562679 -9.937325 10.030849 -6.888775 1.229786 1.504231 -3.996075 -12.287920 25.559189 6.119020 8.724756 4.548830 10.321071 -0.464527 9.479102 11.302497 14.616128 6.548086 -21.734818 3.230566 9.439839 -6.316705 13.390299 -13.626500 -23.077408 -5.435749 22.498196 -5.457191 -7.528316 3.805091
-6.661263 -8.793799 7.378543 -6.485726 -1.041246 1.265788 -8.234399 -13.696787 22.893595 7.596501 8.085029 4.345390 7.612498 0.422848 8.341935 6.193932 17.752825 4.288587 -23.301203 2.849531 10.530752 -5.465445 10.285919 -10.888288 -22.211098 -3.249858 25.489302 -1.347759 -4.939606 4.616406
-5.448248 -7.508287 6.256934 -5.494398 -2.829865 1.029564 -10.714872 -14.517931 20.854712 9.352579 7.382334 4.403951 5.273010 1.593280 7.863656 2.720471 18.908255 3.322665 -23.975115 1.462753 10.112017 -8.900636 9.633210 -7.959049 -20.957951 -4.180923 25.483456 -0.200081 1.180441 6.513189
-3.796819 -7.573567 5.350832 -5.454218 -3.259827 0.519024 -12.061625 -14.941053 20.179518 10.580650 6.511376 4.665335 4.274204 1.983689 8.252847 0.958644 19.093063 3.400182 -23.487844 0.020732 8.175820 -12.741420 9.574692 -6.871404 -20.392456 -5.559820 23.838020 -0.450092 5.201751 7.312392
-1.551098 -6.567086 4.556317 -3.948492 -4.362611 0.313718 -13.178258 -15.232424 19.152313 11.833342 5.325646 5.111750 2.731546 2.655451 8.206120 0.010720 19.333580 3.805920 -23.474421 -1.478520 6.332719 -17.583261 10.533908 -6.930304 -19.835144 -6.064572 22.928991 -1.542540 9.543351 8.230235
0.017015 -6.542748 3.676357 -3.323998 -4.483788 0.266832 -13.778496 -15.563530 18.939058 12.724169 4.237824 5.288026 1.588560 2.944975 8.236115 -0.141038 19.157648 4.726663 -22.770025 -3.185407 5.426827 -19.446751 10.450070 -6.966681 -19.609383 -6.381488 22.275850 -1.772354 11.950244 8.525303
0.891132 -6.379839 3.437407 -2.678636 -4.816025 0.374301 -14.366078 -16.000000 18.569931 13.508184 3.118050 5.482888 0.178027 3.371050 8.065627 -0.433985 19.261799 4.856243 -22.163937 -4.574089 5.137062 -20.178923 10.474075 -6.567004 -19.466885 -6.731750 21.881660 -2.136731 13.205258 8.985700
1.181302 -6.325858 3.308267 -2.552974 -4.852588 0.212228 -14.338706 -15.822344 18.528194 13.583474 2.792841 5.638352 -0.265834 3.622431 8.090754 -0.440808 19.146982 5.021692 -22.044924 -5.038127 4.753800 -20.382727 10.676155 -6.566718 -19.437391 -6.680065 21.794586 -2.204845 13.227866 8.922382
1.307807 -6.410654 3.205695 -2.543936 -4.808520 0.159124 -14.403048 -15.842793 18.559893 13.595240 2.661907 5.654407 -0.401468 3.668149 8.058303 -0.457626 19.242601 4.921304 -22.032576 -5.145437 4.657855 -20.378220 10.683605 -6.500178 -19.466904 -6.715022 21.740814 -2.206470 13.296583 8.893435
1.189122 -6.588009 3.204671 -2.610124 -4.828510 0.131912 -14.593125 -15.943113 18.525110 13.614124 2.726364 5.699358 -0.334424 3.680389 7.998269 -0.247715 19.218380 4.924508 -22.061270 -5.285337 4.258202 -20.469358 11.015079 -6.515532 -19.512672 -6.695009 21.619167 -2.368297 13.345070 8.794106
1.247184 -6.629861 3.146310 -2.448156 -4.983006 0.161635 -14.889631 -16.129461 18.418287 13.695392 2.753563 5.740044 -0.271372 3.728863 7.983953 -0.008787 19.195665 4.836855 -22.035883 -5.392648 4.035844 -20.501322 11.189390 -6.508925 -19.568909 -6.786194 21.431774 -2.518734 13.481722 8.716337
1.446842 -6.460299 2.758767 -2.100233 -5.297816 0.195250 -15.387429 -16.310200 18.133833 13.943151 2.630518 5.908270 -0.473890 3.841507 7.948064 0.151209 19.125154 4.922775 -21.773539 -5.770668 3.764364 -20.491014 11.488831 -6.593547 -19.686623 -7.111184 20.996050 -2.918886 13.911532 8.733025
1.614289 -6.642946 2.559850 -1.936950 -5.468523 0.074881 -15.925242 -16.518805 17.963583 14.063096 2.407359 5.999549 -0.917022 4.122983 7.835529 0.173623 19.328993 4.593987 -21.600300 -6.241538 3.303912 -20.247351 12.195347 -6.931165 -19.801506 -6.697011 21.002439 -3.346653 14.297479 8.482691
1.552211 -6.726065 2.278518 -1.740204 -5.965813 -0.145735 -16.820339 -16.734716 17.521690 14.098078 2.102394 6.252348 -1.746926 4.541464 7.707952 0.110403 19.614388 4.477852 -21.184183 -7.234204 2.919931 -20.187654 13.048878 -7.431738 -19.699650 -5.891813 21.170958 -3.460980 14.519791 7.908491
1.817772 -7.033047 1.709925 -1.561523 -6.048996 -0.175571 -17.518045 -17.101479 17.371166 14.260162 1.946495 6.561364 -2.006576 4.685071 7.557868 0.357991 19.439405 4.584243 -21.199184 -7.806665 2.137204 -19.795115 14.239355 -8.191936 -19.713905 -5.130040 21.075897 -3.863397 14.592159 7.100266
1.910370 -7.037547 1.675771 -1.175931 -6.482178 -0.203389 -18.228861 -17.453518 16.905369 14.452463 1.608942 6.888728 -2.732733 5.242841 7.510900 0.447471 19.468908 4.498341 -20.978060 -8.678159 1.433849 -19.654139 15.352871 -8.615730 -19.694881 -4.374929 21.171154 -4.361727 15.000405 6.712836
2.111902 -7.352430 1.366215 -0.926878 -6.731981 -0.247241 -19.036705 -17.858652 16.602810 14.509837 1.572041 7.338996 -3.312158 5.830622 7.272831 0.828124 19.452412 4.395351 -21.075039 -9.540220 1.351391 -19.346384 16.926954 -9.693064 -19.480715 -3.404267 21.365997 -4.934505 15.349193 6.090818
2.576009 -7.633102 0.899462 -0.630711 -6.883085 -0.429540 -19.654753 -18.077068 16.473473 14.435989 1.136701 7.717278 -4.066604 6.494077 7.336941 0.953510 19.343008 4.244404 -20.723787 -10.488866 1.497865 -18.783175 18.726006 -10.669897 -18.996811 -1.943141 21.854897 -5.085984 15.584971 5.198856
3.022041 -7.764095 0.358913 -0.196962 -7.193311 -0.528919 -20.405113 -18.370338 16.250891 14.403608 0.374213 8.065955 -4.786906 7.049685 7.447630 0.746904 18.904345 4.626134 -20.664778 -11.248386 0.633355 -18.859245 20.093876 -11.119318 -18.856091 -1.334428 21.753847 -5.792401 15.680711 4.858468
3.432679 -7.898661 -0.122915 0.204566 -7.584982 -0.705603 -21.270054 -18.649216 15.893141 14.347912 -0.051282 8.729981 -5.280059 7.526305 7.908108 0.651455 18.235979 5.066917 -20.697762 -11.874749 0.388709 -18.316322 21.415224 -11.620943 -18.408520 -0.335630 21.750597 -5.904434 15.944598 3.940624
4.050397 -8.068759 -1.043253 0.658231 -7.976020 -1.043316 -22.221466 -18.776421 15.596024 14.180525 -1.030566 9.160331 -6.211514 8.289858 8.131446 0.503753 17.917107 5.116717 -20.564684 -12.674522 -0.257247 -18.160315 23.057535 -12.471970 -18.074997 0.875738 21.770367 -6.381969 16.500645 3.027230
4.170506 -8.277670 -1.162856 1.189782 -8.343616 -0.919835 -22.953270 -19.321045 15.370773 14.138268 -1.473981 9.669725 -6.556586 8.641290 8.383388 0.499536 17.533228 5.347788 -20.445415 -13.321994 -0.781603 -17.581900 25.077463 -13.379780 -17.821232 1.705786 21.447197 -7.191700 16.130545 2.000594
4.510251 -8.631664 -1.671069 1.525764 -8.526801 -0.921713 -23.618866 -19.708405 15.327147 14.085814 -2.122038 9.984015 -7.293900 9.194873 8.530527 0.241492 17.174520 5.574065 -20.278646 -14.265211 -1.738177 -17.035044 26.642546 -13.967539 -17.826941 2.374757 21.166767 -7.903411 16.222223 1.270183
4.833208 -8.780007 -2.025481 1.947625 -8.909628 -1.094096 -24.362255 -19.947239 14.998281 14.047846 -2.848133 10.414029 -8.012662 9.732143 8.818082 0.027234 16.777260 5.782345 -19.882080 -15.219138 -2.321489 -16.380857 27.739302 -14.331966 -17.822948 2.811769 20.901634 -8.454609 16.331203 0.759694
5.058307 -9.055159 -2.298844 2.284703 -9.117373 -1.211045 -24.889320 -20.156410 14.826991 13.933255 -3.179284 10.751313 -8.393702 10.047775 9.050104 -0.039018 16.434446 5.998731 -19.671377 -15.777948 -2.562606 -15.708846 28.441431 -14.462620 -17.876804 2.917919 20.677597 -8.929182 16.240088 0.568646
5.296004 -9.271278 -2.527603 2.600986 -9.243945 -1.187667 -25.302521 -20.446445 14.766911 13.955536 -3.782014 11.047583 -8.970788 10.470421 9.207737 -0.205541 16.192514 6.058857 -19.414900 -16.396242 -2.873855 -15.169385 29.087755 -14.548682 -18.040869 3.060053 20.628414 -9.402298 16.187931 0.494709
5.187895 -9.416095 -2.589831 2.593679 -9.296088 -1.183301 -25.492443 -20.553692 14.728614 13.921837 -4.006466 11.166407 -9.229449 10.630333 9.255690 -0.325975 16.131422 6.051661 -19.306061 -16.668383 -2.730793 -14.803851 29.601015 -14.623882 -18.063168 3.143393 20.654827 -9.684030 16.118387 0.470647
5.178822 -9.474948 -2.604270 2.624970 -9.317154 -1.210287 -25.560577 -20.576857 14.703015 13.873950 -4.076720 11.218588 -9.308053 10.680421 9.258556 -0.351590 16.122528 6.044219 -19.261003 -16.755392 -2.703870 -14.642291 29.795496 -14.619005 -18.054405 3.158057 20.620728 -9.791017 16.157583 0.449336
5.188587 -9.468642 -2.597886 2.632816 -9.310361 -1.198990 -25.546803 -20.581409 14.707959 13.882729 -4.078610 11.221135 -9.311473 10.682821 9.261783 -0.350150 16.117270 6.048232 -19.264673 -16.757401 -2.731237 -14.619105 29.775892 -14.584399 -18.071743 3.160227 20.641329 -9.789636 16.171240 0.475089
5.188650 -9.468559 -2.597553 2.632882 -9.310517 -1.199146 -25.546764 -20.581282 14.707836 13.882619 -4.078690 11.221202 -9.311528 10.682976 9.261751 -0.349850 16.116777 6.048689 -19.265003 -16.757380 -2.730353 -14.619240 29.776293 -14.584126 -18.070988 3.157461 20.638342 -9.789846 16.170412 0.474538
5.188650 -9.468559 -2.597553 2.632882 -9.310517 -1.199146 -25.546764 -20.581282 14.707836 13.882619 -4.078690 11.221202 -9.311528 10.682976 9.261751 -0.349850 16.116777 6.048689 -19.265003 -16.757380 -2.730353 -14.619240 29.776293 -14.584126 -18.070988 3.157461 20.638342 -9.789846 16.170412 0.474538
5.188650 -9.468559 -2.597553 2.632882 -9.310517 -1.199146 -25.546764 -20.581282 14.707836 13.882619 -4.078690 11.221202 -9.311528 10.682976 9.261751 -0.349850 16.116777 6.048689 -19.265003 -16.757380 -2.730353 -14.619240 29.776293 -14.584126 -18.070988 3.157461 20.638342 -9.789846 16.170412 0.474538
5.188650 -9.468559 -2.597553 2.632882 -9.310517 -1.199146 -25.546764 -20.581282 14.707836 13.882619 -4.078690 11.221202 -9.311528 10.682976 9.261751 -0.349850 16.116777 6.048689 -19.265003 -16.757380 -2.730353 -14.619240 29.776293 -14.584126 -18.070988 3.157461 20.638342 -9.789846 16.170412 0.474538
5.187955 -9.469001 -2.598675 2.632877 -9.310344 -1.199345 -25.546953 -20.581043 14.708236 13.882088 -4.078485 11.221751 -9.311181 10.682667 9.260948 -0.350556 16.117987 6.048486 -19.265501 -16.757444 -2.731582 -14.617887 29.776470 -14.585992 -18.070120 3.159673 20.641083 -9.788390 16.170654 0.476506
5.190155 -9.466556 -2.592494 2.640921 -9.310539 -1.197039 -25.540707 -20.580986 14.710481 13.881977 -4.076914 11.223010 -9.310460 10.677773 9.266036 -0.348005 16.115488 6.045198 -19.272369 -16.746763 -2.694078 -14.631583 29.798967 -14.599229 -18.054090 3.161905 20.643867 -9.782549 16.160177 0.465199
5.193694 -9.465698 -2.594201 2.643053 -9.308462 -1.193206 -25.539961 -20.584831 14.711972 13.885785 -4.075550 11.220921 -9.313071 10.678366 9.266390 -0.352196 16.118048 6.042328 -19.261137 -16.758326 -2.678269 -14.630158 29.809938 -14.605998 -18.051413 3.166247 20.647793 -9.782521 16.142179 0.459552
5.193667 -9.465669 -2.594347 2.643126 -9.308451 -1.193107 -25.540001 -20.584923 14.712011 13.885786 -4.075604 11.220719 -9.313151 10.678296 9.266601 -0.352444 16.118525 6.041755 -19.260702 -16.758373 -2.677062 -14.630078 29.810366 -14.606325 -18.051809 3.165669 20.647953 -9.782761 16.139286 0.459659
5.190717 -9.467197 -2.597627 2.642013 -9.309345 -1.194187 -25.542458 -20.584463 14.712568 13.882965 -4.076069 11.222169 -9.311989 10.678121 9.267030 -0.349162 16.118177 6.043195 -19.264210 -16.755133 -2.676394 -14.628788 29.811077 -14.604400 -18.050648 3.164707 20.646822 -9.782598 16.140713 0.459605
5.192146 -9.466187 -2.597019 2.640677 -9.309206 -1.193534 -25.542877 -20.585806 14.712924 13.881004 -4.076639 11.221549 -9.311035 10.678995 9.266224 -0.349610 16.119560 6.043209 -19.263472 -16.754873 -2.676884 -14.629883 29.812586 -14.609539 -18.048639 3.165360 20.647707 -9.780745 16.137833 0.460533
5.195270 -9.464928 -2.593976 2.641768 -9.308217 -1.192493 -25.540497 -20.586304 14.712518 13.883886 -4.075830 11.220451 -9.311829 10.678887 9.265640 -0.353137 16.119930 6.041687 -19.260397 -16.757565 -2.678325 -14.628977 29.811106 -14.608804 -18.049442 3.165159 20.647776 -9.780825 16.138647 0.461350
5.192292 -9.466427 -2.597402 2.640729 -9.309102 -1.193474 -25.542995 -20.585938 14.713115 13.881067 -4.076350 11.221700 -9.310749 10.678642 9.266281 -0.350102 16.120060 6.042556 -19.263470 -16.754374 -2.677728 -14.629874 29.812021 -14.609123 -18.048820 3.165083 20.647408 -9.780920 16.138727 0.460843
5.195058 -9.464714 -2.592439 2.640889 -9.309085 -1.193840 -25.541004 -20.585476 14.711376 13.883739 -4.075811 11.220674 -9.311671 10.678839 9.265464 -0.352968 16.119638 6.042064 -19.260731 -16.757353 -2.676535 -14.627738 29.811407 -14.608808 -18.048946 3.166980 20.649206 -9.779720 16.139402 0.460275
-1.504950 -5.756019 12.394531 3.199547 -20.018522 -12.716453 -29.055271 -12.934109 5.741306 3.424111 -5.134736 8.041121 -7.095153 3.041770 9.379558 1.711326 25.101404 -0.482576 -5.382404 -21.300970 -16.321596 -14.582256 33.076313 -2.031071 -21.921360 -13.795079 7.809737 -14.594336 4.125172 3.322960
-1.504950 -5.756019 12.394531 3.199547 -20.018522 -12.716453 -29.055271 -12.934109 5.741306 3.424111 -5.134736 8.041121 -7.095153 3.041770 9.379558 1.711326 25.101404 -0.482576 -5.382404 -21.300970 -16.321596 -14.582256 33.076313 -2.031071 -21.921360 -13.795079 7.809737 -14.594336 4.125172 3.322960
-1.504950 -5.756019 12.394531 3.199547 -20.018522 -12.716453 -29.055271 -12.934109 5.741306 3.424111 -5.134736 8.041121 -7.095153 3.041770 9.379558 1.711326 25.101404 -0.482576 -5.382404 -21.300970 -16.321596 -14.582256 33.076313 -2.031071 -21.921360 -13.795079 7.809737 -14.594336 4.125172 3.322960
-1.504950 -5.756019 12.394531 3.199547 -20.018522 -12.716453 -29.055271 -12.934109 5.741306 3.424111 -5.134736 8.041121 -7.095153 3.041770 9.379558 1.711326 25.101404 -0.482576 -5.382404 -21.300970 -16.321596 -14.582256 33.076313 -2.031071 -21.921360 -13.795079 7.809737 -14.594336 4.125172 3.322960
-1.504950 -5.756019 12.394531 3.199547 -20.018522 -12.716453 -29.055271 -12.934109 5.741306 3.424111 -5.134736 8.041121 -7.095153 3.041770 9.379558 1.711326 25.101404 -0.482576 -5.382404 -21.300970 -16.321596 -14.582256 33.076313 -2.031071 -21.921360 -13.795079 7.809737 -14.594336 4.125172 3.322960
-2.538174 -5.618952 12.335001 0.926131 -20.253212 -13.253160 -29.488613 -12.123369 5.012739 3.234661 -4.455121 8.685107 -6.896266 1.696290 9.042994 0.229886 25.724028 -1.136829 -6.883397 -20.071962 -17.575426 -13.946763 33.506088 -2.593605 -21.372002 -14.188508 7.411750 -13.977785 2.586277 3.420295
-1.986665 -5.394151 12.691826 0.338927 -20.202127 -13.067434 -29.610569 -12.406287 4.725021 3.567354 -4.261954 8.942502 -7.096414 1.190045 9.226609 -0.026062 25.545084 -1.232054 -7.290120 -19.912050 -17.310080 -13.636642 33.452312 -2.960499 -21.423964 -13.618872 7.840070 -13.965167 2.938643 3.399903
-2.147612 -5.473569 12.658845 0.520210 -20.293783 -13.121314 -29.651672 -12.326641 4.624048 3.835268 -4.253942 8.922898 -7.120204 1.166428 9.157422 -0.107513 25.644831 -1.231899 -7.307218 -19.987816 -17.236696 -13.539965 33.407467 -3.231003 -21.390755 -13.669543 7.891363 -13.964664 2.843400 3.586203
-2.217548 -5.545084 12.596801 0.608361 -20.284676 -13.157271 -29.621950 -12.270625 4.668848 3.826858 -4.271907 8.877765 -7.026896 1.267672 9.103513 -0.093754 25.687292 -1.202448 -7.223415 -20.016520 -17.304918 -13.524803 33.375381 -3.096046 -21.484465 -13.657991 7.867668 -14.011598 2.785272 3.517861
-2.240832 -5.559523 12.587459 0.634778 -20.287310 -13.164069 -29.614182 -12.254925 4.669755 3.843228 -4.286070 8.873675 -7.015561 1.283032 9.103932 -0.093938 25.690723 -1.200950 -7.206714 -20.018221 -17.315058 -13.521829 33.370239 -3.076883 -21.496887 -13.657118 7.864775 -14.020053 2.759346 3.510174
-2.241657 -5.560093 12.586752 0.634746 -20.287233 -13.164476 -29.614300 -12.254494 4.669969 3.842794 -4.285951 8.874109 -7.015736 1.282705 9.104548 -0.093905 25.690237 -1.201263 -7.206783 -20.018217 -17.314987 -13.522247 33.369392 -3.072774 -21.499910 -13.655991 7.865775 -14.022229 2.759768 3.508883
-2.241064 -5.558080 12.589270 0.629152 -20.288731 -13.166698 -29.616396 -12.253616 4.666060 3.843843 -4.290308 8.879056 -7.010614 1.280633 9.107072 -0.104076 25.691332 -1.204040 -7.210499 -20.012951 -17.294733 -13.512142 33.368347 -3.087500 -21.486256 -13.648649 7.877735 -14.012114 2.779713 3.522888
-2.243536 -5.559377 12.588861 0.625835 -20.289066 -13.167765 -29.616915 -12.251280 4.664126 3.846858 -4.293571 8.878264 -7.006803 1.285478 9.107459 -0.105990 25.694284 -1.207124 -7.207773 -20.009375 -17.295296 -13.513292 33.364861 -3.079003 -21.491726 -13.646707 7.877833 -14.014214 2.779515 3.517740
-2.243536 -5.559377 12.588861 0.625835 -20.289066 -13.167765 -29.616915 -12.251280 4.664126 3.846858 -4.293571 8.878264 -7.006803 1.285478 9.107459 -0.105990 25.694284 -1.207124 -7.207773 -20.009375 -17.295767 -13.513829 33.365105 -3.079509 -21.491562 -13.646349 7.878456 -14.013978 2.780245 3.518036
-2.264134 -5.569689 12.587049 0.629588 -20.286936 -13.156824 -29.605612 -12.237509 4.646430 3.924850 -4.280515 8.904595 -7.043551 1.235964 9.122279 -0.122205 25.673674 -1.196184 -7.251307 -20.008841 -17.305353 -13.467769 33.372475 -3.150903 -21.435558 -13.656641 7.884863 -13.956427 2.762110 3.572327
-2.257550 -5.567271 12.590780 0.633165 -20.287199 -13.155224 -29.606451 -12.243644 4.648272 3.918469 -4.281172 8.900199 -7.032896 1.247743 9.119799 -0.123190 25.677896 -1.202137 -7.242320 -20.005779 -17.303007 -13.478038 33.384335 -3.167315 -21.425861 -13.654816 7.887539 -13.954974 2.770855 3.574425
-2.255373 -5.565256 12.591797 0.633467 -20.286840 -13.154185 -29.605865 -12.245033 4.648616 3.917647 -4.281151 8.900840 -7.033441 1.248005 9.120025 -0.122945 25.677517 -1.202442 -7.242263 -20.006130 -17.306955 -13.472916 33.387039 -3.175795 -21.416985 -13.657571 7.888039 -13.946888 2.769871 3.584646
-2.259984 -5.568615 12.589629 0.637114 -20.287430 -13.155951 -29.605320 -12.241868 4.648603 3.920146 -4.281836 8.898843 -7.031022 1.250191 9.119128 -0.122812 25.678522 -1.202032 -7.240150 -20.005621 -17.303682 -13.481503 33.385159 -3.162262 -21.427486 -13.656511 7.887515 -13.958416 2.773962 3.577593
-2.260930 -5.568212 12.589033 0.638638 -20.288158 -13.156053 -29.605673 -12.241695 4.648370 3.920230 -4.282724 8.898568 -7.030210 1.251444 9.118808 -0.122945 25.678999 -1.201999 -7.239450 -20.005552 -17.308882 -13.483998 33.384209 -3.160990 -21.428982 -13.661156 7.883419 -13.959070 2.771938 3.577515
-2.261382 -5.568310 12.589539 0.637296 -20.288572 -13.155991 -29.606762 -12.242365 4.648029 3.919968 -4.281983 8.898716 -7.031161 1.250210 9.119000 -0.122527 25.678686 -1.202269 -7.240174 -20.005537 -17.308992 -13.483737 33.384323 -3.161336 -21.428652 -13.661282 7.883370 -13.958556 2.771885 3.577776
-2.269530 -5.572624 12.586694 0.652585 -20.290016 -13.158852 -29.602638 -12.236462 4.649170 3.926188 -4.284528 8.899523 -7.031761 1.251811 9.120723 -0.122910 25.678083 -1.202140 -7.239070 -20.006613 -17.313105 -13.472568 33.387680 -3.174576 -21.415516 -13.658689 7.884902 -13.945088 2.764528 3.584401
-2.263563 -5.570036 12.588585 0.628118 -20.288174 -13.156395 -29.608452 -12.240450 4.646152 3.922844 -4.287484 8.896373 -7.027258 1.255470 9.118384 -0.124120 25.681168 -1.201414 -7.236351 -20.005888 -17.310698 -13.473722 33.385315 -3.168369 -21.420113 -13.657576 7.883600 -13.948845 2.764755 3.578777
-2.264647 -5.570712 12.588360 0.627847 -20.288258 -13.156558 -29.608137 -12.239432 4.645471 3.924969 -4.278954 8.899272 -7.036403 1.243017 9.121645 -0.122078 25.675329 -1.201127 -7.244396 -20.007105 -17.310942 -13.472732 33.383595 -3.164748 -21.422543 -13.658024 7.883124 -13.949745 2.765715 3.577165
-2.243194 -5.556399 12.593809 0.622841 -20.286587 -13.150485 -29.612183 -12.255627 4.650764 3.902372 -4.277330 8.898417 -7.030298 1.249063 9.121780 -0.121216 25.679258 -1.208233 -7.239277 -20.006248 -17.314497 -13.465588 33.386349 -3.175656 -21.412834 -13.664585 7.885247 -13.941868 2.767299 3.594446
-2.243113 -5.556349 12.594040 0.622023 -20.286564 -13.150450 -29.612160 -12.255589 4.650637 3.902594 -4.277342 8.898419 -7.030264 1.249127 9.121778 -0.121152 25.679235 -1.208271 -7.239206 -20.006178 -17.315367 -13.466578 33.388401 -3.179502 -21.410362 -13.664390 7.885110 -13.940740 2.767357 3.595135
-2.243113 -5.556349 12.594040 0.622023 -20.286564 -13.150450 -29.612160 -12.255589 4.650637 3.902594 -4.277342 8.898419 -7.030264 1.249127 9.121778 -0.121152 25.679235 -1.208271 -7.239206 -20.006178 -17.315691 -13.468339 33.389542 -3.182524 -21.409130 -13.664812 7.884570 -13.939953 2.768388 3.594611
