4.296000 -5.500724 7.600052 -1.193846 -15.909203 -7.222014 -29.111393 -17.883955 8.995899 4.643282 0.145294 8.329786 -11.251235 0.361720 9.302293 2.939487 20.273825 3.017607 -10.691124 -22.760874 -7.487499 -12.835719 36.601746 -8.337840 -13.897511 -15.899914 8.729017 -9.087820 9.444284 8.146325
4.203787 -5.033239 7.812375 -1.436510 -15.632953 -7.017437 -28.385094 -17.610687 9.216558 4.837164 0.796507 7.912282 -10.480758 -0.089398 9.033935 3.357831 20.567461 2.965276 -10.914307 -21.991993 -7.306787 -13.719878 35.204617 -8.251018 -13.894744 -16.647896 8.340365 -8.402307 9.437295 8.249862
3.536673 -4.544287 8.688662 -2.136766 -14.925222 -6.506336 -26.842522 -17.240442 9.766258 5.089696 1.286451 7.292389 -9.630696 -0.689576 8.499825 3.851586 21.033117 2.679661 -11.355612 -20.837193 -6.455186 -15.277734 33.120163 -8.253268 -13.919537 -17.673077 8.134183 -7.511228 9.191319 8.601433
2.927211 -3.968688 9.876005 -2.923612 -14.190738 -6.420631 -25.027576 -16.377634 10.065606 5.364220 2.181059 6.584710 -8.302973 -1.638017 8.147725 4.216748 21.595167 2.293890 -12.182885 -18.729639 -5.707263 -17.327322 30.298351 -7.825362 -13.905671 -19.140528 7.692486 -6.350674 8.758554 9.208599
2.125696 -3.800999 10.847935 -3.805137 -13.086167 -5.554505 -23.136137 -16.269938 11.034683 5.873797 3.357936 5.884025 -6.897674 -2.595700 7.782604 4.422889 22.455761 1.650351 -13.150523 -16.543268 -5.035459 -17.901480 27.765919 -7.443371 -14.370588 -20.551456 7.559328 -5.303319 7.930902 9.816754
1.477495 -3.465104 11.748903 -4.630654 -12.238995 -5.054920 -21.417177 -15.818975 11.688200 6.230918 4.484183 5.456457 -5.504523 -3.406197 7.790819 4.282802 22.683458 1.391805 -14.559511 -14.118436 -4.202641 -19.165815 24.760399 -7.130023 -14.769805 -22.108654 7.365215 -4.117954 7.160810 10.470094
1.479892 -3.118761 11.980732 -5.265860 -11.431439 -4.840222 -19.788689 -15.098658 12.492458 6.227569 4.957799 4.887043 -4.148358 -4.324288 8.272799 3.785100 22.310659 1.570982 -15.490433 -11.712443 -3.958838 -20.263599 21.970333 -6.713507 -15.093323 -23.637308 6.921355 -2.862500 5.929183 10.795231
1.451135 -2.861497 12.778290 -5.486667 -10.733654 -4.520415 -18.281912 -14.682932 13.040976 6.334437 5.194034 4.561227 -3.209274 -4.863634 8.804880 3.413256 22.169151 1.440544 -15.878578 -9.994378 -3.503373 -20.366709 20.094910 -6.185358 -15.280143 -24.661736 6.811543 -2.025781 4.804501 11.203598
1.286294 -2.793448 13.388779 -5.853922 -10.177525 -4.290001 -17.229952 -14.449160 13.450710 6.260678 5.366737 4.470615 -2.556537 -5.210797 9.103630 3.205422 22.077013 1.492326 -16.359858 -8.890089 -3.664836 -20.318634 18.952255 -5.638716 -15.444319 -25.101944 6.908689 -1.434565 3.658786 11.385900
1.456347 -2.611692 13.201101 -5.913612 -9.750533 -4.015678 -16.622248 -14.326075 13.725685 6.489223 5.206250 4.440568 -2.751470 -5.022776 9.289142 2.822716 21.971699 1.546141 -16.543831 -8.545301 -3.820377 -19.984085 18.454506 -5.297880 -15.545877 -25.187649 7.062335 -1.076398 3.126585 11.442016
0.862168 -2.612729 13.568525 -6.127071 -9.863016 -3.979465 -16.651550 -14.361882 13.661751 6.280778 5.620062 4.262496 -2.333272 -5.228758 9.231016 2.997495 21.905069 1.615623 -16.682020 -8.180739 -3.628440 -19.667437 18.365007 -5.254250 -15.595678 -25.106594 7.265404 -1.045610 2.849622 11.488211
-1.790849 -2.919616 14.047026 -7.961014 -8.929352 -3.665910 -15.194680 -13.652224 14.639884 4.797707 8.081979 3.644653 -0.393553 -5.962423 9.058204 3.528485 21.827156 1.010503 -17.506815 -6.474642 -0.665061 -18.152000 16.697147 -5.141192 -15.664148 -24.120796 9.725510 -0.374754 0.476201 12.254808
-4.630768 -4.488941 14.254088 -10.252282 -6.535477 -2.445267 -12.532784 -13.215145 17.179602 2.866025 11.479063 2.848376 3.026320 -6.752744 8.898448 5.876409 20.106567 1.487738 -18.075823 -4.029713 3.862925 -9.535843 13.750186 -6.176353 -16.625916 -20.120560 14.582206 1.543094 -6.739594 10.849130
-6.502248 -7.567668 16.509327 -12.735040 -3.307407 -2.886695 -7.924245 -10.878979 20.993748 -0.753714 14.007078 3.613963 7.979843 -7.632750 9.468083 11.823862 16.594170 4.994844 -16.401037 -3.161775 9.106872 -10.024435 17.356831 -13.365202 -17.337017 -21.110651 12.802699 -5.078365 -13.169295 10.423344
-7.202465 -12.090921 18.562305 -17.545557 0.499726 -3.969409 -4.104856 -8.894464 23.567720 -2.867390 15.754707 5.692899 10.768758 -8.178274 11.016603 15.873137 12.743371 7.276768 -13.542439 -5.440636 14.797332 5.065763 17.163750 -18.866354 -19.865082 -15.548512 16.850111 -4.009117 -6.769250 6.689607
-0.462403 -17.023500 15.939719 -18.144402 4.382366 -4.339818 -4.007501 -11.018263 24.689497 0.854235 15.454615 7.877153 10.975398 -5.016652 15.754519 14.229327 5.764462 11.385758 -11.484640 -8.120997 12.357047 7.249437 15.105882 -20.055597 -21.717186 -21.771624 10.558712 -4.894988 0.157207 7.073208
6.448003 -19.521494 7.949578 -18.744156 5.461286 -8.456758 -8.320469 -11.106240 23.996937 1.996674 12.073623 10.460401 6.195555 0.080417 19.603214 7.240664 1.755930 14.078866 -10.642441 -12.561280 13.307100 7.577049 11.650953 -19.504812 -20.394672 -21.709755 8.619203 1.104766 14.277864 5.683255
8.576807 -19.194130 -1.429749 -19.953375 4.172123 -12.968945 -14.798449 -10.289433 21.746111 1.396340 5.877965 11.955929 0.536810 4.181119 21.231260 1.824810 -1.163657 17.210789 -12.351471 -14.750253 16.281996 8.392470 6.888664 -24.107489 -18.342239 -24.053761 2.598734 8.029768 22.412931 -0.718521
9.681547 -18.701557 -7.430341 -19.608727 2.376278 -14.811321 -20.739761 -11.349413 19.748615 1.767766 4.138488 10.426763 -3.696499 6.033598 21.071968 -3.919877 -0.436782 17.631327 -14.588284 -14.720899 14.719930 11.698201 3.700811 -30.331015 -19.320789 -24.889271 -2.227248 11.757893 21.481913 -8.177850
10.924691 -17.473207 -10.462057 -18.401714 1.030164 -15.261323 -23.347542 -11.685171 18.602108 2.255851 3.397821 8.740581 -5.397914 6.155826 20.659935 -6.329769 0.104920 18.130018 -14.469405 -15.335696 16.573011 6.272162 -4.479436 -31.585238 -19.347866 -25.537786 -1.404278 14.833006 20.855860 -7.387512
10.907417 -17.279009 -10.813392 -18.204277 0.831536 -15.169111 -23.633316 -11.782673 18.498209 2.311825 3.546629 8.630168 -5.499323 6.171898 20.641169 -6.431205 0.276881 18.027180 -14.582803 -15.167509 17.188999 5.457627 -5.237907 -31.946291 -19.227186 -25.565453 -1.240655 15.051661 20.424803 -7.331466
10.306210 -17.623014 -10.187221 -18.191122 0.807918 -14.723147 -23.870331 -12.449014 18.422354 2.492755 3.774736 8.865910 -5.521661 6.373156 20.695522 -6.153071 0.386362 17.921373 -14.505949 -15.377822 17.363195 6.011078 -4.673536 -32.100269 -19.334105 -25.507050 -1.220515 14.714943 20.236124 -7.381400
9.564873 -17.955614 -9.296285 -18.657564 1.078058 -14.414742 -23.328518 -12.568157 18.700811 2.360932 4.675640 9.231400 -5.285437 6.476626 20.511921 -5.179761 1.009859 17.284653 -14.734310 -15.148005 17.685232 6.802570 -3.217676 -32.337200 -19.382133 -25.122721 -0.958951 13.889615 19.752661 -7.372827
8.214914 -18.629641 -7.837718 -19.198292 1.313080 -13.884602 -22.929020 -13.030603 18.986994 2.100656 5.958604 9.672887 -4.942369 6.712565 20.456425 -3.913152 1.650116 16.528112 -14.788931 -15.076175 18.754560 6.661797 -1.950697 -32.574547 -18.930319 -24.804611 -0.763795 13.293394 18.398237 -7.497988
6.924617 -19.093168 -6.089593 -19.588444 1.615134 -13.088051 -22.155178 -13.484559 19.346029 2.026243 7.602210 9.698899 -4.262131 6.503070 20.143066 -2.772715 2.398904 15.861310 -14.845424 -14.722068 20.147806 6.893036 0.296562 -33.069267 -18.655521 -24.063511 -0.044718 11.895132 17.020967 -7.410317
5.419594 -19.260611 -4.399336 -19.754158 1.767146 -12.048492 -21.212189 -13.860420 19.704878 1.912912 8.654110 10.132545 -3.827919 6.714713 20.331760 -0.924671 2.600538 15.465690 -14.370895 -14.879478 21.579206 6.985209 2.556592 -33.183186 -18.511593 -23.585047 0.868149 10.291324 15.333129 -6.936375
3.590860 -19.664976 -2.906092 -20.222464 1.802670 -11.442053 -20.773621 -14.161754 19.901625 1.369024 10.092577 10.496090 -3.421680 6.879632 20.353531 0.711562 3.257877 14.513686 -14.274384 -14.719565 22.697847 7.200457 4.226548 -33.279617 -18.312374 -23.289755 1.494081 9.346198 14.008382 -6.705116
2.535767 -19.705803 -1.842887 -20.344257 1.869313 -10.727180 -20.210136 -14.396270 20.162897 1.214771 10.839550 10.423519 -2.847469 6.656067 20.298983 1.602737 3.413145 14.330909 -14.295108 -14.256894 23.496437 7.296782 4.910485 -32.997547 -18.111773 -22.753773 2.425233 8.892797 13.063592 -6.188558
2.123590 -19.800526 -1.029366 -20.279833 2.070382 -10.118506 -19.681778 -14.690253 20.416704 1.338339 11.380020 10.544269 -2.903179 6.758869 20.285492 2.121496 3.855512 13.879161 -14.315945 -14.242146 23.776913 7.402473 5.951344 -32.732079 -17.967722 -22.119877 3.241403 8.240158 12.395068 -5.720099
1.673566 -19.877199 -0.466938 -20.251818 2.107883 -9.724539 -19.515747 -14.938471 20.510462 1.351837 12.033482 10.582648 -2.727988 6.761789 20.239964 2.773273 4.174298 13.596326 -14.236104 -14.226007 24.266489 7.475019 6.502678 -32.845303 -17.897367 -22.083900 3.443787 7.811498 11.695814 -5.581783
1.514994 -19.911858 -0.231909 -20.336891 2.163154 -9.684208 -19.323648 -14.882973 20.579451 1.263870 12.179142 10.584922 -2.627489 6.745769 20.242847 2.981675 4.213250 13.506545 -14.233788 -14.146744 24.249626 7.463805 6.622053 -32.833355 -17.876221 -21.962429 3.555025 7.744908 11.562160 -5.545542
0.854665 -19.977320 0.288052 -20.320644 2.148490 -9.155071 -19.261347 -15.286925 20.618567 1.336065 12.779650 10.540307 -2.511859 6.695029 20.034554 3.404848 4.762652 13.002833 -14.486906 -13.815301 24.441572 7.816345 7.080289 -32.695076 -17.873920 -21.924719 3.782757 7.403772 10.888504 -5.370472
-0.138511 -20.128973 1.280778 -20.367222 2.213612 -8.416453 -18.851915 -15.712818 20.850908 1.226974 13.680897 10.596629 -2.234453 6.761004 19.859379 4.179621 5.367929 12.149801 -14.875231 -13.262393 24.622225 8.339044 7.649370 -32.320969 -17.726768 -21.823446 4.050169 7.173923 9.404647 -5.305417
-1.463709 -20.179981 2.268086 -20.435810 2.245465 -7.439008 -18.545168 -16.318865 21.033829 1.258531 14.862530 10.498242 -1.870306 6.764964 19.469723 5.114444 6.341192 11.007684 -15.560873 -12.373691 24.805424 8.911243 8.159494 -31.926447 -17.590748 -21.398003 4.627302 6.780920 7.556233 -5.104634
-2.502642 -19.951437 3.111210 -20.335436 2.506895 -6.215590 -17.696445 -16.776209 21.473917 1.414846 15.368788 10.481481 -1.430576 6.751208 19.295677 5.899517 6.713070 10.010627 -16.198797 -11.556306 25.335642 9.112174 9.168049 -31.658594 -17.326653 -20.679390 5.562534 5.953775 6.414217 -4.458259
-4.117140 -19.566362 4.158851 -20.284935 2.602975 -4.914410 -16.741488 -17.095711 21.894484 1.200440 15.877966 10.110986 -0.926010 6.790328 18.947468 6.369422 7.102168 9.044489 -17.130117 -10.377128 26.953436 9.101382 10.615058 -31.100119 -16.644436 -20.232361 6.577927 5.075079 4.749840 -3.703862
-5.599709 -19.213564 4.628996 -20.740068 2.902512 -4.167295 -15.792533 -16.930510 22.373289 0.858615 16.270864 9.841296 -0.372923 6.688252 18.595678 6.866185 7.438518 8.357381 -17.884449 -9.370111 28.225855 9.938586 11.644197 -30.300777 -16.395844 -20.043549 7.542244 4.479759 4.188212 -2.984841
-5.701645 -15.296805 18.000843 -13.530623 -4.559324 -6.999050 -16.024370 -15.094052 17.567019 -2.323256 15.341628 8.034969 0.402031 -1.724473 14.014698 12.749637 15.741970 5.297839 -6.353674 -17.860394 4.061960 2.062194 20.053778 -13.191883 -18.711159 -30.013443 -1.420547 -0.781997 -4.725664 0.545988
-6.393217 -14.820387 18.018251 -13.571076 -4.868615 -7.081982 -15.951409 -14.748580 17.502443 -2.783258 15.086314 7.590570 0.711143 -2.308964 13.223611 13.157111 16.160940 4.932860 -6.934583 -17.225618 3.212032 0.975196 19.390430 -12.323994 -18.521332 -30.042801 -1.277166 -0.425692 -3.520064 0.995782
-6.273124 -14.303102 17.464106 -13.033106 -5.140190 -6.684888 -16.148317 -14.955938 17.411190 -2.376575 15.061540 6.989595 0.974493 -2.892384 12.598639 13.173552 16.468508 5.176393 -7.241340 -16.998114 2.857471 -0.245492 19.655233 -11.865696 -18.432596 -29.503395 -0.407775 -0.948220 -2.670138 1.870198
-5.846220 -13.248359 16.883644 -13.177090 -6.097226 -6.303882 -17.311245 -15.334639 16.299238 -1.511207 14.296401 7.031509 0.646619 -3.575384 12.175219 11.843575 17.285778 4.772209 -8.077115 -16.490526 0.778095 -1.177309 20.333731 -12.312874 -17.605165 -28.567787 0.625913 -0.363659 -1.957809 3.111878
-5.344287 -12.635857 16.239841 -11.935782 -6.907180 -6.278310 -17.995234 -15.366877 15.766292 -0.668845 13.434832 6.623668 0.433586 -3.757669 11.682497 11.126802 17.703215 5.070282 -8.336296 -16.452322 0.051192 -2.343265 21.105274 -12.087185 -17.431152 -27.488503 1.413971 -0.897650 -1.350798 3.443258
-5.021326 -12.089285 16.128632 -11.353848 -7.500027 -6.197055 -18.567207 -15.582863 15.302831 -0.272929 12.590773 6.509247 -0.583477 -3.466718 11.218719 10.418794 18.355431 4.707804 -8.574775 -16.895678 -0.266748 -3.141256 21.164404 -11.785782 -17.384415 -27.201126 1.756510 -0.965166 -0.803657 3.695999
-4.791041 -11.688635 16.087660 -10.660234 -8.273758 -6.026298 -19.506241 -16.089684 14.620394 0.121796 12.019461 6.695506 -1.590168 -2.992972 11.041202 10.058259 18.815535 4.374930 -8.713808 -17.488615 -0.636401 -3.506348 21.900980 -11.311261 -17.249344 -26.545938 2.360091 -1.231695 -0.402139 4.002428
-4.422288 -11.485731 15.454569 -10.103679 -8.898912 -6.044976 -20.670765 -16.574066 14.071719 0.542905 11.456397 6.856537 -2.365396 -2.663250 10.944636 9.823274 18.952616 4.124362 -8.723835 -17.906824 -1.044003 -3.739686 22.992796 -10.940193 -17.183945 -25.926315 2.915133 -1.944936 -0.298389 4.353830
-4.057473 -11.415099 15.140239 -9.734017 -9.364758 -6.066968 -21.523844 -16.980770 13.717886 0.770137 11.209508 6.988838 -2.904031 -2.389817 10.877854 9.744515 19.170946 3.900977 -8.709910 -18.307852 -1.171653 -3.735332 23.865438 -10.684060 -17.090143 -25.502947 3.371971 -2.515801 -0.121773 4.759060
-3.593150 -11.541319 14.777608 -9.687778 -9.331096 -6.383999 -21.645691 -16.806585 13.833480 0.708875 11.282434 7.087661 -2.874897 -2.387372 10.852609 9.808260 19.292446 3.832980 -8.857384 -18.280846 -1.126644 -3.689528 24.453787 -10.462278 -16.965111 -25.146294 3.772079 -2.840461 0.062906 5.103401
-3.362663 -11.548477 14.557570 -9.549942 -9.507956 -6.527347 -21.946644 -16.821545 13.725703 0.724229 11.135489 7.158574 -3.119473 -2.230021 10.845237 9.691363 19.368284 3.756493 -8.882486 -18.446409 -1.065862 -3.558995 24.818438 -10.375793 -16.983879 -25.011429 3.947806 -3.100100 0.101274 5.258803
-3.101396 -11.602731 14.338554 -9.493192 -9.547427 -6.713127 -22.083292 -16.746510 13.730053 0.688850 11.072346 7.273285 -3.290701 -2.111139 10.868011 9.627248 19.448004 3.754160 -8.919337 -18.621004 -1.076071 -3.387773 25.108671 -10.374930 -16.997799 -24.830467 4.116607 -3.240103 0.173846 5.340469
-3.034670 -11.550224 14.233356 -9.483162 -9.555132 -6.738081 -22.138597 -16.742920 13.688838 0.729165 11.083727 7.311306 -3.342249 -2.077515 10.882045 9.608998 19.492853 3.710437 -8.941381 -18.658396 -1.114514 -3.325702 25.152607 -10.347052 -17.004700 -24.754261 4.156393 -3.253204 0.159694 5.332901
