-2.988783 -11.593813 14.206523 -9.485083 -9.541655 -6.780306 -22.135494 -16.712618 13.713161 0.708603 11.095962 7.318216 -3.315304 -2.085192 10.884459 9.619603 19.484798 3.733800 -8.937822 -18.650766 -1.134172 -3.314006 25.176889 -10.350515 -17.004673 -24.730312 4.170945 -3.261600 0.169410 5.334337
-3.056422 -11.555882 14.264003 -9.454582 -9.576635 -6.709309 -22.161259 -16.785172 13.680596 0.735695 11.068814 7.304761 -3.321304 -2.086688 10.879951 9.631736 19.470938 3.718814 -8.919102 -18.645916 -1.100864 -3.368684 25.128481 -10.326561 -17.001678 -24.785065 4.156805 -3.250749 0.124189 5.347543
-3.152683 -11.569548 14.381664 -9.512252 -9.526859 -6.670349 -22.024574 -16.749405 13.742844 0.687351 11.068520 7.247857 -3.264334 -2.126915 10.864369 9.638791 19.437647 3.718330 -8.916224 -18.572935 -1.127737 -3.423042 25.086048 -10.322035 -17.013462 -24.845135 4.104253 -3.261511 0.158724 5.354433
-3.370633 -11.499254 14.514007 -9.551633 -9.496745 -6.539272 -21.904539 -16.771671 13.737885 0.723235 11.155628 7.184838 -3.071145 -2.241689 10.853794 9.711905 19.370733 3.785377 -8.908773 -18.426451 -1.118331 -3.526366 24.940599 -10.286337 -17.011192 -24.941162 4.059578 -3.206915 0.081015 5.349022
-3.463196 -11.550028 14.643661 -9.626914 -9.419572 -6.481637 -21.780647 -16.776554 13.805349 0.693337 11.274606 7.090357 -2.812452 -2.380992 10.892055 9.772964 19.252092 3.830858 -8.945817 -18.190006 -1.166633 -3.527963 24.810564 -10.297089 -17.019247 -24.977879 4.004029 -3.099446 0.129128 5.285341
-3.706186 -11.522905 14.785785 -9.691755 -9.404692 -6.349674 -21.728802 -16.847616 13.764410 0.735779 11.342043 7.044739 -2.738494 -2.417123 10.843841 9.803605 19.291756 3.762334 -8.947533 -18.108122 -1.174774 -3.627797 24.645739 -10.307403 -16.981873 -24.996536 3.938900 -2.938759 0.006350 5.158543
-3.819017 -11.480614 14.851074 -9.691639 -9.430364 -6.276446 -21.747028 -16.911747 13.716113 0.778413 11.289806 7.126682 -2.970305 -2.275648 10.855515 9.751637 19.342129 3.679451 -8.906333 -18.271954 -1.168971 -3.596705 24.388506 -10.451777 -17.000902 -25.087723 3.779278 -2.715675 -0.097952 4.935443
-3.770708 -11.496048 14.859030 -9.760741 -9.332935 -6.358511 -21.553627 -16.751007 13.830256 0.693359 11.242414 7.062205 -2.930734 -2.340583 10.848010 9.713222 19.274958 3.724668 -8.922188 -18.242336 -1.206529 -3.564512 24.194891 -10.625399 -17.058002 -25.248957 3.574438 -2.609187 -0.074507 4.793066
-3.919625 -11.408007 14.975439 -9.806993 -9.302185 -6.278508 -21.384407 -16.700146 13.832211 0.652806 11.199222 6.914042 -2.783992 -2.458077 10.842322 9.658241 19.133394 3.814756 -8.981316 -18.062513 -1.110165 -3.586186 23.912640 -10.773202 -17.085638 -25.511009 3.367185 -2.449271 -0.028656 4.716465
-3.940065 -11.498215 15.123123 -9.924498 -9.101705 -6.369231 -20.972542 -16.435551 14.044710 0.454193 11.270025 6.759556 -2.441595 -2.641268 10.881124 9.737153 18.930487 4.103815 -8.891882 -17.915762 -0.960256 -3.445187 23.765589 -10.919832 -17.112352 -25.659826 3.245400 -2.373948 0.010084 4.679870
-4.094696 -11.524277 15.271791 -10.127281 -8.904261 -6.325566 -20.587934 -16.270275 14.247129 0.369292 11.298502 6.584514 -2.142739 -2.863287 10.904064 9.787837 18.732924 4.285002 -8.868275 -17.701033 -0.754785 -3.443899 23.410929 -11.024291 -17.122887 -25.964718 3.043762 -2.150568 -0.179885 4.559030
-4.182931 -11.494549 15.360230 -10.172369 -8.831649 -6.247990 -20.383827 -16.225494 14.364368 0.344722 11.321543 6.533531 -1.941395 -2.977097 10.976982 9.853587 18.554419 4.442570 -8.808119 -17.594725 -0.664919 -3.472130 23.227409 -11.094994 -17.127029 -26.082106 2.935749 -2.068831 -0.200451 4.481099
-4.075674 -11.694435 15.399904 -10.255157 -8.709238 -6.355298 -20.253651 -16.134470 14.501903 0.242439 11.673054 6.439327 -1.323358 -3.254497 11.108705 10.079543 18.289049 4.629570 -8.841054 -17.143652 -0.506783 -3.223099 23.200891 -11.277241 -17.158298 -26.153130 2.840423 -2.061110 -0.352506 4.353403
-4.324578 -11.667410 15.633293 -10.375964 -8.593060 -6.270272 -19.956684 -16.054363 14.573368 0.170592 11.709573 6.393967 -1.178011 -3.286999 11.176372 10.145570 18.169649 4.667431 -8.801417 -17.068476 -0.486495 -3.117842 23.065088 -11.344384 -17.193373 -26.262867 2.693161 -2.007779 -0.444867 4.226979
-4.541967 -11.668658 15.871298 -10.522006 -8.437881 -6.185933 -19.630241 -15.971060 14.689962 0.111942 11.851071 6.419586 -1.043646 -3.304322 11.232690 10.277318 18.069994 4.824386 -8.667509 -17.132147 -0.401810 -2.836041 23.037687 -11.430977 -17.237028 -26.337593 2.635765 -1.974487 -0.484767 4.185841
-4.331374 -11.793919 15.856295 -10.480886 -8.470233 -6.297567 -19.742157 -15.991463 14.694818 0.068697 11.809987 6.536943 -1.196636 -3.183034 11.306956 10.288171 18.032757 4.882763 -8.545074 -17.370218 -0.255379 -2.574432 22.911943 -11.468513 -17.269726 -26.449627 2.553926 -1.876995 -0.512962 4.123078
-4.442039 -11.835445 15.964647 -10.583649 -8.387486 -6.259630 -19.592815 -15.960087 14.780846 0.011347 11.921249 6.481993 -1.021778 -3.254833 11.318684 10.365911 17.999348 4.816659 -8.581191 -17.222305 -0.110425 -2.373646 22.870623 -11.513517 -17.305782 -26.550226 2.500443 -1.862754 -0.708059 4.064339
-4.462853 -11.883507 16.048235 -10.647177 -8.256760 -6.225667 -19.366133 -15.894270 14.920820 -0.051267 12.012198 6.480611 -0.902644 -3.290587 11.323272 10.436641 17.958529 4.869697 -8.562608 -17.187620 -0.060898 -2.253005 22.757227 -11.534784 -17.357838 -26.661413 2.442616 -1.819103 -0.736089 4.053692
-4.475734 -11.924013 16.109293 -10.733738 -8.164224 -6.245693 -19.227184 -15.827473 14.989378 -0.091463 12.066515 6.514966 -0.870936 -3.277107 11.354437 10.492485 17.943333 4.892120 -8.530334 -17.207537 0.027170 -2.102200 22.675474 -11.575694 -17.393387 -26.747519 2.405641 -1.771973 -0.844040 4.019931
-4.460163 -11.933716 16.106873 -10.750504 -8.133412 -6.249180 -19.185755 -15.807487 15.018555 -0.097053 12.115709 6.532344 -0.833584 -3.279552 11.364413 10.522683 17.939625 4.904458 -8.529884 -17.197477 0.062571 -2.072248 22.613642 -11.598115 -17.408745 -26.811918 2.371575 -1.740865 -0.884027 4.005222
-4.554407 -11.957274 16.232752 -10.847236 -8.053023 -6.207953 -19.030630 -15.776678 15.099163 -0.139320 12.204754 6.504889 -0.773147 -3.276723 11.363474 10.608209 17.937513 4.837928 -8.506902 -17.167067 0.138339 -1.896322 22.677938 -11.663750 -17.431694 -26.839745 2.349326 -1.774148 -0.970104 3.964851
-4.433430 -12.043739 16.312008 -11.000933 -7.823827 -6.228392 -18.683475 -15.623119 15.325075 -0.217568 12.616679 6.371879 -0.279013 -3.454663 11.348498 10.898706 17.845722 4.726876 -8.548797 -16.819811 0.414646 -1.519679 22.746248 -11.849606 -17.498552 -26.868563 2.354678 -1.873909 -1.400201 3.824767
-4.823861 -12.124882 16.735878 -11.412109 -7.322398 -5.975071 -17.765961 -15.383285 15.790694 -0.379208 13.267800 6.259545 0.463896 -3.659707 11.392888 11.349632 17.715422 4.575436 -8.536510 -16.390684 0.972408 -0.803876 22.730669 -12.033985 -17.597176 -26.971107 2.381340 -1.928102 -2.628278 3.589386
-4.990648 -12.142962 17.262005 -11.975472 -6.639758 -6.019904 -16.423622 -14.711658 16.391573 -0.722576 14.117165 6.263581 1.253820 -3.864310 11.406343 11.926438 17.650179 4.359874 -8.492573 -16.026344 1.167986 -0.244285 23.001646 -12.133356 -17.688677 -26.986158 2.421510 -2.102446 -3.869160 3.398623
-5.290595 -12.348325 18.089497 -12.521488 -5.938973 -5.911465 -14.989743 -14.127253 17.139378 -1.208703 14.879448 6.257630 2.465517 -4.306596 11.466035 12.876176 17.170340 4.743073 -8.382813 -15.469587 1.677358 0.292925 22.927336 -12.812703 -17.869503 -27.456936 2.134060 -2.173752 -5.059769 3.154881
-6.533670 -12.740612 19.711121 -13.847052 -4.700958 -5.836096 -12.527183 -13.004797 18.325666 -2.450680 15.626397 6.196803 3.606091 -4.566612 11.690867 13.897447 16.589502 4.909206 -8.544655 -14.540429 2.798234 1.120984 22.656034 -13.477403 -17.777473 -27.821318 1.908397 -1.871068 -6.935616 2.640714
-6.623100 -13.652484 20.365982 -14.556620 -3.361551 -5.308624 -10.923427 -12.876478 19.467739 -2.507451 15.329269 6.547850 4.959158 -4.906183 12.236619 14.956440 15.233970 5.587595 -8.790520 -13.347806 2.708236 2.306717 22.953480 -14.354199 -18.165848 -26.993900 2.500546 -2.326661 -8.528951 2.223764
-6.220443 -13.848269 22.916910 -15.498888 -2.649333 -6.242929 -8.577375 -11.132339 19.629770 -3.038189 14.737331 7.462653 7.430789 -6.092572 13.964885 13.848325 14.832852 4.499142 -8.959982 -9.923107 2.388146 2.419031 20.415941 -18.712606 -20.058853 -21.302431 6.833978 -3.239444 -11.536711 1.251211
-5.387168 -12.977064 24.780090 -15.837669 -2.446805 -6.120507 -6.658747 -10.073843 19.213577 -1.969424 13.225250 8.753179 9.984482 -7.357134 15.467470 13.661923 13.528790 3.633396 -9.828099 -6.427420 2.029191 2.661309 16.563694 -22.153889 -22.362759 -16.866514 11.086463 -3.567195 -9.815063 1.666547
-2.227815 -12.288847 24.270508 -16.301874 -1.469965 -6.529215 -4.966343 -8.689297 19.184250 0.285632 10.655235 10.031324 11.197946 -8.053509 16.648664 12.307908 11.902348 3.866105 -10.950167 -3.690087 1.387389 3.327933 12.639174 -24.852562 -24.274799 -14.187361 13.489934 -3.897171 -8.303712 2.240993
1.618400 -11.949393 22.929379 -15.235048 -1.182649 -6.977803 -4.968032 -8.506411 19.044039 2.402401 6.864470 11.203352 11.424567 -8.844357 16.396994 12.588641 9.683005 6.767753 -11.473686 -3.210491 2.330201 0.595744 11.172923 -29.077005 -24.832634 -12.885077 13.863217 -5.908848 -8.840430 2.431422
4.843345 -10.860192 22.150219 -14.173908 -1.441959 -7.947807 -4.511428 -7.485192 18.761288 3.186363 3.335223 12.104413 11.055690 -9.785553 16.294506 12.113172 7.740819 9.822623 -11.040563 -4.067882 4.301993 -4.360050 9.398102 -33.017727 -24.524097 -11.913920 13.985514 -6.868684 -4.977106 2.320602
8.916753 -9.682209 20.512325 -12.298154 -1.865891 -9.016963 -4.591789 -6.652362 18.454348 4.051619 0.512386 12.299693 10.160905 -10.142132 16.377533 10.973990 6.054272 11.802808 -10.751440 -4.788794 2.277356 -10.158177 7.766494 -35.747292 -23.577778 -8.761372 13.856727 -5.659975 -0.065506 -0.069560
12.761698 -8.696615 18.397060 -10.922974 -2.484523 -10.524189 -5.842780 -6.123950 17.482735 5.335218 -3.179994 12.395712 9.256032 -10.297222 16.630024 8.502507 4.788474 13.698615 -10.224319 -5.350296 1.035519 -14.004224 6.402812 -37.856544 -21.730955 -4.915763 14.387009 -2.597416 4.638803 -2.427068
15.324621 -7.523152 17.645128 -9.276856 -3.223581 -10.514107 -6.684412 -6.563670 16.305258 7.784885 -5.401224 12.638963 8.985098 -10.393809 16.628883 6.692810 3.969165 15.219758 -10.732715 -5.204409 -1.431561 -14.624151 5.401052 -39.607666 -20.594374 -0.927630 15.231761 1.424395 8.425761 -5.394235
19.072416 -6.459566 15.173491 -7.580335 -3.514610 -9.996336 -7.291439 -7.069578 15.938346 10.437893 -7.656682 12.453345 8.626067 -10.239359 17.021090 4.722556 2.476753 15.967848 -11.156136 -5.163966 -2.184647 -16.145870 4.142777 -39.089653 -19.833990 1.542673 16.800684 3.983287 15.264143 -5.828496
21.112326 -5.899346 13.497661 -6.762383 -3.502863 -9.083150 -7.596675 -7.741739 15.876947 12.334403 -8.664136 12.511106 9.036412 -10.329837 17.530846 2.993849 2.122133 15.425656 -11.961491 -4.040990 -1.938962 -18.032347 2.805638 -38.638458 -19.093103 2.633714 18.217909 5.714301 20.129961 -4.992271
21.592764 -5.586502 12.741581 -6.376840 -3.544134 -8.424544 -7.741094 -8.133295 15.790124 13.216802 -9.168903 12.236878 8.920378 -10.533932 17.656281 1.917094 1.666962 15.186607 -12.293234 -3.768598 -2.059045 -19.466122 2.062126 -37.464653 -18.840292 3.052832 19.124298 6.063195 23.423208 -3.796026
22.098345 -5.416486 11.980931 -5.888573 -3.731496 -8.086843 -7.846344 -8.246550 15.972023 13.497119 -9.207854 12.051986 8.996728 -10.663430 17.534306 1.664417 1.542020 14.870605 -12.681009 -3.490924 -1.353859 -18.865444 1.496749 -36.201416 -18.845835 2.973937 19.630009 6.581681 24.871996 -3.158411
21.939745 -5.434589 11.880997 -6.025584 -3.617088 -7.923340 -7.671683 -8.219442 16.127201 13.447392 -9.288392 11.933259 9.056228 -10.734625 17.484222 1.606754 1.544516 14.592298 -12.772500 -3.325637 -1.276634 -18.363913 1.609451 -35.737755 -18.794559 2.909378 19.657856 6.815253 25.250351 -3.137899
21.973257 -5.448698 11.927419 -5.898669 -3.688254 -7.897536 -7.779363 -8.321348 16.074781 13.485041 -9.377714 12.013555 8.907269 -10.692911 17.552494 1.423844 1.559770 14.627261 -12.719488 -3.427931 -1.191509 -18.433025 1.420902 -35.853783 -18.886864 2.894507 19.709091 6.732847 25.232447 -3.061465
21.985975 -5.383330 12.037397 -5.812821 -3.888138 -8.061938 -7.960443 -8.288152 15.886209 13.423208 -9.343740 12.103150 8.935508 -10.701035 17.616508 1.588062 1.608977 14.681273 -12.630610 -3.489309 -1.029587 -18.438244 1.387683 -35.952171 -18.992744 2.932917 19.747578 6.578156 25.297256 -3.060599
22.259989 -5.294616 12.149948 -5.468365 -4.091607 -8.145547 -8.153714 -8.377840 15.712473 13.457370 -9.536819 12.230062 8.709824 -10.677681 17.797028 1.476481 1.824364 14.483434 -12.409635 -3.548104 -0.525561 -18.815214 0.786870 -35.887604 -19.088270 2.829991 19.866879 6.580742 25.497417 -2.872888
22.198622 -5.283707 12.544766 -5.194957 -4.263750 -8.211802 -8.364766 -8.561461 15.449413 13.439449 -9.737730 12.368611 8.548665 -10.699194 18.022995 1.486288 1.938246 14.420697 -12.170519 -3.629894 -0.337086 -19.047131 0.311936 -35.923229 -19.359142 2.736015 19.998613 6.381460 25.446650 -2.635054
22.088076 -5.395159 13.149045 -4.973394 -4.405902 -8.248256 -8.558037 -8.813718 15.280484 13.396883 -9.858297 12.451310 8.452485 -10.780729 18.148422 1.742527 2.187398 14.284684 -11.941584 -3.670865 0.095583 -18.533285 -0.176005 -35.984985 -19.753242 2.424201 20.056810 6.239549 25.281897 -2.378479
22.022680 -5.295914 13.609013 -4.607792 -4.777462 -8.450006 -8.784007 -8.835497 14.957811 13.217014 -10.081624 12.667863 8.179591 -10.654964 18.334827 2.317319 2.119576 14.530559 -11.746603 -3.834742 0.963564 -18.778994 -0.947232 -36.255314 -19.923447 2.068972 20.040813 6.269253 25.152067 -2.193624
22.133699 -5.279333 14.020602 -4.244550 -5.046700 -8.790491 -8.760420 -8.643621 14.913658 12.790573 -10.266167 12.774125 7.912930 -10.754974 18.590759 2.677121 2.319729 14.482032 -11.224369 -4.062727 2.325777 -19.080435 -1.901273 -36.734478 -20.080105 1.666017 20.111908 6.276227 24.592855 -1.970212
22.213285 -5.411746 14.672344 -3.357179 -5.447416 -8.800249 -9.201138 -9.129033 14.727808 12.607755 -10.559498 12.919559 7.511923 -10.759190 18.894226 3.258523 2.725155 14.179307 -10.584366 -4.346658 4.037540 -19.241201 -2.880466 -37.120533 -20.160135 1.344924 20.363903 6.365496 24.458921 -1.609765
21.956169 -5.396290 15.369149 -2.894093 -5.805031 -8.819019 -9.570960 -9.482143 14.434213 12.628448 -10.671446 12.968160 7.117227 -10.624220 19.164120 3.588940 3.002915 14.081733 -10.140045 -4.576190 5.372772 -19.648540 -2.972007 -37.669434 -20.137791 1.250460 20.667652 5.985169 24.010183 -1.290094
21.882566 -5.440445 15.586595 -2.297905 -6.217793 -9.186342 -9.705877 -9.293121 14.510832 11.702172 -10.646646 13.109756 6.763643 -10.409138 19.365406 4.336059 3.369549 13.906149 -9.654821 -4.850783 7.098725 -18.715849 -3.154325 -38.147995 -20.367376 1.076056 21.150043 5.619844 22.725088 -0.932330
21.233280 -5.408616 16.967422 -1.508356 -6.722219 -9.118819 -9.891567 -9.697830 14.151369 11.335940 -10.413026 13.012852 6.645167 -10.450661 19.354382 5.187749 3.690824 13.892115 -9.060754 -5.193641 8.673694 -17.741829 -3.603775 -38.453491 -20.487692 0.988646 21.693439 5.570398 21.585695 -0.540745
20.701546 -5.406262 17.760338 -1.140083 -7.104947 -9.216063 -10.029483 -9.804389 14.001678 10.763278 -10.585379 13.091540 6.220900 -10.454202 19.401640 6.020461 4.009923 13.855523 -8.447689 -5.699274 10.215667 -17.045254 -4.077608 -38.716869 -20.598816 1.093298 22.328300 5.510912 20.711432 -0.139040
20.412500 -5.668796 18.389563 -0.609342 -7.228051 -9.312575 -10.034728 -9.952236 14.087120 10.145755 -10.609248 13.119394 5.765716 -10.278099 19.321577 6.926649 4.322132 13.742075 -8.092854 -6.039160 11.791057 -16.178951 -4.443036 -38.904255 -20.695499 1.301484 23.100594 5.393989 19.991245 0.323280
20.190416 -5.672366 19.173723 -0.471110 -7.304127 -9.199990 -10.120463 -10.308099 13.881049 10.355415 -10.678096 13.153803 5.323281 -10.107128 19.094608 7.902924 4.571502 13.885302 -7.807871 -6.494854 13.146063 -15.179684 -4.419362 -39.010029 -20.646507 1.503371 23.764515 5.250254 19.478256 0.743337
20.187750 -5.703445 19.338873 0.380832 -7.523267 -9.027276 -10.236443 -10.611007 14.031048 10.040956 -10.657577 13.167712 4.929465 -10.002529 19.155689 9.108109 4.611209 13.869252 -7.293583 -6.959536 14.424600 -14.249510 -4.766209 -39.055244 -20.734015 1.750242 24.581650 5.242306 19.495131 1.305784
19.719381 -5.739877 19.936615 0.728946 -7.736300 -8.979330 -10.351507 -10.813559 13.903399 9.733015 -10.544262 13.120539 4.834315 -10.024895 18.985825 9.775271 4.818643 13.948289 -7.023199 -7.251786 15.590112 -13.578534 -4.856964 -38.911522 -20.731361 1.621184 25.005482 5.091064 19.299911 1.854032
19.278578 -5.727043 20.482121 0.825373 -7.826608 -8.832062 -10.257140 -10.943655 13.886820 9.519351 -10.536860 12.959069 4.708637 -10.031993 18.805134 10.338366 4.812105 14.221299 -6.776184 -7.580129 16.458035 -12.946170 -4.758479 -38.798393 -20.732048 1.697314 25.479309 4.921240 19.116442 2.303340
19.231226 -5.617871 20.583506 1.205460 -7.916865 -8.684223 -10.224723 -11.078705 13.959235 9.417152 -10.432856 12.832501 4.474556 -9.900602 18.763432 10.714330 4.743894 14.446980 -6.618276 -7.794516 17.042738 -12.445718 -4.839825 -38.720211 -20.774277 1.776094 25.835789 4.823568 18.773087 2.593584
19.001326 -5.549892 20.644745 1.221344 -8.020017 -8.734604 -10.254757 -11.014894 13.929591 9.193954 -10.275052 12.718617 4.445841 -9.937220 18.642551 10.977935 4.762607 14.605748 -6.553120 -7.939423 17.471849 -12.045724 -4.899373 -38.611191 -20.778675 1.746858 26.001560 4.835579 18.707962 2.764410
18.992998 -5.573277 20.638720 1.333044 -8.028706 -8.668875 -10.272579 -11.088515 13.975460 9.184278 -10.245409 12.702019 4.352420 -9.856054 18.594845 11.144990 4.740250 14.595825 -6.536915 -8.023362 17.439999 -11.967736 -4.883060 -38.592697 -20.801769 1.702262 25.985901 4.790089 18.634125 2.809769
19.041769 -5.590062 20.546070 1.193572 -7.999744 -8.796375 -10.271714 -10.968140 13.970268 9.139456 -10.308167 12.681551 4.399752 -9.929648 18.662350 10.885100 4.711985 14.607236 -6.481508 -8.007204 17.363544 -12.134990 -4.917358 -38.615776 -20.775042 1.773228 25.970203 4.848231 18.750120 2.718858
19.235878 -5.658787 20.429405 1.150523 -7.894933 -8.797809 -10.241896 -10.969368 13.985964 9.290453 -10.393057 12.905847 4.512592 -9.961814 18.794119 10.685161 4.805995 14.364102 -6.580339 -7.789527 17.186340 -12.240484 -5.105872 -38.604156 -20.791336 1.729084 25.794954 5.031419 18.985342 2.516587
19.623346 -5.851822 20.180140 0.952558 -7.771521 -8.994871 -10.344602 -10.892215 13.974602 9.486256 -10.613617 13.041232 4.643173 -10.068419 18.951593 10.084239 4.854991 13.965082 -6.648014 -7.538177 16.553377 -12.179520 -5.231333 -38.411572 -20.806149 1.755010 25.487204 5.414778 19.795725 2.144343
20.220446 -5.899168 19.526260 0.958353 -7.604107 -9.171732 -10.235116 -10.622197 14.164941 9.740601 -10.846077 13.090258 4.896272 -10.316227 19.210098 9.061200 4.834628 13.710107 -6.835448 -7.083556 15.877669 -12.293310 -5.678035 -38.567085 -20.815050 1.736626 25.068596 5.975726 20.614569 1.648057
20.558599 -5.962713 19.012167 0.423805 -7.406425 -9.393787 -10.119248 -10.247093 14.222270 9.815100 -10.926225 13.147286 5.029876 -10.284389 19.360409 8.088780 4.605820 13.698792 -7.208458 -6.737871 15.454207 -11.748796 -6.102755 -38.110275 -20.655313 1.357485 24.257277 7.021966 21.697033 0.927782
20.738951 -5.693643 18.060238 -0.012012 -7.555316 -9.911245 -10.164289 -9.466881 14.149382 9.542100 -10.942807 13.220941 5.548887 -10.505154 19.760662 6.695400 4.270617 13.614536 -7.498908 -6.234610 14.507175 -11.885400 -6.114465 -37.804787 -20.460583 1.255338 23.585258 7.708653 22.771877 0.300193
21.452900 -5.523075 16.928535 -0.428683 -7.272541 -10.023439 -9.994630 -9.044706 14.273615 9.838284 -11.028912 13.249696 6.066386 -10.712074 20.042021 5.443917 4.253430 13.066384 -7.855209 -5.605010 13.808885 -11.836366 -6.087066 -37.100502 -20.352129 1.211628 23.149029 8.348142 24.515341 -0.045931
22.011797 -5.569988 15.709970 -1.013819 -6.943339 -10.139457 -9.898664 -8.629690 14.529072 10.128104 -10.780870 12.961417 6.793025 -10.730320 19.875813 3.745010 3.802661 13.356734 -8.520869 -5.034179 12.100488 -11.547269 -6.154943 -36.198654 -20.201054 1.493794 22.874807 9.525822 26.967749 -0.369702
22.369774 -5.588031 14.387119 -1.323218 -6.629581 -10.033329 -9.622014 -8.191981 14.982473 10.179644 -10.670013 12.422394 7.394740 -11.018330 19.795910 2.149206 3.228506 13.601123 -8.942127 -4.573408 10.549017 -10.834716 -6.246615 -34.863174 -20.041410 1.389696 22.447662 10.957048 29.723257 -0.609313
22.788166 -5.259922 13.337420 -2.206756 -6.118179 -9.967587 -9.036823 -7.599869 15.191691 10.510095 -11.095118 12.668758 7.630644 -10.970903 19.759819 0.308702 2.604233 13.885118 -9.872588 -4.107399 8.082322 -10.392862 -5.999211 -33.491707 -19.810564 2.202206 22.475388 12.211090 32.508492 -0.851210
23.280336 -4.905307 12.041882 -2.608852 -5.718762 -10.028417 -8.376897 -6.817882 15.635229 10.324197 -11.060419 12.415646 8.211631 -11.188466 19.530483 -1.089705 2.123440 13.873210 -10.889942 -3.359419 5.682868 -9.123255 -5.157442 -30.789202 -19.568586 2.771601 22.841499 13.201639 34.288738 -0.446007
23.294737 -4.762770 10.837163 -3.149888 -5.164940 -9.889792 -7.574236 -6.146031 16.320581 10.176237 -10.872509 12.024522 8.890328 -11.192339 18.962872 -1.845016 1.229821 14.362062 -11.764053 -3.134161 4.533535 -9.073728 -3.641340 -28.659950 -19.011200 3.183251 23.187136 13.513765 36.235981 0.127650
23.903067 -4.396445 9.506546 -3.313130 -4.546114 -9.706470 -6.501563 -5.395753 17.081226 10.323236 -10.608395 11.409360 9.391072 -11.063469 18.469536 -2.065634 -0.024279 15.127951 -12.327448 -3.206861 4.425508 -8.950462 -1.980103 -26.745508 -18.451233 2.459375 22.536921 13.439331 37.709873 0.351369
24.411028 -4.141589 8.589987 -3.680571 -3.865211 -9.571468 -5.561562 -4.848722 17.778116 10.303730 -10.812073 10.265577 9.996312 -10.869470 17.762733 -1.761316 -1.599658 16.355631 -12.946861 -3.373575 3.455807 -9.254359 -0.183165 -24.876400 -18.053015 1.156066 21.170053 13.146996 38.354214 0.286892
17.787760 -3.047255 10.139971 -6.899495 -6.998882 -15.327332 -6.398128 0.705501 16.963614 0.746417 -7.322226 4.868430 9.917043 -15.141874 15.105441 2.147325 1.176755 17.319357 -5.700631 -9.701537 -8.520890 0.076644 20.366547 -1.709425 -16.210657 -18.296738 3.567634 7.691086 28.158665 2.009628
18.521971 -2.264454 9.582447 -6.648327 -6.797209 -15.099592 -5.633990 1.139683 17.019110 1.604879 -8.025629 3.835665 10.113370 -15.174389 14.560684 1.838482 -0.107670 18.784216 -5.584463 -10.101521 -11.627954 -1.157356 21.803034 0.825608 -15.826101 -21.318733 0.524287 7.941431 27.014521 1.498605
19.070316 -1.195470 9.032995 -6.967541 -6.229898 -15.151307 -4.199147 2.224306 17.266417 2.029229 -8.919205 2.775587 10.422908 -15.594112 14.167325 1.187706 -1.155226 20.037947 -5.477222 -10.109445 -13.481002 -3.030977 22.058496 2.684246 -14.952526 -22.573441 -1.120542 9.169947 27.237265 0.656335
20.615732 0.107688 8.859400 -7.346652 -5.569428 -15.531118 -2.966835 3.130296 17.096529 3.413099 -9.370312 0.885602 10.755466 -15.984463 13.501599 0.558753 -2.335434 21.350264 -5.494998 -10.041320 -15.292382 -4.322802 21.875885 4.938489 -13.782834 -23.062456 -2.145543 11.297641 27.849449 -0.145268
21.294872 1.654399 9.052837 -6.976314 -5.337702 -15.307828 -1.449635 3.953373 16.993673 4.565348 -9.584688 -0.782926 10.778962 -16.594872 12.896606 -0.432024 -2.882906 21.890097 -5.688160 -9.917209 -16.296747 -4.602224 21.860720 6.281323 -12.982275 -22.472599 -2.182638 13.057055 27.610815 -1.237206
21.435564 3.212087 9.245954 -7.871492 -5.365958 -15.113729 -0.683813 4.646155 16.349566 5.204253 -9.889059 -2.447984 11.445985 -17.258934 11.866226 -0.887165 -3.407722 22.200977 -6.310705 -9.346910 -17.731646 -3.535861 22.396597 6.697099 -11.779930 -22.075638 -1.761106 15.324278 26.195581 -1.383975
21.657003 4.804085 9.832957 -7.593852 -5.188141 -14.404415 0.691449 4.972629 16.181131 6.131639 -10.275888 -4.078949 11.991721 -17.761059 11.041253 -1.387729 -3.665244 22.009331 -6.684340 -9.323144 -16.938314 -2.240801 22.712259 8.151299 -10.688732 -20.682770 -0.643742 17.276489 25.611980 -2.093730
21.345488 5.999255 9.854131 -7.272614 -4.936793 -14.134389 1.902587 5.663688 16.109535 7.027771 -10.960873 -5.488797 11.811038 -17.872196 10.901584 -1.974616 -3.931756 21.305744 -6.716471 -9.850597 -17.262537 -1.075119 23.450094 9.526752 -9.847553 -19.278107 0.246052 18.593567 24.207191 -3.033877
20.719530 7.212391 9.798693 -6.876495 -5.181099 -13.698433 2.792519 6.244469 16.126282 7.172498 -11.733234 -7.295080 11.449201 -17.323421 10.996200 -2.309162 -4.270862 20.044037 -6.143724 -10.452996 -16.901739 0.128642 24.508364 11.379992 -8.636812 -17.823269 0.945199 20.032066 22.862024 -4.349236
19.897869 8.287071 8.875654 -6.278147 -5.525149 -13.512446 3.439662 7.112082 16.299572 7.210207 -12.648758 -8.857551 11.084771 -16.629589 11.057847 -2.745115 -4.429037 19.082581 -5.661286 -11.128498 -17.152304 1.239971 26.014484 13.290329 -7.464571 -16.977764 1.170545 20.849922 21.954641 -4.788127
19.442305 9.636097 8.220961 -6.057697 -5.800571 -13.098019 4.123960 7.813224 16.296370 7.076516 -12.804274 -10.783942 10.623669 -16.360779 10.892108 -3.550456 -4.314863 17.766132 -5.413723 -11.689633 -16.828476 2.513220 27.279728 15.788700 -6.389047 -15.687208 1.398628 21.834347 19.928324 -6.202828
18.828945 10.855990 7.736581 -5.324085 -6.288022 -12.489481 4.622113 8.199083 16.200922 7.093890 -13.534717 -12.532045 10.035819 -16.237066 10.736881 -4.034575 -4.332152 16.876575 -5.046627 -12.079289 -16.492186 4.101315 27.581312 18.631044 -5.250725 -14.286283 1.921772 23.467548 17.364359 -7.293451
18.389374 12.167038 7.376482 -5.089034 -6.743814 -11.774101 5.129177 8.522328 16.102310 6.831981 -13.341827 -14.204984 9.865453 -16.458647 10.334359 -4.558796 -4.408896 16.377817 -5.172257 -11.830546 -15.866171 5.575693 27.527571 20.768269 -4.027821 -13.448955 2.340644 25.828722 14.597469 -8.421677
18.040258 13.703978 6.879190 -5.402087 -7.188158 -11.317535 5.518589 9.022812 15.821606 6.458697 -12.594437 -15.662306 9.609260 -17.135963 9.695828 -4.774192 -4.197522 15.994102 -5.522239 -11.585403 -15.097021 4.963758 27.719954 21.255678 -2.403459 -12.456535 2.679180 27.709578 12.077678 -10.084761
17.842566 15.022741 6.424315 -5.294698 -7.652829 -10.938320 5.804461 9.464057 15.428794 6.726212 -12.115624 -17.227737 9.697694 -17.739021 9.080518 -5.054151 -3.969707 15.660693 -5.798918 -11.042066 -14.540725 3.105309 27.031294 21.257084 -1.135002 -12.062508 2.950276 28.973087 9.659966 -10.912849
17.762770 16.182611 6.031477 -5.165129 -8.007692 -10.539314 6.045303 9.691799 15.224144 6.679071 -12.250701 -18.648846 9.354363 -18.038361 8.185586 -5.222560 -3.452896 15.648711 -6.103410 -10.506774 -13.857411 1.443239 26.369417 21.394958 0.180499 -11.665172 3.563657 30.212437 7.313642 -11.055023
16.803089 16.946527 5.330044 -4.928570 -8.487168 -10.202177 6.207410 10.236605 14.971417 6.969411 -12.303177 -19.836010 8.862639 -17.990570 7.493448 -5.399748 -2.885887 15.583529 -6.351316 -10.187175 -13.470151 -0.946420 24.791027 20.404100 1.392728 -11.715548 4.040645 31.652264 5.342078 -10.922548
16.182848 17.982004 4.571548 -4.503654 -9.031521 -9.799236 6.410183 10.725035 14.699989 7.356259 -12.797847 -21.087276 8.284492 -17.644835 6.963822 -5.744570 -2.581097 15.664641 -6.286338 -10.279490 -13.044347 -3.294450 22.819365 19.978878 1.965590 -11.662757 4.501320 32.518921 3.309084 -10.930670
15.604023 18.996696 4.176826 -4.253069 -9.524273 -9.107111 6.598107 10.852422 14.431223 7.754563 -12.972864 -22.402145 7.760209 -17.194427 6.382851 -6.191124 -1.941468 15.587245 -6.075415 -10.277759 -12.692880 -5.500220 20.658293 20.823610 1.958263 -11.793533 4.826186 32.926781 1.917755 -11.072756
14.839056 19.996050 3.788248 -4.072901 -9.932639 -8.570990 6.884774 11.212955 13.968435 8.403934 -13.579127 -23.720423 7.491357 -16.757229 5.611585 -6.385518 -1.166241 15.358071 -6.014271 -10.063369 -12.250475 -7.601254 18.703947 21.170717 2.012849 -12.308277 5.267742 33.258041 0.509435 -10.475746
13.930775 20.861298 3.103083 -4.111136 -10.310305 -8.185612 7.102539 11.702598 13.728855 8.803201 -13.244771 -24.762512 7.105422 -16.828115 5.213898 -6.618474 -0.750780 15.166532 -6.200832 -9.752803 -12.054555 -9.727881 17.239389 21.171556 2.413306 -12.680385 5.543978 33.969124 -0.413084 -10.156756
13.701112 21.780006 2.635690 -4.209240 -10.716152 -7.689489 6.864355 11.524513 13.578075 8.570990 -13.831055 -25.365191 6.587029 -16.486891 4.609606 -6.628447 -0.149913 14.973763 -6.291500 -9.630954 -11.513228 -11.275073 16.101112 21.392546 2.521755 -12.746254 5.835177 34.240627 -1.583782 -10.322935
13.270325 22.378342 2.156772 -4.135338 -11.017081 -7.471714 6.825156 11.699265 13.425938 8.579922 -14.339659 -25.798336 6.140084 -16.282022 4.127838 -6.551564 0.284983 14.947550 -6.441620 -9.547761 -11.176756 -12.492903 15.149561 21.034433 2.583457 -12.958977 5.920211 34.409252 -2.338129 -10.356374
12.604328 22.678495 1.997496 -3.776327 -11.276857 -7.234244 6.952895 11.936726 13.124069 9.218170 -14.637541 -26.109123 5.773532 -16.258839 3.665111 -6.590274 0.712382 14.972448 -6.700080 -9.550298 -10.859019 -13.068843 14.294224 20.964781 2.636222 -13.206945 6.075408 34.709732 -3.063795 -10.134369
12.229593 22.693342 1.929394 -3.547403 -11.387030 -7.114354 6.983921 12.023752 12.936319 9.639772 -14.711185 -26.304958 5.545286 -16.205675 3.554792 -6.606708 0.942937 14.900672 -6.737031 -9.523544 -10.572637 -13.511146 13.831150 20.712988 2.710997 -13.341539 6.167635 34.816856 -3.553684 -10.017035
11.979289 22.685486 1.762357 -3.380493 -11.440986 -7.123632 7.011601 12.140600 12.949589 9.693986 -14.761375 -26.354507 5.461449 -16.167355 3.472615 -6.632431 1.061509 14.878572 -6.787863 -9.508210 -10.479669 -13.633612 13.627602 20.702829 2.694543 -13.372455 6.162670 34.864086 -3.698712 -10.062119
