-3.583142 -12.936632 -0.740685 9.172104 -13.974205 -7.586365 -24.804314 -12.276041 11.217813 16.671341 -8.703209 6.172336 -1.443765 16.566376 6.272157 -0.058228 23.371092 3.934730 -6.775131 -19.792292 17.205889 -16.019920 29.371370 8.760933 -22.632799 -10.317760 12.057019 -17.478226 21.667070 -1.673306
-3.712073 -12.519527 -0.549839 8.870918 -13.643840 -7.396259 -24.061941 -11.978118 11.432355 16.881287 -8.024914 5.798419 -0.730960 16.125763 6.060264 0.312383 23.683916 3.822591 -6.972702 -19.052301 17.410480 -16.818892 27.942728 8.785826 -22.641060 -11.109040 11.612441 -16.803951 21.773985 -1.578399
-4.436640 -11.953403 0.275310 8.160955 -12.946018 -6.862024 -22.531540 -11.597723 11.966361 17.153793 -7.379552 5.240695 0.320609 15.327083 5.670068 0.514850 24.241961 3.282908 -7.681758 -17.471247 18.195143 -18.311274 25.860723 8.825312 -22.699852 -12.047804 11.479051 -15.898334 21.658884 -1.179351
-5.057566 -11.278444 1.168275 7.306617 -12.184427 -6.668183 -20.772415 -10.781551 12.311833 17.441387 -6.393728 4.507008 1.662413 14.337391 5.337714 0.814259 24.924503 2.774211 -8.515508 -15.310527 18.866823 -20.343748 23.101196 9.225077 -22.664845 -13.399978 11.114135 -14.739696 21.329435 -0.528471
-5.849631 -11.047057 2.252103 6.510407 -11.141018 -5.784780 -18.886749 -10.684313 13.221867 18.030285 -5.286922 3.651274 3.101799 13.330442 4.817587 0.917408 25.834776 2.206115 -9.440441 -13.109654 19.350185 -20.957115 20.629932 9.691719 -23.062609 -14.743924 10.901556 -13.748388 20.298174 0.002722
-6.589231 -10.636293 3.245497 5.686553 -10.460399 -5.361833 -17.297546 -10.215601 13.746912 18.294729 -4.135261 3.093742 4.399059 12.432830 4.585491 0.726206 26.243914 2.182472 -10.547441 -11.105474 20.020826 -22.111040 17.654364 9.979902 -23.478632 -16.072155 10.801920 -12.571480 19.402468 0.541714
-6.752615 -10.328167 3.709359 5.026044 -9.805189 -5.359628 -15.789917 -9.428036 14.439073 18.092424 -3.557990 2.417609 5.812755 11.404783 4.810002 0.331842 25.952236 2.698582 -11.142860 -9.144534 20.941851 -23.166121 15.261424 10.232439 -23.525871 -17.427620 10.458574 -11.319609 18.347002 0.814230
-7.004218 -9.909524 4.586637 4.578102 -9.140911 -5.093669 -14.106276 -8.808814 15.007072 17.872007 -3.217473 1.980671 6.746755 10.773411 5.161516 0.006363 25.876131 2.726575 -11.384430 -7.679887 20.964891 -23.379396 13.338538 10.575118 -23.789982 -18.020657 10.747294 -10.504702 16.663837 1.198829
-7.361172 -9.855955 5.372751 4.199190 -8.645178 -4.954889 -12.992310 -8.455254 15.378958 17.651028 -2.979547 1.808480 7.333866 10.465569 5.316425 -0.086246 25.904058 2.833976 -11.836632 -6.702551 20.067705 -23.404823 11.805515 10.944437 -24.251196 -17.935690 11.297503 -9.974342 15.109700 1.354432
-7.463651 -9.648111 5.570139 4.105289 -8.426185 -4.964751 -12.403384 -8.114239 15.504095 17.593874 -3.072440 1.698379 7.171759 10.460880 5.385088 -0.308831 25.908545 2.963548 -11.831921 -6.484090 19.683907 -22.906776 11.147723 11.108756 -24.546368 -17.891041 11.553463 -9.722885 14.424827 1.401793
-8.002495 -9.624249 5.899161 3.922868 -8.515523 -4.860354 -12.416059 -8.190779 15.438740 17.474300 -2.680664 1.487646 7.627932 10.167221 5.343459 -0.148835 25.909399 2.981933 -11.883591 -6.093893 19.601286 -22.474783 10.928803 11.091970 -24.727591 -17.762203 11.769087 -9.709908 14.109607 1.424760
-10.903948 -9.827436 7.271561 2.282083 -8.131001 -5.106339 -11.125176 -7.156470 15.971119 15.526833 0.025811 0.760400 10.257527 9.177084 5.320345 0.921757 25.870310 2.210595 -12.219531 -4.104374 19.789883 -20.351707 9.881548 11.038412 -25.479706 -16.802628 13.468665 -9.496588 10.422045 1.562984
-14.159092 -11.164450 8.625885 -0.037736 -6.336003 -4.693847 -8.576129 -6.198579 18.032385 12.917809 3.060995 -0.177738 13.175493 7.866186 4.869179 3.499211 24.917616 2.397062 -12.060401 -2.315559 19.278400 -11.256846 6.085204 9.948692 -28.201397 -11.922315 18.537945 -7.999768 1.949574 -0.413889
-16.289948 -14.250393 10.906101 -3.381096 -3.015813 -5.541757 -3.908243 -3.399260 21.762419 8.971258 5.822582 0.649423 18.322773 6.231297 5.296070 9.496059 21.506266 5.594433 -10.215052 -1.653719 21.537109 -11.265866 8.804217 3.144691 -29.652840 -12.711988 16.921381 -13.872946 -6.306709 -1.811063
-16.299118 -18.927113 12.393115 -6.810311 0.880604 -5.745552 -0.320614 -2.442356 24.747496 7.374857 7.274132 2.663843 20.495325 6.870450 6.989341 14.113791 16.622128 8.559126 -7.580417 -4.308814 22.235985 2.802732 11.336937 -1.118387 -32.045109 -9.928846 17.216698 -14.052364 -4.809974 -6.099247
-10.276840 -23.121782 11.341298 -6.776435 2.767051 -7.425641 -1.569235 -4.081824 24.390295 9.676439 6.627181 4.732669 19.845905 9.951546 11.316447 13.375731 10.901050 12.349441 -4.297291 -8.254327 18.063251 2.563176 9.702356 -2.790629 -33.992939 -15.606158 10.934051 -15.658569 0.561934 -5.986445
-4.568001 -24.853588 4.884267 -6.918163 1.974174 -12.714991 -6.841709 -3.240433 22.190243 9.370268 2.291468 7.447379 14.053189 14.149794 14.981748 6.221460 8.422721 13.781227 -2.261952 -13.824666 16.213745 2.861170 6.079629 -2.495062 -33.796413 -16.121517 8.119362 -10.647266 13.948096 -7.898545
-1.492837 -25.138453 -3.318875 -8.408548 1.559578 -16.854639 -12.151896 -2.412010 20.569487 9.547546 -3.883339 8.932059 9.529606 16.707539 16.242451 0.683700 5.730505 16.726274 -3.082026 -15.980025 17.059408 2.724722 2.516614 -6.977337 -31.848341 -20.758377 -0.635413 -5.492044 19.422022 -14.559368
0.550078 -24.546011 -9.023023 -7.686188 -0.074230 -18.617222 -17.556179 -3.315690 18.570419 10.511366 -5.394469 7.749155 5.705230 18.041241 15.581218 -4.861629 7.077083 17.003458 -4.950585 -16.564140 15.569641 4.655629 -1.643175 -12.981970 -33.042233 -23.309322 -6.098041 -1.919037 17.242474 -21.115658
2.151618 -23.054096 -12.429461 -5.733109 -1.720762 -18.762484 -20.442848 -3.949841 17.164558 11.558914 -5.265248 5.890196 4.450377 17.744320 14.719047 -7.766785 8.336641 17.314039 -4.981849 -17.033039 14.769132 -3.054511 -9.342942 -13.870471 -33.007122 -22.899199 -4.655575 1.357531 16.355541 -20.380833
2.193641 -22.790850 -12.703149 -5.407318 -1.982180 -18.622915 -20.737913 -4.086705 16.999796 11.700771 -5.075225 5.739283 4.309216 17.758736 14.643035 -7.962900 8.597962 17.137621 -4.993631 -17.029652 15.335569 -3.970226 -9.816986 -14.214838 -32.782551 -22.809536 -4.430078 1.607463 15.881818 -20.408941
1.692027 -23.113119 -12.043021 -5.306382 -2.023457 -18.153009 -20.978275 -4.783950 16.899645 11.953053 -4.916066 6.014122 4.238413 17.975525 14.729587 -7.661394 8.683123 16.993959 -4.937113 -17.228144 15.505246 -3.400897 -9.376987 -14.294016 -32.948891 -22.907787 -4.467720 1.255552 15.625152 -20.407642
1.123248 -23.556551 -11.189335 -5.652752 -1.706416 -17.767519 -20.537628 -5.080511 17.195105 11.931827 -4.079165 6.238786 4.452884 18.034500 14.592679 -6.862767 9.214894 16.464058 -5.114417 -16.966547 15.714661 -2.875153 -8.226837 -14.381457 -33.005772 -22.433296 -4.094351 0.583499 15.249554 -20.363239
-0.042500 -24.241735 -9.629143 -5.959702 -1.508766 -17.098131 -20.201273 -5.745140 17.476095 11.818597 -2.682095 6.593259 4.863409 18.160639 14.426522 -5.713081 10.045848 15.598771 -5.201600 -16.746664 16.660986 -2.747129 -6.331201 -14.601358 -32.651035 -21.912802 -3.766526 -0.410332 13.651641 -20.584255
-1.410166 -24.753479 -7.878762 -6.416890 -1.165744 -16.294868 -19.417271 -6.211734 17.846949 11.748421 -0.986135 6.537538 5.525608 17.981865 14.137158 -4.562993 10.854520 14.864282 -5.126074 -16.547743 17.572538 -2.562679 -4.196092 -15.060284 -32.581188 -21.422638 -3.223219 -1.936226 12.409465 -20.404472
-2.957512 -24.887941 -6.161426 -6.585397 -1.048543 -15.199917 -18.532145 -6.660056 18.168261 11.701767 0.285126 6.807319 6.027499 18.051617 14.306376 -2.905379 11.178235 14.441823 -4.499734 -16.811380 18.840666 -2.497077 -2.140366 -15.285673 -32.405304 -21.141283 -2.588112 -3.398202 10.826280 -20.023748
-4.656958 -25.174095 -4.613677 -6.795179 -1.092038 -14.398766 -18.114990 -7.111877 18.317316 11.378155 1.595229 7.161314 6.567271 18.158510 14.433898 -1.412851 11.802152 13.553479 -4.362973 -16.399359 19.988691 -1.963316 -0.383913 -15.348860 -32.193039 -21.032642 -2.156825 -4.276121 9.468961 -19.864126
-5.549769 -25.105959 -3.556963 -6.734303 -1.106764 -13.643259 -17.574852 -7.376784 18.532408 11.348433 2.424904 7.046313 7.254186 17.819042 14.394174 -0.626996 11.976245 13.380809 -4.298568 -15.845447 21.017479 -1.652924 0.507324 -15.146528 -31.951860 -20.538986 -1.297292 -4.718771 8.510977 -19.469576
-5.908970 -25.186571 -2.824266 -6.657581 -0.905605 -13.062410 -17.059624 -7.635187 18.778543 11.471984 3.138112 7.040061 7.323774 17.934490 14.363706 -0.352214 12.644837 12.845208 -4.302265 -15.661827 21.501051 -1.504766 1.605696 -14.955860 -31.806932 -19.837637 -0.403536 -5.418309 7.956829 -18.974297
-6.382763 -25.180119 -2.201421 -6.512288 -0.939811 -12.574627 -16.898434 -7.939000 18.831320 11.551229 3.903528 7.043497 7.558241 17.931744 14.311786 0.225362 13.100682 12.478774 -4.193822 -15.588765 22.048338 -1.333399 2.165859 -15.041574 -31.739883 -19.778833 -0.179283 -5.838347 7.229719 -18.847395
-6.543313 -25.236771 -1.957332 -6.605454 -0.857342 -12.512096 -16.678720 -7.889100 18.927378 11.452168 4.035690 7.049392 7.678568 17.915623 14.320447 0.434374 13.123260 12.400670 -4.201067 -15.468705 22.046164 -1.290584 2.317318 -15.033621 -31.730629 -19.672464 -0.089653 -5.926651 7.061133 -18.832396
-7.218650 -25.316490 -1.388032 -6.489740 -0.890954 -11.908017 -16.635422 -8.369955 18.969183 11.542972 4.673766 7.022951 7.768513 17.902430 14.105298 0.874355 13.769265 11.802192 -4.391545 -15.211670 22.251192 -0.896098 2.791516 -14.895578 -31.771885 -19.617910 0.176852 -6.340498 6.436594 -18.593126
-8.202665 -25.395876 -0.352473 -6.455871 -0.838709 -11.135600 -16.116026 -8.741843 19.231874 11.408769 5.438166 7.175228 7.989713 18.024134 13.951521 1.773165 14.374764 10.884284 -4.782887 -14.675673 22.474556 -0.383588 3.291656 -14.616994 -31.690380 -19.543243 0.471552 -6.632611 4.990930 -18.469435
-9.529696 -25.409960 0.753948 -6.519819 -0.745254 -10.204802 -15.502631 -9.131668 19.538023 11.287295 6.271857 7.415809 8.298873 18.112274 13.629735 3.257423 15.117878 9.723561 -5.511709 -13.850427 22.536875 0.144971 3.819998 -14.289715 -31.694202 -19.061974 1.198414 -7.209765 3.480764 -18.066504
-10.565814 -25.299520 1.622512 -6.555164 -0.442319 -9.137095 -14.689063 -9.522018 19.980253 11.300614 6.459977 7.548826 8.622352 18.203815 13.608027 4.162169 15.129386 8.870860 -6.146706 -13.110913 23.121210 0.070819 4.974235 -13.944359 -31.370527 -18.279541 2.211092 -8.220306 2.420226 -17.305342
-12.375832 -25.015421 2.660034 -6.721327 -0.338251 -7.989985 -13.778855 -9.734235 20.404867 10.930099 6.892540 7.216992 9.110824 18.342068 13.333434 4.576531 15.454005 7.948317 -7.082118 -11.890449 24.902740 0.388345 6.659557 -13.205509 -30.656563 -18.030025 3.140863 -9.117262 1.145691 -16.410641
-13.924328 -24.646147 3.197088 -7.164329 -0.147748 -7.248805 -12.964932 -9.646240 20.808378 10.597109 7.380697 6.989262 9.609443 18.209522 12.931518 5.267566 15.736787 7.298975 -7.812160 -11.082939 26.309814 1.606676 7.893579 -12.593090 -30.451231 -17.657539 4.421625 -9.753489 1.016426 -15.458054
-13.266473 -21.636606 10.526030 -4.858522 -2.964761 -7.363881 -12.129697 -9.839650 19.335535 8.107788 7.694571 6.040592 9.618907 12.811602 11.563621 9.312198 18.232122 5.455876 -3.789034 -14.316188 30.093420 1.113927 15.279846 0.277345 -23.681477 -23.577442 3.038927 -6.563404 8.538699 -7.493559
-13.850026 -21.140028 10.432091 -4.803290 -3.226585 -7.238835 -12.112128 -9.707800 19.271097 7.910607 7.461690 5.665567 9.876749 12.343224 10.782739 9.642400 18.685934 5.094257 -4.372677 -13.816320 29.634785 0.085331 14.455589 0.990883 -23.576136 -23.457657 3.512868 -6.380364 9.618452 -6.818365
-13.669936 -20.625563 9.898642 -4.219414 -3.534913 -6.836946 -12.377033 -9.969273 19.130611 8.395128 7.436366 5.174035 10.148977 11.831398 10.287406 9.562179 18.854876 5.387724 -4.886280 -13.425478 29.067532 -1.110617 14.342758 1.534663 -23.544422 -23.078632 4.299966 -6.807030 11.137773 -5.747343
-13.813944 -20.529587 9.053452 -2.777241 -4.303357 -6.666357 -12.839679 -9.636188 18.374666 10.673457 5.825807 4.731771 11.137350 12.857124 9.271745 8.506673 20.210886 5.569268 -4.725927 -12.834826 26.569693 -2.595384 13.690773 4.734175 -25.962910 -21.526037 5.178498 -8.162264 11.302411 -6.735592
-13.115022 -19.863892 8.427971 -1.571942 -5.026814 -6.546113 -13.450899 -9.758038 17.902750 11.530609 5.119469 4.268549 10.947721 12.763502 8.789754 7.989541 20.441383 5.950646 -5.202023 -12.636184 25.957819 -4.182146 14.624858 5.018932 -25.648209 -20.487190 5.961023 -8.853000 12.178311 -6.301026
-12.809827 -19.378416 8.280817 -0.939922 -5.592911 -6.478302 -13.980214 -9.938793 17.493250 11.947966 4.351433 4.185302 9.969167 13.038780 8.334546 7.284018 21.056408 5.577690 -5.556326 -13.010849 25.869659 -4.863676 14.581935 5.292719 -25.642380 -20.268421 6.353457 -8.946728 12.573007 -5.971733
-12.600626 -19.015003 8.245905 -0.248071 -6.351412 -6.296360 -14.922989 -10.471428 16.840326 12.332748 3.785765 4.369638 8.956285 13.506679 8.170522 6.933599 21.488890 5.235316 -5.704894 -13.609597 25.561831 -5.230839 15.337734 5.764935 -25.487587 -19.664507 6.901038 -9.205437 13.013143 -5.690719
-12.268686 -18.802496 7.628809 0.391471 -7.009931 -6.316713 -16.075668 -10.935736 16.266874 12.784662 3.227627 4.550220 8.130428 13.807381 8.094958 6.699891 21.564421 4.996819 -5.740553 -14.065899 25.203501 -5.539141 16.506289 6.195108 -25.482807 -18.955696 7.485686 -10.051268 13.090845 -5.466494
-11.927238 -18.741377 7.298200 0.764057 -7.487366 -6.350795 -16.935186 -11.316803 15.894759 13.044018 2.961359 4.673510 7.588800 14.101961 8.061356 6.599200 21.758415 4.757889 -5.692701 -14.491875 25.011953 -5.505444 17.400145 6.462769 -25.386185 -18.545916 7.938940 -10.597431 13.281596 -5.016637
-11.463488 -18.875900 6.930748 0.800686 -7.444251 -6.668832 -17.051580 -11.139246 16.017590 12.983434 3.025646 4.778535 7.611212 14.103863 8.029923 6.654251 21.881453 4.689303 -5.839836 -14.477391 25.103531 -5.472293 18.047968 6.670420 -25.252163 -18.218651 8.306693 -10.940390 13.423253 -4.700921
-11.165950 -18.842010 6.735110 0.905630 -7.615199 -6.792711 -17.367704 -11.205015 15.922724 12.931817 2.865998 4.857189 7.364976 14.272723 8.017098 6.539035 21.960646 4.625404 -5.865780 -14.644620 25.191158 -5.339995 18.397135 6.753757 -25.280214 -18.092531 8.483179 -11.207323 13.455171 -4.550399
-10.948587 -18.920841 6.506613 0.997815 -7.655795 -6.988836 -17.481949 -11.096710 15.927414 12.931826 2.800713 4.971117 7.206247 14.401634 8.025537 6.470460 22.049545 4.626656 -5.903716 -14.819701 25.233896 -5.153656 18.672295 6.741442 -25.300846 -17.927650 8.647641 -11.356262 13.515329 -4.474348
-10.854580 -18.847452 6.413906 0.964561 -7.655361 -7.005069 -17.544006 -11.113503 15.892280 12.935253 2.814548 5.012370 7.134997 14.417395 8.055492 6.458465 22.079639 4.576535 -5.933738 -14.855281 25.186037 -5.071320 18.723211 6.738437 -25.278679 -17.861055 8.695007 -11.334272 13.499053 -4.439206
