-4.721044 -18.835615 12.318417 -7.261096 -8.208371 -17.321337 -19.828688 -7.358402 12.205418 4.177421 5.233993 8.430318 6.664817 6.408725 14.819290 -0.680404 20.384645 5.735952 -0.193182 -16.230888 -0.194052 6.182386 5.078750 -9.529580 -29.783062 -21.970514 -0.200651 0.598605 0.981978 -12.829133
-4.276954 -18.883347 11.720793 -7.478856 -8.146070 -17.838072 -20.001169 -7.059446 12.170845 3.979300 4.552660 8.418428 6.327258 6.467317 14.878288 -1.358305 19.993753 6.083862 -0.248288 -16.418249 -0.726368 5.912094 4.592490 -9.307981 -29.918152 -22.396687 -0.629349 0.848487 1.752075 -12.856811
-3.861963 -18.880939 10.828723 -7.592724 -8.320487 -18.471907 -20.622639 -6.830573 11.935474 3.843724 4.025533 8.333186 6.316613 6.358228 14.885971 -1.808615 19.393499 6.668076 -0.219718 -16.574450 -1.271861 5.532629 3.553595 -9.290852 -30.143162 -23.491390 -1.630469 1.330753 2.192318 -13.077381
-2.856352 -18.918951 9.651545 -7.576051 -8.306909 -19.223888 -21.233498 -6.605546 11.682071 3.951095 3.181985 8.474631 5.533181 6.682647 14.880546 -2.795117 19.306585 6.813291 -0.346061 -17.112923 -2.792325 4.314125 2.571332 -9.222992 -30.320803 -24.845493 -3.154064 1.649052 2.058589 -13.381925
-1.369856 -18.609667 8.091911 -7.457790 -8.325158 -20.067965 -21.721905 -6.109694 11.493595 4.181653 2.103928 8.053668 5.015855 6.579940 14.683080 -4.417274 18.787928 7.713665 -0.442538 -17.579372 -4.114466 3.480019 1.010646 -8.900711 -30.556667 -26.082043 -4.337923 2.391518 2.634297 -13.510771
-0.238007 -18.486572 6.341922 -7.563344 -8.539371 -21.347654 -22.731564 -5.493508 11.105322 3.974261 0.647925 7.763258 4.374045 6.511069 14.497203 -5.974263 18.501135 8.130107 -0.715939 -17.627996 -4.998039 2.982036 -0.928686 -8.814465 -30.637363 -26.651388 -5.084889 3.727731 4.485676 -13.817256
0.843980 -18.050774 4.572549 -7.402370 -8.906418 -22.448107 -23.558456 -4.788070 10.719913 3.713765 -1.318768 7.955686 3.552334 6.735559 14.863624 -7.079036 17.565660 8.814170 -0.750784 -17.942198 -5.996950 2.370416 -2.522264 -8.583236 -30.579659 -27.154589 -5.801359 4.922904 5.516646 -14.131355
1.877825 -17.432100 2.896010 -7.421140 -9.078082 -23.460161 -23.899975 -3.822495 10.426967 3.562528 -2.759787 7.732420 3.063190 6.632414 15.072070 -8.248342 16.685347 9.662225 -0.694852 -18.219610 -6.778664 1.860611 -3.485900 -8.585762 -30.669662 -27.600147 -6.249120 5.553010 6.389622 -14.204574
2.278642 -16.979685 2.018602 -7.268301 -9.414283 -24.022718 -24.317982 -3.334933 10.111044 3.405179 -3.700110 7.546029 2.898713 6.479066 15.266625 -8.995587 16.008358 10.240605 -0.452688 -18.495726 -7.223934 1.021772 -4.493386 -8.633418 -30.510601 -27.764957 -6.592617 6.291345 6.873934 -14.472392
2.866157 -16.654800 1.259595 -7.403378 -9.347442 -24.574932 -24.071865 -2.560888 10.199990 3.141773 -4.066463 7.374311 2.891873 6.266755 15.247950 -9.179456 15.818915 10.390122 -0.408421 -18.391676 -7.419922 0.583196 -4.943630 -8.607536 -30.409714 -27.771885 -6.675880 6.622750 6.940313 -14.581685
2.719353 -16.966749 1.440690 -7.850616 -9.045417 -24.731543 -23.802168 -2.397321 10.402040 2.909124 -4.032426 7.441699 2.987122 6.336449 15.252566 -9.154623 15.695584 10.540845 -0.444696 -18.440222 -7.632322 0.850694 -4.672112 -8.567736 -30.468174 -27.719107 -6.722321 6.546432 7.553283 -14.584774
0.560690 -18.896952 3.509255 -10.444426 -7.038701 -24.468767 -21.429422 -1.878130 12.064238 1.591975 -4.354215 9.371101 3.597299 7.059725 15.972627 -6.202147 14.359876 10.670352 -0.233695 -18.667526 -7.979073 5.878567 0.643750 -9.135780 -31.214554 -26.659695 -6.623721 3.741498 9.321895 -14.813364
-2.205039 -20.108271 7.759663 -12.211071 -4.588838 -22.557804 -15.814101 -0.765251 14.918147 -0.095904 -2.662177 10.534516 7.153799 6.238498 16.960417 -0.354578 12.198537 10.878440 0.636580 -17.313107 -4.474120 4.726444 7.619142 -11.452291 -29.938206 -19.141514 -0.668562 -0.744244 11.351892 -13.581609
-4.473723 -20.024271 14.051123 -9.676213 -3.613112 -17.169409 -10.981511 -2.996737 17.125792 0.907439 3.563285 8.800013 11.225350 5.145826 16.037996 5.514812 13.246238 9.199742 0.480087 -14.839048 1.892638 4.871668 16.330599 -10.817425 -28.907047 -15.761139 5.185794 -7.882352 4.968409 -8.985386
-5.468648 -19.173901 16.352867 -4.337211 0.877270 -6.508064 -3.187246 -8.022247 23.916521 4.954944 7.043542 5.870685 15.442045 4.224740 12.639846 16.616964 11.641913 11.502500 -3.258340 -9.579387 8.651559 -4.412116 19.299238 -15.504901 -27.320066 -13.966389 7.993008 -14.089460 -4.519133 -6.314809
-8.780478 -15.726020 13.773906 -4.356454 2.864919 -1.107464 0.639828 -8.478449 27.459764 6.253190 7.631641 4.292959 17.377333 4.303718 9.112706 17.952814 12.882524 9.746215 -12.193897 -1.506135 10.832328 -5.287179 16.914448 -13.349920 -26.942644 -8.001247 16.410175 -12.485901 -7.685364 -3.681037
-10.654781 -11.829168 9.957463 -4.516077 0.085967 -1.197086 -3.466863 -8.815874 24.535213 7.784432 6.330797 3.038142 14.901520 4.001802 7.127394 10.156775 17.322035 6.975516 -17.120979 1.621981 13.089213 -7.365690 9.847924 -8.398760 -26.635620 -5.322509 22.659386 -8.352678 -7.017004 -0.016645
-8.926725 -9.227595 6.435084 -2.410023 -3.539674 -0.940722 -9.451792 -11.444423 20.250504 11.678202 4.763120 2.666946 9.997071 5.889411 6.176620 2.284178 21.480124 3.290765 -19.398539 0.818789 11.439043 -10.831645 6.510065 -2.336695 -25.257603 -4.021563 25.152691 -4.113160 0.398788 2.444350
-5.171557 -8.206963 4.486498 -0.638844 -4.966469 -1.257326 -11.846974 -12.396749 18.652958 14.326866 2.482364 3.359522 7.207514 7.230863 6.512509 -0.478942 22.176794 3.488031 -19.166182 -1.854465 7.493710 -19.309330 8.333418 -1.710383 -23.643400 -4.805134 23.275951 -5.058595 9.787063 3.996372
-2.516401 -7.982292 3.310760 0.951193 -5.592485 -1.276887 -13.202353 -13.202870 18.019852 15.998137 0.114953 3.723100 4.615278 8.132307 6.509738 -0.838044 22.139185 4.452452 -17.991272 -4.645381 6.728639 -20.739292 8.356030 -1.399712 -23.319643 -5.155610 22.461372 -5.358142 13.998189 4.499038
-2.081165 -8.012550 3.040275 1.063394 -5.508754 -1.407724 -13.179198 -13.094500 18.080816 16.097197 -0.320574 3.889169 4.047080 8.416021 6.562860 -0.883805 22.123320 4.471695 -17.821619 -5.197369 6.322147 -20.932892 8.471048 -1.285268 -23.330753 -5.306976 22.220455 -5.409357 14.054229 4.457679
-2.125943 -8.271316 2.856175 1.170637 -5.713964 -1.424636 -13.777253 -13.405752 17.917830 16.253922 -0.229679 4.022277 4.170395 8.486447 6.438201 -0.527238 22.100945 4.376339 -17.909714 -5.429456 5.740171 -21.265909 9.045498 -1.279385 -23.391226 -5.459598 21.856522 -5.832031 13.856329 4.323649
-1.729443 -8.343802 2.161859 1.668649 -6.240634 -1.551905 -14.939576 -13.820557 17.451336 16.661556 -0.626810 4.363851 3.406219 8.993053 6.168149 -0.440708 22.091990 4.344727 -17.742290 -6.374480 5.186646 -21.150528 9.979501 -1.682000 -23.554104 -5.447361 21.412931 -6.598136 14.246134 4.095844
-1.465714 -8.749521 1.270464 2.108248 -6.856750 -1.815277 -16.587851 -14.424581 16.864416 16.876766 -1.082113 4.917087 2.256565 9.646202 5.841721 -0.242770 22.115736 4.426093 -17.417604 -8.041700 4.205605 -20.775835 12.075528 -2.864772 -23.408737 -4.074180 21.335482 -7.130015 14.543279 2.708535
-1.184219 -9.081191 0.873987 2.774993 -7.539088 -1.868068 -18.117611 -15.194996 16.116016 17.121557 -1.469263 5.685791 0.892996 10.801609 5.552106 0.128468 22.208019 4.205511 -17.195436 -9.886605 4.036728 -19.332144 14.824446 -4.028371 -23.071623 -2.290669 21.713654 -8.139726 15.436506 1.738014
-0.352851 -9.556223 -0.297623 3.453603 -8.025874 -2.202284 -19.610058 -15.685809 15.740551 16.959797 -2.697378 6.419595 -0.577523 11.953825 5.711177 0.091607 21.736364 4.345555 -16.655972 -11.645757 3.653888 -18.835178 17.825836 -5.501168 -22.283806 -0.160205 22.134750 -8.942182 16.309505 0.616406
0.616634 -9.896086 -1.657668 4.187182 -8.914221 -2.918159 -21.547737 -15.974317 14.983197 16.589485 -3.992935 7.431916 -2.027626 13.068136 6.374899 -0.248370 20.835829 4.691718 -16.262184 -13.310444 2.684353 -18.463572 20.388601 -7.075588 -21.646774 2.031662 22.232761 -9.363085 17.660887 -1.145655
1.060572 -10.453301 -2.317367 5.037490 -9.524523 -2.895424 -23.020992 -16.843742 14.660749 16.415848 -5.109856 8.244054 -3.088019 14.008476 6.734359 -0.512312 20.200865 5.094910 -15.924963 -14.878586 0.895229 -17.580225 23.808043 -8.463734 -21.570835 3.161420 21.422319 -10.873479 17.421347 -2.787302
1.640118 -10.888935 -2.960311 5.813674 -10.108244 -3.153007 -24.304367 -17.337255 14.191626 16.311211 -6.076231 8.968121 -4.090409 14.883835 7.228242 -0.706913 19.499800 5.549224 -15.338192 -16.303934 -0.027056 -16.147062 25.809618 -8.714504 -21.554619 3.801238 20.998310 -11.928797 17.706123 -3.415966
1.753918 -11.341131 -3.175302 6.096063 -10.379230 -3.285409 -25.003895 -17.663567 14.034880 16.185402 -6.915967 9.427463 -4.935073 15.465511 7.411583 -1.014205 19.129389 5.657466 -14.992065 -17.262537 -0.199575 -15.185329 27.079708 -8.967579 -21.695421 4.235352 21.022968 -12.708819 17.400507 -3.667073
1.750714 -11.375364 -3.196941 6.147556 -10.380287 -3.262501 -25.040329 -17.709290 14.022552 16.185665 -7.002987 9.494324 -5.022264 15.525249 7.400401 -1.052760 19.124592 5.648110 -14.985310 -17.330366 -0.135861 -14.914503 27.286928 -8.972074 -21.677792 4.369036 21.094639 -12.772752 17.472216 -3.698007
1.749747 -11.375669 -3.197183 6.149021 -10.380431 -3.262879 -25.039963 -17.708797 14.022923 16.185490 -7.002837 9.493937 -5.020478 15.526170 7.398993 -1.053308 19.125666 5.648156 -14.985074 -17.330023 -0.135007 -14.913826 27.285311 -8.967320 -21.680973 4.369675 21.093626 -12.774875 17.469780 -3.702413
1.751882 -11.374502 -3.196562 6.147127 -10.380226 -3.262366 -25.040810 -17.710400 14.023193 16.183043 -7.000987 9.495364 -5.023973 15.522747 7.400620 -1.052846 19.123739 5.648088 -14.987127 -17.330223 -0.134967 -14.914146 27.285273 -8.966800 -21.681244 4.369874 21.093643 -12.775316 17.470049 -3.702618
1.733872 -11.384871 -3.188033 6.137912 -10.400169 -3.289745 -25.060539 -17.694630 14.007947 16.159063 -7.002138 9.494713 -5.020697 15.520378 7.409752 -1.042166 19.116842 5.650029 -14.973392 -17.335649 -0.132403 -14.903422 27.277342 -8.971254 -21.686098 4.371640 21.099258 -12.771383 17.473063 -3.701401
1.747162 -11.382872 -3.196258 6.139842 -10.390429 -3.280330 -25.056400 -17.703058 14.015979 16.169662 -6.998308 9.494557 -5.021864 15.522667 7.398145 -1.050273 19.123447 5.649513 -14.976914 -17.339819 -0.135454 -14.904935 27.281672 -8.964544 -21.684551 4.373534 21.101385 -12.772476 17.469641 -3.699854
1.747759 -11.383005 -3.198751 6.140849 -10.389171 -3.278677 -25.055887 -17.704105 14.017522 16.169815 -6.997965 9.494651 -5.022093 15.522644 7.397538 -1.049826 19.122850 5.650497 -14.977745 -17.339855 -0.132882 -14.904403 27.281343 -8.960947 -21.683418 4.364066 21.093750 -12.773312 17.470354 -3.698391
1.747883 -11.383056 -3.198792 6.140401 -10.389134 -3.278628 -25.055981 -17.704079 14.017360 16.170116 -6.998448 9.494885 -5.022696 15.522752 7.398146 -1.049738 19.122261 5.650551 -14.977983 -17.339781 -0.132654 -14.904384 27.280993 -8.960205 -21.684349 4.364011 21.093243 -12.773975 17.469271 -3.700042
-2.443142 -7.977190 7.761623 6.530383 -18.145578 -11.021950 -27.583759 -12.912195 7.703043 7.828484 -7.644096 8.147098 -4.496828 8.181488 8.873832 -0.794031 25.140657 -0.502095 -5.719572 -20.071915 -8.709883 -11.878822 29.108404 0.989140 -24.103737 -8.520269 12.683556 -14.978105 9.379167 -0.642959
-2.443142 -7.977190 7.761623 6.530383 -18.145578 -11.021950 -27.583759 -12.912195 7.703043 7.828484 -7.644096 8.147098 -4.496828 8.181488 8.873832 -0.794031 25.140657 -0.502095 -5.719572 -20.071915 -8.709883 -11.878822 29.108404 0.989140 -24.103737 -8.520269 12.683556 -14.978105 9.379167 -0.642959
-2.443142 -7.977190 7.761623 6.530383 -18.145578 -11.021950 -27.583759 -12.912195 7.703043 7.828484 -7.644096 8.147098 -4.496828 8.181488 8.873832 -0.794031 25.140657 -0.502095 -5.719572 -20.071915 -8.709883 -11.878822 29.108404 0.989140 -24.103737 -8.520269 12.683556 -14.978105 9.379167 -0.642959
-3.384716 -8.276443 8.001840 4.458915 -18.085068 -11.620292 -27.678654 -11.841498 6.831363 8.979675 -7.764373 8.575665 -3.278933 8.217073 8.224851 -2.298551 26.441099 -0.826318 -6.651496 -18.611353 -10.005681 -10.772721 28.433905 1.535239 -24.788122 -8.288675 13.132020 -14.757131 7.869809 -0.517290
-3.527968 -8.342613 8.085471 4.671246 -18.166050 -11.694756 -27.647087 -11.729860 6.705700 9.302798 -7.924256 8.640059 -3.166584 8.388832 8.170947 -2.373782 26.511816 -0.830073 -6.634197 -18.594036 -9.889935 -10.886301 28.560753 1.356897 -24.724918 -8.321081 13.069381 -14.841210 7.748284 -0.647755
-3.560137 -8.363346 8.075394 4.690633 -18.171776 -11.704006 -27.642582 -11.708488 6.703756 9.327717 -7.925747 8.623153 -3.150743 8.405830 8.167549 -2.371543 26.517424 -0.826639 -6.615827 -18.599031 -9.949070 -10.892431 28.533484 1.352760 -24.728714 -8.350508 13.059133 -14.827435 7.741130 -0.617080
-3.543363 -8.362245 8.070809 4.690915 -18.162943 -11.693707 -27.639236 -11.717770 6.706110 9.344563 -7.927946 8.624846 -3.148218 8.403576 8.170331 -2.375438 26.517927 -0.830522 -6.614755 -18.594763 -9.915420 -10.844947 28.529276 1.333982 -24.721218 -8.322017 13.087375 -14.805351 7.743403 -0.615517
-3.534272 -8.358728 8.074610 4.671094 -18.159349 -11.686473 -27.642986 -11.723494 6.699037 9.354804 -7.938549 8.614771 -3.133096 8.427886 8.162724 -2.379785 26.530405 -0.822432 -6.603601 -18.591187 -9.906838 -10.837468 28.524881 1.360938 -24.730061 -8.316544 13.091352 -14.808510 7.757293 -0.610287
-3.519214 -8.347031 8.076117 4.668419 -18.155512 -11.680883 -27.644398 -11.737868 6.707652 9.330812 -7.924620 8.633996 -3.174488 8.389209 8.175360 -2.364337 26.505863 -0.817045 -6.627450 -18.597059 -9.906093 -10.827593 28.543966 1.356896 -24.722252 -8.322617 13.086515 -14.812316 7.739062 -0.589292
-3.522061 -8.348326 8.074222 4.672245 -18.155804 -11.682316 -27.643522 -11.735643 6.708661 9.331039 -7.925560 8.634039 -3.172837 8.391275 8.173360 -2.364851 26.508146 -0.815164 -6.627153 -18.596916 -9.904862 -10.830607 28.539927 1.350461 -24.723396 -8.323077 13.086226 -14.812899 7.738025 -0.595922
-3.480800 -8.325152 8.089510 4.621148 -18.150713 -11.668486 -27.660324 -11.767785 6.709556 9.291584 -7.933214 8.622689 -3.153722 8.409151 8.168042 -2.367673 26.517445 -0.818534 -6.612863 -18.595507 -9.906954 -10.816018 28.531710 1.355253 -24.720507 -8.328873 13.087454 -14.797031 7.746618 -0.582347
-3.496584 -8.334782 8.082584 4.631540 -18.152029 -11.673924 -27.657274 -11.756266 6.709111 9.303291 -7.927787 8.624654 -3.156547 8.404818 8.167972 -2.365700 26.516073 -0.817402 -6.616322 -18.597603 -9.907605 -10.814697 28.532307 1.358219 -24.722263 -8.327458 13.087745 -14.799736 7.746696 -0.584576
-3.454299 -8.308744 8.097966 4.608631 -18.148737 -11.660387 -27.668049 -11.789589 6.714428 9.262094 -7.908558 8.629621 -3.185598 8.377285 8.189805 -2.361172 26.495150 -0.826028 -6.627583 -18.601702 -9.896644 -10.836362 28.523619 1.378912 -24.742401 -8.319004 13.086299 -14.820477 7.743710 -0.617737
