-9.577674 -11.479921 19.572927 -7.708564 -14.192053 -13.010710 -22.707764 -10.837898 9.034031 -0.068887 6.864708 7.901698 1.079857 -1.461871 10.475007 6.480598 25.298548 -0.497308 -5.152252 -16.124475 -11.930370 -3.888784 21.830647 -5.279438 -24.803581 -21.897160 3.716103 -8.112367 -7.078799 0.418378
-9.671454 -11.457291 19.623444 -7.697157 -14.223271 -12.940964 -22.729118 -10.894377 8.996296 -0.018445 6.845311 7.884863 1.088640 -1.466930 10.461057 6.488967 25.289244 -0.500171 -5.140769 -16.108168 -11.914063 -3.954393 21.799850 -5.275709 -24.791929 -21.947857 3.706754 -8.105848 -7.107288 0.444049
-9.777645 -11.472601 19.742540 -7.759582 -14.167397 -12.893610 -22.583532 -10.859129 9.064157 -0.061361 6.840008 7.832149 1.138761 -1.504628 10.448160 6.502284 25.249464 -0.493011 -5.128180 -16.049212 -11.950408 -4.013445 21.765984 -5.272137 -24.804102 -22.004480 3.654186 -8.120651 -7.077144 0.448635
-9.973868 -11.391689 19.879578 -7.811939 -14.139191 -12.762211 -22.472725 -10.891666 9.054916 -0.040099 6.914220 7.775072 1.319114 -1.610184 10.440295 6.584824 25.174286 -0.417205 -5.099185 -15.932109 -11.951074 -4.118462 21.624937 -5.241818 -24.793436 -22.101906 3.606932 -8.057082 -7.159368 0.445859
-10.033568 -11.425553 20.012844 -7.900496 -14.065931 -12.704435 -22.366146 -10.914770 9.120727 -0.100386 7.026686 7.679517 1.575784 -1.739217 10.477469 6.651995 25.056677 -0.371512 -5.121391 -15.707623 -11.966468 -4.142558 21.469732 -5.219436 -24.817528 -22.152969 3.542608 -7.960640 -7.101875 0.373197
-10.290040 -11.406428 20.152111 -7.956477 -14.052631 -12.577187 -22.311247 -10.976410 9.077882 -0.045684 7.107177 7.637431 1.638295 -1.790227 10.435737 6.684624 25.091024 -0.447227 -5.130120 -15.628533 -11.973092 -4.235433 21.327505 -5.266836 -24.758808 -22.177483 3.471550 -7.786842 -7.264325 0.246322
-10.408463 -11.359106 20.221024 -7.964681 -14.074889 -12.495220 -22.324547 -11.045042 9.033684 -0.006326 7.049776 7.719042 1.408780 -1.642699 10.443174 6.629701 25.146919 -0.532230 -5.086479 -15.793065 -11.941535 -4.193500 21.055115 -5.420718 -24.776226 -22.286255 3.309701 -7.560392 -7.401835 0.032003
-10.373510 -11.379507 20.230177 -8.033498 -13.963792 -12.561798 -22.113787 -10.888958 9.163105 -0.083516 7.008568 7.651245 1.441406 -1.711575 10.434249 6.594079 25.076777 -0.487481 -5.111122 -15.761518 -11.948529 -4.151847 20.855473 -5.598091 -24.827147 -22.447685 3.110210 -7.450112 -7.386183 -0.105601
-10.536872 -11.286240 20.351109 -8.079385 -13.916903 -12.456753 -21.917366 -10.846165 9.187996 -0.133618 6.933013 7.489294 1.614733 -1.780857 10.423014 6.539139 24.944365 -0.393813 -5.140893 -15.582001 -11.838594 -4.228704 20.582365 -5.670240 -24.901613 -22.687088 2.893425 -7.358960 -7.329690 -0.238729
-10.528142 -11.373545 20.491272 -8.208106 -13.701849 -12.551344 -21.489986 -10.569468 9.405084 -0.324349 7.002357 7.337574 1.957443 -1.966780 10.453020 6.621612 24.739059 -0.094104 -5.066394 -15.430713 -11.681872 -4.062885 20.449846 -5.844531 -24.925350 -22.847130 2.764564 -7.292155 -7.302718 -0.265287
-10.647654 -11.398011 20.636444 -8.405595 -13.506386 -12.531145 -21.104229 -10.386457 9.601706 -0.416880 7.030682 7.159273 2.257270 -2.186415 10.473104 6.682477 24.528597 0.100830 -5.047040 -15.217987 -11.474446 -4.052261 20.099970 -5.960584 -24.928516 -23.168098 2.553769 -7.057973 -7.503491 -0.381759
-10.737145 -11.368969 20.721191 -8.461622 -13.434189 -12.452456 -20.905750 -10.341849 9.713976 -0.435270 7.035593 7.131131 2.414569 -2.280410 10.526834 6.746754 24.366377 0.243416 -5.005784 -15.145238 -11.384676 -4.090093 19.929811 -6.033844 -24.927406 -23.297665 2.432467 -6.984040 -7.528692 -0.459424
-10.633714 -11.568261 20.760380 -8.532926 -13.313072 -12.561192 -20.773014 -10.249310 9.854109 -0.539417 7.329393 7.096447 2.942175 -2.475545 10.623794 6.949747 24.149195 0.381674 -5.062243 -14.774661 -11.224668 -3.859759 19.911955 -6.221832 -24.948494 -23.366970 2.334582 -6.978199 -7.689906 -0.589732
-10.881790 -11.539583 20.992891 -8.668621 -13.189457 -12.475737 -20.467714 -10.163027 9.930407 -0.614616 7.348521 7.058775 3.057590 -2.495178 10.687912 7.000620 24.036520 0.412164 -5.031221 -14.714582 -11.186790 -3.772347 19.780909 -6.291641 -24.976233 -23.495518 2.178796 -6.928827 -7.794005 -0.711404
-11.092911 -11.543031 21.240822 -8.821600 -13.025829 -12.392025 -20.127361 -10.075808 10.053694 -0.676006 7.467834 7.083707 3.164265 -2.509659 10.742898 7.119922 23.936068 0.569577 -4.885499 -14.803366 -11.100291 -3.495404 19.751343 -6.371930 -25.022739 -23.582935 2.110958 -6.897674 -7.854600 -0.758489
-10.898838 -11.678160 21.205793 -8.757131 -13.063406 -12.515303 -20.235912 -10.076876 10.059670 -0.709615 7.436117 7.184255 3.042977 -2.410646 10.824700 7.139865 23.885908 0.643184 -4.749867 -15.020650 -10.974078 -3.258790 19.625635 -6.406976 -25.064165 -23.686499 2.027915 -6.812386 -7.885259 -0.834665
-10.994383 -11.713665 21.302658 -8.859359 -12.984589 -12.477419 -20.097340 -10.052361 10.144029 -0.772609 7.536335 7.151743 3.194013 -2.467513 10.829364 7.214908 23.866180 0.558095 -4.796173 -14.891252 -10.822101 -3.038733 19.583429 -6.461399 -25.076202 -23.772018 1.994029 -6.774737 -8.093953 -0.876378
-11.009174 -11.767284 21.378759 -8.933665 -12.848148 -12.447161 -19.869946 -9.985056 10.288925 -0.836345 7.625876 7.152647 3.304782 -2.501689 10.835002 7.288171 23.826357 0.604215 -4.781551 -14.859422 -10.762780 -2.904482 19.460302 -6.475400 -25.129120 -23.869740 1.949986 -6.724155 -8.123716 -0.888754
-11.022163 -11.820614 21.436584 -9.020865 -12.749163 -12.470896 -19.726936 -9.916651 10.372902 -0.885552 7.687538 7.181035 3.346937 -2.487801 10.864980 7.349343 23.808250 0.627627 -4.753423 -14.869094 -10.661869 -2.754886 19.377615 -6.501746 -25.175541 -23.950319 1.916287 -6.688405 -8.222273 -0.931665
-11.004539 -11.834568 21.433369 -9.037645 -12.715651 -12.474609 -19.684155 -9.897611 10.408294 -0.893986 7.735271 7.198088 3.381776 -2.488595 10.874806 7.380378 23.803656 0.641333 -4.754123 -14.859934 -10.617800 -2.723890 19.316025 -6.521433 -25.188963 -24.013868 1.886440 -6.656888 -8.265300 -0.943599
-11.100868 -11.865433 21.556339 -9.140959 -12.630393 -12.433544 -19.529984 -9.869215 10.492486 -0.935585 7.816477 7.172535 3.438640 -2.488080 10.869620 7.476662 23.788683 0.587855 -4.730266 -14.839223 -10.511872 -2.530559 19.397415 -6.585423 -25.204290 -24.047504 1.870727 -6.685333 -8.371974 -0.983102
-10.991154 -11.950781 21.633142 -9.282673 -12.408614 -12.450345 -19.189743 -9.719353 10.717800 -1.013807 8.224281 7.043210 3.924649 -2.648134 10.845407 7.785139 23.691967 0.483262 -4.774036 -14.507034 -10.109750 -2.111338 19.421869 -6.762660 -25.270967 -24.141312 1.886910 -6.748255 -8.888562 -1.104891
-11.451107 -12.054651 22.079960 -9.749653 -11.879417 -12.224152 -18.218996 -9.416945 11.208586 -1.211137 8.856027 6.945092 4.646946 -2.895582 10.880511 8.301626 23.469963 0.419221 -4.759297 -14.144162 -9.400775 -1.392294 19.378923 -7.015241 -25.272423 -24.204695 1.965213 -6.684414 -10.094610 -1.336836
-11.603355 -12.066175 22.579512 -10.339437 -11.184280 -12.255823 -16.885738 -8.759033 11.822207 -1.566419 9.725285 6.935981 5.523338 -3.101901 10.892196 8.937388 23.308229 0.287906 -4.812885 -13.694356 -8.893353 -0.919490 19.611921 -7.162607 -25.324768 -24.180618 2.059954 -6.842107 -11.260554 -1.573409
-11.971472 -12.246916 23.231289 -10.970863 -10.396899 -12.054522 -15.398405 -8.189815 12.653255 -2.017071 10.477790 6.990857 6.716132 -3.507268 11.018054 9.867012 22.737125 0.722303 -4.833885 -13.147912 -8.220439 -0.368622 19.557444 -7.840360 -25.454464 -24.622501 1.753718 -6.898189 -12.343144 -1.885033
-13.126369 -12.771194 24.201952 -12.240602 -8.975817 -11.666363 -13.131745 -7.391409 13.998577 -2.879178 11.078041 6.955703 7.823365 -3.701706 11.342566 10.754861 22.072809 0.825145 -5.175498 -12.128564 -7.168789 0.151341 19.154566 -8.611026 -25.378828 -24.996967 1.472019 -6.579641 -13.724788 -2.365092
-13.235580 -13.614212 24.786804 -12.796615 -7.650285 -10.899677 -11.617859 -7.510618 15.115206 -2.660445 11.066362 7.328090 9.255965 -3.959318 11.845851 12.101922 20.592386 1.730906 -5.348257 -11.161021 -6.003714 1.319464 18.955317 -9.644243 -25.618603 -24.180328 2.320032 -6.707455 -13.789159 -2.485961
-10.570356 -13.834703 26.504526 -13.898636 -5.277969 -9.642020 -8.416099 -7.375845 15.780848 0.645929 9.457090 8.743456 10.750843 -4.499709 13.230536 12.114435 19.031872 1.586342 -6.176957 -8.394124 -0.230734 3.467849 14.540243 -12.797771 -26.198633 -20.572762 7.093089 -5.397058 -12.416381 -1.595477
-7.773866 -13.298985 26.965393 -13.446206 -3.583500 -7.971712 -5.589624 -7.395196 16.543932 3.794428 7.417443 10.535380 13.320185 -5.006419 14.130304 12.277465 16.635920 2.623914 -8.497988 -4.290297 1.873919 2.077280 12.188088 -17.295225 -27.186338 -17.206730 10.207580 -6.564223 -12.422752 -1.271534
-4.448079 -12.803354 26.205727 -13.033136 -2.502303 -8.276551 -3.752284 -6.276685 17.240088 5.201320 5.139965 11.543120 14.465332 -5.232098 14.649508 11.931921 14.360611 4.245050 -9.723901 -2.229705 0.599144 0.596779 11.784704 -21.052143 -28.300491 -14.195695 11.495728 -8.370283 -14.990476 -2.382246
-0.519678 -12.234419 25.127653 -11.748882 -2.076504 -8.285400 -3.410556 -6.374908 17.131378 7.747606 1.632214 12.161941 14.882564 -5.870530 14.396764 12.940676 11.658900 7.597488 -9.834525 -1.922458 0.628053 -0.749928 11.482198 -25.715818 -29.007784 -9.077106 14.028705 -10.047173 -14.237735 -3.421175
3.338501 -11.010971 24.459602 -9.524280 -2.088023 -8.795670 -2.484437 -5.715423 16.999332 9.208338 -2.455093 12.972447 14.488905 -6.598557 14.427014 11.889578 9.484900 10.931884 -9.487776 -2.460081 1.330480 -4.102475 8.432636 -29.288494 -29.186077 -6.552081 15.329112 -9.713067 -7.639856 -3.171979
8.151548 -9.678279 22.824606 -7.178214 -2.266876 -9.519121 -2.419140 -5.246978 16.567654 10.900188 -5.713595 13.828974 12.826247 -6.615624 14.837285 10.125437 7.876885 12.525584 -9.501788 -3.235166 -0.520023 -9.661805 4.906610 -31.292648 -29.021591 -4.334378 15.560628 -7.547760 -1.511625 -4.533769
12.608503 -8.507317 20.986839 -5.084395 -2.791443 -10.819496 -3.333622 -4.869387 15.602767 12.540158 -8.967913 13.743145 11.704516 -6.833956 15.228717 7.778741 6.419152 14.292608 -9.146057 -3.827348 -1.934850 -14.680717 1.501744 -32.635181 -27.860416 -2.527265 15.553761 -4.302884 2.320624 -5.756067
14.958300 -7.548787 19.805025 -3.486105 -3.476763 -10.914878 -4.220325 -5.198527 14.829285 14.187813 -10.846653 13.683227 11.190276 -6.732217 15.243823 6.270968 5.583472 15.745092 -9.529936 -3.999482 -2.833505 -17.179779 -1.516697 -33.832722 -27.109537 -0.058857 16.403732 -1.140458 7.519759 -6.785627
18.199598 -6.773932 16.615372 -2.092635 -3.468511 -10.447673 -4.602516 -5.405807 15.240454 15.827114 -12.764153 13.183644 10.841382 -6.715322 15.748824 4.534147 3.899795 16.677015 -9.786692 -4.187818 -1.693376 -19.100819 -3.201600 -33.980103 -26.052944 2.114880 18.249508 1.153589 15.666543 -6.384614
19.570654 -6.467775 14.368163 -1.497553 -3.505971 -9.712513 -5.092254 -5.874174 15.571462 16.655338 -13.953210 13.135657 11.003877 -6.512184 16.226284 3.182796 3.250569 16.569107 -10.529876 -3.403710 -0.275891 -20.731119 -3.766274 -33.213421 -24.810003 2.962762 19.327879 2.920061 21.056376 -5.818463
19.914974 -6.229385 13.401704 -1.192075 -3.551926 -9.081100 -5.261960 -6.190937 15.657120 17.241144 -14.523169 12.867245 10.775523 -6.781460 16.378984 2.166287 2.787440 16.395027 -10.784987 -3.297849 0.073358 -21.687901 -3.266468 -31.534090 -24.262171 3.202924 19.876625 2.895609 24.067179 -4.802301
20.258476 -6.079463 12.432852 -0.917989 -3.642318 -8.832420 -5.340841 -6.169413 15.958532 17.285233 -14.583422 12.673036 10.837474 -6.858723 16.240345 1.950842 2.674026 16.154865 -11.149714 -3.075236 0.687272 -20.547392 -3.260293 -30.116329 -24.085316 3.051510 20.420038 3.510901 25.490953 -3.900566
20.046825 -6.105061 12.306158 -1.077993 -3.523240 -8.710291 -5.145426 -6.077577 16.125013 17.231518 -14.633663 12.538589 10.923770 -6.885084 16.148211 1.896508 2.665786 15.963799 -11.288523 -2.921648 0.660403 -20.220453 -3.199799 -29.741875 -24.010094 2.880769 20.448664 3.740836 25.727346 -3.712495
20.085011 -6.115996 12.343699 -0.967696 -3.587293 -8.687620 -5.257125 -6.184403 16.085873 17.234636 -14.704820 12.601898 10.779536 -6.844778 16.220211 1.710276 2.691776 15.971040 -11.197957 -3.027680 0.697314 -20.255735 -3.352041 -29.831766 -24.120466 2.909216 20.500050 3.649011 25.699560 -3.679322
20.085512 -6.062362 12.426701 -0.863549 -3.783213 -8.862345 -5.433697 -6.138087 15.916924 17.132896 -14.606791 12.656016 10.813809 -6.877977 16.299927 1.859281 2.751531 15.984040 -11.084092 -3.073824 0.764883 -20.411798 -3.433538 -30.030626 -24.185148 2.988900 20.538513 3.559785 25.792940 -3.693388
20.340031 -5.985567 12.499247 -0.518852 -3.990208 -8.959078 -5.636772 -6.214311 15.770278 17.104879 -14.761110 12.748063 10.609853 -6.872049 16.479940 1.727937 2.999410 15.738785 -10.846209 -3.096824 1.020145 -20.736906 -4.145609 -29.929756 -24.315226 2.920965 20.689720 3.583457 26.095160 -3.415735
20.296251 -5.996810 12.855770 -0.194334 -4.174398 -9.032715 -5.841469 -6.376101 15.542284 17.057653 -14.946411 12.889983 10.455060 -6.917333 16.739391 1.700225 3.167210 15.559223 -10.587671 -3.130713 1.160829 -20.952524 -4.663750 -30.016539 -24.540808 2.884464 20.840099 3.420894 26.122923 -3.167083
20.076147 -6.112927 13.451609 -0.012604 -4.314529 -9.076319 -6.011055 -6.581962 15.361151 17.039154 -15.093349 12.954968 10.340169 -6.972726 16.857605 2.002127 3.423353 15.416417 -10.321315 -3.203623 1.564195 -20.656445 -5.042923 -30.321367 -24.880344 2.771074 20.914555 3.220277 25.756815 -3.119090
20.009733 -6.027532 13.895225 0.361816 -4.690513 -9.296017 -6.229743 -6.577426 15.075971 16.790478 -15.254831 13.130196 10.141526 -6.842815 16.975433 2.535573 3.376695 15.692485 -10.134628 -3.391224 2.543622 -21.068693 -5.635772 -30.851051 -24.957668 2.459029 20.787334 3.244365 25.317389 -3.223142
20.032681 -5.995724 14.354527 0.642303 -4.967321 -9.640268 -6.224221 -6.388003 14.997904 16.363342 -15.358741 13.192929 9.892789 -6.926101 17.194221 2.892681 3.540385 15.701337 -9.628002 -3.653334 3.860704 -21.359768 -6.575003 -31.258974 -25.150703 1.865733 20.709185 3.205415 24.415493 -3.016734
20.102110 -6.122819 15.046101 1.502615 -5.398342 -9.646317 -6.698988 -6.897479 14.790430 16.179724 -15.673563 13.384169 9.501443 -6.914510 17.417892 3.483984 3.912176 15.473676 -9.063000 -3.960079 5.056989 -20.952427 -7.369273 -31.703493 -25.296181 1.701533 20.924612 3.317585 23.583387 -2.880958
19.913027 -6.132948 15.742123 2.060223 -5.800954 -9.646094 -7.103559 -7.280199 14.489548 16.234985 -15.809243 13.469769 9.091067 -6.779747 17.660803 3.810855 4.212845 15.376652 -8.661081 -4.167938 6.083479 -21.098616 -7.438629 -32.221458 -25.319696 1.616617 21.178129 2.984645 22.889351 -2.638390
19.917830 -6.134314 16.035631 2.613799 -6.178654 -9.976130 -7.210619 -7.135384 14.542238 15.394784 -15.797212 13.631940 8.736833 -6.568043 17.880714 4.503884 4.625951 15.133271 -8.177216 -4.419421 7.724830 -20.099485 -7.657217 -32.725246 -25.551460 1.404568 21.697557 2.642982 21.567659 -2.158831
19.288548 -6.110068 17.404253 3.435842 -6.690152 -9.903000 -7.386625 -7.532755 14.199081 15.018265 -15.583965 13.569163 8.636054 -6.641040 17.892391 5.313361 4.997498 15.056595 -7.574752 -4.725329 9.029082 -19.159082 -8.118296 -33.133911 -25.750742 1.448112 22.217134 2.592293 20.605055 -1.968974
18.794674 -6.104296 18.206175 3.809667 -7.082589 -9.993476 -7.537556 -7.656531 14.054956 14.415810 -15.797251 13.723981 8.239814 -6.660343 17.941956 6.072098 5.380177 14.984448 -7.020337 -5.145699 10.449706 -18.288616 -8.453368 -33.397247 -25.825075 1.540147 22.737141 2.486584 19.864706 -1.657732
18.658434 -6.364665 18.823490 4.390890 -7.223704 -10.123438 -7.538473 -7.779250 14.158083 13.798208 -15.854967 13.788544 7.783438 -6.464444 17.856609 6.973699 5.739241 14.818530 -6.670667 -5.469606 12.188876 -17.183628 -8.647565 -33.478256 -25.851107 1.784763 23.455532 2.413877 19.430395 -1.307977
18.426239 -6.366033 19.664516 4.516818 -7.326006 -10.037556 -7.617568 -8.094731 13.887159 14.108479 -15.944690 13.878636 7.350664 -6.302005 17.608053 7.939825 6.010041 14.942820 -6.427855 -5.896087 13.285979 -16.149378 -8.707856 -33.447540 -25.924456 1.968363 24.105473 2.225709 19.028826 -0.843980
18.423510 -6.379064 19.855244 5.253814 -7.538457 -9.863356 -7.763170 -8.415474 13.999182 13.798737 -15.961075 13.950411 6.913723 -6.180128 17.606232 9.159925 6.066059 14.913570 -5.982287 -6.372283 14.287990 -14.993230 -9.096254 -33.292412 -26.146980 2.140683 24.853519 2.137177 18.987246 -0.245670
18.029720 -6.419696 20.406494 5.623589 -7.787226 -9.784682 -7.951415 -8.670191 13.838335 13.566367 -15.988352 13.986159 6.789708 -6.197102 17.472870 9.813522 6.290067 14.924788 -5.712089 -6.636631 15.440028 -14.550049 -9.228471 -33.157898 -26.185310 1.924085 25.211004 1.860347 18.620193 0.292616
17.550837 -6.399114 20.939140 5.706514 -7.901939 -9.644344 -7.895052 -8.806290 13.804298 13.328843 -16.021835 13.870827 6.661114 -6.216588 17.338470 10.332053 6.288382 15.148562 -5.469358 -6.921839 16.258106 -14.019716 -9.215782 -33.074787 -26.204939 1.966458 25.670752 1.672732 18.476959 0.762428
17.485662 -6.282340 21.010437 6.075745 -8.039574 -9.505158 -7.926780 -8.951323 13.847511 13.180505 -15.941821 13.753963 6.438105 -6.086087 17.305595 10.709579 6.224671 15.338043 -5.296425 -7.135899 16.907043 -13.491755 -9.363071 -32.963589 -26.269850 1.961771 26.009655 1.581239 18.218019 1.108652
17.293539 -6.205075 21.082329 6.124969 -8.184544 -9.547256 -7.994571 -8.908066 13.778312 12.993837 -15.795978 13.637263 6.418209 -6.116176 17.200132 10.968563 6.251371 15.468768 -5.204261 -7.281261 17.284813 -13.167984 -9.433112 -32.929192 -26.281582 1.949961 26.188496 1.555320 18.117182 1.296535
17.290327 -6.215646 21.066677 6.237275 -8.203878 -9.470064 -8.036340 -9.003267 13.814480 12.977184 -15.751673 13.615351 6.331133 -6.029452 17.146551 11.132119 6.228714 15.465708 -5.190455 -7.367272 17.274233 -13.104318 -9.430000 -32.913422 -26.306900 1.906260 26.195560 1.522662 18.064745 1.356732
17.325712 -6.238771 20.992306 6.093973 -8.168823 -9.609385 -8.014786 -8.863333 13.812566 12.929673 -15.829699 13.606894 6.379597 -6.116493 17.216671 10.862046 6.212670 15.465498 -5.135966 -7.340135 17.212015 -13.264388 -9.456841 -32.918861 -26.282410 1.967148 26.178436 1.569165 18.165693 1.277779
17.501293 -6.313065 20.899641 6.015076 -8.041318 -9.624308 -7.956580 -8.843488 13.832620 13.080997 -15.900939 13.824958 6.490543 -6.138988 17.338207 10.668495 6.293340 15.243305 -5.253144 -7.120101 17.136623 -13.296986 -9.626707 -32.826252 -26.277000 1.857123 25.977867 1.761788 18.473143 1.110787
17.930143 -6.490433 20.689724 5.780163 -7.869231 -9.816288 -8.015806 -8.773336 13.835850 13.312408 -16.118364 13.969330 6.606655 -6.246936 17.491955 10.071544 6.341516 14.843467 -5.337588 -6.856981 16.467260 -13.307908 -9.754854 -32.637226 -26.297556 1.936976 25.689396 2.147088 19.330919 0.711486
18.533401 -6.530096 20.079803 5.712248 -7.672615 -9.995055 -7.882251 -8.500687 14.020975 13.572048 -16.322794 13.995255 6.881029 -6.498810 17.720230 9.085958 6.307649 14.598424 -5.539841 -6.410824 15.932401 -13.567104 -10.182944 -32.790176 -26.270962 1.992603 25.333668 2.691029 20.199736 0.208097
18.816851 -6.580601 19.605068 5.171280 -7.427330 -10.195926 -7.710464 -8.134521 14.113778 13.629225 -16.364222 14.027719 7.029159 -6.458526 17.825779 8.131580 6.081034 14.678509 -5.936005 -6.072440 15.557298 -13.200425 -10.667276 -32.332359 -26.091396 1.726795 24.633362 3.801255 21.401350 -0.518837
18.988321 -6.298810 18.646608 4.711043 -7.521944 -10.693172 -7.726879 -7.380837 14.080979 13.314585 -16.330385 14.018059 7.536289 -6.661762 18.222828 6.823967 5.667812 14.683825 -6.177090 -5.648789 14.789941 -13.261149 -11.072332 -32.021599 -25.941689 1.723846 24.155228 4.789996 23.056412 -1.087259
19.617834 -6.175379 17.464306 4.305365 -7.199916 -10.773813 -7.545938 -6.984098 14.285321 13.503160 -16.348345 13.967228 8.061563 -6.851584 18.474482 5.620958 5.641085 14.179927 -6.531154 -5.033693 14.243671 -13.420669 -11.384289 -31.445770 -25.797314 1.622209 23.707836 5.684035 25.123579 -1.488269
20.085306 -6.216651 16.223021 3.661881 -6.862231 -10.909867 -7.467052 -6.565887 14.568163 13.646126 -16.022589 13.633407 8.835825 -6.917906 18.314415 3.880890 5.202376 14.435812 -7.168077 -4.444194 12.544566 -13.264406 -11.707627 -30.612944 -25.650448 1.875181 23.417255 6.966620 27.623573 -1.829812
20.324961 -6.230813 14.838102 3.277147 -6.491611 -10.818350 -7.177782 -6.113229 15.035297 13.672287 -15.781633 12.931018 9.381372 -7.200683 18.297329 2.308965 4.538091 14.755375 -7.466042 -4.090319 11.140910 -12.321602 -11.577845 -29.139673 -25.449797 1.809417 23.050697 8.279237 29.965128 -2.059863
20.443012 -5.992210 13.564691 2.232377 -5.949588 -10.809322 -6.646754 -5.434864 15.317000 13.787391 -15.996499 13.012147 9.675331 -7.194159 18.295546 0.483500 3.906357 14.982410 -8.317307 -3.662820 9.268867 -12.206120 -11.137087 -27.824722 -24.998055 2.483887 22.994007 9.445711 32.830086 -2.327442
20.702362 -5.760331 12.058883 1.699560 -5.554267 -10.989685 -6.069499 -4.540170 15.868142 13.268523 -15.873303 12.661663 10.256894 -7.428708 18.089685 -0.793275 3.397201 14.936532 -9.228836 -2.999994 7.303251 -11.365198 -9.898970 -25.449148 -24.471886 3.107093 23.253571 10.298664 34.754784 -2.097049
20.703308 -5.628881 10.865137 1.140328 -4.987179 -10.855585 -5.271859 -3.869836 16.533298 13.161259 -15.637939 12.223126 10.872788 -7.459258 17.559402 -1.491127 2.524129 15.413454 -10.037252 -2.823068 6.175466 -11.662386 -8.018301 -23.650156 -23.728449 3.598170 23.512793 10.443885 36.602608 -1.631488
21.207693 -5.395179 9.360456 0.864140 -4.379192 -10.741696 -4.343117 -3.080572 17.269943 13.265419 -15.096799 11.475972 11.505128 -7.418476 17.016392 -1.788455 1.393572 16.108496 -10.591962 -2.870790 5.823347 -11.748056 -6.228754 -21.934027 -23.141043 3.172104 23.064260 10.274415 38.288887 -1.277122
21.611574 -5.246859 8.326601 0.410140 -3.666373 -10.700541 -3.459231 -2.458217 17.970884 13.218079 -15.108969 10.182212 12.301198 -7.203565 16.212736 -1.576169 -0.025516 17.335686 -11.192763 -3.029425 4.270192 -11.645956 -4.065634 -19.921854 -22.822464 1.758033 21.673273 9.737600 38.210251 -1.043366
12.612968 -3.937196 11.538204 -2.988622 -9.025075 -18.819239 -5.908635 4.293756 15.603312 0.472436 -11.083495 3.657246 13.478368 -11.546071 14.198770 1.735209 4.779096 16.492527 -1.199420 -9.218304 -12.280198 -0.942119 17.861708 2.499855 -20.857779 -17.120327 3.019831 4.711258 25.766523 -1.012958
13.039995 -3.024507 11.499408 -2.825530 -9.206904 -18.952574 -5.254714 5.034265 15.269382 1.148757 -11.877733 2.741987 13.724432 -11.834877 14.089612 1.109877 3.804728 17.283659 -0.821421 -9.367148 -16.809114 -1.755954 19.326624 5.103062 -20.915619 -20.069340 -0.111569 4.772730 23.990274 -1.569696
13.242048 -1.742481 11.623661 -3.254772 -9.201692 -19.494276 -4.122980 6.416286 14.938858 1.221737 -12.801025 1.767336 13.825320 -12.481523 13.930358 0.119551 3.037543 17.907326 -0.603917 -9.348849 -20.418695 -3.233113 19.225611 7.251416 -20.695993 -21.344614 -1.825992 6.016412 23.307447 -2.562062
14.604780 -0.150275 12.106510 -3.750806 -9.044487 -20.277109 -3.137582 7.552831 14.239784 2.378251 -13.550254 0.176292 14.229567 -13.172062 13.536748 -0.977521 2.276110 18.553770 -0.567749 -8.938445 -23.253403 -4.083516 18.778040 9.663082 -19.860655 -21.742792 -2.834748 8.285787 23.294008 -3.454479
15.074648 1.561290 12.737331 -3.647053 -9.141853 -20.393183 -1.782106 8.635197 13.734753 3.453270 -14.100734 -1.180700 14.223194 -14.063465 13.229882 -2.333640 2.069863 18.404125 -0.713050 -8.539838 -24.508818 -4.325078 18.680220 10.800613 -19.139778 -20.867828 -2.761661 10.124334 22.909271 -4.737915
14.533087 3.007200 12.802931 -5.675067 -9.156963 -20.484715 -0.994739 9.909470 12.952943 4.122694 -13.535531 -2.323164 14.577676 -15.807851 12.072370 -3.629333 2.065037 18.066330 -2.308074 -7.427513 -26.128817 -3.399809 19.534845 11.189546 -18.002249 -19.866306 -2.402534 11.873969 19.879244 -5.940139
14.800909 4.534407 13.935514 -5.807596 -9.196628 -19.930517 0.193703 10.281931 12.437606 5.106359 -13.519250 -3.748801 14.964444 -16.881134 11.387679 -4.236180 1.505369 17.781782 -2.990739 -7.368545 -26.394461 -2.385571 19.809090 12.521374 -17.235111 -18.446529 -1.395894 13.564232 18.894163 -6.804317
14.687660 5.735231 13.852440 -5.076453 -9.295479 -19.594357 1.068827 10.819414 12.176729 6.217720 -14.187258 -5.304126 14.755179 -17.064892 11.273607 -4.712152 1.135784 17.106028 -3.006643 -7.984902 -27.414778 -1.343381 20.585581 14.090281 -16.287601 -17.399090 -0.793289 15.015707 17.357988 -7.521567
14.311354 7.071009 14.036737 -5.244277 -9.534753 -19.113028 1.804709 11.220322 12.109102 6.084452 -14.479965 -7.070355 14.409191 -17.358654 11.586844 -5.273602 0.594890 15.577045 -2.780074 -8.414990 -28.140806 0.105256 21.998837 15.919155 -14.864984 -15.970779 -0.153716 16.628895 15.533162 -8.615102
14.109264 8.550677 13.583281 -5.871134 -9.810472 -18.629612 2.288875 11.735248 12.004183 6.032005 -14.781948 -8.634309 13.588416 -17.615921 12.031182 -5.583674 -0.000248 14.269266 -2.549747 -9.097914 -28.880611 1.713729 23.365707 17.530832 -13.533148 -15.264210 0.112492 17.878698 14.411998 -8.754612
13.617853 9.859667 12.887799 -5.795530 -10.126362 -18.290310 2.893481 12.525176 11.953377 5.871788 -14.910173 -10.526639 13.208293 -17.480375 11.698514 -6.351875 0.216336 13.036327 -2.400005 -9.558083 -28.724344 3.471203 24.620403 19.157949 -11.909382 -14.057307 0.404096 19.750776 12.011388 -9.917645
13.394880 11.341097 12.736496 -4.996722 -10.624575 -17.516006 3.410906 12.613771 11.743246 5.803806 -15.769159 -12.299584 12.837647 -17.203110 11.413674 -6.815914 0.300041 11.991358 -1.960114 -9.846324 -28.937262 4.863666 25.407045 21.057421 -10.607073 -12.510839 1.086180 21.439114 9.592237 -10.979096
13.095255 12.849695 12.641403 -4.402921 -11.148176 -16.706522 4.035301 12.796494 11.680959 5.409050 -15.582774 -13.895972 12.668378 -17.435089 11.018832 -7.430211 0.209033 11.464507 -2.145916 -9.543223 -28.625265 5.961302 25.592402 22.653454 -9.725980 -11.401180 1.594436 23.125893 7.036470 -12.198870
12.622822 14.409843 12.136391 -4.305869 -11.713905 -16.291155 4.453838 13.358749 11.390368 5.053401 -15.117659 -15.380796 12.547972 -17.673866 10.357085 -7.747267 0.588793 11.054664 -2.321224 -9.264696 -28.077562 6.198555 24.981997 24.208405 -8.702672 -10.339757 2.189046 24.952011 4.321501 -13.415073
11.882591 15.424581 11.369168 -3.401970 -12.267794 -16.212677 4.877872 14.257870 11.071093 5.732624 -14.932599 -16.786594 12.564645 -18.074677 9.483245 -8.049876 0.974767 11.148011 -2.818931 -8.710628 -27.787056 5.128444 24.124243 24.359827 -7.244904 -10.136192 2.521106 26.579109 1.481082 -13.514334
11.977981 16.724178 11.010271 -3.500347 -12.581202 -15.817977 5.004382 14.360680 10.868109 5.486674 -15.088070 -18.221481 12.264795 -18.329605 8.283839 -8.204898 1.723320 11.344805 -3.289615 -8.166830 -27.268396 3.426835 23.251184 24.272173 -5.661328 -9.843757 3.147521 28.205147 -1.272851 -13.376770
10.913821 17.387205 10.328315 -3.063956 -13.041560 -15.555963 5.206186 14.994478 10.571617 6.081410 -15.538906 -19.314619 11.843347 -18.028440 7.454951 -8.419124 2.311208 11.412633 -3.500483 -7.825436 -26.747101 1.527707 21.474230 23.244261 -4.467388 -10.101831 3.519334 29.828995 -3.555856 -13.170773
10.477001 18.500202 9.543260 -2.829621 -13.542795 -15.133630 5.290681 15.335439 10.371681 6.196874 -16.181866 -20.423254 11.416786 -17.719362 6.578560 -8.817011 2.874356 11.625121 -3.601349 -7.840654 -26.450197 -0.752180 19.434084 22.426561 -3.709919 -10.416380 3.871385 30.913326 -5.663937 -12.939687
9.677750 19.318163 9.001400 -2.372218 -14.021183 -14.629269 5.509613 15.668078 10.180984 6.674883 -16.502296 -21.597168 11.029574 -17.235573 5.768129 -9.320479 3.712258 11.666630 -3.443284 -7.846392 -26.293715 -3.064166 17.706530 22.694399 -3.408307 -10.504767 4.044124 31.444874 -7.166851 -13.303532
9.064107 20.341049 8.465769 -2.160655 -14.432281 -14.211673 5.638249 15.932905 9.921303 6.752310 -16.997499 -22.692469 10.658529 -17.135899 4.791541 -9.590013 4.574924 11.579518 -3.720232 -7.624008 -25.900229 -5.212302 15.551503 23.031561 -3.414778 -11.020998 4.395409 31.788841 -8.548476 -12.994353
8.124847 21.153070 7.557863 -1.808405 -14.861444 -13.976844 5.812515 16.466452 9.917789 6.658027 -16.879938 -23.563791 10.361142 -17.086126 4.196921 -9.940545 5.183848 11.492384 -4.032686 -7.264837 -25.634737 -7.276017 14.148829 23.095469 -3.127719 -11.261623 4.657208 32.267776 -9.539578 -12.817950
7.934895 22.109371 7.150642 -1.836510 -15.254736 -13.440274 5.611738 16.262844 9.707247 6.557751 -17.439970 -24.133112 9.866031 -16.793335 3.537682 -10.018779 5.863958 11.299577 -4.214778 -7.108506 -25.021914 -8.872185 12.757007 23.613882 -3.219593 -11.259998 4.864571 32.401165 -10.852350 -13.214873
7.620810 22.769487 6.711552 -1.770168 -15.553305 -13.184656 5.531393 16.349489 9.518906 6.568848 -17.968515 -24.569771 9.390048 -16.643013 3.025640 -9.962428 6.338233 11.280931 -4.395841 -7.034098 -24.544996 -9.994337 11.638748 23.664946 -3.288654 -11.303421 4.989009 32.560150 -11.732018 -13.536056
7.026439 23.110806 6.559475 -1.324510 -15.826040 -12.913704 5.652388 16.516401 9.271299 7.080574 -18.303181 -24.874374 8.984417 -16.617853 2.573525 -9.975641 6.768793 11.293056 -4.660997 -7.022259 -24.233232 -10.482393 10.713709 23.863520 -3.343901 -11.436083 5.156217 32.856972 -12.451853 -13.490287
6.700102 23.155821 6.531618 -1.134652 -15.922688 -12.751534 5.687260 16.557585 9.066552 7.528423 -18.354921 -25.084988 8.745245 -16.556816 2.482443 -9.975497 6.991500 11.197234 -4.686883 -6.988992 -23.943697 -10.923705 10.201558 23.799162 -3.383664 -11.518175 5.257804 32.891068 -12.861334 -13.482987
6.387190 23.088396 6.319355 -0.916514 -15.984123 -12.790340 5.722322 16.723907 9.096407 7.606492 -18.353861 -25.153587 8.661777 -16.556501 2.420246 -9.989114 7.083501 11.160497 -4.732829 -6.979990 -23.863592 -11.016994 10.016690 23.802219 -3.402524 -11.543732 5.258842 32.941116 -12.995625 -13.515229
