5.080614 -11.461168 1.649413 7.921645 -6.943852 -17.692417 -0.523749 10.539437 17.755114 16.732969 -20.066854 1.757234 24.037569 2.189206 10.700242 -2.145409 6.118267 18.175013 0.149614 -5.145936 4.442682 -6.434020 17.192188 20.129679 -27.405499 -18.180914 -1.463435 -4.118471 28.454718 -13.959072
5.269192 -11.446378 1.536682 7.885976 -6.767690 -17.604479 -0.332357 10.552460 17.859564 17.017975 -19.789629 1.617055 24.225632 2.168557 10.416045 -2.110254 5.976295 18.504934 -0.027886 -5.179794 3.800938 -7.056421 17.692574 20.353411 -27.287041 -18.643486 -1.984707 -4.317274 28.025164 -14.099802
4.888553 -11.384392 1.056283 7.207146 -6.303102 -17.650061 0.153390 10.958834 18.260126 16.881138 -19.303955 0.915556 24.642981 2.012379 9.853988 -2.259748 5.899010 18.937304 -0.274123 -5.258451 2.964536 -8.741154 18.657461 20.338158 -26.608854 -18.721289 -2.745212 -4.316789 27.095930 -15.080231
4.323720 -11.237280 0.525083 6.164218 -5.528852 -17.616827 1.140066 11.649019 18.902485 16.611252 -18.533895 0.102353 24.850098 1.837589 9.504077 -2.091851 5.658252 19.177984 -0.297245 -5.394032 2.399756 -9.936864 19.600887 20.841988 -25.834211 -18.901947 -3.425443 -3.992886 25.859720 -15.980884
3.416290 -10.864323 0.045748 4.960778 -4.864686 -17.517756 2.246911 12.525194 19.421700 16.321657 -17.684973 -1.459158 25.532631 1.601111 8.538622 -1.618691 5.248086 19.945852 -0.484697 -5.555650 2.831030 -11.309978 20.972067 20.367390 -24.334171 -18.214575 -3.490470 -3.257139 24.829477 -17.138283
2.761170 -10.487373 -0.098137 3.545870 -4.092411 -17.393578 3.261935 13.163771 19.721518 16.328539 -16.244289 -3.075297 26.495823 0.988467 7.916752 -1.232940 5.156845 20.182795 -0.560835 -5.168130 3.265076 -12.481933 21.744776 20.009382 -23.353954 -18.034719 -3.571282 -2.785637 24.368460 -17.683142
2.279962 -10.189617 -0.425597 2.777581 -3.584338 -17.207533 4.085350 13.648292 20.111151 16.237366 -15.157496 -4.300124 26.855921 0.933492 7.442698 -1.035492 5.161303 20.319204 -0.466339 -5.258908 3.530025 -13.609375 22.462271 19.062716 -22.491961 -17.248819 -3.343530 -2.486081 23.389799 -18.584818
1.581952 -10.044687 -0.511607 2.130119 -3.207504 -17.202402 4.865619 14.253608 20.512945 15.842443 -13.678558 -5.543415 27.557638 0.654874 7.019221 -0.461314 5.217802 20.212425 -0.468524 -4.899239 3.796878 -14.008115 23.080038 18.693964 -21.766541 -16.643803 -3.223792 -2.031573 22.616526 -19.394342
1.161651 -9.922730 -0.395760 1.728721 -2.964735 -16.936071 5.343144 14.393198 20.739496 15.702676 -13.013968 -6.157632 27.822300 0.550720 6.906263 0.100050 5.148679 20.205099 -0.458454 -4.711937 4.136106 -14.208142 23.586836 18.473780 -21.306522 -16.149483 -2.937267 -1.907074 21.568769 -19.833347
0.710176 -9.774444 -0.357043 1.605699 -2.846261 -16.713995 5.789053 14.575108 20.984694 15.316039 -12.501348 -6.685153 28.070393 0.287686 6.825227 0.420244 5.123126 20.084379 -0.480140 -4.476010 4.215744 -14.412575 23.900614 18.273737 -20.984503 -15.699242 -2.736712 -1.723999 20.993681 -20.232195
0.493283 -9.509414 -0.155837 1.607766 -2.881914 -16.558605 6.120233 14.726954 20.969053 15.320540 -12.600544 -7.050678 27.977688 0.142137 6.558536 0.779024 5.220887 19.986238 -0.528452 -4.452289 4.244020 -14.129136 23.994806 18.671642 -20.889000 -15.589700 -2.566072 -1.553293 20.790668 -20.231783
-0.456391 -7.296207 2.486558 2.706176 -3.143514 -14.224716 9.281110 14.962170 21.366858 15.643104 -14.165920 -8.954245 27.683762 -0.620923 4.467185 2.735879 5.223661 19.247522 -1.714602 -4.205777 5.694078 -9.821438 26.668858 21.720594 -19.678980 -14.478539 -0.602667 -0.656184 18.310509 -19.274981
-2.162193 -2.557932 7.120892 7.831799 -5.379508 -8.527069 12.979661 13.005999 21.413538 17.393658 -18.915678 -12.001945 26.323555 -0.542971 3.042629 7.546173 3.726633 13.942164 -2.744240 -6.147640 9.733502 -0.177284 32.153244 27.103739 -16.478058 -11.564362 3.688830 2.510606 9.082825 -16.879637
-5.013430 5.637220 8.228790 10.167358 -10.879875 -1.195470 10.691287 8.700644 17.795454 20.388378 -23.115088 -20.510063 17.420036 -1.697501 4.654104 13.976485 1.614248 3.573976 -3.212601 -9.057554 15.035375 5.355917 31.435667 33.430443 -11.540436 -10.436537 9.585216 9.173569 -6.833054 -9.512506
-6.022853 12.388729 2.905126 15.314592 -18.311403 2.174845 3.844357 5.333050 13.059025 23.961390 -24.172251 -25.691856 4.543324 -0.559732 7.326433 10.467453 3.658236 -3.847163 -4.528086 -12.488655 17.396418 -0.301766 20.295458 30.747267 -6.502489 -16.852755 13.835959 18.048790 -17.864138 4.621232
-14.182268 17.155325 -8.701553 18.159935 -23.846664 1.391403 -0.945583 8.116911 9.849840 23.333443 -22.701319 -28.977058 -6.947608 3.749802 11.054510 1.290215 8.103135 -6.813455 -7.601058 -9.482349 17.501245 -9.472867 0.199632 20.697611 -5.295275 -15.510817 20.554756 26.743235 -15.125231 13.699217
-29.563456 17.430643 -24.270145 10.353366 -18.752428 8.426533 -0.170195 6.096951 15.381516 18.794512 -14.138954 -27.480415 -11.481516 12.609263 16.759777 -3.861145 7.265141 -6.874330 -17.895956 0.803017 11.637635 -17.581667 -17.422440 7.155004 -5.894236 -16.419613 21.863338 34.157074 -15.975482 17.132261
-38.170242 12.264450 -25.290274 4.364116 -9.724743 18.460173 4.290496 -2.217239 23.757689 13.219406 -1.259217 -23.500841 -13.568233 22.691765 23.845158 3.707853 -0.297702 -1.171407 -23.983896 5.065419 4.332766 -21.982441 -20.193966 -9.564429 -6.397532 -22.416042 14.383619 32.216843 -25.691168 16.007444
-41.099178 5.932161 -18.960054 -0.262355 -6.362862 24.883352 -0.452413 -15.061848 27.534967 7.301830 7.058667 -17.081503 -16.802990 24.722443 27.485506 11.151450 -0.648638 -0.730135 -23.515768 1.876652 8.255606 -16.250563 -16.758551 -23.500994 -8.621765 -22.295773 14.094081 27.541376 -23.614040 14.379644
-37.941673 3.347461 -13.916292 0.834978 -7.263168 25.701874 -4.816046 -21.445793 26.909260 4.764802 6.753935 -10.759105 -20.547544 26.942747 29.861286 15.288191 -3.733658 3.182007 -23.874140 -0.959030 11.553814 -8.619353 -11.249422 -27.036192 -10.200298 -19.330223 15.611518 23.276810 -25.523600 12.262579
-37.662830 3.216351 -13.541810 0.378117 -7.313161 25.613131 -5.164474 -21.788452 26.893417 3.988308 6.372652 -10.042356 -20.755514 27.282021 30.023527 15.680973 -4.053086 3.605137 -23.864733 -1.144496 11.439914 -8.028701 -10.710085 -27.080076 -10.685233 -18.629705 15.891626 22.544937 -25.582747 11.804337
-37.978146 4.439202 -14.582539 -0.516371 -7.021836 26.073214 -4.410831 -21.171679 27.017841 4.487344 7.213625 -11.254223 -20.705299 26.004265 29.600899 14.823312 -3.497394 2.523834 -24.443083 -0.870610 11.282421 -11.352242 -11.841892 -26.086496 -10.412245 -19.980656 15.259623 22.906401 -26.034285 12.318176
-38.099712 6.426580 -16.388813 -1.946371 -6.720884 26.622080 -3.350820 -20.125427 27.305355 4.604539 7.191247 -13.541844 -19.901192 24.600468 28.271828 13.236005 -2.914820 1.423736 -25.163950 -0.005554 9.889215 -16.385695 -13.275484 -24.430780 -10.234986 -21.600525 14.269530 23.233438 -25.645704 13.069327
-37.627422 9.422906 -18.874441 -3.088277 -6.472730 26.801254 -1.266742 -17.603870 27.378170 5.089159 8.104200 -16.217592 -19.246571 22.148445 27.723751 10.599570 -2.122520 -0.836450 -26.265841 1.637546 7.970027 -21.145868 -14.190657 -22.082121 -9.637238 -21.001377 14.069359 23.717224 -24.756783 12.694485
-34.891018 13.285262 -20.725317 -3.493344 -7.261322 26.221455 -0.049350 -15.381070 26.393579 5.191650 7.354659 -17.981213 -18.461319 20.180412 27.128223 8.174596 -2.540732 -1.520623 -27.452190 3.232084 5.226894 -26.078211 -13.751520 -18.128847 -9.062085 -19.567837 14.270598 23.577324 -25.061852 11.850849
-32.041439 16.349010 -22.095291 -3.393042 -8.720350 24.525093 0.005735 -13.037389 24.847090 4.957226 6.001304 -19.882372 -18.568361 18.605145 26.123055 5.919006 -2.940736 -1.973247 -28.168503 3.263173 3.744716 -29.386726 -13.614844 -14.174383 -8.740930 -18.672722 14.375636 23.150845 -26.959665 11.533956
-31.176071 18.860493 -23.083717 -3.025982 -10.025743 24.044703 0.190383 -11.708426 24.240374 4.731905 5.385471 -21.793341 -19.427452 16.816965 25.837650 3.972120 -3.704741 -2.114769 -27.977226 2.734139 3.368942 -31.643427 -13.632656 -10.784410 -7.794662 -17.879314 14.713670 23.835659 -29.031588 11.380986
-29.486280 20.740377 -22.881855 -2.566091 -11.591932 23.208128 -0.472993 -10.968695 22.838701 4.782280 3.664174 -22.641228 -20.262232 15.536014 25.401218 3.052456 -4.270137 -2.565912 -28.030840 1.949102 2.526037 -32.056217 -13.409983 -8.568053 -7.257033 -16.912159 15.375808 24.891045 -29.702946 11.177433
-29.074867 21.838625 -22.794750 -2.234946 -12.704550 22.817743 -1.079181 -10.706451 22.083315 4.477558 2.619806 -23.115028 -20.867315 15.094838 25.111095 2.183552 -4.529064 -2.668911 -28.143856 1.516987 2.544057 -32.370022 -13.522288 -7.009747 -7.040788 -16.614765 15.810072 25.487806 -29.420336 11.218877
-28.331406 22.376595 -22.809931 -2.020939 -13.242270 22.429039 -1.452238 -10.497792 21.613274 4.547932 1.805277 -23.257324 -21.190567 14.737565 24.799423 1.848615 -4.187013 -2.967899 -28.174486 1.169850 2.402476 -32.064617 -13.815429 -6.393330 -6.988464 -16.485229 16.117884 26.092125 -28.752035 11.348396
-27.901995 22.645597 -22.737896 -1.760153 -13.459416 22.265627 -1.516031 -10.382706 21.384806 4.746202 1.578315 -23.399927 -21.150127 14.372553 24.707924 1.731044 -4.107496 -3.165540 -27.985834 1.065564 2.341610 -32.196178 -13.696068 -6.038197 -6.867512 -16.177845 16.335506 26.222519 -28.484396 11.277258
-26.405695 23.735207 -22.871408 -0.293997 -14.613308 21.198282 -1.888374 -9.451325 20.324442 5.704911 -1.089553 -24.340424 -20.492233 13.621226 23.826674 0.667890 -2.804985 -4.476815 -26.391630 0.372083 2.923374 -32.743900 -12.111582 -4.518618 -5.730143 -16.021976 17.082348 26.231707 -27.023600 12.963025
-22.652832 24.470882 -23.341839 4.044271 -17.108618 18.011793 -2.847862 -6.963628 18.410730 7.582190 -5.439453 -25.772915 -18.562771 11.116539 22.305759 -1.421182 0.193497 -6.580420 -22.998007 -0.676286 3.884488 -31.942644 -9.663113 -0.977662 -4.239651 -15.241345 19.860744 26.961651 -20.438856 17.201077
-20.174263 24.322046 -21.519186 11.172361 -21.267118 12.330153 -4.004869 -2.528959 15.520079 9.094155 -11.706471 -26.298685 -16.212612 7.089524 19.518753 -2.975751 3.026645 -9.235412 -18.506239 -3.729185 5.787865 -24.689495 -7.875844 -1.262617 -0.891481 -15.445456 24.162680 32.469803 -10.693258 25.142033
-16.890623 23.216681 -14.419082 20.151844 -26.102434 5.555508 -3.965245 2.625299 11.816439 11.928254 -16.737373 -27.675112 -13.614828 2.480566 16.350906 -1.372216 4.885549 -10.845519 -13.173717 -8.060248 8.098789 -14.370994 -2.467599 2.920804 1.543682 -16.682747 25.668371 34.915840 -10.650672 28.929129
-13.031507 18.704367 -7.198662 23.339546 -23.658588 2.409989 1.570275 6.576717 13.022039 16.464838 -18.568342 -30.299141 -8.567351 -0.893065 12.572976 3.546361 4.634942 -7.488631 -6.998858 -12.777328 12.489405 -7.135531 7.561473 9.593066 3.699126 -23.594193 18.482145 35.050636 -13.052346 25.389570
-4.850040 16.176010 0.324901 20.260366 -19.387590 3.089373 5.254507 4.589019 15.935017 14.984519 -18.550776 -28.555456 -3.193362 -5.699534 12.326768 9.012494 0.323979 -5.557693 -5.633146 -12.935523 10.598937 0.596804 15.248735 15.812355 3.806748 -26.174614 12.435990 34.552902 -12.233432 20.530098
-2.609930 10.587383 2.824892 15.512773 -14.306097 -1.022786 9.264462 9.459771 17.069502 18.765379 -26.114208 -23.464310 12.728503 -1.108792 1.505649 7.538882 4.234810 4.775904 -5.906945 -8.506417 11.695886 4.265569 25.461056 27.395988 -0.754679 -17.220345 10.033858 23.298351 -8.386202 5.224952
3.869810 7.326696 5.813083 11.338132 -9.505729 -5.433408 11.778331 11.159939 18.261118 18.159187 -24.075445 -18.766949 17.303280 -1.852894 6.495672 4.090492 -1.181076 10.884677 -1.904778 -9.308415 9.715051 8.340188 26.080183 32.892376 -7.388722 -14.346433 6.251498 19.815548 3.018861 -8.281442
8.554729 1.011630 2.821631 9.776227 -5.491917 -13.225361 10.245132 14.024342 18.840361 19.487560 -21.976759 -12.950488 22.051939 -1.083825 7.378666 -2.711742 -1.186023 18.015787 -0.482587 -8.547197 3.086480 -1.233613 24.314043 32.633038 -14.526923 -17.082001 0.466252 11.526648 22.739779 -13.156960
7.643986 -7.091343 -2.079868 2.260767 -1.930723 -20.187422 5.599077 16.616165 19.008062 18.026535 -14.878397 -7.475841 24.459618 1.167223 7.415041 -8.886636 3.561038 23.295097 -0.819582 -6.186132 -0.614902 -17.285072 20.032705 22.674816 -19.919521 -17.590065 -4.450169 2.782244 31.813108 -17.564816
3.292904 -15.442823 -4.222321 -2.277992 0.233322 -22.694277 0.329307 14.540570 19.932924 14.834713 -8.542654 -2.506919 23.154213 4.632706 8.914363 -9.281804 8.400105 21.550123 -0.249074 -7.801266 -0.571643 -24.290462 21.432524 12.163282 -23.573788 -16.040981 -5.116673 -5.786252 30.608419 -20.230099
-0.729781 -18.973356 -4.413481 -6.386623 0.649693 -23.806784 -2.266576 13.309043 18.993265 13.942017 -7.900578 1.475778 21.855801 7.557169 10.882586 -8.616500 8.690576 20.027536 0.685257 -9.405953 3.533080 -21.277189 13.855639 3.699776 -26.675076 -12.285362 -3.354819 -6.257673 32.075367 -21.655550
-2.527795 -21.669592 -4.688559 -7.470195 -0.488749 -25.439365 -6.472281 11.267655 17.990204 12.278521 -6.172081 2.473112 19.399055 10.666777 12.453017 -8.100040 9.551322 19.046499 2.054299 -12.416327 8.141795 -14.777242 10.595769 -4.267405 -29.485313 -8.804348 -1.614010 -6.295197 30.936865 -24.971785
-2.243511 -24.830349 -4.035371 -5.399536 -1.258762 -25.276640 -10.719567 7.077460 17.224508 12.077232 -7.791641 5.092689 15.852443 14.064176 14.005261 -5.412909 9.544871 17.869104 3.097338 -15.321483 10.693011 -13.534063 6.900036 -8.127142 -32.499699 -15.388381 -5.863097 -8.463876 27.373772 -24.518707
-6.473348 -27.286402 0.594648 -4.048173 -1.553279 -22.947227 -10.893710 4.006201 17.971434 10.038103 -3.458991 7.114903 14.390233 16.455799 13.940143 -0.891017 12.211757 15.401924 3.337081 -17.286720 17.544821 -7.259975 10.759953 -8.842720 -32.769375 -17.902191 -5.649961 -11.145284 17.706652 -23.686312
-10.289440 -28.219748 2.867876 -3.546497 -1.144999 -19.476063 -10.305551 1.413374 19.164816 9.905436 -1.160215 7.363499 13.125451 18.191704 13.602848 2.093302 13.628901 14.382503 3.422602 -17.850237 21.351330 -5.067835 14.603590 -3.971073 -31.216120 -19.214581 -4.205608 -13.000224 10.419355 -21.170065
-13.866709 -28.195143 3.949813 -3.123295 -1.861632 -16.687834 -11.059946 -0.759300 19.197268 10.138088 -0.396139 8.314038 11.941397 19.190742 12.716485 5.526140 15.879270 12.086843 2.481879 -17.765425 19.914604 -1.296423 19.649313 0.281953 -31.495182 -22.832952 -5.874350 -16.108898 4.500773 -19.298185
-15.507006 -27.809616 5.585647 -1.760319 -3.058672 -14.737011 -12.398921 -2.991418 18.386213 11.425579 1.791492 7.580624 11.646302 19.148346 11.632806 6.076648 19.041817 9.355231 1.863366 -17.074558 21.092894 1.023222 19.983635 3.489337 -31.375406 -25.857166 -6.515424 -15.806744 0.603139 -17.933399
-15.563707 -27.139942 6.167226 -0.642872 -3.719664 -13.748160 -12.784253 -3.893779 17.984819 12.285599 3.007635 6.683220 11.900112 18.713760 11.051793 6.011370 20.501472 8.487670 1.499578 -16.498344 21.670233 -0.146211 17.914074 4.234732 -31.259872 -26.923981 -6.487895 -14.799486 -0.172636 -17.319414
