-16.637459 0.942467 -21.868038 6.668946 -24.314386 -4.470361 -21.223732 0.884786 13.242028 2.425748 -10.618382 -16.497545 -3.585919 14.358082 -3.619309 -6.121506 17.668810 -3.470800 -11.092901 -27.478590 -3.257061 -19.792162 7.142830 19.497469 -28.007851 8.994935 37.534573 -5.661874 -13.134185 3.518169
-16.464745 1.034910 -22.079899 6.663989 -24.394451 -4.487681 -21.303679 0.919878 13.247261 2.323199 -10.735910 -16.634220 -3.635270 14.238159 -3.539952 -6.276455 17.625946 -3.481176 -11.136692 -27.453609 -3.293592 -19.835352 6.822932 19.575514 -27.973160 8.961753 37.584560 -5.403248 -13.038273 3.615126
-16.320938 1.349181 -22.308868 6.765378 -24.573820 -4.563190 -21.279373 1.128147 13.176918 2.269656 -10.909252 -16.853245 -3.649603 14.034619 -3.448010 -6.463307 17.346262 -3.313745 -11.309601 -27.308516 -3.216156 -20.295702 6.338778 19.542408 -27.904640 8.888208 37.598843 -5.134639 -12.883047 3.656141
-16.127810 1.527697 -22.829575 7.033074 -24.665359 -4.622169 -21.235250 1.337647 13.249888 2.263833 -11.380688 -17.325836 -3.717291 14.124099 -3.573383 -6.455064 17.063173 -3.034150 -11.551495 -26.971590 -3.553406 -20.936766 5.785166 19.930101 -27.917870 8.652462 37.516117 -4.753113 -12.468326 3.702290
-15.773275 1.906966 -23.424564 7.313407 -24.590811 -4.744313 -20.797272 1.874519 13.332951 2.471171 -11.559332 -17.815845 -3.931283 13.881092 -3.539132 -6.660964 16.659590 -2.751095 -11.719707 -26.808336 -3.538467 -21.981352 5.120895 20.047443 -27.594280 8.746419 37.397926 -4.168153 -11.589953 3.481938
-15.122110 2.487112 -24.210430 7.315236 -24.305651 -4.615668 -20.246546 2.200539 13.669626 2.758749 -12.172503 -18.602684 -3.772340 13.848213 -3.465414 -7.081776 15.948126 -1.967754 -11.880837 -26.041010 -3.606050 -22.414108 4.414880 20.383451 -27.423164 8.398231 37.037945 -3.395719 -10.879120 3.222861
-14.677015 3.360857 -25.211828 7.282845 -24.497892 -4.732287 -19.990276 2.836945 13.683999 2.657973 -12.490507 -19.497116 -3.851771 13.466062 -3.416103 -7.070141 14.937586 -1.045757 -12.142373 -25.496881 -4.560621 -23.220343 3.520527 20.582691 -27.190594 8.117869 36.668148 -2.387919 -9.833186 3.146920
-14.386390 3.891720 -26.084291 7.501951 -24.189997 -4.813052 -19.106777 3.661361 14.032752 2.892871 -12.828094 -20.238129 -3.767181 13.193683 -3.301126 -7.457612 14.149671 0.044577 -12.535044 -24.629776 -4.220365 -24.604311 2.306862 20.645277 -26.831900 7.167602 35.889942 -1.524489 -9.014779 3.040320
-13.853809 4.728905 -26.826006 7.299660 -23.632502 -4.498746 -18.083107 4.102658 14.577749 3.048272 -13.501186 -20.857656 -3.651167 12.923056 -3.379624 -7.780995 13.670677 0.986948 -12.872944 -24.033693 -4.189110 -25.924881 1.045389 21.136435 -26.350870 6.377470 35.224712 -0.220483 -8.113401 2.864050
-13.569086 5.553710 -28.176300 6.646250 -23.189354 -4.010352 -17.607077 4.297984 14.873117 3.644882 -13.854551 -21.217585 -3.421109 12.765649 -3.165259 -8.674304 13.487481 1.671351 -13.641234 -22.487867 -4.664199 -27.525635 -0.092339 21.301424 -26.203190 5.816307 34.638096 0.496490 -7.408615 2.666140
-13.458538 6.408844 -29.509121 6.068407 -22.639086 -3.649904 -16.851225 4.803837 15.209486 4.284286 -14.239203 -21.700619 -3.458043 12.912574 -3.148856 -9.301519 13.530684 1.850846 -14.458083 -21.219196 -4.919030 -29.072580 -1.341392 21.574572 -25.898468 4.590614 33.444633 1.295110 -6.661856 2.556974
-13.672050 7.278337 -30.842663 5.532981 -21.752668 -2.803019 -15.727152 5.024346 15.906230 4.983033 -14.176426 -21.691931 -3.528025 13.025687 -2.609535 -10.326134 13.077184 2.334192 -15.490653 -19.705641 -5.299068 -30.568670 -2.649205 21.762547 -25.597130 3.728491 32.498161 2.186344 -6.034461 2.360819
-14.205550 7.854807 -31.896856 5.169996 -20.996393 -2.130748 -14.822033 5.199789 16.394663 5.750599 -13.860847 -22.000942 -3.555438 13.330797 -2.451461 -11.471392 13.337812 2.571729 -16.816902 -17.859549 -5.244655 -32.289867 -3.725993 21.359385 -25.034027 2.353738 31.012964 2.980294 -5.738457 1.989029
-14.886821 8.527650 -33.337807 4.392996 -20.053991 -1.192166 -13.795748 5.340296 17.157396 6.217944 -13.626305 -21.916870 -3.587784 13.461519 -1.996961 -12.685627 13.472541 2.790674 -18.491972 -15.440181 -5.781897 -33.986641 -5.040166 20.941950 -24.757692 1.276167 29.885714 3.692047 -5.667348 1.945358
-15.828694 9.216719 -34.341351 3.789406 -19.290417 -0.292680 -12.866010 5.461482 17.519167 6.960564 -12.938864 -21.996904 -3.897801 13.738516 -1.882082 -13.246516 13.785235 2.558232 -20.020271 -13.710377 -5.369786 -35.589211 -6.264289 20.279081 -24.219288 0.593138 28.853310 4.509976 -5.641268 1.388798
-16.980480 9.809033 -35.054203 3.518217 -18.487654 1.015229 -11.829333 5.173830 18.180864 7.646805 -12.225903 -22.491625 -3.816728 13.993112 -2.096166 -13.596553 14.193131 2.820084 -21.181650 -12.153279 -4.714134 -37.312870 -7.178766 19.739191 -23.778986 0.269794 28.235020 5.022953 -5.603914 0.912210
-17.929394 10.323184 -35.759750 3.092507 -17.929289 1.918907 -11.040086 5.120264 18.676985 8.037690 -11.426080 -22.789711 -3.687151 14.221837 -1.945688 -13.762406 14.350830 3.049263 -22.293509 -10.318566 -4.150785 -38.505928 -7.976836 19.366394 -23.430002 -0.144698 27.537710 5.405544 -5.592658 0.450861
-18.665985 10.564293 -36.265396 2.936931 -17.536604 2.588470 -10.516437 5.029235 19.073910 8.185147 -10.618489 -23.062799 -3.520280 14.353200 -1.950055 -13.667850 14.475974 3.059864 -23.287481 -9.157296 -3.459843 -39.196896 -8.481471 19.407450 -22.994701 -0.205169 27.240070 5.804998 -5.703847 0.168237
-19.472795 10.642020 -36.308796 2.639520 -17.250227 3.004759 -10.202344 4.909021 19.288336 8.148815 -10.451250 -23.232841 -3.259666 14.341833 -1.909485 -13.705316 14.486824 3.245617 -23.816408 -8.254039 -3.083106 -39.341694 -8.837606 19.596115 -22.900581 -0.542412 26.730373 5.881071 -6.197110 -0.194187
-19.610891 10.748838 -36.428463 2.595962 -17.201715 3.167531 -10.130465 4.853715 19.361267 8.195682 -10.413472 -23.298773 -3.154958 14.277373 -1.900029 -13.684134 14.512896 3.212393 -23.920973 -8.026937 -3.063465 -39.587582 -8.814358 19.612726 -22.799475 -0.612167 26.568830 5.893636 -6.402752 -0.322904
-19.096216 10.884058 -36.050922 3.232884 -17.474226 2.912511 -10.135339 4.952469 19.205841 8.202829 -10.791693 -23.069904 -3.555620 14.405098 -1.797462 -13.577653 14.391887 3.259834 -23.658676 -8.458191 -2.971838 -39.566502 -8.915470 19.342567 -22.946255 -0.430815 26.841938 5.817215 -5.809819 -0.156838
-18.096077 10.987405 -34.935593 4.354253 -18.401506 2.084817 -10.770991 4.895746 18.750696 7.182449 -12.781097 -22.478397 -4.345499 14.075485 -1.218962 -13.003537 13.728254 3.198516 -22.540258 -9.548331 -3.435000 -37.744022 -9.317833 19.833300 -23.731615 -0.829905 27.184639 5.946805 -5.703724 0.518737
-16.331991 11.347279 -31.861813 6.370510 -19.875689 0.786276 -11.367988 4.858785 17.546469 6.378549 -15.697044 -21.594410 -5.736274 13.920946 -0.098127 -11.358474 12.614989 3.159100 -20.844584 -11.644862 -2.325908 -34.423847 -8.758205 21.626493 -24.295908 -1.570440 27.498770 5.676170 -6.279980 1.802325
-14.058823 11.543165 -28.187889 9.555311 -21.516985 -0.571124 -11.898557 4.575630 16.550642 5.881945 -18.202789 -21.127583 -6.215441 13.423134 0.848200 -9.499377 12.365869 2.417165 -17.611635 -14.059946 -0.293937 -30.385508 -7.337061 24.670261 -25.027687 -2.192827 28.364254 4.822123 -6.403769 3.612206
-11.927719 12.381217 -23.469242 12.122620 -23.092646 -0.752270 -12.471056 3.050324 15.379826 5.271226 -21.175249 -20.966839 -6.987032 13.737571 1.920161 -6.033390 11.111806 1.789694 -14.525680 -16.790916 4.187507 -25.024641 -6.798803 27.269743 -25.293543 -1.162380 30.864061 5.026678 -6.157541 5.906482
-11.033125 12.775194 -18.360229 14.036907 -25.011042 -1.770414 -13.291970 2.499384 13.464236 5.605224 -23.037868 -20.013567 -6.480752 12.121250 2.730291 -3.856242 10.984824 0.394295 -13.117161 -16.637079 6.695428 -19.925047 -5.239320 28.405319 -24.520409 -1.674466 32.493942 5.925030 -6.210875 9.560211
-10.415163 13.446089 -12.293655 14.876254 -26.315441 -2.650255 -13.517567 1.889432 11.079956 7.765770 -25.552031 -17.931625 -5.478930 8.906153 3.951301 -3.350835 13.485890 -3.835364 -11.190808 -15.319196 9.249053 -14.354336 -3.608063 29.575804 -23.828094 -2.784897 31.665964 6.929499 -7.669639 9.924384
-11.581734 13.605106 -4.948711 13.758904 -26.671648 -3.526577 -12.285398 2.324960 8.545949 10.352476 -28.140955 -15.738299 -2.817739 5.320224 4.147476 -2.195573 16.786905 -7.516394 -9.738128 -12.373441 11.048181 -9.381370 1.397380 27.695124 -20.832577 -3.463173 29.678078 8.952499 -9.812687 8.616991
-11.766348 13.720759 1.537021 12.621473 -25.671019 -3.849691 -8.748713 3.920332 7.566004 13.505426 -28.979893 -16.076740 -0.066194 0.569984 2.479928 0.844832 17.896330 -8.186545 -8.589848 -11.256964 8.229771 -6.007935 6.469643 26.524046 -19.275993 -2.447384 27.941084 10.037883 -12.548750 5.654119
-8.699680 15.764881 6.833983 7.025420 -23.822077 -2.233889 -5.974658 3.538651 6.554118 15.915103 -27.037922 -18.469381 0.931114 -5.501838 4.116216 4.925665 14.252763 -8.801072 -8.290159 -9.163173 1.733158 -0.876829 9.475936 25.527317 -17.614521 -4.119720 24.413864 13.614621 -18.028536 4.230397
-1.537951 19.394876 11.719925 0.733764 -21.864500 0.003715 -4.242948 1.120033 6.612544 14.573986 -23.294737 -19.230328 0.423740 -12.759499 6.707192 6.922960 9.507991 -8.520138 -10.689707 -6.970642 -0.642197 6.707454 14.132695 25.179436 -13.641959 -3.102312 24.465099 18.212095 -19.520182 4.756536
3.773973 22.132013 15.640242 -4.497028 -20.118555 1.481410 -2.709953 -0.610755 7.208525 10.971524 -20.535072 -19.841274 0.841736 -17.714676 8.088799 7.446567 6.146010 -7.311521 -11.856632 -6.022700 -1.336296 10.448419 19.209040 24.153112 -11.031082 -0.199657 23.403782 19.166729 -19.034912 1.478168
4.060566 22.644331 16.129356 -5.896373 -18.255737 1.234082 0.554425 1.286373 9.011067 8.353937 -18.327763 -20.481407 2.802701 -20.696468 7.814942 7.113789 4.742252 -5.434575 -12.310931 -4.998322 -2.332344 12.192906 24.437414 21.082083 -5.856004 4.091621 22.753746 23.555210 -19.880039 -2.731318
5.429792 23.317299 16.411308 -7.288459 -16.497744 0.438879 2.875449 2.716829 10.302193 6.131517 -15.913046 -20.507448 4.002549 -23.559595 6.795179 5.660470 3.774038 -3.618931 -13.832888 -4.038777 -4.457623 11.014093 26.443129 18.298615 -2.713248 5.632257 22.479443 26.937384 -18.430071 -4.608648
6.658882 24.180969 16.405045 -8.788847 -14.978376 -0.627786 4.764997 4.062363 11.822670 3.128863 -13.583694 -20.219566 4.617756 -25.806725 6.621020 3.365234 2.927319 -2.032132 -15.199938 -3.223446 -6.189372 9.704986 25.313259 14.675926 0.254962 4.764640 20.340065 31.854282 -14.954335 -6.258565
6.881491 24.612001 14.333492 -10.773306 -13.767762 -2.049828 5.885090 6.106556 13.130266 1.273683 -10.366777 -21.179350 5.692379 -27.458710 5.500870 -0.302350 3.511840 0.446265 -16.410749 -2.726843 -6.780859 7.145078 23.722620 10.041596 1.862723 4.887943 18.190773 34.650406 -14.672593 -10.526091
6.445457 24.744947 12.063125 -12.037128 -13.125939 -3.293028 6.188713 7.762784 13.740034 -0.045596 -8.433212 -22.056152 6.304491 -28.453009 4.504137 -3.208569 4.175483 2.358286 -17.087244 -2.440058 -6.298367 5.083811 20.772015 5.715757 2.783644 4.586162 16.335093 37.217930 -15.267203 -14.612144
5.653780 24.809172 10.343498 -12.642509 -12.681629 -4.288134 6.519200 9.121391 14.165300 -1.065101 -7.267303 -22.223999 6.988409 -28.441311 3.547501 -5.364994 4.871862 3.782642 -17.308245 -2.101632 -5.822164 3.838363 17.178440 4.086340 2.617788 3.513217 15.026822 39.193829 -15.711242 -17.417822
4.883336 24.969011 9.242662 -13.052237 -12.519539 -4.611062 6.762521 9.932288 14.333799 -1.398961 -6.326421 -22.581879 6.854873 -28.324448 3.283123 -6.595905 5.556286 4.165751 -17.561842 -1.709532 -5.565949 2.818021 15.600264 4.140765 2.300958 3.148020 14.733509 39.428688 -16.059038 -18.168264
4.659417 25.021982 8.801342 -13.227587 -12.558592 -4.774065 6.583107 10.084484 14.315520 -1.655820 -5.801017 -22.681820 6.746756 -28.253986 3.272467 -7.070635 5.816353 4.302376 -17.591078 -1.672457 -5.472624 2.242363 15.149702 3.895050 2.277522 3.268880 14.530885 39.542282 -16.211878 -18.801859
4.714212 24.971609 8.767842 -13.320108 -12.532101 -4.850904 6.501899 10.074003 14.300816 -1.703568 -5.693506 -22.649965 6.848099 -28.282288 3.344138 -7.137204 5.775715 4.345372 -17.543318 -1.627956 -5.489830 2.181997 15.218306 3.802153 2.326061 3.330777 14.516223 39.561104 -16.217106 -18.869516
4.845992 25.015745 8.742116 -13.344860 -12.515084 -4.931517 6.476721 10.133873 14.147826 -1.428162 -5.829482 -22.638504 6.838695 -28.211346 3.385072 -7.243069 5.720655 4.425380 -17.469221 -1.600510 -5.626908 2.246959 14.912412 4.030821 2.290849 3.123593 14.512635 39.761681 -16.087183 -18.670176
5.004071 25.020391 8.677749 -13.548500 -12.432970 -5.115681 6.461128 10.284212 14.006791 -1.206299 -5.823411 -22.525959 6.903005 -28.117371 3.579160 -7.565161 5.595566 4.619028 -17.236387 -1.542419 -5.945823 2.221285 14.620102 4.203361 2.297192 2.929902 14.402471 40.055199 -15.444204 -18.610826
5.260385 25.020365 8.695179 -13.738780 -12.364254 -5.264256 6.412007 10.380390 13.740805 -0.756512 -6.067564 -22.447014 6.810197 -27.936584 3.805863 -7.828018 5.493891 4.757636 -17.023453 -1.508109 -6.305072 2.067441 14.095935 4.557111 2.320742 2.616371 14.301046 40.374413 -14.829706 -18.287123
5.743418 24.977398 8.575817 -13.608712 -12.298612 -5.540840 6.312472 10.453035 13.593229 -0.583004 -6.355119 -22.457466 6.680764 -27.783474 4.056435 -8.203498 5.312616 4.964071 -16.786131 -1.556210 -6.691998 1.655437 13.641452 4.646306 2.490444 2.230366 14.190248 40.681160 -14.278110 -17.861197
6.458405 24.911043 8.369511 -13.491023 -12.174450 -5.983853 6.169652 10.588609 13.399616 -0.227967 -6.571634 -22.688156 6.753904 -27.673862 4.396942 -8.490701 5.049770 5.158097 -16.358580 -1.620921 -7.321391 1.312170 13.315513 5.101711 2.616526 1.882265 14.155658 41.077141 -13.261880 -17.420422
6.943705 24.868658 8.265957 -13.654346 -12.113022 -6.369704 5.959451 10.746258 13.017954 0.382667 -6.911443 -22.768671 6.515103 -27.632204 4.720280 -8.707698 4.736760 5.451834 -16.133137 -1.666575 -7.869170 1.314999 12.973228 5.540706 2.722948 1.497606 14.228106 41.411659 -12.523698 -16.600830
7.360851 24.864260 8.276519 -13.950504 -11.928381 -6.681206 6.083805 11.062724 12.716356 1.108950 -7.380920 -22.504353 6.204155 -27.364178 5.130732 -9.247186 4.523039 5.781969 -15.675236 -1.812324 -8.589758 1.112686 12.751415 5.860641 2.993168 1.069242 14.220946 41.853088 -11.421315 -15.706881
8.031548 25.044788 8.255406 -13.926326 -11.896333 -6.945359 5.984601 11.119240 12.425079 1.446594 -8.061221 -22.523169 6.128326 -26.986404 5.611462 -9.314832 4.096208 5.997727 -14.986603 -1.971158 -9.345775 0.432351 12.617311 6.470393 3.412045 0.678588 14.494969 42.117271 -10.303924 -14.289753
8.637458 25.187565 8.130516 -13.872936 -11.897730 -7.378122 5.924042 11.458475 11.933062 2.421927 -8.571880 -22.433071 5.871457 -26.689590 6.154702 -9.738622 3.754708 6.319549 -14.528728 -1.997800 -10.082253 -0.070757 12.439191 6.916866 3.703569 0.412074 14.593382 42.501049 -9.521082 -13.385012
8.954446 25.319246 8.058072 -13.585854 -11.916363 -7.565606 6.005260 11.713335 11.549608 3.263739 -9.275191 -22.199219 5.491770 -26.349056 6.509395 -10.220521 3.550472 6.753380 -14.208598 -2.036216 -10.928703 -0.275174 11.886622 7.850659 3.789516 0.038505 14.734458 42.831779 -8.261393 -12.332785
9.692009 25.582039 7.915585 -12.684647 -12.100521 -7.824698 5.867785 11.669954 11.456711 3.288791 -10.118114 -21.913124 5.136576 -26.237545 6.942151 -10.390598 3.076897 6.967667 -13.870355 -2.230150 -11.678602 -0.446088 11.764620 8.462032 4.014794 -0.345952 14.738612 43.066277 -6.949651 -11.393130
10.124060 25.774149 8.080174 -12.309651 -12.059011 -7.967353 6.120686 11.939535 10.979762 4.517586 -10.819635 -21.770098 4.710683 -26.173183 7.382810 -10.683524 2.629300 7.286271 -13.619745 -2.338491 -12.496057 -0.727428 11.514603 8.838894 4.497859 -0.728524 14.819461 43.772434 -5.517333 -10.409067
10.700420 26.037682 8.078368 -11.624438 -12.148993 -8.107340 6.166088 12.011328 10.605595 5.320740 -11.318757 -21.720211 4.484392 -25.855993 7.551281 -11.023556 2.474868 7.568690 -13.425493 -2.341822 -13.446939 -1.046351 11.325088 8.782926 5.055894 -1.277559 14.927281 44.472317 -4.273042 -9.091431
11.424875 26.429995 8.011051 -11.264553 -12.250509 -8.222605 5.986676 11.855932 10.438956 5.417957 -11.820990 -21.821714 4.446746 -25.311234 7.682666 -11.265235 2.452846 7.698715 -13.077393 -2.310934 -13.979571 -1.152608 10.735605 9.072973 5.244258 -1.848094 14.838225 44.906799 -3.454727 -8.239433
11.707046 26.536634 8.035114 -10.848929 -12.319920 -8.341368 5.986446 11.959650 10.077032 6.231559 -12.542551 -21.717207 4.420317 -24.831949 7.678999 -11.336871 2.466034 7.789292 -12.773121 -2.340944 -14.533567 -1.267221 10.280186 9.353483 5.459888 -2.349709 14.884021 45.395927 -2.698700 -7.371947
11.660606 26.473005 8.111013 -10.385592 -12.357758 -8.429004 6.140627 12.184894 9.748547 7.116834 -13.287955 -21.648327 4.359286 -24.581430 7.681172 -11.445809 2.411401 7.940509 -12.480638 -2.454921 -14.954590 -1.171230 10.030836 9.533724 5.608623 -2.579938 14.860866 45.854591 -2.393291 -6.977884
11.748525 26.408052 8.058084 -9.886318 -12.384102 -8.575529 6.228873 12.365257 9.573118 7.716794 -13.663091 -21.530008 4.300705 -24.506180 7.579366 -11.601832 2.427659 8.129195 -12.455513 -2.515571 -15.144332 -1.342057 9.813639 9.553223 5.682312 -2.757175 14.852561 45.970470 -2.193185 -6.665517
11.937700 26.523733 8.125862 -9.729115 -12.416289 -8.574599 6.204907 12.310938 9.435389 7.963381 -14.023936 -21.518328 4.215864 -24.337952 7.506163 -11.662927 2.470003 8.215411 -12.364240 -2.597679 -15.241064 -1.325019 9.589712 9.821181 5.670490 -2.879243 14.850215 46.100613 -2.222609 -6.533060
12.011419 26.605204 8.131550 -9.607643 -12.436253 -8.541292 6.235159 12.290508 9.419371 8.021178 -14.152845 -21.514683 4.235060 -24.211691 7.452228 -11.717195 2.536350 8.264820 -12.322717 -2.592345 -15.270382 -1.276176 9.562147 9.962439 5.610717 -2.896945 14.833162 46.041874 -2.162326 -6.536830
12.173224 26.619104 8.277208 -9.742158 -12.400260 -8.522143 6.200189 12.184181 9.391906 7.993258 -14.132042 -21.475876 4.286418 -24.237015 7.468804 -11.672189 2.491815 8.265953 -12.317800 -2.606980 -15.306784 -1.169873 9.679648 9.968517 5.634985 -2.866912 14.841997 46.074055 -2.149610 -6.526882
12.443190 26.546917 8.341383 -9.806601 -12.317629 -8.650567 6.175794 12.137224 9.513107 7.718467 -14.051677 -21.290112 4.421378 -24.288052 7.562603 -11.769214 2.348298 8.368333 -12.304892 -2.626365 -15.605166 -0.872169 10.161600 9.839473 5.779067 -2.821755 14.754107 46.112000 -1.709575 -6.407075
12.698099 26.387356 8.343372 -10.184204 -12.138783 -8.848301 6.098063 12.075825 9.784598 7.182231 -13.948292 -21.030125 4.692821 -24.262123 7.778490 -11.742971 2.107991 8.439213 -12.160851 -2.660581 -15.874401 -0.286875 10.752504 9.726587 5.705041 -2.923161 14.617495 45.906368 -1.220712 -6.249000
13.174924 26.098078 8.614564 -10.423946 -11.853697 -9.009317 6.095647 11.884168 10.025806 6.846687 -13.790302 -20.761156 5.056012 -24.218311 8.078281 -11.794892 1.839476 8.438291 -11.949274 -2.715022 -16.239618 0.360232 11.527455 9.479340 5.818062 -2.926201 14.416923 45.949291 -0.468811 -6.218537
13.392548 25.562986 8.817455 -10.254080 -11.602931 -9.281590 6.157001 11.870867 10.229963 6.810948 -13.484949 -20.263439 5.360594 -24.488424 8.368041 -11.788543 1.474993 8.592456 -11.991140 -2.745947 -16.577745 1.404550 12.337173 9.482141 5.781573 -2.903430 14.291347 45.966160 0.157447 -6.184976
13.461672 24.855799 9.252007 -10.298992 -11.230533 -9.681771 6.353642 12.052210 10.276400 7.132411 -12.954872 -19.812590 5.767457 -24.809818 8.711440 -11.818807 1.047600 8.824512 -12.018519 -2.870082 -16.955538 2.601037 13.249399 9.157115 5.828668 -2.748580 13.994630 46.113754 0.626617 -6.455151
13.910956 24.058912 9.637722 -10.316729 -10.875359 -10.115908 6.268573 11.936044 10.424458 7.011830 -12.991249 -19.269045 6.353298 -24.859154 8.942664 -11.582524 0.712693 8.945642 -11.859937 -2.980149 -17.135994 4.435663 14.218389 9.028012 5.549626 -2.623192 13.825382 45.741383 1.014686 -6.491886
14.609032 23.358021 10.096732 -10.359106 -10.567091 -10.416691 6.024974 11.471049 10.798790 6.468292 -12.863278 -18.272408 6.781816 -24.838848 9.155911 -11.565749 0.452857 9.295764 -11.827082 -3.146656 -17.125231 6.517091 15.226933 9.236506 5.211866 -2.353303 13.568292 45.581532 1.508533 -6.946604
15.051378 22.619259 10.355659 -10.287414 -10.195284 -10.872591 5.994911 11.422288 11.052338 6.485595 -12.555408 -17.278057 7.076982 -25.098598 9.472045 -11.417991 0.026001 9.510160 -11.968769 -3.261972 -17.158474 8.747758 16.128994 9.551458 4.775494 -2.100035 13.296134 45.461273 2.088900 -7.440778
15.529424 21.835661 10.710997 -10.544470 -9.768273 -11.417252 5.849504 11.323833 11.206483 6.364653 -12.528343 -16.340393 7.685849 -25.393209 9.635900 -11.136639 -0.292706 9.629292 -12.115335 -3.335519 -17.043650 11.160772 17.136141 10.274733 4.140430 -1.897403 13.081818 45.049259 2.832306 -7.913278
16.168402 21.265528 11.353487 -10.829328 -9.376249 -11.674135 5.758448 10.912532 11.426434 6.015299 -12.502115 -15.271969 8.244563 -25.519032 9.856790 -10.906788 -0.555894 9.899151 -12.273615 -3.107636 -17.156477 13.580215 17.969358 11.429973 3.476635 -1.906251 12.776896 44.872536 3.750700 -8.373657
16.855680 20.628778 12.073108 -10.411930 -9.012848 -11.914305 5.792235 10.488447 11.570717 6.065324 -12.419518 -14.179132 8.434202 -25.710409 10.201042 -10.637399 -0.788257 9.816283 -12.365370 -3.298374 -17.188395 15.598712 19.205616 11.674891 2.943794 -1.983457 12.174948 44.190445 5.295708 -8.806083
17.276426 19.940445 12.419559 -10.390633 -8.624581 -12.219753 5.752060 10.198201 11.976112 5.634666 -12.600240 -12.860892 8.630193 -25.783161 10.804597 -10.523630 -1.367396 10.087412 -12.437952 -3.426259 -17.356943 17.838461 20.267521 11.540224 2.374614 -2.073312 11.532186 43.735054 6.434907 -9.325457
17.488245 19.353411 12.787628 -10.567237 -8.378864 -12.410068 5.575663 9.835936 12.241392 5.044948 -12.654444 -11.712893 8.720525 -26.003973 11.470148 -10.445077 -1.956954 10.253892 -12.508770 -3.647974 -17.604937 19.846701 21.162924 11.445480 1.768372 -2.265084 10.898738 43.228790 8.087865 -9.566904
8.168318 10.419765 8.449684 1.739642 -11.219377 -16.546480 6.920195 16.911818 11.593968 13.558484 -21.625830 -16.026791 18.584011 -9.579027 9.974023 -9.753112 2.788113 9.281560 0.155872 -5.951708 -13.189298 11.592982 17.915159 26.333406 -10.722553 -0.326208 12.020675 27.731464 13.791308 -16.968033
8.367696 9.453566 8.893456 1.683369 -10.865584 -16.793901 6.827080 16.681770 11.740491 13.812570 -21.880899 -14.860312 18.528719 -9.499692 10.542021 -9.352322 2.483142 9.390796 0.222842 -6.219060 -13.365062 12.113101 17.775446 26.740353 -12.120661 -0.608855 11.918666 26.249861 15.501879 -16.597006
8.806188 8.543090 9.272509 1.650272 -10.492439 -17.073149 6.571155 16.226318 12.031546 13.764325 -22.040428 -13.897681 18.585972 -9.232960 10.974999 -9.264451 2.421510 9.632213 0.506287 -6.470037 -13.480231 10.859191 17.771070 26.597933 -13.874743 -0.976938 11.743782 23.651514 17.573210 -16.392368
9.074800 7.521538 9.671843 1.760258 -10.225178 -17.482025 6.229777 15.868313 12.196125 13.920193 -22.577040 -12.829299 19.266422 -8.603580 10.928692 -8.988961 2.709682 10.102472 0.855279 -6.519788 -13.436082 9.844351 17.343691 26.112371 -14.953182 -1.730213 11.343570 21.963295 19.231489 -15.811620
9.348963 6.466178 9.914089 1.775055 -10.085196 -18.027685 5.604192 15.494319 12.254871 13.884901 -22.422808 -11.636578 19.693014 -8.288542 11.160988 -8.359654 2.782175 10.519168 0.950597 -6.460383 -13.535420 8.984447 16.816525 25.328197 -16.400396 -2.803186 10.737086 20.191532 20.988903 -15.375893
7.460249 4.455178 9.764380 1.969489 -9.867636 -19.071268 5.770915 16.693508 12.156877 15.493257 -23.303823 -10.223046 21.915493 -7.138624 10.700971 -9.524066 4.097064 10.844037 0.641961 -4.712893 -15.081540 7.477240 15.161243 26.446402 -19.503033 -3.309061 9.804537 17.530127 21.535738 -16.757767
8.467127 3.816262 10.031331 0.948220 -9.325337 -18.970278 5.281230 15.847416 12.258507 15.669249 -22.869020 -9.158321 22.469887 -7.212390 10.552209 -9.111077 4.120237 11.788534 0.257218 -4.312160 -15.025158 6.337726 13.762331 26.294603 -21.165270 -3.868341 9.654502 15.982778 22.782431 -16.381916
8.789828 3.000587 10.211834 0.819748 -8.917241 -19.164778 5.198195 15.583910 12.522026 15.732453 -22.086584 -8.081082 22.702404 -7.466831 10.600156 -8.875951 4.190490 12.515594 0.039610 -4.051690 -14.634192 5.516587 12.974081 25.460295 -22.129337 -4.729953 9.346961 15.000248 23.934029 -16.054014
8.813595 1.831616 10.265906 0.944726 -8.752337 -19.571407 4.712639 15.354246 12.537704 15.854538 -21.638474 -6.958340 22.812008 -7.629757 10.522280 -8.488477 4.354968 13.403220 -0.276314 -3.672313 -14.107181 4.328982 12.048191 24.508417 -23.164238 -5.471541 8.975571 13.888664 24.777721 -15.867945
8.929470 1.097020 10.240128 0.938058 -8.805327 -19.771040 4.080136 15.006654 12.477515 15.675079 -21.133360 -5.878214 22.563992 -7.894526 10.329744 -7.850260 4.543291 14.074265 -0.635664 -3.670082 -13.424996 2.998744 11.882473 23.160442 -23.780012 -6.393139 8.375157 12.565413 25.619322 -15.462461
9.291454 0.380474 10.294390 1.455964 -9.071783 -19.655634 3.430934 14.358211 12.593821 15.404148 -20.948128 -4.719061 22.129639 -7.699615 10.259329 -7.119408 4.412590 15.047914 -0.881900 -3.615794 -12.736327 2.061045 11.272488 22.518129 -24.413946 -7.412185 7.793872 11.568478 26.355917 -14.806185
9.220606 -0.645962 9.944933 1.423741 -9.143869 -19.864084 2.659409 14.039833 12.737484 14.967247 -20.612211 -3.948179 22.393806 -7.446913 10.673914 -6.832652 4.567871 15.497107 -0.503683 -3.563797 -12.423261 1.247087 10.912967 21.562346 -25.173712 -8.018806 7.436956 10.396809 27.058760 -14.291802
9.220611 -1.494377 9.540924 1.242355 -9.178631 -20.048117 1.966676 13.697069 13.006853 14.215597 -20.525175 -3.106564 22.234486 -6.971135 11.074863 -6.475755 4.642841 15.895547 -0.231290 -3.568131 -12.247492 0.575002 10.796572 20.742517 -25.525171 -8.532594 6.973884 9.434134 27.383970 -13.929372
9.230921 -2.381922 8.921211 1.418158 -9.347229 -20.319452 0.965743 13.268374 13.090340 13.730818 -20.403620 -2.357193 22.257902 -6.629822 11.215072 -5.998815 4.691776 16.279013 -0.165363 -3.704575 -12.131339 -0.101416 10.454477 20.057129 -26.072010 -9.224416 6.366969 8.446435 28.051649 -13.602285
9.025764 -3.233313 8.524828 1.407860 -9.356412 -20.467520 0.500793 13.103703 13.432955 13.187875 -20.370289 -1.452295 21.955673 -6.003083 11.475186 -5.733063 4.927157 16.341406 -0.013593 -4.060506 -12.182281 -0.428453 10.276653 19.471739 -26.617527 -9.890193 5.729628 7.518137 28.535950 -13.456584
9.026712 -4.088147 8.186466 1.365882 -9.367857 -20.623756 -0.234964 12.678841 13.682096 12.618504 -20.449434 -0.839902 21.838709 -5.511081 11.614652 -5.472157 5.228052 16.273100 0.161185 -4.278663 -11.851054 -0.556441 10.259201 18.778027 -26.825291 -10.508119 5.267674 6.821657 28.667027 -13.175290
8.661151 -4.943996 7.838221 1.453808 -9.418429 -20.513536 -0.954068 12.111322 13.920723 12.060141 -20.245481 -0.448025 21.945988 -4.970895 11.786530 -5.005142 5.406054 16.299757 0.410124 -4.533212 -11.418959 -1.050743 10.163959 18.139441 -27.181417 -11.226322 4.846398 5.969637 28.508131 -12.900789
8.100052 -5.663935 7.538501 1.471212 -9.430759 -20.353640 -1.543187 11.644820 14.181850 11.419785 -19.942747 0.285620 21.850471 -4.533974 12.041564 -4.418541 5.420845 16.515326 0.378801 -4.856544 -10.958833 -0.816121 10.144197 17.529821 -27.786875 -11.586810 4.743784 4.998551 28.302748 -12.700725
7.637902 -6.207378 7.618477 1.933399 -9.544789 -19.814997 -1.835476 11.012451 14.434366 11.074871 -19.711388 0.687813 21.833805 -4.245744 12.110740 -3.896504 5.693808 16.359625 0.463535 -5.108971 -10.438175 -0.272860 10.297997 16.870501 -28.329004 -11.797823 4.789606 4.128866 27.883154 -12.533251
7.452239 -6.677753 7.508142 2.171772 -9.525304 -19.543211 -2.082359 10.594898 14.691164 10.913897 -19.056158 1.268309 21.704853 -3.935509 12.152259 -3.430916 6.101260 16.103693 0.262456 -5.167199 -9.523249 0.182659 10.444206 16.114855 -28.651649 -11.752424 5.020035 3.387220 27.564821 -12.301108
7.267938 -7.113684 7.389601 2.193656 -9.579222 -19.492689 -2.496644 10.292001 14.823550 10.618650 -18.893366 1.697188 21.636856 -3.704518 12.210723 -3.202886 6.263840 15.970870 0.303032 -5.321264 -8.927608 0.410748 10.563864 15.439665 -28.838182 -11.573001 5.168635 2.919588 27.382341 -12.433784
6.931991 -7.498211 7.317872 1.968951 -9.451592 -19.498285 -2.637511 10.195274 14.948349 10.462765 -18.565527 1.982176 21.669483 -3.422099 12.254974 -2.848971 6.546040 15.787140 0.372973 -5.399839 -8.465770 0.759356 10.890305 14.519535 -29.185719 -11.409216 5.516811 2.157273 27.478073 -12.170780
7.024555 -7.736429 7.291468 2.268854 -9.451124 -19.323782 -2.817462 9.860461 15.048692 10.537065 -18.513851 2.251468 21.588860 -3.196132 12.246733 -2.592550 6.725189 15.677520 0.281821 -5.373447 -7.914352 1.464237 10.694014 14.250864 -29.380756 -11.306656 5.772508 2.124745 27.544935 -12.048086
7.122087 -7.891856 7.311199 2.287143 -9.369327 -19.191607 -2.999090 9.539539 15.092896 10.544897 -18.400547 2.448130 21.493130 -3.088814 12.361693 -2.405718 6.736899 15.572552 0.271348 -5.393057 -7.593922 1.464473 10.684187 13.772032 -29.405928 -11.039219 5.999317 1.899927 27.473677 -11.960375
7.045799 -8.006445 7.232304 2.345666 -9.358315 -19.146948 -3.023603 9.502774 15.189764 10.432580 -18.394995 2.543527 21.407148 -3.028812 12.398061 -2.361891 6.864825 15.454637 0.271954 -5.404869 -7.347587 1.749699 10.525621 13.671055 -29.464508 -10.967673 6.147373 1.935125 27.534336 -11.886106
7.103902 -8.042054 7.233308 2.511819 -9.382561 -19.089262 -3.022761 9.442852 15.237150 10.402975 -18.467684 2.587535 21.366653 -3.020854 12.397172 -2.304931 6.908915 15.407409 0.298169 -5.436488 -7.297769 1.905170 10.424476 13.760218 -29.522415 -10.983841 6.192263 1.978013 27.559896 -11.823151
