4.602218 -3.654357 11.348355 -3.998584 -17.461767 -8.388308 -30.091389 -17.741444 6.642891 2.812250 -0.958657 10.910286 -11.619312 -2.366258 12.603530 -0.693271 20.818144 -1.887819 -12.344944 -19.435112 -13.808917 -7.105200 33.054890 -12.136541 -14.649238 -12.089397 13.508680 -5.379958 8.924361 10.323082
4.676907 -3.476252 11.388065 -3.996749 -17.359247 -8.298067 -29.830816 -17.666159 6.745500 2.919949 -0.751872 10.779014 -11.379485 -2.482739 12.541050 -0.518297 20.911516 -1.884113 -12.342149 -19.252411 -13.797984 -7.536729 32.508614 -12.117023 -14.613784 -12.411441 13.342727 -5.121789 8.952918 10.419293
4.483146 -3.236419 11.572515 -4.307628 -17.117838 -8.180258 -29.319685 -17.455093 6.886612 3.030624 -0.245438 10.491237 -10.915389 -2.746617 12.309755 -0.247974 21.122389 -1.913165 -12.543767 -18.771847 -13.665768 -7.988495 31.589773 -12.062194 -14.658066 -12.847915 13.164972 -4.668909 9.033385 10.497141
4.216872 -2.934099 11.908260 -4.609390 -16.842993 -7.958073 -28.661392 -17.267477 7.104616 3.198584 -0.087290 10.230998 -10.613515 -2.977308 12.089889 -0.131169 21.322500 -2.098639 -12.751110 -18.312407 -13.489500 -8.893139 30.650768 -12.057402 -14.707210 -13.284832 13.059781 -4.336198 9.040887 10.670538
3.828703 -2.687809 12.427120 -4.954545 -16.421556 -7.669106 -27.768339 -17.061905 7.421422 3.310523 0.267090 9.813563 -10.067411 -3.301189 11.769543 0.216177 21.570475 -2.212689 -12.985937 -17.622950 -13.219827 -9.673728 29.431854 -11.961590 -14.770540 -13.888071 12.886877 -3.797532 8.967647 10.857960
3.565890 -2.394162 12.929873 -5.222405 -15.978372 -7.414696 -26.841276 -16.819199 7.685555 3.510962 1.028655 9.461962 -9.171031 -3.813314 11.559526 0.589021 21.845127 -2.370317 -13.437061 -16.475805 -12.905658 -10.622041 28.142805 -11.699963 -14.732843 -14.522072 12.699368 -3.310481 8.736353 11.185434
3.380015 -2.185328 13.161686 -5.754130 -15.530798 -7.440711 -25.962357 -16.302116 7.954722 3.599259 1.421802 8.927070 -8.819459 -4.064443 11.220234 0.729615 22.165483 -2.532748 -13.866960 -15.635773 -12.889499 -11.718528 26.591236 -11.460018 -14.829524 -15.205246 12.478625 -2.631740 8.561729 11.416897
2.808706 -2.001114 13.970279 -6.152805 -15.053278 -6.957961 -24.993690 -16.299133 8.302859 3.879919 2.227525 8.593448 -7.900225 -4.603071 11.166263 0.899475 22.470123 -2.744834 -14.320335 -14.454971 -12.641851 -11.882481 25.179762 -11.203005 -15.075802 -15.986123 12.300811 -2.016575 7.891867 11.622791
2.494210 -1.915885 14.400569 -6.536264 -14.582350 -6.664583 -24.088346 -16.115154 8.740572 4.119808 2.582062 8.106607 -7.391407 -4.946150 10.799253 0.999910 22.868860 -3.076226 -14.862482 -13.448915 -12.699893 -12.569477 24.196815 -11.146516 -15.324200 -16.677372 12.071589 -1.738665 7.397690 11.849182
2.128349 -1.806089 14.843651 -6.993422 -14.152296 -6.485241 -23.231312 -15.829093 9.066870 4.242652 3.301888 7.859499 -6.789496 -5.280525 10.714549 1.035016 23.085617 -3.372014 -15.482038 -12.453031 -12.357718 -13.124050 22.809443 -10.986488 -15.516548 -17.559294 11.780290 -1.169750 6.916153 12.064219
1.785864 -1.547009 15.324109 -7.317758 -13.829937 -6.189196 -22.433661 -15.661453 9.355940 4.407146 3.753745 7.605409 -6.060895 -5.839777 10.705365 0.879838 23.025764 -3.210567 -16.295362 -11.166375 -11.857802 -14.176942 21.283436 -10.923491 -15.655012 -18.473980 11.579111 -0.698466 6.396633 12.457709
1.673161 -1.225876 15.676153 -7.588251 -13.528581 -6.124447 -21.525457 -15.225379 9.700720 4.397413 3.943918 7.163227 -5.476829 -6.345949 10.853359 0.793072 22.799757 -2.843833 -16.401445 -10.312516 -11.558293 -14.939658 19.775791 -10.635914 -15.681703 -19.294806 11.303377 0.115486 5.893970 12.590785
1.676631 -1.250483 15.666101 -7.966356 -13.080669 -6.082234 -20.854012 -14.910673 10.148312 4.285789 4.418156 6.794219 -4.788622 -6.880641 10.801676 0.935434 22.609781 -2.465075 -16.677382 -9.552550 -11.024263 -15.298515 18.639576 -10.551408 -15.775686 -20.205877 10.972711 0.656161 5.283144 12.703485
1.479922 -1.001649 16.166519 -8.147600 -12.945069 -6.058200 -20.187792 -14.586548 10.336111 4.101995 4.523392 6.596428 -4.634851 -7.045166 10.980424 0.748275 22.691122 -2.494561 -16.721506 -8.993653 -10.707141 -15.527658 17.588041 -10.167130 -15.789488 -20.843632 10.869800 1.231447 4.615645 12.913825
1.644813 -0.955290 16.318169 -8.315161 -12.337302 -5.741642 -19.298401 -14.457542 10.773582 4.249128 4.705611 6.328650 -4.015501 -7.479304 11.114469 0.777076 22.496859 -2.363297 -16.939253 -8.227304 -10.386914 -15.282277 16.556822 -9.885044 -15.937491 -21.350658 10.846747 1.709091 4.328440 13.134088
1.468038 -0.736896 16.796974 -8.415302 -12.300329 -5.772561 -18.841747 -14.212313 10.782644 4.079604 4.873455 6.278198 -3.585458 -7.806959 11.242860 0.905274 22.340094 -2.099660 -17.071800 -7.710561 -10.280748 -15.478576 15.688313 -9.572321 -15.967347 -21.784641 10.783794 2.131968 3.868507 13.298719
1.246116 -0.920676 17.052177 -8.779104 -11.843971 -5.675552 -18.244280 -14.070673 11.151098 3.955230 4.944401 6.120914 -3.461615 -7.854139 11.216205 0.848880 22.401083 -2.126307 -17.319632 -7.349208 -10.288161 -15.288610 15.273927 -9.231874 -16.025379 -22.041794 10.773943 2.427067 3.265040 13.328100
1.364893 -0.908274 16.768038 -8.895524 -11.451651 -5.396178 -17.874496 -14.089396 11.412937 4.181118 4.844379 6.093561 -3.579634 -7.727684 11.300882 0.651794 22.319099 -1.998556 -17.437004 -7.205910 -10.387725 -14.964608 14.982267 -9.073748 -16.137745 -22.149590 10.802527 2.595150 3.031396 13.365224
1.443690 -0.759857 16.852924 -8.828039 -11.411947 -5.405721 -17.662649 -13.971680 11.440826 4.172926 4.788326 6.020916 -3.696202 -7.702578 11.343228 0.596490 22.289137 -1.960030 -17.427130 -7.122991 -10.413591 -14.694263 14.652861 -8.944956 -16.214943 -22.242973 10.822349 2.798047 2.792009 13.364058
1.298210 -0.674685 16.985420 -8.866936 -11.479893 -5.389756 -17.624413 -13.939768 11.395283 4.109027 4.919312 5.994757 -3.577653 -7.748948 11.346010 0.670359 22.193108 -1.807499 -17.408747 -7.083945 -10.422307 -14.574952 14.638536 -8.930373 -16.243824 -22.269085 10.817122 2.792902 2.684041 13.361539
0.844549 -0.745695 17.231516 -9.038634 -11.519512 -5.348926 -17.674500 -14.012606 11.376518 3.979311 5.230491 5.795449 -3.248552 -7.943724 11.252940 0.834415 22.248709 -1.825488 -17.502674 -6.797294 -10.322978 -14.292034 14.457819 -8.892893 -16.329922 -22.227230 10.975322 2.850140 2.505129 13.409497
-0.188631 -0.901109 17.411461 -9.838782 -11.237421 -5.605857 -17.137199 -13.420255 11.680965 3.094055 6.313138 5.551246 -2.353748 -8.328263 11.192001 1.289992 22.126081 -1.577213 -17.550795 -6.498129 -9.907157 -13.900546 13.798150 -8.947763 -16.498444 -22.135906 11.507955 3.106909 1.355587 13.588022
-1.396169 -1.049931 17.623243 -10.486828 -10.614906 -4.979556 -16.276066 -13.434022 12.376099 2.619212 7.890317 4.992731 -1.146263 -8.667299 10.967419 1.884783 22.065758 -2.034843 -18.047461 -5.311599 -8.340506 -12.768752 13.155787 -8.807131 -16.535027 -21.586323 12.879235 3.388407 -0.604549 14.065387
-2.937175 -2.247777 17.684336 -11.995992 -8.876806 -4.240905 -14.771589 -13.457053 14.080263 1.823780 9.612474 4.398168 0.608707 -9.268154 10.848596 3.110974 21.256464 -1.774604 -18.366034 -4.084070 -5.540181 -9.737348 11.959702 -8.893032 -16.352243 -19.843813 15.003541 4.547244 -3.659798 13.646599
-4.289232 -2.755780 17.717682 -12.878635 -7.995419 -3.781605 -13.513143 -12.996785 15.165298 0.606016 11.258273 4.187499 2.085516 -9.724237 10.527284 4.575573 20.620878 -1.481189 -18.658178 -2.992954 -2.702541 -5.829818 11.471785 -9.977256 -16.803823 -18.620714 16.591599 4.826830 -7.094216 12.886177
-5.130980 -4.527656 18.654499 -14.309143 -6.275924 -3.740040 -11.616677 -12.365030 16.971031 -0.774021 12.582167 4.494489 4.585865 -10.261871 10.916106 7.013864 19.286976 -0.403283 -18.459005 -1.613696 0.023861 -4.597857 11.843790 -12.600687 -16.956207 -18.072624 16.668758 3.645957 -10.884945 11.901129
-6.109572 -5.783405 19.940220 -15.689495 -4.729244 -4.134832 -8.955345 -10.697802 18.787237 -2.732661 13.726062 5.230449 7.206378 -10.591618 11.512619 10.101602 17.052620 1.516622 -17.062782 -1.763686 4.183629 -4.228724 13.549442 -17.526888 -17.370604 -18.043123 16.407808 0.067733 -12.103196 11.654556
-7.471975 -7.590586 20.996161 -18.217525 -2.874922 -4.467060 -6.631865 -9.342615 20.436298 -4.524729 15.329861 5.971290 8.984730 -11.049096 11.609591 12.707170 15.706798 3.042340 -15.649168 -3.014746 10.091119 1.069782 14.580488 -20.542002 -17.558548 -16.352261 18.050995 -0.541076 -9.166404 11.000013
-5.703958 -10.782972 20.010897 -19.816759 0.516146 -3.451007 -4.601128 -10.054060 22.896032 -3.661943 16.174818 7.030605 10.232437 -10.494321 12.477252 14.097367 12.487996 4.769699 -15.041014 -4.017133 9.500916 6.758637 14.592601 -21.534508 -18.873676 -14.428142 18.876768 -0.118718 -6.635631 9.509023
-1.349793 -13.710720 19.301504 -19.911911 3.377675 -3.333656 -3.182772 -11.001886 24.251820 -1.585261 17.408869 8.116803 11.497886 -9.094967 14.619536 14.231361 8.566563 7.526752 -13.918787 -5.100179 9.124913 10.876206 14.860508 -22.937733 -19.826824 -16.551983 16.174158 -0.469433 -1.666039 9.254827
2.403360 -16.336691 16.147099 -19.675514 5.545438 -2.885082 -3.911271 -13.020196 25.200649 0.668171 17.075750 8.605173 10.969984 -7.236511 16.864578 13.020399 4.738985 10.267827 -12.999044 -6.878763 9.575960 10.640742 13.415812 -23.240007 -20.767504 -19.612686 13.610301 -1.413392 2.244776 10.465586
6.541820 -17.998335 12.177853 -19.695433 6.129947 -5.245772 -6.116800 -13.010557 24.870840 1.227254 16.048891 9.537316 8.840855 -4.385490 19.029570 10.128663 2.321310 12.071446 -12.241061 -9.325593 9.072129 11.518842 13.998364 -23.051443 -20.408310 -19.786451 12.169566 -0.195345 9.492194 10.291098
8.253527 -18.665218 7.204417 -20.186655 5.765860 -7.373597 -9.492682 -13.084558 24.156546 0.994616 13.451677 10.631454 5.770802 -1.875379 20.637089 6.593490 0.528175 13.242887 -12.143938 -11.254019 9.539875 11.161712 11.608984 -23.213673 -18.792679 -18.895409 11.067988 4.846912 16.574400 7.752591
9.484250 -18.511791 2.358970 -20.926888 5.217831 -9.857080 -12.623355 -12.412636 23.129179 0.623891 10.070635 11.751029 2.522964 0.400808 21.892834 3.703254 -1.146122 14.610583 -12.301708 -13.189122 9.801961 12.019232 9.210651 -24.438877 -18.302380 -19.888420 8.535795 8.498257 21.789072 4.925310
10.602989 -18.423349 -1.741601 -21.482841 4.915585 -11.716469 -15.513780 -12.316006 22.187056 0.750579 7.473506 11.823402 -0.130528 2.009541 22.232555 0.942918 -2.204673 16.155207 -13.283689 -13.981308 10.157401 12.478580 6.082413 -26.449095 -17.654985 -21.086937 5.331439 12.146021 24.168200 1.626545
10.592638 -18.516966 -5.202525 -21.993773 4.363059 -12.819612 -18.618784 -12.769792 21.411324 0.626803 6.500247 11.235957 -2.488687 3.208061 22.181126 -1.810577 -2.241083 16.926577 -14.712088 -14.028323 11.302217 15.579975 4.409022 -30.357721 -18.364067 -21.907516 2.999266 13.524517 24.612806 -1.669065
11.346663 -17.960117 -8.094761 -21.624046 3.636845 -13.306007 -20.879246 -13.148360 20.726000 0.984497 6.861062 10.422618 -4.141757 3.863391 21.901239 -4.202236 -1.288035 16.857786 -15.905453 -13.901689 11.473462 14.294348 0.569092 -32.584015 -18.583982 -22.221203 2.083356 15.555759 23.632586 -3.561836
12.240030 -17.163559 -10.411936 -20.908806 2.822376 -13.788677 -22.501514 -13.095484 20.105913 1.091099 6.079947 9.064019 -5.126598 3.729091 21.591059 -6.218493 -1.395536 17.818769 -15.921661 -14.203406 12.643930 10.928399 -5.136844 -33.098495 -18.530123 -23.231855 2.110887 17.994856 23.223194 -3.158536
12.372560 -16.635313 -11.409332 -20.205868 2.225366 -13.570482 -23.426533 -13.455942 19.674070 1.348339 6.740270 8.319416 -5.638613 3.885134 21.229927 -6.838433 -0.678210 17.715122 -16.205458 -14.152396 13.124740 8.749915 -7.152618 -33.333576 -18.156513 -23.128094 2.504175 19.047337 23.123041 -2.939775
12.440418 -16.361639 -11.856127 -19.962940 2.031096 -13.487170 -23.683054 -13.500895 19.551107 1.460576 6.796216 8.080631 -5.832023 3.880930 21.144609 -7.077954 -0.497078 17.619257 -16.211172 -14.143588 13.765933 7.963377 -8.024887 -33.476814 -17.918087 -22.945026 2.918013 19.612635 22.899752 -2.797437
12.397822 -16.432882 -11.797703 -19.998699 2.059009 -13.473487 -23.680349 -13.536042 19.583628 1.451332 6.891856 8.116943 -5.851835 3.910553 21.157230 -7.028334 -0.437366 17.560282 -16.231119 -14.134552 13.795903 8.120403 -7.905766 -33.532112 -17.937237 -22.983742 2.856371 19.555334 22.745798 -2.855800
12.191501 -16.609581 -11.486168 -20.038429 2.091162 -13.336002 -23.707588 -13.760379 19.580996 1.499401 7.238329 8.318810 -5.868025 4.066288 21.120541 -6.715452 -0.137854 17.248674 -16.314865 -14.174769 13.835723 8.351487 -7.576418 -33.639137 -18.052969 -22.970247 2.899657 19.263321 22.708742 -2.800235
11.798948 -16.803896 -11.124572 -19.956448 2.023052 -13.023295 -23.932768 -14.219893 19.506144 1.626846 7.138340 8.395568 -5.849511 4.065042 21.211435 -6.711365 -0.286296 17.396076 -16.161322 -14.335559 13.942736 8.699996 -7.296428 -33.688889 -18.092957 -23.020254 2.820304 19.104626 22.549341 -2.857244
11.522369 -16.981565 -10.688540 -20.095154 2.152564 -12.823319 -23.702705 -14.352042 19.626932 1.620224 7.402678 8.460642 -5.737273 4.049511 21.122482 -6.413259 -0.128273 17.259995 -16.248880 -14.236239 14.116246 9.066421 -6.674230 -33.769939 -18.083996 -22.818066 2.933984 18.746964 22.224886 -2.906796
11.249230 -17.204054 -10.260290 -20.200333 2.259681 -12.615517 -23.566706 -14.539102 19.742083 1.659497 8.069695 8.749022 -5.614799 4.120102 20.982403 -5.765600 0.419242 16.762518 -16.440212 -14.031342 14.420269 9.504481 -6.014179 -33.961647 -18.149807 -22.831881 2.920535 18.296135 21.942024 -2.915968
10.715471 -17.502535 -9.554255 -20.249828 2.302417 -12.218151 -23.498245 -14.950139 19.831940 1.680972 8.778768 8.938559 -5.460974 4.144764 20.927649 -5.325496 0.894329 16.362072 -16.418642 -14.011529 14.794908 9.906274 -5.429536 -34.137470 -18.158386 -22.831295 2.911279 17.952450 21.424212 -2.988793
10.140915 -17.850969 -8.740652 -20.419949 2.455460 -11.850695 -23.242249 -15.259754 20.019354 1.655855 9.513597 9.068033 -5.162787 4.222646 20.840805 -4.580031 1.188048 15.949962 -16.518379 -13.793286 15.349663 9.807673 -4.676425 -34.223228 -18.009111 -22.533710 3.245229 17.481306 20.918680 -2.853341
9.561558 -18.160864 -7.984397 -20.641117 2.617513 -11.528319 -23.019251 -15.531932 20.159262 1.627074 10.293758 9.175660 -4.963590 4.233978 20.732660 -3.852701 1.643001 15.376315 -16.518608 -13.679646 15.939706 9.783711 -3.979246 -34.268471 -17.871592 -22.224146 3.676799 17.033779 20.229012 -2.672774
8.843018 -18.343616 -6.988326 -20.853333 2.807302 -11.023499 -22.449575 -15.739840 20.395697 1.636875 11.273666 8.981509 -4.512132 3.968095 20.474848 -3.464139 2.066896 15.180316 -16.426323 -13.608595 16.322990 10.263884 -2.602388 -34.542686 -17.877804 -21.891735 3.934810 16.195169 19.633234 -2.654790
8.138771 -18.495831 -6.063423 -20.875757 2.886150 -10.418001 -22.083961 -16.094429 20.518154 1.724301 12.008585 9.162683 -4.260638 4.053829 20.521755 -2.704658 2.315992 14.919874 -16.201044 -13.723758 17.132614 10.678822 -1.201152 -34.738068 -17.837093 -21.626766 4.389632 15.277939 18.840624 -2.423232
7.309064 -18.513083 -5.328038 -21.059887 2.958214 -9.958038 -21.567366 -16.158848 20.728884 1.561503 12.544824 9.291642 -4.067469 4.049216 20.613173 -1.788895 2.460043 14.717172 -15.844395 -13.874915 17.933523 10.551938 -0.457163 -34.769234 -17.670067 -21.350513 4.911926 14.751797 17.947430 -2.156268
6.300441 -18.594961 -4.463051 -21.107273 2.890253 -9.382929 -21.300508 -16.467388 20.812298 1.419657 13.410488 9.457536 -3.777010 4.090313 20.702003 -0.977854 2.805299 14.263516 -15.730593 -13.730913 18.308966 10.654679 0.262136 -34.573208 -17.525494 -21.024069 5.366469 14.434772 17.336851 -1.980899
5.616715 -18.829275 -3.815264 -21.338739 2.937415 -9.242327 -21.161606 -16.559334 20.874681 1.182246 13.978437 9.598878 -3.627821 4.083655 20.688381 -0.264126 3.085515 13.854505 -15.692796 -13.591602 19.121429 10.953790 1.128984 -34.733170 -17.400997 -20.920364 5.635270 13.981094 16.712587 -1.918104
4.899196 -18.841867 -3.116045 -21.457125 2.982594 -8.824264 -20.782448 -16.665222 21.036589 1.063926 14.411948 9.615350 -3.390887 3.989902 20.700546 0.199510 3.216496 13.723968 -15.643393 -13.418444 19.651354 11.206861 1.716404 -34.624870 -17.312677 -20.621933 6.160071 13.641281 16.274263 -1.642469
4.648719 -18.800320 -2.769943 -21.307791 2.927370 -8.492426 -20.650486 -16.843258 21.104580 1.100611 14.752151 9.494267 -3.048464 3.768130 20.651049 0.487782 3.283644 13.667768 -15.627546 -13.150910 19.954397 11.289636 1.840085 -34.410282 -17.224957 -20.375130 6.590221 13.594785 15.828394 -1.424056
4.264341 -18.853512 -2.302297 -21.250130 2.965935 -8.105013 -20.455698 -17.094702 21.198807 1.150540 15.146728 9.575982 -3.040083 3.846535 20.625456 0.820899 3.582070 13.357224 -15.647090 -13.124522 20.223143 11.377446 2.458355 -34.277374 -17.134947 -19.952291 7.106925 13.254047 15.527842 -1.187235
4.248145 -18.854856 -2.035106 -21.236061 3.091424 -7.934952 -20.181395 -17.110929 21.315073 1.212371 15.391039 9.555639 -3.106220 3.892524 20.600277 0.927957 3.879029 13.125395 -15.595930 -13.166248 20.399248 11.405409 2.975223 -34.176361 -17.068083 -19.618320 7.542202 12.890266 15.321022 -0.925788
3.953604 -18.876207 -1.673220 -21.169579 3.080040 -7.659942 -20.105280 -17.302485 21.338308 1.257831 15.817820 9.571534 -3.046487 3.942838 20.551634 1.213018 4.195183 12.874556 -15.543495 -13.180116 20.651522 11.446889 3.230931 -34.175617 -17.047771 -19.613020 7.683176 12.661518 14.936084 -0.794938
3.775482 -18.834381 -1.458189 -21.115187 3.059384 -7.470835 -20.038038 -17.394783 21.352781 1.287656 16.101271 9.564436 -2.941152 3.944477 20.516880 1.498505 4.378918 12.738864 -15.540246 -13.088074 21.011057 11.441983 3.402070 -34.239597 -16.995064 -19.557018 7.849582 12.518646 14.698821 -0.703604
3.693859 -18.847403 -1.314575 -21.150007 3.080150 -7.448673 -19.925766 -17.356983 21.392088 1.219323 16.195601 9.546134 -2.875823 3.932239 20.517757 1.571316 4.407717 12.696067 -15.519573 -13.051711 21.019518 11.377103 3.431982 -34.214813 -16.981066 -19.529869 7.894117 12.496629 14.663552 -0.669844
3.620698 -18.883108 -1.216308 -21.197187 3.117588 -7.435938 -19.852306 -17.346214 21.422548 1.189911 16.236593 9.562707 -2.853961 3.956002 20.515064 1.689434 4.436736 12.641633 -15.542444 -13.005010 20.976723 11.466535 3.577981 -34.215359 -16.982515 -19.441902 7.944206 12.426065 14.592113 -0.677619
3.241453 -18.887671 -0.908074 -21.137665 3.047185 -7.158082 -19.839911 -17.564121 21.410088 1.185685 16.521536 9.541646 -2.791173 3.930150 20.396626 1.900740 4.720124 12.403410 -15.618876 -12.885930 21.100449 11.601516 3.766996 -34.209702 -16.963842 -19.389030 8.035761 12.298473 14.413013 -0.627977
2.963592 -18.894053 -0.673776 -21.108105 3.077174 -6.847929 -19.764923 -17.762867 21.458433 1.289223 16.864576 9.549005 -2.729334 3.925591 20.300276 2.129256 5.068191 12.077545 -15.774601 -12.675500 21.069475 11.905780 4.199513 -34.059361 -17.006645 -19.412243 8.142907 12.000540 13.948153 -0.498306
2.608029 -18.911240 -0.248315 -21.090893 3.084785 -6.579552 -19.496346 -17.842379 21.572695 1.181718 17.277721 9.548858 -2.682111 3.964842 20.223015 2.361230 5.458289 11.645293 -15.906977 -12.461600 21.205011 12.174927 4.559522 -33.978889 -16.973526 -19.434105 8.244910 11.799696 13.307033 -0.427502
1.998111 -18.949633 0.323081 -21.111126 3.149871 -6.103186 -19.196911 -18.069016 21.735405 1.141338 17.725069 9.617837 -2.467108 4.023328 20.122200 2.936027 5.729605 11.193282 -16.196663 -12.079566 21.237213 12.445587 4.846449 -33.750732 -16.935577 -19.360775 8.451805 11.653708 12.660598 -0.291879
1.497294 -18.983114 0.777009 -21.139589 3.179426 -5.699337 -19.005548 -18.303579 21.856936 1.159759 18.091372 9.693505 -2.256082 4.081941 20.025051 3.612098 5.947558 10.724269 -16.595827 -11.563512 21.227324 12.615079 5.089163 -33.518139 -16.962833 -19.227924 8.760706 11.370850 12.023620 -0.047582
0.689531 -18.920824 1.394349 -21.178555 3.243752 -5.123184 -18.571255 -18.476519 22.064453 1.037667 18.561888 9.772929 -2.092201 4.074767 19.787773 4.322459 6.405597 10.114276 -16.929304 -11.230222 21.462002 12.909617 5.505212 -33.389107 -16.974958 -19.124250 9.107556 10.949700 11.181172 0.203754
0.288085 -18.796423 1.765033 -21.000711 3.314548 -4.517462 -18.237795 -18.754580 22.223009 1.181830 18.821981 9.731606 -1.816587 4.022780 19.739225 4.827582 6.477576 9.712722 -17.239908 -10.759975 21.655733 13.204190 6.153881 -33.190598 -17.003290 -19.015606 9.444808 10.344242 10.564909 0.559169
-0.195644 -18.710321 2.225579 -21.026030 3.522875 -3.971873 -17.677658 -18.867622 22.513155 1.207955 18.899372 9.803726 -1.641104 4.038630 19.696308 5.157426 6.524233 9.313462 -17.626471 -10.331433 21.986538 13.365670 6.982875 -33.017586 -16.909569 -18.600025 10.009959 9.673083 9.806535 0.927143
-1.042891 -18.584539 2.792621 -21.109552 3.665094 -3.371560 -17.037758 -18.905537 22.830730 1.009845 19.024025 9.655185 -1.324041 4.054509 19.611412 5.371576 6.531831 8.942392 -18.023302 -9.696038 22.648470 13.255980 8.014100 -32.773083 -16.609022 -18.207638 10.622367 8.984833 8.933244 1.339777
-1.895490 -18.384010 3.243382 -21.077131 3.623565 -2.766118 -16.748798 -19.120548 22.934507 0.917247 19.347631 9.426443 -1.050100 4.090835 19.436390 5.455153 6.810110 8.419338 -18.512022 -9.071765 23.340586 13.627787 8.869305 -32.400146 -16.363655 -18.154312 11.008183 8.554832 7.686226 1.542645
-2.662964 -18.213076 3.568621 -21.393559 3.892610 -2.326513 -16.087147 -19.011364 23.265535 0.783085 19.823095 9.308503 -0.596764 4.039475 19.284397 5.848966 6.924076 8.007972 -19.043674 -8.376580 23.844870 13.893248 9.992508 -31.942467 -16.176464 -18.031967 11.482987 7.856471 7.305910 1.996129
-3.368602 -17.995104 3.643006 -21.484251 3.848683 -2.006044 -15.939158 -19.042643 23.338018 0.620949 19.835819 9.176774 -0.511764 3.916811 19.038967 6.146106 7.052399 7.784670 -19.253515 -8.204284 24.723263 14.143237 10.392603 -31.597397 -16.030903 -17.836674 12.145600 7.541139 6.791769 2.374001
-3.840943 -17.806469 3.412621 -21.718391 3.926095 -1.834829 -15.844867 -18.979734 23.400055 0.565367 19.991400 9.264009 -0.432129 3.925483 18.880589 6.352178 7.316067 7.552821 -19.652447 -7.932293 25.014437 14.199810 10.716490 -31.059755 -15.852343 -17.146605 13.056957 7.384242 7.132768 2.833142
-5.630416 -13.590725 21.247911 -15.849056 -6.660348 -8.589034 -17.481430 -14.621745 15.015456 -4.590417 13.986115 10.216453 0.035437 -4.410635 17.337860 9.492792 16.587397 0.099868 -7.175329 -14.819199 -2.450117 8.939500 16.058746 -19.305704 -18.076483 -25.696621 4.094562 5.474870 -4.306606 3.380712
-5.857219 -13.289289 21.144409 -15.718170 -6.989228 -8.642562 -17.725208 -14.563269 14.826783 -4.697318 13.967183 10.028284 0.090029 -4.615606 16.869274 9.866380 16.922127 -0.180534 -7.418846 -14.763162 -3.059128 8.311164 15.794788 -19.030935 -17.954021 -25.445827 4.230536 5.645344 -3.882416 3.461294
-6.163381 -13.085864 21.170460 -15.776281 -6.937542 -8.487808 -17.460901 -14.467379 14.943311 -4.792909 13.648012 9.829043 0.165331 -4.899449 16.516161 9.840789 16.966696 -0.183532 -7.751271 -14.485480 -3.482554 7.820980 15.632063 -18.695601 -17.909855 -25.428158 4.380644 5.581118 -3.228730 3.849388
-6.041592 -12.903160 20.791130 -15.562225 -7.077243 -8.409540 -17.739708 -14.618165 14.791788 -4.565295 13.765665 9.519935 0.452972 -5.297473 16.243710 9.824460 17.085539 -0.072140 -8.036152 -14.164504 -3.772362 6.919410 15.616419 -18.490625 -17.828398 -25.240932 4.779188 5.386966 -2.715180 4.348442
-5.967586 -12.571033 20.665659 -15.207644 -7.228068 -8.102240 -17.690161 -14.699575 14.812572 -4.326235 13.543295 9.309031 0.409400 -5.457936 16.050642 9.615504 17.184370 -0.019683 -8.236172 -14.081427 -3.899851 6.424400 15.874484 -18.278530 -17.811249 -24.979939 5.176887 5.018896 -2.241779 4.816415
-5.948232 -11.814005 21.320612 -16.083214 -7.813741 -8.300675 -18.088768 -14.446133 13.811236 -3.891556 13.407879 9.608893 0.865959 -6.085156 15.632112 8.503346 18.023438 -0.578067 -9.451361 -12.817655 -6.879309 5.911100 15.614211 -16.812542 -18.832739 -24.648203 5.316721 4.431912 -3.463040 4.224329
-5.541115 -11.477848 20.661461 -15.673506 -7.764090 -7.823183 -18.184204 -14.781082 13.860963 -3.207090 13.093817 9.569360 0.671494 -6.160338 15.499701 8.159057 18.068041 -0.440597 -9.772230 -12.730039 -6.635315 5.307247 15.876574 -16.359369 -18.765879 -23.654991 6.276912 4.017384 -2.249984 4.709662
-5.422588 -11.049496 20.760586 -15.201187 -8.214246 -7.588241 -18.529127 -15.031296 13.448530 -2.659585 12.900694 9.439738 0.683825 -6.278332 15.210491 7.797057 18.285477 -0.314777 -10.202854 -12.516809 -6.708991 4.497980 16.510893 -16.176306 -18.441109 -23.208729 6.658352 3.769774 -2.000758 4.968135
-4.716404 -10.738568 20.196880 -14.658155 -8.551664 -7.650749 -18.964859 -15.077089 13.240459 -2.340230 12.536363 9.189779 0.446526 -6.534870 15.044226 7.525958 18.320456 -0.091118 -10.270109 -12.596894 -7.145149 3.956063 16.863989 -16.038967 -18.420101 -22.735121 6.920787 3.400994 -1.355032 5.195104
-4.630953 -10.383112 20.250641 -14.383700 -8.817593 -7.555387 -19.099453 -15.129393 13.027900 -2.159122 12.170183 9.057606 0.177914 -6.540634 14.817807 7.207096 18.542185 -0.199621 -10.429008 -12.597727 -7.158002 3.466104 16.777058 -15.976333 -18.379498 -22.657768 7.062217 3.391247 -1.129706 5.321484
-4.385489 -10.199274 20.086452 -14.079051 -9.134952 -7.562872 -19.532669 -15.303095 12.791445 -1.951313 11.755093 9.053966 -0.502518 -6.305378 14.582541 6.861162 18.971807 -0.459424 -10.522668 -12.980039 -7.327716 3.200559 16.955776 -15.802542 -18.371895 -22.472298 7.318552 3.268659 -0.913952 5.535995
-4.187732 -10.061435 20.149052 -13.702784 -9.497133 -7.458550 -19.982544 -15.609947 12.486826 -1.732926 11.434010 9.031711 -1.036559 -6.060340 14.421995 6.608073 19.294714 -0.758910 -10.714010 -13.152199 -7.362293 3.070374 17.264263 -15.555453 -18.315720 -22.134331 7.674169 3.138843 -0.791253 5.703168
-4.162811 -9.850019 20.044575 -13.396873 -9.886249 -7.382446 -20.474564 -15.835316 12.139994 -1.542281 11.225106 9.236658 -1.476527 -5.847741 14.413262 6.497943 19.451738 -0.821260 -10.671068 -13.533334 -7.574088 2.977228 17.676491 -15.395483 -18.247688 -21.830814 7.925761 3.045859 -0.500668 5.797558
-3.686153 -9.839476 19.572096 -12.935919 -10.347908 -7.512702 -21.400070 -16.195169 11.754826 -1.327101 10.877781 9.323279 -1.993690 -5.651412 14.371234 6.345243 19.472878 -0.861303 -10.629622 -13.876800 -7.844915 2.833890 18.142448 -15.227322 -18.188354 -21.434328 8.209015 2.817683 -0.437996 5.862316
-3.770935 -9.607262 19.440557 -12.795145 -10.535789 -7.382843 -21.649977 -16.348642 11.576036 -1.131161 10.685616 9.405069 -2.268984 -5.556815 14.346417 6.264929 19.556040 -1.077892 -10.702793 -13.939880 -7.914693 2.765578 18.712038 -14.982666 -18.199883 -21.199608 8.497909 2.368635 -0.367956 6.105068
-3.513047 -9.627163 19.207977 -12.638863 -10.737980 -7.464904 -22.055870 -16.481977 11.469289 -1.068402 10.511333 9.529908 -2.646834 -5.342087 14.289040 6.220618 19.709446 -1.210914 -10.665449 -14.263089 -7.942746 2.821614 19.240522 -14.958865 -18.159248 -21.019703 8.685412 2.023446 -0.313473 6.264435
-3.419632 -9.543512 19.110817 -12.431442 -11.006300 -7.416222 -22.507401 -16.736633 11.215260 -0.896316 10.411611 9.536988 -2.802216 -5.259705 14.266885 6.176630 19.790796 -1.293269 -10.668034 -14.358103 -8.065530 2.657768 19.605114 -14.717179 -18.079571 -20.770390 8.936416 1.791733 -0.188145 6.494731
-3.261502 -9.610096 18.980782 -12.434705 -10.968180 -7.524479 -22.533913 -16.673645 11.281615 -0.916656 10.504881 9.535846 -2.640283 -5.332497 14.267421 6.222081 19.824745 -1.327116 -10.799875 -14.169642 -8.044393 2.567117 19.912611 -14.531019 -17.990408 -20.599850 9.153778 1.606593 -0.135994 6.707440
-2.955019 -9.675125 18.743807 -12.391867 -10.966985 -7.733795 -22.628536 -16.562122 11.334393 -0.956062 10.484030 9.637122 -2.777545 -5.255211 14.239751 6.238595 19.917002 -1.364249 -10.816578 -14.333529 -8.016025 2.728300 20.181471 -14.488939 -17.966568 -20.431145 9.328417 1.474436 0.018489 6.842391
-2.856174 -9.667059 18.642345 -12.312540 -11.075997 -7.785092 -22.821207 -16.612925 11.254299 -0.934309 10.439167 9.655877 -2.859204 -5.215812 14.241647 6.193319 19.941402 -1.405175 -10.830085 -14.382854 -7.957359 2.750329 20.368761 -14.410343 -17.972446 -20.407543 9.435530 1.322076 0.027375 6.981382
-2.709281 -9.671167 18.534618 -12.246067 -11.143556 -7.869205 -22.925560 -16.589050 11.229877 -0.950402 10.338674 9.713710 -3.037762 -5.106640 14.247999 6.127199 19.975691 -1.442946 -10.840663 -14.504014 -7.963394 2.948083 20.521402 -14.423222 -17.995224 -20.310818 9.515777 1.249573 0.090601 7.026519
-2.583331 -9.692181 18.420746 -12.212400 -11.167235 -7.954520 -22.994253 -16.553133 11.228683 -0.962684 10.283884 9.767607 -3.148080 -5.034142 14.244037 6.074882 20.033545 -1.466220 -10.877757 -14.591234 -7.959625 3.050860 20.677916 -14.374276 -18.034653 -20.209137 9.607294 1.127078 0.144687 7.077850
-2.454174 -9.726946 18.317383 -12.190662 -11.179535 -8.055346 -23.053589 -16.508541 11.238811 -0.989273 10.275567 9.829253 -3.207523 -4.988502 14.265691 6.063049 20.057581 -1.444691 -10.880562 -14.678322 -7.932666 3.164933 20.785961 -14.399879 -18.046711 -20.151283 9.669663 1.079576 0.157399 7.103044
-2.360976 -9.723042 18.212063 -12.179333 -11.175138 -8.113167 -23.094309 -16.479462 11.230542 -0.976486 10.276817 9.871840 -3.245096 -4.954681 14.280654 6.060218 20.079092 -1.447970 -10.875359 -14.732287 -7.966731 3.201236 20.861113 -14.436527 -18.024359 -20.104065 9.699164 1.078577 0.158963 7.113801
-2.396558 -9.677891 18.211773 -12.180682 -11.186075 -8.083007 -23.103939 -16.497925 11.201183 -0.950167 10.281452 9.867825 -3.253691 -4.948907 14.273353 6.043037 20.109835 -1.486400 -10.902941 -14.714843 -7.968839 3.220600 20.867800 -14.434805 -18.020287 -20.080967 9.712846 1.087863 0.139347 7.106393
-2.436977 -9.667912 18.219532 -12.189887 -11.189174 -8.071424 -23.104633 -16.503860 11.191580 -0.943628 10.257580 9.881577 -3.298382 -4.925844 14.263700 6.033531 20.130709 -1.496967 -10.891233 -14.758500 -7.970641 3.227937 20.883032 -14.429697 -18.019556 -20.060640 9.729947 1.080410 0.126599 7.108773
