-6.372550 6.833563 -18.310402 -2.948707 -23.054857 -1.092039 -24.293030 -6.597108 13.794903 -6.262718 -3.639054 -13.533704 -12.438399 3.075625 -0.053205 -4.561101 12.549832 -3.494423 -17.784569 -28.158480 -7.119978 -15.721260 12.194277 5.246694 -16.616058 4.922572 37.313686 4.238923 -12.533750 14.177655
-6.218255 6.924967 -18.514843 -2.914881 -23.156231 -1.120020 -24.377222 -6.554524 13.793286 -6.370674 -3.743019 -13.658177 -12.509982 2.939253 0.041124 -4.702464 12.471115 -3.491684 -17.850346 -28.128525 -7.145945 -15.746787 11.835101 5.324566 -16.629959 4.926096 37.379948 4.500545 -12.444039 14.204629
-6.105064 7.217327 -18.776924 -2.795100 -23.328230 -1.204914 -24.338675 -6.317902 13.730603 -6.400710 -3.872093 -13.886247 -12.484229 2.740061 0.089940 -4.905656 12.243278 -3.354530 -18.035624 -27.959311 -7.035431 -16.204927 11.276138 5.283522 -16.595148 4.850613 37.396564 4.793076 -12.286532 14.194360
-6.000737 7.331719 -19.337837 -2.572733 -23.407530 -1.299435 -24.267731 -6.014389 13.764256 -6.275457 -4.333953 -14.342891 -12.516943 2.818271 -0.022696 -4.915518 11.961259 -3.117296 -18.285318 -27.581663 -7.408432 -16.770765 10.673634 5.685912 -16.637367 4.638041 37.346428 5.194184 -11.901298 14.257607
-5.613746 7.707487 -19.973602 -2.327616 -23.289061 -1.375784 -23.805676 -5.498651 13.870910 -5.993201 -4.571507 -14.858143 -12.712283 2.647986 0.063293 -5.121593 11.523042 -2.846759 -18.423717 -27.390720 -7.406816 -17.770872 9.943453 5.727018 -16.275316 4.639439 37.204815 5.922459 -10.950266 14.083000
-4.910144 8.311392 -20.745131 -2.391355 -22.988798 -1.238508 -23.255627 -5.188839 14.206465 -5.713828 -5.160289 -15.627654 -12.470109 2.625064 0.117662 -5.614816 10.839234 -2.103465 -18.615360 -26.574327 -7.527840 -18.204090 9.234268 6.027398 -16.099771 4.246192 36.821026 6.740745 -10.205898 13.825737
-4.378441 9.236759 -21.713566 -2.372000 -23.185041 -1.321662 -23.002716 -4.622474 14.254435 -5.892190 -5.492053 -16.547607 -12.518788 2.274837 0.257755 -5.640099 9.798743 -1.259656 -18.841558 -25.987989 -8.485420 -19.082855 8.348504 6.202728 -15.905359 3.885685 36.337795 7.707005 -9.261222 13.593859
-4.167488 9.716516 -22.601685 -2.098339 -22.887156 -1.440082 -22.093588 -3.726940 14.584055 -5.596971 -5.799455 -17.333881 -12.487571 2.001854 0.474346 -5.994002 8.948686 -0.219576 -19.169855 -25.147959 -8.129273 -20.533117 7.140173 6.226176 -15.551095 2.925194 35.552616 8.576509 -8.475526 13.440071
-3.659348 10.518667 -23.361652 -2.251734 -22.310419 -1.125135 -21.042009 -3.269461 15.144855 -5.403274 -6.528180 -18.008600 -12.545206 1.761841 0.612388 -6.191809 8.294321 0.697189 -19.398203 -24.612434 -7.997701 -21.997192 5.883968 6.720088 -15.109516 2.132754 34.868664 9.824423 -7.556062 13.145660
-3.298429 11.343715 -24.724392 -2.798030 -21.855108 -0.633609 -20.545486 -3.093352 15.478724 -4.799391 -6.763002 -18.457188 -12.291940 1.594061 0.799965 -7.035219 8.155331 1.332242 -20.130129 -23.089014 -8.449555 -23.712576 4.789351 6.835374 -14.955894 1.588176 34.268452 10.540546 -6.758449 12.877814
-3.236720 12.185427 -26.043526 -3.262271 -21.326662 -0.275064 -19.763184 -2.577638 15.823273 -4.152781 -7.106676 -18.989834 -12.205729 1.749936 0.773202 -7.707487 8.211276 1.573117 -20.933905 -21.788992 -8.759686 -25.397139 3.580590 7.151333 -14.747279 0.430699 33.059708 11.249117 -5.865634 12.629557
-3.567536 13.051440 -27.396439 -3.720025 -20.454630 0.552316 -18.603340 -2.302428 16.524475 -3.485407 -7.095184 -19.039270 -12.171397 1.972957 1.283215 -8.729872 7.807111 2.065619 -21.893351 -20.256155 -9.107243 -27.068964 2.293485 7.315334 -14.449327 -0.439753 32.075489 12.133876 -5.124031 12.299357
-4.269835 13.626951 -28.459736 -3.946070 -19.746166 1.238355 -17.682053 -2.109005 16.999147 -2.705047 -6.938543 -19.425041 -12.189937 2.477671 1.549568 -9.813502 8.076950 2.206429 -23.025972 -18.454243 -9.083157 -28.879997 1.211104 6.851811 -13.901612 -1.788896 30.591171 12.934938 -4.793167 11.844008
-5.146757 14.275452 -29.911554 -4.621503 -18.845156 2.186377 -16.633587 -1.931671 17.747801 -2.214152 -6.841551 -19.412550 -12.077128 2.829355 1.896962 -11.026536 8.370973 2.408157 -24.578165 -16.050713 -9.676106 -30.658148 -0.138626 6.456487 -13.721058 -2.852463 29.437641 13.563747 -4.699699 11.660744
-6.175176 14.961146 -30.925346 -5.170568 -18.112818 3.086648 -15.712070 -1.800132 18.098505 -1.483863 -6.224902 -19.535969 -12.242795 3.235784 2.040413 -11.659690 8.691020 2.180554 -25.975597 -14.317081 -9.276397 -32.291756 -1.375446 5.780621 -13.171891 -3.556888 28.415487 14.410086 -4.594502 11.100098
-7.379006 15.550976 -31.651869 -5.386862 -17.329821 4.404140 -14.686452 -2.101526 18.771833 -0.833634 -5.476668 -20.071466 -11.986699 3.553735 1.661029 -12.095530 9.243975 2.480160 -27.143198 -12.713412 -8.674459 -33.969067 -2.259222 5.168814 -12.747967 -3.857852 27.872086 14.931824 -4.514705 10.680784
-8.415154 16.051722 -32.357479 -5.772167 -16.790150 5.320450 -13.892029 -2.144026 19.249498 -0.425714 -4.711299 -20.373257 -11.762021 3.842353 1.732786 -12.292253 9.474504 2.731409 -28.241121 -10.857171 -8.183948 -35.120647 -3.040723 4.749203 -12.381447 -4.320818 27.172169 15.338525 -4.456481 10.288128
-9.176518 16.306326 -32.842297 -5.920148 -16.422134 5.987625 -13.386868 -2.246366 19.634813 -0.309342 -3.924108 -20.636070 -11.534596 3.995909 1.648934 -12.209867 9.656470 2.750079 -29.242743 -9.693425 -7.557938 -35.890751 -3.537720 4.752429 -11.971426 -4.400048 26.872168 15.701888 -4.590403 10.001623
-9.880495 16.393494 -32.869644 -6.248137 -16.116230 6.387218 -13.072177 -2.369902 19.845736 -0.341400 -3.766190 -20.788589 -11.300390 3.972070 1.672020 -12.223248 9.672223 2.934172 -29.801565 -8.796565 -7.213727 -36.054283 -3.834076 4.885173 -11.826941 -4.761236 26.361591 15.792150 -5.099077 9.689986
-10.007314 16.510527 -32.979805 -6.311155 -16.069902 6.558306 -13.008195 -2.439453 19.914013 -0.307435 -3.707230 -20.853598 -11.195642 3.890567 1.668948 -12.202947 9.699041 2.901761 -29.934301 -8.557335 -7.158272 -36.310398 -3.808171 4.874881 -11.708316 -4.840776 26.216976 15.816761 -5.292261 9.583419
-9.555540 16.636454 -32.610699 -5.645553 -16.352533 6.318676 -13.013459 -2.347257 19.761374 -0.302404 -4.170719 -20.631531 -11.472615 4.145476 1.688238 -12.138231 9.647182 2.997837 -29.612949 -8.986603 -7.061310 -36.397625 -3.733586 4.388919 -11.736346 -4.588681 26.519594 15.789689 -4.621105 9.768015
-8.406305 16.688383 -31.525799 -4.473378 -17.199858 5.445490 -13.545430 -2.328372 19.361597 -1.187138 -6.479931 -20.057280 -12.300017 4.050501 2.505807 -11.474248 8.841781 2.971265 -28.283644 -10.116129 -7.299892 -34.904377 -3.838291 4.680077 -12.399931 -4.840767 26.892672 15.886829 -4.332114 10.248732
-6.940804 16.773346 -28.646107 -1.966687 -18.702108 3.969185 -14.002274 -2.045890 18.188353 -1.640387 -9.596447 -19.208988 -13.364047 4.138611 3.452881 -9.896497 7.864913 2.968167 -26.478590 -12.088712 -6.448567 -31.686911 -3.128940 6.007812 -12.798560 -5.589428 27.240742 15.783649 -4.769794 11.469872
-4.932281 16.891781 -24.898846 1.133444 -20.474966 2.540817 -14.605666 -2.223400 17.079504 -2.082644 -12.038533 -18.635967 -14.031168 3.381660 4.489264 -8.025469 7.471777 2.254426 -23.351002 -14.605805 -4.730535 -27.294847 -1.627167 8.893775 -13.257924 -6.294867 28.184671 15.249220 -4.917075 13.634432
-3.220268 17.638193 -19.967781 3.912694 -22.249392 2.045627 -15.099667 -3.327761 15.726043 -2.576751 -14.983403 -18.265083 -15.106271 3.273636 5.670913 -4.484539 6.054668 1.727852 -20.491716 -17.326517 0.077200 -22.107302 -1.025826 12.411388 -13.962889 -5.064338 30.635939 14.466779 -4.923749 15.688840
-2.826393 17.977968 -14.887373 5.933951 -24.300604 0.878979 -15.979669 -3.676150 13.746382 -2.202360 -16.852816 -17.695347 -14.452001 1.719849 5.963624 -2.198991 6.735210 0.417114 -18.520163 -17.465202 3.542541 -18.411556 0.438276 16.281027 -14.503096 -5.411850 31.736774 13.461747 -5.797354 18.153234
-2.649096 18.725374 -8.683449 7.206442 -25.927423 -0.225689 -16.350655 -4.197980 11.465695 -0.857495 -19.086742 -16.340229 -12.955190 -1.394207 6.344221 -1.342741 10.088140 -3.507263 -15.710676 -16.687878 6.880711 -13.815192 2.141055 19.022968 -14.575453 -7.509119 30.389338 13.178860 -8.306374 19.235968
-3.512177 19.170015 -1.585947 4.992653 -26.014116 -0.720781 -15.436294 -4.414782 9.317009 0.592260 -21.444296 -14.119495 -10.926476 -4.273256 6.220654 0.261156 12.602368 -6.057407 -14.782928 -14.440370 8.905461 -9.639894 7.644264 19.003843 -12.964752 -7.537273 28.419125 13.325871 -10.274638 16.948435
-3.666749 19.433084 5.216610 3.958837 -25.384571 -1.495581 -12.229195 -2.714725 8.183151 2.935194 -22.361776 -14.392367 -8.271853 -8.924166 4.076945 3.608257 13.718987 -6.183309 -13.526638 -13.736667 5.987084 -6.809956 13.033609 17.335089 -11.578527 -7.368923 25.884586 13.921035 -14.163434 13.355547
-2.092561 20.609533 10.101206 1.933924 -24.185606 -1.011918 -9.030830 -1.893554 7.489588 5.315559 -22.772842 -17.198526 -5.182794 -12.045988 2.936190 7.314359 12.448342 -5.490366 -11.350665 -12.832845 -2.240663 -4.992274 16.542646 18.738712 -11.929127 -9.968178 20.318165 13.543527 -22.385780 9.253529
0.261819 21.367079 13.496328 0.739024 -22.880701 -0.756636 -5.432327 -0.359542 7.531900 7.310986 -21.896923 -18.941433 -2.408316 -15.386744 3.174243 8.602033 9.908206 -4.804781 -11.106836 -11.344217 -10.282386 0.003932 20.371149 22.115376 -10.838629 -12.045862 15.749283 15.581554 -26.270275 6.521335
1.089219 21.774004 16.369476 -0.745053 -21.810232 -0.777701 -2.223773 1.502924 7.738544 7.398325 -20.303127 -20.305725 0.873000 -18.007942 2.759637 8.852383 8.171103 -3.604814 -10.700163 -10.329477 -12.636827 3.034530 24.417070 22.834318 -9.153688 -10.762731 14.016435 15.579445 -26.343506 4.610867
1.360785 22.278635 17.563213 -1.945189 -20.041739 -1.048673 1.581861 3.891322 8.943318 6.357550 -18.628355 -21.331482 3.190859 -20.207943 3.066468 8.616547 6.260308 -1.882319 -10.572113 -9.145736 -13.943176 4.974055 26.552874 23.023785 -6.920086 -8.653928 13.419374 18.991133 -27.429388 0.962773
2.209556 22.963106 18.077900 -3.982459 -18.484690 -1.644726 3.888511 5.457158 9.772126 4.883007 -15.851068 -22.359055 4.953654 -22.326609 2.405319 7.547891 5.288145 -0.215283 -11.134676 -8.222075 -15.250100 5.026096 29.422060 21.899361 -4.428816 -5.910169 13.142518 22.029293 -27.263681 -2.391001
2.992808 23.541250 17.945070 -5.578583 -17.078291 -2.604280 5.675751 6.904510 10.890586 2.744164 -13.334462 -22.934441 6.112600 -24.066456 2.470304 5.477395 4.364538 1.225344 -11.460786 -7.553148 -17.523642 2.384308 28.727388 19.697298 -2.541474 -6.362268 10.956553 24.521053 -25.197454 -4.505860
2.886558 23.590572 15.555997 -7.812991 -15.959444 -4.092356 6.378412 8.929324 11.997856 0.848242 -10.385846 -24.232067 6.589703 -25.362469 2.438685 2.438401 4.585051 2.932019 -11.645617 -7.518381 -18.663740 -1.095162 26.807167 16.470301 -1.409742 -7.117435 8.565472 27.173639 -23.456881 -8.420333
2.363866 23.510876 12.979795 -9.767311 -15.396599 -5.408719 6.160878 10.479774 12.443802 -0.784586 -8.349472 -25.389200 6.718868 -26.198334 2.517603 -0.123569 4.924786 4.092986 -11.618888 -7.439094 -18.082575 -3.817813 25.076735 12.513496 -0.066496 -6.898037 6.866581 29.454197 -25.038828 -12.602692
2.037963 23.552811 11.195599 -11.138418 -15.014219 -6.394985 5.829642 11.421372 12.654453 -2.117541 -7.047932 -25.544525 6.661222 -26.259186 2.558216 -2.030682 5.342096 4.909393 -11.483194 -7.314039 -17.666929 -5.957767 23.073259 9.779231 0.778611 -6.943025 5.606075 31.248323 -25.883101 -15.612512
1.628263 23.808800 10.048697 -11.779440 -14.933372 -6.702222 5.804073 12.007704 12.860289 -2.832290 -6.031866 -25.859383 6.164231 -26.388096 2.700868 -3.185789 5.791421 5.144162 -11.754887 -6.977392 -17.472414 -7.295421 21.821957 8.517567 0.933487 -7.175079 5.097394 31.816120 -26.114668 -16.688444
1.418980 23.854067 9.555064 -11.964712 -14.983622 -6.877942 5.576034 12.145357 12.857808 -3.180459 -5.463747 -25.972439 6.014072 -26.315023 2.707906 -3.626170 6.058551 5.245813 -11.766754 -6.958982 -17.454512 -7.883603 21.561031 8.126858 1.044099 -7.059710 4.944602 31.888548 -26.058134 -17.088936
1.444336 23.788290 9.523388 -12.061100 -14.957474 -6.956750 5.500938 12.149752 12.833420 -3.184678 -5.354934 -25.958656 6.107849 -26.345943 2.821193 -3.686918 6.000278 5.278413 -11.690149 -6.923913 -17.479818 -7.848958 21.652994 8.066511 1.073245 -7.037546 4.897782 31.956371 -26.065144 -17.180948
1.618072 23.857615 9.524931 -12.056931 -14.948547 -7.021064 5.479005 12.185713 12.676231 -2.898166 -5.509984 -25.938253 6.101288 -26.278952 2.856396 -3.793054 5.942105 5.373034 -11.625369 -6.890626 -17.618406 -7.838117 21.337524 8.275697 1.048609 -7.251445 4.882278 32.161720 -25.940561 -17.029747
1.801083 23.884256 9.506294 -12.214520 -14.867508 -7.189075 5.483272 12.318539 12.526643 -2.632848 -5.512105 -25.849586 6.175142 -26.167477 3.058350 -4.111664 5.812943 5.581553 -11.361561 -6.850266 -17.928532 -7.998986 21.042959 8.476351 1.040666 -7.368186 4.757839 32.361683 -25.392157 -17.112329
2.033883 23.895477 9.538347 -12.342643 -14.783613 -7.335761 5.477294 12.431276 12.270521 -2.133837 -5.769261 -25.775738 6.087382 -25.970268 3.247152 -4.357872 5.729431 5.726176 -11.157355 -6.817699 -18.269438 -8.201602 20.524862 8.855617 1.101090 -7.533662 4.680755 32.654263 -24.915455 -16.920656
2.506316 23.891115 9.448836 -12.157949 -14.698519 -7.597951 5.429405 12.507401 12.143292 -1.939345 -6.056244 -25.766899 5.942211 -25.841919 3.469190 -4.742488 5.561861 5.958696 -10.950858 -6.878740 -18.610439 -8.612797 19.840528 9.182345 1.283734 -7.838306 4.629838 33.157166 -24.605097 -16.619446
3.197403 23.836145 9.282444 -11.952507 -14.575491 -8.040227 5.330318 12.658789 11.950794 -1.575358 -6.235456 -25.980366 5.945332 -25.776066 3.877756 -4.997060 5.250763 6.139817 -10.532135 -6.963656 -19.162258 -8.986465 19.438948 9.909883 1.294364 -8.073535 4.578318 33.492500 -23.670980 -16.468363
3.660484 23.825583 9.316151 -11.945655 -14.520764 -8.355833 5.198516 12.779229 11.534296 -0.856850 -6.577252 -26.045179 5.721182 -25.745146 4.156378 -5.185935 4.931044 6.472431 -10.328091 -6.984829 -19.650740 -8.834717 19.182442 10.408216 1.419885 -8.401064 4.606781 33.927750 -23.027105 -15.843848
4.078526 23.950377 9.514448 -12.220581 -14.286810 -8.569954 5.472250 13.061405 11.217155 -0.038554 -7.040719 -25.744450 5.399930 -25.558903 4.504611 -5.736639 4.704731 6.875638 -9.955212 -7.100779 -20.378099 -8.898400 19.156879 10.575669 1.865048 -8.728798 4.544260 34.503349 -21.964489 -15.112881
4.738380 24.195524 9.530727 -12.194697 -14.222294 -8.816624 5.442903 13.133131 10.937045 0.347540 -7.695086 -25.756453 5.288252 -25.247200 5.033354 -5.771901 4.223463 7.098023 -9.277924 -7.247856 -21.069551 -9.130433 18.996386 11.098640 2.270805 -9.090685 4.737162 35.026825 -20.980257 -13.887415
5.477566 24.439234 9.487144 -12.102725 -14.217634 -9.204008 5.411644 13.405094 10.461607 1.304192 -8.217417 -25.645784 5.063353 -24.989914 5.522370 -6.227652 3.882448 7.479002 -8.876760 -7.226428 -21.817236 -9.350469 18.556231 11.516211 2.527339 -9.375718 4.868052 35.597591 -20.340971 -12.927236
5.864818 24.638731 9.475690 -11.794287 -14.238626 -9.377769 5.488021 13.614998 10.066913 2.148196 -8.938974 -25.414581 4.685741 -24.650536 5.800876 -6.719868 3.708767 7.971704 -8.629685 -7.235405 -22.545176 -9.430960 17.714739 12.410261 2.515552 -9.926373 4.979882 36.089508 -19.146574 -11.919846
6.706140 24.991558 9.375338 -10.931661 -14.397293 -9.606979 5.344388 13.505934 9.981081 2.175382 -9.831594 -25.093353 4.335853 -24.535748 6.137388 -6.906494 3.284448 8.227031 -8.388221 -7.373404 -23.292730 -9.436661 17.194029 13.246815 2.479296 -10.612038 5.016001 36.205769 -17.555044 -10.697710
7.166829 25.228460 9.488657 -10.630150 -14.317743 -9.791342 5.592498 13.792095 9.561965 3.290134 -10.574131 -24.900631 3.892311 -24.515646 6.517252 -7.224554 2.834699 8.591641 -8.222286 -7.453535 -23.959143 -9.510184 16.635954 13.829300 2.569027 -11.098097 5.056677 36.703537 -16.211199 -9.829974
7.776695 25.586744 9.441337 -9.965379 -14.382858 -9.903811 5.667974 13.862256 9.231655 4.023374 -11.109994 -24.806149 3.641680 -24.253120 6.667523 -7.570658 2.681421 8.900329 -8.048735 -7.481431 -24.732971 -9.533445 16.348457 13.321433 3.270458 -11.678729 5.082974 37.682137 -15.384644 -8.540518
8.522648 25.999262 9.353132 -9.567850 -14.475748 -10.034329 5.484917 13.697859 9.113667 4.035439 -11.654255 -24.811184 3.532353 -23.836613 6.781133 -7.835039 2.637700 9.075435 -7.803493 -7.450854 -25.372702 -9.729770 15.726573 13.511200 3.436245 -12.451645 4.951495 37.995358 -14.224191 -7.445434
8.845325 26.139702 9.402680 -9.195946 -14.514160 -10.145087 5.494513 13.776690 8.773845 4.822396 -12.395811 -24.661797 3.478436 -23.455727 6.706891 -7.934004 2.677026 9.216626 -7.612357 -7.435850 -25.887131 -9.670957 15.168214 13.664808 3.676122 -13.014584 4.953211 38.722290 -13.516839 -6.679539
8.791310 26.088898 9.506000 -8.779072 -14.534235 -10.219861 5.654237 13.987718 8.438245 5.705462 -13.103504 -24.604988 3.391653 -23.206940 6.735368 -8.059208 2.633511 9.358069 -7.348195 -7.524084 -26.326796 -9.551127 14.807316 13.738811 3.887398 -13.481564 4.984807 39.255806 -13.034501 -5.844235
8.910810 26.049194 9.464314 -8.309772 -14.544968 -10.360591 5.737574 14.141855 8.282583 6.258445 -13.477337 -24.486315 3.319344 -23.126604 6.617653 -8.239265 2.679902 9.545522 -7.353076 -7.571634 -26.511108 -9.593034 14.432661 13.742948 3.928762 -13.866121 4.972108 39.394341 -12.629928 -5.269478
9.135223 26.175856 9.538000 -8.196320 -14.558006 -10.352238 5.706935 14.063082 8.159897 6.465746 -13.850277 -24.435650 3.201028 -22.980001 6.547215 -8.311288 2.717100 9.637601 -7.288672 -7.646688 -26.582462 -9.534747 14.085642 14.008095 3.896493 -14.114059 5.024772 39.563889 -12.468169 -4.919536
9.206861 26.246550 9.538614 -8.063087 -14.582541 -10.318088 5.727951 14.036305 8.143075 6.514969 -13.980608 -24.416170 3.196339 -22.863914 6.499289 -8.369774 2.777034 9.689621 -7.258618 -7.641809 -26.615145 -9.499862 14.052603 14.087002 3.853823 -14.176531 5.012082 39.524673 -12.393040 -4.868522
9.371515 26.260204 9.688005 -8.197682 -14.547660 -10.302011 5.698157 13.937681 8.110617 6.505132 -13.936579 -24.393524 3.270299 -22.893372 6.498308 -8.323051 2.745350 9.695469 -7.251510 -7.650886 -26.658485 -9.436688 14.165720 14.110425 3.881215 -14.145256 5.026039 39.546455 -12.385322 -4.853548
9.619608 26.180962 9.749049 -8.257447 -14.490746 -10.448869 5.650692 13.903574 8.216415 6.215929 -13.821423 -24.215996 3.412488 -22.975042 6.578052 -8.412593 2.601222 9.798581 -7.257414 -7.664541 -26.913603 -9.080148 14.692085 14.065117 4.034999 -14.020962 4.981099 39.633377 -12.119070 -4.768381
9.841829 26.007538 9.731083 -8.639158 -14.315798 -10.660027 5.566093 13.859702 8.493345 5.658614 -13.653161 -23.990152 3.742525 -22.964489 6.740275 -8.370421 2.365009 9.887101 -7.112202 -7.688083 -27.152830 -8.566800 15.345005 14.065212 3.988851 -13.972319 4.945911 39.369469 -11.875241 -4.604785
10.331598 25.681524 9.974405 -8.851601 -14.055391 -10.835588 5.534479 13.672018 8.735048 5.312389 -13.405239 -23.719503 4.100905 -22.979008 7.064080 -8.400027 2.045660 9.877309 -6.922310 -7.723445 -27.484663 -7.842330 16.175423 13.957554 4.087258 -13.855972 4.898497 39.342468 -11.206460 -4.456360
10.530546 25.136591 10.160054 -8.693300 -13.814957 -11.113159 5.584140 13.665062 8.945607 5.242671 -13.088078 -23.269390 4.475692 -23.171986 7.350730 -8.404397 1.709042 10.020893 -6.920357 -7.734616 -27.852528 -6.795887 17.011351 14.085854 4.068527 -13.796329 4.893296 39.332558 -10.481585 -4.244018
10.596616 24.364977 10.588337 -8.672003 -13.457285 -11.521330 5.759644 13.832533 8.987507 5.577452 -12.563353 -22.820179 4.890794 -23.475079 7.754906 -8.425872 1.238284 10.238059 -6.904762 -7.857370 -28.223707 -5.453088 18.033545 13.930737 4.206277 -13.601381 4.798056 39.507061 -9.877910 -4.148015
11.093454 23.564547 11.066914 -8.640445 -13.092611 -11.912066 5.702201 13.658861 9.099569 5.542017 -12.624288 -22.272339 5.474944 -23.513279 8.040199 -8.136359 0.827133 10.371829 -6.731840 -7.960118 -28.483276 -3.777475 19.075304 13.846470 3.955913 -13.487737 4.712857 39.118134 -9.010581 -3.963107
11.712372 22.795790 11.579844 -8.691322 -12.797346 -12.171496 5.473703 13.195093 9.399948 5.094329 -12.436419 -21.388973 5.927477 -23.379974 8.319091 -8.048654 0.591228 10.624536 -6.538046 -8.201751 -28.474522 -1.842074 20.067240 14.206963 3.602286 -13.123181 4.507831 38.920692 -8.188020 -4.463108
12.139162 22.018187 11.892567 -8.578144 -12.458645 -12.602466 5.416515 13.087035 9.651588 4.980502 -12.154141 -20.439686 6.270042 -23.442785 8.707042 -7.968207 0.232015 10.773335 -6.602890 -8.301885 -28.522379 0.286511 21.093668 14.665008 3.175025 -12.592943 4.414775 38.739025 -7.426928 -4.947855
12.667138 21.262987 12.220920 -8.713902 -12.092008 -13.117701 5.233575 12.953611 9.782988 4.783661 -12.218441 -19.513500 6.838198 -23.560810 8.966657 -7.765491 -0.056966 10.782297 -6.737367 -8.331900 -28.515139 2.785336 21.884741 15.472231 2.469164 -12.364969 4.388967 38.415264 -6.509474 -5.122916
13.213669 20.604315 12.815395 -9.052427 -11.737522 -13.424727 5.077627 12.595755 9.955176 4.445940 -12.225395 -18.463448 7.473492 -23.548281 9.223898 -7.584911 -0.272335 11.052626 -6.828241 -8.069772 -28.725599 5.099106 22.669844 16.375116 1.860412 -12.198101 4.258775 38.378929 -5.426088 -5.508706
13.734316 19.836086 13.417374 -8.699758 -11.395784 -13.720669 5.040036 12.231505 10.113065 4.462489 -12.032394 -17.466637 7.867082 -23.632582 9.341899 -7.368721 -0.213261 10.937715 -6.870390 -8.229096 -28.758383 7.142630 23.936125 16.536839 1.297945 -12.058016 3.943976 37.646141 -3.792271 -5.787537
14.132388 19.065012 13.690920 -8.706083 -11.038741 -14.050651 4.906775 11.936087 10.521044 4.069669 -12.138155 -16.155964 8.426863 -23.665825 9.632736 -7.350928 -0.508597 11.261380 -7.011809 -8.233292 -28.909822 9.346631 24.902826 16.548687 0.569043 -12.031902 3.538652 36.979191 -2.638149 -6.058599
14.390627 18.418446 14.014460 -8.914521 -10.847198 -14.232275 4.607695 11.535110 10.723178 3.603154 -12.042599 -15.058394 8.722142 -23.716543 10.064155 -7.376994 -0.822572 11.327168 -7.069416 -8.416444 -29.295767 11.311185 25.630003 16.405161 -0.172574 -12.293537 2.967477 36.290306 -0.799562 -6.060309
15.080700 15.839231 13.064175 -5.136546 -11.457203 -14.897836 4.342263 11.577227 11.811144 3.851530 -14.491773 -15.452921 10.125488 -19.666885 10.382550 -5.791150 -0.764354 11.898594 -3.440756 -10.355720 -27.026140 6.066093 25.383120 21.998289 -5.883167 -11.671446 2.463069 27.522421 3.814367 -11.463615
14.975761 14.752427 13.464628 -4.919695 -11.066075 -15.187338 4.399550 11.435954 12.161047 4.052596 -15.008009 -14.350333 10.496896 -19.226997 10.739998 -5.581097 -0.813496 12.076184 -3.222996 -10.482089 -27.296268 7.141161 25.389479 22.243666 -7.020957 -11.941809 2.363555 26.450274 5.663227 -10.797248
15.046416 13.754047 13.689993 -4.680607 -10.742483 -15.562670 4.247253 11.238455 12.476985 4.156859 -15.281868 -13.350030 10.613955 -18.877132 11.182548 -5.407944 -0.927157 12.388747 -2.880884 -10.735373 -27.778421 6.495980 25.648882 21.321722 -8.257215 -12.793076 2.043320 24.291420 7.606767 -9.526758
15.331619 12.751133 14.036814 -4.583388 -10.472520 -16.024590 3.865976 10.893915 12.626375 4.215370 -15.650681 -12.198744 10.843365 -18.582212 11.417001 -4.917954 -0.906184 12.788610 -2.687837 -10.867570 -27.950914 5.254147 25.535521 20.343210 -9.184830 -13.539724 1.515813 22.381794 9.114106 -8.753321
15.834054 11.803896 14.362577 -5.091468 -10.258677 -16.495586 3.125070 10.401254 12.538805 4.222894 -15.143774 -10.927724 11.105780 -18.663746 11.691990 -4.215842 -0.955100 13.150203 -2.825104 -10.832089 -28.129190 4.037758 25.618212 18.609440 -10.185064 -14.508468 1.034293 20.668375 11.218180 -8.041888
15.779694 10.958841 14.489075 -7.268224 -9.933310 -17.001875 2.352012 10.223710 12.254663 3.794542 -14.774542 -9.132652 11.852240 -19.127953 11.819884 -4.971542 -0.545986 13.450331 -3.727469 -9.629443 -29.235107 3.395135 25.389299 16.676702 -10.760118 -15.627146 0.480065 20.044609 11.665679 -7.503165
16.673014 10.177361 15.081541 -7.793563 -9.762314 -17.198030 1.674835 9.536694 11.976149 4.171399 -14.689070 -7.813801 12.172071 -19.440979 11.950973 -4.671992 -0.667441 14.346460 -4.139202 -9.145961 -29.332962 2.611767 24.670961 14.520734 -11.453619 -15.942579 0.709753 19.491974 13.893873 -6.656908
16.906626 9.379230 15.351815 -7.897318 -9.524757 -17.453741 1.456944 9.292618 12.107315 4.211917 -14.021788 -6.703471 12.271609 -19.828190 12.044911 -4.517524 -0.702037 15.125491 -4.378086 -8.935748 -29.128489 1.826287 23.911474 13.015816 -12.154682 -16.684170 0.482410 18.945808 14.982855 -6.202931
17.135557 8.349101 15.507353 -7.969746 -9.278169 -17.725348 1.024292 8.924420 12.138670 4.339073 -13.531345 -5.567404 12.492831 -20.033480 11.926396 -4.226022 -0.510325 15.880817 -4.747354 -8.439200 -28.802774 1.215636 22.699221 11.867533 -13.024004 -17.627903 0.187916 18.299427 15.938741 -5.543985
17.558586 7.734710 15.591025 -8.233625 -9.290543 -17.806040 0.342273 8.391073 12.060543 4.084489 -13.109026 -4.470691 12.376757 -20.142851 11.847554 -3.658031 -0.288044 16.342890 -4.969675 -8.311201 -28.558283 0.552136 22.249979 10.642554 -13.496865 -18.529161 -0.226781 17.517767 16.917221 -4.746890
17.887270 7.001449 15.646828 -7.975936 -9.462118 -17.742758 -0.293090 7.784607 12.164650 3.856362 -13.069205 -3.237070 12.100057 -19.824497 11.807338 -3.030083 -0.208310 17.077320 -5.124718 -8.011618 -27.857922 0.280434 21.350534 10.061821 -14.088711 -19.407917 -0.553456 16.963806 17.685888 -3.951614
17.797184 6.040038 15.509947 -8.225891 -9.526237 -17.929823 -0.939134 7.521217 12.278548 3.348521 -12.599556 -2.513716 12.410964 -19.748993 12.276099 -2.703704 -0.073150 17.428570 -4.811302 -7.799700 -27.293104 -0.274560 21.179838 8.829567 -14.664932 -20.026722 -0.820243 15.900261 18.723429 -3.238265
17.939428 5.242950 15.200933 -8.466611 -9.525948 -18.046967 -1.587412 7.136826 12.481840 2.813479 -12.362723 -1.565624 12.068731 -19.638168 12.823688 -2.441793 -0.070493 17.661320 -4.796660 -7.632874 -26.999727 -0.635626 21.171915 7.730595 -14.952485 -20.460379 -1.141706 15.096361 19.415804 -2.824560
18.019255 4.353712 14.573525 -8.261182 -9.694999 -18.264345 -2.588885 6.671611 12.550661 2.416870 -12.270639 -0.762931 11.816283 -19.448719 13.247672 -1.914952 -0.183964 17.924316 -4.781572 -7.738802 -26.949934 -1.186586 20.811300 6.860965 -15.338844 -21.129795 -1.658089 14.402349 20.232382 -2.376657
17.861246 3.504874 14.138475 -8.339355 -9.695011 -18.350105 -3.050459 6.512586 12.840979 2.035398 -12.046833 0.187421 11.478668 -19.073009 13.828382 -1.645498 -0.193030 18.009123 -4.703918 -7.854113 -26.749269 -1.312505 20.570936 6.262689 -15.674381 -21.845070 -2.214103 13.726784 21.087500 -1.923103
17.827227 2.681364 13.811768 -8.367517 -9.726994 -18.510746 -3.777066 6.109239 13.078156 1.455514 -12.023085 0.911472 11.210498 -18.774944 14.193116 -1.331371 -0.043008 17.875471 -4.585934 -8.033297 -26.262896 -1.388168 20.370104 5.331271 -15.907486 -22.376808 -2.446111 13.078509 21.153456 -1.469451
17.400513 1.819546 13.506996 -8.298551 -9.824176 -18.443277 -4.517469 5.596864 13.238416 0.984669 -11.765982 1.369787 11.238200 -18.295036 14.426324 -0.891099 0.103856 17.916449 -4.401627 -8.317630 -25.668108 -1.658062 20.133577 4.593040 -16.240131 -22.813614 -2.500720 12.356274 21.158167 -0.984988
16.822535 1.127270 13.253725 -8.303917 -9.859459 -18.280500 -5.131298 5.120345 13.433361 0.420636 -11.480710 2.180055 11.075652 -17.930645 14.714087 -0.303233 0.086858 18.055149 -4.538380 -8.603845 -24.574888 -1.219299 20.110268 3.887850 -16.651529 -23.038467 -2.230157 11.513586 21.458309 -0.331105
16.420980 0.593031 13.314155 -7.901175 -9.932029 -17.698488 -5.432846 4.435074 13.692204 0.129198 -11.222931 2.584885 11.023780 -17.650024 14.799652 0.228235 0.344352 17.896997 -4.492585 -8.822890 -23.627729 -0.395773 20.303333 3.245108 -17.066891 -23.035728 -1.907391 10.766369 21.575670 0.021296
16.219839 0.121694 13.188984 -7.701527 -9.903520 -17.427536 -5.681092 4.027240 13.951298 0.004098 -10.551071 3.173665 10.892640 -17.375202 14.833032 0.659013 0.773683 17.604963 -4.732306 -8.859750 -22.197729 0.194605 20.339088 2.553017 -17.307858 -22.778164 -1.335909 10.043613 21.756496 0.586416
16.020187 -0.333926 13.043600 -7.689205 -9.948500 -17.376776 -6.095414 3.736030 14.081554 -0.236585 -10.328089 3.597352 10.781747 -17.217899 14.940559 0.919228 0.890495 17.450319 -4.720193 -9.001794 -21.046492 0.597484 20.347151 1.781221 -17.345091 -22.403460 -0.838548 9.714711 22.119205 0.802136
15.754754 -0.670819 12.977009 -7.955152 -9.840218 -17.354900 -6.298698 3.566040 14.200568 -0.445494 -9.972812 3.894104 10.770327 -16.978403 14.992696 1.322519 1.122277 17.292696 -4.684946 -9.102633 -19.950632 1.072194 20.725840 0.846161 -17.530539 -22.064686 -0.244786 8.954813 22.743917 1.288543
15.822420 -0.911019 12.943945 -7.683824 -9.849291 -17.200731 -6.506663 3.234848 14.291272 -0.389067 -9.875542 4.160586 10.679965 -16.765009 14.961070 1.607573 1.275306 17.221346 -4.813457 -9.095416 -19.063894 1.755041 20.580698 0.693915 -17.647188 -21.898556 0.156265 8.860479 23.219381 1.656631
15.904963 -1.082822 12.939859 -7.601553 -9.777197 -17.076330 -6.696365 2.915381 14.338265 -0.349585 -9.737574 4.353371 10.610140 -16.638699 15.035277 1.800006 1.294094 17.139143 -4.841366 -9.128720 -18.507025 1.864352 20.560408 0.239634 -17.655651 -21.516441 0.551369 8.640055 23.313000 1.829396
15.807908 -1.189954 12.852128 -7.546521 -9.791286 -17.037779 -6.756980 2.868036 14.429033 -0.499252 -9.724124 4.452089 10.513533 -16.586197 15.082257 1.848098 1.413572 17.026236 -4.844843 -9.135873 -18.165182 2.123320 20.440495 0.171597 -17.694134 -21.415066 0.738387 8.638593 23.506964 1.953504
15.853425 -1.229677 12.835175 -7.397730 -9.815235 -16.977476 -6.768983 2.803855 14.479981 -0.538261 -9.796000 4.497028 10.463516 -16.580894 15.087487 1.911628 1.448393 16.984407 -4.822013 -9.170378 -18.106281 2.254505 20.369768 0.263408 -17.740412 -21.444340 0.762995 8.667736 23.553347 2.007812
