18.802557 -0.808367 11.354716 -9.015921 -7.916677 -14.620106 -6.582227 0.420904 15.597550 0.649399 -9.066616 5.826525 9.827996 -17.233776 17.480303 0.343722 -1.001546 15.267788 -7.944472 -7.063374 -15.534473 5.058049 18.884195 -4.500459 -15.166275 -18.695976 4.445196 13.040482 26.615299 2.986708
18.837687 -0.728954 11.410006 -9.189566 -7.873806 -14.674298 -6.480563 0.525289 15.560806 0.792956 -8.808640 5.686825 10.047629 -17.306347 17.292294 0.279486 -1.004940 15.413169 -8.024033 -7.018095 -16.185858 4.554852 19.334332 -4.398280 -15.038441 -18.973021 4.058912 12.863331 26.042643 2.856407
18.307600 -0.562647 11.236568 -9.992246 -7.634671 -14.927446 -6.145268 1.031876 15.708015 0.504405 -8.311222 5.020167 10.476060 -17.673752 16.920906 -0.014209 -0.884113 15.529945 -8.140970 -6.943483 -17.110830 3.243916 20.271385 -4.556594 -14.368743 -18.982111 3.348712 12.924561 24.821012 1.949383
17.549971 -0.316889 11.070494 -11.135021 -7.136070 -15.165295 -5.338548 1.858108 16.064251 0.049115 -7.638242 4.278114 10.738942 -18.071175 16.745144 -0.132132 -0.760407 15.401974 -8.046073 -6.822421 -18.247583 2.516847 20.907257 -4.139438 -13.750029 -18.898933 2.853359 13.595469 23.312948 0.925809
16.430727 0.127154 10.885171 -12.447400 -6.703554 -15.312619 -4.389896 2.873345 16.323336 -0.357415 -6.878034 2.965661 11.536132 -18.748608 16.031837 -0.052357 -0.857731 15.625462 -8.182779 -6.615775 -18.445486 1.329730 22.046701 -4.694069 -12.434452 -17.923906 2.771870 14.564233 22.080029 -0.788796
15.603647 0.580689 10.980625 -13.996752 -6.106716 -15.385421 -3.499802 3.621793 16.423271 -0.503502 -5.654685 1.643235 12.645353 -19.678339 15.547065 0.080944 -0.771673 15.424802 -8.287731 -5.864967 -19.213654 0.489807 22.558664 -5.158654 -11.880262 -17.160217 2.938288 15.134872 21.140194 -1.806307
14.916740 0.943007 10.983742 -14.878687 -5.771309 -15.469754 -2.707174 4.343431 16.560171 -0.589881 -4.786375 0.623445 13.075181 -19.905500 15.183654 0.035062 -0.592104 15.247026 -8.229462 -5.718472 -19.386013 -0.492891 23.141098 -6.137371 -11.169784 -16.128939 3.376308 15.482985 19.906799 -2.768533
14.060301 1.139633 11.008181 -15.687315 -5.432993 -15.602499 -1.982180 5.018061 16.900097 -1.187919 -3.469846 -0.437788 13.766734 -20.375278 14.835371 0.406018 -0.291400 14.751735 -8.258496 -5.197451 -19.460695 -0.697267 23.762045 -6.523906 -10.492020 -15.315723 3.642419 16.050936 19.004999 -3.687705
13.523106 1.327126 11.301942 -16.284494 -5.176240 -15.443153 -1.506664 5.224473 16.996870 -1.302303 -2.758467 -1.026213 14.137944 -20.636955 14.672668 0.818821 -0.165920 14.589694 -8.284908 -4.886764 -19.102282 -0.780326 24.234369 -6.785828 -10.041662 -14.666430 4.078335 16.226789 17.959780 -4.132561
13.000972 1.488989 11.419195 -16.399845 -5.107615 -15.281457 -1.068901 5.463945 17.172791 -1.675082 -2.254664 -1.514947 14.491961 -21.000854 14.547090 1.019024 -0.072875 14.399220 -8.371338 -4.558330 -19.192049 -1.107548 24.483847 -7.112536 -9.825876 -14.189744 4.241397 16.323994 17.190001 -4.683769
12.776537 1.769694 11.657534 -16.403114 -5.126975 -15.136434 -0.702636 5.642678 17.122770 -1.595592 -2.396279 -1.827249 14.392512 -21.134226 14.222043 1.332886 0.127300 14.242927 -8.446589 -4.531512 -19.322416 -0.742010 24.357164 -6.605246 -9.928269 -14.012307 4.493390 16.487869 16.843248 -4.763915
11.824879 3.971753 14.440540 -15.317772 -5.400131 -12.842327 2.406795 5.859173 17.349588 -1.019981 -4.345361 -3.518607 14.329358 -21.880503 11.982465 2.945271 0.591715 13.365709 -9.710713 -3.936804 -18.700979 3.274524 25.874464 -2.335510 -10.081982 -12.273702 6.861442 16.699816 13.643697 -4.642149
9.930120 8.566528 18.949854 -9.754690 -7.476353 -7.251366 6.250837 4.035423 17.394854 1.235657 -10.024405 -6.553442 13.640137 -21.128380 10.110026 7.410575 -0.289720 8.353480 -10.655289 -5.549835 -15.686932 11.850188 29.802694 5.240095 -9.545767 -8.371975 10.756433 17.626698 3.431361 -5.166230
2.301464 13.877930 17.599857 -1.368745 -13.697884 -1.885700 5.257162 3.276282 14.303187 7.106593 -19.063643 -15.892590 11.233620 -15.170023 6.516351 12.491263 2.674859 -0.558681 -8.655395 -7.076726 -8.094279 13.822490 27.449766 18.520166 -10.536712 -3.869218 16.655693 17.611383 -12.590314 -5.150732
-6.504791 15.926358 8.699909 8.849066 -21.429026 -1.348946 0.069478 5.733596 9.324930 16.494881 -26.558786 -21.691101 6.454622 -5.748560 2.235097 6.680760 10.465999 -4.866986 -7.208501 -9.077154 -3.540359 4.688296 14.915973 26.075472 -12.573108 -7.597608 19.356628 18.449379 -23.267502 -0.135078
-12.898593 20.954264 -3.742295 9.783669 -25.056128 -0.255011 -4.150651 6.847311 7.276447 16.186836 -25.767271 -25.075882 -5.329633 0.178902 6.056047 -1.901430 14.517179 -7.103237 -10.792904 -6.084105 7.385483 -3.822847 -1.698851 18.210169 -6.929793 -6.939761 26.072643 28.122746 -20.281971 9.613659
-27.084080 19.638283 -22.361782 3.453742 -18.211552 8.189862 -2.454636 4.264301 14.461876 15.283086 -15.920559 -24.821484 -10.208274 11.161856 12.565629 -6.226516 10.707100 -5.714880 -21.332928 3.081216 10.349984 -17.153675 -12.773912 5.214271 -3.079886 -12.970620 23.741528 33.547657 -19.749746 16.741854
-36.346363 13.255619 -24.822220 -0.627025 -8.941114 18.224684 2.893584 -3.093710 23.457319 12.083542 -2.427658 -21.881588 -12.394588 22.162897 19.775475 2.466120 2.095970 0.946604 -26.642149 6.114835 4.627048 -21.351404 -15.278174 -13.448702 -2.700417 -19.988419 15.666919 32.893532 -29.493574 16.250753
-39.849758 6.229082 -18.903955 -2.697536 -5.968777 24.334763 -1.245969 -15.175120 27.331600 7.158435 5.945218 -15.707599 -15.618649 24.370422 23.893267 10.016748 1.513631 1.217686 -25.788031 2.813533 8.403361 -15.423890 -13.222700 -26.885599 -5.709671 -20.596485 14.781564 28.394974 -26.227049 14.134308
-36.168339 3.857706 -13.767612 -1.660206 -6.843293 25.266199 -5.642525 -21.865952 26.937025 4.206886 5.811912 -9.661354 -19.736660 26.547831 27.059322 14.403037 -2.145828 4.777614 -25.774866 -0.255144 11.567414 -8.555475 -7.685128 -30.557398 -6.935823 -17.756495 15.967767 24.197298 -27.793062 11.894482
-35.705528 3.809318 -13.340801 -2.254717 -6.862565 25.208273 -6.023769 -22.307549 26.956362 3.310622 5.390353 -8.910542 -19.929752 26.886738 27.147392 14.778028 -2.431855 5.228680 -25.811098 -0.445385 11.412770 -8.201443 -7.020691 -30.775112 -7.267259 -16.993240 16.258703 23.434204 -27.846325 11.409722
-35.935818 5.053024 -14.363770 -3.238128 -6.549802 25.651722 -5.303077 -21.718946 27.089273 3.785116 6.259783 -10.081889 -19.927311 25.528738 26.719402 13.916225 -1.889036 4.188132 -26.459623 -0.144230 11.180762 -11.544091 -7.765045 -29.976517 -6.751563 -18.133066 15.763169 23.751211 -28.358995 11.957510
-35.959988 7.072663 -16.108540 -4.788278 -6.224386 26.216543 -4.264282 -20.716381 27.350637 3.943216 6.251185 -12.375154 -19.143581 24.132090 25.407572 12.333165 -1.331686 3.077873 -27.187010 0.699890 9.649766 -16.690388 -8.756706 -28.537527 -6.374191 -19.563440 14.933615 23.946529 -27.979881 12.669419
-35.669804 9.988560 -18.642502 -5.775616 -5.995057 26.363729 -2.140636 -18.107500 27.438560 4.526494 7.247792 -15.073760 -18.618427 21.614887 25.019093 9.762595 -0.672460 0.760972 -28.294428 2.294338 7.706998 -21.350107 -9.613149 -26.452225 -5.710822 -19.192688 14.847501 24.574715 -26.976690 12.499552
-33.225094 13.667961 -20.624849 -6.125361 -6.776507 25.637724 -0.888654 -15.632914 26.431568 4.876819 6.565873 -16.728380 -17.944725 19.446854 24.373390 7.323139 -1.125049 0.132936 -29.665777 3.924911 4.715375 -25.604382 -8.752947 -22.860998 -4.767364 -17.892515 14.980781 24.626204 -27.208807 12.248554
-30.287134 16.726601 -22.032936 -6.224561 -8.216425 23.868483 -0.918075 -13.274611 24.915098 4.576604 5.164076 -18.544716 -17.985840 17.821865 23.172071 5.023629 -1.441176 -0.205101 -30.511873 4.017640 2.882399 -28.639906 -8.787804 -18.286348 -4.866471 -17.070568 14.999207 23.724636 -28.395626 12.139921
-29.363386 19.225370 -23.051928 -6.096371 -9.480549 23.298639 -0.817089 -11.912658 24.311316 4.318872 4.437690 -20.371574 -18.643661 16.104820 22.525589 2.981337 -1.960372 -0.199144 -30.447859 3.566318 2.301810 -30.743132 -9.199476 -14.433099 -4.237415 -16.474182 15.214763 24.373463 -30.006313 12.110908
-27.524435 21.155138 -22.835915 -5.840668 -11.005867 22.453651 -1.531635 -11.218438 22.910236 4.263225 2.643845 -21.135790 -19.351669 14.848018 21.831291 1.986571 -2.352204 -0.532510 -30.615938 2.862050 1.446194 -31.288136 -8.905214 -12.375776 -3.612329 -15.463715 15.949777 25.470390 -30.753878 11.978123
-27.023359 22.265829 -22.736567 -5.616595 -12.092367 22.046333 -2.167515 -10.975762 22.145628 3.926399 1.578910 -21.541771 -19.888714 14.364060 21.338463 1.073054 -2.495721 -0.521757 -30.863008 2.508432 1.421931 -31.492041 -8.927814 -11.282637 -3.086931 -15.221218 16.439856 26.468906 -30.505285 12.315355
-26.227686 22.813248 -22.748798 -5.493129 -12.617213 21.651159 -2.570903 -10.782358 21.667643 3.964268 0.740908 -21.640324 -20.151178 14.000479 20.894768 0.709240 -2.082689 -0.744575 -30.964663 2.212241 1.282235 -31.107399 -9.154212 -10.812480 -2.894160 -15.090994 16.769459 27.207308 -29.870340 12.550309
-25.788748 23.081678 -22.679199 -5.252275 -12.832829 21.479143 -2.647482 -10.669596 21.442762 4.144443 0.523665 -21.794254 -20.125368 13.636162 20.840679 0.602013 -2.029295 -0.959640 -30.757635 2.100007 1.203361 -31.263884 -9.031185 -10.426210 -2.805901 -14.775388 16.985275 27.299675 -29.581942 12.461413
-24.628056 24.055723 -22.883873 -3.514786 -14.037276 20.380259 -2.967562 -9.605723 20.341829 5.303253 -2.129931 -22.777351 -19.522938 12.908436 20.169838 -0.415421 -0.897764 -2.338058 -29.048288 1.392582 1.671044 -31.844362 -7.573769 -8.466743 -1.945046 -14.545322 17.749294 27.064903 -27.976225 13.980699
-20.631983 25.030474 -23.156982 0.556020 -16.528021 17.347115 -4.034310 -7.399275 18.365747 6.920808 -6.505089 -24.167812 -17.625092 10.369452 18.793423 -2.497478 1.980728 -4.447054 -25.636198 0.393544 2.583343 -31.035303 -4.570547 -5.252865 -0.104450 -13.575274 20.622742 27.824257 -21.574980 18.238995
-18.948221 25.058783 -20.455257 7.738500 -21.419678 11.018764 -5.445303 -2.401808 14.552911 8.299728 -13.697372 -24.269814 -14.742717 6.216380 16.441235 -5.207258 5.864524 -8.448108 -20.730986 -1.770211 3.916181 -23.882149 -3.182396 -5.458727 2.939746 -13.006861 25.390575 33.629467 -12.447421 25.460752
-16.467489 24.484917 -11.805601 16.324055 -27.250280 3.190148 -5.614303 3.667601 9.626492 10.553154 -19.336081 -25.469698 -11.786100 0.992758 13.804277 -4.461966 9.404187 -12.027578 -14.517898 -5.329546 4.951441 -12.130305 -0.338695 -0.993379 3.443128 -13.222351 27.037809 36.271591 -13.109800 27.404799
-13.536396 20.719553 -2.732616 17.915245 -25.947845 -1.400766 -1.053344 8.335620 9.747950 12.915313 -21.968588 -27.823677 -5.906001 -3.112029 8.426430 0.218232 11.244798 -8.815898 -7.715639 -9.862313 -3.171772 -1.945369 5.427579 3.623558 1.249677 -15.224638 22.860737 37.183228 -20.997599 21.260859
-6.069333 18.841240 5.717478 14.636757 -22.812828 -1.549524 1.840178 6.674751 11.829706 10.309649 -22.049116 -25.640137 -0.138722 -9.140652 6.916238 5.145880 7.781315 -6.495083 -6.434138 -10.268153 -9.024098 7.539931 11.702297 9.478445 -0.564149 -16.365761 18.137394 36.769287 -21.254942 15.521576
4.345815 18.549467 11.773630 5.653185 -17.322950 -1.505091 4.103772 4.111958 14.027418 5.999234 -23.174627 -20.601400 6.155573 -12.454952 4.637091 6.977984 4.857651 0.811026 -8.240420 -8.100059 -8.054061 12.664799 20.060425 17.713930 -3.320170 -8.455678 17.610462 30.026228 -14.109765 5.747627
12.007517 15.728926 15.453149 -0.249522 -12.311223 -5.492068 6.338458 5.187558 14.632736 5.815198 -19.267740 -15.107678 9.133002 -15.815113 10.166435 3.523877 -1.285733 6.903574 -6.106926 -8.691649 -11.399428 16.996466 22.073954 20.108408 -7.760043 -6.881853 13.140681 26.965031 -2.439508 -4.909015
18.953638 10.746720 13.568559 -5.532142 -7.811925 -12.457113 3.965195 6.363340 14.908579 5.464261 -14.531853 -8.641087 10.972665 -18.722576 13.427539 -2.716671 -3.811545 12.819743 -6.107866 -8.602620 -19.601545 9.777190 22.501600 13.139392 -9.304442 -11.169896 7.714658 24.135330 17.415321 -5.006217
19.654997 3.894216 9.570935 -15.463215 -4.231474 -19.046923 -1.248431 7.786282 15.128551 1.297865 -5.470984 -2.234184 11.688424 -19.438976 14.574044 -8.642896 -0.697821 17.592501 -8.357280 -5.815324 -24.399208 -4.289922 19.926184 -1.103091 -10.091974 -15.415709 2.516203 19.776482 26.466084 -3.776236
16.052155 -4.072989 7.540747 -20.122385 -2.117748 -21.015324 -6.577924 5.170046 16.210684 -2.225588 1.873396 2.578819 9.470236 -16.436655 16.607126 -8.368811 2.772716 16.280554 -8.108538 -8.215406 -20.315874 -10.195430 22.748083 -13.649715 -10.695619 -16.132158 1.402469 13.051621 28.360214 -3.254383
13.081079 -8.025021 6.097752 -23.901299 -0.721114 -21.090691 -8.794374 3.107945 16.368166 -2.721833 3.270463 5.833224 7.219924 -12.657955 18.331768 -6.264614 1.548013 16.421812 -7.219831 -11.402045 -13.114258 -8.324676 16.542229 -21.337225 -12.303795 -14.870342 2.175436 12.230799 31.086634 -2.858428
11.769677 -11.098597 4.490404 -24.842022 -0.951950 -21.848475 -12.712251 0.414720 16.255129 -3.899783 5.465284 7.026132 5.020356 -9.564299 19.704548 -5.462485 1.732268 16.078434 -6.641349 -14.120263 -6.435694 -1.327658 12.777250 -29.621344 -14.216473 -11.895017 4.214079 13.527905 31.473507 -5.364821
11.498793 -13.923843 5.997520 -22.528610 -2.187771 -21.867741 -16.895123 -3.586044 15.170340 -4.632885 3.568953 9.786165 1.366221 -6.305667 21.460302 -3.337786 2.284432 14.353415 -5.315358 -16.941603 -5.097104 0.233885 9.381002 -33.522312 -17.624443 -17.510191 0.299336 11.036503 27.257919 -5.167758
8.070654 -16.367741 10.895395 -21.121523 -2.102700 -19.307154 -16.681427 -6.804870 15.874322 -5.646455 7.810573 12.333771 0.793301 -4.493343 21.604601 0.336708 5.473954 11.039915 -5.340314 -17.928562 -2.313089 6.462337 11.490635 -34.030472 -19.472340 -19.098211 0.796251 8.357433 16.266077 -5.032042
3.804161 -16.784838 14.763552 -20.934666 -2.861436 -17.061922 -16.675005 -8.628955 15.720697 -6.317266 9.595442 12.910183 0.009232 -4.030272 21.475697 2.240548 8.504748 8.366160 -4.685205 -17.711187 -0.803384 9.512010 15.280567 -29.732281 -18.936802 -19.650185 2.394774 6.411952 6.996508 -3.710934
-0.156390 -16.540333 16.743366 -20.905804 -4.075809 -14.961849 -17.585892 -10.288459 15.256495 -6.529592 10.140504 13.936656 -1.233382 -3.583184 20.555256 5.455035 11.286891 5.484735 -5.393015 -17.580629 -1.960965 14.435321 19.360233 -25.662874 -19.572002 -21.763145 2.175788 3.806154 1.663851 -1.877334
-1.758299 -16.139206 18.268936 -19.503025 -5.369044 -13.084105 -19.139191 -12.560935 14.306845 -5.154678 12.391359 13.218024 -1.535825 -3.393630 19.502464 6.024055 14.233769 2.923475 -6.198980 -16.917452 -2.409039 16.648375 19.084087 -23.044430 -20.056189 -23.627035 2.171018 3.953695 -2.785287 -0.909562
-1.956759 -15.414660 18.873238 -18.404724 -6.127823 -12.136313 -19.613647 -13.445819 13.820009 -4.339586 13.551587 12.342511 -1.249717 -3.797860 18.925411 5.928260 15.689422 2.024070 -6.588806 -16.272552 -2.316985 15.451696 16.962690 -22.263681 -20.049717 -24.774857 2.073664 5.001222 -3.828212 -0.452008
