4.340892 20.400023 3.550182 -0.548946 -14.430283 -12.053493 7.174178 18.344902 9.156558 14.075467 -22.286745 -24.184649 12.986886 -11.830637 4.127454 -12.951037 7.884743 8.205581 -4.853335 -2.076544 -12.360446 -5.148846 5.179432 21.234713 -3.407300 -0.809568 15.711561 36.461094 -0.434103 -14.459767
4.180550 20.332903 3.491765 -0.700127 -14.382521 -12.053275 7.201006 18.375957 9.325239 13.788586 -22.016985 -24.255707 13.252955 -11.826723 4.082208 -12.942791 7.959792 8.157214 -4.864401 -1.977928 -12.252095 -5.423216 5.381699 21.038935 -3.467603 -0.560309 15.691047 36.203369 -0.483997 -14.924334
3.556695 20.074572 3.333913 -0.759486 -14.399704 -12.094618 7.292079 18.638062 9.437690 13.770385 -21.705557 -24.402487 13.547007 -11.769514 3.969317 -12.880521 8.109804 8.052041 -4.857897 -1.883137 -12.077702 -5.613548 5.656185 20.977434 -3.584316 -0.232898 15.731862 35.886810 -0.724344 -15.425655
2.940531 19.774397 3.049938 -0.793684 -14.384799 -12.208210 7.386931 18.954380 9.642141 13.691275 -21.336325 -24.562916 14.151574 -11.480228 3.564461 -12.901077 8.515328 8.027603 -4.915994 -1.720990 -11.602214 -6.042314 5.944319 20.907623 -3.898468 0.253709 15.713185 35.220459 -1.172005 -16.367760
1.855186 19.210730 2.788978 -0.533442 -14.386961 -12.334609 7.665577 19.469074 9.894193 13.786697 -20.909023 -24.930111 14.753882 -11.351543 3.349768 -12.904967 8.786918 7.937898 -4.782370 -1.646251 -11.193782 -6.486472 6.517004 20.710619 -4.214335 0.859258 15.786673 34.459827 -1.584399 -17.281235
0.587627 18.580256 2.756422 -0.836714 -14.267979 -12.345324 8.022507 20.030073 9.928477 14.337231 -20.734926 -25.137449 15.339150 -11.209658 3.087242 -12.679536 9.033267 7.757371 -4.588985 -1.642194 -10.964431 -6.520441 7.197165 19.952410 -4.108173 1.189709 15.933556 34.178207 -1.979402 -17.572844
-0.434680 18.124594 2.803163 -1.642535 -14.115477 -12.232007 8.202148 20.323910 9.988665 14.501514 -20.313375 -25.439852 15.941295 -11.147264 2.764201 -12.352810 9.344403 7.478796 -4.486932 -1.604596 -10.390347 -6.671518 7.678532 19.686302 -4.326940 1.568902 15.949069 33.505486 -2.869802 -18.370523
-1.537714 17.533640 2.511237 -1.802412 -14.173816 -12.248167 8.180101 20.599958 10.207155 14.319746 -19.680206 -25.651665 16.549475 -11.060952 2.223784 -12.096164 9.874026 7.181728 -4.622823 -1.510352 -9.553050 -6.990762 8.199980 19.516251 -4.895169 2.174230 15.922260 32.311447 -4.156793 -19.630531
-2.441015 17.147905 2.579568 -2.709976 -13.995495 -12.040640 8.320205 20.749334 10.305045 14.340170 -18.824633 -26.013329 16.947746 -11.120111 1.849484 -11.873990 10.294907 6.953188 -4.853894 -1.339424 -8.932702 -7.396511 8.730402 18.923887 -5.160882 2.684605 15.935032 31.491461 -4.947348 -20.602365
-3.161460 16.744308 2.574954 -3.213964 -13.938432 -11.922533 8.296662 20.788277 10.440586 14.172789 -18.274557 -26.345253 17.553648 -11.129847 1.444365 -11.416743 10.591664 6.495774 -4.943985 -1.332070 -8.078315 -7.580560 9.554165 18.576712 -5.513841 3.358578 15.868356 30.513992 -5.954160 -21.962366
-4.219189 16.262922 2.541193 -3.232960 -13.990674 -11.623407 8.359470 20.734955 10.839500 13.529758 -17.911724 -26.474388 17.959429 -11.102436 0.883654 -10.997752 11.075066 6.108916 -5.197492 -1.291295 -6.974779 -8.031901 10.376284 18.425909 -6.082736 4.254575 15.775342 29.223457 -6.751972 -23.757387
-4.930851 15.983712 2.452497 -3.206709 -14.060189 -11.436218 8.383271 20.702530 11.234957 12.924869 -17.240000 -26.724052 18.396072 -11.095846 0.291485 -10.930778 11.734883 5.827371 -5.576171 -1.089871 -6.322454 -8.117617 10.925754 17.888803 -6.518244 4.690844 15.655354 28.290501 -7.360051 -24.803064
-5.491295 15.761761 2.304007 -2.799091 -14.315912 -11.243356 8.178629 20.495188 11.567379 12.125128 -16.552097 -27.134956 18.811096 -11.350192 -0.176030 -10.388227 12.070497 5.489817 -5.984084 -0.939880 -5.595041 -8.233863 11.070152 17.966875 -7.240729 5.132162 15.688293 27.267391 -8.036208 -25.791836
-6.166278 15.604594 2.192534 -2.604509 -14.391148 -11.004591 8.319972 20.473438 12.032221 11.391839 -16.136856 -27.067467 19.109989 -11.334308 -0.551310 -10.214371 12.534180 5.194140 -6.198421 -0.903219 -4.940734 -8.835172 11.629148 18.161108 -8.039485 6.109946 15.701488 25.993418 -8.653635 -27.369352
-7.053753 15.505562 2.289031 -2.705971 -14.532818 -10.631258 8.426366 20.431217 12.234539 11.031516 -16.041489 -26.960281 19.218163 -11.170837 -0.910727 -9.924830 12.935073 4.970884 -6.415962 -0.792084 -4.438242 -9.101128 11.926839 18.338861 -8.622516 6.476145 15.833618 25.000629 -9.272823 -27.812111
-7.593455 15.438297 2.377722 -2.887798 -14.615135 -10.373761 8.463141 20.364090 12.365905 10.803802 -15.629519 -26.991318 19.312233 -11.348314 -1.141845 -9.493867 13.145752 4.751888 -6.631683 -0.705979 -4.078071 -9.590065 12.260305 19.201574 -9.644135 6.955648 15.974916 23.641598 -9.290034 -28.581215
-8.045601 15.296679 2.252823 -2.680901 -14.733812 -10.286180 8.456409 20.355637 12.635594 10.368963 -15.325193 -27.074631 19.377911 -11.511853 -1.334217 -9.222510 13.259316 4.585501 -6.833737 -0.725379 -3.780477 -9.841097 12.555281 19.156887 -10.042307 7.047572 16.116709 22.876997 -9.471678 -28.697115
-8.308252 15.212459 2.249874 -2.475916 -14.838368 -10.135772 8.424063 20.233494 12.801558 10.097418 -15.305172 -27.184950 19.363342 -11.557911 -1.575952 -8.927575 13.445078 4.398655 -7.058339 -0.783550 -3.472555 -10.108983 12.672776 19.260744 -10.353138 7.140994 16.233418 22.266815 -9.853155 -28.758829
-8.563097 15.067032 2.189715 -2.393912 -14.887768 -10.111076 8.425490 20.244320 12.982122 9.804241 -15.170519 -27.225222 19.440479 -11.575581 -1.658693 -8.843243 13.544261 4.332525 -7.104502 -0.811083 -3.326455 -10.430184 12.795269 19.325842 -10.595575 7.284572 16.252314 21.809843 -9.848700 -28.994131
-8.598329 15.116759 2.225067 -2.316263 -14.918135 -10.034945 8.492091 20.239143 13.007783 9.802250 -15.288021 -27.248226 19.332249 -11.513823 -1.719878 -8.776628 13.591638 4.278080 -7.139174 -0.860920 -3.278981 -10.419981 12.733471 19.414127 -10.640537 7.262730 16.271141 21.790768 -9.938585 -28.971436
-8.325964 15.158239 2.833466 -2.149387 -14.838017 -9.802446 8.788005 20.063782 12.969347 10.193152 -15.847931 -27.075079 19.406044 -11.652421 -1.755387 -8.337225 13.314057 4.189016 -7.203387 -0.881062 -3.321203 -9.433686 13.062999 19.548109 -10.454248 7.122624 16.479359 22.112480 -10.076496 -28.360533
-7.905544 14.969357 3.979232 -1.355235 -14.946015 -9.493040 8.965849 19.531151 12.893520 10.654210 -17.275444 -26.528803 19.782890 -11.444528 -1.784416 -7.280723 12.663863 3.975100 -7.041646 -1.169521 -3.505851 -7.033131 14.138889 18.794649 -9.381920 6.944345 16.920879 23.374069 -10.634094 -26.811758
-7.211130 15.343348 6.144085 -0.355380 -15.246692 -8.300419 9.394570 18.311062 12.667048 11.800655 -19.173883 -25.806370 19.621639 -11.247255 -1.893934 -5.558257 12.245727 3.200878 -7.482878 -1.305761 -4.212397 -3.577518 15.594244 17.766834 -7.835126 5.482886 17.721970 24.805016 -10.696278 -22.430876
-6.637291 15.613544 8.688387 2.351799 -15.829250 -6.979529 9.851874 16.678062 12.643526 12.711847 -21.303091 -24.615349 19.433739 -10.576347 -1.920038 -3.050944 11.964448 2.032297 -7.634795 -1.449804 -4.608719 0.254621 16.982599 19.471109 -7.695561 4.075249 18.720520 24.829184 -11.566946 -18.049040
-5.870965 15.864939 11.050866 5.543907 -17.060301 -5.518584 9.019285 14.035430 12.484661 12.294556 -23.949362 -23.106449 18.201893 -9.733442 -1.525264 -0.089560 11.699477 0.192777 -7.604115 -1.966965 -3.636595 3.060164 19.200914 21.814562 -8.957842 3.915381 19.905830 22.487411 -12.264503 -14.921208
-2.442548 18.319836 12.895902 4.998687 -17.849085 -3.087828 6.256851 8.891896 12.160501 9.482435 -24.054392 -21.216818 13.879169 -12.015255 -0.347211 2.262046 10.945428 -1.429777 -9.799412 -3.043368 -3.384193 6.361118 20.487976 18.675558 -6.859236 1.746036 21.001621 23.794264 -15.766720 -9.666553
-0.714457 19.816042 13.602686 6.182775 -19.168509 -1.218310 3.635986 4.767765 12.004545 7.142404 -24.538214 -19.403221 8.769129 -12.937803 2.840222 4.618044 9.433227 -4.162805 -10.301458 -4.616142 -2.715363 8.400703 19.615547 18.389019 -6.971113 -0.522175 21.812227 23.919430 -17.207876 -4.697739
2.415022 21.448542 13.929029 6.859765 -20.955614 0.131278 -0.498372 0.009124 11.211065 5.285992 -24.649088 -17.559124 1.723672 -14.311788 6.609337 6.147422 7.509771 -6.559068 -11.502358 -6.778259 -2.964935 8.494737 19.371752 16.867868 -7.277282 -2.850867 23.385363 22.536541 -17.407833 1.600723
3.311406 22.131420 11.979424 6.585848 -22.245173 0.690222 -4.375056 -2.950985 10.575296 3.922301 -24.267775 -16.035816 -3.475154 -14.800484 8.073982 6.731679 7.616857 -7.885070 -12.908602 -8.352443 -2.861730 6.071163 16.732973 14.613766 -7.724143 -5.052947 25.226505 22.296782 -18.159254 7.596768
3.007455 22.293463 10.162446 4.604614 -23.465710 1.166041 -8.553520 -5.499515 9.489555 2.259832 -22.518908 -14.795190 -7.983214 -14.569566 7.939671 6.048550 9.283039 -8.646846 -14.120504 -10.676150 -2.445113 3.064598 13.699482 10.639349 -7.056942 -7.599674 25.741417 23.725891 -16.333494 13.427971
1.937428 21.757713 6.112215 2.529019 -24.718639 1.036104 -12.748946 -6.811140 9.138884 -0.238924 -20.464134 -12.681712 -12.041799 -13.177416 8.414719 3.381572 10.362628 -9.161175 -16.125051 -12.753798 4.333786 1.164571 11.403536 10.187572 -6.451957 -6.127162 29.031872 23.504269 -11.247500 17.260410
1.539795 21.436552 -0.412458 1.245687 -25.681715 1.419634 -16.640701 -8.160856 9.706238 -3.146422 -18.281328 -12.827954 -14.571509 -9.452506 10.263702 0.300524 8.927444 -9.414746 -17.509420 -13.795154 5.958414 -3.555150 7.677931 8.489042 -6.547866 -7.860231 30.167439 22.855663 -8.503388 21.598043
1.535386 20.775656 -7.823101 2.106280 -25.380518 2.034420 -17.679306 -7.849712 11.890065 -4.694058 -15.251591 -15.295651 -16.839420 -6.143310 10.202384 -0.869468 5.578070 -6.318081 -18.785875 -16.668310 3.544655 -8.426645 3.032993 7.317655 -7.592359 -8.340772 31.895559 22.916592 -6.248704 24.911768
0.866723 19.872629 -13.977919 2.135306 -24.194151 2.813903 -17.329947 -7.077626 14.220449 -6.292682 -12.949334 -16.759682 -18.447340 -3.260601 9.215003 -1.411567 2.765457 -1.780517 -21.223093 -17.779528 1.733811 -13.045352 -0.057613 8.656313 -9.291366 -7.503896 32.432465 21.408371 -4.529804 24.369017
-0.028741 19.491314 -18.896025 -0.138915 -22.236103 3.882735 -16.472591 -6.514077 16.031792 -6.375522 -11.006559 -17.578714 -19.352062 -2.009286 8.697365 -3.563937 2.663268 -0.071705 -22.877687 -17.843309 0.109278 -17.941702 -2.138120 7.038567 -9.856682 -7.120123 31.022835 20.559210 -5.148506 21.429232
-1.460752 19.085777 -23.158707 -3.085302 -20.591351 4.339883 -15.911434 -5.411239 17.076372 -5.633147 -8.218836 -18.011387 -18.356890 -1.963941 7.471002 -6.962511 4.138171 0.885224 -25.751236 -15.172150 -4.392368 -23.171000 -2.189876 4.558091 -9.336731 -7.928920 28.623604 20.354286 -5.989864 19.385447
-3.755686 19.020256 -26.756414 -6.191535 -18.812838 5.769728 -15.108555 -5.009437 18.036949 -4.678697 -5.894637 -18.528492 -17.698254 -1.023164 6.369150 -8.948639 4.621274 1.710942 -28.793623 -12.845763 -6.735637 -27.538019 -2.567175 1.198852 -8.207223 -7.208507 27.438908 20.878275 -5.702429 17.438084
-5.202390 18.877989 -29.552521 -8.760592 -17.261881 7.223500 -14.588714 -5.223637 19.106056 -4.012599 -3.009043 -19.247391 -16.469040 -0.919092 5.230514 -10.666381 5.700613 1.827269 -30.613012 -10.807667 -7.928277 -30.539146 -2.822365 -0.327115 -7.617718 -6.241815 27.113605 20.898190 -5.219503 16.105982
-6.096656 18.811821 -30.581261 -9.904158 -16.284414 8.074594 -13.926063 -5.191123 19.497522 -2.873641 -0.743090 -19.726418 -15.458231 -0.763318 4.118657 -11.495263 6.687924 2.017060 -32.094082 -9.555900 -7.722293 -32.298183 -2.347400 -0.918599 -6.801113 -5.646054 26.790800 20.725088 -5.336235 15.345049
-6.526309 18.726866 -30.935488 -10.575069 -15.990538 8.329147 -13.915760 -5.312861 19.678549 -2.965920 -0.281331 -19.907373 -15.165814 -1.044248 4.080692 -11.603661 6.756885 1.945372 -32.441612 -9.119905 -7.890374 -32.316967 -2.189056 -0.646179 -6.669083 -5.773255 26.492100 20.718136 -5.980721 15.080818
-6.400044 18.617346 -30.808756 -10.554941 -16.030983 8.165724 -13.981743 -5.246273 19.592276 -2.970055 -0.350954 -19.824589 -15.288127 -0.976014 4.079297 -11.616994 6.721074 1.987272 -32.342419 -9.344875 -7.906127 -32.071854 -2.240004 -0.626847 -6.801035 -5.687163 26.657402 20.689369 -5.800099 15.171748
-5.638959 18.521942 -30.750696 -10.204328 -16.316286 7.751032 -14.270527 -5.104556 19.349710 -2.855928 -0.631273 -19.641878 -15.521761 -0.870118 4.018182 -11.577567 6.736860 1.828853 -31.782576 -10.212424 -8.281123 -31.989302 -1.840046 -0.787845 -6.934384 -5.305543 27.157690 20.508221 -5.385632 15.398943
-4.964484 18.258577 -30.239485 -10.050797 -16.694649 7.063153 -14.768216 -4.958570 18.908310 -2.911357 -1.416585 -19.388752 -15.751719 -1.032633 4.087923 -11.628461 6.551417 1.814725 -30.773325 -11.386182 -8.977171 -31.278250 -1.329934 -0.797212 -7.387713 -5.162530 27.482817 20.069263 -5.340678 15.563956
-4.022189 17.747290 -29.507740 -9.600060 -17.240744 6.167062 -15.542095 -4.906610 18.385622 -3.239909 -2.337119 -19.033005 -16.032482 -1.269959 4.058977 -11.407128 6.296525 1.608455 -29.645279 -13.243300 -9.454623 -30.266348 -0.550775 -0.501236 -7.767317 -4.722894 28.145748 19.609255 -5.352440 15.829323
-2.871805 17.176319 -28.732815 -9.389347 -18.022144 4.878285 -16.564804 -4.626915 17.659969 -3.873770 -3.092044 -18.479567 -16.249676 -1.576237 4.406315 -10.995391 5.787458 1.341520 -28.477642 -14.817027 -10.121077 -28.608337 0.293543 0.046074 -8.281078 -4.324385 28.835299 19.028133 -5.488620 16.175470
-1.901139 16.512453 -27.685207 -8.788048 -18.773535 3.987285 -17.492374 -4.770148 17.265211 -4.647709 -3.601150 -18.269814 -16.152779 -2.170534 4.283913 -10.434142 5.399477 1.620255 -27.211554 -16.535292 -10.461164 -27.004366 1.435532 0.781586 -8.893449 -3.619362 29.885113 18.142994 -5.597792 16.647326
-1.075501 15.897481 -26.226479 -8.038926 -19.711302 3.062467 -18.571505 -4.997646 16.520979 -5.250430 -3.689077 -18.250822 -16.357227 -2.580066 3.949749 -9.165852 5.098001 1.363612 -25.687506 -18.965607 -9.924719 -25.225050 2.698521 1.097591 -9.103104 -2.569845 31.053692 17.563385 -5.743485 16.773870
-0.428380 15.366537 -25.130432 -7.674098 -20.460197 2.373450 -19.503643 -5.216979 16.014719 -6.107856 -3.836503 -17.888527 -16.380136 -3.086798 3.703213 -8.069280 4.849847 1.176485 -24.527891 -20.815638 -10.020541 -23.483801 3.689423 1.584399 -9.748882 -1.319766 32.499981 16.749350 -5.981296 17.187525
-0.172598 14.485945 -23.839624 -7.115901 -21.363577 1.484893 -20.680735 -5.437452 15.323002 -6.884068 -3.916192 -17.802698 -16.496880 -3.317606 3.328241 -7.029065 5.145758 0.641793 -23.550379 -22.361605 -9.646369 -21.914049 5.092000 1.259401 -9.915755 -0.526274 33.386814 15.932707 -6.602448 17.510199
-0.215931 13.638221 -22.530979 -6.541082 -21.904886 1.111580 -21.464491 -5.962053 15.010764 -7.536772 -3.494426 -17.273350 -16.558008 -3.532559 3.397991 -6.389541 5.025906 0.427658 -22.773897 -23.650545 -9.465632 -20.211130 6.322404 0.979977 -10.155272 0.745144 34.670242 15.268443 -7.453362 17.750700
-0.391768 12.837820 -21.187698 -5.972229 -22.339415 0.620519 -21.984192 -6.197417 14.743625 -8.204441 -3.302067 -16.921526 -16.675606 -3.196365 3.139246 -5.502955 5.280303 -0.264462 -21.892990 -25.190290 -9.041969 -18.586622 7.440406 0.949471 -10.340183 1.447420 35.319927 14.537521 -8.273002 17.868462
-0.840958 12.040027 -20.417770 -5.750504 -22.870207 0.285746 -23.022392 -6.665798 14.190519 -8.383471 -2.646671 -16.258343 -16.691797 -2.889054 3.069908 -5.241104 5.891959 -1.169099 -21.595119 -25.772800 -9.152803 -17.109426 8.636934 0.484616 -10.801716 2.268037 36.068050 13.369814 -9.247765 18.125364
-1.083753 11.562184 -19.555214 -5.954904 -23.180483 0.372772 -23.946304 -7.550578 13.862302 -8.758610 -2.361132 -15.453934 -16.755838 -2.607992 2.871342 -4.858692 6.735869 -2.216250 -21.253487 -26.653669 -9.572934 -15.617878 9.748560 0.476695 -11.193503 3.185905 36.868214 12.595607 -10.089137 18.276772
-1.582262 10.625196 -18.590099 -5.912901 -22.976763 0.407489 -24.216619 -8.108648 13.821806 -8.668721 -2.065011 -14.567039 -16.648853 -2.181548 2.802047 -4.848436 7.751619 -3.146380 -20.960238 -27.225481 -8.651880 -14.764773 10.634305 0.254243 -11.379055 3.511498 37.264744 11.681111 -11.135987 18.372538
-2.181859 10.018112 -17.803820 -5.865523 -23.253218 0.251643 -24.766773 -8.418008 13.470193 -8.914476 -1.479375 -13.810313 -16.782217 -2.099736 2.722415 -4.394816 8.456460 -3.932668 -20.756033 -27.994295 -8.562737 -14.269930 11.329226 -0.080538 -11.539730 3.928376 37.653484 10.951062 -11.856477 18.596689
-2.517548 9.621196 -17.214533 -6.110132 -23.320993 0.355739 -25.206909 -8.942343 13.372994 -9.087963 -1.285870 -13.350844 -16.535843 -1.814031 2.696650 -4.179727 8.864511 -4.243299 -20.546574 -28.168970 -8.600940 -13.248389 11.964212 -0.163503 -11.891281 3.803784 37.783382 10.376074 -12.664874 18.850763
-2.573707 9.504815 -16.645287 -6.331614 -23.222071 0.460546 -25.251457 -9.241419 13.307301 -9.114408 -0.816915 -12.851064 -16.511101 -1.935488 2.849888 -4.181262 9.111491 -4.518851 -20.329025 -28.524437 -8.272041 -12.676906 12.547205 -0.624710 -11.813772 4.009474 37.838100 10.031816 -12.973908 18.836552
-2.689636 9.199857 -16.413397 -6.438944 -23.033926 0.544885 -25.275566 -9.463791 13.369837 -9.044619 -0.698278 -12.622570 -16.506258 -1.721167 2.763671 -3.990677 9.381490 -4.668917 -20.155964 -28.676283 -8.398826 -12.175248 13.078274 -0.628232 -11.819632 4.063829 37.830273 9.807699 -13.130706 18.907373
-2.868558 9.097421 -16.227043 -6.420507 -22.951302 0.553218 -25.192226 -9.481647 13.368764 -8.927372 -0.626204 -12.490704 -16.404055 -1.535006 2.648619 -3.856924 9.466896 -4.650710 -20.085171 -28.694799 -8.407090 -12.097450 13.401157 -0.718028 -11.795649 4.057054 37.768150 9.594964 -13.209550 18.911406
-2.852845 9.058493 -16.147472 -6.445588 -22.937880 0.566442 -25.242752 -9.558478 13.326584 -8.863976 -0.511912 -12.477449 -16.383690 -1.519096 2.563087 -3.740052 9.624662 -4.766474 -20.078461 -28.730539 -8.341186 -12.198613 13.514754 -0.738093 -11.746954 4.164658 37.889072 9.512669 -13.198272 19.009096
-2.852845 9.058493 -16.147472 -6.445588 -22.937880 0.566442 -25.242752 -9.558478 13.326584 -8.863976 -0.511912 -12.477449 -16.383690 -1.519096 2.563087 -3.740052 9.624662 -4.766474 -20.078461 -28.730539 -8.341186 -12.198613 13.514754 -0.738093 -11.746954 4.164658 37.889072 9.512669 -13.198272 19.009096
-2.852845 9.058493 -16.147472 -6.445588 -22.937880 0.566442 -25.242752 -9.558478 13.326584 -8.863976 -0.511912 -12.477449 -16.383690 -1.519096 2.563087 -3.740052 9.624662 -4.766474 -20.078461 -28.730539 -8.341186 -12.198613 13.514754 -0.738093 -11.746954 4.164658 37.889072 9.512669 -13.198272 19.009096
-2.852143 9.058794 -16.147425 -6.446482 -22.937860 0.566730 -25.243067 -9.559025 13.326808 -8.864574 -0.511994 -12.477528 -16.383556 -1.518941 2.563064 -3.740060 9.624748 -4.766512 -20.078287 -28.730568 -8.341715 -12.197471 13.513401 -0.736876 -11.748053 4.164727 37.890194 9.513201 -13.198996 19.009699
-2.852143 9.058794 -16.147425 -6.446482 -22.937860 0.566730 -25.243067 -9.559025 13.326808 -8.864574 -0.511994 -12.477528 -16.383556 -1.518941 2.563064 -3.740060 9.624748 -4.766512 -20.078287 -28.730568 -8.341715 -12.197471 13.513401 -0.736876 -11.748053 4.164727 37.890194 9.513201 -13.198996 19.009699
-2.852143 9.058794 -16.147425 -6.446482 -22.937860 0.566730 -25.243067 -9.559025 13.326808 -8.864574 -0.511994 -12.477528 -16.383556 -1.518941 2.563064 -3.740060 9.624748 -4.766512 -20.078287 -28.730568 -8.341715 -12.197471 13.513401 -0.736876 -11.748053 4.164727 37.890194 9.513201 -13.198996 19.009699
-2.852143 9.058794 -16.147425 -6.446482 -22.937860 0.566730 -25.243067 -9.559025 13.326808 -8.864574 -0.511994 -12.477528 -16.383556 -1.518941 2.563064 -3.740060 9.624748 -4.766512 -20.078287 -28.730568 -8.341715 -12.197471 13.513401 -0.736876 -11.748053 4.164727 37.890194 9.513201 -13.198996 19.009699
-2.852143 9.058794 -16.147425 -6.446482 -22.937860 0.566730 -25.243067 -9.559025 13.326808 -8.864574 -0.511994 -12.477528 -16.383556 -1.518941 2.563064 -3.740060 9.624748 -4.766512 -20.078287 -28.730568 -8.341715 -12.197471 13.513401 -0.736876 -11.748053 4.164727 37.890194 9.513201 -13.198996 19.009699
-2.852143 9.058794 -16.147425 -6.446482 -22.937860 0.566730 -25.243067 -9.559025 13.326808 -8.864574 -0.511994 -12.477528 -16.383556 -1.518941 2.563064 -3.740060 9.624748 -4.766512 -20.078287 -28.730568 -8.341715 -12.197471 13.513401 -0.736876 -11.748053 4.164727 37.890194 9.513201 -13.198996 19.009699
-2.852143 9.058794 -16.147425 -6.446482 -22.937860 0.566730 -25.243067 -9.559025 13.326808 -8.864574 -0.511994 -12.477528 -16.383556 -1.518941 2.563064 -3.740060 9.624748 -4.766512 -20.078287 -28.730568 -8.341715 -12.197471 13.513401 -0.736876 -11.748053 4.164727 37.890194 9.513201 -13.198996 19.009699
-2.852143 9.058794 -16.147425 -6.446482 -22.937860 0.566730 -25.243067 -9.559025 13.326808 -8.864574 -0.511994 -12.477528 -16.383556 -1.518941 2.563064 -3.740060 9.624748 -4.766512 -20.078287 -28.730568 -8.341715 -12.197471 13.513401 -0.736876 -11.748053 4.164727 37.890194 9.513201 -13.198996 19.009699
-2.852644 9.058596 -16.147533 -6.446029 -22.937946 0.566544 -25.242985 -9.558708 13.326665 -8.864460 -0.511994 -12.477528 -16.383556 -1.518941 2.563064 -3.740060 9.624748 -4.766512 -20.078287 -28.730568 -8.341787 -12.196092 13.511215 -0.735206 -11.749636 4.164580 37.891850 9.513955 -13.200286 19.010580
-2.852644 9.058596 -16.147533 -6.446029 -22.937946 0.566544 -25.242985 -9.558708 13.326665 -8.864460 -0.511994 -12.477528 -16.383556 -1.518941 2.563064 -3.740060 9.624748 -4.766512 -20.078287 -28.730568 -8.341787 -12.196092 13.511215 -0.735206 -11.749636 4.164580 37.891850 9.513955 -13.200286 19.010580
-2.852644 9.058596 -16.147533 -6.446029 -22.937946 0.566544 -25.242985 -9.558708 13.326665 -8.864460 -0.511994 -12.477528 -16.383556 -1.518941 2.563064 -3.740060 9.624748 -4.766512 -20.078287 -28.730568 -8.341787 -12.196092 13.511215 -0.735206 -11.749636 4.164580 37.891850 9.513955 -13.200286 19.010580
-2.851678 9.059035 -16.147339 -6.446880 -22.937910 0.566737 -25.243362 -9.559374 13.326876 -8.865660 -0.511079 -12.476935 -16.384796 -1.520243 2.563583 -3.739795 9.623972 -4.766901 -20.079130 -28.730820 -8.342090 -12.197122 13.511848 -0.735442 -11.749664 4.164684 37.891579 9.513161 -13.199826 19.010344
-15.522744 1.659079 -21.225739 6.012489 -24.246065 -4.024155 -21.596565 -0.192121 13.246046 1.475571 -10.120719 -15.964372 -4.576072 13.221034 -3.070974 -5.856141 17.224987 -3.807379 -11.678452 -27.600761 -3.332501 -18.738779 7.704095 17.264843 -25.916515 8.447629 37.612560 -4.142591 -13.783761 4.854149
-15.522744 1.659079 -21.225739 6.012489 -24.246065 -4.024155 -21.596565 -0.192121 13.246046 1.475571 -10.120719 -15.964372 -4.576072 13.221034 -3.070974 -5.856141 17.224987 -3.807379 -11.678452 -27.600761 -3.332501 -18.738779 7.704095 17.264843 -25.916515 8.447629 37.612560 -4.142591 -13.783761 4.854149
-15.522744 1.659079 -21.225739 6.012489 -24.246065 -4.024155 -21.596565 -0.192121 13.246046 1.475571 -10.120719 -15.964372 -4.576072 13.221034 -3.070974 -5.856141 17.224987 -3.807379 -11.678452 -27.600761 -3.332501 -18.738779 7.704095 17.264843 -25.916515 8.447629 37.612560 -4.142591 -13.783761 4.854149
-15.522744 1.659079 -21.225739 6.012489 -24.246065 -4.024155 -21.596565 -0.192121 13.246046 1.475571 -10.120719 -15.964372 -4.576072 13.221034 -3.070974 -5.856141 17.224987 -3.807379 -11.678452 -27.600761 -3.332501 -18.738779 7.704095 17.264843 -25.916515 8.447629 37.612560 -4.142591 -13.783761 4.854149
-15.522744 1.659079 -21.225739 6.012489 -24.246065 -4.024155 -21.596565 -0.192121 13.246046 1.475571 -10.120719 -15.964372 -4.576072 13.221034 -3.070974 -5.856141 17.224987 -3.807379 -11.678452 -27.600761 -3.332501 -18.738779 7.704095 17.264843 -25.916515 8.447629 37.612560 -4.142591 -13.783761 4.854149
-16.896074 0.757000 -21.906202 7.094772 -24.362490 -4.565877 -21.180695 1.011393 13.221182 2.713775 -10.534998 -16.424200 -3.572001 14.309745 -3.767045 -6.027600 17.891027 -3.538475 -11.161091 -27.478689 -3.267209 -19.814966 7.366305 18.904970 -27.551510 8.915701 37.642506 -5.443838 -13.147025 3.943879
-16.425339 1.022883 -21.700253 6.469530 -24.282845 -4.387289 -21.320934 0.665380 13.206459 2.322089 -10.479454 -16.453726 -3.591767 14.322948 -3.723788 -6.009047 17.837616 -3.569807 -11.138293 -27.507179 -3.221794 -19.969261 7.338768 19.387846 -27.926020 9.097046 37.639580 -5.718160 -13.142395 3.682908
-16.471905 0.994945 -21.731356 6.515956 -24.284491 -4.409191 -21.319403 0.694106 13.214737 2.351312 -10.528309 -16.454281 -3.547058 14.371428 -3.771646 -6.024676 17.876638 -3.547903 -11.127958 -27.502331 -3.243095 -19.852903 7.352923 19.233850 -27.777750 9.032377 37.655468 -5.607992 -13.144516 3.812251
-16.576012 0.933541 -21.773525 6.612269 -24.296122 -4.444405 -21.288708 0.772712 13.209808 2.445118 -10.558367 -16.475784 -3.512902 14.426254 -3.770210 -6.024775 17.881781 -3.558315 -11.085161 -27.501532 -3.199036 -19.893858 7.277287 19.389589 -27.901501 9.067722 37.653835 -5.701437 -13.139098 3.671892
-16.627409 0.907501 -21.787491 6.651063 -24.302242 -4.456250 -21.272795 0.807807 13.203423 2.490678 -10.551605 -16.470411 -3.522580 14.414001 -3.768251 -6.024086 17.878174 -3.557266 -11.092829 -27.503759 -3.194791 -19.894724 7.266428 19.407690 -27.915579 9.071093 37.654530 -5.710564 -13.138419 3.659043
-16.627020 0.907777 -21.787394 6.650508 -24.302195 -4.456103 -21.272919 0.807504 13.203482 2.490252 -10.550355 -16.469677 -3.525004 14.411611 -3.766432 -6.023590 17.876276 -3.557814 -11.093973 -27.504244 -3.194988 -19.896168 7.266248 19.408926 -27.916754 9.071732 37.654293 -5.711383 -13.138661 3.657478
-16.619337 0.912365 -21.783504 6.644346 -24.301651 -4.453177 -21.275087 0.801304 13.203428 2.483995 -10.549163 -16.469898 -3.526545 14.409091 -3.765586 -6.023533 17.875540 -3.558588 -11.094580 -27.502752 -3.193125 -19.896978 7.267051 19.407232 -27.915440 9.071846 37.653030 -5.712640 -13.138648 3.656491
-16.628347 0.905163 -21.788900 6.653523 -24.301798 -4.457583 -21.272144 0.809469 13.203928 2.492243 -10.549420 -16.470562 -3.526946 14.410217 -3.763801 -6.022572 17.874502 -3.558912 -11.093178 -27.504469 -3.193993 -19.894125 7.264349 19.411715 -27.918371 9.070760 37.654537 -5.712019 -13.137431 3.658679
-16.628338 0.905207 -21.788876 6.653389 -24.301786 -4.457516 -21.272167 0.809403 13.203922 2.492214 -10.549747 -16.470928 -3.526527 14.410981 -3.763680 -6.022557 17.874605 -3.559130 -11.092456 -27.504519 -3.193861 -19.892866 7.263965 19.413496 -27.918953 9.071121 37.654797 -5.711792 -13.137198 3.658585
-16.680662 0.872382 -21.806168 6.696006 -24.306826 -4.469901 -21.251369 0.850127 13.195626 2.549030 -10.545587 -16.470669 -3.529498 14.406200 -3.764079 -6.021863 17.871624 -3.557002 -11.096590 -27.502512 -3.170498 -19.911816 7.231328 19.519918 -28.005041 9.110720 37.658436 -5.778489 -13.131421 3.564661
-16.691015 0.868104 -21.809048 6.708941 -24.308374 -4.472889 -21.248314 0.856641 13.196363 2.555866 -10.539698 -16.474567 -3.537938 14.401279 -3.748035 -6.017453 17.860991 -3.567107 -11.091818 -27.504347 -3.174829 -19.915623 7.234049 19.503191 -27.993048 9.105724 37.654755 -5.772967 -13.134985 3.575800
-16.686449 0.871333 -21.806036 6.703940 -24.307516 -4.470253 -21.248285 0.853234 13.195332 2.554738 -10.533278 -16.476009 -3.548509 14.392349 -3.733756 -6.013591 17.849331 -3.575058 -11.090834 -27.504795 -3.176411 -19.915331 7.234776 19.497458 -27.989388 9.104085 37.654591 -5.769041 -13.135000 3.580227
-16.686449 0.871333 -21.806036 6.703940 -24.307516 -4.470253 -21.248285 0.853234 13.195332 2.554738 -10.533134 -16.475958 -3.548424 14.392284 -3.733965 -6.013651 17.849440 -3.574975 -11.090980 -27.504761 -3.176411 -19.915331 7.234776 19.497458 -27.989388 9.104085 37.654591 -5.769041 -13.135000 3.580227
-16.686956 0.870965 -21.806440 6.705119 -24.307692 -4.470590 -21.248135 0.853700 13.195541 2.554833 -10.533784 -16.476082 -3.548019 14.393267 -3.734387 -6.013721 17.849957 -3.574857 -11.090715 -27.504595 -3.176430 -19.913317 7.236383 19.495125 -27.987415 9.103462 37.655041 -5.767310 -13.135373 3.582885
-16.669962 0.880825 -21.800381 6.688584 -24.305630 -4.465838 -21.253632 0.841462 13.196988 2.538682 -10.522726 -16.471691 -3.562186 14.374693 -3.728608 -6.011045 17.842127 -3.575442 -11.101262 -27.505228 -3.175290 -19.913805 7.234140 19.499182 -27.990818 9.104315 37.655006 -5.769837 -13.135380 3.579571
-16.634783 0.899148 -21.792585 6.659816 -24.302427 -4.459370 -21.268353 0.816093 13.203434 2.499364 -10.541238 -16.478380 -3.531676 14.406618 -3.752624 -6.018182 17.865957 -3.564081 -11.089585 -27.502279 -3.172730 -19.914049 7.233843 19.509151 -27.998285 9.106428 37.656055 -5.774880 -13.134400 3.576616
-16.683191 0.870815 -21.809202 6.702891 -24.307884 -4.472282 -21.251984 0.851355 13.199203 2.544855 -10.549549 -16.480221 -3.520410 14.420251 -3.759656 -6.021207 17.873327 -3.562358 -11.082745 -27.503019 -3.169283 -19.919502 7.232749 19.515863 -28.003624 9.108707 37.653954 -5.782273 -13.135851 3.565993
-16.680077 0.872659 -21.807663 6.698927 -24.307438 -4.471102 -21.252869 0.849156 13.198707 2.542994 -10.547771 -16.479832 -3.522810 14.417801 -3.758167 -6.020648 17.871414 -3.562686 -11.084030 -27.503393 -3.170266 -19.916445 7.233133 19.514242 -28.001705 9.108012 37.654819 -5.779287 -13.135569 3.569780
-16.629078 0.903118 -21.788694 6.654057 -24.301344 -4.456221 -21.268593 0.811748 13.201495 2.498767 -10.531557 -16.476286 -3.548662 14.389068 -3.738676 -6.013619 17.852114 -3.570002 -11.095322 -27.502413 -3.179515 -19.905186 7.238006 19.492708 -27.982880 9.102354 37.657349 -5.759821 -13.133296 3.592837
-16.629078 0.903118 -21.788694 6.654057 -24.301344 -4.456221 -21.268593 0.811748 13.201495 2.498767 -10.531702 -16.476341 -3.548749 14.389131 -3.738467 -6.013562 17.852003 -3.570084 -11.095175 -27.502449 -3.179962 -19.904690 7.238377 19.492121 -27.982456 9.101974 37.657726 -5.759341 -13.132922 3.594146
-16.633669 0.900369 -21.791018 6.658885 -24.301996 -4.458014 -21.267338 0.815149 13.202453 2.500937 -10.531067 -16.477314 -3.547453 14.390344 -3.738067 -6.013799 17.852280 -3.570726 -11.094043 -27.503073 -3.178262 -19.909792 7.237647 19.493105 -27.984591 9.102424 37.656002 -5.763875 -13.133119 3.589667
