17.649569 -3.396834 4.776199 -4.440857 -4.011590 -14.289049 -2.273015 3.259475 18.717482 7.202631 -11.738380 2.900089 14.258576 -10.763139 14.366548 -2.226355 -1.342597 19.638016 -7.163590 -6.455041 -3.313770 -6.129455 23.698881 6.630419 -13.303766 -24.324017 -3.382141 8.571363 31.086035 -1.329065
17.628723 -3.381736 4.671873 -4.536168 -3.938352 -14.339185 -2.174817 3.378568 18.801855 7.198021 -11.555506 2.714900 14.326365 -10.783216 14.252719 -2.208627 -1.411240 19.823446 -7.205185 -6.505657 -3.344753 -6.137466 23.830839 6.692411 -13.214809 -24.315788 -3.410761 8.621659 31.072472 -1.366377
17.633757 -3.417502 4.478185 -4.710162 -3.729574 -14.393680 -2.053264 3.470887 18.947416 7.297667 -11.328196 2.445131 14.379701 -10.773299 14.062890 -2.150832 -1.543735 20.071589 -7.274107 -6.618300 -3.395923 -6.367826 23.975334 7.000747 -13.031054 -24.383354 -3.576946 8.809809 30.929617 -1.524366
17.464794 -3.371048 4.122180 -5.230617 -3.468378 -14.504362 -1.912605 3.720800 19.056953 7.354320 -10.989307 1.970734 14.583930 -10.899446 13.777394 -1.972877 -1.619707 20.305840 -7.362830 -6.662458 -3.290017 -6.804182 24.466345 6.777233 -12.702940 -24.185783 -3.620699 8.794574 30.834280 -1.838484
17.293955 -3.361549 3.938441 -5.776448 -3.203193 -14.584929 -1.769549 3.874083 19.210312 7.268388 -10.556267 1.648939 14.651139 -10.851337 13.604459 -1.993517 -1.693521 20.521795 -7.426992 -6.713107 -3.320881 -7.704805 24.787474 6.482169 -12.279258 -24.058886 -3.832495 8.769411 30.345140 -2.221627
17.306349 -3.205667 3.814304 -6.169878 -2.968928 -14.685246 -1.421010 4.203924 19.310165 7.405332 -10.069819 1.193388 14.797457 -11.049369 13.406337 -2.061923 -1.720568 20.605917 -7.485743 -6.629513 -3.082458 -8.210315 25.067083 6.394251 -11.818649 -23.824711 -3.874752 8.979492 29.946280 -2.643253
17.244902 -3.073612 3.687869 -6.181413 -2.805971 -14.593344 -1.007088 4.413007 19.508598 7.513436 -9.519096 0.260282 15.261622 -11.341044 13.042439 -1.913749 -1.838115 20.702679 -7.416973 -6.521218 -3.027859 -8.497474 25.229605 6.340125 -11.445965 -23.743322 -4.037928 9.350117 29.604095 -3.117433
16.939499 -2.850555 3.605294 -6.653561 -2.585424 -14.546360 -0.674942 4.633780 19.579319 7.494202 -9.015226 -0.458231 15.534260 -11.441453 12.750179 -1.644310 -1.825871 20.755972 -7.337583 -6.547122 -3.059017 -8.931209 25.469372 6.050836 -11.101137 -23.460495 -4.011147 9.618110 29.308250 -3.584224
16.658215 -2.590963 3.546339 -7.209785 -2.332213 -14.591673 -0.302080 4.949181 19.594931 7.531156 -8.390337 -0.941188 15.728413 -11.476311 12.525695 -1.544520 -1.719849 20.904619 -7.419328 -6.524273 -3.018192 -9.123462 25.841349 5.924169 -10.827272 -23.008293 -3.874026 9.875498 28.937469 -4.228161
16.268135 -2.576004 3.407732 -7.643338 -2.076103 -14.579703 0.056026 5.219344 19.809141 7.404826 -7.811242 -1.637259 16.013130 -11.609852 12.249124 -1.326449 -1.866486 21.151785 -7.453579 -6.613117 -2.816817 -9.110703 26.149654 5.898873 -10.490648 -22.720119 -3.747463 10.203841 28.537012 -4.692428
15.637273 -2.443722 3.241904 -8.043743 -1.911207 -14.512472 0.509862 5.627070 20.015383 7.147043 -7.393116 -2.074019 16.139454 -11.593688 12.106441 -0.953200 -1.868960 21.067753 -7.392140 -6.638272 -2.578007 -9.673099 26.622427 5.353727 -9.967517 -22.135326 -3.479723 10.318576 27.579239 -5.225563
15.471310 -2.326987 2.979136 -8.259884 -1.766327 -14.682216 0.775614 5.999941 20.137043 6.999405 -6.942920 -2.882506 16.364399 -11.660089 12.097568 -0.548729 -2.084648 21.107885 -7.217799 -6.555028 -2.517394 -9.953511 26.400879 5.080218 -9.676097 -21.687574 -3.237872 10.753603 27.081785 -5.756944
14.873045 -2.244038 3.122716 -8.612528 -1.603440 -14.464535 1.230770 6.207442 20.251759 6.908131 -6.552630 -3.611076 16.452068 -11.720411 12.091382 -0.230564 -2.293614 21.137510 -7.109084 -6.471723 -2.308825 -9.840892 26.700541 4.980469 -9.477654 -21.450075 -2.990708 10.877342 26.688482 -5.992324
14.522007 -2.096166 3.384557 -8.753114 -1.492015 -14.273573 1.678687 6.364372 20.341764 6.910261 -6.130136 -4.144230 16.366306 -11.876060 12.046569 0.195465 -2.292684 20.889980 -7.108112 -6.451944 -2.161872 -9.936848 27.315668 4.536497 -9.202175 -20.958721 -2.739344 10.837952 26.042543 -6.503303
14.017848 -2.109607 3.521176 -8.965721 -1.306784 -13.975449 2.136927 6.452022 20.671150 6.570545 -5.634807 -4.465208 16.742371 -12.124384 11.984250 0.494112 -2.290596 20.680689 -7.172410 -6.224546 -2.068267 -9.963650 27.705853 4.303388 -8.947502 -20.588730 -2.545780 10.919300 25.671942 -6.835275
13.469213 -2.275530 3.384717 -9.229195 -1.125804 -13.831007 2.425390 6.599433 21.050072 6.117417 -5.223037 -4.630134 17.072449 -12.304247 11.928872 0.848119 -2.242944 20.461628 -7.242623 -5.982408 -1.899879 -9.862708 28.174135 4.173004 -8.714810 -20.223536 -2.369282 10.910632 24.976280 -7.162321
12.927448 -2.197009 3.493947 -9.380164 -1.023506 -13.587956 2.883279 6.794116 21.278406 5.860044 -5.052650 -4.734959 17.089849 -12.324842 11.806194 0.991641 -2.099995 20.303322 -7.290645 -5.957082 -1.797180 -9.944838 28.331678 3.918429 -8.566246 -19.995438 -2.229365 10.966547 24.495129 -7.378877
12.499774 -2.144987 3.469959 -9.567356 -0.977802 -13.530787 3.149672 7.023071 21.441771 5.534789 -4.850070 -5.023104 17.171070 -12.413546 11.696941 1.068420 -2.024804 20.178232 -7.300622 -5.865142 -1.717418 -10.307442 28.446072 3.413976 -8.488628 -19.780334 -2.134932 10.866486 24.146349 -7.612112
12.316223 -2.154372 3.444589 -9.699106 -0.907762 -13.486382 3.315084 7.127449 21.597239 5.326351 -4.664280 -5.179825 17.231983 -12.466401 11.549314 1.144695 -1.882964 20.075016 -7.328696 -5.817661 -1.590377 -10.444420 28.506784 3.274937 -8.392769 -19.638105 -2.080285 10.878155 23.833132 -7.788544
12.273854 -2.107298 3.457280 -9.681835 -0.911354 -13.447844 3.383023 7.154837 21.622364 5.288569 -4.573694 -5.346046 17.359201 -12.524766 11.470788 1.252858 -1.901536 20.069643 -7.360424 -5.745502 -1.582718 -10.483750 28.587641 3.189705 -8.376483 -19.570845 -2.046048 10.853510 23.845480 -7.833524
12.235693 -1.843814 3.612332 -9.599613 -0.964781 -13.345901 3.588646 7.246004 21.548515 5.370953 -4.636162 -5.521797 17.316439 -12.536202 11.368103 1.342500 -1.954870 20.137615 -7.409785 -5.689705 -1.222810 -10.187754 28.677713 3.426983 -8.265271 -19.503826 -1.859002 10.939211 23.456753 -7.789451
11.747425 -1.324794 4.123804 -9.620156 -0.890441 -12.840395 4.522692 7.541872 21.774099 5.102258 -4.499184 -6.227204 17.580626 -12.850552 10.960118 1.613231 -1.790521 19.963316 -7.512090 -5.457086 -0.802505 -9.699557 29.162310 3.974967 -7.960829 -19.299160 -1.522927 11.130499 22.927685 -7.784540
11.441150 -0.338925 4.992640 -9.309497 -0.990491 -12.029981 5.695372 7.777150 21.763161 5.294049 -4.804096 -7.066054 17.499556 -13.268595 10.276376 2.359624 -1.867934 19.637247 -7.856897 -5.583975 -0.262004 -8.312514 30.124668 5.314747 -7.377935 -18.842545 -0.879743 11.614697 22.021898 -7.688597
10.600354 0.804696 6.474177 -8.714230 -1.246238 -10.728916 7.438232 7.948401 22.085108 5.233656 -5.430470 -8.406190 17.890993 -13.892891 9.033774 3.240551 -1.586584 18.666750 -8.483575 -5.598118 0.974303 -6.611634 31.498842 7.288949 -6.643561 -18.068073 0.240725 12.059462 19.880201 -7.603333
10.448956 2.209990 7.621552 -7.019987 -1.778260 -9.101850 8.855844 7.641647 22.313112 5.880000 -6.956729 -9.297399 17.388470 -13.786644 8.258374 4.058677 -1.808937 17.215384 -8.844792 -6.492875 2.251744 -3.469274 33.527122 9.652311 -5.722074 -17.048752 1.328531 12.951801 17.842489 -7.903709
9.324021 4.289186 9.394755 -4.972615 -2.976787 -6.977559 10.189474 7.132864 22.235615 6.259206 -9.158855 -10.932728 16.590019 -13.505526 8.099257 5.388478 -2.865928 14.454206 -9.166561 -7.216548 3.591735 0.943350 36.305046 12.206470 -4.238134 -15.329531 2.387344 14.328379 13.517941 -8.630070
7.733575 6.823518 9.986525 -2.402134 -4.598313 -4.400843 11.120530 6.512561 22.159594 6.658884 -11.599652 -13.499454 16.022503 -12.755033 7.389768 7.245207 -3.036317 11.865466 -8.945534 -7.841086 6.033366 3.018657 37.891697 15.295877 -2.848670 -13.295132 4.207269 15.224589 7.585614 -8.738496
5.620555 9.088844 9.638977 0.458550 -6.843222 -2.325805 10.850080 6.146914 20.948582 8.633948 -15.663010 -17.210060 16.096224 -10.033694 5.736094 8.748640 -1.752959 8.775110 -7.610743 -7.997130 9.046401 4.791090 37.623337 19.832056 -2.407231 -11.945463 6.318383 16.124664 1.633485 -8.363872
2.613556 10.718889 8.447416 3.694575 -9.397530 -0.476353 9.899531 5.859244 19.685804 11.152597 -17.525103 -20.167912 15.708241 -8.874338 3.032007 10.033789 0.208751 6.347953 -8.588571 -7.609060 11.254498 4.512578 35.421486 24.897795 -3.272771 -11.359864 8.628202 16.244696 -4.545897 -7.457395
0.917391 12.933041 7.099278 5.838709 -11.765417 1.178000 8.591433 5.357798 18.102213 13.180934 -19.427710 -22.602642 13.957669 -7.782715 1.024349 9.840533 2.419264 4.257389 -9.438911 -7.836788 12.976207 2.105489 31.745226 26.840708 -3.210787 -11.414989 10.475657 17.140446 -10.065127 -5.776017
-1.207376 14.547964 5.242744 8.313351 -13.878813 2.275584 7.668643 5.608047 16.656025 15.665338 -21.332582 -24.543354 11.625257 -5.552550 -0.043184 8.997157 4.647526 2.131474 -9.771529 -7.768811 13.332832 0.580367 28.196058 27.244722 -2.185666 -13.070890 11.626805 19.131353 -15.284667 -2.768781
-1.878239 16.241133 3.468912 9.719334 -15.875288 3.158384 5.666605 4.779714 14.985602 17.971493 -22.628157 -26.955956 8.238191 -3.770497 -0.088182 7.571741 6.045983 1.051256 -9.584623 -8.702894 15.516605 -1.701765 22.284168 26.530436 -1.484479 -14.329978 13.124280 21.747030 -18.527790 -0.360997
-2.715902 18.992899 2.322999 9.418431 -17.676210 3.901305 4.424212 4.420925 13.253695 19.112877 -23.647314 -28.268345 4.156762 -2.524686 0.470478 5.695072 7.501715 1.025031 -9.246702 -8.794664 16.644770 -4.554617 16.801321 25.402609 -1.459367 -15.750472 13.325367 23.087147 -21.296125 0.810152
-3.367341 21.843596 0.879283 8.466033 -18.971685 4.502334 3.332760 4.295075 11.293863 20.331636 -24.612766 -29.387615 0.684078 -1.668542 1.136291 3.819724 9.108850 0.942829 -9.325537 -8.198786 17.280115 -7.588782 11.923511 23.902288 -0.814647 -17.464676 13.404131 24.824808 -22.846975 2.922232
-6.025569 24.021170 -1.811632 7.299086 -20.382227 5.075527 1.775543 4.380761 10.020271 20.069988 -24.283251 -30.107254 -0.865307 0.610551 1.740825 1.200835 10.653714 0.155538 -11.181294 -5.517624 17.888901 -9.560728 6.822832 21.164015 -0.106337 -15.595402 16.195934 27.776134 -22.599499 4.358293
-8.272376 25.617693 -4.389677 5.321586 -21.129499 5.691103 0.350127 4.236094 9.194036 19.359035 -22.808283 -30.453308 -1.280765 2.560122 2.869601 -0.734414 11.841187 -0.701740 -13.417780 -1.705731 17.887808 -11.867764 2.477830 18.981157 0.061587 -14.725312 18.177938 29.403790 -23.015192 6.137803
-11.317712 26.205425 -7.041895 3.551437 -20.694799 6.738454 0.319883 4.356504 9.392031 19.291782 -20.501211 -30.413654 -1.670181 4.403690 4.457142 -1.793762 11.983066 -1.492977 -15.619670 1.498426 16.867289 -12.691358 -2.438088 17.351336 -0.662563 -12.917294 20.519821 31.127464 -23.888468 7.022021
-13.962488 25.941263 -9.231739 2.653965 -19.866241 7.633716 0.662437 4.387066 10.092557 19.058220 -18.816477 -30.372454 -1.954857 5.889291 5.723736 -2.466815 11.937366 -2.245251 -17.307487 3.980788 15.952787 -13.113710 -6.438168 15.904713 -1.332952 -11.531428 22.360889 32.720810 -23.910978 7.705238
-15.475308 25.535765 -10.763945 1.858767 -19.070572 8.297728 0.942129 4.261129 10.836680 18.931610 -17.658583 -30.474947 -2.112303 6.901996 6.417796 -2.907874 12.021373 -2.273501 -18.141253 5.202454 15.524306 -13.923776 -8.267294 14.728016 -1.527143 -11.102479 22.799913 33.263271 -23.479898 7.905369
-16.246859 25.417715 -11.347342 1.623547 -18.894464 8.505604 0.996678 4.270004 11.066949 18.873066 -17.444820 -30.361546 -2.112984 7.031067 6.629837 -2.995595 11.989894 -2.431527 -18.205599 5.586805 15.609607 -13.990493 -9.027013 14.003819 -1.536746 -10.912825 22.940136 33.608353 -23.180094 7.831664
-16.110468 25.411051 -11.135118 1.763063 -18.981222 8.393909 1.039626 4.363801 11.030563 18.903522 -17.467621 -30.417089 -2.081978 7.069514 6.585479 -2.944185 12.030437 -2.466701 -18.171417 5.501313 15.518475 -13.840606 -8.683619 14.108145 -1.492735 -10.878607 22.950581 33.495068 -23.296431 7.892770
-15.625626 25.506559 -10.883581 1.833051 -19.058718 8.286973 0.947100 4.300286 10.893273 18.770298 -17.524889 -30.534763 -2.126338 6.908082 6.603355 -2.884009 11.950211 -2.441479 -18.034931 5.177512 15.480348 -13.799758 -8.252875 14.336912 -1.320988 -11.062109 22.806675 33.489548 -23.509655 8.051121
-14.839493 25.585732 -10.194611 2.438547 -19.436800 8.011535 0.766371 4.240539 10.559122 18.822624 -17.988619 -30.756542 -1.979064 6.867832 6.346186 -2.785869 11.896376 -2.373787 -17.494970 4.416320 15.366027 -13.395749 -7.514266 14.585886 -1.073672 -11.024920 22.881123 33.606178 -23.598400 8.202942
-13.997185 25.860659 -9.554258 3.008687 -19.932764 7.723041 0.574675 4.295976 10.124268 19.059847 -18.675053 -30.984200 -1.661799 6.409292 5.965717 -2.701677 12.043479 -2.632735 -16.712400 3.525518 15.453883 -13.191890 -6.169829 14.933247 -0.454907 -11.405003 22.573101 33.643265 -23.925478 8.614524
-13.125751 25.924561 -8.795026 3.733442 -20.344694 7.327204 0.527754 4.416095 9.915964 19.129824 -18.850485 -30.930248 -1.841350 6.092357 5.976048 -2.261477 11.852851 -2.746365 -16.326429 2.758514 15.746311 -12.943976 -4.249138 14.743925 0.475947 -11.829179 22.051632 33.547112 -23.950861 9.045959
-12.569536 25.762796 -8.215731 4.493411 -20.736399 6.908904 0.445567 4.636061 9.620288 19.628656 -19.180603 -31.158863 -1.929667 5.463537 5.908352 -1.868813 11.589177 -2.643746 -15.275812 1.430855 16.051811 -12.488370 -2.672431 14.464943 1.180752 -12.582477 21.384861 33.568283 -24.293209 9.259756
-11.810101 25.584248 -7.496971 5.383754 -21.191069 6.290652 0.366578 4.931955 9.442164 19.711342 -19.825823 -31.336140 -1.885072 4.505488 5.350333 -1.406611 11.623906 -2.765194 -14.582159 0.202876 15.769738 -11.888223 -0.502465 14.561497 1.847463 -13.119643 20.761599 33.274498 -23.502483 9.945055
-11.415253 25.399076 -7.197295 5.865292 -21.377630 5.865194 0.253870 5.084929 9.512064 19.568069 -20.385143 -31.474358 -1.590394 4.206977 5.074238 -1.228036 11.502760 -2.305107 -13.688147 -0.687544 15.505737 -11.347791 0.957233 14.198360 2.488955 -13.989795 20.065964 33.429306 -23.180525 10.568623
-10.994717 24.784300 -6.371817 6.856027 -21.543417 5.223139 0.495065 5.546378 9.413644 19.845280 -20.691586 -31.806473 -1.268822 3.940972 4.887792 -1.053061 11.607738 -2.317037 -12.735986 -1.626113 15.155742 -11.022666 2.364077 14.219398 2.944379 -14.585205 19.600822 33.326935 -22.672630 11.134175
-10.349688 24.676920 -5.689067 7.385431 -21.525839 5.078268 0.832396 5.588044 9.523766 19.750599 -21.013515 -32.006432 -0.875453 3.596434 4.156476 -0.978193 12.056023 -2.328986 -11.641804 -2.871224 15.363530 -10.346498 3.747706 14.487734 3.403743 -15.506777 18.848579 33.284691 -22.038401 11.444662
-10.199148 24.157740 -5.320295 8.045522 -21.503719 4.831696 1.074250 5.787313 9.716290 19.870304 -21.300329 -32.026539 -0.675857 3.487906 3.785343 -0.529362 12.017691 -2.284285 -10.911737 -3.969980 16.062885 -10.026711 5.223561 14.307026 4.202645 -16.557911 18.251005 33.328800 -21.896252 12.389069
-10.591322 23.593115 -5.317648 8.570332 -21.501871 4.362399 1.327143 6.374499 9.812602 20.099041 -21.566944 -32.214809 -0.095546 3.380124 3.272620 -0.251624 12.192473 -2.088198 -10.456806 -4.468960 15.819266 -9.315745 5.886138 14.124779 4.586287 -17.119661 17.897617 33.561737 -21.699348 13.140331
-10.397358 23.088219 -5.108642 9.142608 -21.339483 4.001200 1.680418 6.711471 10.155080 20.103889 -21.926947 -32.068424 0.301621 3.139735 2.707126 -0.072692 12.347320 -1.882904 -9.814206 -5.256501 15.433105 -8.889634 6.954268 13.305488 5.478298 -17.703983 17.465771 34.039673 -21.596706 14.123285
-10.312670 22.800928 -4.805669 9.650519 -21.172945 3.926435 2.023964 6.756133 10.420912 19.996235 -22.099756 -32.135731 0.483249 3.130702 2.617855 0.126766 12.351241 -1.841733 -9.420383 -5.636136 15.296457 -9.040837 7.967055 12.188979 6.490536 -18.515640 17.150576 34.538445 -21.611723 15.332022
-10.420328 22.671080 -4.755733 10.247864 -21.108742 3.936530 2.282856 6.785997 10.698548 19.976685 -22.326351 -32.117382 0.620092 3.099805 2.420565 0.102720 12.294785 -1.781832 -9.100666 -6.342443 14.843928 -8.488626 8.419647 11.985832 6.821535 -18.999573 16.937492 34.798981 -21.618181 16.058710
-10.415895 22.459593 -4.664480 10.798913 -21.023096 3.757725 2.601876 6.982126 10.969585 19.843674 -22.361834 -32.026024 0.566348 2.935983 2.390163 0.133290 12.241673 -1.811946 -8.793073 -6.815682 14.228979 -8.241189 9.375090 10.687779 7.617914 -19.391449 16.921371 35.402481 -21.532690 17.106812
-10.223000 22.444643 -4.480167 11.066628 -21.000103 3.795603 2.700594 6.847523 11.084614 19.673443 -22.437696 -32.135258 0.598890 2.915746 2.369774 0.179151 12.175770 -1.867823 -8.695842 -7.095681 13.732551 -8.145927 10.063108 9.696325 8.172448 -19.701977 16.934219 35.799362 -21.641882 17.914289
-10.283963 22.339684 -4.516272 11.388628 -20.939924 3.759844 2.885017 6.932125 11.276451 19.604225 -22.577967 -32.221626 0.710516 2.938256 2.446680 0.160248 12.043182 -1.823978 -8.457102 -7.296315 13.505859 -7.980705 10.398413 9.508581 8.273953 -19.715370 16.894547 35.748840 -21.546700 18.106993
-10.244864 22.229797 -4.611538 11.575145 -20.865953 3.782466 2.917336 6.864018 11.443901 19.511393 -22.592743 -32.234867 0.642248 2.817660 2.507944 0.270815 11.955447 -1.909232 -8.326526 -7.564302 13.640078 -7.918445 10.560510 9.594824 8.291746 -19.887680 16.833755 35.686592 -21.401918 18.239079
-10.227686 22.217566 -4.599883 11.602975 -20.859913 3.776009 2.916233 6.847366 11.471097 19.448944 -22.595793 -32.242851 0.680057 2.783280 2.487948 0.250929 11.941566 -1.871009 -8.273673 -7.599087 13.646489 -7.859374 10.502539 9.746399 8.202547 -19.892670 16.802528 35.628304 -21.314365 18.160648
-9.964771 22.129433 -4.380758 11.541182 -20.776167 3.655825 3.071177 6.980237 11.487884 19.578066 -22.671438 -32.401466 0.836169 2.569315 2.408912 0.437675 11.826741 -1.746725 -8.060784 -7.784539 13.769170 -7.596569 10.762933 9.888953 8.268123 -19.924934 16.607281 35.619270 -21.191813 17.935345
-9.334165 21.843668 -3.910838 11.499849 -20.581125 3.600188 3.173310 6.863825 11.479515 19.739050 -23.069304 -32.278076 1.019918 2.152534 2.183614 0.633716 11.750449 -1.479540 -7.752451 -8.077420 14.028214 -6.871712 11.392481 10.251260 8.447372 -20.412357 15.852195 35.679153 -20.823679 17.572809
-8.317677 21.409254 -2.983544 11.769045 -20.217524 3.337215 3.765650 7.028492 11.700670 19.997257 -23.485678 -32.221310 1.544040 1.614739 1.791741 1.102788 11.557044 -0.819347 -7.210688 -8.545131 13.690518 -5.916092 11.894835 11.636143 7.941642 -21.050220 14.829005 35.245335 -21.046192 16.677149
-7.494390 20.809898 -2.065879 11.447018 -19.579191 3.201463 4.286880 6.993704 12.015472 19.954342 -23.949411 -31.939062 1.829245 0.716763 1.543686 2.046450 10.901885 -0.272282 -6.821691 -9.351310 13.873636 -4.977252 12.454030 13.955446 7.259067 -21.562662 13.740623 34.572399 -20.504541 15.242882
-6.917484 20.125242 -1.232795 11.590855 -19.050508 2.915088 5.141883 7.315368 12.670134 19.626556 -24.077143 -31.966782 3.066421 0.464148 1.589493 2.875476 9.771441 0.530828 -6.181714 -9.632775 12.830186 -3.605460 13.502956 15.637681 6.352230 -21.812328 12.530326 33.746544 -20.958050 13.423855
-5.097294 19.462641 -0.062579 11.244770 -17.914106 3.077810 6.113248 6.982001 13.430384 19.553642 -24.322100 -31.364704 4.150333 -0.037767 1.977217 3.628824 8.341733 0.874573 -6.505661 -9.295360 13.477730 -2.029876 13.671068 17.169662 5.489731 -20.788826 12.869104 33.542259 -20.511709 11.880203
-3.288318 18.902426 1.229239 11.011395 -16.881857 3.296504 7.029623 6.555504 14.161962 19.130028 -24.206488 -30.673641 5.336778 -0.851192 2.524364 4.196593 6.693940 1.053451 -6.640913 -9.056703 13.693475 -0.540502 14.244293 20.104204 3.990626 -20.225563 12.576480 32.769547 -19.071714 9.610600
-1.741404 18.313145 2.357846 11.428018 -16.065027 3.452286 7.987496 6.265242 15.005526 18.178143 -24.568100 -29.720675 6.940776 -1.804200 2.579786 5.231234 5.191250 1.666432 -6.599428 -8.698176 12.867049 0.374258 15.795053 21.447430 2.940368 -19.653118 11.820893 31.553593 -17.859163 7.492377
-0.564919 17.431681 3.508970 11.959376 -15.463316 2.769571 8.924102 6.853330 15.256035 18.163870 -24.831221 -28.329714 8.514691 -2.190774 2.788452 5.623364 3.741842 2.816073 -6.437416 -8.312850 12.605067 2.383846 16.611517 22.641756 2.023312 -19.110905 11.091540 31.511059 -15.940792 5.103380
1.454677 16.844458 4.831741 11.890861 -14.586932 2.095314 9.865446 7.110200 15.491131 17.778975 -24.549059 -26.893299 10.449253 -2.557076 3.250840 5.902503 2.679401 4.237378 -5.964914 -7.327484 11.900072 4.441999 17.905401 23.791422 1.519708 -18.872551 9.801509 31.826658 -13.145280 2.485472
3.459444 15.906349 5.884966 11.006736 -13.160192 1.011497 11.098948 7.686792 15.961000 17.559700 -24.453703 -25.352623 11.924426 -3.310344 4.424358 5.047990 0.901233 5.984023 -4.745851 -7.604201 10.677365 5.193662 19.487844 24.392675 1.090325 -17.977823 8.319860 31.525345 -9.614964 -0.864648
5.787243 14.408906 6.198237 9.804482 -11.238978 -1.033760 12.009286 8.643034 16.715933 17.146721 -23.674150 -23.931595 13.178527 -3.493162 6.419462 4.301956 -1.155615 7.742914 -3.077783 -8.031880 9.486590 7.518042 20.501345 24.735050 0.258811 -17.177635 6.731351 31.267559 -5.912654 -5.018715
8.006130 12.806112 6.090197 8.763451 -9.588226 -3.145578 11.991183 9.247177 16.821671 17.464817 -22.308744 -22.122402 14.582948 -3.558439 8.933737 2.302415 -3.066170 9.137887 -1.446310 -8.191769 7.524295 8.468151 20.024424 25.815504 -0.676461 -17.591408 5.221794 31.331793 -1.303410 -7.186828
10.446558 11.112073 6.070123 7.940903 -7.963596 -5.274492 11.791034 9.496639 16.942745 17.708513 -20.495819 -20.991724 15.671020 -4.559161 11.339633 0.218096 -5.318737 10.401355 -0.668689 -8.252396 5.928956 9.409696 20.632082 25.841795 -0.972729 -17.618065 3.521010 31.204567 3.817807 -9.119553
17.679337 11.506153 6.119451 0.512389 -5.707320 -7.599123 8.209350 6.868553 18.316847 10.208907 -16.565325 -15.644500 11.679269 -11.287758 11.284921 -2.126042 -7.076752 14.862979 -5.853763 -9.439554 1.701889 3.024082 30.434961 24.579298 -1.246601 -16.727365 2.114529 23.309639 16.519747 -6.389510
18.986494 8.727362 3.381775 -1.510561 -4.273860 -11.035019 6.298892 8.006541 18.831345 9.357154 -14.625774 -13.306706 12.327165 -11.138433 12.482512 -5.100337 -6.766642 16.440027 -5.261069 -10.059283 -1.719686 0.152871 29.914974 22.737608 -2.373825 -17.560339 -0.157815 22.105536 24.821114 -7.064552
18.634272 5.715922 1.760677 -4.631444 -2.917291 -13.692013 4.441243 8.740853 19.084236 8.216847 -11.033176 -11.073845 13.261724 -11.152587 12.582232 -7.190189 -5.576408 17.934626 -5.738769 -9.775029 -3.824832 -6.194607 29.589502 17.294775 -3.668685 -18.566029 -2.460534 19.280380 30.551168 -7.928469
18.168360 2.852407 0.123567 -7.293097 -1.412497 -15.927351 3.280333 9.540012 19.633211 7.023450 -7.404932 -9.235719 14.013419 -10.601584 12.607441 -8.918784 -3.658101 19.445524 -5.971303 -9.349559 -4.371613 -12.789289 28.397516 12.247600 -5.205849 -19.321346 -3.203376 16.110157 32.908592 -7.803925
17.972851 -0.012411 -1.378977 -8.219051 -0.443195 -17.695513 1.692166 9.598812 20.022665 6.833110 -4.961378 -7.460017 13.805240 -9.161598 12.375138 -9.827315 -1.491445 21.250063 -6.238163 -8.695308 -4.856553 -17.913076 26.309103 6.939769 -6.835175 -20.087049 -4.246337 13.040550 34.226250 -7.921739
17.784918 -3.581445 -1.609690 -11.792135 1.150098 -19.306902 -0.663675 8.702345 19.740831 6.874255 -1.212630 -5.229487 13.167853 -9.366859 12.585980 -10.683329 0.625154 22.529715 -7.521722 -8.180834 -5.362035 -20.881418 25.141460 1.360007 -7.823928 -20.571146 -5.045786 11.376677 33.586582 -8.579543
17.575497 -5.782448 -2.223411 -14.108375 1.870728 -19.550545 -3.448578 6.737432 19.177052 6.656151 1.892461 -3.027389 12.551017 -8.133318 12.981502 -11.403356 2.245527 21.763823 -8.275750 -7.958004 -5.579696 -22.985842 24.803595 -2.628945 -9.036892 -21.228920 -5.688299 8.922320 32.043564 -8.520273
15.424548 -8.010492 -2.335462 -15.974356 2.276093 -19.682877 -4.694108 5.894549 19.238119 6.250542 1.033048 -0.307882 11.856021 -6.619106 14.473069 -11.230517 1.653430 21.797047 -8.377150 -8.308521 -5.613910 -24.862276 23.932676 -5.793863 -10.539291 -22.082537 -6.239924 6.688865 30.481873 -8.318748
13.027767 -9.783463 -2.311708 -17.767513 2.206773 -20.138811 -6.137023 5.166027 18.924269 5.616185 -0.264803 1.528989 10.845738 -5.279617 15.560852 -9.807914 0.950059 21.093409 -7.109586 -9.742690 -6.259590 -23.660303 21.301638 -7.083267 -12.053892 -22.554985 -7.245625 6.348949 30.067675 -8.897569
11.354601 -11.454340 -2.962289 -19.816715 2.128041 -21.599037 -7.674739 5.299190 18.725477 4.118243 0.092999 2.776129 9.937322 -3.932947 16.346512 -9.246409 1.198726 20.365170 -6.191736 -11.700162 -5.559083 -19.798853 18.246391 -9.542702 -13.557132 -23.090050 -7.838087 7.014440 29.871264 -9.333521
10.121510 -12.450915 -3.145906 -19.811274 1.536134 -22.171396 -8.907042 4.767233 18.881895 2.326536 0.610665 3.606578 9.095843 -2.862019 16.782400 -8.732354 1.686278 20.157747 -5.719656 -12.931108 -3.188119 -14.908507 16.232569 -12.186245 -15.036554 -21.450401 -6.374521 7.645960 30.996658 -9.636485
10.000866 -13.192684 -2.974183 -19.058231 0.758399 -22.491934 -10.755220 3.464200 18.300783 2.035670 0.407300 4.483321 7.717112 -1.721365 17.235344 -8.586512 2.357203 19.429285 -5.241770 -13.816411 0.677362 -12.854959 14.147722 -16.027561 -16.041420 -18.619905 -3.910239 7.603137 32.039520 -9.822093
10.100657 -14.206303 -2.591101 -17.671347 0.119397 -22.277275 -12.441895 1.649158 17.736488 1.951015 -0.931491 5.529897 5.894978 -0.482772 18.215380 -8.033442 1.767367 19.437765 -4.569788 -15.335249 2.396862 -11.366780 11.499355 -18.973043 -17.571808 -18.067822 -3.410755 7.571645 33.028954 -10.306643
10.267706 -15.353229 -2.033428 -16.774563 -0.652545 -22.351395 -14.780547 -0.357324 16.781168 2.086196 -1.207821 6.920638 4.934220 0.248007 18.637760 -7.311827 2.093536 18.734339 -4.756636 -15.833480 4.205395 -9.297856 9.988801 -20.813414 -19.092861 -19.694794 -4.495591 6.935895 32.595451 -10.466525
9.752211 -16.851355 -2.223014 -16.172815 -0.532219 -21.776545 -15.843126 -1.896450 17.075907 1.839052 -1.054692 8.294419 3.754358 1.412089 18.944620 -6.258792 2.488465 18.002554 -4.932188 -16.913366 4.835592 -8.084459 10.519001 -22.886461 -19.987692 -22.286913 -6.757923 5.424131 29.954405 -10.801052
8.792133 -18.217922 -0.674237 -15.862280 -0.659095 -21.850197 -16.334173 -2.678409 17.237440 0.788484 0.187353 8.813731 3.183652 2.166383 18.665344 -4.934246 3.724636 16.946493 -4.579868 -17.837658 7.747529 -6.676165 11.319017 -24.054893 -19.545300 -24.160744 -8.352814 5.318668 26.589949 -11.746262
7.471027 -19.427774 1.655472 -15.463707 -0.726899 -21.195932 -16.544775 -3.889627 17.287592 0.268241 1.914168 9.421783 3.054683 2.809203 18.646610 -3.229828 4.514705 16.567759 -4.366820 -18.568110 11.085335 -4.399992 12.510515 -24.086779 -19.356113 -25.366806 -8.333530 4.761776 23.028902 -11.439259
5.642819 -20.169931 3.302728 -15.197062 -0.644394 -19.871233 -16.380596 -5.072226 17.659792 -0.064258 3.105259 10.220174 2.650224 3.780780 18.676811 -0.586563 5.268992 15.675040 -4.167540 -19.070349 13.069982 -3.591319 14.156896 -23.379721 -19.098492 -25.610506 -7.598824 3.436930 19.899620 -10.520734
4.069203 -20.806440 4.084542 -15.475679 -0.379587 -18.766428 -16.284622 -5.973047 18.188175 -0.280783 4.481444 10.365387 2.162648 4.442204 18.578960 0.652903 6.206509 14.794751 -3.908377 -19.503296 13.748509 -2.664046 15.410934 -22.097956 -18.986557 -24.847553 -6.234559 2.442820 17.348158 -9.873491
2.215837 -21.343855 4.986309 -15.941916 -0.238058 -17.893892 -16.218658 -6.616033 18.554762 -0.735530 5.097440 10.793153 1.454780 5.296443 18.593906 2.100218 6.851200 14.039907 -3.934953 -19.683722 14.487549 -2.112018 16.726799 -20.867994 -18.616186 -24.891363 -5.661257 1.648331 15.768411 -9.096395
1.374673 -21.598219 5.473305 -15.965767 -0.294502 -17.285757 -16.436668 -7.204248 18.632677 -0.744097 4.805763 11.265969 1.186819 5.637426 18.571074 3.393085 6.875517 14.025702 -4.080903 -19.537594 14.497279 -0.222783 18.840160 -19.779276 -18.856270 -25.304081 -5.544343 0.093302 13.152859 -8.413099
0.847652 -21.431377 5.879126 -15.262354 -0.639339 -16.155127 -16.822868 -8.259552 18.506319 -0.154444 5.431691 11.366948 1.192856 5.865485 18.304829 4.337609 7.465871 13.416602 -4.428593 -19.318686 14.384086 2.073434 20.799625 -18.713472 -19.240952 -26.281450 -5.919609 -1.180168 10.504429 -8.055119
-0.348845 -21.340113 6.631011 -14.301929 -1.457685 -14.926960 -17.733887 -9.695184 18.053690 0.337864 6.249427 11.134467 1.215335 5.754922 17.950954 4.593208 8.289390 12.968175 -4.548162 -19.195301 14.047286 3.243812 21.712206 -17.761425 -19.536074 -26.918617 -5.891077 -1.922328 9.035966 -7.406973
-0.962903 -21.258526 6.909470 -14.066879 -1.702927 -14.390454 -17.921139 -10.168164 18.009104 0.443937 7.164105 10.992259 0.801393 6.057672 17.530870 5.007922 9.729723 11.660659 -4.805153 -19.156839 13.889819 4.369279 22.013361 -16.642410 -19.699415 -27.683046 -5.931399 -2.014147 8.062898 -6.862513
-1.211036 -21.115597 7.276775 -13.825766 -1.772980 -13.953049 -17.790739 -10.414481 17.997246 0.677660 7.709280 10.830851 0.673120 6.112504 17.360889 5.050586 10.392325 11.172107 -4.850981 -19.132864 14.222780 4.708060 21.663717 -15.977936 -19.681698 -28.188435 -5.851799 -1.786063 7.575617 -6.437110
-1.426047 -21.111254 7.333640 -13.830254 -1.823816 -13.883438 -17.850634 -10.479757 17.973543 0.639485 7.842596 10.791011 0.632044 6.148373 17.337002 5.065567 10.576394 11.021377 -4.888640 -19.083574 14.167293 4.768336 21.658539 -15.707184 -19.720011 -28.482635 -5.926797 -1.819861 7.431398 -6.265627
