-2.283736 20.536705 -7.336662 -5.176762 -14.549442 -15.660589 4.625953 24.357754 7.949754 15.061468 -17.364557 -28.439137 10.968437 -9.747910 1.616124 -19.061852 13.864390 9.638156 -4.904861 -1.290450 -10.842677 -20.455437 -0.659006 18.100521 -4.622192 0.789273 12.181568 34.083923 -1.913431 -23.249136
-2.141124 20.401625 -7.288630 -5.208807 -14.599691 -15.597604 4.359032 23.986996 8.246175 14.293686 -17.121141 -28.423689 10.793549 -9.852813 1.597166 -19.070688 14.001147 9.554323 -4.962115 -1.566871 -10.480597 -20.736689 -0.439746 18.225401 -5.048411 1.146526 12.246860 33.320515 -2.298024 -23.895140
-2.180159 20.197227 -7.227863 -5.153656 -14.734029 -15.442184 4.073367 23.549458 8.667105 13.347460 -16.147722 -28.393478 11.586109 -9.823298 1.675396 -18.588865 14.056941 9.229431 -4.967013 -1.517093 -9.279456 -21.473421 0.009194 18.957197 -6.712438 2.207333 12.363864 30.847363 -2.820019 -25.808847
-3.026032 19.356548 -7.163670 -5.383121 -14.806799 -15.398535 3.756829 23.271721 9.233114 12.158389 -15.122743 -28.427944 12.095660 -9.742530 1.355685 -18.000902 14.497363 8.924678 -4.957115 -1.786437 -7.741099 -21.940096 1.365330 18.842823 -7.977746 3.435370 12.514749 28.536160 -3.562917 -27.945694
-4.091131 18.385632 -7.094319 -5.169001 -14.738935 -15.361158 3.908764 23.223217 10.177965 10.736181 -13.815107 -28.285492 12.822831 -9.905567 1.056035 -17.465387 15.162076 8.023064 -5.521037 -1.569446 -6.585646 -22.186281 2.667045 18.829937 -9.052263 3.995343 12.771223 26.435295 -4.301046 -28.997343
-5.732173 17.182678 -7.230180 -4.920778 -14.776476 -15.327648 3.957811 23.238815 11.287626 8.904808 -12.417299 -28.238724 13.849605 -9.851667 0.659672 -16.844658 16.026279 7.063450 -5.882999 -1.369880 -5.588291 -23.938257 3.273116 19.286806 -11.037359 4.680315 12.921355 23.423370 -4.621234 -30.688362
-7.479957 16.302652 -7.449867 -5.527472 -14.766478 -14.946727 3.968256 23.194872 12.097813 7.556760 -11.393921 -28.410681 14.570315 -9.876190 -0.011474 -16.000963 16.798870 6.206262 -6.291767 -1.326648 -4.585528 -24.290319 4.026703 18.793161 -11.737215 5.108632 13.241506 21.766663 -5.864274 -31.238575
-8.912672 15.596182 -7.700586 -5.555127 -14.773949 -14.614305 4.239828 23.254108 13.080982 6.270298 -10.563636 -28.553032 15.475596 -9.902587 -0.725878 -15.458453 17.515543 5.422177 -6.703931 -1.211109 -3.832475 -23.731432 5.280301 18.124186 -12.098386 5.406222 13.629104 20.505867 -6.745905 -31.193377
-9.855133 15.423162 -7.346019 -5.352082 -14.980989 -14.028285 4.433393 23.037804 13.329346 5.963195 -10.408391 -28.677311 16.004276 -9.566583 -1.119802 -14.922703 17.989420 4.721139 -6.954185 -1.113857 -3.323849 -23.247160 5.886811 18.026896 -12.289391 5.473959 13.946744 19.904716 -7.546556 -30.988468
-10.687832 15.333904 -7.163235 -5.444118 -15.103408 -13.672661 4.535080 22.938951 13.514946 5.570626 -10.276989 -28.860117 16.200832 -9.483072 -1.367509 -14.843785 18.293558 4.507248 -7.056282 -1.079049 -3.016254 -22.989525 5.882029 17.971016 -12.468993 5.469501 14.205597 19.676992 -7.998649 -30.821096
-10.643790 15.325330 -6.848257 -5.456964 -15.075986 -13.508566 4.745505 22.896688 13.567261 5.707698 -10.355716 -28.896793 16.371990 -9.656960 -1.407597 -14.573493 18.079443 4.438518 -7.091344 -1.102081 -2.970140 -22.574760 6.145617 18.058729 -12.490490 5.541248 14.233127 19.650768 -7.924671 -30.864967
-9.951601 15.196989 -3.509965 -4.519930 -14.941538 -12.205442 6.324006 22.060284 13.606913 7.019642 -11.472376 -28.376589 17.646250 -10.567602 -1.323231 -12.368610 16.283186 4.091963 -6.897466 -1.087194 -3.168806 -19.161852 8.696602 18.757124 -12.416019 6.421288 14.531936 19.354647 -7.909046 -31.101297
-8.016882 14.663353 2.470409 -2.898381 -14.502012 -10.311933 8.559978 20.277384 12.942549 10.130729 -14.657545 -27.107622 19.990967 -11.667374 -1.220832 -8.782794 13.174729 4.228982 -6.794015 -0.796565 -3.724601 -9.731539 13.705431 19.164476 -10.345854 7.493920 16.151768 21.945951 -9.359531 -29.053656
-5.697143 13.677181 7.540496 -0.678205 -14.301714 -9.140332 9.777095 18.150909 12.960474 12.073256 -18.569881 -24.295078 21.081425 -11.256520 -0.358733 -4.705600 10.869604 3.144143 -6.515944 -1.721813 -5.574959 -0.040024 18.321829 18.071993 -7.741348 5.581418 17.142702 24.466904 -8.981080 -22.009436
-3.337680 14.059217 12.494216 3.331881 -15.248626 -6.713503 8.973601 13.193536 13.385377 10.550337 -21.647346 -20.493834 19.798115 -11.523732 0.489671 0.430061 9.691860 0.969986 -7.431968 -2.320691 -5.017238 7.704541 22.542826 19.789154 -8.122925 4.185663 18.958080 22.941017 -8.449115 -15.421731
2.036136 16.987120 16.625523 3.193376 -15.723339 -2.839795 5.959677 4.973029 13.872815 5.567408 -22.394094 -17.377596 12.740402 -14.614208 5.103094 6.301252 6.397205 -2.467935 -8.798156 -4.122574 -4.476587 13.455420 24.248398 17.195145 -7.617528 1.147746 20.210968 22.729349 -11.367825 -7.869433
4.334298 18.458265 18.471592 4.130289 -17.569986 -0.275076 2.191680 -0.833964 13.359413 2.887663 -22.378038 -14.561663 5.538818 -16.287762 9.651686 10.411325 4.019015 -6.023929 -9.693810 -6.248960 -4.545926 15.293046 24.533968 13.866484 -7.403967 -1.771892 22.201523 21.747608 -12.415844 0.140676
4.572120 18.376434 18.129692 2.629466 -18.662855 1.149636 -1.540219 -4.272591 12.808495 1.448328 -20.774437 -12.316716 0.650879 -17.856991 9.337504 11.996909 5.139480 -8.300723 -12.809389 -7.912181 -4.481989 13.375585 22.470240 11.111008 -8.791230 -4.653574 22.335480 20.933947 -11.950228 3.880233
4.683656 18.306074 17.610504 1.966755 -20.046045 1.690157 -5.179300 -6.765940 11.609930 1.289652 -19.362200 -11.314722 -1.743945 -18.168083 8.796309 12.266391 6.953236 -10.105856 -14.546471 -8.759941 -4.431422 11.438075 21.849874 8.624299 -8.529869 -7.652656 21.484253 20.554977 -12.669475 6.997225
3.785904 17.821608 16.558985 0.955587 -20.246487 1.981686 -6.479568 -7.364659 11.518722 0.800210 -18.575897 -10.961876 -2.906011 -18.254374 8.397205 12.254577 7.497447 -10.501743 -15.394537 -9.507930 -4.210047 10.894793 20.517372 7.900907 -8.788642 -9.880211 20.744318 20.657965 -13.326689 9.060440
3.691690 17.594191 16.429993 0.709343 -20.154381 2.012314 -6.603361 -7.442014 11.588231 0.681533 -18.348421 -10.765321 -3.042842 -18.220913 8.276165 12.255182 7.655738 -10.494691 -15.550512 -9.578089 -4.509289 11.010370 20.053278 7.926925 -9.009966 -10.103493 20.666794 20.641739 -13.131972 9.308369
3.789654 17.319502 16.773470 0.755340 -19.805542 2.117978 -6.045780 -7.395826 12.080288 0.282944 -18.241808 -10.504901 -2.862420 -18.295902 8.317593 12.773826 7.639307 -10.716490 -15.587999 -9.555486 -4.421319 12.049916 19.950987 8.364391 -9.304586 -10.000012 20.610443 20.763500 -12.823531 9.019959
3.822089 16.761229 17.360538 0.899753 -19.196754 2.085231 -5.154854 -7.218267 12.880566 -0.626765 -17.714514 -10.211762 -2.145453 -18.480360 8.326219 13.480267 7.375000 -10.457831 -15.691213 -9.261647 -4.561240 13.539084 18.800219 8.899666 -9.960302 -10.455787 20.542694 21.163025 -12.401490 9.454244
3.438447 15.925034 18.288445 0.285401 -18.563410 1.895809 -4.411674 -6.959383 13.716075 -1.705871 -17.142656 -9.881883 -0.966930 -18.718334 8.726306 14.568071 6.680573 -10.220772 -15.063622 -9.108926 -4.750413 14.617936 17.764204 8.665204 -10.887444 -10.790479 20.138985 20.981190 -11.530577 9.258575
3.143329 14.907822 18.862343 -0.972437 -17.597879 1.712534 -3.412129 -6.510371 14.907928 -3.631733 -16.148243 -9.544656 0.419216 -19.331970 8.820283 16.031696 6.173772 -9.727204 -14.753278 -8.742006 -4.065221 17.126005 17.701475 9.429727 -11.410142 -10.762532 20.274391 20.965790 -10.821904 9.655193
2.364592 13.891823 18.997097 -1.835671 -16.530413 1.644368 -2.031824 -5.791860 16.313725 -5.067221 -15.001201 -9.132589 1.882790 -19.586765 8.999542 17.434927 5.786499 -9.329568 -14.356734 -8.158270 -3.179734 19.789619 17.890860 10.530614 -12.218111 -10.562321 20.862343 20.373045 -10.235950 10.339071
1.963195 13.047209 18.963757 -2.480311 -15.993563 1.410016 -1.475022 -5.396903 17.246298 -6.751132 -14.472996 -9.304124 2.973959 -19.748180 9.438380 18.654474 5.160789 -9.092889 -13.857604 -7.619947 -3.631087 22.489725 17.868361 10.815971 -12.661796 -10.992046 21.282928 20.512825 -9.718162 11.589474
1.958780 12.360128 18.737488 -2.643316 -15.595423 1.118608 -1.034915 -5.085784 18.173050 -8.226190 -14.233776 -9.206242 4.006247 -19.467381 9.687201 19.931448 4.988208 -9.204785 -13.267233 -7.233182 -3.321477 24.569351 17.872082 12.126275 -13.249836 -10.799834 21.631725 20.331327 -9.677705 11.769732
1.891424 11.997855 18.463333 -2.222025 -15.393625 0.805368 -0.624063 -4.792337 18.922518 -9.655519 -14.144176 -9.093350 4.532900 -19.052029 9.863015 20.559072 5.149495 -9.417079 -12.721396 -7.168841 -3.162588 26.447105 17.569822 13.305161 -13.994972 -10.919034 21.923573 20.110516 -9.234422 12.174065
1.853619 11.766581 18.211920 -1.942221 -15.361517 0.693608 -0.542954 -4.689770 19.235054 -10.233292 -13.832660 -9.119884 4.682228 -19.354519 9.998189 20.722403 4.928980 -9.346204 -12.674036 -7.042285 -2.938247 27.382648 17.346169 14.092570 -14.300922 -10.722770 22.212421 20.190084 -9.226617 12.232545
1.709817 11.578523 18.342098 -2.167895 -15.242504 0.663186 -0.461470 -4.671669 19.359884 -10.438475 -13.819871 -9.082304 4.677908 -19.361814 10.008047 20.784538 4.917321 -9.294602 -12.666450 -7.046339 -2.921365 27.489607 17.334681 14.035056 -14.337892 -10.773813 22.202396 20.180464 -9.118445 12.281013
1.712071 11.578056 18.341866 -2.155218 -15.243380 0.662526 -0.459958 -4.671941 19.361147 -10.436002 -13.805244 -9.085615 4.691488 -19.361084 9.989980 20.780678 4.929258 -9.292029 -12.672645 -7.043020 -2.917709 27.489761 17.332285 14.042568 -14.342304 -10.769641 22.201786 20.177462 -9.118378 12.269154
1.708479 11.577497 18.341358 -2.161153 -15.243082 0.662376 -0.460384 -4.670783 19.360926 -10.437137 -13.820847 -9.082814 4.678425 -19.360065 10.008590 20.785013 4.917125 -9.295012 -12.665193 -7.046315 -2.917331 27.490725 17.320330 14.046322 -14.348261 -10.769982 22.203232 20.180210 -9.120132 12.272072
1.708317 11.577169 18.340790 -2.159501 -15.243113 0.662074 -0.460187 -4.670402 19.361189 -10.436474 -13.819786 -9.082351 4.676868 -19.361748 10.009398 20.785088 4.916371 -9.294667 -12.665926 -7.046631 -2.915247 27.490122 17.321939 14.046848 -14.346442 -10.769932 22.200743 20.180386 -9.119262 12.270459
1.708786 11.577517 18.341087 -2.156808 -15.243275 0.662187 -0.459650 -4.670787 19.361513 -10.436268 -13.821140 -9.082595 4.678823 -19.359768 10.007916 20.784803 4.917748 -9.294572 -12.665216 -7.046096 -2.916542 27.489780 17.323557 14.041564 -14.343752 -10.771969 22.200163 20.183435 -9.118253 12.273070
1.708225 11.577240 18.340982 -2.157181 -15.243237 0.661996 -0.459638 -4.670388 19.361357 -10.435806 -13.821070 -9.082850 4.679305 -19.359455 10.007600 20.784754 4.917996 -9.294652 -12.665010 -7.046003 -2.916149 27.490189 17.322029 14.044489 -14.345722 -10.771144 22.201164 20.181499 -9.118751 12.272408
1.710477 11.578508 18.341354 -2.152748 -15.243548 0.662291 -0.459202 -4.671898 19.362726 -10.437803 -13.817807 -9.081742 4.675609 -19.364027 10.009764 20.784470 4.915413 -9.294518 -12.666693 -7.046853 -2.911446 27.491373 17.320414 14.045465 -14.346717 -10.768450 22.199556 20.183331 -9.124158 12.264612
-11.927798 3.295056 13.575191 7.727782 -16.692562 -4.747955 2.693486 6.147964 17.955359 1.703842 -21.747559 -11.714145 16.325663 -6.743429 1.542824 18.500406 13.921914 -6.699425 -6.514139 -6.049091 1.145244 23.123560 11.110379 30.141026 -26.508381 -7.654900 20.856049 10.224135 -8.060716 2.216259
-11.927798 3.295056 13.575191 7.727782 -16.692562 -4.747955 2.693486 6.147964 17.955359 1.703842 -21.747559 -11.714145 16.325663 -6.743429 1.542824 18.500406 13.921914 -6.699425 -6.514139 -6.049091 1.145244 23.123560 11.110379 30.141026 -26.508381 -7.654900 20.856049 10.224135 -8.060716 2.216259
-11.927798 3.295056 13.575191 7.727782 -16.692562 -4.747955 2.693486 6.147964 17.955359 1.703842 -21.747559 -11.714145 16.325663 -6.743429 1.542824 18.500406 13.921914 -6.699425 -6.514139 -6.049091 1.145244 23.123560 11.110379 30.141026 -26.508381 -7.654900 20.856049 10.224135 -8.060716 2.216259
-13.311062 2.501349 12.734327 7.776008 -16.494947 -5.050668 3.063896 7.210282 17.871737 3.077889 -22.365252 -11.857240 17.867434 -5.402860 0.746437 17.766602 14.583174 -6.587274 -6.833334 -5.068456 1.283971 22.608814 10.307487 32.501923 -28.580227 -6.339440 21.241888 8.569351 -8.980909 0.216433
-13.353943 2.397716 12.523465 7.908644 -16.390400 -4.986047 3.151886 7.240522 17.949429 3.365936 -22.388712 -11.895951 18.013626 -5.307645 0.701951 17.713484 14.630430 -6.588230 -6.811489 -5.035176 1.648911 22.667286 10.406208 32.409431 -28.444960 -6.396170 21.207592 8.591460 -8.915563 0.137163
-13.412816 2.363237 12.504273 7.957850 -16.396461 -5.003190 3.171859 7.285726 17.942364 3.424403 -22.381767 -11.887504 18.000267 -5.325707 0.705247 17.713312 14.628551 -6.588434 -6.822492 -5.035781 1.645728 22.660669 10.402683 32.425644 -28.455154 -6.394008 21.204720 8.580139 -8.928441 0.124221
-13.409725 2.362083 12.502081 7.963774 -16.392231 -4.997489 3.175257 7.280874 17.947641 3.429807 -22.374388 -11.886153 18.007584 -5.329621 0.706021 17.714064 14.622561 -6.587353 -6.827689 -5.029950 1.672217 22.655293 10.414440 32.425442 -28.447977 -6.389811 21.206114 8.575541 -8.912612 0.123307
-13.504576 2.307600 12.475260 8.035240 -16.401873 -5.023962 3.208238 7.352592 17.935251 3.521285 -22.364916 -11.881108 17.996500 -5.341329 0.694583 17.712393 14.627126 -6.580639 -6.847775 -5.025648 1.697335 22.617163 10.384535 32.521633 -28.534779 -6.359656 21.194687 8.499825 -8.919543 0.011579
-13.488640 2.318739 12.481166 8.021070 -16.400242 -5.017648 3.202816 7.338653 17.936533 3.503152 -22.354998 -11.891947 17.989849 -5.347353 0.718986 17.719984 14.610324 -6.602867 -6.835973 -5.027110 1.684903 22.641438 10.389856 32.494751 -28.504669 -6.369463 21.196609 8.530739 -8.918732 0.052120
-13.488466 2.318681 12.480805 8.022243 -16.400393 -5.017853 3.202779 7.338621 17.937025 3.502206 -22.356937 -11.892750 17.991989 -5.344099 0.718023 17.719526 14.611808 -6.603023 -6.834265 -5.026671 1.683671 22.644140 10.390253 32.491470 -28.501211 -6.371000 21.196346 8.534557 -8.919358 0.056181
-13.441304 2.344891 12.493872 7.983929 -16.395588 -5.007463 3.185530 7.304388 17.945400 3.451527 -22.363459 -11.890405 17.997366 -5.336521 0.706921 17.717075 14.621496 -6.591844 -6.836906 -5.025156 1.692307 22.626429 10.389818 32.509007 -28.520092 -6.359597 21.196142 8.513124 -8.922787 0.028633
-13.486631 2.318017 12.479635 8.022562 -16.400455 -5.019623 3.200909 7.338056 17.939497 3.497628 -22.369425 -11.892177 18.007122 -5.324665 0.700128 17.713423 14.629098 -6.589820 -6.831423 -5.025891 1.692851 22.632517 10.387469 32.509991 -28.519686 -6.363273 21.195972 8.517149 -8.921637 0.031996
-13.439625 2.346452 12.495398 7.981379 -16.395205 -5.005756 3.185716 7.302679 17.944185 3.451620 -22.359926 -11.890035 17.987381 -5.346515 0.718474 17.720736 14.610795 -6.597953 -6.837797 -5.025156 1.684969 22.638311 10.394037 32.492363 -28.502979 -6.366385 21.196087 8.529173 -8.919747 0.049293
