-25.028297 -14.516871 11.298744 3.025241 -6.969909 -4.600942 -7.502488 -5.151449 17.178930 16.525974 4.448925 0.457334 17.311401 11.907486 2.610631 7.258853 30.386534 -0.082655 -9.156845 -2.180478 12.425686 -25.312326 9.653758 11.377996 -32.087986 -19.808483 8.364696 -19.084724 -6.525004 -5.087317
-25.082304 -14.637506 11.580517 2.570047 -6.309194 -4.639220 -6.473564 -4.632210 17.713209 16.424414 4.565597 0.277046 17.999477 11.625612 2.757683 7.350202 30.008963 0.188742 -9.503796 -1.335770 13.349560 -24.837919 9.104361 11.229604 -32.248314 -20.091610 8.467404 -19.046154 -7.440225 -4.950144
-25.098562 -15.052892 11.766311 2.049093 -5.628072 -4.916139 -5.346153 -3.825539 18.468498 15.639915 4.766611 -0.039681 18.955889 11.131092 3.043477 7.676164 28.834772 1.217759 -9.256247 -0.956623 14.701350 -23.913588 8.267628 10.622843 -32.302719 -20.199760 8.460042 -18.794115 -8.445435 -5.167491
-24.655905 -15.603701 12.347624 1.449693 -4.504483 -5.324779 -3.368717 -2.574558 19.660170 14.742218 4.797565 -0.157261 20.107359 10.580679 3.567815 8.525568 27.326088 2.416846 -8.755872 -0.661081 16.361528 -21.602507 7.829718 9.626778 -32.593838 -20.141544 8.702846 -18.711418 -9.773675 -5.428618
-23.889900 -16.317183 12.067781 1.045577 -3.819970 -5.959304 -2.320359 -1.442565 20.709074 13.702785 4.506275 -0.275456 21.150562 9.830399 3.716095 9.436417 26.074240 3.366754 -8.348533 -0.224572 18.111744 -18.664080 8.019047 8.122590 -32.939922 -18.209627 10.207852 -18.861465 -11.229124 -6.044674
-23.066862 -17.192360 11.922621 0.918800 -3.167022 -6.641319 -1.350692 -0.381210 21.678368 12.684787 4.628100 0.000484 21.828079 9.726628 3.920832 10.800954 24.493147 5.156806 -7.717882 -1.021303 20.007708 -15.700769 7.610493 6.097826 -33.496105 -15.344536 12.574283 -18.889341 -11.487226 -6.548470
-22.831347 -18.040911 11.771444 0.199875 -2.634103 -7.322067 -0.657744 0.618143 22.432444 11.466558 4.527627 0.234842 22.634003 9.588530 3.932601 11.934339 23.060862 6.758898 -7.150747 -1.546353 22.398619 -11.856917 7.457464 4.820198 -34.224445 -13.504538 14.600848 -19.084572 -10.979266 -6.777570
-22.274817 -19.021410 11.487391 -0.300976 -2.088677 -7.733579 -0.379963 1.005920 22.996931 10.884851 4.255167 0.488575 22.770117 9.600353 3.965589 12.736208 22.041636 8.032838 -6.224751 -2.627479 23.209557 -9.563031 8.062925 3.883935 -34.744251 -12.158969 15.757405 -19.576424 -10.449067 -6.922396
-21.554014 -19.403959 10.786179 -0.641061 -1.720254 -8.225669 -0.176802 1.583015 23.354551 10.682859 4.095442 0.764293 23.173517 9.597450 4.028116 13.265971 21.297544 8.880252 -6.014404 -2.767171 23.730219 -7.945250 8.711319 3.033167 -34.886017 -10.652566 16.560770 -19.692610 -9.828487 -7.464255
-21.064123 -19.670544 10.584114 -0.694297 -1.649065 -8.635740 -0.193636 1.861569 23.399508 10.432518 3.843177 0.923497 22.965597 9.632565 4.082891 13.311578 21.118483 9.157098 -5.618259 -3.371135 23.461990 -7.047345 9.005776 2.950804 -35.033489 -9.976711 16.862373 -19.761700 -8.926209 -7.645269
-20.968216 -19.811850 10.625204 -0.831711 -1.406845 -8.529148 0.063292 1.857664 23.567160 10.481123 3.800376 0.928268 23.134392 9.662006 4.114554 13.541671 20.801317 9.362327 -5.666173 -3.278160 23.611376 -6.420247 9.350062 2.768600 -35.062092 -9.787497 16.855974 -19.758427 -8.759945 -7.921351
-20.516508 -20.675920 10.485760 -1.403435 -0.442728 -8.250147 0.807622 1.791707 24.216120 10.707460 4.017935 1.656883 23.711067 10.003296 4.724252 14.313353 19.143091 10.296813 -5.210721 -3.871355 24.234030 -1.843552 9.295990 2.193962 -35.513153 -8.510743 17.368290 -18.862568 -7.618064 -9.178108
-19.191336 -22.332813 11.427321 -2.100053 0.434584 -8.889792 1.275169 1.644575 24.212866 11.051278 4.405659 2.579414 23.812298 10.836222 6.025424 14.998911 17.004171 11.756539 -3.657987 -5.674662 22.167196 0.535436 10.714342 0.190726 -35.980797 -7.823358 16.003233 -19.019573 -5.231843 -11.513126
-17.016739 -24.677402 11.014010 -3.001266 1.826546 -9.784636 1.178769 1.225258 24.473978 11.669226 4.011156 3.428064 23.665760 12.185073 8.077499 14.551370 14.124580 12.978213 -2.358909 -7.207254 20.709925 1.835158 11.093120 0.539978 -35.812115 -10.649815 12.359767 -18.846424 -1.503582 -11.930058
-12.747595 -26.171827 8.473888 -2.471132 2.125411 -11.604196 -0.907905 0.659888 23.604719 12.886386 2.750085 4.580082 21.713751 14.602970 10.657174 11.819400 11.755010 14.351949 -1.084228 -9.882951 19.956480 -0.342874 9.813167 -0.417712 -36.244946 -14.051281 8.390579 -19.235828 1.802433 -12.263105
-9.947680 -27.592096 4.760791 -2.742773 2.026514 -14.009057 -3.891550 0.521977 22.738001 12.866716 0.888964 6.186080 18.495972 17.298059 12.673971 7.620600 10.594469 15.056933 -0.332823 -12.901029 20.072350 1.491697 8.711483 -1.250276 -35.822262 -13.532993 7.228307 -15.698545 9.607994 -14.108275
-7.905239 -27.875399 -0.509178 -3.650561 1.286522 -17.338472 -7.497955 1.551636 21.484856 12.218452 -3.834302 8.150863 14.626891 19.824387 14.310927 3.897881 8.590937 16.292040 -0.421343 -15.126620 18.872152 0.535953 5.008623 -2.138119 -35.480503 -15.328835 3.983563 -11.714153 15.560096 -16.686647
-6.407677 -27.900743 -5.224855 -4.211162 0.653495 -19.719219 -11.157809 1.792922 20.141806 12.250063 -7.473211 8.646162 11.533668 21.514801 14.661411 1.171821 7.611809 17.726336 -0.888359 -16.482151 18.275970 -0.367201 1.443765 -4.979308 -34.589088 -16.492350 -0.252523 -7.659934 16.335844 -21.362747
-5.913833 -27.808523 -8.075035 -4.152577 -0.246167 -20.685875 -14.316294 1.135328 19.018217 12.577784 -8.839099 8.324456 9.176524 22.380852 14.409715 -1.675473 8.221737 18.216002 -1.905414 -16.937054 16.548357 4.453714 2.670943 -8.005736 -35.770725 -18.038788 -3.912595 -7.724544 16.075195 -25.013502
-5.345238 -27.503460 -9.574354 -3.672786 -0.968242 -21.026579 -16.048061 0.629475 18.345089 12.983649 -9.139373 7.795081 7.949367 22.734531 14.128249 -3.358448 9.003646 17.881056 -2.559459 -16.964863 14.611670 3.417967 1.104969 -9.198891 -35.707260 -17.649933 -4.731632 -6.507548 14.135080 -26.607140
-5.105243 -27.413668 -9.758871 -3.537524 -0.960379 -20.967489 -16.134878 0.551038 18.321487 13.179209 -8.987245 7.728238 7.870633 22.709499 14.071448 -3.612347 9.196641 17.784262 -2.674851 -16.841242 14.777421 3.164020 0.704438 -9.307550 -35.703121 -17.730545 -4.694242 -6.347763 14.033147 -26.568024
-5.552504 -27.699522 -8.988626 -3.616513 -0.829528 -20.640718 -15.925609 0.232196 18.404753 13.197442 -8.502403 7.957913 7.886128 22.836655 14.108027 -3.100148 9.505237 17.489683 -2.514390 -16.990772 15.325297 3.372054 1.828393 -9.520157 -35.467472 -17.324585 -4.435476 -6.931715 13.285048 -26.627272
-6.239061 -28.009300 -7.886904 -3.815893 -0.660652 -20.228632 -15.468759 -0.002434 18.597095 13.090862 -7.864463 8.036369 8.188464 22.816071 14.106277 -2.155930 9.627359 17.267958 -2.206587 -17.071266 16.265886 3.987172 4.332752 -10.081911 -35.103561 -16.983349 -4.454173 -8.306129 11.783593 -26.962292
-7.667757 -28.300547 -6.315662 -3.758162 -0.670567 -19.104738 -15.144401 -0.873241 18.733541 13.167788 -6.449585 8.238449 8.464477 23.021969 14.148045 -0.756200 10.344178 16.376919 -1.895762 -17.104664 17.735802 4.470737 7.792495 -10.354107 -34.536697 -16.198025 -3.646644 -10.471398 9.248181 -26.622614
-8.566323 -28.264597 -5.213174 -3.789398 -0.637105 -18.360233 -14.516433 -1.121686 18.930441 13.129044 -4.760820 8.218119 9.208797 22.838743 14.019979 0.638586 11.059833 15.708593 -1.916905 -16.591881 19.308969 4.956873 11.139324 -10.830810 -34.218197 -15.374831 -2.613441 -12.695285 7.276053 -26.195089
-10.433231 -28.266806 -3.478947 -3.929365 -0.668752 -17.303402 -13.637383 -1.450713 19.207943 12.822432 -3.384170 8.520455 9.849423 22.828819 13.843293 2.072429 11.896562 14.800226 -2.018492 -16.039064 20.686443 5.171755 12.562041 -10.717488 -34.040237 -14.684006 -1.413359 -13.802692 5.258226 -25.612820
-13.112993 -28.578703 -1.352651 -4.161097 -0.728659 -15.785793 -13.146364 -2.454673 19.445093 12.547271 -1.648388 8.496963 10.242564 22.886948 13.538283 3.126328 13.341846 13.462701 -2.239353 -15.494793 21.984468 5.787941 13.660267 -10.104155 -34.020119 -14.274189 -0.170981 -14.710360 3.420498 -24.790297
-14.452974 -28.540514 -0.248588 -4.296682 -0.683069 -15.013744 -12.443706 -2.611466 19.766928 12.179043 -0.181173 8.848931 10.234825 23.390224 13.115925 4.706845 14.595443 11.910407 -2.662688 -15.340295 22.837767 6.208278 14.336536 -10.200530 -34.069691 -14.035881 0.469513 -15.317267 1.914338 -24.567188
-15.367115 -28.649221 0.693198 -4.460235 -0.406695 -14.294804 -11.768144 -2.884845 20.119860 12.076984 0.459826 8.760800 10.522721 23.339245 12.956155 5.412568 15.126081 11.209443 -2.794203 -14.949564 23.415485 6.658764 15.003182 -9.858497 -34.169537 -13.878849 1.072587 -15.991692 0.935680 -24.083860
-16.181656 -28.596312 1.392471 -4.537453 -0.378419 -13.798846 -11.356864 -3.028338 20.254568 11.942985 0.860712 8.709200 10.825194 23.353004 12.928994 6.062425 15.248809 10.912431 -2.843607 -14.669570 24.083807 6.855629 15.091852 -9.677645 -34.204746 -13.940822 1.434804 -16.283411 0.458950 -23.652071
-16.286045 -28.568342 1.451173 -4.486258 -0.411678 -13.681639 -11.379180 -3.116697 20.245726 11.962891 0.997230 8.684443 10.912595 23.342953 12.895785 6.210022 15.334101 10.782783 -2.921367 -14.547709 24.155907 6.760164 15.140669 -9.637380 -34.172882 -13.918207 1.526686 -16.359543 0.352800 -23.552835
-16.510443 -28.574007 1.833631 -4.471109 -0.270058 -13.349403 -10.988998 -3.191866 20.437948 11.957895 1.239627 8.641829 11.110970 23.258623 12.738276 6.630033 15.500386 10.565949 -3.180570 -14.288684 24.547148 6.877525 15.605595 -9.445321 -34.040874 -13.805821 1.758952 -16.666348 -0.000915 -23.337208
-17.264133 -28.240744 2.376258 -4.138585 -0.384304 -12.505034 -10.575927 -3.521443 20.610651 11.951488 1.533269 8.482570 11.513657 23.162891 12.549844 7.005720 15.662266 10.148145 -3.583903 -13.724813 25.202684 6.926898 16.679789 -9.169180 -33.815262 -13.172837 2.583508 -17.485477 -0.457392 -22.795958
-17.934433 -27.993753 3.105645 -3.997435 -0.145553 -11.545778 -9.654808 -3.746062 21.072302 12.065513 1.883028 8.226887 11.972842 23.141350 12.330338 7.350414 16.009142 9.410093 -4.318839 -12.711894 26.361115 6.577234 17.236000 -8.776315 -33.458405 -12.623243 3.653131 -18.044586 -1.503175 -22.063799
-18.193720 -27.549400 3.431485 -3.593117 -0.059703 -10.670991 -9.062930 -4.009126 21.376669 12.420229 2.283273 7.839372 12.785304 22.708317 11.944211 7.564282 16.257181 8.738756 -5.116672 -11.505284 28.249872 5.735864 17.921793 -8.321008 -32.847458 -12.367522 4.830284 -18.614403 -2.633947 -21.139700
-19.363392 -27.130295 3.635067 -3.622180 0.063624 -9.769225 -8.454392 -4.156486 21.705542 12.396572 2.560694 7.571548 12.925305 22.557190 11.446956 8.014652 16.517578 8.296130 -5.708623 -11.076981 30.105059 4.397841 17.871517 -7.808223 -32.301720 -12.394450 5.898707 -18.729092 -2.891963 -20.171677
-20.370043 -26.506289 3.497886 -3.559138 -0.075231 -9.048491 -8.286113 -4.340621 21.827484 12.420639 2.862578 7.235942 12.955819 22.609346 11.103597 8.191010 16.669333 8.000947 -6.468365 -10.526744 30.463404 3.114561 16.853308 -6.970703 -32.110722 -12.284159 7.078079 -18.412413 -1.991877 -18.961823
-19.983969 -24.246109 9.467018 1.121938 -3.894153 -9.893411 -9.235286 -4.811248 20.110895 9.605709 4.031838 5.193536 13.091003 16.402918 9.300742 10.655583 20.645992 5.961672 -1.080278 -14.143668 21.728792 -5.724329 17.706266 6.381166 -28.207844 -27.308765 -3.316437 -14.144016 -1.148901 -12.440887
-19.652361 -23.544067 9.262779 1.974674 -4.373740 -9.305355 -9.572593 -5.319433 19.940041 10.296878 4.212591 4.499576 13.385716 15.819706 8.489682 10.650333 21.238932 5.859595 -1.765774 -13.548745 20.201427 -7.285400 17.262665 7.272449 -28.212658 -27.086363 -2.791837 -14.204728 -0.146083 -11.674980
-19.340733 -22.570921 8.943932 3.075909 -5.036532 -8.536790 -10.018633 -5.909809 19.426857 11.285176 3.945211 3.657028 13.296332 15.529188 7.791915 9.951814 21.911997 5.893846 -2.272330 -13.041453 19.589634 -8.588876 17.285524 7.964701 -28.282772 -26.661350 -1.932554 -14.536440 1.454442 -10.768476
-18.809284 -22.069628 8.524639 2.194273 -5.563466 -8.551311 -10.798837 -5.521605 18.159613 13.901323 2.881525 3.159075 14.390390 15.753004 6.937034 8.311707 23.214956 5.827523 -2.778667 -11.660340 17.966387 -10.028827 17.015314 9.798012 -29.614273 -25.055580 -0.959979 -15.437858 1.870868 -11.508928
-18.409796 -21.682354 7.806742 3.598173 -6.394490 -8.471465 -11.883204 -5.946992 17.446989 14.953750 2.406977 2.704278 13.983515 15.735942 6.490602 7.584435 23.880144 5.366975 -3.098224 -11.447098 17.668486 -11.060634 17.854769 10.408920 -29.646936 -24.226263 -0.538183 -16.290936 2.290082 -11.534984
-17.794584 -21.233068 7.371721 4.485989 -7.308905 -8.476507 -13.208089 -6.500213 16.668007 15.486572 1.489659 2.655642 13.034529 15.895954 6.332116 6.970795 24.074173 5.347802 -3.206064 -11.932506 17.147701 -11.556756 18.148447 10.788188 -29.604330 -23.779562 -0.196560 -16.327703 2.582426 -11.456977
-17.749340 -20.967199 6.990428 4.706342 -7.603725 -8.411270 -13.712071 -6.655754 16.315105 15.687253 1.141045 2.831838 12.363701 16.111387 6.188553 6.598122 24.387197 5.102422 -3.430528 -12.226104 16.840986 -11.889525 18.977434 11.104152 -29.406826 -23.135305 0.304889 -16.632744 2.679355 -11.275564
-17.402796 -20.805670 6.591528 5.204122 -8.122637 -8.439896 -14.601027 -7.004136 15.807142 15.925131 0.780896 3.218981 11.654553 16.647802 6.138947 6.467639 24.660700 4.710074 -3.484527 -12.749013 16.742346 -11.914197 19.962578 11.426620 -29.247105 -22.499743 0.874233 -17.175627 2.614050 -10.944555
-16.954111 -20.915600 6.204515 5.460166 -8.439366 -8.709990 -15.332072 -7.187939 15.534001 16.009647 0.508499 3.494620 10.971323 17.017132 6.121649 6.345511 24.947947 4.358662 -3.532524 -13.254529 16.880459 -11.801416 20.780079 11.739697 -29.072227 -22.136518 1.291713 -17.594219 2.669840 -10.571578
-16.723841 -20.976852 5.968983 5.587013 -8.628912 -8.772264 -15.857306 -7.430035 15.328011 16.193161 0.137375 3.684240 10.442838 17.308666 6.090183 6.234729 25.055811 4.338424 -3.446881 -13.775701 16.992426 -11.778585 21.454103 12.087185 -28.987732 -21.888969 1.684267 -18.064154 2.678621 -10.137512
-16.587900 -21.134750 5.837050 5.481656 -8.606059 -8.940748 -16.022249 -7.426414 15.345768 16.158581 -0.036127 3.866419 10.054307 17.578239 6.152184 6.097485 25.115004 4.219635 -3.448996 -14.051806 16.994644 -11.667588 21.680079 12.261829 -28.899727 -21.670797 1.881768 -18.101263 2.626513 -10.039392
-16.465561 -21.219889 5.748881 5.527632 -8.684884 -9.025166 -16.283316 -7.523274 15.218616 16.216494 -0.108207 3.889595 10.029338 17.622231 6.173375 6.042845 25.123873 4.242387 -3.468285 -14.097913 16.928661 -11.775260 21.762342 12.366619 -28.864525 -21.599325 1.952326 -18.140591 2.679772 -9.952044
-16.385098 -21.253714 5.655937 5.533937 -8.668060 -9.122999 -16.283089 -7.438399 15.225582 16.176571 -0.001774 3.887675 10.162936 17.499630 6.208529 6.074968 25.091574 4.358838 -3.505758 -14.045079 16.900389 -11.807776 21.867117 12.392524 -28.839508 -21.530245 2.020678 -18.189919 2.783700 -9.872185
