-16.376482 -21.262312 5.660867 5.505920 -8.649264 -9.138772 -16.256063 -7.415627 15.250407 16.145672 -0.057951 3.903171 10.081362 17.556225 6.203538 6.047134 25.109098 4.338392 -3.486186 -14.113340 16.909288 -11.781791 21.837576 12.370407 -28.854187 -21.567293 1.979215 -18.175974 2.796894 -9.896778
-16.402302 -21.275908 5.683163 5.503363 -8.639609 -9.103526 -16.244507 -7.443554 15.272514 16.163204 -0.084678 3.917084 9.985981 17.599983 6.186894 6.024440 25.121397 4.259036 -3.495733 -14.135152 16.901274 -11.738143 21.778852 12.377937 -28.871723 -21.604877 1.940242 -18.144684 2.761096 -9.936624
-16.576841 -21.180292 5.795925 5.471704 -8.630169 -8.987171 -16.141624 -7.462366 15.271860 16.185741 -0.046695 3.898859 10.043817 17.590076 6.175710 6.085608 25.098539 4.244138 -3.469452 -14.084336 16.888063 -11.695853 21.722435 12.341154 -28.892904 -21.647316 1.885209 -18.116899 2.726621 -9.987159
-16.663380 -21.105639 5.854302 5.441483 -8.572993 -8.929440 -15.942703 -7.375466 15.352688 16.153580 0.048094 3.841070 10.234502 17.483095 6.171994 6.162173 25.057499 4.298165 -3.454358 -13.957597 16.972261 -11.717595 21.628744 12.309811 -28.889286 -21.738258 1.828262 -18.059242 2.675057 -10.028918
-16.667768 -21.107000 5.843706 5.471625 -8.587184 -8.942957 -15.925032 -7.335270 15.352505 16.149609 0.139710 3.791152 10.431935 17.368690 6.152163 6.212939 25.038069 4.346466 -3.502928 -13.812018 16.906858 -11.746262 21.512295 12.263994 -28.930691 -21.778004 1.773705 -18.019762 2.773966 -10.058815
-16.745468 -20.938971 5.913083 5.533522 -8.537869 -8.818727 -15.680619 -7.265672 15.390481 16.129456 0.220992 3.689573 10.570393 17.247898 6.135189 6.202703 25.040659 4.340130 -3.549249 -13.617536 16.831623 -11.666919 21.393248 12.177744 -29.000898 -21.804771 1.720840 -17.980221 2.738776 -10.137670
-16.739866 -20.980932 5.987506 5.407027 -8.309937 -8.808202 -15.227675 -7.030372 15.648910 16.002735 0.500584 3.478676 11.137315 16.928444 6.124009 6.323133 24.907179 4.516087 -3.608263 -13.134252 16.811836 -11.535584 21.145239 12.006948 -29.071987 -21.974691 1.557647 -17.785671 2.617241 -10.309042
-16.998198 -20.912609 6.119204 5.262888 -8.193969 -8.683346 -14.957397 -6.957910 15.726074 15.982903 0.550931 3.391468 11.295506 16.804226 6.121236 6.354009 24.771151 4.659656 -3.599970 -13.014125 16.786882 -11.764764 20.953142 11.906462 -29.072489 -22.059383 1.434557 -17.671236 2.495324 -10.465097
-16.983717 -20.964685 6.171999 5.153561 -8.080146 -8.743992 -14.759409 -6.822955 15.883036 15.890731 0.606555 3.350290 11.451468 16.701965 6.176148 6.406226 24.633726 4.810493 -3.553038 -12.961123 16.866840 -11.710361 20.777876 11.722823 -29.137878 -22.163811 1.306267 -17.560894 2.531834 -10.612597
-17.281683 -20.983681 6.436197 4.970414 -7.953140 -8.662155 -14.495002 -6.774097 15.961299 15.877914 0.748653 3.194222 11.805448 16.473419 6.208651 6.514867 24.493250 4.924510 -3.529252 -12.730498 16.989763 -11.715332 20.387648 11.588564 -29.227076 -22.519772 1.081349 -17.396498 2.555009 -10.685678
-17.347643 -20.969637 6.652689 4.969968 -8.016979 -8.638357 -14.502495 -6.833810 15.912666 15.893558 0.877504 3.079465 12.218085 16.264515 6.270600 6.618843 24.314726 5.082784 -3.525605 -12.475673 17.093861 -11.659426 20.126940 11.463984 -29.281826 -22.730442 0.890205 -17.289709 2.888366 -10.729472
-17.257135 -21.169350 6.744301 4.805867 -7.768596 -8.704839 -14.135896 -6.650206 16.215410 15.764617 0.688360 3.132074 12.112454 16.346184 6.372440 6.605992 24.128984 5.183081 -3.372200 -12.678802 17.306654 -11.348550 19.974236 11.229023 -29.377632 -22.897648 0.759897 -17.293858 2.836712 -10.804232
-17.346365 -21.066694 6.890762 4.770315 -7.621248 -8.589289 -13.747757 -6.531100 16.358524 15.736157 0.872737 3.112628 12.347121 16.282831 6.420229 6.747199 24.033224 5.262868 -3.292250 -12.611485 17.569483 -11.227962 19.660732 11.041136 -29.424055 -23.171955 0.590912 -17.171738 2.530449 -10.920055
-17.389029 -21.177679 7.052869 4.599968 -7.415933 -8.602718 -13.367936 -6.353372 16.559538 15.606218 1.046073 3.074106 12.733809 16.149715 6.531015 6.871624 23.781105 5.448155 -3.272024 -12.382812 17.800020 -11.071643 19.548437 10.928353 -29.436581 -23.299326 0.489729 -17.081781 2.382036 -11.048580
-17.315550 -21.396732 7.082164 4.510199 -7.357704 -8.706297 -13.373232 -6.334908 16.621569 15.514749 1.244225 3.097141 13.042117 16.051342 6.631932 7.086965 23.546274 5.634512 -3.192914 -12.303425 17.959946 -10.681220 19.580088 10.756590 -29.449051 -23.386005 0.390402 -17.055311 2.152162 -11.176212
-17.343782 -21.509544 7.221151 4.425087 -7.272228 -8.735873 -13.228723 -6.290142 16.748356 15.365659 1.506570 3.160087 13.273095 16.050447 6.712911 7.317939 23.491732 5.640179 -3.130502 -12.254247 18.020596 -10.414699 19.529257 10.628486 -29.467430 -23.475983 0.286263 -16.985317 2.001180 -11.286890
-17.365904 -21.537769 7.265318 4.320054 -7.108312 -8.717513 -12.953798 -6.170244 16.898653 15.302961 1.615588 3.189044 13.337981 16.063156 6.768105 7.424682 23.399088 5.705261 -3.024631 -12.311934 18.063803 -10.117676 19.431498 10.532488 -29.561806 -23.573044 0.158599 -16.961128 1.861970 -11.437417
-17.170198 -21.649008 7.226123 4.266360 -7.047358 -8.862790 -12.918233 -6.069082 16.944542 15.249769 1.558315 3.273742 13.247541 16.110920 6.807337 7.471614 23.332212 5.800215 -2.913139 -12.518126 18.124554 -9.897817 19.430862 10.477667 -29.600666 -23.594793 0.122590 -16.968857 1.841186 -11.486741
-17.145645 -21.692598 7.232463 4.227567 -6.977546 -8.864085 -12.830260 -6.034762 17.008404 15.219798 1.637470 3.259856 13.325784 16.086235 6.828909 7.511797 23.310347 5.780282 -2.906167 -12.464322 18.177868 -9.766482 19.396170 10.444466 -29.618511 -23.634905 0.072112 -16.951134 1.786654 -11.538404
-17.120272 -21.733393 7.255429 4.200197 -6.930669 -8.881044 -12.764266 -6.002688 17.057146 15.191277 1.650027 3.272187 13.347233 16.090988 6.842099 7.536793 23.292282 5.808745 -2.883040 -12.481306 18.192247 -9.740206 19.400454 10.425432 -29.623455 -23.647911 0.049938 -16.952862 1.778966 -11.561724
-17.126509 -21.748369 7.282738 4.131808 -6.832154 -8.861551 -12.618651 -5.948414 17.138960 15.177299 1.708188 3.221253 13.411626 16.038544 6.800642 7.567971 23.329184 5.749916 -2.900607 -12.417253 18.258165 -9.644061 19.385073 10.410112 -29.628687 -23.648804 0.067723 -16.937984 1.619052 -11.587025
-17.196787 -21.779221 7.463006 3.976380 -6.620887 -8.791145 -12.227561 -5.819686 17.335361 15.106855 2.041458 3.137306 13.861236 15.825712 6.770131 7.774162 23.336971 5.644840 -2.973150 -12.065457 18.405561 -9.478150 19.373304 10.394218 -29.658541 -23.610401 0.159958 -16.967901 1.226390 -11.617948
-17.623453 -21.687336 7.796863 3.648019 -6.256770 -8.584421 -11.497436 -5.585128 17.632553 14.969905 2.310476 3.141586 14.056398 15.784275 6.749726 7.942147 23.458876 5.477652 -2.994076 -11.925447 18.758068 -9.234548 19.278048 10.345032 -29.694067 -23.754370 0.189381 -16.970802 0.232596 -11.690356
-17.971556 -21.680895 8.241997 3.247620 -5.818870 -8.483696 -10.620248 -5.220017 18.007940 14.761339 2.574801 3.072348 14.429615 15.554413 6.711469 8.184304 23.467794 5.337997 -2.926216 -11.707568 18.920198 -9.191573 19.289835 10.348212 -29.672010 -23.853632 0.173672 -16.983097 -0.406951 -11.751273
-18.293465 -21.603022 8.664624 2.947122 -5.417236 -8.241864 -9.718892 -4.918241 18.434916 14.595583 3.001356 3.055746 15.106099 15.229021 6.703434 8.715779 23.368362 5.363338 -2.767966 -11.418427 19.267483 -8.645484 19.325296 10.150753 -29.771797 -23.902950 0.206884 -17.046246 -1.045623 -11.871018
-18.718096 -21.695177 9.242794 2.317771 -4.816780 -8.218124 -8.476212 -4.281077 19.050348 14.025329 3.509679 2.966519 15.730998 14.923773 6.600087 9.197228 23.349791 5.376983 -2.811649 -11.051547 19.946260 -8.026402 19.042547 9.812553 -29.814371 -24.250069 0.032469 -16.899734 -2.052974 -12.106240
-19.848124 -21.690989 10.367819 1.442733 -3.985445 -7.945882 -6.626868 -3.511430 19.884195 13.361303 4.355618 2.785870 16.506628 14.529972 6.510427 10.235317 23.141964 5.489493 -2.735664 -10.723322 20.631830 -7.482184 18.904467 9.431272 -29.785984 -24.700911 -0.213399 -16.729067 -3.057522 -12.363417
-20.531084 -22.029423 11.341684 0.830562 -3.463860 -8.033720 -5.692691 -3.130488 20.420523 12.768949 4.218339 2.804815 17.176826 14.066623 6.434287 10.988943 22.642330 5.801427 -2.763383 -10.289920 21.680998 -7.480166 18.740103 9.116851 -29.514263 -24.588478 0.098187 -16.295147 -3.618097 -12.530364
-20.862429 -22.184603 11.541056 0.326013 -2.982840 -8.115712 -4.727156 -2.454289 20.974695 12.143270 4.256808 2.621258 18.033848 13.562481 6.441112 11.434571 22.211836 5.870377 -3.157681 -9.188052 22.646635 -7.015253 19.006321 8.588831 -29.511776 -24.076580 0.811345 -16.457220 -3.905965 -12.442976
-20.886219 -22.532331 12.748820 -0.526049 -2.423622 -8.657829 -3.647977 -1.622252 21.280405 11.839750 4.460071 2.721138 19.531658 12.664754 6.847704 11.218087 21.870813 5.947943 -3.183028 -7.815043 21.893423 -6.220448 17.157965 5.683752 -30.621346 -19.882282 3.810304 -16.595800 -6.073436 -13.504065
-21.429773 -22.175533 13.481350 -1.297106 -2.053008 -8.643618 -2.433850 -0.824585 21.553068 11.551207 4.269815 3.152552 21.152910 11.659088 7.157816 10.914199 22.207884 5.044587 -3.588610 -5.400562 16.218143 -5.063226 14.474719 2.760902 -33.498070 -14.797152 7.092283 -17.292667 -9.679249 -14.862474
-21.615120 -21.773531 13.404760 -1.995742 -1.415442 -8.500195 -0.924946 0.239370 22.197794 11.288204 4.028598 3.154315 22.627934 10.719406 6.948746 11.294108 21.796827 5.193442 -4.162002 -3.732224 10.952041 -6.020009 12.740917 0.846704 -35.953598 -11.699209 9.159912 -19.052574 -12.911527 -14.865045
-21.475300 -21.294613 13.826578 -2.429415 -1.634039 -9.285088 -0.516536 1.339146 21.925417 10.966505 3.816677 3.109967 23.363361 10.028018 6.649799 11.071460 21.963163 5.320560 -4.218044 -2.926376 8.803025 -7.113422 12.036848 -0.262981 -36.998615 -10.218723 10.211171 -20.015562 -15.567215 -14.755923
-20.657181 -20.838114 13.610666 -2.324335 -1.476792 -9.479738 0.055562 1.932739 22.019503 11.284550 3.174809 3.225371 24.430466 9.359527 6.521626 11.433908 21.240286 6.516018 -4.572431 -1.953879 8.277461 -6.974497 10.766839 -1.031981 -37.911003 -8.749022 11.742423 -20.434940 -14.897734 -14.051417
-19.288038 -20.280783 13.219988 -1.864983 -1.509475 -9.665815 0.314524 2.377131 21.884516 11.969214 1.959497 3.483430 24.952152 8.579000 6.189575 11.929746 20.625126 7.769246 -4.625429 -1.539926 8.731708 -6.797087 7.910433 -1.510186 -38.874493 -8.316772 13.069438 -19.811159 -13.652970 -13.109962
-18.432512 -20.195473 13.241638 -1.747690 -1.527502 -10.202302 0.615416 2.958894 21.899580 11.833389 0.498369 3.838182 25.231937 7.790543 6.030236 12.159402 20.460043 8.397712 -4.198885 -1.532240 9.989149 -6.791780 6.053229 -2.987577 -39.575825 -7.140885 14.506453 -19.900282 -11.726453 -12.572729
-17.556751 -19.735399 13.500252 -1.214902 -2.072065 -10.687476 0.261301 3.156955 21.284231 12.274844 -0.591725 4.405867 24.869419 7.348221 6.371189 11.967729 20.491842 8.524776 -3.514635 -1.892812 10.094106 -7.878778 4.021687 -4.103145 -40.425301 -6.819138 14.846036 -20.215563 -10.062821 -12.342492
-16.741732 -19.450363 13.678515 -0.873890 -2.420233 -11.267052 0.133988 3.506300 20.911425 12.323973 -1.700462 4.726823 24.548859 7.061550 6.421614 11.970233 20.020765 9.084577 -3.340380 -2.179855 10.497849 -8.492770 3.246215 -4.680345 -40.466816 -6.223422 15.367752 -20.149689 -8.789073 -12.144106
-16.090187 -18.991417 13.785311 -0.359084 -2.750442 -11.235291 -0.009585 3.441137 20.513086 12.903450 -2.377103 4.921274 24.317560 6.970906 6.462707 11.971289 19.718294 9.382558 -3.248139 -2.364610 11.180392 -8.916490 2.638435 -5.135526 -40.471409 -6.243112 15.445538 -20.127497 -8.229618 -12.031471
-15.974867 -18.827606 14.030891 -0.205207 -2.899879 -11.254833 0.023332 3.475396 20.342327 13.038706 -2.616325 5.019169 24.314173 6.936341 6.427081 12.059115 19.660135 9.495613 -3.303166 -2.306192 11.663500 -8.936439 2.642092 -5.243594 -40.323322 -6.234804 15.518771 -20.090410 -8.121010 -11.952145
-16.040751 -18.947140 14.024511 -0.280959 -2.926440 -11.328733 -0.175021 3.386973 20.288883 12.984610 -2.453928 4.976891 24.274435 6.988260 6.441193 11.976045 19.723240 9.413679 -3.270106 -2.367455 11.663692 -8.966773 2.625427 -5.221594 -40.335476 -6.312364 15.505449 -20.117083 -8.228411 -11.885634
-16.130154 -18.882847 14.100749 -0.277083 -2.792592 -11.106926 0.078600 3.352971 20.429361 13.080942 -2.232454 4.833143 24.295078 6.959423 6.364338 12.065990 19.943361 9.226164 -3.260564 -2.335577 11.844527 -8.989323 2.533090 -5.071769 -40.319881 -6.538647 15.449677 -20.064484 -8.289070 -11.802469
-16.304865 -19.016237 14.307925 -0.375543 -2.623317 -10.934109 0.243765 3.214361 20.585920 13.062591 -1.966059 4.669631 24.415783 6.950867 6.274441 12.257148 20.095062 9.067370 -3.345297 -2.178286 12.393855 -9.211412 2.564761 -5.002452 -40.102352 -6.726032 15.457850 -19.989506 -8.687112 -11.735256
-16.703600 -19.123400 14.402777 -0.669911 -2.387682 -10.659697 0.363945 3.034035 20.745279 13.116794 -1.680983 4.484662 24.491930 6.967677 6.016498 12.629039 20.309502 8.829440 -3.560904 -2.018589 12.813869 -9.375651 2.302536 -4.794297 -40.064430 -6.974674 15.558341 -19.952282 -8.966396 -11.484129
-17.068335 -18.825722 14.583492 -0.475512 -2.528583 -10.426077 0.372913 2.919354 20.674641 13.143226 -1.377157 4.276198 24.478764 6.943806 5.792530 12.763696 20.660860 8.533444 -3.840227 -1.768748 13.149431 -9.708946 1.912278 -4.497555 -40.070713 -7.252501 15.689326 -19.891533 -9.170096 -11.195427
-17.376184 -18.449076 14.855000 -0.170860 -2.620080 -9.969440 0.573836 2.709476 20.707888 13.290030 -0.902347 4.294699 24.587261 7.157211 5.743927 12.762044 20.942665 8.053822 -4.417832 -1.248792 13.354877 -10.253262 1.563567 -4.156016 -39.985542 -7.429046 15.873883 -19.847908 -9.391315 -10.847914
-17.914766 -18.330593 15.125217 0.097266 -2.672558 -9.507222 0.468496 2.217281 20.714327 13.487538 -0.614011 4.142786 25.087339 6.940709 5.371625 12.822538 21.062277 7.883277 -5.364085 -0.250469 13.588678 -11.090490 1.275363 -3.865833 -39.854790 -7.531040 16.121593 -19.878838 -9.405018 -10.426603
-18.477587 -18.019781 15.028351 -0.097039 -2.522742 -9.114728 0.823602 2.261079 20.919535 13.455330 -0.113964 4.050208 25.061398 7.075499 5.374680 12.365139 21.714220 7.149133 -5.840259 0.195028 13.494706 -11.744720 0.793910 -3.406374 -39.745506 -7.768935 16.249430 -19.674664 -9.821535 -10.118996
-18.722372 -17.656841 15.285312 0.560454 -2.495410 -8.213226 0.925913 1.482118 20.959642 14.077896 0.265099 3.840590 24.843700 7.256685 5.480862 11.666421 22.389261 6.229056 -6.236134 0.805957 13.684260 -12.085776 0.583437 -2.810340 -39.661308 -8.183506 16.377312 -19.651497 -9.851690 -9.585355
-19.478067 -17.400684 15.587606 0.374301 -2.372862 -7.731635 1.215035 1.286586 21.059694 14.216490 0.368983 3.612679 24.750935 7.371940 5.620347 10.963531 22.823004 5.364489 -6.835586 1.512925 13.882644 -13.302749 -0.300522 -2.346344 -39.430157 -8.585260 16.498013 -19.240856 -10.221636 -9.165949
-19.972105 -17.017080 15.615657 0.633556 -2.417896 -6.963143 1.024536 0.560582 20.927944 14.993916 0.713056 3.376677 24.657219 7.511846 5.472089 10.636414 23.211939 4.978680 -7.715608 2.266572 13.983681 -13.787475 -0.923264 -1.749122 -39.306335 -8.997113 16.612450 -18.880482 -9.991269 -8.686721
-20.296827 -16.546387 15.843533 0.820633 -2.522206 -6.564548 0.967857 0.188919 20.624769 15.687199 1.058021 3.173619 24.607403 7.603752 5.362056 10.068160 23.758196 4.376136 -8.608899 3.059604 13.854583 -14.692172 -1.744686 -1.046159 -39.185200 -9.304424 16.802094 -18.440842 -10.582091 -8.336448
-20.827221 -16.030939 15.566035 0.590533 -2.690018 -6.351817 0.675881 0.035873 20.277807 16.123171 1.279938 3.154619 24.419495 7.929062 5.460749 9.521286 24.260326 3.685762 -9.291557 3.698090 12.761811 -15.626988 -2.408632 -0.369814 -39.278118 -9.672174 16.649807 -18.197348 -10.431122 -8.062189
-20.916134 -15.606088 15.672595 0.807715 -2.895626 -5.989110 0.301915 -0.540745 19.941099 16.760483 1.155959 3.168401 24.206707 8.112675 5.557559 8.410680 24.898352 2.732902 -10.271921 4.758547 12.192399 -16.925093 -3.293400 0.297933 -39.162975 -10.101759 16.465717 -17.733330 -10.805539 -7.842144
-21.434633 -15.354625 15.412054 0.447294 -2.835285 -5.693472 0.232401 -0.706915 19.892338 17.053268 1.189776 3.089780 23.718945 8.357325 5.503967 7.750009 25.425772 2.171524 -10.693342 4.963244 11.606776 -17.714687 -3.832169 0.892125 -39.051815 -10.347408 16.317188 -17.253426 -10.746804 -7.821941
-21.792883 -15.003912 15.415133 0.564878 -2.853790 -5.167850 0.174817 -1.188498 19.781359 17.629648 1.185572 2.946170 23.302883 8.561007 5.304397 7.037298 25.981726 1.523103 -11.216725 5.269281 11.634529 -18.491583 -4.220529 1.297131 -38.775478 -10.261456 16.488026 -16.834068 -10.502295 -7.693838
-21.908911 -14.585699 15.544815 0.916310 -3.063625 -4.736906 -0.013781 -1.663737 19.476377 18.182114 1.170000 2.864571 23.217764 8.838568 5.215693 6.486176 26.224995 1.174831 -11.746317 5.734788 11.630977 -19.372936 -4.560362 1.508918 -38.730373 -10.554561 16.481594 -16.853235 -10.360302 -7.303604
-22.200785 -14.321716 15.332821 0.780523 -3.230880 -4.609560 -0.362707 -1.864831 19.136526 18.519833 1.209039 2.847267 23.082165 9.100194 5.179347 6.095299 26.371378 1.060432 -12.074635 5.918546 11.606081 -19.925688 -4.552185 1.723490 -38.583843 -10.700711 16.373611 -16.842209 -10.400436 -7.219957
-22.343044 -14.303347 15.186313 0.658868 -3.286652 -4.620508 -0.555575 -1.918284 19.040747 18.577274 1.243863 2.887451 22.834040 9.241859 5.183678 5.918928 26.486179 0.965822 -12.157906 5.774146 11.596676 -20.317499 -4.611622 1.792120 -38.497349 -10.817305 16.265194 -16.828556 -10.286668 -7.179628
-22.383858 -14.263432 15.058382 0.685336 -3.313190 -4.544780 -0.680856 -2.031919 18.986216 18.665394 1.224095 2.888379 22.744984 9.282112 5.151102 5.842757 26.589996 0.906356 -12.182393 5.742089 11.484222 -20.502005 -4.641167 1.845756 -38.481781 -10.849864 16.231770 -16.808081 -10.403798 -7.189789
-22.357668 -14.263529 15.159569 0.657150 -3.246307 -4.565946 -0.475723 -1.903779 19.104061 18.568806 1.227411 2.876197 22.818886 9.245594 5.155308 5.954479 26.486959 0.988141 -12.184014 5.780396 11.624540 -20.342066 -4.622244 1.769785 -38.488728 -10.809505 16.287352 -16.820793 -10.302129 -7.168550
-22.294882 -14.343246 15.403129 0.739552 -3.241786 -4.667854 -0.351817 -1.815742 19.125170 18.426361 1.201107 2.855761 23.085693 9.089891 5.144835 6.245265 26.338215 1.161151 -12.079756 5.897956 11.917653 -20.044958 -4.600193 1.644652 -38.521839 -10.712358 16.425634 -16.852644 -10.203137 -7.123995
-21.901682 -14.722101 15.445316 0.957188 -3.079990 -4.857760 -0.168185 -1.672278 19.426376 18.115133 0.997495 2.881950 23.261742 8.888036 5.262912 6.528743 26.106964 1.348216 -11.838338 5.926745 12.440194 -19.677860 -4.449776 1.417705 -38.463593 -10.485909 16.605690 -16.897762 -10.064926 -7.175688
-21.316679 -15.132632 15.462282 1.302674 -2.750646 -5.001356 0.220041 -1.516957 19.964758 17.791393 0.849129 3.062038 23.377735 8.783938 5.555450 7.423410 25.414545 2.190225 -11.314058 5.484172 12.885708 -18.924900 -4.323812 0.871285 -38.561729 -10.166656 16.714865 -17.026896 -9.959849 -7.386379
-20.858408 -15.603676 15.480795 1.702288 -2.634364 -5.183697 0.304138 -1.492412 20.228159 17.456734 1.048702 3.054834 24.002384 8.448411 5.547350 8.569648 24.846025 2.835804 -10.957787 5.542720 13.689798 -18.153048 -3.728247 0.055212 -38.651943 -9.841549 16.905628 -17.525524 -9.128905 -7.383690
-20.305634 -15.828911 15.732295 1.855773 -2.382313 -5.633367 1.270872 -0.557615 20.810671 16.584658 0.931161 3.030517 24.332123 8.222717 5.701485 10.046314 23.972588 3.858177 -9.820982 4.694132 14.870096 -17.311605 -2.776461 -0.939615 -38.621075 -9.086721 17.364868 -18.106152 -8.437516 -7.520732
-19.743353 -16.456244 16.246952 2.002976 -2.437228 -6.305625 1.539536 -0.005070 21.030693 15.654953 0.492577 3.223390 24.528999 7.842681 5.797582 11.373090 23.230721 4.634743 -8.681681 3.753628 16.013657 -16.201006 -1.822320 -1.702373 -38.413651 -7.742988 18.150928 -18.392374 -7.142260 -7.706879
-18.279234 -16.981951 16.460663 2.755709 -2.583134 -7.135662 1.562636 0.433324 21.178095 15.035036 -0.486548 3.469756 24.739079 7.635851 6.245026 12.796020 21.674860 6.227091 -7.177924 2.608127 17.420427 -15.179771 -1.668704 -2.867037 -38.517101 -6.859433 18.709692 -18.495796 -4.857654 -7.748588
-17.022211 -17.811064 16.464924 3.255090 -2.700437 -7.960759 1.386123 0.749195 21.289455 14.305806 -1.206206 3.970087 24.619761 7.738570 6.783173 14.183055 20.568937 7.484494 -5.400537 0.978643 18.109163 -13.850768 -1.508649 -4.317840 -38.881855 -6.038781 18.793652 -18.579836 -2.297826 -8.292478
-15.585479 -18.264399 16.541386 3.184343 -2.768297 -9.290511 1.649635 1.838421 21.190964 13.638936 -2.133970 4.202813 24.143040 7.481462 6.926389 15.443506 19.295588 9.430952 -3.383629 -1.406091 18.476576 -12.388549 -2.267056 -5.801736 -39.222366 -5.116810 18.842228 -18.000669 -0.646690 -9.217649
-13.401532 -18.786381 15.787922 3.952779 -3.498448 -10.964476 0.390014 2.243178 20.587030 13.283785 -3.788461 4.264349 24.151941 6.696217 7.345541 15.941248 17.516363 11.526932 -1.233886 -3.239675 18.665075 -11.247066 -3.526436 -7.379887 -39.683720 -3.638421 19.218945 -17.404287 1.428795 -10.146098
-11.452507 -19.126621 15.764371 3.988989 -3.681696 -12.862344 0.573872 3.619886 20.359953 12.345856 -5.241992 5.186489 23.975769 6.345199 8.525149 14.406587 16.862017 11.938962 0.361424 -4.245174 19.729225 -9.217934 -4.666852 -8.681114 -39.970562 -2.249990 19.540426 -16.593668 4.278686 -10.917240
-9.178322 -19.067209 15.450238 4.356885 -3.897640 -14.088758 0.183381 4.080427 19.770281 12.408937 -6.708106 5.429227 23.898727 5.808620 9.327905 12.449875 15.916406 12.718991 1.444844 -5.015286 17.945395 -8.409169 -5.192673 -10.369871 -40.640251 -0.736302 19.326221 -16.565901 7.485200 -11.892958
-7.218308 -19.541456 13.725749 3.839024 -3.478938 -15.514523 0.049113 5.172702 19.886593 12.181775 -7.931792 5.404465 23.689001 5.584296 10.688874 9.446861 14.882165 13.132354 2.572907 -5.779394 14.712607 -7.460591 -4.143548 -12.056423 -40.616173 1.169617 19.010908 -16.141666 11.054219 -13.080332
-4.023067 -19.825378 10.391028 5.016104 -3.044299 -17.029825 -1.060120 5.120875 21.020451 9.619566 -7.369264 4.385448 22.785704 4.750374 11.766487 7.529834 13.315751 13.958213 2.939207 -6.550619 16.302790 -11.872304 3.874408 -14.761540 -35.267509 2.087491 17.107731 -15.442461 19.644821 -14.016909
-1.365217 -19.531673 7.387610 4.771946 -2.646691 -17.950048 -1.562046 5.949287 20.898119 10.606758 -7.460193 4.314147 23.254860 4.416206 12.174745 3.429004 13.070212 14.174289 2.080185 -5.728509 14.209207 -14.504384 6.191169 -13.922524 -33.766438 1.572320 14.271817 -14.411129 24.874310 -15.267166
0.394685 -18.639702 5.672860 4.705162 -2.700807 -18.595490 -1.788266 6.800533 20.300018 11.573435 -7.949248 3.923049 23.524982 4.118791 12.112989 0.627766 12.295412 15.209285 1.787255 -5.484810 14.505806 -17.675142 7.499036 -11.502628 -31.212948 1.084328 12.408322 -12.167221 30.547731 -15.737648
1.637720 -18.101339 3.752856 3.757864 -2.463405 -19.753786 -1.574024 8.344692 20.178120 11.696891 -9.143348 3.752392 23.772491 3.806538 11.743700 -1.253940 11.633309 16.348057 1.313240 -5.368853 12.187814 -19.818722 9.436547 -8.154366 -28.884529 -0.817343 9.437531 -9.873772 33.712254 -16.404898
2.693870 -17.384277 2.126418 3.735376 -2.644078 -20.480764 -1.802299 9.266371 19.849783 12.324228 -9.617896 2.884891 23.448427 3.816443 11.027313 -2.569881 10.431948 17.794466 1.017101 -6.502313 10.067033 -20.031290 12.214958 -2.798265 -26.543423 -3.258888 6.697725 -7.863310 36.412308 -16.261784
1.285395 -17.262486 0.136910 1.601146 -2.439907 -21.104099 -1.159670 11.677133 19.863497 12.863787 -10.708592 2.131304 24.134903 4.481508 9.867450 -4.320611 9.795857 18.952639 0.319649 -6.663640 6.806069 -17.673708 16.837273 5.492260 -26.483887 -6.882144 3.760376 -7.993790 35.733521 -16.974697
2.213522 -16.083521 -0.896532 0.155471 -1.830753 -21.521505 -0.520302 12.677965 19.986025 13.129477 -10.893517 0.376352 24.388447 3.607034 9.297149 -5.683408 8.353515 20.377949 -0.208630 -6.931183 2.523901 -18.619001 20.642920 11.618801 -24.901283 -13.275406 -1.521954 -6.835953 31.672564 -17.235395
3.113771 -14.734337 -2.828128 -0.362497 -0.769329 -21.680658 1.454108 14.515517 20.590664 14.191216 -11.186259 -2.320115 24.553139 3.221021 8.612802 -7.717565 7.449828 21.729315 -0.413055 -6.604561 1.138667 -21.417013 21.855686 15.042395 -23.048355 -16.485243 -4.661852 -4.902337 30.995745 -18.698877
5.520034 -11.888496 -3.570029 0.016017 -0.676712 -21.915403 3.195579 16.117361 20.003172 16.028011 -11.178776 -5.292200 24.566122 2.654267 8.012088 -9.233318 5.974569 23.314602 -0.369086 -6.889385 -0.251657 -21.552225 20.408449 17.461748 -21.354851 -17.219337 -5.698927 -1.055894 31.871004 -19.652004
6.713490 -8.881906 -4.190269 0.711710 -1.010419 -21.626162 4.872537 17.550915 19.536091 17.467743 -12.284546 -7.763297 24.263174 1.941076 7.519704 -10.503470 4.974526 23.474585 -0.396053 -6.894221 -0.966030 -20.668720 20.550142 19.761553 -19.852478 -16.513535 -5.008495 1.523710 32.341125 -19.768942
6.638752 -6.414182 -5.106264 0.926853 -1.781339 -21.234375 5.533423 18.556927 19.172819 17.474733 -12.613388 -10.346185 24.015369 1.388971 7.207798 -11.723298 4.304611 21.757433 -0.642161 -7.318197 -1.073965 -19.567282 21.528322 21.936840 -17.699368 -15.400143 -3.981843 4.665311 31.758680 -20.044977
6.544585 -4.030531 -5.402924 0.702131 -2.468344 -20.347170 6.171562 18.949211 18.889601 17.121311 -12.537410 -12.754502 23.796453 0.827433 7.509821 -12.553800 3.411572 19.411074 -0.226648 -8.441201 -1.468075 -17.029810 24.201017 24.313246 -14.777189 -14.325472 -3.554893 8.188946 30.667862 -20.666025
6.572264 -1.633544 -6.234924 1.128592 -3.238514 -19.417547 6.540766 19.188625 18.569378 17.156490 -13.257689 -15.577399 22.596668 0.572986 7.973975 -12.937240 2.347507 17.705116 0.270694 -9.183051 -2.118463 -14.735507 26.979418 24.979074 -11.186168 -12.507374 -3.217162 12.359022 28.694092 -22.254843
5.981962 0.412779 -7.450071 1.582243 -4.033969 -18.628828 7.036051 19.767727 18.713917 16.477074 -13.114254 -18.090401 22.006384 -0.237453 7.914817 -13.370721 2.158588 16.761465 0.175515 -8.821366 -1.840685 -12.841256 27.692183 27.228289 -8.300406 -11.118439 -2.893257 16.271652 24.664461 -24.058546
5.686981 2.181387 -8.588750 2.526217 -4.871603 -18.219999 7.590012 20.688015 18.510015 16.608646 -13.454767 -20.223347 21.575275 -0.818086 6.953097 -13.615233 2.394814 16.682661 -0.317269 -8.015609 -2.062283 -11.342153 28.174368 26.674181 -3.822785 -10.352113 -2.317861 21.426189 20.085161 -23.868509
5.083502 4.197133 -9.807848 3.201839 -5.761003 -17.542103 8.033986 21.440582 18.323915 16.657274 -13.803549 -22.186497 21.320107 -1.399545 5.907306 -13.671030 2.573480 17.081367 -0.580524 -7.270061 -1.369130 -12.258365 27.513929 25.030882 -0.542751 -10.361626 -1.901458 25.129665 17.073103 -23.625952
5.030774 6.098417 -10.805313 2.667596 -6.506544 -17.098616 7.715390 21.742899 17.556551 16.868202 -13.453183 -24.041241 20.015228 -1.939926 5.044792 -14.336215 3.184361 17.087410 -1.107314 -6.824120 -0.739453 -13.309689 25.597185 24.647860 1.582385 -10.548608 -1.213097 28.010769 13.787992 -23.226282
4.774641 8.117632 -11.850601 2.012493 -7.075613 -16.568388 7.663496 22.120022 17.123041 16.834671 -13.263252 -25.768393 18.714247 -2.526296 4.018795 -14.718102 3.945286 17.336962 -2.082770 -6.236017 -0.322800 -15.606739 22.909185 25.379578 2.286458 -10.946331 -0.831823 29.448746 11.349444 -23.042637
4.903134 10.437232 -12.236458 1.284465 -7.624954 -15.395604 7.576672 21.876854 16.089369 18.130424 -14.132279 -27.698784 17.511581 -2.650024 2.610507 -15.311847 4.956497 17.783876 -2.977454 -5.773383 0.079195 -18.846922 19.513372 24.914316 3.232640 -12.113312 -0.548860 30.927799 9.458613 -21.590723
4.803986 12.558136 -13.250399 1.308445 -8.531643 -14.594910 6.988598 21.737244 15.092381 18.889301 -14.609754 -28.883240 16.035982 -3.005623 1.610348 -15.575336 5.676944 18.151096 -3.737575 -5.562704 1.018439 -22.462427 16.446974 24.390776 3.819185 -13.208496 -0.316483 31.648909 6.702826 -20.605486
3.673320 14.383010 -13.951485 1.107740 -9.014198 -13.720534 7.325068 22.072405 14.717537 19.044477 -14.815773 -29.601696 14.806989 -2.994744 0.692894 -15.721891 6.796404 18.126274 -4.484466 -5.026602 1.837101 -24.625124 13.903158 23.398844 4.284552 -14.155336 -0.041946 32.528675 5.174198 -19.621435
2.466501 15.345480 -14.827770 1.091993 -9.484762 -13.170328 7.149807 22.240425 14.382933 19.097672 -15.807240 -30.379343 13.414119 -2.701946 -0.376642 -15.794141 7.826975 18.181570 -4.905632 -5.172288 2.557534 -26.568941 12.220554 22.421831 4.570710 -14.714457 0.128301 32.820877 3.573168 -19.103525
0.946154 16.023380 -15.482440 1.593352 -9.850921 -12.538492 7.394034 22.515179 14.226860 19.288689 -15.970556 -30.337095 12.900056 -2.450882 -0.949146 -15.720053 8.550183 18.163633 -5.323406 -4.882103 3.364224 -28.078306 10.515160 22.390413 4.232296 -15.109444 0.202933 32.596802 2.134283 -19.066851
0.064477 16.462952 -15.647991 1.321887 -9.931819 -12.247858 7.609317 22.757761 14.098609 19.298029 -16.819908 -30.465948 11.638498 -2.507173 -1.499664 -15.895158 9.109380 18.112564 -5.835474 -5.104227 4.001926 -28.976381 9.377661 21.920763 4.099976 -15.428036 0.275697 32.408539 1.181791 -18.837534
-0.610843 16.696333 -15.757697 0.986996 -9.882895 -12.075052 7.843265 22.969717 14.135569 19.209297 -16.785940 -30.630264 11.558286 -2.544114 -1.737575 -15.755488 9.425992 18.008287 -6.051816 -4.822799 4.435001 -29.652042 8.868293 21.556707 3.922557 -15.527826 0.299930 32.020771 0.613691 -18.874479
-0.790502 16.751734 -15.755154 0.904971 -9.899634 -12.040689 7.830870 22.986256 14.075306 19.188698 -16.690660 -30.666609 11.547891 -2.674488 -1.808524 -15.641312 9.497523 17.910910 -6.197267 -4.669678 4.628527 -29.984909 8.576864 21.403902 3.938539 -15.589390 0.334852 31.992594 0.436191 -18.823574
