-17.622200 -26.534824 9.478733 -1.868988 -6.026502 -17.361712 -13.893367 -1.555849 15.790890 9.094125 2.987732 6.349084 11.960274 16.060871 9.910055 6.500126 23.088381 8.254870 5.053607 -18.665457 10.442664 3.233204 15.829960 2.566535 -35.359047 -22.737707 -4.630235 -15.252214 -5.280869 -19.788511
-16.993876 -26.627150 8.992224 -1.889589 -6.088329 -18.012196 -14.192386 -1.226597 15.664261 8.947603 2.623798 6.464767 11.724587 16.066572 9.980392 6.070534 22.904844 8.609080 5.217052 -19.025324 9.534730 2.812662 15.532422 2.440375 -35.392246 -22.429121 -4.840499 -14.888009 -4.230060 -20.151136
-16.200628 -26.636106 8.228795 -1.870631 -6.239630 -18.795237 -14.670264 -0.842540 15.412610 8.853368 1.866069 6.567223 11.393703 16.122599 10.181540 5.328906 22.433214 9.194358 5.459197 -19.419403 8.471564 2.493908 14.790052 1.903119 -35.616642 -21.900459 -4.926369 -14.330120 -2.740239 -20.659992
-14.833816 -26.770247 7.036907 -1.740199 -6.068183 -19.365122 -15.229710 -0.815923 15.262249 9.306345 0.419567 6.422356 11.266377 16.145741 10.628379 3.707317 21.136955 10.626086 5.660764 -19.660828 7.499850 1.894572 13.690097 1.385015 -35.729542 -21.890461 -5.564690 -13.540304 -0.229264 -21.137674
-12.119857 -26.663546 4.721342 -1.810899 -5.642087 -20.834658 -15.486474 0.217702 15.313813 9.573620 -1.242738 6.410940 10.829936 16.317425 10.912214 2.380687 19.721222 12.052347 5.696177 -20.224392 6.801562 0.998006 11.260293 0.678259 -35.924580 -22.418018 -6.627090 -12.042259 2.077422 -21.895086
-10.412283 -26.723059 2.880156 -1.848739 -5.537776 -21.992815 -16.310848 0.668984 15.106960 9.743088 -2.598866 6.160219 10.275203 16.352104 11.126209 0.905750 18.724985 13.107259 5.797521 -20.788881 5.837948 0.622824 9.531061 0.793970 -36.011898 -23.546679 -7.962921 -10.627446 3.830689 -22.516420
-9.654681 -26.673239 1.604550 -1.925497 -5.673812 -22.873068 -17.056492 1.027566 14.839775 9.614899 -4.282371 6.164854 9.328519 16.652912 11.171250 -0.403400 18.051123 13.796845 5.772259 -21.533501 4.197464 0.222324 7.968739 1.249233 -36.239651 -25.046240 -9.648552 -9.516049 5.290597 -22.990164
-8.271627 -26.287558 -0.004347 -2.136268 -5.673726 -24.201166 -17.268822 2.174465 14.682911 9.341946 -5.732061 5.947818 9.123917 16.426586 11.130032 -1.695473 17.238089 14.797764 5.669629 -21.660299 2.205340 -0.673023 6.120296 1.720120 -36.450142 -26.597095 -11.342618 -8.395844 5.865260 -23.439871
-7.594813 -25.903017 -0.988465 -2.139524 -5.778219 -24.817884 -17.508921 2.707602 14.477316 9.300008 -6.618731 5.873246 8.745307 16.449541 11.090911 -2.520079 17.018721 15.066758 5.507482 -21.715250 1.180761 -1.142277 4.726859 2.248794 -36.639980 -27.409000 -11.890828 -7.575542 6.865555 -23.318167
-7.032216 -25.576159 -1.866388 -2.151052 -5.831688 -25.253645 -17.615669 3.175525 14.414310 9.265787 -7.125032 5.622312 8.715319 16.272232 11.046565 -3.044837 16.698946 15.392215 5.488052 -21.689127 0.508292 -1.455745 4.039495 2.500225 -36.776863 -27.852814 -12.245975 -7.194194 7.336025 -23.294586
-7.253452 -25.696459 -1.768750 -2.361866 -5.711711 -25.302364 -17.396029 3.316772 14.544418 9.039364 -7.274032 5.732026 8.882453 16.268761 11.118563 -2.728661 16.386408 15.596881 5.520723 -21.702782 0.348317 -1.526986 4.408986 2.435739 -36.745941 -27.598799 -12.194324 -7.408359 7.494540 -23.356909
-8.244286 -26.101398 -1.022416 -2.913459 -4.969013 -24.752359 -15.939495 3.656888 15.441671 8.404055 -7.208683 6.353424 9.760316 16.254684 11.544858 -0.800518 15.365166 16.093328 5.794676 -21.524721 0.569375 -1.693472 7.436194 1.518826 -36.459023 -25.124769 -10.753926 -9.157185 8.360261 -23.389526
-9.118738 -26.358952 1.564903 -3.388654 -3.796293 -23.602320 -12.617043 4.301527 16.914778 7.862888 -5.626095 6.549205 11.868363 15.731154 12.049403 1.903415 14.688741 15.541494 6.126913 -20.349503 2.887359 -3.622577 9.957207 0.309374 -35.746113 -20.933834 -6.758211 -11.377555 9.612418 -21.900646
-11.116114 -26.353052 6.095134 -2.735472 -3.587647 -21.437767 -9.653401 3.951273 17.900259 7.409873 -1.809148 5.736494 14.817582 14.312775 11.910419 4.647595 15.288828 14.350610 6.420854 -18.639631 6.287521 -4.096322 14.713423 0.262408 -34.943073 -18.168928 -3.265550 -15.130430 6.482551 -19.781191
-12.075989 -25.782583 9.514969 -0.294579 -2.549969 -16.997564 -6.379138 1.767003 19.508131 9.388664 1.084800 4.504762 17.318890 14.090810 10.580936 9.489840 15.672727 14.108188 5.472733 -16.520155 9.990071 -4.644063 18.292906 -1.612995 -35.031197 -13.944607 2.073331 -19.613340 1.719391 -17.358110
-12.698215 -24.584064 12.199806 2.464604 -0.422296 -11.366588 -1.548846 -0.432589 22.619268 12.115095 2.395113 3.621207 20.766363 12.706308 9.143576 14.500196 15.178882 13.923929 1.795365 -10.994740 13.544460 -7.101205 18.645388 -4.310037 -34.999996 -11.356845 5.476509 -22.458857 -3.288412 -15.964235
-14.335299 -23.438116 13.194766 2.630806 1.831503 -7.033651 2.542999 -1.449010 25.416296 13.814440 3.398313 3.124076 23.689762 11.928419 7.457746 17.325228 15.232411 13.197526 -3.126682 -5.097589 13.818098 -7.866855 17.710691 -4.885054 -34.497524 -5.973878 10.580360 -21.146328 -6.537286 -16.632738
-15.190004 -20.964184 12.543566 3.504304 1.897187 -4.711360 3.911801 -1.667942 26.099356 14.851349 3.307556 2.767530 25.017227 11.062731 6.703384 16.665760 16.219612 11.742364 -6.677823 -0.746422 16.074829 -7.250080 15.991650 -3.493198 -34.347946 -3.662593 14.349456 -20.264954 -7.551268 -15.246176
-16.965460 -19.395271 11.216478 2.986725 1.353579 -4.246623 3.688022 -1.033983 26.123606 14.526267 2.869444 2.104089 24.955162 10.331732 5.780687 15.221721 18.071285 10.028671 -8.776191 1.354370 18.864405 -9.432477 14.806280 -2.894640 -34.078365 -3.059192 16.711151 -20.939932 -8.520363 -12.756110
-17.567923 -18.792009 10.584340 2.754213 0.815751 -4.535660 2.891355 -0.880347 25.698553 14.321700 2.735185 1.531401 24.252047 10.221178 5.211094 13.834785 19.476793 9.115917 -9.521254 1.731811 19.639427 -10.839604 13.989637 -2.514219 -33.863743 -2.122339 18.243446 -20.747032 -8.257486 -11.949324
-17.673117 -18.657614 10.557018 2.799426 0.558964 -4.697890 2.600135 -0.837027 25.471331 14.273389 2.848283 1.497717 24.064892 10.169494 5.099364 13.640826 19.794977 9.003301 -9.486460 1.564589 19.478033 -10.964622 13.463118 -2.296548 -33.976315 -1.986850 18.609583 -20.565342 -8.350170 -11.727311
-18.315056 -18.460484 10.687984 2.720575 0.229453 -4.592951 2.274716 -0.975449 25.210848 14.218507 3.126165 1.199473 24.084961 10.089585 4.964585 13.617452 20.091600 8.767365 -9.469000 1.674777 20.295797 -11.372773 13.254746 -2.017310 -33.761501 -2.677672 18.449028 -20.275366 -8.681161 -11.544749
-19.198647 -18.143732 11.329158 2.857519 -0.384226 -4.495631 1.744327 -1.332131 24.647814 14.081856 3.395461 0.759258 23.556173 10.062950 4.838747 13.102786 21.038809 7.903096 -9.172384 1.336056 20.966959 -12.641753 12.156551 -1.396226 -33.527416 -3.873790 18.120245 -19.728029 -8.158315 -10.958606
-19.738016 -17.529169 11.324230 2.950101 -0.867104 -4.318683 1.168376 -1.683706 24.062628 14.482155 3.629098 0.408569 23.060104 10.171186 4.582747 12.417649 21.889265 7.126019 -9.498810 1.389431 21.201155 -14.479375 10.563869 0.205466 -33.205914 -5.716685 17.553543 -18.882565 -8.177372 -10.069495
-19.946131 -16.811256 11.659864 3.609940 -1.433131 -3.801302 0.482998 -2.593887 23.334856 15.498054 3.832973 0.191926 22.331219 10.273277 4.411061 11.334862 23.328892 5.715126 -9.913151 1.558789 20.364632 -16.324400 8.850193 1.515045 -33.003464 -7.125933 16.758312 -17.726315 -7.536715 -9.768950
-20.929029 -15.984636 11.490849 3.518048 -2.159459 -3.137383 -0.672921 -3.609492 22.266314 16.412178 3.965675 -0.088766 21.618120 10.707317 4.329504 9.703525 24.808718 3.783442 -10.691214 2.369110 20.087536 -20.030695 8.667980 1.993716 -32.304249 -8.923750 15.283204 -17.844267 -7.121512 -9.154489
-21.628271 -15.450362 11.171529 3.562560 -2.652828 -2.374679 -1.891098 -4.849750 21.287169 17.650211 4.127696 0.163619 20.487728 11.618843 4.404494 8.533587 25.876598 2.671268 -11.158394 1.987951 19.583206 -24.509642 8.553264 2.694030 -31.744974 -10.764441 14.098864 -18.532528 -6.657127 -7.890020
-21.862009 -14.883243 10.489279 4.160465 -3.461974 -1.678226 -3.559185 -6.186867 20.258228 18.956562 3.955443 0.451230 19.071671 12.356648 3.852367 7.911726 27.159258 1.615687 -11.778056 1.494661 18.416090 -27.902056 8.980607 3.312101 -31.217432 -10.553198 14.072585 -18.923265 -5.654783 -7.242784
-21.694355 -14.454444 10.310545 4.855458 -3.995128 -1.212068 -4.551641 -7.140639 19.630930 19.992693 3.810180 0.878030 18.176851 13.169642 3.601477 7.541986 28.068159 0.835100 -12.542221 1.450715 16.942564 -28.843252 9.426135 3.864495 -31.262148 -9.799550 14.617877 -19.048092 -4.495025 -7.012096
-21.499765 -14.305231 10.047768 5.424863 -4.515795 -0.992617 -5.416295 -7.762344 19.205999 20.314638 3.670008 1.114503 17.542124 13.530304 3.457250 7.624049 28.265457 0.855219 -12.523492 0.815178 15.950152 -29.583866 9.914015 3.793971 -31.178856 -9.216154 14.683875 -19.190874 -3.680351 -7.229723
-21.507036 -14.283725 10.061035 5.425932 -4.514963 -0.964488 -5.426995 -7.800342 19.181618 20.364717 3.673380 1.155660 17.507812 13.555429 3.430037 7.618516 28.315416 0.823094 -12.579241 0.798911 15.799461 -29.597097 9.947950 3.709998 -31.227608 -9.168142 14.676299 -19.231201 -3.528114 -7.245363
-21.503145 -14.280727 10.062280 5.422098 -4.514432 -0.963090 -5.427815 -7.802594 19.181356 20.363205 3.673980 1.153625 17.510481 13.557053 3.428869 7.618566 28.316870 0.822697 -12.577206 0.798913 15.798512 -29.594671 9.948086 3.707238 -31.224720 -9.169338 14.676342 -19.228472 -3.527548 -7.242066
-21.503145 -14.280727 10.062280 5.422098 -4.514432 -0.963090 -5.427815 -7.802594 19.181356 20.363205 3.674008 1.153620 17.510454 13.557005 3.428856 7.618577 28.316839 0.822740 -12.577238 0.798918 15.798512 -29.594671 9.948086 3.707238 -31.224720 -9.169338 14.676342 -19.228472 -3.527548 -7.242066
-21.503145 -14.280727 10.062280 5.422098 -4.514432 -0.963090 -5.427815 -7.802594 19.181356 20.363205 3.674008 1.153620 17.510454 13.557005 3.428856 7.618577 28.316839 0.822740 -12.577238 0.798918 15.798684 -29.594454 9.947701 3.707958 -31.225121 -9.169313 14.676394 -19.228569 -3.527416 -7.242416
-21.503145 -14.280727 10.062280 5.422098 -4.514432 -0.963090 -5.427815 -7.802594 19.181356 20.363205 3.674008 1.153620 17.510454 13.557005 3.428856 7.618577 28.316839 0.822740 -12.577238 0.798918 15.798684 -29.594454 9.947701 3.707958 -31.225121 -9.169313 14.676394 -19.228569 -3.527416 -7.242416
-21.503145 -14.280727 10.062280 5.422098 -4.514432 -0.963090 -5.427815 -7.802594 19.181356 20.363205 3.674008 1.153620 17.510454 13.557005 3.428856 7.618577 28.316839 0.822740 -12.577238 0.798918 15.798684 -29.594454 9.947701 3.707958 -31.225121 -9.169313 14.676394 -19.228569 -3.527416 -7.242416
-21.503145 -14.280727 10.062280 5.422098 -4.514432 -0.963090 -5.427815 -7.802594 19.181356 20.363205 3.674008 1.153620 17.510454 13.557005 3.428856 7.618577 28.316839 0.822740 -12.577238 0.798918 15.798684 -29.594454 9.947701 3.707958 -31.225121 -9.169313 14.676394 -19.228569 -3.527416 -7.242416
-24.242350 -13.647185 13.300192 4.846605 -8.040100 -5.345955 -8.142246 -5.884893 16.855312 14.464902 5.253438 0.163403 16.864994 9.656887 2.434893 8.605260 30.259626 -0.006373 -8.321435 -3.138703 9.095564 -24.564322 10.122844 9.903379 -31.529686 -21.174374 7.392296 -18.218773 -9.132398 -4.358586
-24.242350 -13.647185 13.300192 4.846605 -8.040100 -5.345955 -8.142246 -5.884893 16.855312 14.464902 5.253438 0.163403 16.864994 9.656887 2.434893 8.605260 30.259626 -0.006373 -8.321435 -3.138703 9.095564 -24.564322 10.122844 9.903379 -31.529686 -21.174374 7.392296 -18.218773 -9.132398 -4.358586
-24.242350 -13.647185 13.300192 4.846605 -8.040100 -5.345955 -8.142246 -5.884893 16.855312 14.464902 5.253438 0.163403 16.864994 9.656887 2.434893 8.605260 30.259626 -0.006373 -8.321435 -3.138703 9.095564 -24.564322 10.122844 9.903379 -31.529686 -21.174374 7.392296 -18.218773 -9.132398 -4.358586
-25.216766 -13.763250 13.436235 2.744205 -8.295244 -5.839136 -8.403432 -4.807144 15.823835 15.663271 4.586221 -0.061220 17.545637 10.274122 1.776617 7.762928 31.712336 -0.409391 -7.758525 -2.880921 8.423027 -24.750360 9.384674 11.220976 -32.936890 -20.375839 7.481519 -18.906256 -9.230624 -5.495937
-25.689016 -14.057152 13.273748 3.065495 -8.391618 -6.035570 -8.386940 -4.531267 15.815227 15.681097 4.607213 -0.024777 17.629154 10.302368 1.769583 7.727949 31.837215 -0.579254 -7.681060 -2.824490 8.577572 -24.827358 9.450758 11.335838 -33.191723 -20.012554 7.544336 -19.301750 -9.422926 -5.925090
-25.696142 -14.061110 13.269630 3.080319 -8.393925 -6.039513 -8.385367 -4.526519 15.818142 15.681037 4.623668 -0.027997 17.628735 10.286636 1.772939 7.721355 31.841684 -0.591431 -7.682979 -2.821983 8.581604 -24.827776 9.442806 11.355839 -33.206928 -20.010103 7.544303 -19.309547 -9.424917 -5.942025
-25.697672 -14.061080 13.269701 3.091013 -8.393132 -6.042553 -8.379772 -4.522840 15.821979 15.674358 4.633851 -0.030114 17.633425 10.274956 1.777582 7.721644 31.841423 -0.596658 -7.676234 -2.822608 8.582296 -24.825462 9.439578 11.349604 -33.204067 -19.991461 7.554023 -19.303722 -9.415977 -5.946811
-25.697369 -14.062443 13.279605 3.110486 -8.393573 -6.038023 -8.373587 -4.527314 15.818578 15.686457 4.590764 -0.030331 17.649870 10.319712 1.775362 7.716979 31.853746 -0.585372 -7.656994 -2.817793 8.568995 -24.827208 9.457012 11.357601 -33.209499 -19.971731 7.547079 -19.323648 -9.460139 -5.961759
-25.689756 -14.053955 13.279160 3.104995 -8.393405 -6.034920 -8.374837 -4.532352 15.820868 15.680042 4.611157 -0.019856 17.633814 10.292919 1.774292 7.718966 31.846106 -0.586834 -7.676331 -2.817773 8.572397 -24.818342 9.445695 11.364826 -33.214050 -19.977606 7.550550 -19.320807 -9.445645 -5.951645
-25.689756 -14.053955 13.279160 3.104995 -8.393405 -6.034920 -8.374837 -4.532352 15.820868 15.680042 4.612018 -0.020018 17.633423 10.292233 1.774846 7.719011 31.845581 -0.587338 -7.676399 -2.817766 8.572062 -24.818398 9.447110 11.362945 -33.212692 -19.977724 7.550648 -19.320255 -9.445487 -5.950105
-25.691940 -14.056643 13.280877 3.105385 -8.392606 -6.035397 -8.374010 -4.532445 15.822407 15.674880 4.605182 -0.021352 17.634144 10.300957 1.782829 7.719786 31.843258 -0.591585 -7.666708 -2.821201 8.570608 -24.821226 9.453119 11.357715 -33.209251 -19.977825 7.548961 -19.319160 -9.447792 -5.948800
-25.690434 -14.057855 13.279675 3.110168 -8.392884 -6.036887 -8.375010 -4.532606 15.822496 15.675379 4.591590 -0.025357 17.652088 10.319778 1.768490 7.715098 31.857567 -0.584074 -7.661421 -2.817549 8.569097 -24.821928 9.453889 11.357436 -33.208637 -19.977732 7.548604 -19.318916 -9.446823 -5.948808
-25.698198 -14.061602 13.275867 3.113937 -8.393720 -6.038514 -8.373918 -4.528177 15.822573 15.680000 4.616148 -0.024758 17.631340 10.290394 1.782910 7.718825 31.841196 -0.593762 -7.671671 -2.820873 8.566229 -24.808207 9.453014 11.350704 -33.197823 -19.980671 7.548816 -19.306507 -9.449418 -5.939020
