-2.604630 18.074945 -12.213466 0.624233 -12.406149 -14.241046 6.930827 24.386137 11.813845 17.161755 -17.074804 -31.475929 10.460383 -4.630418 -3.366567 -15.018252 12.592580 17.427195 -2.974266 -7.340804 -8.159623 -27.190786 4.964382 20.882513 -0.702467 -12.141563 2.028055 32.031055 -5.787885 -21.043837
-2.714373 17.980377 -12.235936 0.736585 -12.442561 -14.194835 6.951326 24.373497 11.935566 17.075535 -17.049404 -31.456593 10.358721 -4.614103 -3.366728 -15.056991 12.647872 17.443472 -2.946977 -7.517328 -8.147470 -27.222158 5.123107 20.814285 -0.823726 -12.106864 2.022774 31.766953 -5.892427 -21.184210
-2.830097 17.804731 -12.191072 0.626356 -12.479698 -14.166284 6.800930 24.279091 11.878258 17.119774 -16.843288 -31.535084 10.306851 -4.655765 -3.335770 -15.014556 12.736457 17.332846 -2.898602 -7.687758 -7.863933 -27.430882 5.150653 21.016645 -1.155079 -11.876099 2.045678 31.270012 -6.199087 -21.721537
-2.878922 17.629711 -12.159296 0.597180 -12.528637 -14.126973 6.660951 24.144409 11.940149 17.005177 -16.416559 -31.678329 10.612311 -4.682447 -3.383540 -14.795928 12.877082 17.187000 -2.818177 -7.772822 -7.450750 -27.715027 5.629711 21.409498 -1.715738 -11.341999 2.115717 30.233578 -6.605021 -22.570230
-3.121207 17.478662 -12.071049 0.618526 -12.590837 -13.969648 6.633059 23.997313 12.107586 16.752163 -15.813517 -31.684385 11.144245 -4.609883 -3.369600 -14.494892 12.963539 17.035275 -2.685537 -7.767168 -6.969449 -28.166842 5.909000 21.636930 -2.455238 -11.031094 2.085056 28.930374 -6.973560 -23.251406
-3.473320 17.037870 -12.145476 0.557467 -12.618048 -13.988402 6.405756 23.851189 12.364607 16.189735 -15.125799 -31.731243 11.601621 -4.494173 -3.567757 -14.143093 13.240338 16.904238 -2.610442 -7.873475 -6.198271 -28.482431 6.458919 22.100414 -3.511795 -10.360093 1.983711 27.331890 -7.652169 -24.676855
-3.965885 16.673311 -12.117294 0.590276 -12.667873 -13.906834 6.342899 23.724361 12.712709 15.516171 -14.577348 -31.874271 11.895871 -4.506194 -3.728792 -13.811826 13.448990 16.737703 -2.662688 -7.909842 -5.338798 -28.964134 7.187689 22.233774 -4.271920 -9.648847 2.084380 25.933992 -8.030081 -25.891436
-4.438553 16.230894 -12.023964 0.653733 -12.646533 -13.851398 6.404730 23.679407 13.071007 15.114683 -13.721230 -31.914497 12.259772 -4.791515 -3.671116 -13.423903 13.502454 16.382549 -2.813392 -7.794199 -4.582183 -29.765192 7.877841 23.003271 -5.541096 -8.945140 2.064344 24.093647 -8.410531 -27.541702
-5.169243 15.610652 -12.002666 0.703304 -12.557550 -13.848885 6.568005 23.766472 13.551212 14.516630 -13.174383 -32.002087 12.823922 -4.683968 -3.967033 -13.056581 13.986535 15.946477 -2.864727 -7.777009 -4.034506 -30.166723 8.509221 23.134905 -6.400097 -8.730909 2.147340 22.525990 -8.772504 -28.044592
-5.928539 15.083745 -11.953175 0.658018 -12.506845 -13.795724 6.703118 23.825928 13.992939 13.920769 -12.516340 -32.062405 13.357483 -4.503045 -4.154436 -12.866063 14.506574 15.573660 -2.848747 -7.784443 -3.550651 -31.060892 8.806796 23.370693 -7.464055 -8.371723 2.093573 20.910461 -8.931991 -29.104494
-6.870202 14.318943 -12.079582 1.134744 -12.584358 -13.804461 6.673166 23.792900 14.637402 12.864586 -12.003572 -32.001251 13.887005 -4.447132 -4.339355 -12.387223 14.800200 15.068553 -3.016726 -7.673260 -3.018975 -32.023281 8.977514 23.966658 -8.797171 -7.920141 2.267925 19.168173 -9.135652 -30.112602
-7.723916 13.904064 -12.111959 0.954105 -12.609659 -13.542926 6.720107 23.724182 15.067105 12.216585 -11.470776 -32.069786 14.158991 -4.647094 -4.561031 -11.900520 15.007186 14.699125 -3.244766 -7.673787 -2.378562 -32.630329 9.391532 24.339787 -9.626756 -7.470163 2.473885 17.777792 -9.786099 -30.834032
-8.614525 13.355012 -12.243801 0.844393 -12.586295 -13.402833 6.721564 23.706673 15.484107 11.574278 -10.856018 -32.202389 14.542050 -4.693103 -4.943452 -11.387832 15.419500 14.266665 -3.452313 -7.662090 -1.825411 -32.799904 9.899258 23.962948 -9.984527 -7.218821 2.647660 16.815102 -10.492684 -31.042253
-9.294608 12.934471 -12.535127 1.046102 -12.647453 -13.337590 6.762230 23.774691 15.978107 10.914862 -10.451518 -32.285244 15.094718 -4.690843 -5.389174 -11.187485 15.782372 13.974320 -3.648082 -7.603454 -1.375765 -32.893597 10.501661 23.641895 -10.286932 -7.015553 2.852255 15.862971 -10.874915 -31.034136
-10.265594 12.497159 -12.602835 1.219313 -12.652272 -13.132490 7.024496 23.868793 16.521187 10.299074 -10.073422 -32.315762 15.546027 -4.651574 -5.753681 -10.862288 16.153662 13.562041 -3.860092 -7.610873 -1.083732 -32.927631 11.238960 23.572535 -10.704268 -6.678457 2.993042 14.876465 -11.151885 -31.319170
-10.808603 12.325476 -12.543104 1.420405 -12.814365 -12.896797 7.026416 23.769054 16.691549 9.985476 -10.148447 -32.325966 15.864338 -4.358961 -5.975733 -10.529982 16.429150 13.179502 -3.957612 -7.550793 -0.785365 -32.947605 11.466373 23.767542 -10.980692 -6.645130 3.207483 14.261356 -11.506362 -31.086527
-11.293938 12.229242 -12.367312 1.570114 -12.881384 -12.635273 7.192862 23.711740 16.853439 9.832025 -9.959581 -32.429695 16.172485 -4.200518 -6.262784 -10.331269 16.707575 12.910626 -4.145524 -7.491929 -0.505279 -32.757198 11.756656 23.602125 -11.011348 -6.486445 3.360660 14.064395 -11.865689 -31.179689
-11.774526 12.233015 -12.179218 1.453558 -12.942299 -12.360092 7.292855 23.625614 16.946836 9.642672 -9.872416 -32.490871 16.276405 -4.155770 -6.381339 -10.258782 16.868740 12.770247 -4.215097 -7.499272 -0.245376 -32.718647 11.766829 23.615356 -11.197347 -6.493603 3.499447 13.760303 -12.221989 -31.092569
-12.108177 12.105537 -12.167105 1.483834 -13.001879 -12.316554 7.286189 23.621899 17.049362 9.419301 -9.838835 -32.606308 16.354946 -4.103288 -6.495640 -10.239816 16.990597 12.688890 -4.272520 -7.433415 -0.127379 -32.694031 11.776745 23.611929 -11.286989 -6.428512 3.597019 13.650124 -12.273694 -31.132902
-12.243571 12.097051 -12.193345 1.450969 -13.020307 -12.269609 7.315528 23.640614 17.115257 9.332875 -9.906427 -32.656967 16.402966 -4.083289 -6.508287 -10.185697 16.965834 12.649119 -4.274788 -7.415223 -0.065241 -32.731861 11.749788 23.633574 -11.330507 -6.444286 3.601741 13.586456 -12.308953 -31.112007
-12.087628 12.117123 -11.853505 1.446669 -12.984089 -12.137031 7.492256 23.573784 17.095154 9.530340 -9.899359 -32.649971 16.546925 -4.272532 -6.567254 -9.946237 16.777498 12.640328 -4.322145 -7.459625 -0.124734 -32.132603 12.035645 23.662775 -11.245901 -6.421748 3.619673 13.719178 -12.184973 -31.065140
-11.872540 11.952967 -10.782294 1.830539 -12.919748 -11.761341 8.158761 23.417427 17.318588 9.808437 -10.292758 -32.302822 16.831736 -4.826805 -6.491420 -9.018846 15.881602 12.633515 -4.308692 -7.482254 -0.412547 -30.651434 13.113458 23.732241 -11.115082 -6.260729 3.538793 13.797214 -12.033200 -31.191420
-11.349234 12.107571 -8.379775 1.951741 -12.837657 -10.776383 9.083735 22.734520 17.015013 10.961115 -10.948843 -32.105007 17.865686 -5.181852 -6.562361 -7.583398 14.945133 12.414454 -4.102457 -7.457637 -0.491709 -28.090174 14.378940 23.995691 -10.810069 -6.076335 3.904815 14.111966 -12.301133 -30.623981
-10.936960 11.923982 -5.509076 2.710886 -12.671126 -9.681131 10.362711 21.974234 16.825474 12.251355 -12.291414 -31.871881 19.185467 -5.676052 -6.447175 -6.029728 13.364495 12.442184 -3.962226 -7.243638 -0.512252 -23.459848 16.451757 24.091362 -9.708093 -5.632805 4.709078 15.364824 -13.091995 -29.594149
-9.335249 11.632118 -2.631250 3.213973 -12.374523 -8.886789 11.193841 20.913101 16.503672 13.686165 -13.802904 -31.029913 20.214703 -6.389503 -6.264649 -3.990975 11.666826 12.381089 -3.925202 -7.291138 -0.867136 -17.923243 19.467760 23.513739 -7.969579 -5.227419 5.657003 17.428339 -13.392920 -27.782255
-8.488123 10.710262 -0.565992 4.815801 -12.251701 -8.616162 11.828320 20.122606 16.890066 13.984438 -16.015488 -29.639399 20.923164 -6.261933 -6.058832 -1.972689 10.440709 11.682156 -3.716359 -7.937544 -1.551012 -12.524463 22.123785 21.986830 -5.620511 -6.036989 6.294901 19.799953 -12.828447 -23.943775
-7.228221 10.455688 2.106841 5.820710 -12.224782 -7.905210 12.406253 18.939796 16.785227 15.092516 -16.983631 -28.528999 21.395065 -6.271410 -5.465940 0.180613 9.337073 11.052251 -3.738339 -8.230760 -2.090000 -7.378695 25.052454 22.534662 -4.696419 -5.945280 7.297260 20.579865 -12.526103 -20.747135
-6.653072 9.821855 3.906575 8.863169 -12.743969 -7.310328 12.358693 17.432842 17.202490 14.912802 -18.786581 -26.792463 21.516932 -5.724430 -5.321877 2.543047 9.289356 9.554317 -3.979291 -8.258746 -1.278091 -4.147434 27.881090 24.900232 -5.713031 -4.952052 8.756845 18.767418 -12.123797 -19.046770
-5.495297 10.451973 6.746535 11.458801 -13.315056 -5.831204 11.940883 14.400618 17.586332 13.330578 -20.743929 -24.688896 20.062920 -5.959290 -4.043227 5.538750 7.817409 8.414292 -4.105105 -8.877913 -1.013054 0.875135 28.748648 24.878992 -5.548882 -6.637232 9.748899 19.151360 -11.586573 -14.091477
-1.424393 13.031710 9.878313 10.571492 -13.503225 -3.155212 10.132062 8.828595 18.071917 9.034718 -22.216566 -22.873154 16.407349 -7.136252 -1.303858 8.922936 5.694378 6.539679 -4.572114 -9.637471 -0.505348 4.449090 30.114332 23.369684 -5.180274 -7.853606 10.996239 19.069700 -12.142770 -9.355429
2.550762 15.108356 11.946407 10.490211 -13.906856 -0.945828 8.311062 4.048980 18.276596 6.017211 -22.527151 -21.135178 11.639124 -9.157289 2.144509 11.906819 3.354692 4.452648 -5.209684 -10.977068 -0.467855 7.992247 31.586664 20.152987 -3.209114 -9.104501 12.287786 19.906731 -13.245158 -4.088786
5.253289 16.701075 13.689966 10.129618 -14.717311 0.844256 6.082674 0.039377 17.852734 4.347178 -22.219994 -19.556553 6.340666 -11.349207 5.743150 14.856604 1.081470 2.175400 -5.920652 -12.289014 -0.256975 7.725737 32.805252 18.002975 -2.811789 -10.313044 13.524581 18.397446 -13.825646 0.054486
6.743715 17.428154 14.397296 9.512865 -15.516163 1.987973 4.022244 -2.706806 17.745415 2.435151 -21.437317 -18.009583 3.424746 -12.434256 7.416305 16.013868 0.355377 0.351622 -6.806417 -13.063371 -0.212731 7.846115 32.892853 16.309465 -3.143346 -11.630539 14.427122 17.576344 -14.328656 3.738178
7.383213 17.727114 14.664864 8.030351 -16.090330 3.036277 1.854706 -4.969143 17.275908 1.631215 -20.374115 -16.816719 0.367824 -13.491238 8.120561 17.152781 0.562795 -1.378970 -8.425336 -13.728480 -0.260232 5.811515 31.754032 14.104015 -3.694957 -12.798453 14.732358 17.282759 -14.367428 5.490627
7.448659 17.678482 14.587772 6.119194 -16.485256 3.453940 -0.011372 -6.325255 16.901033 0.603967 -18.885986 -16.062344 -2.069987 -14.482187 8.245392 17.613146 1.084886 -2.822456 -9.954765 -14.449841 -0.154538 5.593858 30.394140 12.627493 -3.973250 -14.526453 14.330561 17.812037 -14.207417 6.926434
7.554040 17.504148 14.234640 5.237022 -16.975630 4.019216 -1.831946 -7.713552 16.219912 1.122720 -17.982643 -15.566709 -3.345934 -14.952823 7.735770 17.770632 2.231265 -3.839226 -11.313776 -14.662518 0.283980 4.992697 29.026997 12.319166 -4.460021 -15.710760 13.889940 17.678200 -15.008058 7.389884
6.592875 17.205730 13.631399 4.393838 -17.683817 4.374299 -3.819571 -8.837796 15.535999 0.957705 -17.140551 -14.821216 -4.466689 -15.100473 7.307145 17.996672 2.953225 -4.503324 -12.662303 -14.877615 0.693094 3.878927 28.836998 10.597374 -4.203496 -16.847681 13.861363 17.620846 -15.286817 8.865379
5.992452 17.042004 12.985611 3.470554 -17.724112 4.699406 -4.476459 -9.219493 15.680271 0.229316 -16.558912 -14.535900 -5.212250 -15.233493 6.852036 18.105003 3.505228 -4.853808 -13.425384 -15.385103 0.979061 4.144397 28.278746 9.995543 -4.114381 -17.952604 13.744834 18.021221 -15.761491 10.256145
5.750022 16.816278 12.671942 2.799450 -17.857607 4.778489 -5.322964 -9.684431 15.476492 -0.069659 -16.314299 -14.411654 -5.407286 -15.265602 6.720412 17.931255 3.657016 -4.965190 -13.596348 -15.495586 1.003558 4.102458 27.379240 9.945585 -4.631320 -18.630146 13.578404 17.783564 -15.902697 10.851435
5.730025 16.704550 12.452271 2.541011 -17.863344 4.756100 -5.592010 -9.796399 15.494755 -0.353087 -16.197929 -14.279847 -5.652047 -15.208928 6.665092 17.830683 3.828012 -5.089413 -13.681655 -15.682958 0.742913 4.055836 26.959415 9.991413 -4.803241 -18.921045 13.462014 17.747166 -15.887053 11.105118
5.675496 16.615877 12.561257 2.420505 -17.770716 4.822090 -5.486101 -9.797146 15.549945 -0.310163 -16.222956 -14.183851 -5.579113 -15.139499 6.645704 17.887259 3.811771 -5.003365 -13.687376 -15.593251 0.763956 4.410189 26.848646 10.116923 -4.911680 -18.890331 13.443053 17.756039 -15.828229 11.024033
5.554995 16.430294 12.704507 2.242106 -17.659334 4.822033 -5.381896 -9.766511 15.695586 -0.567012 -15.977526 -13.986869 -5.505696 -15.260807 6.573718 18.044067 3.882582 -5.060510 -13.838709 -15.581422 0.683400 4.797090 26.867548 10.044670 -4.953864 -18.802052 13.405841 17.780191 -15.957201 10.839760
5.658458 16.323671 12.882290 2.208412 -17.426783 4.933204 -4.979229 -9.711685 16.012518 -0.801349 -15.811848 -13.898011 -5.408164 -15.551082 6.541136 18.418800 3.778772 -5.090753 -14.065719 -15.424449 0.553558 5.474445 26.348747 10.737238 -5.335791 -19.009718 13.316083 17.890129 -15.720351 10.940485
5.477452 16.093826 13.197351 1.865939 -17.130983 4.918366 -4.500089 -9.479424 16.361078 -1.254160 -15.684729 -13.679677 -5.083142 -15.792892 6.645000 18.623022 3.559850 -4.828949 -13.982301 -15.369437 0.296715 6.469508 25.759825 11.199406 -5.792646 -19.290722 13.323157 18.104504 -15.324914 11.228405
5.600857 15.724592 13.526714 1.745721 -16.830072 4.865049 -4.193940 -9.435942 16.651117 -1.708600 -15.453877 -13.476882 -4.583741 -15.883294 6.659693 19.024817 3.511169 -4.852282 -14.153521 -15.000076 0.325866 6.967923 25.412333 11.078394 -5.882288 -19.483673 13.106781 18.445410 -14.844102 11.192530
5.558975 15.389385 13.911890 1.628198 -16.574507 4.713478 -3.873158 -9.322879 17.048075 -2.300321 -15.353622 -13.328869 -4.301907 -16.007328 6.814838 19.446241 3.187220 -4.799038 -13.908573 -15.068934 -0.244542 7.424662 25.297569 10.486852 -6.051260 -19.479198 12.908088 18.685238 -14.218266 11.051710
5.176264 14.953300 14.428963 1.518619 -16.210224 4.646967 -3.333188 -9.150990 17.559101 -2.886519 -15.044854 -13.077891 -3.456905 -16.294331 7.094513 20.024302 2.820774 -4.657407 -13.616083 -14.791550 -0.141853 8.239482 24.810186 10.921567 -6.734254 -19.721420 12.761518 18.511497 -13.267234 11.189411
4.870095 14.520086 14.642883 1.132038 -15.722536 4.645323 -2.740038 -8.930030 18.221479 -3.794631 -14.346159 -12.748761 -2.829193 -16.887959 7.134145 20.664858 2.632124 -4.598247 -13.710215 -14.493960 -0.012464 9.363388 24.790518 11.119363 -7.098068 -19.879486 12.497297 18.406363 -13.003954 11.124474
4.918748 14.069420 14.983276 0.637641 -15.224974 4.471345 -2.197202 -8.666789 18.744497 -4.511894 -14.183829 -12.685468 -2.005354 -16.927319 7.136874 21.312647 2.428666 -4.301528 -13.283312 -14.409322 0.009845 10.738265 24.732494 11.929591 -7.490234 -20.285906 12.384892 18.282001 -12.489535 11.854329
4.675562 13.586567 15.319009 0.153984 -14.762691 4.399826 -1.612633 -8.393478 19.297472 -5.148836 -13.631872 -12.520112 -1.041401 -17.135088 7.111339 22.021091 2.273519 -4.058674 -13.141094 -13.918645 0.362594 12.222073 24.810991 12.407078 -7.709398 -20.405575 12.659555 18.236774 -12.132164 12.666077
4.325686 13.153825 15.456161 -0.369577 -14.188187 4.243678 -0.756672 -7.797155 19.921709 -5.797748 -13.188721 -12.165736 -0.275644 -17.154480 7.145485 22.535915 2.291707 -3.921103 -12.909722 -13.681994 0.343560 13.344855 24.689899 13.072579 -8.410192 -20.577782 12.702821 17.718498 -12.102176 12.911642
4.116026 12.744881 15.372307 -0.704468 -13.910444 4.052788 -0.441329 -7.441343 20.286390 -6.511546 -12.757081 -12.217001 0.637627 -17.431749 7.124914 23.110601 2.174071 -3.779757 -12.841836 -13.187695 -0.127976 15.164773 24.212940 13.503132 -8.898602 -21.096199 12.990294 17.870041 -12.234534 13.880488
4.023688 12.439573 15.530141 -0.770536 -13.664196 4.006450 -0.115422 -7.371887 20.710390 -7.074070 -12.658192 -12.179717 0.980332 -17.420193 7.438857 23.516779 1.898577 -3.629043 -12.475983 -13.050612 -0.488082 16.386314 24.228563 13.905367 -9.193848 -21.114557 13.097387 17.767788 -12.101706 14.299896
4.018056 12.124969 15.563457 -0.848254 -13.480428 3.857604 0.138151 -7.231049 21.141493 -7.797596 -12.419550 -12.048053 1.510272 -17.454948 7.578014 24.226503 1.850102 -3.688870 -12.310780 -12.772687 -0.292255 17.788345 24.021910 14.976835 -9.733093 -20.994789 13.413014 17.587076 -12.358800 14.464808
4.016029 11.778776 15.515557 -0.668962 -13.333279 3.663278 0.388303 -6.976191 21.448053 -8.084654 -12.355032 -11.882110 1.821669 -17.432775 7.807401 24.612492 1.678830 -3.646402 -12.032494 -12.653529 -0.226029 18.738005 23.869352 15.713669 -10.090773 -20.972759 13.486464 17.588085 -12.334332 14.490362
4.199917 11.769851 15.378307 -0.699949 -13.273282 3.531708 0.470935 -6.888367 21.686235 -8.706531 -12.191172 -11.812263 2.033298 -17.436317 8.053977 24.906921 1.657211 -3.809813 -11.817757 -12.526774 -0.182298 19.935902 23.657068 16.465366 -10.525346 -21.006741 13.700715 17.567524 -12.160175 14.702705
4.029513 11.498236 15.372435 -0.421188 -13.138211 3.364435 0.759572 -6.735942 22.125654 -9.486473 -12.330077 -11.671670 2.199576 -17.189461 8.149613 25.099989 1.797664 -3.922170 -11.520933 -12.588265 -0.048158 20.655519 23.631941 16.793653 -10.831073 -21.054657 13.738430 17.395252 -11.917205 14.734157
4.023253 11.314037 15.346569 -0.544965 -13.083900 3.347605 0.726586 -6.796904 22.279638 -9.929783 -12.139055 -11.638829 2.179813 -17.497854 8.263836 25.219477 1.572503 -3.819632 -11.571463 -12.521399 0.072749 21.286093 23.500059 17.164484 -11.039480 -20.975273 13.852546 17.524923 -11.939170 14.652381
4.054923 11.342670 15.161047 -0.381652 -13.128397 3.281992 0.751958 -6.705985 22.390274 -10.174910 -12.229397 -11.594043 2.272373 -17.477747 8.304313 25.244915 1.569268 -3.787009 -11.479570 -12.469186 0.182751 21.473433 23.491701 17.264505 -11.072582 -20.967323 13.865673 17.547087 -11.938100 14.616638
3.907086 11.165143 15.286855 -0.626851 -13.018193 3.268124 0.813891 -6.707758 22.508905 -10.393773 -12.236925 -11.543633 2.267212 -17.489307 8.317237 25.301533 1.556333 -3.734323 -11.471426 -12.479719 0.175761 21.579912 23.498184 17.134270 -11.107046 -21.064083 13.846834 17.561108 -11.784185 14.689472
3.905783 11.164125 15.285778 -0.621994 -13.018488 3.267272 0.814625 -6.706949 22.510101 -10.394250 -12.236689 -11.543887 2.267118 -17.489403 8.317561 25.301777 1.555987 -3.734568 -11.471294 -12.479969 0.176989 21.578913 23.499994 17.135389 -11.106883 -21.062508 13.846844 17.559334 -11.784960 14.687714
3.905994 11.164423 15.285994 -0.622766 -13.018372 3.267431 0.814598 -6.707055 22.509859 -10.393987 -12.236689 -11.543887 2.267118 -17.489403 8.317561 25.301777 1.555987 -3.734568 -11.471294 -12.479969 0.176989 21.579042 23.499575 17.134947 -11.106552 -21.062910 13.846851 17.559940 -11.785063 14.688206
3.912428 11.168350 15.290069 -0.634408 -13.018088 3.271528 0.812186 -6.712116 22.507105 -10.394557 -12.233835 -11.540975 2.265195 -17.494293 8.312923 25.300760 1.556271 -3.730735 -11.477644 -12.479861 0.176408 21.582644 23.491083 17.141830 -11.112473 -21.064003 13.848319 17.562660 -11.786840 14.686648
3.911506 11.167623 15.287523 -0.627056 -13.018641 3.269616 0.813023 -6.710878 22.509951 -10.398252 -12.229675 -11.541481 2.267998 -17.495670 8.309786 25.299337 1.559116 -3.729913 -11.479641 -12.478969 0.178045 21.582104 23.483072 17.156609 -11.124550 -21.055904 13.850694 17.555628 -11.782388 14.667249
3.909847 11.166830 15.287808 -0.627161 -13.018578 3.269207 0.813520 -6.709660 22.509132 -10.395796 -12.231746 -11.542195 2.271137 -17.492493 8.307964 25.299154 1.560792 -3.730173 -11.477892 -12.478296 0.173833 21.581760 23.493639 17.138805 -11.110561 -21.063650 13.848874 17.561834 -11.786446 14.689024
3.909121 11.166239 15.286553 -0.624518 -13.018304 3.268297 0.813774 -6.709120 22.510303 -10.397085 -12.237304 -11.543920 2.269115 -17.487717 8.315663 25.300875 1.557648 -3.733948 -11.470762 -12.479398 0.173792 21.580654 23.496105 17.137568 -11.109353 -21.063089 13.848859 17.559851 -11.786212 14.690023
3.912101 11.167959 15.287437 -0.624337 -13.018864 3.269742 0.813321 -6.711494 22.510815 -10.399291 -12.232300 -11.542065 2.267526 -17.493694 8.311534 25.299757 1.558331 -3.730411 -11.477789 -12.479211 0.176922 21.583921 23.479851 17.161196 -11.127579 -21.056835 13.851901 17.554901 -11.781316 14.669485
3.910714 11.166844 15.286921 -0.625761 -13.018057 3.268550 0.813402 -6.709762 22.509981 -10.396462 -12.229188 -11.540483 2.267165 -17.497322 8.309477 25.298979 1.559019 -3.729483 -11.481019 -12.478507 0.179090 21.580109 23.484911 17.159048 -11.125532 -21.054497 13.850294 17.551744 -11.782731 14.664274
3.911908 11.167501 15.287069 -0.626403 -13.018352 3.269114 0.812948 -6.710771 22.510332 -10.398361 -12.228955 -11.540462 2.266385 -17.497885 8.310314 25.299448 1.558317 -3.729856 -11.481091 -12.478830 0.178292 21.578926 23.485985 17.157015 -11.124580 -21.055157 13.850272 17.552076 -11.781596 14.665402
3.911908 11.167501 15.287069 -0.626403 -13.018352 3.269114 0.812948 -6.710771 22.510332 -10.398361 -12.228955 -11.540462 2.266385 -17.497885 8.310314 25.299448 1.558317 -3.729856 -11.481091 -12.478830 0.178279 21.578566 23.485409 17.157990 -11.125557 -21.055023 13.850575 17.550823 -11.781608 14.665421
3.911745 11.167305 15.286064 -0.620211 -13.018388 3.268431 0.813777 -6.710832 22.512218 -10.400080 -12.233658 -11.542304 2.264249 -17.493523 8.317714 25.301447 1.554906 -3.733485 -11.474499 -12.480036 0.177800 21.579271 23.486078 17.156590 -11.124221 -21.055401 13.850842 17.552050 -11.781596 14.667459
3.913625 11.167952 15.288898 -0.628063 -13.017711 3.270886 0.812811 -6.712228 22.508715 -10.393040 -12.230291 -11.539630 2.262809 -17.498552 8.313388 25.300474 1.555331 -3.729986 -11.480512 -12.479995 0.178585 21.579296 23.485655 17.157244 -11.124840 -21.055038 13.851024 17.552195 -11.784574 14.666300
3.910644 11.166168 15.286437 -0.623749 -13.017989 3.268260 0.813624 -6.709343 22.510355 -10.394552 -12.230999 -11.540637 2.267212 -17.496014 8.310163 25.299213 1.558814 -3.729515 -11.479940 -12.478498 0.178038 21.580393 23.487434 17.156984 -11.123377 -21.054245 13.850823 17.551308 -11.784880 14.668058
3.910716 11.166238 15.286268 -0.621816 -13.018044 3.268178 0.813936 -6.709436 22.510826 -10.394758 -12.230999 -11.540637 2.267212 -17.496014 8.310163 25.299213 1.558814 -3.729515 -11.479940 -12.478498 0.179256 21.578014 23.488184 17.158138 -11.124617 -21.053579 13.850652 17.548840 -11.785455 14.664995
-13.877697 0.044181 8.253115 14.039693 -14.126523 -3.210281 5.856210 7.039124 21.587469 6.291275 -22.129852 -14.941307 17.211521 -0.955508 -2.683432 22.775343 12.561433 0.595311 -4.256049 -10.844682 6.278991 15.197410 17.241835 36.603329 -25.385237 -16.653526 11.820354 4.372722 -11.751653 0.695221
-13.877697 0.044181 8.253115 14.039693 -14.126523 -3.210281 5.856210 7.039124 21.587469 6.291275 -22.129852 -14.941307 17.211521 -0.955508 -2.683432 22.775343 12.561433 0.595311 -4.256049 -10.844682 6.278991 15.197410 17.241835 36.603329 -25.385237 -16.653526 11.820354 4.372722 -11.751653 0.695221
-13.877697 0.044181 8.253115 14.039693 -14.126523 -3.210281 5.856210 7.039124 21.587469 6.291275 -22.129852 -14.941307 17.211521 -0.955508 -2.683432 22.775343 12.561433 0.595311 -4.256049 -10.844682 6.278991 15.197410 17.241835 36.603329 -25.385237 -16.653526 11.820354 4.372722 -11.751653 0.695221
-13.877697 0.044181 8.253115 14.039693 -14.126523 -3.210281 5.856210 7.039124 21.587469 6.291275 -22.129852 -14.941307 17.211521 -0.955508 -2.683432 22.775343 12.561433 0.595311 -4.256049 -10.844682 6.278991 15.197410 17.241835 36.603329 -25.385237 -16.653526 11.820354 4.372722 -11.751653 0.695221
-13.877697 0.044181 8.253115 14.039693 -14.126523 -3.210281 5.856210 7.039124 21.587469 6.291275 -22.129852 -14.941307 17.211521 -0.955508 -2.683432 22.775343 12.561433 0.595311 -4.256049 -10.844682 6.278991 15.197410 17.241835 36.603329 -25.385237 -16.653526 11.820354 4.372722 -11.751653 0.695221
-15.429636 -0.726866 7.876475 13.258233 -14.494777 -3.991746 5.691775 8.544115 20.663910 7.894254 -22.467146 -15.055469 18.336538 -0.319144 -3.355412 21.942060 13.425021 0.299267 -4.376630 -10.192548 5.525628 14.989217 16.042557 38.067886 -26.801056 -16.547928 11.850340 3.744346 -12.578562 0.054564
-14.956863 -0.358484 8.029699 12.903874 -14.450168 -3.795994 5.608387 8.244209 20.629400 7.765537 -22.451965 -15.019389 18.346844 -0.507549 -3.251591 21.757738 13.421877 0.181321 -4.531792 -10.011439 5.968928 15.543572 16.179924 38.074753 -26.725525 -15.908751 12.232925 3.963348 -12.401317 -0.090812
-15.282543 -0.576749 7.942944 13.157056 -14.524683 -3.928580 5.614790 8.427069 20.586351 7.835346 -22.547346 -14.938121 18.378773 -0.449724 -3.223635 21.734144 13.554229 0.021553 -4.430627 -9.947639 5.598638 15.678414 16.062029 38.126678 -27.156864 -15.473557 12.363370 3.669868 -12.649330 -0.570641
-15.321445 -0.613598 7.910213 13.215320 -14.528584 -3.938759 5.614406 8.436985 20.611334 7.812257 -22.494005 -14.972541 18.409100 -0.423328 -3.212264 21.734938 13.536419 -0.014960 -4.409482 -9.953145 5.735085 15.655877 16.119307 38.141685 -27.095245 -15.482786 12.356364 3.666235 -12.524685 -0.568064
-15.337130 -0.620496 7.907747 13.229582 -14.531649 -3.948870 5.619303 8.451154 20.610857 7.817171 -22.491644 -14.970267 18.404652 -0.428927 -3.204014 21.731949 13.536546 -0.022682 -4.409716 -9.949344 5.734851 15.655813 16.115196 38.147484 -27.100555 -15.482141 12.354873 3.664170 -12.527950 -0.579137
-15.337415 -0.620734 7.907584 13.229778 -14.531672 -3.949059 5.619344 8.451375 20.611122 7.816861 -22.489916 -14.970136 18.404663 -0.430252 -3.204671 21.731474 13.536774 -0.023444 -4.410923 -9.949019 5.736187 15.655073 16.113255 38.151779 -27.104021 -15.480793 12.354880 3.662093 -12.528373 -0.583622
-15.335571 -0.616987 7.911415 13.231079 -14.532342 -3.953704 5.619865 8.451921 20.614393 7.801532 -22.486954 -14.970875 18.406590 -0.434912 -3.201521 21.730577 13.538198 -0.026036 -4.407392 -9.947751 5.748371 15.663918 16.118864 38.141655 -27.099487 -15.448092 12.370879 3.670326 -12.501438 -0.598139
-15.334122 -0.616373 7.911309 13.229460 -14.531371 -3.952353 5.620165 8.450819 20.614614 7.802488 -22.485613 -14.971121 18.406052 -0.435984 -3.200528 21.730900 13.537396 -0.027227 -4.407355 -9.947900 5.739334 15.664014 16.114660 38.143353 -27.101156 -15.455008 12.368564 3.669431 -12.511102 -0.591892
-15.334079 -0.616243 7.911292 13.229667 -14.531409 -3.952391 5.620150 8.450724 20.614782 7.802059 -22.485613 -14.971121 18.406052 -0.435984 -3.200528 21.730900 13.537396 -0.027227 -4.407355 -9.947900 5.739334 15.664014 16.114660 38.143353 -27.101156 -15.455008 12.368564 3.669431 -12.511102 -0.591892
-15.333061 -0.618853 7.916471 13.230936 -14.528512 -3.953614 5.620330 8.449153 20.609722 7.812820 -22.510637 -14.973878 18.426514 -0.395994 -3.205180 21.724297 13.552053 -0.026859 -4.388319 -9.944345 5.713446 15.680942 16.123709 38.158585 -27.106918 -15.445297 12.365544 3.662085 -12.544139 -0.588464
-15.335760 -0.613068 7.918766 13.236490 -14.530024 -3.949908 5.623786 8.448422 20.608459 7.818790 -22.498365 -14.967752 18.413452 -0.416512 -3.207055 21.726379 13.544028 -0.025053 -4.400769 -9.948953 5.734572 15.675277 16.131853 38.156441 -27.099342 -15.450664 12.359922 3.659803 -12.540521 -0.589390
-15.336284 -0.614102 7.916052 13.238538 -14.530530 -3.951066 5.623126 8.448606 20.611282 7.812915 -22.493769 -14.968885 18.417297 -0.419218 -3.213931 21.725870 13.548722 -0.022396 -4.404164 -9.947500 5.738094 15.671916 16.129383 38.165413 -27.108097 -15.446051 12.360144 3.652775 -12.541875 -0.600482
-15.336284 -0.614102 7.916052 13.238538 -14.530530 -3.951066 5.623126 8.448606 20.611282 7.812915 -22.493769 -14.968885 18.417297 -0.419218 -3.213931 21.725870 13.548722 -0.022396 -4.404164 -9.947500 5.737797 15.673069 16.130058 38.163677 -27.106529 -15.446411 12.360174 3.654039 -12.542165 -0.599028
-15.335913 -0.613966 7.916203 13.238184 -14.530560 -3.950812 5.622956 8.448250 20.611319 7.812438 -22.493769 -14.968885 18.417297 -0.419218 -3.213931 21.725870 13.548722 -0.022396 -4.404164 -9.947500 5.737548 15.673329 16.130962 38.162811 -27.105661 -15.446426 12.360362 3.654470 -12.542111 -0.598040
-15.336088 -0.614080 7.916115 13.238398 -14.530594 -3.950894 5.623030 8.448439 20.611277 7.812741 -22.493769 -14.968885 18.417297 -0.419218 -3.213931 21.725870 13.548722 -0.022396 -4.404164 -9.947500 5.737797 15.673069 16.130058 38.163677 -27.106529 -15.446411 12.360174 3.654039 -12.542165 -0.599028
-15.335855 -0.615052 7.917010 13.234603 -14.529819 -3.952324 5.622189 8.448180 20.612911 7.806292 -22.493662 -14.968131 18.417278 -0.414852 -3.206379 21.727503 13.546483 -0.029087 -4.396736 -9.951015 5.735641 15.672982 16.130411 38.163841 -27.106043 -15.450277 12.361253 3.655626 -12.537964 -0.590931
-15.331758 -0.615472 7.917298 13.236782 -14.529606 -3.953671 5.620997 8.447296 20.612158 7.807582 -22.508888 -14.972993 18.435127 -0.394761 -3.219751 21.722313 13.560380 -0.021548 -4.390396 -9.946805 5.734072 15.669996 16.134119 38.158897 -27.102591 -15.450097 12.360398 3.655343 -12.537060 -0.589765
-15.331758 -0.615472 7.917298 13.236782 -14.529606 -3.953671 5.620997 8.447296 20.612158 7.807582 -22.508921 -14.972836 18.435362 -0.394302 -3.219801 21.722275 13.560633 -0.021836 -4.390164 -9.946864 5.734072 15.669996 16.134119 38.158897 -27.102591 -15.450097 12.360398 3.655343 -12.537060 -0.589765
-15.351545 -0.626723 7.909653 13.253189 -14.531824 -3.957532 5.624696 8.456756 20.613100 7.813936 -22.497646 -14.971294 18.418037 -0.416588 -3.208492 21.723703 13.547187 -0.026268 -4.398504 -9.950070 5.730938 15.685138 16.139420 38.144173 -27.085617 -15.452843 12.360903 3.670356 -12.540814 -0.575822
-15.349046 -0.622469 7.911361 13.249559 -14.531628 -3.956048 5.625813 8.456995 20.611637 7.818785 -22.492529 -14.971299 18.415340 -0.419971 -3.205025 21.725714 13.544396 -0.030243 -4.398728 -9.950858 5.731518 15.684363 16.138454 38.145050 -27.087307 -15.453487 12.360854 3.669547 -12.539891 -0.576825
-15.353384 -0.628030 7.906177 13.256741 -14.532610 -3.959278 5.624620 8.458549 20.615858 7.810362 -22.489815 -14.971940 18.419117 -0.421588 -3.214268 21.724180 13.550624 -0.023791 -4.403403 -9.948804 5.734117 15.680308 16.132357 38.157444 -27.098843 -15.450119 12.359754 3.661180 -12.539713 -0.590273
