-3.188105 8.869274 16.238766 -2.202879 -15.343178 -1.372877 -0.173687 -0.631600 18.417788 -5.966915 -15.170691 -8.940173 9.088592 -16.970282 4.590790 19.185488 9.299220 -7.246481 -13.522918 -5.689574 -1.990119 25.917847 14.475719 20.147955 -18.997112 -10.059378 21.901363 17.248497 -7.594607 9.953174
-3.047860 9.163465 16.582212 -2.163423 -15.426580 -1.210746 -0.192621 -0.805901 18.137615 -5.360301 -15.434621 -8.933913 8.854795 -16.759010 4.581926 19.082510 9.411002 -7.377914 -13.554174 -5.825942 -2.106398 24.704773 14.599258 19.373507 -18.790024 -10.024435 21.666109 16.966064 -7.681876 9.527271
-2.868666 9.608734 16.900633 -2.048105 -15.670993 -0.864629 -0.506580 -1.197448 17.505131 -4.055913 -15.812704 -9.066939 8.301058 -16.980843 4.648270 18.524080 9.134746 -7.282971 -13.865008 -5.953812 -2.437977 22.531549 15.180906 17.986965 -17.901861 -9.724744 21.383110 16.814259 -8.187201 9.048546
-2.341814 10.495614 17.283482 -1.606651 -16.096087 -0.462990 -0.955627 -1.801445 16.694256 -2.791499 -16.654257 -9.187570 7.175254 -16.811758 4.776674 17.471769 9.119444 -7.306048 -14.087684 -6.386926 -3.040471 19.557056 15.463240 16.576855 -17.424061 -9.897065 20.779251 16.594051 -7.384698 8.331345
-1.775452 11.375324 17.323050 -1.612365 -16.596254 -0.177101 -1.675230 -2.245686 15.652807 -1.025470 -17.217173 -8.984150 6.075791 -16.653934 4.494263 16.242105 9.734933 -7.649006 -14.526575 -6.862821 -3.321034 16.171228 16.262159 14.859751 -16.545078 -9.472907 20.478394 16.419252 -7.659259 7.269022
-0.439426 12.755441 17.461891 -1.119299 -17.505556 0.040903 -3.155363 -3.389697 14.241537 0.263731 -18.125177 -9.438340 4.648289 -16.563688 4.403772 14.673210 10.082891 -8.131669 -14.909721 -7.378274 -4.289383 13.089765 16.617834 12.826353 -15.147112 -9.516923 20.043604 17.056036 -8.267213 7.074181
-0.250688 13.761451 16.894943 -0.979365 -18.361364 0.202291 -4.373648 -3.786762 12.824113 2.315433 -18.883179 -9.766910 3.418199 -16.159224 4.050402 13.094193 10.654872 -8.526340 -15.501926 -7.678503 -4.472131 10.119364 16.886431 10.867390 -13.829843 -9.339050 19.537189 17.475960 -9.891437 6.092060
0.123598 14.555202 15.902350 -0.736685 -18.947159 0.377859 -5.254910 -4.040272 11.917696 3.491750 -19.806717 -10.048422 2.360039 -15.680296 3.413818 11.932691 11.535558 -8.462966 -16.185328 -7.818377 -4.042907 8.275804 18.052576 10.765924 -12.796269 -8.754933 19.746042 17.223564 -10.948540 5.677583
0.054940 15.092282 15.210581 -0.913033 -19.527636 0.370918 -6.172235 -4.166926 11.078593 4.585886 -20.105356 -10.363196 1.855196 -15.634553 2.919829 11.039216 12.121774 -8.522865 -16.384630 -8.063102 -4.023378 6.826793 18.870527 10.506086 -12.479858 -8.439409 19.842751 16.559980 -11.370624 5.322810
-0.280883 15.195597 14.748963 -1.163848 -19.895704 0.187114 -6.784381 -4.025835 10.483657 5.236008 -20.183786 -10.621414 1.652453 -15.602170 2.816664 10.514031 12.173123 -8.252346 -16.407467 -8.078149 -4.259613 6.217950 18.685724 10.747746 -12.506626 -8.498307 19.998997 16.499580 -11.520983 5.625778
-0.158333 15.435385 14.918377 -1.219139 -19.961266 0.199776 -6.720798 -3.991145 10.328656 5.415653 -20.189676 -10.809992 1.782373 -15.849293 2.817458 10.504497 12.047937 -8.224006 -16.445513 -7.976719 -4.046328 6.308030 18.933020 11.023645 -12.461483 -8.347517 20.134319 16.490370 -11.663779 5.537109
1.223576 16.098499 16.234955 -1.640645 -19.621786 0.239588 -5.758310 -3.770159 9.956836 6.207560 -20.027187 -11.353501 2.574191 -16.509956 3.578709 10.729642 11.123563 -8.188230 -15.828463 -7.242967 -3.824955 7.185431 20.284758 11.735190 -12.055933 -6.689521 20.839958 16.686344 -10.982938 4.675360
1.765027 16.489115 17.405533 -3.266789 -17.984463 0.253926 -2.248220 -1.575857 10.427954 7.421177 -20.025858 -12.853713 4.229443 -17.344128 5.087173 10.734780 8.551150 -7.041436 -14.065175 -6.458089 -3.581673 10.483144 22.959707 15.020589 -11.828101 -3.333854 21.900890 16.784328 -10.972422 2.596536
3.694163 17.864271 19.148102 -5.203218 -16.668409 0.106718 1.062111 0.483082 9.981631 9.042046 -18.382500 -15.544244 6.589734 -19.466759 7.422709 10.179915 5.098872 -5.475211 -11.970499 -4.991538 -3.789823 13.247245 26.224094 19.712559 -10.636883 0.401004 21.885605 17.410873 -12.104308 -1.053930
5.175151 18.756702 18.913229 -7.041224 -14.930614 -0.956780 4.186565 3.280342 10.895813 8.302223 -16.692097 -18.140434 8.662279 -21.272179 8.014844 8.040345 2.943426 -3.274119 -11.157675 -3.992129 -4.974933 14.439404 28.509346 22.523981 -8.345724 4.167510 21.032820 20.248501 -12.706298 -5.786308
6.753607 20.354200 17.077797 -9.616859 -13.844046 -2.406967 5.345779 5.443731 11.727144 5.188016 -12.512712 -19.340994 8.822097 -24.336660 8.053928 3.959553 1.864560 -1.259999 -12.394589 -3.438560 -6.229507 12.161870 29.299131 20.143881 -4.873500 7.233851 19.773615 25.080971 -11.665709 -11.127877
7.119596 21.466488 12.510927 -13.168926 -12.933931 -4.153342 5.198596 7.741649 12.877864 1.335000 -7.850635 -22.264935 7.896626 -26.490633 8.464520 -1.332358 1.958551 0.359050 -12.902142 -3.124355 -6.960817 5.563257 25.553320 15.930015 -1.516212 8.445959 17.848400 30.257099 -12.491756 -16.513563
5.610341 22.889414 7.746422 -14.828642 -13.192229 -5.229785 4.034266 9.271087 13.573021 -2.433950 -3.536561 -23.946144 6.477459 -27.793348 6.555459 -5.990888 4.638461 2.041000 -14.894571 -2.340774 -5.099640 -1.014241 21.104212 10.777628 1.519386 9.462597 16.699814 34.311127 -15.896880 -21.291243
4.377273 23.865778 1.949358 -17.253265 -13.487590 -7.001109 1.814214 10.780131 14.485238 -6.462838 -0.127319 -24.242954 3.963670 -27.779350 5.281075 -10.014043 8.076777 2.796531 -16.638140 -2.398070 -4.974898 -5.065958 16.227633 5.873991 3.866150 7.570442 14.332677 37.973442 -17.025284 -22.108458
3.914912 24.100880 -1.323276 -18.219172 -13.544064 -8.367002 0.355499 11.641052 14.595793 -8.126358 1.383654 -24.226295 2.390637 -27.584293 4.784369 -12.269121 9.807485 3.410137 -17.716551 -2.422122 -4.713333 -7.335909 12.181937 3.680787 3.810131 5.875960 13.525575 39.331760 -17.270857 -21.996584
3.844740 24.136236 -1.644734 -18.279335 -13.546968 -8.525249 0.181924 11.705711 14.556400 -8.317359 1.501439 -24.072252 2.088441 -27.561459 4.790136 -12.543115 9.982999 3.558945 -17.861094 -2.411625 -4.774821 -7.538969 11.873678 3.266250 3.983994 5.715852 13.444115 39.635170 -17.340065 -21.904839
4.650433 24.138172 -1.890053 -18.111393 -13.445573 -8.939535 0.040989 11.847053 14.377268 -7.908478 1.316834 -23.955204 2.115747 -27.477890 4.880059 -12.693078 9.842792 3.781175 -17.657698 -2.427848 -5.035747 -7.787124 11.806978 3.558089 4.041093 5.779838 13.249914 39.839249 -16.961214 -22.104990
5.530031 24.199095 -2.355997 -18.227917 -13.285404 -9.618439 -0.200663 12.154106 14.154139 -7.613412 0.863776 -23.967564 1.942081 -27.289165 5.247950 -13.305190 9.510109 4.434970 -17.036110 -2.554611 -5.419079 -8.259233 11.317663 3.903038 4.117237 5.747687 12.999476 40.350067 -16.245874 -22.326025
6.512004 24.665127 -2.338609 -17.887745 -13.357762 -10.101074 -0.376920 12.426973 13.195664 -6.037247 -0.189310 -24.024197 1.581546 -26.596575 5.650464 -13.908978 9.147135 5.186643 -16.221712 -2.626485 -6.154480 -9.094639 10.017122 4.462780 4.380515 5.271870 12.672646 41.578384 -14.984991 -22.261084
8.024105 25.444153 -2.165108 -17.147036 -13.403925 -10.515950 -0.314351 12.608569 12.370075 -4.463023 -1.367454 -23.828266 0.890131 -26.403852 6.284947 -14.761040 8.393535 6.120953 -15.724281 -2.685962 -7.135414 -9.977992 8.876600 5.444528 4.303079 4.903353 12.227313 42.271702 -13.245922 -22.329220
9.050310 26.206287 -2.380881 -16.546757 -13.511118 -10.788011 -0.242955 13.004688 11.389780 -2.415363 -2.906765 -23.920115 0.066093 -26.070900 6.640621 -15.500974 7.683856 7.096200 -15.121035 -2.926035 -8.109124 -10.927113 7.845138 6.869947 4.308532 4.473231 11.975087 42.920929 -11.735866 -21.857264
9.907248 27.006857 -2.676173 -16.291159 -13.634441 -10.957730 -0.397426 13.174365 10.610052 -1.197283 -4.329507 -24.147459 -0.478048 -25.632408 6.939750 -16.022980 7.069874 7.938424 -14.355024 -3.094593 -9.384589 -12.007850 6.245037 8.026532 4.353451 3.882001 11.762620 43.825089 -10.171795 -20.991198
10.677622 27.748285 -2.863780 -15.818018 -13.604168 -11.088408 -0.102687 13.541116 10.092755 -0.002048 -5.569384 -24.153854 -0.792772 -25.416790 7.122672 -16.653452 6.771399 8.319802 -14.260162 -2.798366 -10.574147 -12.590389 4.783552 9.890421 4.018186 3.254462 11.561687 44.334858 -8.775475 -20.215498
10.811613 27.993275 -2.970524 -15.886288 -13.452604 -11.262422 0.128024 13.917128 9.752983 0.707840 -6.460486 -24.342289 -1.614521 -25.381907 7.192124 -17.051497 6.679340 8.553672 -14.092747 -2.897582 -11.271243 -13.059778 4.259968 10.738774 4.102976 2.882814 11.343204 44.797241 -7.842719 -19.826799
10.803123 28.220243 -2.958345 -15.981236 -13.370092 -11.283766 0.364011 14.197327 9.438416 1.426977 -6.606698 -24.308666 -1.546205 -25.438065 7.172112 -17.055485 6.539950 8.697317 -14.181540 -2.614448 -11.557570 -13.045996 4.053589 10.975971 4.224062 2.658949 11.322330 45.108868 -7.322011 -19.386683
10.795888 28.180920 -2.954323 -15.885339 -13.355661 -11.338749 0.438406 14.285998 9.429911 1.530120 -6.648869 -24.228989 -1.589400 -25.434444 7.274426 -17.106409 6.430953 8.725828 -14.116055 -2.659276 -11.657119 -12.916478 4.120897 11.028070 4.227723 2.616949 11.311129 45.141571 -7.169286 -19.284857
11.698648 27.987507 -2.607537 -15.621978 -13.322054 -11.536508 0.389042 14.131166 9.401333 1.867419 -6.942278 -24.142910 -1.399886 -25.372334 7.504463 -17.208475 5.993461 8.901168 -13.773008 -2.964541 -12.251953 -12.217886 4.598651 11.782743 4.188054 2.577093 11.267494 45.348854 -6.328990 -19.132847
12.771442 27.581778 -1.786750 -15.191641 -13.290919 -11.808483 0.410508 13.905439 9.305090 2.460741 -6.957637 -23.553120 -0.057966 -25.188908 8.261314 -16.674585 4.948719 8.883058 -13.026480 -2.841855 -13.117454 -10.560650 5.747529 12.800028 4.123299 2.592901 11.386825 45.505547 -4.907501 -18.665583
13.870822 26.290285 -0.557473 -15.050009 -12.707357 -12.432041 0.827704 13.914110 9.450138 3.266238 -7.515299 -23.149006 1.218076 -25.304073 8.655289 -16.668797 4.065467 9.010877 -12.865236 -2.663159 -14.291162 -8.468336 7.641147 13.547726 4.233766 2.785470 11.310158 45.777958 -2.898233 -18.479364
15.425989 24.539474 0.982526 -14.763652 -11.974594 -13.263563 1.022549 13.613240 9.776094 3.619600 -7.070837 -21.742193 2.918070 -25.957146 9.600572 -16.198439 2.500088 9.302922 -12.492558 -2.833941 -15.587922 -5.097859 10.349026 14.207846 3.955105 3.245305 11.237791 45.541191 -0.427683 -18.550690
16.630966 22.397760 2.804141 -15.119861 -10.809069 -13.878675 1.452181 13.004078 10.764729 2.838671 -7.115654 -19.735172 4.571673 -26.302853 10.558188 -15.591228 1.126155 9.459611 -12.146230 -3.081012 -16.546053 -0.043818 14.605294 13.664637 3.639109 3.935195 10.985410 44.504959 1.463735 -18.567110
17.776918 20.529741 4.881606 -14.275987 -10.188787 -14.211246 1.513038 11.937309 11.332930 2.281509 -6.572014 -17.040594 5.654153 -26.512241 11.352642 -14.793242 0.387407 9.415149 -11.986238 -3.538988 -17.151480 4.686422 18.570082 13.136780 3.333854 4.442791 10.510692 43.401867 3.787727 -18.872147
15.321985 16.247389 5.696947 -8.451612 -10.552388 -15.859836 2.907589 13.633097 12.075316 4.482047 -10.845948 -17.076256 10.664510 -20.237459 10.789121 -13.128030 1.228184 10.673563 -6.412672 -5.673030 -17.264734 2.267266 19.563896 13.308723 -0.244480 -0.031538 11.263759 36.436192 13.508986 -16.356983
16.078394 14.704786 7.184763 -8.609934 -9.886522 -16.164869 2.700356 12.619806 12.667923 3.793777 -11.768622 -14.475799 11.082733 -19.763214 12.185615 -12.201701 0.009349 10.541888 -6.147332 -6.481689 -18.258387 6.641995 21.236990 13.117608 -1.589604 -1.160732 10.421384 34.935497 16.297201 -14.853721
17.208500 13.030433 8.881784 -9.137333 -9.027328 -16.157846 2.176986 11.060585 12.855227 3.843228 -12.419262 -12.247248 11.329934 -19.250736 13.522987 -11.231460 -0.578604 10.261776 -5.679197 -6.915061 -18.501883 9.064124 21.572966 13.545746 -3.921486 -2.276321 10.283959 32.191360 19.777868 -12.663964
17.661886 11.500362 10.057973 -10.917595 -7.909014 -16.601788 1.939695 10.504333 12.716179 5.076023 -12.526691 -8.964377 12.086844 -19.615738 14.124675 -11.733488 -0.301867 10.086173 -6.933047 -6.036575 -20.533354 9.524814 20.124308 12.864161 -6.974597 -3.952441 9.601827 29.163826 22.500618 -10.460906
18.089302 9.421768 11.637852 -11.528755 -7.324418 -17.144001 1.329031 9.634194 12.594661 5.734551 -11.813674 -6.562535 12.673703 -20.143028 14.650178 -10.836092 -0.823619 11.463206 -7.423676 -5.334981 -20.454119 7.321560 19.517984 8.334774 -8.317427 -7.032712 8.886617 26.650484 25.535292 -7.224502
19.569094 8.189197 12.836452 -12.302482 -6.807149 -17.183353 0.543202 8.172640 12.693715 5.278413 -10.802616 -4.115524 12.633580 -20.828062 15.012952 -9.359303 -1.022498 12.684126 -7.923749 -4.865534 -19.635469 4.961531 18.532858 5.158738 -9.360781 -9.041630 8.650812 24.795677 27.130363 -5.052973
20.377600 6.693330 12.912043 -11.963665 -6.639587 -17.315538 -0.296068 7.257519 12.929970 5.143689 -11.074144 -2.073879 12.402141 -20.730667 14.983909 -7.786073 -1.095040 14.532161 -8.034971 -4.493866 -18.799704 3.556659 17.620131 3.051057 -10.287266 -11.500594 7.969809 23.415176 28.717012 -2.623121
20.620388 5.083168 12.885038 -11.571955 -6.985668 -17.388845 -1.597848 6.198802 13.340537 3.861659 -10.310834 -0.695146 12.245563 -20.252785 15.634400 -6.579067 -1.098270 15.265796 -7.626827 -4.227597 -18.575390 2.528849 16.896730 0.884032 -11.212534 -12.789437 7.319036 21.862783 29.799078 -1.318850
20.546061 3.790151 12.514650 -11.463956 -7.251848 -17.473181 -2.805333 5.413001 13.632634 2.911251 -10.182613 1.065652 11.251876 -19.638519 16.624207 -5.904079 -1.232663 15.571000 -7.304773 -5.055561 -17.996664 2.148610 17.355234 -0.242029 -11.610931 -13.999003 6.481827 20.492363 30.965517 -0.361008
20.268938 2.260682 11.992487 -11.223886 -7.312746 -17.593073 -3.944127 4.632342 14.089361 2.089962 -10.123603 2.377471 10.819787 -19.251205 17.079950 -5.085501 -1.295330 15.585377 -7.460784 -5.333320 -17.221392 2.349522 17.285219 -1.066053 -12.237453 -15.127726 5.902996 19.043865 31.083323 0.575452
19.950583 1.307363 11.705072 -10.788813 -7.544986 -17.274858 -4.772555 3.837510 14.393877 1.507756 -9.819527 3.221400 10.722886 -18.713028 17.273102 -4.025815 -1.185300 15.677103 -7.370686 -5.787974 -16.749249 2.599624 17.505205 -1.426031 -12.752493 -16.204464 5.367301 17.730379 30.998886 1.413716
19.312422 0.677086 11.576082 -10.457172 -7.630377 -16.822006 -5.188946 3.217297 14.735876 0.872916 -9.711500 3.953480 10.587771 -18.385788 17.501663 -3.289940 -0.942265 15.434583 -7.319529 -6.100296 -16.537312 3.018052 17.725290 -2.181616 -13.190994 -16.380363 5.356446 16.810188 30.527014 1.695828
18.838461 0.260704 11.549084 -10.388273 -7.618254 -16.526855 -5.382459 2.853946 14.973797 0.466224 -9.521038 4.292924 10.488111 -18.291964 17.636385 -2.872906 -0.814447 15.212859 -7.254178 -6.236366 -16.182486 3.057447 18.037428 -2.967844 -13.398993 -16.359161 5.459871 16.111008 30.346384 1.832022
