-20.315275 -11.935357 12.678314 -1.857385 -6.103019 -2.432363 -8.790122 -8.856980 17.488333 13.196730 7.252084 1.235519 14.431413 8.237023 4.265882 7.503214 27.851213 -0.619372 -11.709208 -2.450877 15.939734 -20.950842 8.104121 6.246755 -29.092548 -17.640837 13.069895 -14.174556 -0.136124 0.206407
-20.362652 -12.056116 12.911450 -2.318578 -5.425535 -2.436584 -7.750781 -8.352133 18.045938 13.099834 7.357417 1.068641 15.149425 7.961310 4.429982 7.560684 27.469358 -0.365448 -12.068642 -1.570407 16.808289 -20.661034 7.705974 6.021761 -29.156931 -17.980503 13.065787 -14.127157 -1.176831 0.260531
-20.364296 -12.465053 13.089447 -2.861003 -4.704343 -2.675630 -6.586390 -7.565953 18.834703 12.311283 7.558593 0.729364 16.175922 7.378534 4.705870 7.904380 26.326542 0.651366 -11.748834 -1.179340 18.350319 -19.401638 7.039414 5.336945 -29.067120 -18.061735 12.976038 -13.526287 -2.002092 -0.330601
-20.102846 -13.001448 13.733411 -3.506584 -3.690517 -3.177518 -4.690686 -6.254624 19.954157 11.286405 7.611637 0.598217 17.407341 6.803825 5.253229 8.694505 24.860970 1.750600 -11.312047 -0.721719 19.692495 -17.421560 6.537196 4.314455 -29.349697 -18.261934 12.874310 -13.319264 -3.118710 -0.818358
-19.307940 -13.692055 13.486092 -3.948220 -3.023924 -3.843323 -3.641222 -5.093925 20.976995 10.192057 7.251462 0.483859 18.416477 6.179203 5.462470 9.532452 23.519773 2.691893 -10.927904 -0.241691 20.842928 -14.571259 6.759911 2.911455 -29.747196 -16.416159 14.154668 -13.288355 -4.175508 -1.609770
-18.391329 -14.633982 13.193247 -4.120562 -2.200168 -4.389342 -2.580163 -4.109324 22.071226 9.308521 7.435328 0.800688 19.262213 5.995936 5.692646 10.962819 21.937578 4.435549 -10.236351 -0.961412 21.715826 -10.989915 6.507756 1.526554 -30.466257 -14.014628 16.092007 -13.047652 -4.842878 -2.277737
-18.037634 -15.558739 12.898033 -4.786098 -1.514856 -4.955262 -1.799723 -3.187428 22.979769 8.172328 7.367038 0.898502 19.968239 5.882730 5.674251 12.084907 20.607775 5.977018 -9.651568 -1.468943 22.998549 -7.456955 7.661118 0.512167 -30.801443 -12.744663 17.022682 -13.580823 -5.869376 -2.907256
-17.475971 -16.489723 12.678761 -5.176280 -1.026468 -5.384787 -1.508388 -2.777653 23.519060 7.581885 7.125803 1.053586 19.962955 6.008704 5.629552 13.055972 19.557346 7.373859 -8.700436 -2.705843 23.173071 -4.891583 9.172169 -0.271435 -31.084936 -11.612998 17.516907 -14.301140 -6.480175 -3.487183
-16.723587 -16.885443 12.090446 -5.454400 -0.738631 -5.982606 -1.331618 -2.126398 23.795681 7.367513 6.925285 1.378489 20.377541 5.950517 5.727934 13.574204 18.846876 8.169669 -8.417742 -2.879622 23.019264 -3.330504 10.099909 -1.156623 -31.360298 -10.105968 18.137074 -14.838898 -6.887349 -4.067498
-16.194929 -17.162516 11.865076 -5.460075 -0.638457 -6.362732 -1.298902 -1.837086 23.862839 7.181109 6.638526 1.561685 20.189137 5.949388 5.789720 13.607697 18.702049 8.419810 -7.973158 -3.503376 22.567104 -2.605232 10.504131 -1.495478 -31.474133 -9.345594 18.273054 -14.975089 -6.152131 -4.436408
-16.052132 -17.332293 11.834167 -5.584777 -0.353422 -6.221982 -1.030875 -1.867281 24.072884 7.256733 6.585969 1.595633 20.385826 5.979722 5.864928 13.771535 18.375593 8.574769 -8.051521 -3.350042 22.711245 -1.811904 10.953917 -1.533987 -31.445000 -9.182853 18.225212 -14.932253 -6.058982 -4.709777
-15.798981 -18.095484 11.824793 -6.139007 0.444717 -5.975781 -0.394922 -1.951169 24.583288 7.393560 6.807425 2.296587 20.942596 6.309627 6.499068 14.618466 16.685616 9.499121 -7.592683 -3.945193 22.777315 1.750071 11.384328 -2.044608 -31.910198 -8.587415 18.097771 -14.563686 -4.731142 -5.735329
-14.305347 -19.763962 12.583676 -6.536076 1.346218 -6.423796 0.035823 -2.295734 24.653843 7.862720 7.186492 3.248764 20.953064 7.374013 7.856506 15.296618 14.393692 11.049670 -6.005888 -5.854400 20.392832 3.220508 11.412949 -3.495865 -32.682735 -8.574757 16.665062 -14.737989 -3.493902 -7.346016
-12.281738 -22.000410 12.260221 -7.186458 2.415434 -7.378404 -0.299778 -2.732944 24.723434 8.306072 6.726855 4.075850 20.634838 8.791832 9.875668 14.936902 11.740959 12.210771 -4.523224 -7.586181 18.785162 3.938375 11.902355 -4.019893 -32.821308 -10.536948 13.771676 -14.715946 -0.762833 -8.104717
-8.254307 -23.345612 10.120683 -6.629214 2.257013 -9.575811 -2.682026 -3.078351 23.534889 9.090675 5.344670 5.195448 18.409702 11.002822 12.413009 12.345675 9.601747 13.368611 -3.113450 -10.431776 16.894300 2.986902 10.904819 -4.469255 -33.821560 -13.456469 10.731189 -15.473464 4.687752 -7.281588
-5.752464 -24.653429 6.312362 -6.858654 1.962959 -12.068050 -5.867922 -3.126357 22.561279 8.807418 3.191370 6.818324 14.961362 13.528989 14.452302 8.076200 8.520375 13.977210 -2.065496 -13.723420 15.402044 3.772971 9.794797 -3.501796 -33.710941 -13.554190 9.402492 -12.895592 12.592072 -8.051464
-3.701057 -25.187578 1.230868 -8.091398 1.468255 -15.404999 -9.276958 -2.064251 21.502342 8.202831 -1.044008 8.515531 11.554839 15.646061 15.836750 4.358270 6.702406 15.258357 -2.067944 -15.780455 15.115031 2.676124 5.282773 -5.652495 -33.389843 -14.916395 6.307235 -9.029815 17.002588 -11.086645
-2.288159 -25.230865 -3.441429 -8.646166 0.860727 -17.578459 -12.912892 -1.982279 20.216860 8.382668 -4.628336 9.239855 8.330894 17.525944 16.160252 1.655469 5.847056 16.737501 -2.628203 -17.355913 14.238799 1.827497 2.761070 -7.432575 -32.052402 -16.633867 1.585248 -5.340063 17.449312 -15.444213
-1.575112 -25.118603 -6.229679 -8.467719 -0.004590 -18.579479 -15.980043 -2.609055 19.059637 8.840063 -5.981187 8.790792 6.080738 18.271675 15.773108 -1.176222 6.555536 17.156462 -3.507146 -17.905783 13.051946 5.677117 3.705406 -11.331930 -32.841801 -18.453156 -2.482411 -4.742377 16.834986 -19.691471
-0.705254 -24.818945 -7.744552 -7.825026 -0.735850 -18.971144 -17.764210 -3.122180 18.328444 9.362520 -6.173957 8.195460 5.043889 18.456470 15.420197 -3.010204 7.386054 16.837563 -4.202801 -17.778379 11.896714 5.036273 1.613166 -12.236843 -33.064602 -18.378716 -2.945536 -3.402373 16.119940 -20.671545
-0.445901 -24.733843 -7.928632 -7.715842 -0.738881 -18.954838 -17.863632 -3.174487 18.287119 9.531118 -6.083171 8.152723 4.969598 18.470661 15.373507 -3.192586 7.549220 16.758600 -4.307690 -17.665806 12.326117 4.730510 1.148083 -12.369776 -32.942593 -18.674767 -3.087165 -3.134434 15.814324 -20.727118
-0.893133 -25.028090 -7.159280 -7.804821 -0.595043 -18.625715 -17.639793 -3.487223 18.387009 9.541681 -5.565485 8.370760 5.015059 18.580643 15.401845 -2.673788 7.890937 16.452055 -4.141610 -17.789213 12.800695 4.860793 2.075539 -12.582104 -32.731995 -18.208771 -2.777243 -3.626900 15.076953 -20.774450
-1.636580 -25.351900 -6.047356 -8.055815 -0.453739 -18.261705 -17.206781 -3.696413 18.568064 9.372446 -4.813258 8.467407 5.365488 18.545315 15.422856 -1.744887 8.064468 16.218554 -3.783922 -17.923307 13.571982 5.298688 4.498783 -13.232908 -32.314457 -17.748596 -2.844591 -4.886305 13.507314 -21.241119
-3.117750 -25.702744 -4.437629 -7.885484 -0.540885 -17.016479 -17.095589 -4.803798 18.629011 9.567579 -3.362352 8.619811 5.685159 18.710821 15.450334 -0.433189 8.838523 15.316163 -3.493546 -17.877329 14.921574 5.534984 7.717313 -13.526757 -31.778625 -17.064556 -2.161990 -6.892525 11.488767 -20.979544
-4.031638 -25.688135 -3.284667 -7.912975 -0.478188 -16.252659 -16.404144 -5.041902 18.853628 9.525616 -1.711599 8.592497 6.486289 18.513393 15.348409 0.935959 9.510734 14.658559 -3.485424 -17.318674 16.459946 5.600529 10.681195 -14.002424 -31.457916 -16.353680 -1.121258 -8.853537 9.575320 -20.575556
-5.914006 -25.677713 -1.641769 -8.146134 -0.497353 -15.311401 -15.492276 -5.245955 19.146065 9.117479 -0.377629 8.903450 7.147191 18.531212 15.215654 2.395315 10.220176 13.854972 -3.607718 -16.750391 17.654408 5.880486 11.989951 -13.824195 -31.355228 -15.882847 -0.090248 -9.946328 7.773089 -19.897394
-8.564438 -25.906885 0.533637 -8.236654 -0.622804 -13.715212 -14.994473 -6.288194 19.343676 8.920297 1.268668 8.948155 7.586983 18.559687 14.941464 3.564302 11.520896 12.567159 -3.779254 -16.165894 18.782095 6.529750 12.967263 -13.121760 -31.415459 -15.718296 0.964541 -10.845085 6.013354 -19.012762
-9.896336 -25.864054 1.653993 -8.348108 -0.595521 -12.937094 -14.313033 -6.463673 19.649958 8.575590 2.668369 9.284753 7.536921 19.068710 14.531747 5.111374 12.740255 11.034730 -4.150975 -16.064198 19.575365 6.741273 13.449337 -13.202797 -31.431740 -15.515194 1.586730 -11.308366 4.438704 -18.819437
-10.831315 -26.001471 2.580183 -8.550638 -0.306155 -12.236023 -13.653917 -6.735983 20.011646 8.462934 3.385153 9.178216 7.832438 18.991690 14.347569 5.798551 13.351859 10.273484 -4.247695 -15.701889 20.044603 7.274353 13.872233 -12.888218 -31.572124 -15.334620 2.224320 -11.827522 3.459687 -18.346636
-11.590410 -25.948484 3.253376 -8.584462 -0.276332 -11.734013 -13.254966 -6.899046 20.143614 8.366985 3.859175 9.099078 8.152083 18.961214 14.293469 6.454896 13.519874 9.958419 -4.276067 -15.445802 20.642506 7.566349 13.938099 -12.729679 -31.627277 -15.351632 2.596124 -12.072335 3.029291 -17.962481
-11.710046 -25.926279 3.309164 -8.546509 -0.315877 -11.618585 -13.295568 -6.995159 20.127760 8.385497 3.988373 9.073859 8.240065 18.944641 14.263645 6.603378 13.589286 9.851115 -4.326848 -15.357859 20.737789 7.473194 13.998349 -12.673863 -31.601089 -15.336834 2.688915 -12.167154 2.908566 -17.866915
-11.910330 -25.931646 3.699860 -8.520123 -0.167177 -11.290092 -12.889975 -7.062126 20.322573 8.389635 4.262930 9.020394 8.464969 18.824394 14.093548 7.024539 13.770994 9.617675 -4.573253 -15.094143 21.136251 7.515519 14.453949 -12.504918 -31.466558 -15.236624 2.929005 -12.494151 2.523885 -17.647846
-12.706924 -25.619211 4.255729 -8.203474 -0.292276 -10.436382 -12.522725 -7.426343 20.481054 8.382660 4.543425 8.871408 8.846328 18.753908 13.914323 7.398181 13.935605 9.199620 -4.996289 -14.519134 21.809692 7.628253 15.618612 -12.204752 -31.202587 -14.581675 3.745073 -13.326576 2.154490 -17.099466
-13.410537 -25.391973 4.983321 -8.076267 -0.063149 -9.502367 -11.626105 -7.645709 20.931185 8.483595 4.875551 8.648021 9.295445 18.749435 13.711935 7.779013 14.260043 8.479833 -5.756865 -13.499103 22.613585 7.642373 16.377588 -11.463917 -30.973557 -14.012234 4.786346 -14.089728 1.411803 -16.234579
-13.708498 -24.921576 5.352025 -7.707055 0.010248 -8.625008 -11.021037 -7.901628 21.234896 8.772417 5.247668 8.280156 10.094450 18.333847 13.330351 8.004694 14.495048 7.815682 -6.572827 -12.278430 23.663939 7.159959 17.079647 -10.875302 -30.455265 -13.611153 5.670630 -14.455754 0.122350 -15.801411
-14.813509 -24.466280 5.542614 -7.669373 0.091500 -7.686416 -10.469691 -8.111684 21.522844 8.827414 5.487152 8.040108 10.205987 18.237267 12.832235 8.558728 14.733903 7.334177 -7.179150 -11.859197 25.229624 6.278877 16.864025 -10.583297 -29.949070 -13.280869 6.681873 -14.218699 -0.505552 -15.422410
-15.869990 -23.844086 5.356780 -7.696096 -0.046220 -7.044739 -10.324922 -8.239941 21.632729 8.785063 5.732406 7.707039 10.218675 18.297239 12.522563 8.712024 14.872758 7.037518 -7.882445 -11.365974 25.252985 5.440211 15.486579 -9.858981 -29.699623 -12.870144 7.834003 -13.354557 -0.119536 -14.669857
-15.045232 -21.419558 10.993046 -5.829289 -2.769364 -7.515372 -10.793523 -8.692705 20.130293 6.472187 7.641160 5.933709 10.391289 12.229907 10.913019 10.870883 17.845592 5.292385 -4.122543 -13.951996 30.762749 0.589515 16.134550 0.547417 -23.259798 -23.090759 3.707270 -7.158908 8.385780 -7.096348
-14.693863 -20.738047 10.796207 -4.972786 -3.216735 -6.896369 -11.110177 -9.231123 19.979921 7.208121 7.780472 5.251091 10.647241 11.581606 10.083955 10.906684 18.515707 5.141939 -4.723192 -13.434589 29.534979 -0.937485 15.556290 1.151925 -23.262781 -22.680893 4.345301 -7.231822 9.797436 -6.389436
-14.359766 -19.776167 10.457882 -3.888823 -3.853626 -6.122952 -11.544604 -9.824108 19.486559 8.202639 7.397357 4.486942 10.506660 11.307289 9.472220 10.124647 19.118238 5.177144 -5.241556 -12.964931 28.762148 -2.434591 15.348409 2.063859 -23.353767 -22.498661 5.166173 -7.513854 11.644177 -5.207531
-14.100760 -19.777172 9.572328 -2.486846 -4.594700 -6.261857 -12.185580 -9.413582 18.605440 10.642098 5.899212 3.911148 11.514834 12.352086 8.487830 8.695954 20.567759 5.273725 -5.331688 -12.067268 26.287058 -3.623724 14.626566 4.895868 -25.964838 -21.190563 5.836509 -9.098154 11.382276 -6.164597
-13.462867 -19.104733 9.031146 -1.210851 -5.387298 -6.036435 -13.188989 -9.946213 17.854559 11.835468 5.249513 3.398661 11.159767 12.497570 8.046955 7.965248 21.115026 5.010420 -5.722483 -11.775693 26.050184 -4.540568 15.089267 5.185194 -25.800991 -20.422117 6.570590 -9.481353 12.047476 -5.741974
-12.908129 -18.689789 8.586344 -0.301196 -6.296065 -6.058009 -14.478694 -10.447378 17.075949 12.413274 4.310777 3.380342 10.170947 12.670041 7.875543 7.344386 21.326601 4.979768 -5.850533 -12.283881 25.543255 -5.106673 15.353368 5.540083 -25.756950 -19.981129 6.901810 -9.527614 12.397469 -5.647118
-12.863359 -18.425377 8.202374 -0.090331 -6.587450 -5.987391 -14.981022 -10.603646 16.723539 12.620941 3.960796 3.563052 9.508492 12.892262 7.722055 6.976458 21.642513 4.746153 -6.086179 -12.566860 25.242577 -5.407497 16.281240 5.844102 -25.533886 -19.317993 7.363670 -9.844361 12.436324 -5.544031
-12.592587 -18.300886 7.777608 0.446520 -7.118306 -6.041735 -15.849681 -10.891228 16.208956 12.904302 3.663344 3.950794 8.771592 13.371543 7.662349 6.853237 21.903429 4.352859 -6.175495 -13.097556 25.203880 -5.475138 17.245937 6.234841 -25.449680 -18.638386 7.934068 -10.449456 12.393647 -5.344200
-12.159882 -18.418825 7.389289 0.716766 -7.438793 -6.316398 -16.579889 -11.066172 15.930593 13.000732 3.371367 4.203629 8.093673 13.763578 7.675144 6.733213 22.179693 3.976787 -6.189497 -13.602525 25.309172 -5.388809 18.079905 6.533687 -25.244890 -18.226183 8.383251 -10.828501 12.444366 -4.962318
-11.927399 -18.481878 7.153007 0.845412 -7.628776 -6.379489 -17.107122 -11.309271 15.723310 13.187483 2.994866 4.395002 7.562788 14.056637 7.644234 6.618022 22.289101 3.955151 -6.105073 -14.122142 25.415442 -5.361408 18.694534 6.907583 -25.183887 -17.990128 8.797092 -11.292084 12.489731 -4.492867
-11.740679 -18.608747 7.035605 0.686071 -7.596699 -6.534948 -17.285242 -11.338779 15.749898 13.102596 2.820192 4.580287 7.181584 14.326208 7.682260 6.477077 22.362337 3.856178 -6.120097 -14.393985 25.426310 -5.268028 18.882765 7.094276 -25.130190 -17.774885 8.993722 -11.358124 12.466132 -4.408653
-11.658966 -18.715355 6.936903 0.766323 -7.680111 -6.626829 -17.530172 -11.407270 15.618380 13.200840 2.760337 4.604434 7.148778 14.361534 7.709626 6.423582 22.363516 3.874147 -6.140740 -14.444901 25.353712 -5.389910 18.990648 7.180509 -25.100048 -17.695877 9.053555 -11.419052 12.495725 -4.350255
-11.529247 -18.718910 6.861989 0.726318 -7.655958 -6.709816 -17.544779 -11.358802 15.628826 13.116812 2.845075 4.604533 7.281754 14.247416 7.752770 6.460771 22.326162 3.991715 -6.171761 -14.387343 25.308969 -5.407475 19.110300 7.194654 -25.073200 -17.640104 9.122470 -11.468119 12.587848 -4.242942
