-9.370377 0.461335 5.212618 9.907516 -11.371083 0.287888 5.477661 3.779973 23.257074 7.188324 -20.373981 -13.962791 16.607157 -0.896568 -0.912037 21.820276 8.557418 -0.122576 -9.406946 -8.401336 26.726027 17.074253 17.290142 33.641743 -19.512196 -13.741412 17.200951 8.731993 2.127336 4.295393
-9.296184 0.678653 5.459742 10.170486 -11.462720 0.416904 5.493675 3.661987 23.030127 7.825671 -20.698168 -13.989900 16.479656 -0.538647 -1.005033 21.736891 8.737599 -0.196227 -9.406909 -8.526050 26.808130 16.381582 17.440674 33.457359 -19.295540 -13.720737 16.947294 8.594467 2.083406 3.971730
-8.889433 1.231510 5.812876 10.157476 -11.697577 0.920410 5.136533 3.062251 22.458902 8.914845 -20.942232 -14.214044 15.958662 -0.660460 -0.865813 21.309126 8.368112 -0.130191 -9.650517 -8.669731 26.894054 14.298474 18.120031 32.715141 -18.509047 -13.490805 16.558258 8.270476 1.842932 3.363721
-8.536274 2.044870 6.093814 10.773393 -12.096061 1.348273 4.777481 2.496041 21.762335 10.200099 -21.742777 -14.435298 14.801822 -0.385127 -0.620256 20.353197 8.281995 -0.204653 -9.753284 -9.136628 27.061831 11.288741 18.683035 31.986399 -18.139841 -13.248993 16.105856 7.640006 1.822932 2.209738
-8.106593 2.843179 6.169405 11.045778 -12.619637 1.708625 4.132504 1.993595 20.806684 11.976611 -22.419672 -14.377528 13.838273 0.169874 -0.944775 19.109138 9.001925 -0.542242 -9.996243 -9.651647 27.298906 8.294561 19.364672 30.632378 -17.148407 -13.033964 15.847555 7.646248 1.415876 1.343756
-7.608131 3.913990 5.853687 11.628492 -13.402338 1.942559 2.842908 1.124402 19.669664 13.398922 -23.518568 -15.019368 12.466405 0.688167 -1.055722 17.648701 9.307588 -0.928988 -10.133703 -10.297837 26.808325 5.424153 19.929071 27.919935 -15.052460 -13.320033 15.385137 8.884432 1.043724 1.508113
-7.432364 4.934847 5.361532 11.538731 -14.235700 2.074257 1.577714 0.665413 18.344334 15.103610 -24.241428 -15.319255 11.203890 1.171516 -1.377541 16.153494 9.809129 -1.297726 -10.666819 -10.708720 26.931152 2.491182 20.590940 25.983072 -13.467515 -13.034551 15.099137 9.453216 -0.062817 0.743816
-6.928622 5.726079 4.521445 11.722841 -14.799722 2.131869 0.695197 0.402959 17.484213 16.077051 -24.935764 -15.568742 10.210242 1.472755 -1.813689 15.158796 10.468640 -1.212544 -11.303026 -10.800187 26.905052 0.881118 21.170870 25.983788 -12.669923 -12.642054 15.213223 9.496550 -1.424881 0.279993
-6.815832 6.339710 3.980073 11.544460 -15.390163 2.106643 -0.237084 0.184025 16.658693 17.038275 -25.258440 -15.846114 9.902745 1.580718 -2.357718 14.248826 11.166196 -1.307935 -11.379180 -10.991088 26.499033 -0.470211 21.762205 26.161379 -12.580181 -12.240641 15.457469 8.871854 -2.194790 -0.032083
-6.882254 6.569562 3.626330 11.107595 -15.737778 1.990564 -0.897552 0.165649 16.048578 17.564861 -25.373499 -15.967981 9.661065 1.694070 -2.514692 13.652579 11.340904 -1.130415 -11.469006 -11.031177 26.244543 -0.942811 21.646042 26.308107 -12.515503 -12.200275 15.629748 8.829659 -2.717844 0.148500
-6.789131 6.815383 3.766874 10.970363 -15.785118 1.994558 -0.845829 0.204726 15.906147 17.693092 -25.365625 -16.157246 9.733608 1.366777 -2.444281 13.705760 11.125109 -1.052860 -11.500276 -10.925456 26.541784 -1.100720 21.952833 26.600220 -12.596025 -11.857027 15.773571 8.662327 -2.789395 -0.307098
-5.566209 7.577034 4.874195 10.005295 -15.291396 2.065896 0.144653 0.489885 15.568059 18.449451 -25.148054 -16.771481 9.925147 0.528259 -1.453523 14.081241 9.843871 -0.842736 -11.114092 -10.318768 26.885920 0.112139 23.271612 27.671904 -12.110603 -10.425212 16.248989 9.230752 -2.215608 -1.215559
-3.639207 8.729437 6.595572 6.823652 -13.674120 2.309685 3.292204 2.231249 15.649939 19.042873 -23.595098 -18.189344 9.620824 -2.288803 1.226237 14.732150 5.998278 -0.001532 -9.990048 -9.932538 26.181894 4.728746 26.128675 27.831474 -9.730743 -8.350486 17.137514 11.699856 -1.526747 -0.509561
0.179751 11.189548 9.336089 2.262389 -11.899767 3.166842 6.236211 2.962727 14.608103 20.723049 -20.000767 -21.015818 10.352500 -6.707802 4.632455 14.697297 0.986755 1.350037 -8.379751 -9.043597 24.629396 8.621301 29.537813 29.124924 -6.398268 -5.838296 17.073511 14.354616 -2.433725 -1.329651
5.946451 15.125496 11.231382 -5.300052 -9.487966 4.451911 7.816983 1.863868 14.859120 17.570427 -14.679920 -23.149837 8.428858 -13.066435 8.102201 13.778942 -4.676577 3.149056 -9.367242 -8.394242 22.138138 10.363885 32.941757 26.752829 -1.137865 -3.021237 16.365055 21.299843 -1.898738 -3.998665
11.116419 18.756502 10.167175 -11.056715 -8.051797 3.931446 7.575090 1.387331 16.337172 10.748115 -8.617572 -23.621334 6.358296 -19.216377 9.315158 10.277509 -7.313468 5.218057 -12.118866 -8.188123 20.701117 6.842183 33.081409 23.632288 2.112650 -0.500595 14.905925 25.547306 0.139582 -8.959696
13.134848 21.003519 6.091792 -15.057901 -6.990736 2.547330 7.004115 2.370471 18.187281 4.527721 -3.620103 -25.078932 3.855876 -23.356470 9.624881 4.847026 -7.690762 7.562958 -14.940929 -7.730002 20.528372 0.093625 30.460670 18.134277 5.512936 0.683401 11.913445 29.962212 -1.730138 -15.584009
12.111736 22.544628 1.127070 -15.821125 -7.239496 1.390225 5.726444 3.558885 19.416624 -0.653498 0.688788 -26.072886 1.812677 -25.214630 7.854059 -0.234035 -5.138981 9.338290 -17.854925 -6.545208 21.969128 -5.937057 24.436333 14.156611 7.201897 -0.198431 9.246993 33.530945 -4.937033 -20.889057
11.115775 23.219805 -5.018782 -17.079403 -7.665790 -0.642898 3.281617 4.951203 20.700439 -5.704228 4.433554 -25.734632 -0.840787 -25.882843 5.890378 -4.789241 -1.407179 10.361713 -20.699051 -6.241812 23.150438 -9.808001 18.840343 12.025421 8.204922 -0.788325 7.773752 35.873997 -7.327595 -23.103258
10.805920 23.511198 -8.326110 -17.920322 -7.751650 -1.936428 1.800554 5.651049 20.941315 -7.778467 5.759562 -25.541504 -2.618820 -25.813620 5.438654 -6.971007 0.224112 11.144090 -21.897142 -6.185625 23.259588 -12.012717 15.581553 10.298068 8.519347 -2.026958 7.101886 37.044712 -7.521564 -22.946129
10.736782 23.559988 -8.741112 -17.951036 -7.748493 -2.095999 1.635631 5.723520 20.962057 -8.025347 5.917312 -25.445509 -2.924004 -25.737270 5.525329 -7.210647 0.400216 11.197955 -21.939564 -6.169743 23.139902 -12.355466 15.261124 9.998082 8.635827 -2.227534 7.026776 37.159592 -7.492635 -22.740362
11.487967 23.581602 -8.989260 -17.854874 -7.652267 -2.501782 1.497964 5.887700 20.766634 -7.640887 5.747122 -25.376373 -2.888819 -25.616480 5.599879 -7.370775 0.294024 11.416986 -21.732382 -6.173191 22.883354 -12.568074 15.139309 10.241360 8.694445 -2.238071 6.829889 37.407185 -7.085464 -22.888071
12.351744 23.631054 -9.443796 -17.954899 -7.526658 -3.174267 1.245351 6.207056 20.517006 -7.334860 5.467085 -25.390608 -3.023490 -25.470951 5.804840 -8.051926 0.047678 12.115179 -21.200827 -6.298339 22.464842 -13.007426 14.435437 10.474520 8.754462 -2.412622 6.551037 37.967693 -6.308687 -23.034611
13.298973 23.972246 -9.495106 -17.664982 -7.591927 -3.742729 1.025416 6.562186 19.535402 -5.745824 4.617954 -25.417946 -3.283545 -24.900017 5.958943 -8.734371 -0.095682 12.846075 -20.508039 -6.360687 21.802431 -13.797340 13.012949 11.164442 8.869998 -2.791940 6.346823 39.115189 -5.156144 -22.928762
14.812878 24.731518 -9.509104 -17.102364 -7.679664 -4.265186 0.951583 6.797531 18.754345 -4.462576 3.583709 -25.299335 -3.761211 -24.728203 6.456759 -9.664130 -0.709976 13.741042 -19.997694 -6.416657 20.823404 -14.587417 11.891682 12.319979 8.721228 -3.109970 6.025453 39.750336 -3.455197 -22.848804
16.076660 25.503141 -9.822275 -16.869572 -7.815223 -4.626451 0.798091 7.148294 17.757013 -2.605731 2.036870 -25.488085 -4.271001 -24.220531 6.675148 -10.388330 -1.216068 14.613101 -19.292494 -6.556799 19.835373 -15.230186 10.497554 13.401407 8.728822 -3.620069 5.858744 40.724678 -2.019307 -22.232582
17.205412 26.314671 -10.133232 -16.904200 -7.948552 -4.805323 0.501320 7.225630 16.939932 -1.423597 0.632146 -25.768259 -4.727198 -23.597033 7.070794 -11.043575 -1.692034 15.244214 -18.478636 -6.623319 18.208227 -16.453602 9.025504 14.031769 9.199285 -4.200211 5.848264 41.845856 -0.075967 -20.756205
18.213507 27.047796 -10.259731 -16.759945 -7.954786 -4.958062 0.615433 7.482421 16.342745 -0.305694 -0.824069 -25.707787 -5.266240 -23.326046 7.577946 -11.564652 -2.156271 15.485969 -18.071188 -6.636356 16.759501 -17.125517 7.645907 15.695997 9.192761 -4.922077 5.803634 42.567421 1.980298 -19.391668
18.419989 27.194880 -10.324725 -16.820908 -7.865318 -5.211625 0.775283 7.873460 15.981207 0.384402 -1.960646 -25.720383 -6.129560 -23.210289 7.815703 -11.966610 -2.342541 15.650761 -17.839058 -6.799816 15.932586 -17.695868 6.982609 16.786556 9.156043 -5.439740 5.707075 42.798748 3.547869 -18.584925
18.557022 27.409897 -10.209114 -17.076155 -7.821840 -5.302524 0.933850 8.128749 15.654469 0.929821 -2.226657 -25.687843 -6.003266 -23.157631 7.758445 -11.938085 -2.455661 15.796825 -17.817375 -6.595353 15.653227 -17.784464 6.778151 17.205137 9.230866 -5.708089 5.761921 42.976429 4.460980 -17.897915
18.556269 27.363256 -10.201131 -16.954941 -7.824555 -5.353416 0.990813 8.207405 15.630150 1.033596 -2.256948 -25.626087 -6.053091 -23.154648 7.873415 -11.974460 -2.571069 15.827419 -17.742128 -6.642057 15.563382 -17.646223 6.844839 17.227684 9.251693 -5.737041 5.744271 43.034409 4.633441 -17.804125
19.317919 27.194452 -9.934402 -16.473503 -7.862186 -5.469817 0.920102 8.040129 15.556974 1.401031 -2.431529 -25.617386 -5.868836 -23.136398 8.124384 -12.036807 -3.028926 16.007130 -17.424864 -6.911754 14.981231 -16.926954 7.381007 17.895601 9.246988 -5.785144 5.690689 43.284370 5.511407 -17.637987
20.310686 26.813383 -9.146797 -15.839739 -7.864753 -5.630061 0.968982 7.770448 15.435038 2.100887 -2.087066 -25.267986 -4.468069 -23.085051 8.803580 -11.418490 -4.045701 16.091656 -16.692717 -6.776592 14.282568 -15.341884 8.746700 18.715010 9.339805 -5.827878 5.824777 43.475266 7.104641 -17.055983
21.334059 25.541372 -7.823788 -15.476418 -7.212196 -6.118273 1.597588 7.765261 15.619552 3.156662 -2.697869 -24.946239 -3.222649 -23.123386 9.329354 -11.365106 -5.109283 16.279879 -16.343102 -6.705369 13.545274 -13.364811 10.940731 19.196173 9.674345 -5.551964 5.850358 43.815639 9.175249 -16.852465
22.745527 23.833342 -6.203265 -14.969772 -6.380799 -6.744484 2.086925 7.464605 15.983532 3.851430 -2.501981 -23.435783 -1.685832 -23.661066 10.373967 -10.923948 -6.853432 16.647869 -16.027447 -6.899037 12.702104 -10.074248 13.706161 19.685442 9.549786 -5.203144 5.787375 43.734959 11.840736 -16.832178
23.610186 21.656507 -4.509996 -15.082380 -5.229118 -7.399811 2.633118 7.004572 17.105883 2.958347 -2.693473 -21.318501 -0.211731 -23.946234 11.475331 -10.249637 -8.375081 16.790258 -15.783630 -7.161077 11.499721 -4.983827 18.110233 18.880182 9.400775 -4.665053 5.440849 42.956394 13.901767 -16.819639
24.493416 19.832731 -2.548301 -14.456814 -4.526214 -7.746214 2.790830 6.079731 17.765123 2.177255 -2.451896 -18.438568 0.523464 -24.213486 12.752168 -9.348540 -9.444894 16.639948 -15.424658 -7.783506 10.999373 -0.111035 22.013754 17.768799 9.212184 -4.050408 4.970520 42.107101 15.871275 -17.317440
10.434599 8.755039 -5.683016 1.449717 -5.634618 -13.481860 8.351734 16.719242 18.025394 14.940636 -14.079572 -21.775223 17.328171 -5.330183 6.023976 -10.762572 -1.113790 17.731989 -3.783968 -7.839002 12.117205 -4.176777 24.248610 22.698393 4.440426 -5.878069 6.728884 32.515053 24.426226 -17.360804
10.825497 7.064414 -4.169843 1.595408 -5.069597 -13.851306 8.323750 15.996991 18.512983 14.576632 -14.846102 -19.193716 18.010098 -4.860338 7.288843 -10.000367 -2.178431 17.526363 -3.446212 -8.690759 11.230723 -0.926083 25.470179 23.580112 1.817902 -6.389539 6.049574 29.645882 27.865259 -16.625284
12.187147 5.530602 -2.309250 1.065425 -4.265437 -13.710918 7.773043 14.282078 18.557539 14.655375 -15.207268 -16.824192 18.106461 -4.681417 8.643506 -9.114262 -2.898566 17.093252 -3.197113 -9.082650 11.088747 0.880406 25.470015 25.378786 -1.945952 -6.791263 5.977709 25.639324 31.408792 -15.994255
12.272702 3.415433 -1.245884 1.098997 -3.664601 -14.333556 7.721149 14.242429 18.301222 16.759491 -16.782484 -14.365308 19.678226 -3.024363 8.932305 -8.889474 -2.110983 17.598896 -2.275130 -9.071744 8.711307 0.144271 24.275335 25.862173 -7.121362 -7.779749 5.030900 20.865940 34.089664 -16.258667
11.725172 0.953633 -0.134074 1.338034 -3.367123 -15.289606 7.091306 13.944908 18.233183 17.467873 -17.279579 -12.006442 21.153728 -2.172966 8.650899 -8.198796 -1.662321 19.242586 -2.287775 -8.217669 8.576859 -2.461989 22.353596 24.158869 -10.475471 -9.769727 4.517656 16.619942 37.061287 -14.462683
12.438927 -0.709367 0.701627 1.287476 -2.805334 -15.597054 6.644238 13.084419 18.455240 17.536016 -16.763281 -9.477386 21.519329 -2.526120 8.800241 -6.857917 -1.517700 20.454571 -2.713791 -7.500816 8.923261 -4.527225 19.973509 22.877588 -13.237759 -11.320449 4.145607 13.838093 37.658443 -13.608061
13.433289 -2.299445 0.651827 1.685696 -2.566986 -15.696619 5.667850 12.070595 18.577612 17.950546 -16.720633 -7.315799 21.709631 -3.064997 8.304723 -5.811612 -1.178405 22.269642 -3.543136 -6.763975 9.109425 -5.784784 18.208426 21.892429 -15.483768 -12.873490 3.569725 11.535442 38.066147 -12.476292
13.485600 -3.914423 0.872869 2.018023 -2.970990 -15.860703 4.395090 11.131950 18.780561 17.040472 -16.365208 -5.449385 21.872807 -2.708726 8.705377 -5.041429 -0.511935 22.525995 -3.327744 -6.150624 8.626848 -6.871850 16.876820 20.352930 -17.530828 -13.962336 2.825965 9.244923 38.676289 -11.959356
13.342916 -5.181384 0.861531 2.089907 -3.383989 -16.091019 3.116619 10.419611 18.793938 16.394636 -16.815701 -3.333797 21.349400 -2.193343 9.781093 -4.993432 -0.017486 22.299742 -2.871888 -6.394433 8.635036 -7.069107 16.638363 19.601366 -18.497070 -14.761929 2.317608 7.906189 39.538544 -11.277378
12.988916 -6.543167 0.861127 2.151031 -3.695867 -16.455980 1.903742 9.822411 18.840868 15.705709 -17.383078 -1.767050 21.307213 -1.843102 10.238877 -4.787130 0.697863 21.652008 -2.822367 -6.180820 8.819895 -6.818991 16.309675 18.647924 -19.400238 -15.401810 1.983468 6.537513 39.445160 -10.699039
12.594396 -7.310902 1.028805 2.327917 -4.189464 -16.396994 0.924269 9.177174 18.751623 15.128105 -17.457985 -0.621896 21.461887 -1.510664 10.544914 -4.192588 1.214470 21.217983 -2.651232 -6.156558 8.548614 -6.317157 16.252518 17.877499 -20.229454 -15.559924 2.047414 5.434130 39.221420 -10.215891
11.761517 -7.824542 1.250240 2.494806 -4.557472 -16.193239 0.335508 8.722031 18.735361 14.480068 -17.714758 0.336147 21.460972 -1.227102 10.905826 -3.835772 1.776309 20.590218 -2.528531 -6.148771 8.382013 -5.815706 16.214788 17.021254 -21.009087 -15.313752 2.388158 4.469027 38.444889 -10.099767
11.228550 -8.147755 1.466509 2.472666 -4.726581 -16.037798 0.024857 8.436269 18.730162 14.091606 -17.733866 0.852268 21.444948 -1.220516 11.142667 -3.733043 2.188388 20.051847 -2.449371 -6.013631 8.389529 -5.673007 16.417696 16.284910 -21.383099 -15.117255 2.632616 3.828485 38.067856 -10.059074
