3.054131 24.923540 -3.562059 -8.293083 -15.620639 -15.362434 2.068647 20.107904 8.433389 5.461586 -12.340671 -28.201185 4.538109 -16.617821 1.243338 -16.212383 11.701112 12.257083 -6.905729 -5.644464 -22.324011 -25.219038 5.159890 17.384151 -2.329871 -10.209854 2.238278 32.845913 -13.806149 -20.692379
2.994866 24.850245 -3.609052 -8.166600 -15.683172 -15.336918 2.043561 20.074577 8.573876 5.266748 -12.268436 -28.169518 4.413451 -16.667160 1.249472 -16.227797 11.741832 12.263137 -6.919479 -5.804828 -22.337343 -25.253201 5.377701 17.181740 -2.355845 -10.195662 2.216916 32.658844 -13.876603 -20.759283
3.060439 24.721704 -3.588219 -8.265157 -15.726852 -15.340624 1.808580 19.864325 8.666010 4.864379 -12.082359 -28.244293 4.392457 -16.681547 1.240812 -16.185719 11.858747 12.137018 -6.895050 -5.940280 -22.161549 -25.566933 5.529437 16.933111 -2.439638 -10.075909 2.216151 32.317482 -14.061746 -21.019960
3.089991 24.542765 -3.629884 -8.190790 -15.789972 -15.369196 1.625883 19.704348 8.877353 4.382893 -11.753533 -28.290993 4.557721 -16.689011 1.109638 -15.994737 12.033076 12.010478 -6.933093 -6.060071 -22.075808 -25.818518 5.948282 16.662275 -2.575882 -9.878012 2.294729 31.781445 -14.168989 -21.194786
2.864659 24.403053 -3.473975 -8.228033 -15.831304 -15.191910 1.640056 19.554897 9.045041 4.123915 -11.263720 -28.153286 4.923844 -16.689285 1.117473 -15.665322 12.038150 11.872519 -6.898555 -6.117302 -21.948320 -25.976616 6.307477 16.293152 -2.725486 -9.765433 2.341076 31.252205 -14.387812 -21.280954
2.515850 23.972166 -3.447271 -8.518527 -15.865067 -15.193283 1.374104 19.401670 9.177203 3.705849 -10.635230 -28.046261 5.224494 -16.707458 0.980050 -15.274850 12.236674 11.704482 -6.839918 -6.292064 -21.735559 -26.128302 7.279318 15.571218 -2.761896 -9.506803 2.279861 30.541019 -14.752389 -21.628820
1.987377 23.641031 -3.434235 -8.550249 -15.974562 -15.134569 1.250853 19.301579 9.448669 3.013293 -10.128052 -28.108742 5.378631 -16.848948 0.877467 -14.947618 12.391511 11.539079 -6.924008 -6.389273 -21.345285 -26.288088 8.187301 14.711029 -2.681844 -9.403494 2.317939 30.045820 -14.803493 -21.784430
1.548234 23.294992 -3.331291 -8.573488 -15.995708 -15.086048 1.247653 19.232824 9.783278 2.438303 -9.471853 -27.989943 5.554104 -17.045200 0.852862 -14.635938 12.515648 11.226583 -7.082580 -6.451200 -20.833668 -26.474466 9.629365 13.724140 -2.764513 -9.016546 2.414236 29.101067 -14.850736 -22.237333
0.922197 22.800272 -3.243909 -8.636248 -15.920101 -15.041403 1.377929 19.240599 10.235843 1.725857 -8.872471 -27.810841 5.765094 -17.285452 0.468871 -14.302396 12.943190 10.895908 -7.471838 -6.557995 -20.445765 -26.428770 10.714937 12.586364 -2.839704 -9.088112 2.554531 28.201843 -14.984638 -21.896135
0.323856 22.393820 -3.151340 -9.001861 -15.836692 -14.961172 1.445250 19.221134 10.631780 1.007658 -8.102419 -27.816422 6.105019 -17.375282 0.311635 -14.068900 13.371461 10.549100 -7.593334 -6.609721 -20.184969 -26.776957 11.361399 11.827879 -3.026930 -9.134331 2.526987 27.402195 -15.089824 -21.861654
-0.479526 21.838448 -3.163445 -9.135015 -15.839612 -14.869505 1.358633 19.081314 11.138052 -0.041838 -7.362921 -27.692619 6.531751 -17.583328 0.178584 -13.584869 13.589650 10.014147 -7.937565 -6.472895 -19.893713 -27.275394 11.971523 11.261428 -3.348189 -8.980331 2.673427 26.534641 -15.358708 -21.949104
-1.278136 21.487009 -3.172917 -9.477269 -15.846989 -14.592047 1.391584 18.991592 11.527922 -0.716625 -6.883909 -27.770342 6.953152 -17.651733 -0.090247 -13.157624 13.871861 9.615112 -8.142189 -6.404886 -19.426737 -27.648266 12.606755 10.842696 -3.578035 -8.739255 2.803359 25.653997 -15.958402 -22.183857
-2.066265 21.072943 -3.231699 -9.845452 -15.783868 -14.368149 1.379965 18.899467 11.851139 -1.294419 -6.294193 -27.949070 7.375401 -17.659920 -0.459984 -12.663514 14.298261 9.159410 -8.309359 -6.340971 -18.922209 -27.669432 13.108330 10.196166 -3.717342 -8.568264 2.900023 24.976267 -16.705631 -22.311239
-2.481464 20.853838 -3.364080 -9.945109 -15.794313 -14.177262 1.391129 18.789213 12.256132 -1.959919 -5.828049 -28.112669 7.857348 -17.777416 -0.798914 -12.409852 14.570533 8.846193 -8.469910 -6.243271 -18.564211 -27.428539 13.781191 9.616245 -3.730361 -8.538003 3.107706 24.409439 -17.180384 -21.961058
-3.194359 20.619907 -3.289723 -10.122341 -15.728693 -13.853505 1.616506 18.690817 12.761873 -2.686502 -5.373742 -28.189579 8.248824 -17.839972 -1.116782 -12.009330 14.903851 8.405875 -8.694366 -6.225312 -18.293322 -27.263586 14.579985 9.214642 -3.867710 -8.352417 3.258467 23.728283 -17.538500 -21.945911
-3.643641 20.538069 -3.178616 -10.056320 -15.862972 -13.560664 1.609369 18.515472 12.908051 -3.020757 -5.283366 -28.187012 8.398577 -17.784988 -1.265115 -11.612231 15.079729 8.015052 -8.886919 -6.164790 -18.037474 -27.130793 14.961473 9.216638 -3.971589 -8.347698 3.477247 23.243710 -17.967251 -21.586216
-4.058216 20.509632 -2.950193 -10.009403 -15.910724 -13.249646 1.775506 18.403267 13.041830 -3.157395 -5.008620 -28.287769 8.613984 -17.804926 -1.521899 -11.387162 15.307334 7.758708 -9.122036 -6.122809 -17.791777 -26.873196 15.200316 9.111204 -3.996616 -8.215406 3.605664 23.096962 -18.395761 -21.679821
-4.543930 20.541798 -2.783945 -10.146111 -15.967333 -12.956491 1.869778 18.299187 13.151613 -3.399506 -4.892221 -28.372511 8.693242 -17.809216 -1.613328 -11.297071 15.440528 7.612303 -9.162267 -6.143935 -17.572588 -26.744612 15.182578 9.053852 -4.111765 -8.254919 3.735480 22.912573 -18.808023 -21.543680
-4.841917 20.474623 -2.737811 -10.188179 -16.020245 -12.867520 1.855516 18.245996 13.237544 -3.639958 -4.829708 -28.486959 8.735742 -17.808228 -1.703631 -11.262641 15.529660 7.538819 -9.217584 -6.103213 -17.480749 -26.670792 15.176975 9.009154 -4.154000 -8.229374 3.836259 22.857365 -18.858500 -21.500429
-4.962710 20.473557 -2.759111 -10.238770 -16.034090 -12.814856 1.883730 18.256313 13.302551 -3.730199 -4.864268 -28.553440 8.772112 -17.818296 -1.704591 -11.203553 15.497764 7.493680 -9.207006 -6.087886 -17.443666 -26.680033 15.143343 8.992146 -4.171710 -8.265028 3.841086 22.825710 -18.905766 -21.436424
-4.829666 20.418344 -2.425827 -10.141300 -16.001911 -12.740891 2.075265 18.243298 13.287627 -3.457915 -4.900227 -28.534157 8.952115 -17.963436 -1.788349 -10.996758 15.356783 7.476254 -9.227253 -6.133599 -17.486658 -26.281809 15.422638 9.135290 -4.171172 -8.190076 3.842236 22.851337 -18.775774 -21.528467
-4.655001 20.166367 -1.315204 -9.681261 -15.959869 -12.405758 2.723104 18.106329 13.477570 -3.095603 -5.413652 -28.151119 9.380036 -18.349205 -1.792335 -10.217140 14.624911 7.437841 -9.150715 -6.154706 -17.766130 -24.993422 16.542887 9.271584 -4.108598 -7.950712 3.775791 22.827625 -18.548273 -21.781315
-4.468402 20.073072 0.904588 -8.876740 -15.971382 -11.586868 3.768440 17.691999 13.299879 -1.899815 -5.991506 -27.869228 10.415073 -18.775787 -1.902304 -8.936622 13.755384 7.197901 -9.047408 -6.128624 -17.960938 -22.688787 17.783384 10.086282 -4.188558 -7.584127 4.073489 22.697956 -18.737301 -21.667824
-4.050925 19.809153 3.812720 -7.691664 -15.863752 -10.537960 5.067856 16.894503 13.245806 -0.828626 -7.143265 -27.607204 11.738639 -19.395458 -1.951922 -7.385543 12.232400 7.346292 -9.096750 -5.865221 -17.965361 -18.704134 19.537920 11.369580 -3.995750 -7.053743 4.872349 23.027527 -19.551605 -21.236134
-2.687696 19.326288 6.662874 -6.505535 -15.672392 -9.832558 6.027066 15.989803 12.951928 0.781272 -8.667251 -26.718658 12.987929 -19.961868 -1.972729 -5.489212 10.760165 7.270455 -9.079983 -5.895327 -17.929514 -14.556888 21.990957 12.780005 -4.084177 -6.045470 5.634836 23.010090 -20.124401 -21.392967
-1.814776 18.434280 8.706806 -5.277482 -15.510157 -9.591495 6.550167 15.193584 13.288074 1.081679 -10.817343 -25.402588 13.720807 -19.949722 -1.881811 -3.487704 9.660220 6.759634 -8.942722 -6.373937 -17.937147 -10.406000 23.087214 14.403940 -4.280725 -6.107052 6.203009 23.192921 -20.297565 -19.907082
-0.449141 18.193815 11.457294 -4.270904 -15.503538 -8.861912 7.073859 13.945072 13.117398 2.247422 -11.975018 -24.299946 14.195029 -19.869482 -1.223687 -1.371663 8.510915 6.134789 -8.974688 -6.509920 -18.168715 -6.008742 24.693701 16.679464 -5.006176 -5.988433 7.056113 22.530325 -20.368839 -17.796688
-0.279849 17.402977 13.183279 -1.132099 -16.079231 -8.325077 7.137817 12.761621 13.350254 2.830418 -13.789705 -22.550949 14.092874 -19.418329 -0.875079 1.014547 8.254751 4.711255 -9.281627 -6.550524 -17.750563 -1.644560 26.803097 18.603407 -5.431347 -5.956077 8.403622 21.874699 -19.624205 -14.796813
0.160817 17.654573 15.868155 0.991863 -16.634474 -6.913437 6.865548 10.338785 13.325618 2.531521 -16.138559 -20.836067 13.014461 -18.794262 0.451475 4.062772 6.970782 3.572217 -8.785584 -7.230869 -17.427374 3.040368 27.301168 19.941416 -6.429383 -7.129153 9.476434 21.202513 -18.979261 -10.961330
1.431436 18.347649 17.735548 2.900767 -17.172333 -5.333357 5.946939 7.116909 13.701649 0.952679 -18.619146 -19.481865 10.856372 -18.074139 2.503684 7.121522 5.825211 1.944112 -8.226891 -7.816143 -16.702116 6.337018 28.834301 19.265480 -6.485907 -7.987539 10.451449 20.517456 -19.956171 -7.438035
3.004497 18.880838 18.964993 4.141503 -17.704620 -3.965820 4.795277 4.308230 13.582588 0.532345 -19.981520 -18.273289 8.119180 -18.049068 5.005880 9.542642 4.679467 0.056976 -7.802147 -8.892076 -16.964621 9.259051 30.009096 18.201942 -5.921202 -9.244208 11.689184 20.214756 -21.013424 -2.601213
3.770312 19.341516 19.929096 4.546704 -18.661531 -2.713460 2.830773 1.562997 13.046564 0.154175 -20.105442 -17.063198 4.923892 -18.828363 7.082146 11.775533 3.799386 -2.047876 -8.137820 -9.825083 -16.503632 9.713344 30.734797 17.653364 -6.308598 -10.411057 12.340831 18.626263 -21.928709 0.282549
3.762709 19.220140 20.079094 4.698860 -19.404530 -1.860516 1.175688 -0.272558 12.884181 -0.493667 -19.976414 -16.089487 3.235608 -18.322636 7.863952 12.973725 3.963787 -3.646190 -8.274300 -10.390620 -16.116781 9.491531 30.843500 15.732635 -6.529273 -11.726135 13.090434 17.953358 -22.240667 3.423143
3.668893 19.080429 19.863194 3.811371 -19.891321 -0.938702 -0.735627 -2.096896 12.538644 -0.685837 -19.459423 -15.145737 0.921010 -18.433706 7.887551 14.223969 4.598896 -5.069402 -9.445536 -11.118670 -15.723842 7.559079 30.636343 13.151234 -6.659115 -12.709389 13.415695 17.373121 -22.500986 5.372437
3.049050 18.505381 19.270149 2.572492 -20.237486 -0.592016 -2.419713 -3.030999 12.197855 -0.923117 -18.896837 -14.386500 -0.396266 -18.563795 7.116168 14.351028 5.879859 -6.182854 -10.628414 -11.629005 -15.661611 6.536784 30.067682 11.752373 -7.072229 -14.069118 13.330113 17.036188 -21.742044 7.102443
3.242566 18.182425 18.902069 1.970702 -20.840937 -0.464781 -4.297764 -4.060063 11.487370 -0.613259 -18.216196 -13.843118 -1.432683 -18.816643 6.365985 14.599618 7.163215 -7.122667 -11.904083 -11.762822 -15.248215 5.760223 28.509216 11.543036 -7.721443 -14.882143 13.143220 16.861759 -22.037598 7.528555
2.397259 17.852077 18.259590 1.203535 -21.371275 -0.148617 -6.065544 -5.067714 10.931365 -0.537898 -17.911318 -13.189620 -2.049012 -18.359159 5.761150 14.540997 8.273196 -7.810172 -12.865503 -11.913623 -14.812676 4.670955 28.379976 8.676603 -6.846385 -15.749776 13.353301 17.334021 -21.852728 9.454012
1.615746 17.620054 17.563637 0.299640 -21.428183 0.089207 -6.703157 -5.320319 11.048819 -1.159018 -17.276957 -12.783576 -2.839592 -18.688728 5.220580 14.551702 8.889829 -8.217055 -13.797058 -12.353522 -14.427893 5.547060 27.064619 8.242287 -6.968948 -17.065636 13.340104 18.196396 -21.998621 11.196091
1.268847 17.337469 17.180233 -0.261008 -21.571093 0.157152 -7.518965 -5.704377 10.795388 -1.233701 -17.065836 -12.617866 -3.066914 -18.674923 5.063631 14.338478 9.077098 -8.318373 -14.109967 -12.362853 -14.431891 5.447367 25.892134 7.672946 -7.470739 -17.907761 13.265181 18.070911 -21.908606 12.078011
1.199894 17.194990 16.947632 -0.413579 -21.585291 0.127715 -7.763227 -5.779970 10.790357 -1.407010 -17.015751 -12.563625 -3.234385 -18.463329 4.936177 14.277446 9.294740 -8.389295 -14.161582 -12.507796 -14.858274 5.272608 25.383959 7.538552 -7.620634 -18.294407 13.117488 18.077843 -21.754278 12.447815
1.138463 17.104422 17.053879 -0.543832 -21.493628 0.186977 -7.663859 -5.778316 10.845537 -1.380298 -16.947126 -12.451600 -3.128429 -18.493908 4.915284 14.313613 9.292849 -8.351479 -14.202295 -12.389635 -14.826388 5.563599 25.245886 7.612295 -7.729362 -18.339600 13.103529 18.111710 -21.610998 12.457373
1.012822 16.912601 17.226318 -0.774800 -21.368811 0.196621 -7.548169 -5.744849 10.976923 -1.605306 -16.756041 -12.217093 -2.935711 -18.592487 4.772779 14.379668 9.469607 -8.455605 -14.279581 -12.390163 -14.904029 5.837173 25.293959 7.241994 -7.687081 -18.325293 13.084649 18.172028 -21.601585 12.378301
1.003436 16.744818 17.390139 -0.918351 -21.124807 0.280964 -7.143399 -5.615060 11.247845 -1.731075 -16.571833 -12.160529 -2.748224 -18.956131 4.721183 14.721990 9.388231 -8.540763 -14.405403 -12.259210 -15.066684 6.631135 24.704876 7.842886 -8.075626 -18.654850 13.019252 18.397419 -21.422564 12.571077
0.786132 16.442287 17.692205 -1.483541 -20.775169 0.232880 -6.688766 -5.329048 11.552576 -2.121521 -16.221491 -11.978978 -2.366331 -19.295702 4.673629 14.881314 9.251974 -8.279958 -14.409725 -12.195860 -15.426562 7.362672 24.134039 8.053980 -8.413855 -19.067904 13.077579 18.574261 -20.956453 13.236842
0.825868 16.047321 17.991924 -1.560485 -20.480803 0.161813 -6.376849 -5.250372 11.842964 -2.608696 -15.845778 -11.850669 -1.887943 -19.374868 4.622501 15.323923 9.191880 -8.305432 -14.593742 -11.859915 -15.443561 7.994039 23.580652 8.138844 -8.637121 -19.325596 12.956086 18.922585 -20.579212 13.355217
0.698214 15.646284 18.300220 -1.840537 -20.251093 -0.010552 -6.131592 -5.078473 12.173534 -3.149379 -15.687704 -11.730304 -1.354494 -19.460625 4.547945 15.725759 9.041398 -8.230350 -14.386190 -11.845687 -16.052752 8.406838 23.418451 7.800813 -8.981785 -19.456440 12.604726 18.797356 -20.378981 13.074547
0.163376 15.137983 18.740105 -1.938197 -19.879910 -0.121451 -5.591655 -4.821996 12.665010 -3.633911 -15.502800 -11.544993 -0.296371 -19.473881 4.636985 16.349203 8.829440 -8.038810 -14.037182 -11.500249 -15.976089 9.267054 23.051310 8.387918 -9.600427 -20.000715 12.279921 18.445137 -19.725126 13.399908
-0.173354 14.676018 18.859802 -2.175754 -19.362774 -0.148780 -4.967177 -4.602886 13.440199 -4.699514 -15.072404 -11.134667 0.397829 -19.827124 4.593596 16.956320 8.758747 -7.904223 -14.082153 -11.221031 -15.927492 10.039032 23.460548 8.078541 -9.733573 -20.254608 11.859998 18.152943 -19.781477 13.230894
-0.222803 14.172297 19.154097 -2.130612 -18.937437 -0.346891 -4.348058 -4.320048 14.056786 -5.414989 -14.926061 -11.097543 1.098470 -19.828026 4.665781 17.750067 8.464921 -7.570462 -13.645154 -11.155728 -15.758905 11.471778 23.492357 8.730998 -9.996567 -20.318380 11.863793 18.429308 -19.433914 13.523095
-0.386641 13.670691 19.469278 -2.082852 -18.507338 -0.414455 -3.667143 -4.107968 14.792074 -6.169717 -14.626313 -10.914247 1.765346 -19.851078 4.967546 18.614531 8.075306 -7.289729 -13.321259 -10.816493 -14.984160 12.801028 23.448324 10.071436 -10.423910 -20.173750 11.942081 18.217346 -19.020712 13.754214
-0.906311 13.234584 19.458553 -2.308686 -17.948505 -0.529004 -2.726606 -3.486278 15.514817 -6.762091 -14.409243 -10.574892 2.417508 -19.678143 5.155041 19.262257 8.001252 -7.158243 -12.927414 -10.653628 -14.699762 14.074794 23.341183 11.359027 -11.139108 -20.143738 11.957022 17.573576 -19.088030 13.816313
-1.091911 12.836766 19.352266 -2.602323 -17.645386 -0.665618 -2.387953 -3.167347 15.893043 -7.365008 -14.130894 -10.537285 3.200888 -19.935829 5.315735 19.825006 7.731593 -6.998155 -12.791307 -10.180456 -14.930416 15.556074 23.306383 11.471945 -11.337395 -20.738216 12.029517 17.449629 -19.262831 14.676400
-1.239863 12.482756 19.586075 -2.966749 -17.366171 -0.708821 -2.076701 -3.074237 16.275438 -7.880125 -13.823421 -10.521069 3.508328 -20.099581 5.514630 20.223866 7.471559 -6.817356 -12.585876 -10.038589 -14.976194 16.689114 23.413397 11.336783 -11.376179 -21.027298 12.112868 17.487249 -19.033518 15.281870
-1.334071 12.086788 19.585682 -3.654053 -17.075212 -0.844353 -1.859402 -2.874579 16.671608 -8.660657 -13.301837 -10.393844 4.168964 -20.290760 5.373533 20.902597 7.531023 -6.783679 -12.618702 -9.744868 -14.664330 18.270191 23.296541 12.497205 -11.899020 -20.899433 12.455853 17.209030 -19.395334 15.395452
-1.426063 11.751745 19.493988 -3.838782 -16.904093 -1.004462 -1.674362 -2.632366 16.959171 -9.065704 -12.914852 -10.273683 4.624830 -20.482790 5.412278 21.183947 7.506740 -6.814170 -12.459920 -9.559813 -14.712865 19.394011 23.210730 13.206038 -12.215326 -20.894669 12.580455 17.375435 -19.272417 15.540194
-1.259665 11.714158 19.308918 -4.084001 -16.823195 -1.129276 -1.623748 -2.517496 17.180683 -9.705808 -12.657118 -10.227340 4.865654 -20.535164 5.609026 21.492258 7.483465 -6.967751 -12.273601 -9.425136 -14.632504 20.587267 23.176447 13.774786 -12.504817 -20.887300 12.752006 17.435711 -19.126728 15.635923
-1.498503 11.391897 19.266121 -3.742452 -16.692228 -1.302727 -1.304863 -2.313980 17.623852 -10.388396 -12.724191 -10.090341 4.986497 -20.372490 5.748200 21.748140 7.548088 -7.089846 -11.983015 -9.488984 -14.457275 21.363279 23.047636 14.091800 -12.815924 -21.023930 12.760068 17.449215 -18.796757 15.680716
-1.472476 11.187069 19.232645 -3.781368 -16.604586 -1.335244 -1.286701 -2.352806 17.817995 -10.808804 -12.515265 -10.061169 4.952647 -20.666229 5.935757 21.887995 7.278648 -7.010647 -11.981616 -9.445107 -14.318891 22.114958 22.741154 14.578007 -13.051247 -21.018009 12.883176 17.706057 -18.759586 15.710745
-1.428518 11.204477 19.044714 -3.679398 -16.625969 -1.396750 -1.254270 -2.252701 17.930237 -11.003283 -12.584862 -10.013841 4.990829 -20.662130 6.036241 21.920443 7.225560 -6.954380 -11.889075 -9.415534 -14.221723 22.379820 22.657150 14.638713 -13.035287 -21.079353 12.904378 17.927450 -18.637506 15.804708
-1.585835 11.021532 19.176157 -3.895643 -16.505974 -1.422327 -1.167052 -2.235349 18.054972 -11.200895 -12.617071 -9.957705 4.987395 -20.663805 6.064592 21.972620 7.206463 -6.900251 -11.867773 -9.415380 -14.241175 22.534937 22.638243 14.545258 -13.078684 -21.177010 12.893778 17.969425 -18.472401 15.904944
-1.585835 11.021532 19.176157 -3.895643 -16.505974 -1.422327 -1.167052 -2.235349 18.054972 -11.200895 -12.617071 -9.957705 4.987395 -20.663805 6.064592 21.972620 7.206463 -6.900251 -11.867773 -9.415380 -14.241175 22.534937 22.638243 14.545258 -13.078684 -21.177010 12.893778 17.969425 -18.472401 15.904944
-1.590328 11.023792 19.185579 -3.894727 -16.513657 -1.428353 -1.170774 -2.231688 18.047424 -11.205874 -12.614798 -9.959496 4.984069 -20.661100 6.063844 21.976185 7.200584 -6.895432 -11.869078 -9.418970 -14.239938 22.534502 22.638361 14.545486 -13.078511 -21.178223 12.893102 17.968952 -18.473856 15.905296
-1.591088 11.023472 19.185452 -3.895314 -16.513662 -1.428513 -1.170899 -2.231343 18.047304 -11.205900 -12.614118 -9.959559 4.983797 -20.662067 6.064066 21.976290 7.200077 -6.895655 -11.869522 -9.418927 -14.238278 22.537102 22.638376 14.549711 -13.080038 -21.176823 12.891948 17.968386 -18.474749 15.902005
-1.590813 11.023561 19.185472 -3.894218 -16.513721 -1.428475 -1.170686 -2.231416 18.047365 -11.205574 -12.613255 -9.959373 4.982860 -20.663242 6.064074 21.976633 7.199630 -6.895250 -11.870453 -9.419118 -14.238305 22.536852 22.638350 14.549471 -13.080139 -21.176706 12.891997 17.968151 -18.474852 15.901883
-1.590938 11.023550 19.185436 -3.894449 -16.513777 -1.428475 -1.170783 -2.231444 18.047474 -11.205994 -12.612609 -9.959261 4.982338 -20.663960 6.064656 21.976641 7.199151 -6.895808 -11.870629 -9.419233 -14.238393 22.536781 22.637650 14.549775 -13.080456 -21.177315 12.891965 17.967995 -18.474249 15.902552
-1.590775 11.023666 19.185532 -3.894670 -16.513773 -1.428418 -1.170821 -2.231535 18.047441 -11.205996 -12.612609 -9.959261 4.982338 -20.663960 6.064656 21.976641 7.199151 -6.895808 -11.870629 -9.419233 -14.238796 22.535315 22.640463 14.544714 -13.077358 -21.176624 12.892433 17.970127 -18.475716 15.902585
-1.590938 11.023550 19.185436 -3.894449 -16.513777 -1.428475 -1.170783 -2.231444 18.047474 -11.205994 -12.612609 -9.959261 4.982338 -20.663960 6.064656 21.976641 7.199151 -6.895808 -11.870629 -9.419233 -14.238278 22.537102 22.638376 14.549711 -13.080038 -21.176823 12.891948 17.968386 -18.474749 15.902005
-1.590135 11.024054 19.185593 -3.890582 -16.513971 -1.428328 -1.170130 -2.232060 18.048002 -11.205834 -12.613255 -9.959373 4.982860 -20.663242 6.064074 21.976633 7.199630 -6.895250 -11.870453 -9.419118 -14.237976 22.536802 22.638029 14.550291 -13.080548 -21.176365 12.892093 17.967571 -18.475273 15.901551
-1.588155 11.023495 19.185163 -3.888543 -16.512461 -1.426750 -1.168497 -2.233218 18.050226 -11.205677 -12.612250 -9.959391 4.982618 -20.663876 6.064620 21.976480 7.199446 -6.896304 -11.870527 -9.419161 -14.240431 22.536285 22.639608 14.548603 -13.080080 -21.178478 12.890658 17.966881 -18.476969 15.903056
-1.588155 11.023495 19.185163 -3.888543 -16.512461 -1.426750 -1.168497 -2.233218 18.050226 -11.205677 -12.612250 -9.959391 4.982618 -20.663876 6.064620 21.976480 7.199446 -6.896304 -11.870527 -9.419161 -14.240802 22.536848 22.639547 14.547636 -13.079438 -21.178778 12.890658 17.968010 -18.476816 15.903904
-1.587991 11.023611 19.185257 -3.888763 -16.512459 -1.426693 -1.168535 -2.233309 18.050192 -11.205677 -12.612250 -9.959391 4.982618 -20.663876 6.064620 21.976480 7.199446 -6.896304 -11.870527 -9.419161 -14.240802 22.536848 22.639547 14.547636 -13.079438 -21.178778 12.890658 17.968010 -18.476816 15.903904
-1.587383 11.024067 19.185183 -3.884403 -16.512850 -1.426556 -1.167966 -2.234075 18.051334 -11.206877 -12.612858 -9.958440 4.981668 -20.664242 6.064782 21.976698 7.199130 -6.895416 -11.871109 -9.419320 -14.240708 22.537674 22.639612 14.547848 -13.079260 -21.178242 12.890862 17.968754 -18.477716 15.903624
-1.586913 11.024158 19.185406 -3.885818 -16.512671 -1.426428 -1.168176 -2.234090 18.050743 -11.206191 -12.613730 -9.959348 4.982024 -20.662800 6.066063 21.977192 7.198574 -6.896216 -11.869385 -9.419473 -14.240234 22.535887 22.638836 14.549570 -13.081151 -21.178444 12.890809 17.965862 -18.476847 15.903047
-1.586819 11.024221 19.185472 -3.885952 -16.512701 -1.426379 -1.168217 -2.234210 18.050821 -11.206471 -12.613552 -9.959289 4.981856 -20.663025 6.066227 21.977205 7.198423 -6.896337 -11.869459 -9.419499 -14.240234 22.535887 22.638836 14.549570 -13.081151 -21.178444 12.890809 17.965862 -18.476847 15.903047
-7.485490 7.493973 16.973080 3.006627 -16.834505 -3.603159 0.917460 2.181782 18.180529 -5.641569 -17.583199 -11.484836 10.017487 -13.428469 2.533663 22.008776 11.293796 -4.763247 -7.852164 -9.435681 -10.455014 19.382933 18.228395 27.250883 -22.270498 -18.433575 12.888871 10.376384 -17.043715 8.819082
-7.485490 7.493973 16.973080 3.006627 -16.834505 -3.603159 0.917460 2.181782 18.180529 -5.641569 -17.583199 -11.484836 10.017487 -13.428469 2.533663 22.008776 11.293796 -4.763247 -7.852164 -9.435681 -10.455014 19.382933 18.228395 27.250883 -22.270498 -18.433575 12.888871 10.376384 -17.043715 8.819082
-7.485490 7.493973 16.973080 3.006627 -16.834505 -3.603159 0.917460 2.181782 18.180529 -5.641569 -17.583199 -11.484836 10.017487 -13.428469 2.533663 22.008776 11.293796 -4.763247 -7.852164 -9.435681 -10.455014 19.382933 18.228395 27.250883 -22.270498 -18.433575 12.888871 10.376384 -17.043715 8.819082
-7.485490 7.493973 16.973080 3.006627 -16.834505 -3.603159 0.917460 2.181782 18.180529 -5.641569 -17.583199 -11.484836 10.017487 -13.428469 2.533663 22.008776 11.293796 -4.763247 -7.852164 -9.435681 -10.455014 19.382933 18.228395 27.250883 -22.270498 -18.433575 12.888871 10.376384 -17.043715 8.819082
-7.485490 7.493973 16.973080 3.006627 -16.834505 -3.603159 0.917460 2.181782 18.180529 -5.641569 -17.583199 -11.484836 10.017487 -13.428469 2.533663 22.008776 11.293796 -4.763247 -7.852164 -9.435681 -10.455014 19.382933 18.228395 27.250883 -22.270498 -18.433575 12.888871 10.376384 -17.043715 8.819082
-7.821795 7.570849 16.679482 1.149235 -16.877413 -3.876591 0.433111 2.514362 17.766357 -5.822541 -16.807693 -10.990028 10.162064 -14.051226 2.042586 21.022568 11.836475 -5.010184 -9.137527 -8.629528 -11.423796 19.617010 18.108812 27.395695 -22.301807 -18.748184 12.154026 10.608713 -18.644192 8.094538
-7.396226 7.734394 16.909504 0.631003 -16.820412 -3.787394 0.315316 2.331109 17.564375 -5.725288 -16.573523 -10.890821 10.106865 -14.348895 2.069412 20.960127 11.563798 -4.879195 -9.506870 -8.490623 -11.155701 19.869438 18.185194 26.944651 -22.302988 -18.118734 12.415798 10.639043 -18.461899 7.696053
-7.552894 7.673465 16.848703 0.785286 -16.895044 -3.835154 0.301005 2.422170 17.519823 -5.598738 -16.562883 -10.930407 10.037124 -14.418447 2.039105 20.954552 11.541394 -4.840259 -9.481617 -8.611873 -11.061152 19.875727 18.276884 26.697880 -22.240105 -18.143440 12.429404 10.613791 -18.549307 7.795971
-7.623511 7.606255 16.795084 0.888967 -16.892962 -3.870435 0.327268 2.477228 17.553568 -5.572072 -16.612410 -10.962249 10.092691 -14.339385 2.041770 20.956537 11.580503 -4.867663 -9.394116 -8.616968 -11.163143 19.953516 18.223124 26.774784 -22.304955 -18.178684 12.410228 10.619705 -18.623264 7.804959
-7.652848 7.585885 16.783152 0.917996 -16.896227 -3.880016 0.336289 2.498810 17.552916 -5.547452 -16.623249 -10.965929 10.099680 -14.327660 2.045285 20.957468 11.580976 -4.868885 -9.381499 -8.617655 -11.186146 19.958530 18.222965 26.787025 -22.311077 -18.187063 12.399979 10.617954 -18.646181 7.806809
-7.652830 7.585862 16.783136 0.917777 -16.896194 -3.880059 0.336259 2.498872 17.552881 -5.547337 -16.623249 -10.965929 10.099680 -14.327660 2.045285 20.957468 11.580976 -4.868885 -9.381499 -8.617655 -11.185895 19.958292 18.222895 26.787464 -22.311512 -18.186588 12.400094 10.617393 -18.646515 7.806067
-7.655864 7.585934 16.783388 0.915896 -16.898386 -3.882278 0.334155 2.500786 17.549744 -5.546744 -16.626696 -10.963012 10.101115 -14.327112 2.049945 20.951359 11.578006 -4.871501 -9.389503 -8.609851 -11.157158 19.960947 18.222944 26.772589 -22.300179 -18.173866 12.413962 10.624246 -18.623873 7.811780
-7.656979 7.585331 16.783394 0.910676 -16.897898 -3.882714 0.333436 2.501908 17.548243 -5.545187 -16.629015 -10.964169 10.102778 -14.323672 2.049460 20.951090 11.580358 -4.872954 -9.386294 -8.609561 -11.156516 19.960907 18.219654 26.781599 -22.304230 -18.177727 12.411383 10.623565 -18.626413 7.810266
-7.656979 7.585331 16.783394 0.910676 -16.897898 -3.882714 0.333436 2.501908 17.548243 -5.545187 -16.629015 -10.964169 10.102778 -14.323672 2.049460 20.951090 11.580358 -4.872954 -9.386294 -8.609561 -11.159402 19.963121 18.217226 26.781342 -22.305571 -18.176067 12.412778 10.624883 -18.626543 7.809755
-7.684392 7.569045 16.772747 0.911874 -16.892162 -3.880993 0.345496 2.524711 17.535521 -5.479871 -16.612070 -10.946732 10.073489 -14.359406 2.048805 20.944338 11.563090 -4.855243 -9.418098 -8.617902 -11.168543 20.000462 18.207197 26.729849 -22.269764 -18.191891 12.420158 10.672043 -18.631289 7.860800
-7.673869 7.574685 16.778435 0.901809 -16.890753 -3.877163 0.342280 2.515647 17.535524 -5.488307 -16.611767 -10.949582 10.076621 -14.358109 2.050556 20.944757 11.562202 -4.860008 -9.414212 -8.616475 -11.162938 19.987097 18.215904 26.720730 -22.267113 -18.180367 12.425505 10.665083 -18.627302 7.852307
-7.670254 7.577323 16.780193 0.899015 -16.890333 -3.875425 0.341950 2.513024 17.535379 -5.490199 -16.612314 -10.949689 10.078593 -14.356321 2.049337 20.944454 11.563563 -4.860071 -9.413396 -8.616186 -11.164198 19.987444 18.216715 26.715895 -22.264534 -18.182634 12.426405 10.667721 -18.626287 7.857343
-7.674217 7.574522 16.778017 0.901801 -16.890676 -3.877048 0.342323 2.515823 17.535433 -5.488191 -16.613274 -10.951337 10.081282 -14.353703 2.047582 20.944307 11.565495 -4.859341 -9.411830 -8.615664 -11.161231 19.984428 18.215504 26.726191 -22.272739 -18.180767 12.426055 10.661198 -18.625422 7.849209
-7.674330 7.574928 16.777822 0.901929 -16.890989 -3.877098 0.342164 2.515959 17.535198 -5.488194 -16.613855 -10.951502 10.081654 -14.352771 2.047572 20.944284 11.565848 -4.859490 -9.411131 -8.615757 -11.169919 19.983053 18.214540 26.728094 -22.274509 -18.185383 12.421939 10.661654 -18.628641 7.848889
-7.674330 7.574928 16.777822 0.901929 -16.890989 -3.877098 0.342164 2.515959 17.535198 -5.488194 -16.613272 -10.951211 10.081187 -14.353632 2.047572 20.944265 11.565715 -4.859434 -9.411723 -8.615767 -11.169919 19.983053 18.214540 26.728094 -22.274509 -18.185383 12.421939 10.661654 -18.628641 7.848889
-7.684899 7.567783 16.773840 0.912789 -16.892536 -3.881305 0.345397 2.524461 17.534895 -5.478576 -16.617531 -10.950899 10.082641 -14.349662 2.047375 20.943605 11.566503 -4.858581 -9.409907 -8.616053 -11.174371 19.990818 18.215986 26.720121 -22.264421 -18.185921 12.421899 10.669203 -18.630743 7.859211
-7.679816 7.571095 16.776674 0.906938 -16.891842 -3.879201 0.343989 2.520356 17.534292 -5.481853 -16.615404 -10.951545 10.080397 -14.352590 2.050317 20.944059 11.563819 -4.860618 -9.409945 -8.616118 -11.172891 19.992464 18.215799 26.722242 -22.264742 -18.184984 12.421006 10.669343 -18.632137 7.856647
-7.682231 7.569526 16.775728 0.907520 -16.891970 -3.880102 0.344499 2.522502 17.533804 -5.479246 -16.609449 -10.949776 10.075091 -14.360777 2.051461 20.944918 11.560730 -4.860103 -9.415424 -8.616551 -11.172457 19.994776 18.214773 26.725233 -22.266083 -18.184614 12.421662 10.668700 -18.635862 7.856568
-7.660838 7.583909 16.782536 0.891453 -16.890699 -3.872834 0.338199 2.505926 17.537239 -5.501626 -16.604868 -10.952017 10.081932 -14.355502 2.051195 20.947203 11.565230 -4.868391 -9.410043 -8.616429 -11.177035 19.993277 18.215902 26.712141 -22.260237 -18.190754 12.424304 10.676120 -18.627710 7.868361
-7.659428 7.584837 16.783285 0.890032 -16.890532 -3.872191 0.337902 2.504801 17.537092 -5.502519 -16.604868 -10.952017 10.081932 -14.355502 2.051195 20.947203 11.565230 -4.868391 -9.410043 -8.616429 -11.176383 19.993868 18.216131 26.712490 -22.260164 -18.190668 12.424017 10.676281 -18.628357 7.867932
-7.660838 7.583909 16.782536 0.891453 -16.890699 -3.872834 0.338199 2.505926 17.537239 -5.501626 -16.604868 -10.952017 10.081932 -14.355502 2.051195 20.947203 11.565230 -4.868391 -9.410043 -8.616429 -11.176555 19.993647 18.216253 26.711821 -22.259789 -18.190918 12.423914 10.676517 -18.628204 7.868405
