6.936404 25.924654 -4.105978 -13.610966 -13.788121 -12.474396 1.530816 17.173161 8.856499 5.631110 -10.485252 -25.892517 2.594261 -19.981136 5.899124 -17.726870 8.592710 8.727525 -10.606365 -2.389454 -13.455878 -19.837276 2.040743 10.163762 0.963035 -1.446431 12.757585 38.888390 -0.779761 -17.080946
6.876943 25.819880 -4.161250 -13.463852 -13.817015 -12.465115 1.531622 17.141016 9.065242 5.346389 -10.427501 -25.842777 2.496496 -20.015583 5.873022 -17.781069 8.662683 8.731578 -10.632575 -2.541451 -13.458618 -19.847635 2.247520 9.996223 0.947643 -1.425407 12.768397 38.731300 -0.875088 -17.109003
6.926418 25.668964 -4.128031 -13.550586 -13.859522 -12.480744 1.295629 16.939672 9.140354 4.995337 -10.265047 -25.930405 2.530100 -19.981236 5.854916 -17.749819 8.786811 8.600424 -10.580945 -2.667161 -13.247186 -20.011000 2.336703 9.876766 0.876738 -1.274073 12.812013 38.493393 -1.127389 -17.357967
6.960232 25.497955 -4.197689 -13.464916 -13.941302 -12.519068 1.082162 16.781557 9.333776 4.533875 -9.865017 -26.004940 2.947909 -19.945179 5.751874 -17.594574 8.939525 8.472245 -10.639688 -2.624606 -13.016463 -20.169641 2.727124 9.585845 0.771840 -1.040048 12.956555 38.017216 -1.277003 -17.529104
6.762650 25.382221 -4.074121 -13.489185 -14.005195 -12.349969 1.059042 16.619825 9.498618 4.272983 -9.361409 -25.890491 3.484008 -19.880241 5.745957 -17.342478 8.994704 8.343545 -10.626328 -2.572062 -12.707079 -20.158270 3.093643 8.960191 0.771199 -0.953928 13.045312 37.633781 -1.573763 -17.534492
6.442292 24.930365 -4.007492 -13.775438 -14.001677 -12.344110 0.820387 16.435104 9.679718 3.841237 -8.803947 -25.806194 3.734585 -19.843939 5.594415 -17.022770 9.196384 8.190350 -10.598594 -2.753016 -12.265964 -20.213440 4.132580 7.721645 0.947430 -0.728763 13.070891 37.050461 -1.844496 -17.732260
5.985163 24.575911 -3.981075 -13.791222 -14.062279 -12.283003 0.741858 16.311573 10.029974 3.098381 -8.258999 -25.910482 3.915534 -19.966942 5.494638 -16.736420 9.366473 7.975251 -10.696545 -2.819277 -11.810966 -20.426918 5.158685 6.534282 1.118152 -0.512256 13.209602 36.521572 -1.843297 -17.911158
5.703373 24.266611 -3.864568 -13.868617 -14.047671 -12.209765 0.731752 16.159081 10.428241 2.407560 -7.521825 -25.790108 4.250907 -20.146328 5.500788 -16.554962 9.549727 7.558435 -11.025686 -2.649850 -11.265931 -20.329412 6.249917 5.697482 1.136495 -0.219782 13.295702 35.943699 -2.111488 -18.389002
5.206367 23.823092 -3.696192 -14.076756 -13.932097 -12.120018 0.866983 16.106384 10.840195 1.759940 -6.798125 -25.562773 4.443108 -20.532827 5.151185 -16.270773 10.008875 7.126226 -11.582766 -2.642380 -10.748456 -19.825661 7.134951 4.943465 1.102996 -0.157038 13.465873 35.357468 -2.650913 -18.324684
4.742813 23.460842 -3.575361 -14.410747 -13.839988 -12.021549 0.915270 16.001408 11.292843 0.909669 -5.943959 -25.506264 4.762400 -20.711830 4.991001 -16.057686 10.446279 6.718892 -11.831583 -2.624241 -10.325939 -19.753824 7.870248 4.178379 1.066459 0.028156 13.514951 34.766472 -2.966496 -18.583408
4.048267 22.958874 -3.547840 -14.415985 -13.871870 -11.893216 0.829224 15.789471 11.820859 -0.188456 -5.193319 -25.390781 5.182590 -20.968134 4.891118 -15.579751 10.666700 6.104600 -12.190382 -2.451760 -9.903377 -19.732103 8.564129 3.537298 0.958261 0.321235 13.760940 34.194633 -3.507245 -18.831881
3.272893 22.621128 -3.569498 -14.741491 -13.891136 -11.615357 0.847508 15.686297 12.214746 -0.895272 -4.668239 -25.441307 5.539183 -21.101196 4.643341 -15.168661 10.955686 5.651187 -12.418717 -2.414100 -9.429448 -19.652666 9.111351 3.107032 0.913142 0.469079 14.018566 33.694576 -4.201871 -18.824856
2.459632 22.190260 -3.707194 -15.098534 -13.831083 -11.432406 0.814514 15.609015 12.608429 -1.626148 -4.088081 -25.553228 5.860688 -21.100582 4.231496 -14.729630 11.412187 5.187118 -12.647978 -2.390667 -8.944604 -19.391481 9.573149 2.385623 0.881459 0.543301 14.199235 33.220406 -4.908681 -18.723869
2.014236 21.935061 -3.914071 -15.156941 -13.847896 -11.289800 0.818213 15.531471 13.082847 -2.397857 -3.585779 -25.648560 6.234547 -21.262333 3.875398 -14.505956 11.703662 4.863168 -12.909627 -2.303875 -8.612529 -19.206177 10.158817 1.729574 0.889799 0.564724 14.391204 32.651260 -5.366529 -18.372974
1.303319 21.669294 -3.848638 -15.322060 -13.796808 -10.987697 1.027225 15.444441 13.598045 -3.131706 -3.089904 -25.642927 6.551910 -21.405287 3.574734 -14.136228 12.008554 4.412975 -13.238305 -2.266924 -8.385577 -19.036427 10.967987 1.170380 0.863485 0.706997 14.509625 32.015114 -5.764093 -18.292648
0.877192 21.581354 -3.706317 -15.262951 -13.935076 -10.683473 1.017123 15.259349 13.722617 -3.404321 -2.984865 -25.573639 6.646029 -21.424952 3.429586 -13.770545 12.158225 4.031998 -13.517143 -2.186635 -8.189511 -18.942537 11.347294 0.966524 0.855391 0.630263 14.705784 31.602554 -6.159282 -17.811495
0.468761 21.551067 -3.456135 -15.177379 -13.991089 -10.366278 1.192531 15.148058 13.840708 -3.495782 -2.699516 -25.612801 6.796618 -21.512894 3.192460 -13.562499 12.354983 3.770666 -13.812376 -2.141158 -7.986381 -18.705439 11.637637 0.822109 0.855595 0.730965 14.802316 31.452316 -6.569322 -17.884588
-0.003882 21.582554 -3.282639 -15.289792 -14.050783 -10.064623 1.290067 15.039267 13.940368 -3.705540 -2.568556 -25.671877 6.854412 -21.524601 3.107379 -13.469041 12.485150 3.610411 -13.879313 -2.162681 -7.809755 -18.640907 11.672248 0.664877 0.781237 0.663154 14.907523 31.253735 -6.983211 -17.710770
-0.300282 21.510000 -3.241246 -15.329805 -14.102663 -9.980415 1.275550 14.991881 14.022104 -3.932807 -2.494178 -25.778036 6.871149 -21.534740 3.033183 -13.427986 12.560702 3.525491 -13.956121 -2.109802 -7.730121 -18.571915 11.657895 0.607484 0.747537 0.699494 15.024345 31.204815 -7.021600 -17.646791
-0.417376 21.512014 -3.249160 -15.372885 -14.116906 -9.916675 1.304214 14.990553 14.079744 -4.008167 -2.543420 -25.834698 6.897647 -21.544952 3.038875 -13.369440 12.520792 3.486396 -13.962577 -2.088186 -7.700031 -18.602251 11.644216 0.589581 0.726798 0.653740 15.018940 31.153549 -7.058379 -17.575302
-0.296547 21.469099 -2.949074 -15.295429 -14.083240 -9.837723 1.500396 14.990577 14.077553 -3.762644 -2.594075 -25.824566 7.093615 -21.679157 2.951325 -13.180718 12.388605 3.469756 -13.981270 -2.125263 -7.672637 -18.124779 11.907240 0.734447 0.719279 0.776470 15.054366 31.190639 -6.961083 -17.715511
-0.150348 21.232954 -1.934684 -14.879277 -14.012589 -9.506971 2.154101 14.874746 14.315333 -3.479819 -3.187282 -25.514578 7.573474 -21.998732 2.928116 -12.403669 11.683930 3.426466 -13.871487 -2.125104 -7.801815 -16.697645 13.010628 1.056791 0.706934 1.154534 15.035592 31.117556 -6.797656 -18.130356
0.052557 21.132631 0.260379 -14.103923 -13.995928 -8.664665 3.179092 14.434866 14.107633 -2.189808 -3.977826 -25.388988 8.605674 -22.292194 2.930933 -11.101106 10.746184 3.228244 -13.589560 -2.094445 -7.769523 -14.363257 14.223965 2.083769 0.438962 1.746995 15.315635 30.869854 -6.996093 -18.447363
0.349748 20.832636 3.224091 -12.934463 -13.880243 -7.592360 4.527746 13.709758 13.928871 -0.795271 -5.445265 -25.194729 9.999957 -22.670849 2.769038 -9.565214 9.331281 3.568766 -13.469073 -1.824729 -7.722529 -11.338557 15.837397 3.303371 0.049937 2.200986 15.965266 30.517756 -7.128732 -18.185446
1.486385 20.219406 5.951549 -11.690659 -13.684057 -6.943850 5.480100 12.924139 13.612991 0.928003 -7.104070 -24.442574 11.359347 -23.019083 2.680800 -7.632867 7.916194 3.634524 -13.280412 -1.812011 -7.889119 -8.040709 17.921322 4.750126 -0.371291 2.704079 16.627453 30.185059 -7.301147 -17.840357
2.433467 19.439241 8.221671 -10.616911 -13.482055 -6.540849 6.066570 12.040646 13.754199 1.622340 -9.580310 -22.825668 11.762929 -23.020250 2.964667 -5.627941 6.635092 3.191631 -13.252541 -2.319438 -8.532346 -4.705367 19.976671 6.465695 -0.799489 2.748614 16.931231 29.612701 -6.977085 -16.566504
3.824615 19.219200 10.962707 -9.327616 -13.472550 -5.769843 6.656301 10.752634 13.646339 2.835930 -10.744986 -21.479839 12.209587 -23.154377 3.350202 -3.504485 5.572853 2.774563 -13.404495 -2.559571 -8.752569 -0.244719 22.180075 9.003790 -1.579358 3.341890 17.716038 28.598629 -7.850803 -15.156364
4.696538 18.832544 13.002470 -6.662715 -13.917845 -4.985100 6.578667 9.030282 13.871815 2.945472 -12.638826 -19.524862 12.039696 -22.839546 3.555513 -1.105152 5.339322 1.468450 -13.885874 -2.599010 -8.412647 3.855289 24.117460 11.498541 -2.586395 3.327540 18.812487 27.362402 -7.629162 -12.774252
4.785732 18.774586 15.521688 -4.607509 -14.472479 -3.783904 6.331154 6.978526 13.744289 3.182789 -15.010971 -17.875055 11.728742 -21.904591 4.000028 1.731410 4.782203 0.603084 -13.462645 -3.056670 -8.078421 7.756538 25.247252 12.041292 -3.295459 2.152528 19.384029 26.662689 -7.253885 -9.573972
4.451362 18.557821 16.868315 -3.007318 -14.930927 -2.720276 5.651577 5.055448 13.732782 3.375966 -16.794466 -16.859428 10.471174 -21.284107 4.720314 4.602691 4.563916 -0.698997 -13.318325 -3.451320 -7.305307 10.471075 27.157921 10.582576 -2.881121 1.137350 19.832386 26.148832 -8.277596 -6.291045
4.904320 18.425755 17.685444 -1.948163 -15.411296 -1.749393 4.587597 3.084185 13.415178 3.973649 -17.993967 -15.929946 8.779548 -20.833244 6.003771 6.739930 4.384133 -2.382569 -12.893560 -4.334765 -6.855571 14.063758 27.897947 9.778055 -2.088174 -0.590225 20.380844 26.550348 -10.240837 -2.217260
5.042999 18.589323 18.601677 -1.208910 -16.383003 -0.744522 2.798806 0.826057 12.643613 4.367514 -18.563951 -14.996213 6.469781 -20.749846 7.336196 8.758982 4.300436 -4.191613 -12.898859 -5.119724 -6.902161 15.680861 28.811092 9.076674 -1.931357 -2.138192 21.102795 25.603085 -11.477130 1.841797
4.676806 18.324541 18.776739 -0.370817 -17.222441 -0.117930 1.304991 -0.738594 12.353751 4.073351 -18.761415 -13.750828 4.837590 -20.300449 7.795951 9.910160 4.543059 -5.359053 -13.235588 -5.651020 -6.508739 16.895473 27.802032 7.917125 -2.554143 -3.450565 22.052528 25.222706 -12.348640 5.377841
4.422359 18.082804 18.570568 -0.324142 -17.830982 0.552070 -0.512457 -2.395111 11.997420 4.052036 -18.948542 -12.774991 2.942101 -19.795795 7.467149 11.070413 5.454948 -6.387267 -14.156200 -6.374533 -6.266239 15.091903 27.000320 5.607537 -3.022464 -4.593266 22.718426 24.506086 -11.861005 8.092633
3.845070 17.591852 17.856941 -0.746872 -18.291388 0.694742 -2.160171 -3.299232 11.852001 3.523311 -18.757874 -11.867958 1.623740 -19.753771 6.696498 11.162071 6.761630 -7.484878 -15.224228 -6.984896 -6.087949 14.364658 26.391691 4.284563 -3.523891 -6.306258 22.536907 24.491653 -11.229882 10.342597
4.357255 17.523983 17.679218 -0.941840 -18.949089 0.894346 -3.926330 -4.514127 11.201429 3.782942 -18.416819 -11.313774 0.745638 -19.880611 5.880589 11.140983 8.203731 -8.345953 -16.158209 -7.326180 -6.941306 13.368084 25.603933 2.910601 -3.376216 -7.916206 22.028654 24.880226 -11.414260 12.266627
3.548540 17.378923 17.228718 -1.303056 -19.706167 1.043188 -5.745078 -5.500289 10.592330 3.555186 -18.164513 -10.730910 -0.092952 -19.340443 5.460263 11.340930 9.077061 -8.904851 -16.934332 -7.722343 -7.065225 11.902310 25.547928 0.783498 -2.956810 -8.982903 21.874397 25.031975 -11.314618 13.762299
2.981221 17.246037 16.635347 -2.152364 -19.687956 1.314498 -6.278917 -5.802683 10.742305 3.003894 -17.902758 -10.437720 -0.833680 -19.303444 4.967154 11.413927 9.665896 -9.119269 -17.579826 -8.303805 -6.919915 11.580382 24.295362 1.054985 -3.466545 -9.818319 21.374714 24.960209 -11.694179 14.164717
2.685086 17.053646 16.270702 -2.658552 -19.804438 1.387028 -7.026385 -6.177046 10.522596 2.927010 -17.655500 -10.288630 -1.254034 -19.313656 5.019562 11.274699 9.631511 -9.132283 -17.741972 -8.527194 -7.071634 10.160207 23.765623 0.641841 -3.962501 -10.341532 20.928493 24.135742 -12.009581 14.061424
2.615767 16.909864 16.033791 -2.715078 -19.802500 1.327563 -7.221861 -6.219359 10.556634 2.754355 -17.558887 -10.260424 -1.425870 -19.130732 4.986038 11.268426 9.797715 -9.271587 -17.717875 -8.681898 -7.278743 9.834481 22.969101 1.134956 -4.493078 -10.490440 20.839783 23.864775 -11.798006 14.044119
2.560039 16.825026 16.117794 -2.808487 -19.713705 1.392686 -7.120284 -6.224023 10.633154 2.757701 -17.544374 -10.134015 -1.381564 -19.121443 5.019955 11.293411 9.748315 -9.205626 -17.714167 -8.621881 -7.230181 10.118136 22.736322 1.371636 -4.730962 -10.563874 20.722939 23.775631 -11.696599 13.879903
2.489944 16.646097 16.253284 -2.943319 -19.599657 1.387843 -7.014655 -6.208196 10.802418 2.480561 -17.460249 -9.933002 -1.303590 -19.094006 4.996202 11.400502 9.858794 -9.359729 -17.704237 -8.691392 -7.115810 10.549377 22.270479 1.581987 -5.065119 -10.701479 20.598129 23.767925 -11.542862 13.626549
2.552247 16.490368 16.399145 -2.973268 -19.355921 1.466540 -6.597088 -6.094143 11.111670 2.340350 -17.229170 -9.884247 -1.218211 -19.360332 5.054765 11.779058 9.705247 -9.471139 -17.824800 -8.604090 -7.110025 11.305053 21.669521 2.094761 -5.485743 -11.039782 20.587145 23.880312 -11.198419 13.939649
2.382457 16.243149 16.690475 -2.994348 -19.061451 1.426786 -6.068295 -5.876332 11.547014 1.853822 -17.193562 -9.644930 -0.973146 -19.444813 5.209326 12.017915 9.450640 -9.192988 -17.702909 -8.597622 -7.488074 11.702273 21.408178 1.591958 -5.619205 -11.606010 20.609890 24.048117 -10.630939 14.817928
2.413015 15.843819 16.940063 -2.772557 -18.789240 1.381558 -5.700061 -5.822464 11.952692 1.319748 -16.889341 -9.591916 -0.605216 -19.428741 5.308402 12.548039 9.311933 -9.287745 -17.748957 -8.339112 -7.418021 12.384473 20.453249 2.039299 -6.064929 -12.078984 20.493851 24.312119 -10.130606 15.196651
2.458519 15.510867 17.313082 -2.561403 -18.599731 1.274574 -5.389851 -5.814795 12.435832 0.600403 -16.652201 -9.518199 -0.435415 -19.536575 5.677049 13.031060 8.839796 -9.340811 -17.397026 -8.460852 -7.482823 12.962605 19.920004 2.190093 -6.729176 -12.068655 20.274782 24.111080 -9.922937 14.750682
1.998587 15.030891 17.840454 -2.668189 -18.237120 1.196738 -4.833724 -5.614619 12.970831 0.002876 -16.301416 -9.382790 0.457359 -19.625565 6.023483 13.724471 8.439982 -9.225850 -16.915848 -8.240827 -7.163631 14.178066 18.836294 3.668847 -7.865207 -12.049036 20.222662 23.908289 -9.241735 14.477325
1.551049 14.523149 18.012239 -2.854042 -17.766245 1.158558 -4.180912 -5.334378 13.713378 -1.034716 -15.824763 -9.134689 1.230372 -19.856407 6.135307 14.458531 8.273070 -9.184248 -16.702461 -7.974636 -6.428630 15.636583 18.387850 5.117331 -8.786879 -11.599615 20.210142 23.437414 -9.091177 13.806161
1.514132 13.937864 18.319599 -3.078507 -17.322020 0.935806 -3.643915 -5.056890 14.318103 -1.867420 -15.723102 -9.143018 2.021720 -19.714176 6.173935 15.303448 8.021182 -8.828360 -16.217718 -7.894900 -6.121293 16.750191 18.755234 5.150403 -8.918079 -11.555730 20.532753 23.323471 -8.242840 14.493846
1.178684 13.325659 18.471447 -3.383329 -16.880758 0.930522 -3.118261 -4.885595 15.033305 -2.744306 -15.182281 -9.029786 2.795264 -19.920090 6.345148 16.176476 7.659510 -8.650563 -15.992868 -7.513918 -5.520426 18.611774 18.734831 6.037964 -9.228716 -11.458294 20.873611 23.527157 -7.716582 14.842979
0.466075 12.735225 18.320250 -3.785512 -16.326723 0.800227 -2.266132 -4.208000 15.767637 -3.434398 -14.741893 -8.804459 3.626672 -19.788712 6.289242 16.790476 7.684024 -8.499803 -15.727184 -7.294274 -5.177478 20.295521 18.765741 7.058037 -9.665401 -11.508146 20.732697 23.462406 -7.731252 14.774916
0.311483 12.319006 18.168266 -3.861428 -16.091263 0.673187 -1.939776 -3.940525 16.255766 -4.367934 -14.411396 -8.876931 4.304986 -20.052250 6.588094 17.455429 7.264949 -8.447961 -15.534472 -6.874747 -5.408807 22.330822 18.193031 8.057993 -10.300826 -12.061487 20.828489 23.578846 -7.595008 15.401400
0.091285 11.920576 18.353622 -3.999550 -15.818251 0.579763 -1.591548 -3.833763 16.742189 -5.055683 -14.285189 -8.954322 4.643168 -19.974453 6.849605 17.979593 6.955078 -8.274133 -15.161832 -6.773105 -5.365358 23.194965 18.427149 8.239011 -10.418632 -12.062216 20.830452 23.344353 -7.380500 15.544819
-0.031972 11.510363 18.274689 -4.186742 -15.598333 0.432648 -1.334147 -3.655776 17.242907 -5.904102 -14.012053 -8.900334 5.320924 -19.913357 6.832620 18.774563 6.974239 -8.341902 -14.979757 -6.488134 -5.110305 24.284634 18.329405 8.998645 -10.854328 -11.982740 21.044655 23.030031 -7.348541 15.648214
-0.180016 11.147511 18.123062 -4.081698 -15.441685 0.271276 -1.057067 -3.362519 17.587559 -6.222492 -13.817279 -8.825532 5.836229 -19.792513 6.847970 19.160627 6.947859 -8.310387 -14.707333 -6.325078 -4.909934 25.162516 18.160141 9.700008 -11.234901 -11.886332 21.245575 22.932838 -7.203909 15.692179
-0.055741 11.075930 17.903778 -4.190571 -15.361490 0.136771 -0.973236 -3.219352 17.838482 -6.805563 -13.708880 -8.838654 6.239379 -19.589434 6.948555 19.504456 7.013362 -8.415836 -14.413296 -6.163362 -4.829262 26.264671 17.965414 10.029850 -11.451791 -12.069477 21.483322 23.142181 -7.085118 16.100756
-0.335757 10.727115 17.850971 -3.846611 -15.228866 -0.058842 -0.655380 -2.983139 18.254427 -7.435476 -13.775960 -8.724135 6.352857 -19.259258 7.098999 19.772678 7.095036 -8.512223 -14.058573 -6.290031 -4.713214 26.910189 17.840128 10.108563 -11.687964 -12.154327 21.604118 23.147655 -6.883744 16.272169
-0.299440 10.506551 17.789328 -3.876032 -15.144845 -0.094572 -0.660606 -3.035784 18.464291 -7.903390 -13.581825 -8.761838 6.437114 -19.448792 7.164534 19.903231 6.930219 -8.439451 -14.046440 -6.211004 -4.482898 27.569563 17.690960 10.701881 -11.934442 -12.061298 21.844204 23.087727 -7.002754 16.346117
-0.266006 10.525835 17.586353 -3.746831 -15.171855 -0.151593 -0.632695 -2.945268 18.589231 -8.151485 -13.587854 -8.748061 6.576035 -19.428005 7.173289 19.920988 6.943455 -8.415038 -13.974199 -6.149271 -4.374519 27.751297 17.649754 10.790124 -11.960042 -12.113190 21.878986 23.159134 -6.917555 16.433960
-0.421595 10.333767 17.709999 -3.961054 -15.053288 -0.184179 -0.547922 -2.923086 18.719624 -8.363642 -13.573064 -8.712892 6.587023 -19.429319 7.160751 19.980614 6.949450 -8.356462 -13.975040 -6.148190 -4.409696 27.835276 17.632597 10.648355 -11.972426 -12.208834 21.873425 23.221832 -6.739267 16.549326
-0.421595 10.333767 17.709999 -3.961054 -15.053288 -0.184179 -0.547922 -2.923086 18.719624 -8.363642 -13.573064 -8.712892 6.587023 -19.429319 7.160751 19.980614 6.949450 -8.356462 -13.975040 -6.148190 -4.409510 27.835276 17.632021 10.649179 -11.972923 -12.208675 21.873228 23.221668 -6.739219 16.548805
-0.421595 10.333767 17.709999 -3.961054 -15.053288 -0.184179 -0.547922 -2.923086 18.719624 -8.363642 -13.573064 -8.712892 6.587023 -19.429319 7.160751 19.980614 6.949450 -8.356462 -13.975040 -6.148190 -4.409510 27.835276 17.632021 10.649179 -11.972923 -12.208675 21.873228 23.221668 -6.739219 16.548805
-0.423725 10.332616 17.709656 -3.962328 -15.053290 -0.185115 -0.547836 -2.921000 18.718599 -8.360442 -13.573849 -8.712430 6.584416 -19.430187 7.163629 19.981596 6.946789 -8.356075 -13.974530 -6.148558 -4.414297 27.834066 17.635645 10.635748 -11.967033 -12.213867 21.874277 23.228260 -6.735316 16.557995
-0.425658 10.331701 17.709200 -3.959397 -15.053484 -0.186007 -0.546928 -2.919422 18.718573 -8.357815 -13.572609 -8.712225 6.583652 -19.431614 7.164456 19.981209 6.946040 -8.356944 -13.975018 -6.148558 -4.414780 27.834387 17.635889 10.633936 -11.966121 -12.214672 21.874516 23.229450 -6.735236 16.559546
-0.426450 10.331310 17.709070 -3.961496 -15.053371 -0.186022 -0.547135 -2.919013 18.718241 -8.357779 -13.572448 -8.712770 6.585072 -19.430840 7.162725 19.981344 6.947278 -8.356798 -13.975137 -6.148511 -4.413818 27.835112 17.634119 10.637556 -11.967804 -12.213539 21.874104 23.228683 -6.736149 16.557421
-0.426738 10.331270 17.709045 -3.962449 -15.053245 -0.186043 -0.547185 -2.918823 18.718050 -8.357642 -13.572448 -8.712770 6.585072 -19.430840 7.162725 19.981344 6.947278 -8.356798 -13.975137 -6.148511 -4.413818 27.835112 17.634119 10.637556 -11.967804 -12.213539 21.874104 23.228683 -6.736149 16.557421
-0.424730 10.332314 17.709715 -3.961607 -15.053422 -0.185422 -0.547358 -2.920319 18.718567 -8.359223 -13.574953 -8.712955 6.586546 -19.428202 7.162333 19.980772 6.948491 -8.356467 -13.973578 -6.148029 -4.413461 27.833679 17.635839 10.636788 -11.967319 -12.212898 21.874086 23.227009 -6.736479 16.556507
-0.425509 10.331781 17.709183 -3.957354 -15.053740 -0.186013 -0.546627 -2.919573 18.718924 -8.357918 -13.573720 -8.712743 6.584871 -19.430037 7.163548 19.981216 6.947046 -8.356383 -13.974295 -6.148404 -4.415280 27.834288 17.636011 10.632502 -11.965601 -12.215372 21.874149 23.230129 -6.734591 16.560434
-0.426156 10.331412 17.709015 -3.959373 -15.053577 -0.186015 -0.546835 -2.919235 18.718683 -8.357984 -13.573948 -8.712431 6.584275 -19.430128 7.164313 19.981268 6.946536 -8.356677 -13.974157 -6.148525 -4.414876 27.834417 17.635693 10.634092 -11.966258 -12.214617 21.874254 23.229441 -6.735143 16.559271
-0.426086 10.331533 17.709084 -3.959064 -15.053610 -0.185976 -0.546760 -2.919340 18.718769 -8.358067 -13.573948 -8.712431 6.584275 -19.430128 7.164313 19.981268 6.946536 -8.356677 -13.974157 -6.148525 -4.414876 27.834417 17.635693 10.634092 -11.966258 -12.214617 21.874254 23.229441 -6.735143 16.559271
-0.426086 10.331533 17.709084 -3.959064 -15.053610 -0.185976 -0.546760 -2.919340 18.718769 -8.358067 -13.573948 -8.712431 6.584275 -19.430128 7.164313 19.981268 6.946536 -8.356677 -13.974157 -6.148525 -4.414876 27.834417 17.635693 10.634092 -11.966258 -12.214617 21.874254 23.229441 -6.735143 16.559271
-0.425162 10.332064 17.709423 -3.958925 -15.053645 -0.185652 -0.546802 -2.919977 18.718863 -8.358482 -13.573648 -8.712558 6.584398 -19.430157 7.163744 19.981478 6.946781 -8.356238 -13.974422 -6.148488 -4.415067 27.835054 17.634188 10.634513 -11.966879 -12.215322 21.874231 23.230379 -6.734691 16.560076
-0.423639 10.332626 17.709660 -3.958211 -15.053546 -0.185739 -0.547179 -2.920811 18.719212 -8.359257 -13.576262 -8.713632 6.586702 -19.426495 7.163549 19.981415 6.947827 -8.356391 -13.971766 -6.148122 -4.415101 27.834747 17.634659 10.635679 -11.967209 -12.214962 21.873951 23.229179 -6.733862 16.559412
-0.425133 10.331736 17.708843 -3.954816 -15.053871 -0.186407 -0.546511 -2.919763 18.719706 -8.358469 -13.574846 -8.713338 6.586001 -19.427967 7.163894 19.981392 6.947233 -8.356744 -13.972558 -6.148273 -4.415196 27.835016 17.634937 10.635980 -11.967000 -12.214823 21.873838 23.229109 -6.733836 16.559523
-3.237619 8.732428 16.887852 -1.274221 -15.663445 -1.640434 -0.119036 -0.635759 18.463081 -6.540782 -15.147739 -9.070210 8.267632 -17.290813 5.246750 19.955961 8.952285 -7.436058 -12.461181 -6.588731 -1.940455 25.533182 14.657766 20.257942 -18.877413 -10.630863 21.686886 17.123390 -6.503695 10.979723
-3.237619 8.732428 16.887852 -1.274221 -15.663445 -1.640434 -0.119036 -0.635759 18.463081 -6.540782 -15.147739 -9.070210 8.267632 -17.290813 5.246750 19.955961 8.952285 -7.436058 -12.461181 -6.588731 -1.940455 25.533182 14.657766 20.257942 -18.877413 -10.630863 21.686886 17.123390 -6.503695 10.979723
-3.237619 8.732428 16.887852 -1.274221 -15.663445 -1.640434 -0.119036 -0.635759 18.463081 -6.540782 -15.147739 -9.070210 8.267632 -17.290813 5.246750 19.955961 8.952285 -7.436058 -12.461181 -6.588731 -1.940455 25.533182 14.657766 20.257942 -18.877413 -10.630863 21.686886 17.123390 -6.503695 10.979723
-3.237619 8.732428 16.887852 -1.274221 -15.663445 -1.640434 -0.119036 -0.635759 18.463081 -6.540782 -15.147739 -9.070210 8.267632 -17.290813 5.246750 19.955961 8.952285 -7.436058 -12.461181 -6.588731 -1.940455 25.533182 14.657766 20.257942 -18.877413 -10.630863 21.686886 17.123390 -6.503695 10.979723
-3.237619 8.732428 16.887852 -1.274221 -15.663445 -1.640434 -0.119036 -0.635759 18.463081 -6.540782 -15.147739 -9.070210 8.267632 -17.290813 5.246750 19.955961 8.952285 -7.436058 -12.461181 -6.588731 -1.940455 25.533182 14.657766 20.257942 -18.877413 -10.630863 21.686886 17.123390 -6.503695 10.979723
-3.540231 8.763019 16.805971 -2.450750 -15.590439 -1.736038 -0.266859 -0.406664 18.247684 -6.558408 -15.219270 -8.901908 8.926178 -17.073080 4.692390 19.336241 9.328721 -7.283418 -13.280098 -5.804226 -2.866122 25.789492 14.355623 20.208250 -19.223083 -10.339546 21.688959 17.194841 -7.589505 10.112552
-3.326583 8.790842 16.572376 -2.550362 -15.327127 -1.482330 -0.165590 -0.622805 18.460009 -6.445259 -15.133459 -8.883103 8.994592 -17.046860 4.613109 19.277353 9.269713 -7.199349 -13.518237 -5.730812 -2.361436 25.833961 14.443669 20.145285 -19.170095 -9.981787 21.944803 17.068157 -7.587722 9.994158
-3.302510 8.714329 16.368494 -2.475552 -15.212070 -1.389961 -0.101577 -0.643258 18.549738 -6.221421 -15.096750 -8.892463 9.097556 -17.006132 4.521716 19.225691 9.324393 -7.139242 -13.586621 -5.686879 -2.039334 25.940111 14.606364 20.004112 -18.968246 -10.047083 21.886852 17.189083 -7.527104 9.964406
-3.359715 8.678813 16.355434 -2.420799 -15.226957 -1.415609 -0.091390 -0.599708 18.543852 -6.182183 -15.113310 -8.891421 9.093568 -17.011761 4.554786 19.232294 9.310184 -7.173823 -13.554441 -5.690349 -2.023981 25.965456 14.561302 20.035887 -18.996281 -10.086737 21.884481 17.213043 -7.446797 9.986565
-3.365822 8.675495 16.356005 -2.421141 -15.227471 -1.416227 -0.089388 -0.595407 18.541391 -6.174596 -15.119866 -8.891788 9.092291 -17.008051 4.562029 19.232832 9.309886 -7.181653 -13.547695 -5.689229 -2.029043 25.966326 14.556420 20.044701 -18.999557 -10.094851 21.880760 17.214689 -7.447120 9.988960
-3.368553 8.674061 16.355024 -2.417926 -15.228046 -1.417451 -0.088717 -0.593354 18.541294 -6.173215 -15.120207 -8.892148 9.093400 -17.006971 4.561979 19.232689 9.310332 -7.182173 -13.546730 -5.689205 -2.031514 25.965611 14.556046 20.045143 -19.000687 -10.095268 21.880245 17.213741 -7.448661 9.988234
-3.365554 8.671850 16.351410 -2.411584 -15.222681 -1.410392 -0.084405 -0.598478 18.547464 -6.165912 -15.115837 -8.890974 9.104365 -17.007753 4.558986 19.232725 9.308184 -7.180045 -13.549724 -5.683578 -2.014081 25.962244 14.561766 20.043785 -18.994984 -10.096101 21.880093 17.213963 -7.436586 9.989571
-3.366210 8.672951 16.352751 -2.410785 -15.223845 -1.411751 -0.084883 -0.597892 18.546556 -6.167123 -15.114092 -8.890468 9.102683 -17.009176 4.561309 19.232836 9.305504 -7.180720 -13.551332 -5.683318 -2.005717 25.964449 14.564226 20.041452 -18.991402 -10.095196 21.880451 17.216057 -7.433865 9.990438
-3.365525 8.673355 16.353092 -2.411406 -15.223792 -1.411485 -0.085055 -0.598464 18.546610 -6.167808 -15.113454 -8.890445 9.102338 -17.009773 4.561719 19.232819 9.305137 -7.181116 -13.551458 -5.683412 -2.006294 25.964643 14.564096 20.041304 -18.991627 -10.094923 21.880581 17.216175 -7.433739 9.990288
-3.381846 8.664912 16.344269 -2.395430 -15.225506 -1.419228 -0.082330 -0.587593 18.550581 -6.168156 -15.116922 -8.892938 9.101089 -17.001644 4.558818 19.231367 9.312072 -7.180830 -13.551746 -5.682689 -1.995483 25.984831 14.542971 20.065489 -18.998791 -10.094960 21.880241 17.222210 -7.458697 9.993061
-3.374502 8.669695 16.347282 -2.397238 -15.225227 -1.416885 -0.083205 -0.593025 18.551542 -6.174483 -15.115944 -8.891989 9.100137 -17.005005 4.555480 19.230030 9.313228 -7.178598 -13.555910 -5.682557 -1.995943 25.967527 14.551876 20.066103 -19.007332 -10.088422 21.879166 17.201269 -7.449116 9.977905
-3.372778 8.670699 16.348412 -2.400411 -15.224759 -1.416042 -0.083674 -0.594038 18.550581 -6.173979 -15.116027 -8.891795 9.102214 -17.003273 4.552212 19.228987 9.316205 -7.176708 -13.556422 -5.682416 -1.994444 25.977930 14.548422 20.068056 -19.003819 -10.089187 21.880054 17.209141 -7.456777 9.985390
-3.376444 8.667994 16.346386 -2.397586 -15.225342 -1.417632 -0.083272 -0.591208 18.551022 -6.172211 -15.116153 -8.891643 9.102863 -17.002779 4.550950 19.228561 9.317150 -7.176440 -13.556747 -5.682349 -1.994856 25.977551 14.548934 20.067490 -19.004131 -10.089298 21.880295 17.209122 -7.455751 9.985408
-3.375286 8.668619 16.346575 -2.399240 -15.225131 -1.417459 -0.083873 -0.591929 18.551043 -6.173297 -15.116247 -8.891770 9.103827 -17.002062 4.550109 19.228292 9.317979 -7.176281 -13.556597 -5.682228 -1.994617 25.976389 14.549643 20.066698 -19.003880 -10.088898 21.880047 17.208370 -7.456059 9.984673
-3.374108 8.669430 16.347286 -2.400158 -15.225004 -1.416903 -0.084031 -0.592930 18.551004 -6.174110 -15.116194 -8.891588 9.102935 -17.002613 4.550981 19.228624 9.317168 -7.176548 -13.556624 -5.682323 -1.994617 25.976389 14.549643 20.066698 -19.003880 -10.088898 21.880047 17.208370 -7.456059 9.984673
-3.379540 8.666348 16.344723 -2.396966 -15.225008 -1.419019 -0.082999 -0.589294 18.551250 -6.171489 -15.116345 -8.891419 9.100103 -17.003643 4.557124 19.230181 9.312768 -7.179520 -13.554302 -5.683277 -1.992566 25.978292 14.546172 20.070826 -19.005516 -10.090289 21.879377 17.210203 -7.457763 9.984867
-3.378405 8.666846 16.345261 -2.398676 -15.224884 -1.418530 -0.083429 -0.590026 18.550859 -6.171675 -15.114966 -8.891650 9.100167 -17.004307 4.557248 19.230431 9.312593 -7.180209 -13.554477 -5.683233 -1.992563 25.978834 14.545690 20.071589 -19.005859 -10.090889 21.879639 17.211016 -7.457677 9.985265
-3.378374 8.666829 16.345257 -2.399037 -15.224854 -1.418551 -0.083541 -0.590025 18.550791 -6.171698 -15.114966 -8.891650 9.100167 -17.004307 4.557248 19.230431 9.312593 -7.180209 -13.554477 -5.683233 -1.992542 25.978975 14.545581 20.071394 -19.005716 -10.090897 21.879681 17.211197 -7.457967 9.985426
-3.368099 8.673168 16.350809 -2.408053 -15.224394 -1.413466 -0.085479 -0.597790 18.549509 -6.176460 -15.116189 -8.892614 9.098371 -17.005005 4.562789 19.232176 9.308280 -7.183587 -13.551530 -5.683118 -1.997149 25.957029 14.553816 20.071682 -19.014771 -10.087774 21.877119 17.191048 -7.439020 9.966228
-3.373468 8.669813 16.347572 -2.397827 -15.225479 -1.416257 -0.083676 -0.593947 18.552038 -6.176104 -15.113752 -8.891794 9.096284 -17.008720 4.562370 19.231976 9.307414 -7.182880 -13.554425 -5.683301 -1.997687 25.956734 14.553513 20.070715 -19.014450 -10.088400 21.876751 17.191444 -7.438326 9.966629
-3.371464 8.672301 16.348637 -2.397968 -15.224655 -1.416276 -0.083647 -0.595978 18.552807 -6.178632 -15.114983 -8.892887 9.101165 -17.003323 4.556588 19.230156 9.313222 -7.180436 -13.553884 -5.683648 -1.995023 25.950157 14.556208 20.064558 -19.012756 -10.087742 21.874353 17.190968 -7.438442 9.960681
