7.604238 25.489992 -5.827306 -12.705477 -12.920914 -11.543111 1.894201 16.357323 10.535921 4.685178 -9.783346 -26.886337 1.177719 -18.618942 4.786921 -15.690603 6.851417 11.665221 -10.716157 -4.856929 -17.269014 -22.415226 4.204762 11.266501 1.288304 -6.690464 7.820123 37.514332 -5.322280 -17.241251
7.542227 25.388823 -5.889224 -12.552038 -12.954109 -11.534707 1.891980 16.328152 10.741119 4.401714 -9.747590 -26.842918 1.078486 -18.624109 4.756301 -15.743977 6.929776 11.674013 -10.716423 -5.028963 -17.283865 -22.456188 4.462706 11.048706 1.319079 -6.689735 7.805364 37.373993 -5.418669 -17.276850
7.595238 25.242920 -5.865735 -12.611514 -13.000044 -11.553332 1.655057 16.128601 10.813811 4.059043 -9.572781 -26.927486 1.117455 -18.604294 4.736930 -15.734901 7.060264 11.542718 -10.677732 -5.142955 -17.058588 -22.642010 4.558119 10.923130 1.273083 -6.544306 7.829793 37.147942 -5.687195 -17.543680
7.641766 25.071793 -5.936226 -12.532336 -13.077362 -11.590214 1.440179 15.964182 11.012903 3.588458 -9.160344 -27.010262 1.546172 -18.559221 4.623909 -15.599267 7.224266 11.415317 -10.742192 -5.090709 -16.804934 -22.808313 4.958728 10.640129 1.161760 -6.363320 7.916665 36.652126 -5.852983 -17.741991
7.441364 24.957922 -5.805486 -12.539704 -13.146084 -11.417313 1.421817 15.802721 11.175014 3.335447 -8.578065 -26.928280 2.127608 -18.575569 4.602211 -15.387616 7.305486 11.292745 -10.668951 -5.061630 -16.527340 -22.845907 5.314893 10.038933 1.155150 -6.314758 7.982799 36.255203 -6.148864 -17.711805
7.116904 24.509031 -5.738996 -12.816929 -13.143911 -11.422010 1.194207 15.634651 11.360054 2.901235 -7.841900 -26.926062 2.487717 -18.656643 4.422270 -15.099322 7.556627 11.144373 -10.607315 -5.210799 -16.111742 -22.886728 6.308338 8.952538 1.289712 -6.119793 8.003712 35.655125 -6.455048 -17.877203
6.616014 24.125896 -5.720842 -12.765584 -13.206158 -11.357403 1.128930 15.516250 11.730676 2.160524 -7.234294 -27.059292 2.707617 -18.814425 4.285645 -14.835383 7.769012 10.942439 -10.698399 -5.273566 -15.674566 -23.082926 7.370441 7.798071 1.455375 -5.928939 8.136925 35.121819 -6.433858 -18.041210
6.255330 23.762686 -5.643265 -12.740444 -13.193529 -11.289122 1.130522 15.381835 12.165258 1.453703 -6.360754 -27.013092 3.138036 -19.061930 4.300021 -14.657223 7.959860 10.547636 -10.981725 -5.073448 -15.136706 -23.000299 8.548396 6.941655 1.474527 -5.615766 8.244786 34.475632 -6.728528 -18.491072
5.728716 23.284842 -5.498098 -12.885174 -13.082857 -11.209684 1.260324 15.338777 12.582962 0.818449 -5.613351 -26.793770 3.375065 -19.473495 3.948327 -14.334373 8.384582 10.150523 -11.533153 -5.049843 -14.642351 -22.536041 9.495798 6.144980 1.470227 -5.509705 8.450776 33.860916 -7.311479 -18.393667
5.267114 22.925104 -5.380668 -13.229689 -12.997697 -11.118083 1.294208 15.236126 13.020532 -0.023117 -4.755205 -26.741070 3.696087 -19.673473 3.793231 -14.107228 8.791588 9.770944 -11.767377 -5.046916 -14.233544 -22.460018 10.309013 5.363235 1.435963 -5.294945 8.521345 33.222057 -7.670983 -18.634085
4.575100 22.415081 -5.356390 -13.261476 -13.029074 -11.004490 1.187063 15.023831 13.537447 -1.124152 -4.023452 -26.641411 4.123056 -19.900829 3.692302 -13.628401 9.019147 9.166452 -12.102881 -4.884389 -13.821863 -22.406330 11.046926 4.734670 1.327466 -4.969854 8.787370 32.623737 -8.242431 -18.876291
3.790584 22.067528 -5.382120 -13.576156 -13.051802 -10.730138 1.199684 14.919596 13.932272 -1.831299 -3.517165 -26.688675 4.486359 -20.030743 3.434173 -13.208341 9.303349 8.736007 -12.342132 -4.838586 -13.359028 -22.309355 11.643527 4.236040 1.297711 -4.767208 9.067374 32.118267 -8.905299 -18.883909
2.979362 21.637190 -5.520099 -13.926239 -12.999065 -10.546754 1.161217 14.841670 14.317242 -2.555175 -2.951305 -26.788891 4.816740 -20.025114 3.007878 -12.764633 9.748683 8.294109 -12.595337 -4.809768 -12.890635 -22.043909 12.080107 3.560373 1.249511 -4.643777 9.318220 31.629364 -9.638337 -18.734659
2.534492 21.393394 -5.717430 -13.986930 -13.024290 -10.396916 1.154492 14.750790 14.778288 -3.335258 -2.468487 -26.879368 5.191104 -20.168678 2.646000 -12.548300 10.024619 7.994627 -12.877213 -4.718514 -12.552689 -21.871683 12.708082 2.925387 1.259944 -4.576559 9.554690 31.021927 -10.131640 -18.364100
1.814316 21.126722 -5.632298 -14.137022 -12.982151 -10.088052 1.367204 14.664785 15.270908 -4.020595 -1.986363 -26.873602 5.495754 -20.285694 2.348301 -12.167704 10.298263 7.577763 -13.245025 -4.669307 -12.307162 -21.779110 13.427772 2.425417 1.208444 -4.380657 9.740957 30.371204 -10.535179 -18.254492
1.383478 21.038376 -5.483156 -14.061273 -13.128153 -9.783994 1.358348 14.480930 15.390034 -4.290555 -1.881250 -26.806290 5.597040 -20.289762 2.189313 -11.790842 10.445271 7.201788 -13.549034 -4.575635 -12.115158 -21.713951 13.781242 2.246782 1.185995 -4.427508 9.956196 29.948654 -10.934850 -17.784845
0.985866 21.011864 -5.233138 -13.987762 -13.182688 -9.459221 1.528242 14.358913 15.506582 -4.381860 -1.602001 -26.832924 5.751369 -20.352179 1.936914 -11.571101 10.652764 6.934494 -13.885845 -4.504041 -11.875715 -21.505747 14.051653 2.082339 1.175534 -4.303225 10.101785 29.779825 -11.341702 -17.829527
0.520144 21.040846 -5.062736 -14.120951 -13.242767 -9.168256 1.614711 14.252451 15.602213 -4.603414 -1.480996 -26.887859 5.800697 -20.351435 1.858511 -11.468496 10.769925 6.779899 -13.974963 -4.514188 -11.669442 -21.445234 14.077171 1.931825 1.103430 -4.346365 10.226091 29.581287 -11.765843 -17.663908
0.226202 20.967144 -5.018157 -14.166765 -13.294735 -9.085995 1.596783 14.203274 15.682644 -4.835758 -1.404205 -26.992283 5.816842 -20.361694 1.782390 -11.427394 10.848374 6.691716 -14.051826 -4.461688 -11.571541 -21.372402 14.071757 1.846639 1.075624 -4.309879 10.330825 29.535305 -11.817466 -17.622196
0.113531 20.966417 -5.038628 -14.221333 -13.305566 -9.032822 1.622297 14.210080 15.742881 -4.917306 -1.460333 -27.049326 5.841547 -20.368412 1.790679 -11.363721 10.799724 6.659446 -14.055761 -4.445164 -11.532288 -21.402012 14.054031 1.815791 1.058842 -4.349459 10.327109 29.488543 -11.857224 -17.558023
0.236550 20.927671 -4.731598 -14.134771 -13.273392 -8.946558 1.822055 14.204975 15.739739 -4.665457 -1.517353 -27.035248 6.033886 -20.502613 1.699043 -11.168616 10.656228 6.655737 -14.080631 -4.492845 -11.526137 -20.933475 14.309002 1.959368 1.041373 -4.250305 10.355882 29.519772 -11.760781 -17.680510
0.363238 20.701559 -3.717371 -13.702439 -13.213612 -8.605987 2.481833 14.093363 15.976463 -4.392592 -2.073990 -26.722605 6.506001 -20.844114 1.672438 -10.394224 9.935182 6.618458 -13.983780 -4.508063 -11.679989 -19.567268 15.417646 2.206545 1.033000 -3.905123 10.311683 29.433231 -11.632094 -18.097494
0.544780 20.608154 -1.478741 -12.922121 -13.209892 -7.743752 3.521220 13.643070 15.775859 -3.134337 -2.784349 -26.606825 7.540098 -21.165754 1.653056 -9.072551 9.021767 6.393001 -13.750664 -4.454192 -11.715482 -17.323669 16.683065 3.093760 0.808547 -3.380442 10.573523 29.192593 -11.842046 -18.349756
0.843896 20.314480 1.505876 -11.738441 -13.098992 -6.662932 4.881516 12.916180 15.592561 -1.736495 -4.208141 -26.437319 8.946074 -21.522213 1.527567 -7.520412 7.557484 6.758602 -13.612387 -4.204201 -11.691247 -14.346471 18.263094 4.364083 0.386109 -2.922468 11.226521 28.771685 -11.963170 -18.072172
2.077546 19.772417 4.251315 -10.655008 -12.890553 -6.015155 5.824228 12.120874 15.250868 -0.011165 -5.879799 -25.659363 10.292329 -21.872652 1.533560 -5.530528 6.064084 6.793087 -13.392056 -4.222748 -11.881087 -10.991899 20.290081 5.959991 -0.092555 -2.332584 11.958154 28.404709 -12.070178 -17.723324
3.043409 19.026392 6.537442 -9.700815 -12.660733 -5.606290 6.434044 11.247553 15.396835 0.682703 -8.125771 -24.212471 10.874228 -22.013538 1.719337 -3.407579 4.775581 6.286601 -13.315022 -4.796721 -12.394593 -7.689128 22.377062 7.720618 -0.442173 -2.177327 12.370096 27.877388 -11.554128 -16.394766
4.404588 18.806280 9.260077 -8.473742 -12.638394 -4.847781 7.036327 9.993708 15.285749 1.910653 -9.200899 -22.935028 11.367240 -22.225674 2.072618 -1.238005 3.716609 5.852528 -13.438282 -5.050198 -12.423679 -3.295088 24.608774 10.073282 -1.069300 -1.423778 13.257292 26.991999 -12.216203 -15.005296
5.339756 18.457830 11.342962 -5.872262 -13.074051 -4.051002 6.955013 8.243589 15.486863 2.030613 -11.008155 -20.982861 11.170891 -21.985882 2.252277 1.120768 3.490258 4.535007 -13.977207 -5.076396 -11.899222 0.972478 26.380919 12.568638 -2.039712 -1.360326 14.524983 25.943951 -11.926375 -12.539105
5.200527 18.312685 13.734280 -3.682215 -13.619130 -2.925845 6.787696 6.363548 15.395387 2.401810 -13.628420 -19.353054 10.822698 -20.927999 2.892437 4.093038 2.800175 3.595504 -13.351751 -5.544220 -11.453300 4.890383 27.529053 13.212051 -2.860496 -2.501619 15.141308 25.189297 -11.476380 -9.443373
4.804359 18.081640 15.020083 -2.195493 -14.093754 -1.874885 6.047775 4.465589 15.333278 2.635412 -15.371833 -18.320232 9.634427 -20.332058 3.551346 6.876421 2.703027 2.229860 -13.227974 -5.869840 -10.644154 8.263515 29.226103 12.050757 -2.539255 -3.453152 15.684627 24.877419 -12.252669 -6.073349
5.142150 17.913141 15.762457 -1.295011 -14.580639 -0.986611 4.944644 2.589130 15.023787 3.120826 -16.617189 -17.387215 7.827391 -19.856138 4.937277 9.038724 2.443079 0.547231 -12.812195 -6.770582 -10.386188 11.920592 29.973408 11.044629 -1.776084 -4.880010 16.468504 25.241013 -14.113822 -1.925616
5.291867 18.032135 16.719229 -0.482110 -15.526413 -0.005920 3.191797 0.331350 14.257557 3.564720 -17.292593 -16.434126 5.487366 -19.761589 6.188148 11.172247 2.401554 -1.307656 -12.853462 -7.573733 -10.504441 13.572363 30.585569 10.518929 -1.736058 -6.498658 17.163792 24.292675 -15.267008 2.223203
5.071540 17.790033 17.012314 0.267893 -16.324448 0.602547 1.739332 -1.211408 13.880147 3.475946 -17.616205 -15.203755 3.831095 -19.181728 6.715293 12.275723 2.706664 -2.558964 -13.149263 -8.061318 -9.892359 14.830591 29.609087 9.344706 -2.320493 -7.538463 18.302969 23.855074 -16.068642 5.810674
4.806922 17.598133 16.833981 0.312651 -16.961773 1.309981 -0.087847 -2.896852 13.504436 3.438889 -17.630167 -14.277944 2.055827 -18.550121 6.380044 13.272386 3.858790 -3.777296 -14.055128 -8.623567 -9.759568 12.654968 29.056814 6.898279 -2.640786 -8.628080 18.881161 23.091488 -15.589740 8.418292
4.188509 17.132202 16.225014 -0.178688 -17.470114 1.416080 -1.776486 -3.788651 13.284633 2.902069 -17.547861 -13.448356 0.636327 -18.252222 5.779765 13.444408 5.028350 -4.767680 -15.047411 -9.288504 -9.192403 11.807983 28.757290 5.429400 -2.965581 -10.220022 18.779285 22.953651 -15.156438 10.696350
4.543440 17.009619 16.097113 -0.306660 -18.173147 1.604181 -3.585963 -4.994428 12.619532 3.162280 -17.371031 -12.827796 -0.270372 -18.164349 4.962564 13.542636 6.355651 -5.438049 -16.184116 -9.510039 -9.817137 10.972108 27.865213 4.356675 -3.034140 -11.812263 18.322880 23.154770 -15.614789 12.509832
3.625042 16.885889 15.640455 -0.975728 -18.855394 1.917945 -5.404276 -6.067158 11.952558 3.173945 -17.076485 -12.166389 -0.981146 -17.618629 4.452346 13.650826 7.348672 -6.106617 -16.991625 -9.793172 -9.751919 9.526604 27.365652 2.276582 -2.794227 -12.738117 18.406059 23.291084 -15.397276 14.063564
2.857819 16.777796 14.983857 -1.648473 -18.878325 2.219108 -5.878857 -6.311336 12.124934 2.661382 -16.861551 -11.774615 -1.667639 -17.570332 4.003808 13.760093 7.869863 -6.249135 -17.635437 -10.326648 -9.730354 9.315330 25.972784 2.551189 -3.399551 -13.565287 18.017385 23.277477 -15.851084 14.531485
2.617887 16.602795 14.652167 -2.262070 -18.990093 2.310651 -6.662818 -6.742738 11.919521 2.527011 -16.663887 -11.510619 -1.966258 -17.675920 3.940529 13.560344 7.933257 -6.347588 -17.904387 -10.445139 -9.904723 8.032429 25.271919 2.142637 -3.966569 -13.932333 17.679176 22.459412 -16.022207 14.388062
2.554264 16.461525 14.421841 -2.297739 -18.994251 2.266180 -6.860115 -6.805488 11.959807 2.350803 -16.637911 -11.413704 -2.146407 -17.459850 3.853989 13.500002 8.112434 -6.436283 -17.925732 -10.613467 -10.141245 7.735735 24.572102 2.594338 -4.461151 -14.139835 17.546921 22.179041 -15.780614 14.403774
2.500799 16.371946 14.513329 -2.431396 -18.900885 2.320616 -6.762496 -6.796813 12.020668 2.369085 -16.629280 -11.309041 -2.058921 -17.446110 3.869529 13.543798 8.101042 -6.395056 -17.901604 -10.527818 -10.060748 7.995398 24.333376 2.830830 -4.689843 -14.163998 17.479280 22.096928 -15.677568 14.247036
2.378560 16.180763 14.653376 -2.579276 -18.797338 2.314259 -6.665858 -6.772275 12.186047 2.081979 -16.492836 -11.107540 -1.917130 -17.505001 3.805813 13.630389 8.249400 -6.541543 -17.915636 -10.555133 -9.975513 8.237569 23.952898 3.133058 -5.012875 -14.236079 17.372183 21.993902 -15.612283 13.961109
2.442981 16.045557 14.834812 -2.640930 -18.572084 2.391730 -6.263181 -6.661964 12.479837 1.897392 -16.340742 -11.034360 -1.773101 -17.767706 3.824786 13.998784 8.129638 -6.639369 -18.019060 -10.447268 -9.984368 8.875926 23.464376 3.626997 -5.351371 -14.687506 17.272743 22.082817 -15.353734 14.345601
2.286489 15.763203 15.143123 -2.667233 -18.294584 2.293116 -5.743561 -6.392884 12.895226 1.389265 -16.256832 -10.848786 -1.509165 -17.905533 3.954121 14.252562 7.900415 -6.424222 -17.847588 -10.460937 -10.270848 9.463286 23.294455 3.254698 -5.414875 -15.198778 17.266388 22.389217 -14.812486 15.101004
2.435770 15.354040 15.465174 -2.478667 -18.014591 2.215659 -5.384367 -6.346889 13.267784 0.890599 -15.984860 -10.768815 -1.136307 -17.852259 4.077528 14.741565 7.780809 -6.525516 -17.912367 -10.183465 -10.155543 10.074985 22.528709 3.629598 -5.789042 -15.423420 17.159872 22.606136 -14.393567 15.223113
2.490882 15.019234 15.858578 -2.172252 -17.831446 2.069284 -5.044568 -6.306261 13.750013 0.180542 -15.803535 -10.650737 -1.034935 -18.034580 4.444008 15.188725 7.334225 -6.622354 -17.596056 -10.324369 -10.386347 10.564324 22.066473 3.923999 -6.447734 -15.318659 16.928352 22.353062 -14.076602 14.771072
1.957347 14.512025 16.376595 -2.237017 -17.478432 1.962545 -4.457180 -6.033340 14.249168 -0.311069 -15.529459 -10.493392 -0.179482 -18.158119 4.745334 15.797336 7.023805 -6.566189 -17.184828 -10.078286 -10.144322 11.758988 21.126091 5.441085 -7.595281 -15.163155 16.967466 22.083630 -13.541369 14.407401
1.572909 14.039927 16.599850 -2.436157 -17.016294 1.937056 -3.812559 -5.776705 14.943596 -1.269223 -15.048764 -10.243840 0.634587 -18.445049 4.846203 16.491117 6.879100 -6.562680 -17.033018 -9.756103 -9.387679 13.359054 20.533115 7.158842 -8.653824 -14.770827 16.833988 21.582726 -13.424935 13.576975
1.653957 13.529886 16.915627 -2.550581 -16.584791 1.724598 -3.247591 -5.509361 15.538947 -2.047663 -14.973902 -10.213822 1.462856 -18.375053 4.908804 17.232836 6.669178 -6.296098 -16.562822 -9.622090 -9.109632 14.595643 20.667006 7.103577 -8.862025 -15.136208 16.971416 21.620678 -12.433512 14.408745
1.348781 12.936474 17.162174 -2.834187 -16.170469 1.630003 -2.682101 -5.243919 16.207279 -2.884624 -14.407446 -10.103898 2.232467 -18.620098 5.131252 18.063990 6.319629 -6.185931 -16.351635 -9.207112 -8.631177 16.388836 20.618841 7.892945 -9.171952 -15.060278 17.238316 21.868807 -11.812321 14.702261
0.674534 12.391241 17.075205 -3.301061 -15.616549 1.482604 -1.818438 -4.553175 16.891489 -3.537793 -13.995946 -9.854894 3.117563 -18.544807 5.107899 18.635828 6.368501 -6.126921 -16.084675 -8.939581 -8.417549 17.916824 20.598118 8.884653 -9.668980 -15.120918 17.031223 21.797455 -11.728956 14.531307
0.531592 11.978316 16.938803 -3.391923 -15.391043 1.350320 -1.497007 -4.273251 17.348736 -4.408226 -13.671919 -9.923095 3.857929 -18.788601 5.368085 19.270853 5.984933 -6.082570 -15.878271 -8.508405 -8.832142 19.938475 19.910349 9.774997 -10.318981 -15.891417 16.993025 22.003510 -11.586165 15.254857
0.364387 11.639999 17.073658 -3.560450 -15.121420 1.256284 -1.189799 -4.193322 17.829748 -5.147561 -13.617420 -9.940415 4.280734 -18.744072 5.616936 19.726265 5.707953 -5.959358 -15.510580 -8.350813 -8.773668 20.798218 20.096125 9.869143 -10.406664 -16.005293 16.935867 21.889977 -11.330461 15.389324
0.276605 11.248650 17.029388 -3.763682 -14.907606 1.106885 -0.940476 -4.026582 18.299059 -5.960789 -13.344710 -9.847678 4.924175 -18.734341 5.636649 20.495039 5.702332 -6.048254 -15.326140 -8.075166 -8.501894 21.952337 19.950510 10.729496 -10.889145 -15.950806 17.152266 21.615431 -11.273971 15.451781
0.113430 10.864453 16.861176 -3.630636 -14.750881 0.948818 -0.671065 -3.735680 18.633932 -6.247864 -13.193926 -9.740712 5.427016 -18.668770 5.683583 20.837332 5.669661 -6.043409 -15.052549 -7.897706 -8.281446 22.858812 19.686598 11.521896 -11.332932 -15.907394 17.321924 21.486189 -11.159230 15.487532
0.209235 10.798834 16.668703 -3.723174 -14.686971 0.801079 -0.584453 -3.577352 18.861197 -6.811536 -13.147997 -9.741146 5.834112 -18.461266 5.788626 21.113773 5.759138 -6.161299 -14.723444 -7.746064 -8.249119 24.134823 19.396524 12.016497 -11.664690 -16.048115 17.673389 21.696386 -11.090994 15.958609
-0.091968 10.446125 16.617596 -3.406827 -14.557506 0.595309 -0.272126 -3.326180 19.262785 -7.440752 -13.271126 -9.628789 5.967744 -18.150063 5.951940 21.350931 5.832935 -6.245918 -14.362477 -7.862340 -8.119423 24.807190 19.314959 12.113607 -11.926764 -16.186459 17.723705 21.637329 -10.960258 16.080265
-0.061357 10.225099 16.577374 -3.455557 -14.479260 0.549978 -0.279883 -3.370310 19.453905 -7.889789 -13.096947 -9.663497 6.018765 -18.344948 6.047485 21.457119 5.654515 -6.161305 -14.326121 -7.798651 -7.944667 25.483326 19.071997 12.780167 -12.291186 -16.117575 17.944485 21.534346 -11.119563 16.092833
-0.015637 10.254704 16.387661 -3.326027 -14.513399 0.491080 -0.257732 -3.284389 19.567516 -8.130184 -13.117690 -9.632203 6.121562 -18.351578 6.101692 21.464153 5.644914 -6.157148 -14.235064 -7.745243 -7.828753 25.678808 19.043772 12.832975 -12.305019 -16.192059 17.965420 21.609144 -11.052135 16.185402
-0.167432 10.067366 16.511353 -3.531722 -14.402343 0.467266 -0.181723 -3.273315 19.692808 -8.337231 -13.114737 -9.587153 6.133317 -18.365143 6.106468 21.515965 5.641405 -6.100042 -14.233583 -7.741806 -7.855704 25.775919 19.066069 12.670527 -12.319551 -16.291916 17.941277 21.642538 -10.919899 16.273520
-0.167432 10.067366 16.511353 -3.531722 -14.402343 0.467266 -0.181723 -3.273315 19.692808 -8.337231 -13.114737 -9.587153 6.133317 -18.365143 6.106468 21.515965 5.641405 -6.100042 -14.233583 -7.741806 -7.855704 25.775919 19.066069 12.670527 -12.319551 -16.291916 17.941277 21.642538 -10.919899 16.273520
-0.168604 10.066627 16.510765 -3.529846 -14.402526 0.466737 -0.181333 -3.272437 19.693018 -8.336482 -13.114107 -9.586743 6.132488 -18.366306 6.106446 21.516079 5.641232 -6.099682 -14.234550 -7.741828 -7.855704 25.775919 19.066069 12.670527 -12.319551 -16.291916 17.941277 21.642538 -10.919899 16.273520
-0.165962 10.067913 16.511597 -3.528039 -14.402656 0.467598 -0.181349 -3.274372 19.693609 -8.337963 -13.115381 -9.587562 6.133848 -18.363796 6.106556 21.516047 5.641726 -6.100377 -14.232687 -7.742011 -7.854317 25.775496 19.064507 12.672773 -12.321199 -16.291264 17.940510 21.641884 -10.920954 16.271055
-0.164679 10.068532 16.511757 -3.528402 -14.402711 0.468126 -0.181725 -3.275434 19.693949 -8.339441 -13.113031 -9.586962 6.133189 -18.367020 6.105682 21.515974 5.641337 -6.099781 -14.235021 -7.741544 -7.854713 25.776772 19.063414 12.676408 -12.322609 -16.289883 17.941719 21.641163 -10.921915 16.270647
-0.168340 10.066714 16.510887 -3.527686 -14.402776 0.466939 -0.180971 -3.272701 19.693186 -8.336142 -13.113109 -9.587097 6.134120 -18.365801 6.104848 21.515829 5.642444 -6.099781 -14.234627 -7.741498 -7.854430 25.774233 19.066191 12.671862 -12.320520 -16.290691 17.940130 21.640631 -10.920844 16.270205
-0.168340 10.066714 16.510887 -3.527686 -14.402776 0.466939 -0.180971 -3.272701 19.693186 -8.336142 -13.113334 -9.586980 6.133940 -18.365837 6.104999 21.515854 5.642312 -6.099726 -14.234643 -7.741556 -7.854939 25.774286 19.066715 12.670702 -12.319929 -16.291082 17.940525 21.641006 -10.920397 16.271418
-0.166867 10.067387 16.511108 -3.525727 -14.402947 0.467277 -0.180927 -3.273776 19.693926 -8.337329 -13.112866 -9.586540 6.131797 -18.368053 6.106547 21.516245 5.640606 -6.099649 -14.235613 -7.741861 -7.855398 25.775869 19.065380 12.671158 -12.320274 -16.292013 17.941315 21.642302 -10.920157 16.273581
-0.161750 10.069361 16.511370 -3.523903 -14.403011 0.468446 -0.181771 -3.277352 19.695848 -8.342466 -13.106680 -9.586873 6.129279 -18.372803 6.105158 21.516916 5.640108 -6.099631 -14.239540 -7.742555 -7.861600 25.755232 19.075369 12.640178 -12.311625 -16.299858 17.934628 21.649439 -10.907193 16.273788
-0.165810 10.067592 16.511089 -3.525474 -14.402881 0.467383 -0.181182 -3.274352 19.694136 -8.338039 -13.112835 -9.586949 6.133343 -18.367001 6.105042 21.516138 5.641923 -6.099777 -14.235436 -7.741525 -7.857444 25.771187 19.067181 12.663248 -12.318280 -16.294050 17.940193 21.644709 -10.917600 16.274073
-0.165810 10.067592 16.511089 -3.525474 -14.402881 0.467383 -0.181182 -3.274352 19.694136 -8.338039 -13.112610 -9.587068 6.133523 -18.366962 6.104894 21.516115 5.642052 -6.099834 -14.235418 -7.741470 -7.857344 25.770994 19.067217 12.663283 -12.318316 -16.293972 17.940048 21.644577 -10.917593 16.273798
-0.165673 10.067781 16.511116 -3.525963 -14.402904 0.467549 -0.181316 -3.274600 19.694201 -8.338602 -13.112085 -9.586646 6.132538 -18.368174 6.105564 21.516047 5.641250 -6.099556 -14.235973 -7.741540 -7.854835 25.774916 19.065187 12.674425 -12.321960 -16.289879 17.941309 21.639900 -10.921588 16.270060
-0.164848 10.068232 16.511398 -3.523607 -14.403099 0.467775 -0.180916 -3.275181 19.694586 -8.338725 -13.112287 -9.586838 6.132869 -18.367548 6.105215 21.516178 5.641598 -6.099655 -14.235774 -7.741579 -7.858008 25.770330 19.068123 12.662105 -12.318003 -16.294189 17.940346 21.644859 -10.916200 16.274481
-0.159253 10.070613 16.511585 -3.523257 -14.403000 0.468975 -0.182208 -3.279259 19.697035 -8.345863 -13.101847 -9.587006 6.127220 -18.376911 6.103968 21.517294 5.639851 -6.099767 -14.242931 -7.743230 -7.865562 25.749134 19.086138 12.622825 -12.303208 -16.303055 17.935513 21.648964 -10.904473 16.280998
-0.159488 10.070507 16.511284 -3.520835 -14.403240 0.468760 -0.181854 -3.279159 19.697565 -8.345988 -13.101847 -9.587006 6.127220 -18.376911 6.103968 21.517294 5.639851 -6.099767 -14.242931 -7.743230 -7.865562 25.749134 19.086138 12.622825 -12.303208 -16.303055 17.935513 21.648964 -10.904473 16.280998
-2.552131 8.471714 14.974790 -0.908626 -14.553402 -0.458983 0.358800 -1.398817 19.867603 -6.292771 -14.503847 -10.056710 7.755096 -16.245155 3.910495 21.456774 7.367088 -4.548613 -13.181072 -8.314242 -3.925291 23.043039 17.329435 21.274355 -18.223713 -14.720048 17.893269 15.508736 -10.216089 11.194296
-2.552131 8.471714 14.974790 -0.908626 -14.553402 -0.458983 0.358800 -1.398817 19.867603 -6.292771 -14.503847 -10.056710 7.755096 -16.245155 3.910495 21.456774 7.367088 -4.548613 -13.181072 -8.314242 -3.925291 23.043039 17.329435 21.274355 -18.223713 -14.720048 17.893269 15.508736 -10.216089 11.194296
-2.552131 8.471714 14.974790 -0.908626 -14.553402 -0.458983 0.358800 -1.398817 19.867603 -6.292771 -14.503847 -10.056710 7.755096 -16.245155 3.910495 21.456774 7.367088 -4.548613 -13.181072 -8.314242 -3.925291 23.043039 17.329435 21.274355 -18.223713 -14.720048 17.893269 15.508736 -10.216089 11.194296
-2.552131 8.471714 14.974790 -0.908626 -14.553402 -0.458983 0.358800 -1.398817 19.867603 -6.292771 -14.503847 -10.056710 7.755096 -16.245155 3.910495 21.456774 7.367088 -4.548613 -13.181072 -8.314242 -3.925291 23.043039 17.329435 21.274355 -18.223713 -14.720048 17.893269 15.508736 -10.216089 11.194296
-2.552131 8.471714 14.974790 -0.908626 -14.553402 -0.458983 0.358800 -1.398817 19.867603 -6.292771 -14.503847 -10.056710 7.755096 -16.245155 3.910495 21.456774 7.367088 -4.548613 -13.181072 -8.314242 -3.925291 23.043039 17.329435 21.274355 -18.223713 -14.720048 17.893269 15.508736 -10.216089 11.194296
-3.002822 8.592247 15.356863 -2.074067 -14.736169 -0.854277 0.122218 -1.024274 19.449106 -6.613310 -14.433973 -9.839492 8.642002 -16.149786 3.396450 20.796797 8.079749 -4.843490 -13.861631 -7.282734 -7.121267 23.615431 16.418472 21.518564 -19.185387 -14.734377 17.507904 15.692081 -12.281764 10.030169
-2.830421 8.552395 15.149572 -2.185195 -14.495169 -0.677334 0.225730 -1.148245 19.609560 -6.444678 -14.436819 -9.761109 8.552505 -16.178331 3.414736 20.774483 8.016297 -4.825613 -13.988499 -7.283371 -5.977026 23.739830 16.443460 21.278378 -18.954418 -14.136444 18.031878 15.744940 -11.764681 10.035062
-2.929134 8.541349 15.215248 -2.172110 -14.542056 -0.729072 0.217453 -1.082899 19.527945 -6.346180 -14.445584 -9.736036 8.586139 -16.145744 3.350978 20.753519 8.050393 -4.799342 -14.016289 -7.280973 -5.590275 23.739878 16.576235 21.186121 -18.766926 -14.207525 18.020462 15.809429 -11.652127 10.154629
-2.930744 8.522919 15.194602 -2.117577 -14.548146 -0.735894 0.217943 -1.073732 19.535534 -6.327375 -14.504448 -9.729944 8.587430 -16.091866 3.401863 20.754101 8.034253 -4.829374 -13.971470 -7.277966 -5.583542 23.761847 16.517954 21.317041 -18.861492 -14.237207 18.009169 15.759119 -11.642093 10.124537
-2.931420 8.523224 15.195511 -2.120726 -14.548502 -0.735293 0.217898 -1.073686 19.535288 -6.327767 -14.517125 -9.733731 8.592149 -16.076963 3.399089 20.757406 8.036786 -4.823204 -13.962476 -7.280107 -5.610584 23.756651 16.509550 21.324522 -18.878559 -14.230307 18.012070 15.751020 -11.641898 10.114283
-2.929855 8.524983 15.198126 -2.124424 -14.548864 -0.735063 0.217025 -1.074880 19.534195 -6.329169 -14.516512 -9.733764 8.591941 -16.076756 3.398180 20.757938 8.036902 -4.822277 -13.962278 -7.281565 -5.677948 23.739389 16.499420 21.332916 -18.897512 -14.250906 17.992704 15.737932 -11.674839 10.119745
-2.921522 8.522361 15.189444 -2.118691 -14.540581 -0.727278 0.220935 -1.080840 19.539892 -6.318683 -14.513435 -9.734334 8.593728 -16.077999 3.397104 20.758150 8.036105 -4.818926 -13.963820 -7.280348 -5.643674 23.778961 16.478743 21.325489 -18.901695 -14.215796 18.021374 15.758139 -11.667724 10.103573
-2.923886 8.520895 15.189066 -2.120846 -14.541054 -0.727740 0.220929 -1.079212 19.539774 -6.318329 -14.515892 -9.734467 8.594314 -16.077515 3.398859 20.758131 8.037011 -4.822237 -13.961614 -7.279415 -5.653288 23.777407 16.484688 21.317579 -18.900265 -14.218000 18.020073 15.758041 -11.664019 10.104570
-2.923886 8.520895 15.189066 -2.120846 -14.541054 -0.727740 0.220929 -1.079212 19.539774 -6.318329 -14.515892 -9.734467 8.594314 -16.077515 3.398859 20.758131 8.037011 -4.822237 -13.961614 -7.279415 -5.653410 23.777628 16.484785 21.317156 -18.899862 -14.218034 18.020046 15.758440 -11.664147 10.104675
-2.926073 8.521289 15.191100 -2.126318 -14.539522 -0.727378 0.221728 -1.077075 19.534540 -6.306898 -14.511580 -9.733053 8.598868 -16.080153 3.390433 20.756170 8.039690 -4.816641 -13.968128 -7.275711 -5.637507 23.776430 16.478643 21.321341 -18.898182 -14.224369 18.016193 15.763632 -11.669857 10.107058
-2.923512 8.521206 15.190792 -2.127510 -14.538515 -0.724784 0.222138 -1.080021 19.536463 -6.310012 -14.508142 -9.734423 8.590801 -16.085571 3.394269 20.760267 8.034275 -4.816663 -13.965421 -7.283689 -5.631409 23.768148 16.489260 21.318584 -18.895119 -14.222281 18.014771 15.755500 -11.669468 10.104919
-2.923820 8.521185 15.189165 -2.118795 -14.539021 -0.726288 0.222926 -1.080206 19.539688 -6.313891 -14.511658 -9.735476 8.593244 -16.080166 3.392648 20.759661 8.036868 -4.816048 -13.963103 -7.283967 -5.631037 23.771990 16.486635 21.321562 -18.896313 -14.222874 18.015009 15.756915 -11.669174 10.106081
-2.923743 8.521145 15.189270 -2.119780 -14.538958 -0.726157 0.222781 -1.080179 19.539396 -6.313583 -14.511593 -9.735496 8.593219 -16.080219 3.392697 20.759615 8.036858 -4.816061 -13.963126 -7.284011 -5.631502 23.771341 16.487335 21.320944 -18.896025 -14.222544 18.015146 15.756313 -11.669056 10.106184
-2.922852 8.521885 15.189896 -2.120497 -14.538764 -0.725688 0.222739 -1.080895 19.539248 -6.313807 -14.510454 -9.735341 8.591870 -16.081947 3.394506 20.759857 8.035351 -4.817479 -13.963285 -7.284314 -5.630687 23.770849 16.488346 21.319237 -18.894941 -14.221674 18.014650 15.756604 -11.670039 10.105128
-2.922054 8.522269 15.190272 -2.121386 -14.538616 -0.725359 0.222458 -1.081705 19.539301 -6.314886 -14.510328 -9.735433 8.592114 -16.081938 3.394191 20.759695 8.035573 -4.817461 -13.963387 -7.284198 -5.631097 23.771618 16.488297 21.319056 -18.894293 -14.221894 18.014692 15.757514 -11.669764 10.105945
-2.920125 8.524231 15.192718 -2.132568 -14.537611 -0.723602 0.221640 -1.081962 19.535961 -6.311062 -14.508902 -9.734430 8.591450 -16.084400 3.392534 20.759653 8.035627 -4.815381 -13.966017 -7.283331 -5.630881 23.768221 16.486721 21.319014 -18.896904 -14.222582 18.015406 15.754930 -11.669425 10.104626
-2.924671 8.520980 15.190480 -2.128785 -14.538022 -0.725096 0.222634 -1.078775 19.535797 -6.308247 -14.508844 -9.734107 8.590571 -16.084841 3.393794 20.760340 8.034589 -4.816030 -13.965688 -7.283477 -5.630974 23.768620 16.488232 21.316984 -18.894241 -14.222716 18.015053 15.757359 -11.669887 10.106106
-2.924671 8.520980 15.190480 -2.128785 -14.538022 -0.725096 0.222634 -1.078775 19.535797 -6.308247 -14.508839 -9.734089 8.590539 -16.084879 3.393822 20.760357 8.034564 -4.816056 -13.965704 -7.283485 -5.630974 23.768620 16.488232 21.316984 -18.894241 -14.222716 18.015053 15.757359 -11.669887 10.106106
-2.918578 8.524557 15.191703 -2.127305 -14.537979 -0.724079 0.221201 -1.083877 19.539026 -6.317379 -14.510969 -9.735827 8.594010 -16.080812 3.391515 20.759520 8.037242 -4.816170 -13.963648 -7.283242 -5.630115 23.775606 16.479258 21.327364 -18.900820 -14.224669 18.016407 15.758427 -11.668941 10.106731
-2.918132 8.525113 15.191949 -2.125794 -14.537949 -0.724056 0.221670 -1.083880 19.538876 -6.316210 -14.513371 -9.735593 8.593471 -16.078672 3.392341 20.759809 8.037033 -4.815542 -13.962625 -7.283600 -5.630822 23.771706 16.483862 21.321335 -18.897762 -14.223963 18.015438 15.757380 -11.668750 10.105691
-2.919323 8.524486 15.190681 -2.120012 -14.538535 -0.724960 0.222264 -1.083627 19.540911 -6.318922 -14.512968 -9.735394 8.592603 -16.079224 3.393585 20.760183 8.036284 -4.816250 -13.962473 -7.283836 -5.630867 23.773499 16.481609 21.324389 -18.899572 -14.224679 18.016014 15.757598 -11.668197 10.106327
