0.624191 0.567305 0.987678 0.414725 0.970329
0.624932 0.565991 0.987819 0.414421 0.970268
0.626443 0.562431 0.988090 0.413598 0.969998
0.627434 0.557144 0.988221 0.412375 0.969362
0.628364 0.549912 0.988334 0.410704 0.968522
0.628651 0.541185 0.988318 0.408688 0.967461
0.627617 0.531792 0.988045 0.406519 0.966169
0.625969 0.522346 0.987673 0.404339 0.964858
0.623376 0.514281 0.987132 0.402479 0.963589
0.621082 0.508610 0.986668 0.401172 0.962652
0.620457 0.506334 0.986544 0.400647 0.962334
0.606654 0.502740 0.984004 0.399819 0.959989
0.570537 0.491416 0.977355 0.397212 0.953878
0.518606 0.471764 0.967756 0.392690 0.945263
0.456601 0.444087 0.956279 0.386331 0.935350
0.389184 0.410501 0.943908 0.378631 0.925207
0.320985 0.374512 0.931688 0.370398 0.915804
0.256904 0.340383 0.920630 0.362608 0.907904
0.200877 0.313225 0.911348 0.356423 0.901853
0.161277 0.295507 0.905020 0.352393 0.898058
0.146749 0.288922 0.902756 0.350897 0.896765
0.150203 0.289796 0.903307 0.351095 0.896994
0.160155 0.291526 0.904917 0.351489 0.897697
0.173537 0.294111 0.907077 0.352076 0.898710
0.186888 0.297784 0.909211 0.352911 0.899794
0.199564 0.301401 0.911239 0.353733 0.900922
0.209720 0.304961 0.912857 0.354542 0.901901
0.217717 0.307691 0.914135 0.355163 0.902737
0.222986 0.309752 0.914976 0.355632 0.903322
0.226611 0.310664 0.915562 0.355839 0.903749
0.227588 0.311100 0.915718 0.355938 0.903866
0.232448 0.316758 0.916424 0.357226 0.904392
0.246446 0.332898 0.918525 0.360902 0.905983
0.267912 0.358681 0.921917 0.366783 0.908634
0.293930 0.393824 0.926300 0.374813 0.912186
0.324243 0.436658 0.931817 0.384627 0.916791
0.357155 0.486157 0.938261 0.396001 0.922295
0.394562 0.539665 0.946015 0.408337 0.928999
0.436977 0.595051 0.955064 0.421151 0.936897
0.487994 0.648750 0.965920 0.433617 0.946459
0.549955 0.697361 0.978699 0.444939 0.957905
0.610739 0.742789 0.989927 0.455545 0.968494
0.630863 0.800688 0.989179 0.469098 0.969274
0.661317 0.849774 0.988597 0.480627 0.970534
0.699606 0.888997 0.551520 0.020644 0.539775
0.742107 0.918360 0.550904 0.046405 0.541681
0.784635 0.938863 0.550199 0.068397 0.543666
0.822835 0.952145 0.549418 0.086192 0.545489
0.853132 0.960036 0.548690 0.099368 0.546983
0.872876 0.964064 0.548194 0.107535 0.548020
