0.889821 0.968014 0.547770 0.114223 0.548888
0.889214 0.967686 0.547872 0.113833 0.548929
0.887498 0.966716 0.548167 0.112719 0.549047
0.884854 0.965095 0.548632 0.110966 0.549231
0.881482 0.962789 0.549250 0.108663 0.549468
0.877591 0.959761 0.550001 0.105896 0.549745
0.873383 0.955981 0.550861 0.102752 0.550051
0.869046 0.951451 0.551812 0.099315 0.550373
0.864752 0.946189 0.552833 0.095666 0.550700
0.860638 0.940263 0.553901 0.091883 0.551022
0.856819 0.933766 0.554996 0.088041 0.551331
0.853354 0.926844 0.556091 0.084218 0.551615
0.850209 0.919692 0.557142 0.080499 0.551818
0.847705 0.912400 0.558203 0.076910 0.552103
0.845543 0.905296 0.559178 0.073568 0.552301
0.843807 0.898581 0.560069 0.070530 0.552466
0.842636 0.892424 0.560899 0.067833 0.552635
0.841673 0.887249 0.561558 0.065624 0.552740
0.841022 0.883244 0.562061 0.063947 0.552816
0.840644 0.880671 0.562380 0.062883 0.552862
0.840518 0.879764 0.562492 0.062511 0.552877
0.839431 0.878662 0.562460 0.062044 0.552820
0.836336 0.875482 0.562366 0.060705 0.552654
0.831506 0.870402 0.562215 0.058592 0.552394
0.825045 0.863671 0.561961 0.055847 0.552041
0.817570 0.855273 0.561697 0.052482 0.551631
0.809240 0.845433 0.561392 0.048628 0.551171
0.800344 0.834319 0.561055 0.044380 0.550677
0.791173 0.822106 0.560700 0.039825 0.550165
0.781936 0.809030 0.560327 0.035069 0.549646
0.772793 0.795344 0.559934 0.030221 0.549104
0.764257 0.781213 0.559613 0.025290 0.548651
0.756091 0.767081 0.559270 0.020480 0.548190
0.748378 0.753320 0.995435 0.458033 0.980171
0.741674 0.740053 0.995165 0.454926 0.979794
0.735507 0.727925 0.994851 0.452089 0.979432
0.730575 0.717015 0.994661 0.449540 0.979162
0.726512 0.707916 0.994485 0.447414 0.978932
0.723348 0.701033 0.994314 0.445807 0.978745
0.721448 0.696607 0.994227 0.444774 0.978636
0.720794 0.695052 0.994198 0.444411 0.978599
0.720667 0.695876 0.994111 0.444604 0.978582
0.720312 0.698218 0.993862 0.445150 0.978534
0.719888 0.701803 0.993499 0.445987 0.978466
0.719200 0.706524 0.992979 0.447090 0.978348
0.718456 0.712068 0.992360 0.448385 0.978196
0.717715 0.718197 0.991664 0.449818 0.978009
0.716952 0.724718 0.990890 0.451343 0.977772
0.716412 0.731332 0.990111 0.452890 0.977520
0.715996 0.737910 0.989310 0.454430 0.977233
0.715739 0.744261 0.988507 0.455918 0.976912
0.715542 0.750244 0.987688 0.457321 0.976542
0.715679 0.755862 0.986943 0.458639 0.976212
0.715903 0.760873 0.986226 0.459815 0.975850
0.716250 0.765273 0.985566 0.460849 0.975493
0.716631 0.768987 0.984964 0.461722 0.975135
0.717104 0.772074 0.984458 0.462448 0.974827
0.717599 0.774517 0.547521 0.038309 0.542150
0.717980 0.776257 0.547211 0.039696 0.541944
0.718238 0.777322 0.547016 0.040574 0.541810
0.718332 0.777686 0.546948 0.040881 0.541764
0.718332 0.777686 0.546948 0.040881 0.541764
0.718332 0.777686 0.546948 0.040881 0.541764
0.718332 0.777686 0.546948 0.040881 0.541764
0.718332 0.777686 0.546948 0.040881 0.541764
0.718332 0.777686 0.546948 0.040881 0.541764
0.718332 0.777686 0.546948 0.040881 0.541764
0.718332 0.777686 0.546948 0.040881 0.541764
0.718332 0.777686 0.546948 0.040881 0.541764
0.718332 0.777686 0.546948 0.040881 0.541764
0.718332 0.777686 0.546948 0.040881 0.541764
0.718332 0.777686 0.546948 0.040881 0.541764
0.718332 0.777686 0.546948 0.040881 0.541764
0.718332 0.777686 0.546948 0.040881 0.541764
0.718332 0.777686 0.546948 0.040881 0.541764
0.718332 0.777686 0.546948 0.040881 0.541764
0.718332 0.777686 0.546948 0.040881 0.541764
0.718332 0.777686 0.546948 0.040881 0.541764
0.718332 0.777686 0.546948 0.040881 0.541764
0.718332 0.777686 0.546948 0.040881 0.541764
0.718332 0.777686 0.546948 0.040881 0.541764
0.718332 0.777686 0.546948 0.040881 0.541764
0.718332 0.777686 0.546948 0.040881 0.541764
0.718332 0.777686 0.546948 0.040881 0.541764
0.718332 0.777686 0.546948 0.040881 0.541764
0.718332 0.777686 0.546948 0.040881 0.541764
0.718332 0.777686 0.546948 0.040881 0.541764
0.718332 0.777686 0.546948 0.040881 0.541764
0.718332 0.777686 0.546948 0.040881 0.541764
0.718332 0.777686 0.546948 0.040881 0.541764
0.718332 0.777686 0.546948 0.040881 0.541764
0.718332 0.777686 0.546948 0.040881 0.541764
0.718332 0.777686 0.546948 0.040881 0.541764
0.718332 0.777686 0.546948 0.040881 0.541764
0.718332 0.777686 0.546948 0.040881 0.541764
0.718332 0.777686 0.546948 0.040881 0.541764
0.718332 0.777686 0.546948 0.040881 0.541764
0.718332 0.777686 0.546948 0.040881 0.541764
0.718332 0.777686 0.546948 0.040881 0.541764
0.718332 0.777686 0.546948 0.040881 0.541764
