0.616449 0.543723 0.985955 0.409274 0.969035
0.616600 0.543415 0.985984 0.409203 0.969015
0.617025 0.542522 0.986066 0.408996 0.968958
0.617009 0.541370 0.986046 0.408730 0.968741
0.617821 0.539385 0.986201 0.408272 0.968602
0.618045 0.537184 0.986225 0.407764 0.968296
0.618281 0.534489 0.986252 0.407141 0.967940
0.619093 0.531046 0.986401 0.406347 0.967635
0.618815 0.527604 0.986320 0.405552 0.967112
0.618810 0.523589 0.986301 0.404626 0.966609
0.618092 0.519491 0.986137 0.403681 0.965977
0.617775 0.514892 0.986063 0.402620 0.965403
0.616593 0.510455 0.985816 0.401597 0.964704
0.615336 0.505957 0.985561 0.400561 0.964013
0.613601 0.501728 0.985214 0.399586 0.963285
0.612160 0.497598 0.984932 0.398635 0.962641
0.610377 0.494040 0.984584 0.397816 0.962006
0.609055 0.490899 0.984332 0.397092 0.961500
0.608325 0.488322 0.984197 0.396499 0.961150
0.607547 0.486794 0.984050 0.396148 0.960887
0.606796 0.486469 0.983901 0.396072 0.960734
0.603011 0.486499 0.983224 0.396079 0.960005
0.590444 0.487190 0.980936 0.396239 0.957704
0.570908 0.487649 0.977387 0.396344 0.954124
0.545550 0.487147 0.972785 0.396229 0.949481
0.514143 0.485516 0.967061 0.395853 0.943821
0.478817 0.481643 0.960609 0.394962 0.937487
0.439066 0.475680 0.953296 0.393590 0.930498
0.397101 0.466840 0.945535 0.391558 0.923205
0.352990 0.455459 0.937323 0.388943 0.915702
0.308917 0.441229 0.929086 0.385675 0.908327
0.263979 0.425326 0.920671 0.382028 0.901062
0.220097 0.407935 0.912476 0.378043 0.894194
0.177624 0.390009 0.904601 0.373941 0.887819
0.137889 0.372143 0.897318 0.369857 0.882111
0.100484 0.355746 0.890564 0.366113 0.877043
0.067447 0.341085 0.884700 0.362768 0.872794
0.039433 0.329006 0.879809 0.360015 0.869381
0.018625 0.319515 0.003164 0.357854 0.002085
0.005040 0.313657 0.000854 0.356520 0.000552
0.000000 0.311757 0.000000 0.356088 0.000000
0.000998 0.311982 0.000165 0.356139 0.000069
0.003084 0.313014 0.000502 0.356374 0.000202
0.007346 0.314067 0.001207 0.356614 0.000504
0.011953 0.315885 0.001960 0.357027 0.000830
0.017227 0.318060 0.002823 0.357522 0.001219
0.022822 0.320542 0.003739 0.358088 0.001650
0.028427 0.323272 0.877726 0.358709 0.866957
0.033773 0.326184 0.878601 0.359372 0.867413
0.038507 0.329285 0.879374 0.360079 0.867836
0.042567 0.332452 0.880035 0.360800 0.868217
0.046666 0.335225 0.880708 0.361432 0.868630
0.050053 0.337889 0.881264 0.362040 0.868991
0.052612 0.340443 0.881681 0.362622 0.869279
0.054525 0.342771 0.881990 0.363153 0.869508
0.056573 0.344497 0.882327 0.363546 0.869765
0.057477 0.346236 0.882470 0.363943 0.869890
0.058609 0.347364 0.882656 0.364200 0.870046
0.059119 0.348301 0.882736 0.364414 0.870124
0.059274 0.348938 0.882759 0.364559 0.870153
0.059321 0.349157 0.882765 0.364609 0.870162
0.060348 0.350873 0.882936 0.365001 0.870287
0.063975 0.355626 0.883550 0.366085 0.870741
0.069280 0.363618 0.884462 0.367910 0.871420
0.075953 0.374769 0.885640 0.370457 0.872307
0.084347 0.388698 0.887173 0.373641 0.873476
0.094170 0.405321 0.889041 0.377445 0.874918
0.104522 0.424797 0.891109 0.381907 0.876537
0.115942 0.446673 0.893506 0.386925 0.878433
0.128403 0.470753 0.896255 0.392457 0.880624
0.140595 0.497312 0.899119 0.398569 0.882925
0.154060 0.525540 0.902413 0.405077 0.885577
0.167795 0.555583 0.905941 0.412017 0.888421
0.183353 0.260646 0.473487 0.344480 0.459280
0.199746 0.228414 0.477894 0.337179 0.462829
0.218272 0.195726 0.482879 0.329792 0.466843
0.238892 0.162845 0.488380 0.322376 0.471286
0.262860 0.130484 0.494603 0.315095 0.476344
0.291459 0.099399 0.501746 0.308115 0.482207
0.325130 0.070132 0.509777 0.301556 0.488902
0.364459 0.043342 0.518670 0.295562 0.496468
0.410053 0.019759 0.528394 0.290293 0.504954
0.461949 0.000000 0.538797 0.285881 0.514311
0.520650 0.862439 0.549893 0.936425 0.524609
0.571169 0.877272 0.558093 0.945684 0.532889
0.588351 0.901597 0.557719 0.964458 0.533993
0.608804 0.923067 0.557298 0.982614 0.535168
0.632079 0.941487 0.556838 1.000000 0.536386
0.657555 0.956883 0.556333 0.000000 0.537639
0.684459 0.969376 0.555769 0.015631 0.538898
0.711953 0.979176 0.555141 0.030272 0.540128
0.739357 0.986574 0.554487 0.043833 0.541357
0.765715 0.991912 0.553778 0.056249 0.542503
0.790399 0.995562 0.553050 0.067434 0.543567
0.812992 0.997837 0.552372 0.077282 0.544590
0.832802 0.999151 0.551713 0.085769 0.545478
0.849378 0.999837 0.551080 0.092847 0.546181
0.862934 1.000000 0.550626 0.098403 0.546866
0.872748 0.999993 0.550251 0.102454 0.547334
0.878782 0.999921 0.550015 0.104931 0.547626
