28.832243 8.747393 48.872837 -12.428418 44.127228 25.847994 -30.210445 -13.654364 7.374513 15.228892 14.539959 14.651298 18.994335 -12.230549 27.493286 42.139919 -36.814728 -24.259703 -3.167683 21.838236 17.381317 17.521931 30.133900 -20.863216 39.780247 32.936382 -28.138197 1.553997 -7.896714 10.461838
28.666037 9.980155 47.534962 -13.271523 42.742798 25.697607 -29.619473 -14.165407 6.866481 14.989709 14.091686 15.092313 18.660765 -13.094232 26.662931 41.588661 -35.261902 -24.953806 -3.760933 21.691053 17.028927 17.326832 29.382553 -21.574789 38.953888 31.841251 -26.894722 0.331489 -8.586333 10.282046
29.528515 10.218488 43.927765 -14.414102 39.543797 25.622953 -29.208778 -14.843805 6.182532 13.911377 14.455146 15.217853 16.792690 -14.475976 24.288164 41.271118 -33.158241 -25.822294 -4.793529 21.033804 17.808329 15.394656 27.876455 -22.987629 35.896549 31.508793 -25.613787 -1.260574 -9.750263 9.691955
31.023428 10.707723 38.879025 -15.823617 35.825905 26.246513 -29.285810 -14.540269 5.850563 12.846657 15.571354 15.022432 13.074178 -15.599337 20.547396 40.629559 -30.671839 -27.130562 -6.055586 20.955599 19.465178 13.534416 25.918056 -25.176643 31.861841 31.999527 -24.631464 -2.832558 -11.051567 9.071825
35.258209 10.048328 31.688520 -15.433509 31.134043 27.517555 -30.790346 -13.164540 6.351608 12.211513 19.253904 14.923108 7.982541 -16.196510 15.249889 40.718922 -27.981867 -28.571926 -6.340691 19.270506 22.819929 10.601210 22.099291 -26.608818 25.617470 32.882782 -23.159468 -4.742671 -12.293137 8.888209
38.893120 10.427451 25.960262 -15.525630 25.858360 26.295992 -29.569866 -12.879749 6.663239 11.520583 22.937597 16.907162 5.700072 -17.281845 11.204326 38.390240 -23.487246 -30.348986 -5.982972 17.148447 26.299212 10.797585 20.500160 -27.692780 21.036560 31.188055 -20.261545 -7.500386 -14.107937 9.538949
42.247257 8.912002 22.756460 -16.069487 21.350182 23.904636 -28.140615 -15.578651 5.981531 7.573298 26.445446 18.430862 6.330081 -18.705368 7.994363 35.327560 -18.985273 -34.082714 -6.649670 13.250650 28.897470 12.365572 21.510574 -30.870491 17.922626 27.709377 -17.122822 -11.825994 -16.489468 7.202984
43.093544 8.189696 22.136570 -17.919828 18.556789 20.464600 -25.870981 -18.828377 5.463733 3.264396 28.634165 19.178400 7.660206 -19.811434 4.812441 31.631428 -15.389179 -38.027489 -6.416716 9.326326 31.211821 13.151726 21.969742 -33.846657 14.889729 23.278067 -12.807818 -13.942920 -17.964500 4.581104
45.466389 7.567060 22.254475 -19.325674 15.694382 17.850418 -23.359350 -20.009672 4.924338 -0.353059 32.457478 19.427744 9.376996 -20.069647 2.394583 29.123013 -12.627230 -39.845192 -6.738782 6.526294 33.035812 14.109097 23.305798 -35.573429 13.074145 20.384935 -10.011110 -15.271696 -18.874891 2.492838
46.171642 7.725589 21.618660 -19.597288 14.453383 16.780895 -22.153891 -20.292242 5.581474 -2.547286 34.547581 19.583353 9.845197 -19.950121 1.614745 27.439548 -11.082024 -40.847355 -7.116026 5.759418 34.442341 13.862287 22.398470 -36.575222 11.123816 19.030111 -8.304309 -16.144035 -19.557579 1.358539
45.536366 7.547912 21.386402 -19.383165 15.007863 16.840246 -21.641638 -20.037689 5.889011 -2.067078 34.142437 19.699581 9.756616 -20.093555 1.981702 27.711517 -10.811395 -40.043133 -6.643565 5.699395 33.768681 14.148904 22.042595 -36.411095 11.504660 18.901405 -8.297252 -15.664554 -19.052505 1.394500
39.232349 5.287531 18.047632 -16.544128 20.783966 18.467789 -18.654390 -17.228029 8.120983 2.201081 28.156982 19.410288 8.815136 -22.607267 6.722322 30.091677 -8.845428 -31.813101 -2.439670 5.990317 28.357086 13.298075 16.325071 -34.786026 14.478604 19.308529 -9.125763 -10.622563 -15.013065 2.149962
29.457409 5.840034 15.430640 -17.324614 26.347736 19.871859 -9.801819 -8.246780 11.991439 4.933712 21.930643 16.195936 6.943863 -22.748837 16.081165 31.389196 -5.478834 -17.740595 0.954540 9.539808 18.417376 10.497403 8.435242 -32.463253 18.720688 19.617361 -8.967547 -3.597962 -9.146942 3.679156
17.846558 7.337037 20.244562 -22.039799 32.313812 15.850502 -2.456909 -3.303817 16.307459 1.686087 11.790297 11.615770 15.959058 -21.031273 32.861004 30.801994 -4.143409 -4.854366 3.561046 11.047690 6.462498 9.521382 9.579424 -28.561853 32.713684 17.049292 -10.141585 5.049779 -1.353078 3.126920
3.056480 2.840124 24.395857 -30.657391 35.968426 9.620918 11.228940 5.029932 16.348524 3.619245 3.251690 -0.212643 21.882315 -15.909183 48.634716 20.608950 -2.403199 3.059928 3.843962 16.238323 -0.145469 3.944131 13.709356 -20.460835 49.889378 5.421333 -7.236073 15.530586 6.207372 4.836524
0.337986 -12.909874 28.118519 -24.979382 40.301636 2.294991 17.443123 8.782560 12.125230 16.826735 2.875689 -10.148030 23.905783 -13.739115 52.538155 14.050217 2.965431 10.396291 0.083384 24.108702 -0.388493 -5.137820 13.069954 -16.736752 54.834797 -6.264808 -2.629068 22.510881 0.672055 13.147088
11.445388 -10.409348 27.511810 -20.410889 35.652287 -7.150650 17.566347 5.907513 5.016181 25.149401 15.988119 -6.284780 22.851763 -18.345045 41.101582 6.381695 13.540789 12.571287 -8.277067 26.451826 10.375557 -0.033298 18.237171 -23.431290 40.924301 -8.644713 7.256088 19.159962 -6.488265 21.608742
22.131653 5.914318 18.941732 -21.931141 23.743601 -14.413775 24.599321 5.947772 6.590172 24.612217 28.445673 12.819598 17.841862 -15.450261 32.957642 0.547370 7.369183 10.915090 -9.373303 34.705460 14.805060 8.180182 13.861701 -30.873991 21.448118 -10.731812 23.560993 11.272485 -0.501579 26.943392
22.866550 13.446506 3.628882 -19.541555 17.648067 -20.067184 30.205790 8.754486 16.886568 26.942070 29.174932 25.544729 6.816769 -14.883888 23.847494 -4.796113 13.943744 9.786293 0.645377 38.968803 14.304471 13.208510 1.782290 -33.556309 11.108100 -18.040009 31.207462 8.308465 5.129869 28.471394
20.015450 18.134298 -10.599792 -20.092947 12.275627 -23.385199 32.463741 10.750122 22.079611 27.710594 28.592566 28.147276 -4.181024 -15.973505 19.585793 -11.509103 20.258358 9.947877 6.267588 38.972435 11.757984 11.657376 -7.457190 -33.589146 7.465059 -24.888685 35.627777 5.685245 9.182431 27.194620
20.128168 18.401007 -12.358250 -20.062302 11.521399 -23.444672 32.519077 10.993826 22.801186 27.196178 28.755129 28.109133 -5.679159 -15.822618 18.671667 -12.513620 21.314678 9.288526 7.038790 38.347221 11.791852 10.977120 -8.880902 -33.470772 6.848071 -25.569201 35.922764 5.254306 9.603149 26.889023
21.038498 18.309505 -12.416091 -19.735624 11.101631 -24.016186 32.460476 10.495938 22.574291 27.287422 29.272812 27.756672 -5.266764 -15.715701 18.438093 -13.122095 21.978579 8.890174 6.672479 38.439377 12.483699 11.255596 -8.565379 -33.039036 6.997695 -25.996048 36.044628 5.093471 9.900681 26.930969
22.710554 18.087027 -11.939586 -18.892620 10.661528 -24.905529 32.407402 9.609752 22.261417 27.615543 30.481327 26.659678 -4.302542 -15.275896 18.456387 -14.017365 22.920372 8.851743 5.889151 38.549843 14.489618 11.349735 -8.090264 -32.255527 7.007429 -26.557375 36.137459 5.218417 10.038493 27.228525
24.789335 17.740761 -11.448050 -17.351263 10.169860 -26.643591 31.974304 7.330841 21.801729 27.575882 32.191002 25.098429 -2.874865 -13.944728 18.335743 -16.077183 24.640909 7.533220 5.497037 37.747879 16.685249 11.240101 -7.473655 -31.341125 6.979619 -27.532528 36.061241 4.398475 9.829340 27.130295
27.723518 17.456636 -11.257005 -15.813574 9.043486 -28.222902 31.819742 4.992337 21.139900 27.807117 34.187138 23.947174 -0.741895 -13.644083 17.892439 -17.786018 26.970060 6.959983 4.360942 37.208420 19.765879 11.090145 -6.220325 -29.814266 7.060807 -28.307806 35.342926 2.910170 9.386559 26.903019
30.449100 17.283131 -9.527608 -14.139642 8.638398 -30.219028 31.044598 1.608917 19.561440 28.010807 36.165638 22.505182 1.965132 -12.645995 17.461311 -20.620113 29.415361 4.975018 3.473375 36.083565 22.685701 11.191727 -4.098170 -28.000544 7.750573 -29.660082 34.543385 1.216977 9.041652 26.459221
32.578602 17.210608 -8.465678 -13.467083 7.737979 -31.672081 31.002047 -0.719024 17.842588 28.032270 37.211670 21.248894 3.418077 -12.347469 16.073875 -22.841793 31.691887 2.600405 1.843234 35.629623 24.961868 10.494810 -2.759268 -26.469122 8.331001 -30.918774 34.200623 0.035738 8.364420 26.158424
33.949696 17.147118 -7.504354 -13.445228 5.983276 -33.287064 30.866364 -3.755131 15.554722 27.442150 38.423656 20.207294 5.342656 -11.676828 15.252599 -24.293209 33.062645 0.534644 0.610545 35.260132 27.351860 10.154500 -1.231743 -25.312054 8.569134 -32.146851 34.016685 -1.547812 7.447324 25.666805
34.462704 17.446117 -6.955352 -12.916873 5.131735 -34.643654 30.723484 -5.948050 14.228790 27.303919 39.394932 19.489040 7.832142 -10.536848 15.836781 -26.163347 34.242104 -1.023231 0.271608 34.595539 28.585709 10.084734 -0.798319 -24.374529 8.539600 -33.227844 33.867962 -2.675208 6.992767 25.511486
35.038288 17.768509 -6.578455 -12.734843 4.626453 -35.273666 30.647411 -6.816515 13.592835 27.198523 40.094639 18.724464 9.030686 -10.173557 15.843325 -26.891672 35.028370 -1.924620 -0.294387 34.000103 29.025549 9.991077 -0.332814 -23.997028 8.659576 -33.781162 33.830956 -3.480054 6.628962 25.491302
35.215397 17.725693 -6.349802 -12.672903 4.704916 -35.261036 30.549124 -6.845044 13.424963 27.209621 40.241722 18.561935 9.192498 -10.120846 15.890829 -26.730619 34.935738 -1.849293 -0.423279 34.016014 29.143581 9.969405 -0.152408 -24.015629 8.667933 -33.749371 33.776756 -3.501447 6.446232 25.508518
35.769329 17.186699 -5.433640 -12.638692 5.182526 -34.699322 30.385012 -6.373754 12.858002 27.416063 40.577309 18.371336 9.622275 -10.098927 16.151522 -25.761435 33.983166 -1.248357 -1.034424 34.686962 29.816566 9.891119 0.407665 -24.484007 8.294381 -32.814243 33.529327 -2.868593 5.734169 25.948788
36.933338 16.182201 -3.508285 -12.545840 6.238865 -33.435993 29.515108 -5.246964 11.607540 28.272869 41.433178 17.491430 10.424588 -9.981127 16.604530 -24.250738 32.281857 -0.289469 -2.203139 35.439137 30.773794 9.796427 1.553736 -25.034439 8.113889 -31.287724 32.767490 -1.831540 4.420073 26.794603
38.770367 14.580537 -0.762616 -12.715427 7.504817 -31.650900 28.387682 -3.486999 9.939062 28.594595 42.919472 15.962131 10.964646 -9.949874 17.475973 -21.860651 29.172564 1.735285 -4.180985 36.458160 32.129208 9.000571 2.856476 -25.239594 8.408265 -29.313301 31.879839 0.167882 2.990883 27.469393
40.303783 11.711690 2.016818 -12.812936 9.196321 -29.421940 27.334373 -0.977921 7.974728 28.900259 44.481258 13.919845 11.380967 -9.856190 18.431368 -19.325947 26.227133 3.704048 -6.000339 36.868160 33.597191 7.761923 4.249470 -25.931643 8.903226 -26.865946 31.170767 2.814753 1.315476 26.570280
41.084827 9.033342 5.376604 -13.192665 11.151083 -27.318657 26.011930 1.073834 6.210338 28.412210 45.346252 11.774826 11.669350 -9.719069 19.907133 -16.217007 22.303551 6.113983 -7.477069 36.349968 34.467808 6.540425 6.404948 -26.571989 9.882327 -24.467745 30.024038 4.885839 -0.481367 25.555340
41.757294 6.069665 7.660026 -13.870857 13.631289 -25.139053 24.541779 4.966674 4.267370 27.466406 46.816776 9.068859 10.765751 -9.280861 21.792650 -13.604530 18.208296 9.756315 -8.684716 35.591995 34.758827 3.980083 7.350187 -26.808472 11.273531 -22.067493 27.725756 7.820947 -2.541340 24.518085
38.006462 -4.067562 11.328167 -19.215771 10.880525 -20.174417 28.000647 5.782271 2.339246 26.176523 44.732281 -0.002389 12.534691 -10.809890 19.008305 -3.814262 18.260710 9.057842 -10.650511 36.811447 37.989384 4.649116 4.311570 -21.323034 18.092010 -19.614452 17.430944 19.120768 -0.600353 22.514729
38.009338 -10.093269 13.224443 -18.079958 14.664492 -16.959314 27.688349 10.073319 3.674349 23.079033 44.153439 -5.164405 12.573979 -11.690311 21.128681 0.484439 17.360449 13.206468 -10.906549 34.789581 38.206821 1.303026 4.561570 -18.697411 21.866014 -15.647130 14.891494 23.791689 0.498380 21.215206
38.830872 -14.518297 13.932824 -16.653358 17.401487 -12.577482 25.650063 14.534147 6.118750 21.375669 44.104580 -9.200789 11.928848 -12.804942 22.198711 5.089539 17.814209 17.209558 -9.580477 31.191137 39.130955 -2.731590 4.075994 -15.415977 25.262634 -11.564282 12.261619 28.047621 1.980802 19.116766
36.757168 -20.820232 12.274550 -14.713708 19.996515 -8.369802 24.466791 16.497288 7.155148 21.182144 42.303204 -13.558476 10.762131 -14.227000 22.834454 10.314216 20.001862 19.163290 -8.830133 26.569035 37.488476 -8.446914 1.702751 -14.025653 28.217295 -9.853903 9.920615 29.980785 0.706857 17.281729
36.957661 -25.920860 12.233524 -13.282197 20.541063 -3.510771 22.114422 16.648556 9.878599 19.907162 43.288628 -16.045319 10.703644 -12.717906 23.822487 16.580006 17.828917 20.198460 -5.251432 22.747057 36.827988 -13.143624 0.089943 -11.948701 30.405533 -7.135870 6.631469 31.626711 1.641318 14.843439
36.165871 -29.525616 13.198662 -13.482586 19.865044 1.523198 21.587204 16.467817 11.859137 18.364532 42.869057 -18.154045 9.980116 -10.834154 24.968870 21.787088 14.428540 20.260700 -2.860022 21.336435 36.293789 -15.773562 -0.895063 -10.628535 32.460350 -4.793509 4.308285 32.995018 2.275893 12.270192
36.316666 -31.698782 12.975344 -14.673758 18.147917 6.887733 19.726103 16.439512 12.679763 17.179121 43.113613 -19.999777 8.181088 -9.948093 25.356081 26.747004 11.215676 20.865274 -1.685650 19.922697 36.258877 -18.500027 -2.663749 -10.080970 33.051735 -1.920042 2.630377 34.242313 3.420495 8.551173
36.474792 -33.087639 11.395164 -16.439976 16.554268 11.345630 17.132891 17.169569 12.533545 15.822555 42.705112 -23.845617 5.575196 -8.972762 26.226669 29.345654 8.980051 21.771231 -0.320725 18.125013 35.740963 -20.822500 -4.835880 -10.037899 33.214077 0.811038 0.355797 35.365097 4.359832 6.215167
35.388649 -33.945393 8.983444 -17.725336 15.519142 14.246955 15.427808 18.096758 12.835569 15.235467 41.335052 -26.638601 2.705550 -8.868516 26.763670 30.571955 8.017652 22.380861 0.945843 16.193037 34.267551 -22.141796 -6.836940 -10.324974 33.119255 3.713066 -2.100663 36.001171 5.392136 4.976212
34.685619 -34.425877 7.005196 -18.338215 15.624552 16.424578 14.015313 19.449482 13.515108 13.974353 40.623287 -28.795887 0.324212 -8.851361 27.175241 31.400923 7.194591 22.873278 2.074270 14.091571 33.380539 -23.330540 -8.355822 -11.220366 32.010242 6.295385 -3.823262 36.017750 5.692482 4.476444
33.922470 -34.646656 5.760063 -18.911913 15.594666 18.406549 12.691118 20.133587 14.076885 13.188581 39.775909 -29.681505 -1.687534 -8.844737 27.332079 31.671576 6.891461 23.195021 3.195662 12.781854 32.107574 -24.143133 -9.559626 -12.242799 31.306572 8.107363 -4.871644 36.118336 5.952531 4.227407
33.727592 -34.363567 4.580574 -19.655338 15.044444 19.749689 12.037993 20.602663 14.330189 12.835523 39.355656 -29.803556 -3.218801 -9.086329 26.984329 31.691486 7.279620 23.134033 3.915697 11.667508 31.147421 -24.828531 -10.699637 -13.134673 30.499956 9.064065 -5.065301 36.120495 5.966264 4.188336
33.325874 -34.555843 3.929252 -20.024477 14.897534 20.388485 11.910666 20.847267 14.480042 12.633046 39.104565 -30.125999 -4.007617 -9.306561 26.792616 31.635803 7.783240 23.170816 4.235024 11.025942 30.430309 -25.420771 -11.526196 -13.569165 30.038200 9.520913 -4.974211 36.256268 6.127092 4.220675
