28.832243 8.747393 48.872837 -12.428418 44.127228 25.847994 -30.210445 -13.654364 7.374513 15.228892 15.261046 16.800993 10.497533 -20.262413 31.788174 27.796654 -45.453846 -19.241148 -17.389032 16.326399 17.216192 14.027173 38.505863 -13.595513 39.535492 40.929420 -19.481915 -3.064614 1.742451 15.462779
29.233379 8.762153 47.940746 -12.525577 43.328598 25.914066 -30.292875 -13.967729 7.237756 14.935387 15.474230 16.828114 9.922370 -20.485779 31.251577 27.769001 -45.148617 -19.467447 -17.698433 16.137650 17.482889 13.488456 37.889381 -13.780765 38.751030 40.840015 -19.174166 -3.571189 1.621606 15.118652
28.666037 9.980155 47.534962 -13.271523 42.742798 25.697607 -29.619473 -14.165407 6.866481 14.989709 14.844776 17.465338 10.009051 -21.337917 30.862093 27.197559 -44.002354 -19.957098 -18.180727 16.125729 16.817627 13.903882 37.838646 -14.340554 38.574081 40.009052 -18.077976 -4.314898 1.155220 15.272994
29.056953 10.185288 45.763580 -13.718286 41.194344 25.615755 -29.322863 -14.441373 6.680216 14.532488 14.995896 17.659643 9.059196 -22.070942 29.865780 26.938116 -42.931366 -20.207079 -18.536169 15.652553 17.079201 13.104104 37.138783 -14.928448 37.186462 39.895813 -17.485712 -5.112015 0.721402 15.040335
29.528515 10.218488 43.927765 -14.414102 39.543797 25.622953 -29.208778 -14.843805 6.182532 13.911377 15.337916 17.906063 7.959116 -22.985954 28.461561 26.764753 -41.973866 -20.661243 -19.339054 15.174321 17.526323 11.996044 36.399952 -15.712139 35.345829 39.866825 -16.664330 -6.074201 0.151457 14.712676
29.819740 11.215946 42.379196 -15.226806 38.273766 25.623751 -28.990105 -14.999315 5.966670 13.521946 15.296697 18.263212 6.832762 -23.712528 27.427944 26.037916 -40.802452 -21.348295 -20.100702 15.076933 17.692869 11.917487 36.044067 -16.799736 33.923428 40.000027 -16.044350 -7.023364 -0.582752 14.881820
31.023428 10.707723 38.879025 -15.823617 35.825905 26.246513 -29.285810 -14.540269 5.850563 12.846657 16.528696 17.600893 4.195861 -24.345053 25.112177 25.815508 -39.544926 -21.330685 -20.699553 14.724355 19.080929 10.236187 34.549091 -18.016150 30.861021 40.721596 -15.626996 -8.073627 -1.197306 14.508382
32.863930 10.252782 35.687038 -15.628320 33.801216 26.841702 -30.008829 -14.075150 5.941562 12.818532 18.213692 17.416382 1.626645 -24.766058 22.609425 25.446184 -38.369808 -21.794378 -21.501114 14.139882 20.550535 8.594265 32.983105 -19.067053 27.406277 41.033009 -14.541622 -9.561698 -2.117422 14.565886
35.258209 10.048328 31.688520 -15.433509 31.134043 27.517555 -30.790346 -13.164540 6.351608 12.211513 20.176399 17.360693 -1.188810 -25.193352 20.088572 25.022709 -36.983479 -22.619438 -21.480461 12.700000 22.481977 7.014647 30.975700 -19.518503 24.206152 41.672539 -13.960555 -10.567579 -2.643721 14.789462
37.061291 10.765466 29.251028 -15.615372 29.000847 27.531836 -30.801891 -12.516895 6.593136 12.145458 21.845026 18.247805 -2.688257 -25.591988 18.336491 23.954050 -35.302856 -23.343632 -21.600010 12.007212 24.378410 6.784119 29.674278 -20.177816 21.429560 41.546005 -12.811922 -11.753014 -3.448489 15.469712
38.893120 10.427451 25.960262 -15.525630 25.858360 26.295992 -29.569866 -12.879749 6.663239 11.520583 23.890564 19.203331 -3.780116 -26.459974 15.949923 22.343903 -32.427071 -24.337067 -21.579330 10.525178 25.959541 7.167150 29.445719 -20.889561 19.100439 40.064968 -10.636500 -13.584696 -4.273828 15.493521
40.788631 9.520068 23.832333 -15.770212 23.153233 25.221384 -28.715397 -14.187786 6.286345 9.668938 25.689924 20.165833 -3.886510 -27.509884 14.078287 20.614077 -29.567175 -26.044909 -21.742947 8.507756 27.080643 7.671459 30.234612 -22.372356 17.481546 38.151054 -8.566977 -15.841496 -5.138829 14.169789
42.247257 8.912002 22.756460 -16.069487 21.350182 23.904636 -28.140615 -15.578651 5.981531 7.573298 27.605015 21.075018 -3.311090 -28.204187 12.495507 19.406164 -27.939878 -28.190071 -22.475595 6.467239 28.467571 8.468457 30.594818 -24.074121 15.820946 36.861797 -6.947235 -17.751186 -6.233619 13.089814
42.769077 8.461877 22.236549 -17.010164 19.679018 22.192226 -27.111145 -17.385441 5.394717 5.795620 29.080679 21.585138 -2.472660 -28.913742 10.755265 17.588999 -26.072483 -30.507185 -22.751490 4.351917 29.369644 8.720835 30.973406 -25.644806 14.425590 34.398861 -4.513092 -18.947926 -7.154087 12.259070
43.093544 8.189696 22.136570 -17.919828 18.556789 20.464600 -25.870981 -18.828377 5.463733 3.264396 29.876101 21.599707 -1.956297 -29.448183 9.266554 15.498568 -24.096428 -32.150970 -22.420139 2.373060 30.644497 9.216931 31.424761 -26.889647 12.921705 32.696117 -2.261989 -19.950506 -7.325433 10.690489
44.554306 7.818876 22.284363 -18.636208 17.095976 19.227362 -24.931063 -19.472761 5.124447 1.401820 31.290636 21.747988 -0.977600 -29.580017 8.225992 13.971249 -22.567665 -33.181084 -22.632381 0.845897 31.528605 10.117538 32.469231 -27.884758 11.778558 31.491749 -0.983684 -20.902098 -7.894110 10.058660
45.466389 7.567060 22.254475 -19.325674 15.694382 17.850418 -23.359350 -20.009672 4.924338 -0.353059 33.694790 21.653902 -0.339837 -29.797075 6.851647 12.785702 -21.228731 -33.900440 -22.877483 -0.445456 32.439365 10.256459 32.956615 -28.373341 11.262558 30.008558 0.513907 -21.415489 -8.095504 8.810277
45.923500 7.677577 22.302975 -19.536263 15.143647 17.158953 -22.663721 -20.205950 5.170468 -1.752008 34.989338 21.779100 -0.145614 -29.663445 6.485381 11.732497 -20.089621 -34.458405 -23.194708 -0.925682 33.315956 10.059846 32.864277 -28.707535 10.570633 29.111139 1.492202 -22.007011 -8.530663 7.901749
46.171642 7.725589 21.618660 -19.597288 14.453383 16.780895 -22.153891 -20.292242 5.581474 -2.547286 35.789478 21.898626 0.026418 -29.796331 5.998125 11.159975 -19.634905 -34.760662 -23.196507 -1.287403 33.807430 9.989571 32.213341 -29.198803 9.490936 28.835707 2.167685 -22.238804 -8.635526 7.771081
46.293804 7.862659 21.470409 -19.673889 14.113042 16.492956 -21.841997 -20.452251 5.625216 -2.776161 36.039330 22.124250 0.181556 -29.860903 5.797445 10.982778 -19.569553 -34.915257 -23.289312 -1.201282 33.930019 10.114414 32.098000 -29.342409 9.208279 28.613098 2.480491 -22.229109 -8.729855 7.982112
45.536366 7.547912 21.386402 -19.383165 15.007863 16.840246 -21.641638 -20.037689 5.889011 -2.067078 35.380768 21.958937 -0.014317 -29.894278 6.400213 11.416178 -19.480242 -34.000393 -22.773666 -1.215112 33.088181 10.243200 31.823362 -28.947601 9.870616 28.691004 2.193717 -21.775621 -8.113068 7.892553
43.403763 6.134375 19.480095 -18.079021 16.953423 17.166559 -20.485413 -19.334951 6.862789 -0.437197 33.328457 21.740932 0.053810 -31.146019 7.681745 11.999249 -18.876598 -31.266838 -20.709272 -1.882168 30.682014 9.867206 29.818354 -28.187601 11.129663 28.052547 2.130014 -19.938597 -6.236142 8.238248
39.232349 5.287531 18.047632 -16.544128 20.783966 18.467789 -18.654390 -17.228029 8.120983 2.201081 29.494665 21.832331 -0.696596 -32.192150 11.325074 13.522418 -17.641560 -25.844913 -18.342461 -1.017396 27.481359 9.349237 25.984926 -26.987528 12.875357 29.002174 1.479749 -16.636164 -4.077186 9.100174
34.309196 3.980881 16.239975 -15.701840 24.311945 19.481588 -13.569634 -13.143852 9.854726 3.496030 26.906139 21.050680 -1.676147 -33.234192 15.001069 15.061417 -15.510237 -18.793587 -16.624264 -0.007733 22.640018 7.494043 21.851645 -25.650682 15.008171 29.382072 1.954824 -13.147839 -1.573457 9.347800
29.457409 5.840034 15.430640 -17.324614 26.347736 19.871859 -9.801819 -8.246780 11.991439 4.933712 23.313766 18.942530 -2.399929 -32.979347 19.836128 14.003118 -15.013249 -11.563456 -13.576562 2.185764 17.350805 6.117848 17.371578 -24.009148 18.142832 29.546722 2.301316 -9.654842 0.499637 10.036336
24.694372 7.111727 17.534891 -18.962332 29.565418 18.988388 -7.074289 -4.185264 15.050152 4.973254 18.694479 15.916807 1.952004 -32.043255 26.466669 14.771745 -17.265518 -5.186132 -11.056503 5.258191 11.355284 5.819181 14.246886 -22.840776 22.905241 28.510210 2.639508 -5.234848 2.874033 10.194755
17.846558 7.337037 20.244562 -22.039799 32.313812 15.850502 -2.456909 -3.303817 16.307459 1.686087 13.481275 11.849700 10.454384 -30.870678 33.839745 15.251677 -18.443293 -1.028236 -8.365357 7.460592 5.150146 6.083739 14.794944 -19.314777 34.440010 25.255180 2.841208 -0.274025 4.687353 7.748790
10.458386 7.526289 22.007172 -26.550018 34.582443 13.232846 4.656329 0.783880 16.875467 0.881577 8.585376 6.988682 15.791029 -29.475395 40.625126 12.172712 -16.828239 5.273293 -3.813910 10.325085 2.041417 4.345467 16.417906 -14.862958 46.018944 20.309078 2.371607 4.603417 4.795440 5.875513
3.056480 2.840124 24.395857 -30.657391 35.968426 9.620918 11.228940 5.029932 16.348524 3.619245 3.613771 -0.781535 18.482405 -29.181438 43.901009 6.563066 -12.467929 10.796254 0.518939 13.199759 -0.290474 2.546708 16.790260 -10.867033 53.691822 15.891159 3.766829 9.376290 4.796416 7.404043
-0.664569 -5.573263 25.429079 -30.471741 38.014462 5.687112 15.059915 9.293573 14.033195 9.537633 1.810695 -5.260069 19.729555 -29.325216 45.390900 4.780406 -12.548432 15.829620 0.531777 19.410213 -2.811996 -1.310510 14.764574 -9.213811 57.482071 9.392733 6.687252 14.532233 4.142179 10.956910
0.337986 -12.909874 28.118519 -24.979382 40.301636 2.294991 17.443123 8.782560 12.125230 16.826735 3.330062 -11.203691 22.174299 -26.854576 45.211086 1.528689 -10.860497 15.725404 -2.799495 24.858015 -1.054927 -6.186554 15.290589 -6.693306 58.752609 2.977170 11.058628 16.103210 1.839793 13.339399
4.131553 -14.137469 28.578821 -20.376287 39.861755 -2.646151 16.447977 5.299989 8.596940 23.986479 7.449230 -11.404741 24.378426 -27.270302 39.049385 -0.535424 -4.329038 12.502529 -7.498195 29.485973 5.519827 -3.979599 14.768559 -9.717950 54.210850 -1.210750 14.198542 17.022734 -2.121030 12.639500
11.445388 -10.409348 27.511810 -20.410889 35.652287 -7.150650 17.566347 5.907513 5.016181 25.149401 13.595550 -9.205527 26.810303 -30.431156 29.803482 -0.218526 1.705313 8.681078 -11.510325 31.718580 11.270585 2.296623 11.431741 -14.602864 45.523228 -1.176829 17.982206 19.439335 -5.276452 14.560629
18.704649 -3.254542 25.476349 -20.913670 30.430784 -11.014606 21.503983 6.256562 4.467064 23.733458 19.826679 -3.212617 25.560318 -31.634928 20.044371 -1.927740 6.661796 4.819386 -11.695325 34.933647 15.083833 8.486531 7.681872 -18.513584 35.758038 -0.923395 21.308939 18.541018 -6.329626 20.569641
22.131653 5.914318 18.941732 -21.931141 23.743601 -14.413775 24.599321 5.947772 6.590172 24.612217 22.178667 4.701962 23.289492 -33.531193 13.641574 -0.883629 10.019386 5.741285 -8.960641 39.195984 16.989468 13.988789 4.452490 -20.953857 28.534986 -3.066905 25.018154 15.913667 -5.437792 25.634945
23.713324 11.058612 11.402369 -21.122059 19.790539 -16.609303 27.886961 7.686769 12.000072 25.538940 23.528429 10.517408 17.725628 -35.634724 6.927262 -2.878602 14.774597 6.707011 -5.458078 40.225048 17.436758 19.065874 -0.001049 -21.366119 23.106058 -4.326160 26.709019 13.092970 -2.960052 30.927269
22.866550 13.446506 3.628882 -19.541555 17.648067 -20.067184 30.205790 8.754486 16.886568 26.942070 22.406723 13.568521 12.227103 -36.230782 4.660309 -6.624887 19.109261 8.373141 -1.228821 41.307945 15.349063 21.462814 -6.920676 -21.696323 19.505255 -8.368130 30.553207 11.398675 1.456689 31.704302
21.090256 16.506538 -4.685444 -19.651291 14.839110 -22.183683 31.795975 10.526255 20.036547 28.614637 22.337685 16.745550 6.403994 -36.458122 1.738548 -10.084170 21.616184 8.533192 2.377319 41.563713 13.131990 21.193899 -13.524329 -21.451475 17.502466 -12.952655 33.388039 9.654048 5.404387 30.842014
20.015450 18.134298 -10.599792 -20.092947 12.275627 -23.385199 32.463741 10.750122 22.079611 27.710594 22.333038 18.394567 1.985655 -36.656338 -0.956827 -12.460057 23.644306 7.810301 4.527750 41.146332 12.688141 19.631247 -17.840431 -19.443029 17.701279 -17.055714 34.359547 8.603363 7.556634 29.674980
19.984659 18.456831 -12.426661 -20.140194 11.483185 -23.371868 32.592636 11.024375 22.881498 27.169386 22.164751 18.807434 0.496771 -36.774006 -1.886717 -13.307117 24.320160 7.162798 5.147459 40.739101 12.810040 19.018320 -19.255817 -18.692236 17.649334 -18.496716 34.701908 8.064580 8.321594 29.041376
20.128168 18.401007 -12.358250 -20.062302 11.521399 -23.444672 32.519077 10.993826 22.801186 27.196178 22.318430 18.803688 0.564165 -36.661552 -1.890851 -13.308896 24.303295 7.119813 5.192546 40.713428 12.926215 19.002773 -19.234608 -18.630667 17.678766 -18.575636 34.689232 8.037913 8.306024 29.025871
20.418377 18.458490 -12.404664 -19.942123 11.356806 -23.680729 32.469955 10.742054 22.767397 27.247538 22.548529 18.827168 0.681042 -36.551178 -1.907259 -13.532557 24.490465 7.055752 5.249887 40.757534 13.131691 19.043478 -19.171644 -18.502789 17.706299 -18.721697 34.668083 7.870292 8.369287 29.015543
21.038498 18.309505 -12.416091 -19.735624 11.101631 -24.016186 32.460476 10.495938 22.574291 27.287422 22.839912 18.591061 0.836065 -36.422215 -1.941686 -13.762575 24.774281 7.058600 5.228410 40.874252 13.684230 18.935162 -19.057989 -18.257215 17.713156 -19.096495 34.796150 7.745943 8.373046 28.897116
21.616297 18.139614 -12.355512 -19.459623 10.850015 -24.345867 32.426697 10.165293 22.459070 27.435526 23.212980 18.186949 1.238478 -36.218441 -1.879080 -14.152129 25.137228 6.957227 5.094118 41.002502 14.488209 18.801580 -18.860693 -17.995144 17.739672 -19.390251 34.897030 7.758582 8.343400 28.715126
22.710554 18.087027 -11.939586 -18.892620 10.661528 -24.905529 32.407402 9.609752 22.261417 27.615543 24.024639 17.566799 1.878969 -35.770279 -1.818622 -14.794620 25.791775 6.781322 4.869860 40.990761 15.737310 18.722422 -18.612709 -17.483099 17.718008 -19.664700 34.833035 7.782291 8.283985 28.771656
23.662497 17.988377 -11.631521 -18.198231 10.487370 -25.646288 32.341770 8.698977 22.104998 27.773041 24.582317 17.077644 2.493473 -35.294598 -1.830825 -15.783793 26.622652 6.054506 4.816927 40.888584 16.830690 18.683376 -18.474188 -17.170708 17.545975 -20.404097 35.250507 7.483440 8.159640 28.515678
24.789335 17.740761 -11.448050 -17.351263 10.169860 -26.643591 31.974304 7.330841 21.801729 27.575882 25.224964 16.423044 3.170660 -34.834442 -1.868806 -16.573009 27.230286 5.459473 4.639085 40.707367 18.119461 18.584993 -17.992094 -16.359934 17.843063 -21.180273 35.042309 7.112755 8.087607 28.239304
26.254572 17.618095 -11.279237 -16.540144 9.716032 -27.635075 32.010223 6.210317 21.426931 27.635157 26.455112 15.753998 4.098416 -34.423000 -2.070594 -17.290937 28.155508 5.158365 4.244148 40.393387 19.626507 18.506269 -17.302025 -15.544374 18.150007 -21.956959 34.942501 6.756120 7.829853 27.990326
27.723518 17.456636 -11.257005 -15.813574 9.043486 -28.222902 31.819742 4.992337 21.139900 27.807117 27.691631 15.216909 4.706059 -33.911621 -2.565408 -18.205513 29.073376 4.263960 3.928646 39.817249 21.269367 18.302475 -16.597954 -14.679284 18.351730 -22.594599 34.700047 6.100104 7.601923 27.670931
28.790644 17.133886 -10.662642 -15.002302 8.760962 -29.105589 31.668625 3.524002 20.566124 28.121973 29.117525 14.356946 5.901605 -33.241123 -2.738448 -19.298164 30.320303 3.357656 3.724107 38.937283 22.775408 18.279022 -15.410614 -13.778576 18.637146 -23.486689 34.430347 5.190933 7.292892 27.277994
30.449100 17.283131 -9.527608 -14.139642 8.638398 -30.219028 31.044598 1.608917 19.561440 28.010807 30.326178 13.468144 7.396072 -32.518761 -2.833364 -20.486242 31.384062 2.129311 3.391213 37.884693 24.398382 18.319384 -14.031760 -12.711521 19.141304 -24.434050 34.078060 4.385475 6.939766 27.108828
31.630638 17.393270 -8.895426 -13.698790 8.383153 -31.066513 30.680651 0.198972 18.483553 27.892633 31.001320 12.938599 8.471832 -32.153912 -2.892433 -21.254644 32.192623 1.310879 2.932242 37.487350 25.400265 17.870756 -13.200734 -12.033931 19.434431 -25.147121 33.938068 3.708601 6.396808 27.070360
32.578602 17.210608 -8.465678 -13.467083 7.737979 -31.672081 31.002047 -0.719024 17.842588 28.032270 31.562860 12.374199 9.143846 -31.785019 -3.091387 -22.076014 33.099895 0.659975 2.537133 37.380848 26.791496 17.253042 -12.485404 -11.272275 19.681198 -25.967648 34.045471 3.127612 5.772562 26.792183
33.428726 17.258396 -7.721823 -13.443833 6.885620 -32.663971 30.977604 -2.415802 16.669292 27.704416 32.426929 12.194401 10.394386 -31.336580 -3.239737 -23.108656 34.064400 -0.322468 2.220818 37.202995 28.416851 17.089417 -11.232374 -10.409434 20.009851 -26.997704 33.988770 2.155908 5.211693 26.422655
33.949696 17.147118 -7.504354 -13.445228 5.983276 -33.287064 30.866364 -3.755131 15.554722 27.442150 33.103386 12.104470 11.110104 -31.083080 -3.523550 -23.712950 34.675083 -1.140439 1.982751 36.760544 29.950089 16.993572 -10.142802 -9.381577 20.460917 -27.428350 33.279667 1.351329 4.861158 26.169456
34.385693 17.418497 -7.257888 -13.003841 5.604067 -34.027077 30.647631 -4.969010 15.074858 27.253172 33.605354 11.862466 12.150096 -30.640871 -3.413460 -24.605846 35.367027 -1.856907 1.826493 36.420666 30.953024 16.998314 -9.411971 -8.617001 20.789959 -27.943975 32.839485 0.606565 4.532489 26.007591
34.462704 17.446117 -6.955352 -12.916873 5.131735 -34.643654 30.723484 -5.948050 14.228790 27.303919 34.343441 11.608969 13.342566 -30.169210 -3.252708 -25.451273 36.096058 -2.430185 1.605416 36.030838 31.516113 16.983667 -8.831753 -8.335110 20.759748 -28.261292 32.599232 -0.014972 4.071240 26.080215
34.777763 17.635714 -6.659745 -12.865732 4.838922 -35.101799 30.786896 -6.517635 13.776936 27.198980 34.936512 11.516557 14.036162 -29.925661 -3.261812 -25.956663 36.593712 -2.900146 1.449038 35.626362 32.046417 16.854031 -8.186597 -8.088661 20.893295 -28.670622 32.386948 -0.559279 3.436634 26.085573
35.038288 17.768509 -6.578455 -12.734843 4.626453 -35.273666 30.647411 -6.816515 13.592835 27.198523 35.206982 11.398842 14.225875 -29.743225 -3.389678 -26.320004 36.808918 -3.336049 1.405903 35.386028 32.174461 16.721138 -8.046031 -7.992851 20.925285 -28.745766 32.264957 -0.764273 3.214256 26.085211
35.120049 17.819988 -6.419479 -12.698751 4.632625 -35.330860 30.638746 -6.924309 13.525761 27.174488 35.300255 11.330489 14.302929 -29.670216 -3.388173 -26.362375 36.848839 -3.429172 1.383692 35.319309 32.230862 16.699873 -7.973973 -7.975359 20.895086 -28.747808 32.211876 -0.835311 3.110027 26.152912
35.215397 17.725693 -6.349802 -12.672903 4.704916 -35.261036 30.549124 -6.845044 13.424963 27.209621 35.368401 11.261658 14.403851 -29.680738 -3.338719 -26.242283 36.754528 -3.334931 1.284959 35.345005 32.309525 16.710661 -7.850451 -8.018810 20.930641 -28.665876 32.185257 -0.735714 3.000428 26.141026
35.547546 17.571598 -5.987853 -12.636869 4.835800 -35.137886 30.567480 -6.737257 13.217564 27.208254 35.601929 11.170109 14.741092 -29.689508 -3.284039 -25.894968 36.448414 -3.212030 0.882775 35.534248 32.587307 16.663485 -7.621768 -8.190968 20.770596 -28.361526 32.199535 -0.540534 2.736004 26.266916
35.769329 17.186699 -5.433640 -12.638692 5.182526 -34.699322 30.385012 -6.373754 12.858002 27.416063 35.700493 10.960041 14.984611 -29.701561 -3.133561 -25.266144 35.863049 -2.934700 0.445476 35.896019 32.862549 16.674124 -7.314089 -8.357519 20.699369 -27.732258 31.944511 -0.063077 2.459360 26.611198
36.315182 16.670752 -4.630298 -12.593573 5.609535 -34.225071 30.089670 -5.841259 12.190575 27.750866 36.088573 10.494418 15.471492 -29.701809 -2.999888 -24.577593 35.185326 -2.670827 -0.287703 36.124229 33.331821 16.562660 -6.730358 -8.522471 20.685701 -27.049910 31.756697 0.417585 1.878201 26.914288
36.933338 16.182201 -3.508285 -12.545840 6.238865 -33.435993 29.515108 -5.246964 11.607540 28.272869 36.473656 9.833296 15.921283 -29.737164 -2.721110 -23.629454 34.201534 -2.161647 -1.145237 36.479774 33.642365 16.634485 -6.239136 -8.691795 20.715313 -26.121368 31.178005 1.121655 1.403654 27.549919
37.772907 15.605031 -2.127813 -12.623113 6.806980 -32.573864 28.959606 -4.609006 10.866035 28.435816 37.081795 9.177139 16.437704 -29.855450 -2.437202 -22.458462 32.959164 -1.631923 -2.391794 36.902344 34.244450 16.594978 -5.430939 -8.883594 20.672523 -25.159706 30.461458 1.750618 0.664930 28.354801
38.770367 14.580537 -0.762616 -12.715427 7.504817 -31.650900 28.387682 -3.486999 9.939062 28.594595 37.705456 8.055313 16.701046 -29.797033 -1.987139 -21.179079 31.585924 -0.696831 -3.635039 37.276558 35.061188 15.912965 -4.602736 -8.842516 20.970188 -24.137932 29.835411 2.754219 -0.123759 28.686954
39.541683 13.350047 0.537350 -12.900811 8.195129 -30.828983 27.996895 -2.388007 8.813663 28.662573 38.274040 7.178712 17.068968 -29.720629 -1.489322 -20.000219 30.308062 0.007590 -4.811480 37.669071 35.914391 15.323877 -3.677737 -8.998673 21.334307 -23.081619 29.262762 3.794396 -0.945568 28.540367
40.303783 11.711690 2.016818 -12.812936 9.196321 -29.421940 27.334373 -0.977921 7.974728 28.900259 39.050335 6.259476 17.011570 -29.692228 -1.357965 -18.384108 28.774105 0.658372 -5.838107 37.753788 36.765850 14.719322 -3.496714 -9.220834 21.382481 -21.606150 28.742136 5.335708 -1.438627 28.000385
40.733776 10.222224 3.843195 -12.877491 10.150192 -28.405722 26.775461 -0.142511 7.134936 28.651140 39.480740 5.255721 17.376287 -29.577124 -0.714185 -16.724783 27.004116 1.382502 -6.775513 37.494812 37.438824 14.068664 -2.772863 -9.626755 21.576954 -20.351103 28.276815 6.474961 -2.326144 27.434834
41.084827 9.033342 5.376604 -13.192665 11.151083 -27.318657 26.011930 1.073834 6.210338 28.412210 39.776669 4.269865 17.547073 -29.629101 -0.089436 -14.907539 25.231735 2.406165 -7.631670 37.163277 37.524109 13.349646 -1.972583 -9.625602 22.433435 -19.118299 27.167215 7.927865 -2.855347 27.270678
41.354156 7.517096 6.356234 -13.742705 12.074321 -26.211647 25.484665 2.997980 5.168485 27.825510 40.872208 2.923352 17.773024 -29.282352 0.847963 -13.253561 23.465914 4.004306 -8.514258 36.539719 38.070774 12.070761 -1.450638 -9.535458 23.384661 -17.893484 25.866150 9.951772 -3.670460 26.786940
41.757294 6.069665 7.660026 -13.870857 13.631289 -25.139053 24.541779 4.966674 4.267370 27.466406 41.433887 1.317771 17.554806 -29.189541 1.619937 -12.176518 22.023054 5.349013 -9.351748 36.039932 37.823875 10.991376 -0.746543 -9.141448 24.772875 -16.652742 24.296392 11.504615 -4.478998 27.055950
41.925217 4.045853 9.172313 -13.811190 15.204224 -23.871998 23.691553 6.480141 3.824678 26.590952 41.800449 -0.325936 17.423290 -29.463558 2.315949 -10.506766 20.559807 6.448502 -10.297589 35.120842 38.298027 10.023556 0.271936 -8.726206 26.249817 -15.098290 22.767746 13.138291 -5.129032 26.667402
38.006462 -4.067562 11.328167 -19.215771 10.880525 -20.174417 28.000647 5.782271 2.339246 26.176523 44.571720 -0.938852 13.665581 -26.388166 10.018337 -15.182061 12.407750 15.149784 -8.644850 31.960161 37.869011 2.958387 4.976245 -11.977540 22.597885 -10.303674 25.863539 12.516343 -6.945820 26.555759
37.833328 -6.902114 12.378637 -18.656656 13.084109 -18.815567 27.863129 8.059543 2.960928 24.558271 44.172882 -3.176234 13.712800 -26.535467 11.273022 -12.594391 11.484822 17.462626 -8.724441 31.602436 37.817028 1.518660 4.995023 -10.867002 24.679832 -8.729325 24.411919 15.298639 -6.281030 25.386782
38.009338 -10.093269 13.224443 -18.079958 14.664492 -16.959314 27.688349 10.073319 3.674349 23.079033 44.421608 -5.560298 14.132953 -26.464354 12.587576 -10.237423 10.636349 19.551392 -8.679711 30.812061 38.085045 -0.485060 4.758835 -9.180738 26.844305 -6.473515 22.905294 18.198286 -5.205023 24.319923
38.142799 -12.606333 13.914160 -17.814732 15.853678 -14.831202 27.102369 11.978237 4.430404 22.068819 44.650127 -8.144127 13.713621 -26.349274 13.454562 -7.867097 9.714040 21.391407 -8.541587 29.925512 38.788601 -1.700007 4.424366 -7.527903 28.600962 -4.071378 21.809864 21.258411 -3.552434 22.806427
38.830872 -14.518297 13.932824 -16.653358 17.401487 -12.577482 25.650063 14.534147 6.118750 21.375669 44.635757 -10.134124 13.255154 -25.998672 14.559893 -5.885978 8.596587 23.048052 -7.901607 28.802919 39.218636 -2.210756 3.975313 -6.628298 29.829815 -2.264806 21.230642 23.585249 -1.843417 20.779984
36.978153 -18.762579 12.527252 -15.659116 18.650930 -10.367814 25.497301 15.490292 6.248088 21.763514 43.139462 -12.815465 12.208508 -27.595051 14.027227 -3.026924 7.855137 23.058397 -9.928593 28.022114 38.249939 -4.294695 1.681545 -5.156415 31.535866 -0.751387 21.723822 24.335619 -1.321522 18.369030
36.757168 -20.820232 12.274550 -14.713708 19.996515 -8.369802 24.466791 16.497288 7.155148 21.182144 42.763794 -14.843508 11.637196 -27.078524 15.009603 -0.832815 6.158702 23.684864 -9.873458 27.087917 37.942631 -6.264009 0.383658 -4.292869 32.620186 -0.236076 20.997789 25.532509 0.262812 16.109152
36.739010 -23.592836 12.100497 -13.901088 20.328388 -6.091897 23.093946 16.479050 8.448734 20.760611 42.670792 -16.706312 10.577730 -26.619673 15.566949 1.253121 3.957595 24.095928 -9.637475 25.720819 37.396709 -8.483661 -0.703398 -3.189551 33.804367 1.079810 20.195972 26.418550 2.009004 13.993969
36.957214 -25.920721 12.233555 -13.282457 20.540995 -3.510924 22.114975 16.648308 9.878227 19.907223 42.874359 -18.717985 9.534562 -26.451736 16.323713 3.028185 2.257140 24.682018 -9.806194 24.012678 37.325172 -11.378867 -0.638166 -1.597659 35.085609 2.477317 19.671000 26.611265 3.096524 12.605636
36.431652 -27.793415 12.793920 -13.216679 20.442553 -1.054048 21.819149 16.687475 11.024025 19.312082 42.502098 -20.219303 8.381499 -26.520729 17.174717 4.567008 0.344205 25.282688 -10.142764 22.726818 36.883202 -13.937962 -0.178546 -0.164968 36.134586 3.964770 19.616365 26.642534 4.178174 11.731707
36.165871 -29.525616 13.198662 -13.482586 19.865044 1.523198 21.587204 16.467817 11.859137 18.364532 42.165802 -21.383003 7.374184 -26.560425 18.091362 5.762368 -0.912948 26.082073 -9.819203 21.239258 36.468884 -16.026243 -0.004058 1.585917 37.105145 6.063953 18.772415 26.774540 5.448564 11.737470
36.260372 -30.609556 13.444307 -13.976687 19.124281 4.103551 20.774889 16.152008 12.322031 17.631857 42.175423 -22.588425 6.449041 -26.707544 18.894669 7.188685 -1.938894 27.137497 -9.645973 19.743956 36.244781 -17.970596 0.023490 2.583315 37.512356 8.024504 18.076834 26.992411 6.324493 10.989933
36.316666 -31.698782 12.975344 -14.673758 18.147917 6.887733 19.726103 16.439512 12.679763 17.179121 42.588902 -23.546158 5.108178 -26.885532 19.196501 8.615912 -2.659767 28.022259 -9.283778 17.873224 35.944275 -20.265331 -0.027918 3.034606 37.182423 10.054185 17.556887 26.822535 6.726762 10.563123
36.399097 -32.431095 12.391133 -15.754803 17.310106 9.404451 18.513889 16.986340 12.463770 16.511793 42.842564 -24.748615 3.726411 -26.782583 19.525873 9.709746 -3.690739 28.713270 -8.742208 16.180599 36.033550 -21.895182 0.119493 3.460163 37.177406 12.168793 16.555536 27.011473 7.102950 10.120335
36.474792 -33.087639 11.395164 -16.439976 16.554268 11.345630 17.132891 17.169569 12.533545 15.822555 42.612030 -26.150213 2.329113 -26.528519 20.156122 10.894401 -4.691726 29.536533 -7.795407 14.778133 35.213814 -23.132103 -0.550757 3.382544 36.795174 13.882909 15.578049 27.033682 7.700676 9.930857
36.039749 -33.614521 10.381292 -17.057743 16.095890 12.976976 16.103218 17.552383 12.755943 15.335790 41.972351 -27.349871 0.728153 -26.422380 20.661276 11.738337 -5.401084 30.296917 -6.857290 13.546956 34.259960 -23.924517 -1.437917 3.310616 36.594482 15.636621 14.387162 27.287977 8.404609 9.704257
35.388649 -33.945393 8.983444 -17.725336 15.519142 14.246955 15.427808 18.096758 12.835569 15.235467 41.295929 -28.303738 -0.583097 -26.429235 21.135530 12.333844 -5.945920 30.753962 -6.182234 12.408836 33.631382 -24.695425 -2.177355 3.080050 36.382896 17.166182 13.445325 27.512402 8.826864 9.272240
35.003571 -34.323338 7.789727 -18.007267 15.545341 15.362617 14.744859 18.873461 13.182131 14.579137 40.788692 -29.390816 -1.720578 -26.350946 21.579477 12.876626 -6.451439 30.935467 -5.541622 11.155503 33.225006 -25.368595 -2.996057 2.380832 35.541054 18.700279 12.647015 27.461590 9.000424 8.992004
34.685619 -34.425877 7.005196 -18.338215 15.624552 16.424578 14.015313 19.449482 13.515108 13.974353 40.569702 -30.371983 -3.013064 -26.197529 21.720430 13.207560 -6.895184 31.143393 -4.946871 10.266976 32.800682 -25.855984 -3.647538 1.936351 34.989971 19.894472 12.019768 27.462021 9.233599 8.992169
34.305344 -34.679409 6.396200 -18.554724 15.773993 17.523785 13.246819 19.973257 13.861898 13.554013 40.029598 -31.056410 -4.250524 -26.052639 21.949062 13.409841 -7.305521 31.465025 -4.297585 9.753078 32.101582 -26.303001 -4.345844 1.584683 34.752254 20.869942 11.406007 27.625717 9.563210 8.983722
33.922470 -34.646656 5.760063 -18.911913 15.594666 18.406549 12.691118 20.133587 14.076885 13.188581 39.588646 -31.502106 -5.095270 -26.010439 22.127201 13.404947 -7.435713 31.476089 -3.840086 9.192763 31.434851 -26.687836 -4.833047 1.014094 34.325195 21.726257 10.988697 27.585655 9.627815 8.860513
33.938896 -34.598625 5.032555 -19.307165 15.212587 19.111654 12.389405 20.432552 14.172848 12.992116 39.533131 -31.757071 -6.040773 -26.117706 21.854141 13.387978 -7.341646 31.386511 -3.608661 8.681608 30.924635 -27.030785 -5.440633 0.471597 33.868889 22.393042 10.876024 27.709236 9.667970 8.756362
33.727592 -34.363567 4.580574 -19.655338 15.044444 19.749689 12.037993 20.602663 14.330189 12.835523 39.086987 -31.763905 -6.735628 -26.137241 21.918703 13.297191 -7.273149 31.425735 -3.183163 8.408069 30.430132 -27.212997 -6.000529 0.153058 33.509659 22.842119 10.657873 27.594505 9.813787 8.756089
33.450008 -34.466564 4.382726 -19.913866 15.087513 20.234081 11.939065 20.850334 14.442755 12.682798 38.826401 -31.858156 -7.108027 -26.276056 21.894905 13.275409 -7.040530 31.469618 -2.995191 8.143433 29.863287 -27.437267 -6.413832 -0.109420 33.381943 23.155714 10.673541 27.790133 9.975090 8.752183
33.325874 -34.555843 3.929252 -20.024477 14.897534 20.388485 11.910666 20.847267 14.480042 12.633046 38.875645 -32.069099 -7.546360 -26.283476 21.711670 13.231010 -6.875173 31.450947 -2.824997 7.884805 29.696184 -27.645657 -6.788095 -0.307588 33.050140 23.359718 10.665275 27.749233 10.027209 8.739640
33.287556 -34.540218 3.883138 -20.038315 14.942861 20.537600 11.820340 20.972780 14.536064 12.639145 38.786217 -32.107815 -7.668952 -26.266930 21.764538 13.248051 -6.900943 31.531797 -2.720149 7.847477 29.562843 -27.692753 -6.874861 -0.359817 33.019360 23.421314 10.661196 27.751692 10.099056 8.709701
