-23.082747 8.873699 12.862900 -24.096497 38.915882 2.476705 17.341187 -31.402075 13.447445 -3.033642 -24.806248 10.256906 16.050514 -48.662395 33.103519 -10.849258 0.229071 -14.910835 2.310908 6.301363 -27.390194 2.920806 19.719454 -30.013916 41.910164 -7.435980 17.831587 -18.517218 18.826122 3.526021
-23.015774 10.046112 11.837153 -24.014738 38.094879 2.057917 17.712854 -31.382479 13.181963 -1.656880 -24.843031 11.030804 14.938804 -48.788326 32.227482 -11.406964 1.256626 -14.722528 2.174129 7.536764 -27.704021 3.187268 18.365692 -30.166990 41.203609 -8.411892 18.744934 -18.354828 19.148802 4.526898
-22.843599 11.703892 10.889493 -24.142790 37.395100 1.463456 18.624405 -30.996197 12.844923 0.359441 -24.741253 11.974464 13.214916 -48.759575 31.135435 -12.117796 2.572841 -14.247506 1.926125 9.432244 -27.566545 3.385078 16.297693 -30.021664 40.024025 -9.604834 19.792402 -18.083811 19.457539 6.067787
-22.018509 13.526073 9.345462 -24.326185 36.174843 0.559591 19.847164 -30.070875 12.873861 2.910793 -24.106117 12.712403 11.333158 -48.529732 29.895632 -13.010235 4.041134 -13.685280 1.525609 11.710935 -27.122160 3.671466 13.757017 -29.319340 38.939144 -10.981828 20.903282 -17.032221 19.892410 8.153580
-21.303320 15.328736 7.783360 -24.015406 35.019226 -0.095836 21.025690 -28.859280 13.125327 5.119840 -23.068565 13.673285 9.162995 -48.367043 28.173315 -13.869593 5.588910 -13.124831 1.236679 13.778524 -26.165916 4.062047 10.893003 -28.566677 37.293324 -11.788968 21.607191 -16.191359 20.652803 10.442750
-20.220705 17.205057 5.291808 -23.494129 33.936184 -0.470768 22.383560 -27.160868 13.677452 7.878306 -21.712975 14.697695 6.225373 -48.133308 26.063107 -14.709031 7.223629 -12.623577 1.353102 15.572979 -24.485811 4.637345 8.087754 -27.883610 35.261467 -12.563396 22.280027 -15.677938 21.408245 12.741906
-18.368233 19.100384 3.509505 -22.598896 32.999767 -1.204663 23.432480 -25.356995 14.313747 10.906299 -20.368544 15.715164 3.360012 -48.061096 24.102840 -15.665013 9.004663 -11.623783 1.684578 17.423309 -22.677517 5.200855 5.632280 -27.204245 33.413803 -13.460263 23.224136 -14.979482 22.046528 14.823890
-16.297613 19.875717 1.676551 -21.839914 31.700083 -1.478634 23.890604 -24.123524 14.595496 12.878287 -18.972363 16.224531 1.138157 -47.844601 22.477028 -16.665119 10.778103 -10.536295 1.971287 19.030329 -20.718290 5.422863 3.614229 -26.536026 31.722858 -13.892565 23.900417 -14.192307 22.554844 15.957221
-14.785465 20.479073 -0.057763 -21.255131 30.574131 -1.656767 24.224632 -22.977680 14.843246 15.013116 -17.369837 15.972313 -1.457621 -47.339012 20.896864 -17.686583 12.388853 -9.547900 2.417771 20.458036 -19.546307 5.572707 1.752157 -26.185858 30.179262 -14.333814 24.499458 -13.567549 23.028919 17.310921
-13.993965 20.449709 -0.936044 -20.963392 29.957617 -1.621060 24.253414 -22.525604 14.895270 15.671033 -16.463316 15.757046 -2.568095 -47.053673 20.264557 -18.190958 13.180361 -9.096086 2.598073 21.005445 -18.902248 5.500454 0.846652 -26.013865 29.458620 -14.610508 24.888798 -13.274885 23.190533 17.933365
-13.810285 20.610493 -1.912950 -20.759390 29.474287 -1.685263 24.371513 -22.253231 15.151135 16.320129 -16.318491 15.649655 -3.823307 -46.979034 19.598045 -18.646505 13.781955 -9.056417 2.925174 21.350218 -18.841005 5.572554 0.075897 -26.110483 28.794861 -14.908635 25.204214 -13.397544 23.262049 18.675159
-14.082828 20.639631 -10.366488 -19.574896 26.294971 -0.917267 24.171333 -20.539209 17.219397 20.271093 -15.883043 14.662829 -11.456504 -46.583603 15.834009 -20.390274 16.055443 -9.449496 5.615371 21.480711 -18.850569 3.918112 -6.374111 -26.750233 23.714041 -15.044385 25.586493 -14.393538 24.395729 21.750708
-13.204175 15.685416 -25.449873 -15.586316 21.644987 2.985224 20.647583 -18.202374 20.619967 22.734758 -13.641845 10.489019 -24.632891 -44.843552 9.434175 -20.190510 15.028239 -11.811314 9.807001 17.497057 -18.260496 -2.216264 -18.465031 -27.939152 13.753312 -9.397045 21.642174 -15.357156 26.831606 23.891836
-8.521545 6.131900 -36.463459 -9.401483 19.135618 10.395940 8.508410 -17.216364 24.775009 21.414438 -6.933808 2.599199 -40.627544 -39.168915 4.098972 -15.300054 9.593731 -15.403662 11.620858 12.894167 -13.521899 -9.554856 -29.366753 -24.835262 6.798360 1.979024 10.465378 -19.134226 27.959492 23.412395
-0.877196 -1.977737 -42.928844 -8.300668 15.133645 17.738302 -3.525382 -13.437034 27.469370 15.994619 5.018022 -2.148629 -49.522354 -28.230024 8.268267 -6.293481 -5.439565 -15.839822 12.071177 5.683969 -1.020028 -13.794348 -32.720219 -10.730531 12.722962 7.817461 -0.890665 -22.564833 27.779478 18.355286
15.126329 -11.939615 -43.207573 -9.071378 8.547036 21.124952 -7.813320 -12.582062 27.195545 1.996124 21.685122 -11.774434 -48.497795 -19.657026 11.715338 -1.025212 -9.139661 -11.519722 11.688726 -5.135794 18.762646 -18.999659 -29.099644 3.712492 20.755030 10.373040 -5.992489 -17.850424 29.056057 4.126501
24.541166 -21.770323 -38.328423 -7.306145 7.949693 18.791733 -3.796181 -10.134560 23.879271 -3.341900 32.807404 -20.030397 -42.241982 -21.150501 8.232223 5.920639 -9.337399 -7.652130 1.229566 -8.704416 29.475437 -31.327143 -23.095043 5.157450 21.586824 12.735562 -4.268051 -9.399354 25.882710 -2.598594
30.908228 -34.928677 -27.245445 -9.121187 6.022377 17.745892 -1.235809 -12.599796 13.152152 -2.982978 39.736217 -23.928955 -33.279114 -25.320879 4.585988 15.429804 -11.606709 -8.009756 -10.326279 -10.418332 38.367874 -38.032890 -10.863289 -1.502564 17.965658 20.216984 -1.210968 -4.260823 14.107574 -4.716284
36.044159 -38.842995 -20.290316 -14.202822 1.771653 16.117846 5.987406 -9.977743 7.837494 -6.039860 46.917988 -21.143585 -20.886396 -30.497873 1.692719 19.979280 -9.731501 -6.880072 -18.705870 -12.296693 42.834820 -39.948154 -4.375505 -9.709539 12.187630 22.597563 6.798565 -2.495110 4.374513 -7.199500
38.838673 -39.436703 -17.032061 -15.939062 1.435785 14.818635 10.833317 -7.496060 7.206515 -11.326489 50.083443 -18.057163 -14.436428 -33.438305 0.368167 19.726934 -7.592686 -6.948986 -21.787373 -13.280137 44.042114 -38.983807 -0.779875 -13.680932 9.453338 22.454950 10.775034 -2.201961 1.636623 -7.774292
38.898243 -38.788193 -16.893803 -16.162970 1.199822 14.378506 11.520816 -7.280744 7.283284 -11.430507 50.401134 -17.242899 -14.149261 -33.623779 -0.013358 19.420351 -7.294910 -6.931344 -21.934788 -12.993121 44.278801 -38.517323 -0.585182 -14.185796 8.589274 22.220467 11.322403 -2.411330 1.401502 -7.279997
38.924156 -38.915710 -16.734011 -16.160685 1.253056 14.456278 11.756708 -6.914385 7.150533 -10.893266 50.300896 -17.266819 -14.423692 -33.705704 -0.126446 19.817881 -7.339413 -6.421957 -22.078419 -12.362987 44.149120 -38.645164 -0.783777 -13.919677 8.917830 22.296827 11.198432 -1.964406 1.589356 -7.052661
39.368404 -39.138134 -16.568577 -16.210505 1.174965 14.658835 12.292188 -6.075912 6.972570 -10.181415 50.315365 -17.170284 -14.805733 -33.759533 -0.350554 20.247860 -7.025640 -5.660779 -22.590187 -11.070380 44.182240 -38.771427 -0.772920 -13.712454 9.232017 22.481775 11.257415 -0.993504 1.612243 -6.658119
39.614624 -38.274231 -17.385159 -16.025097 0.639783 14.913625 12.952616 -4.715641 6.553201 -6.632775 50.590973 -16.478294 -16.220741 -33.795345 -1.208538 20.529198 -6.396568 -4.905853 -23.097933 -8.786681 44.828426 -38.565010 -1.246552 -13.114131 9.311639 22.138405 11.557750 0.359802 1.733227 -5.225682
40.511696 -37.292683 -17.743883 -15.908531 0.098246 15.067678 13.555795 -3.163909 6.366798 -3.813267 51.348152 -15.625634 -17.378801 -33.734653 -2.061173 20.671837 -5.330711 -3.180518 -23.655468 -5.856734 45.229565 -38.099525 -2.444402 -12.647650 9.188914 21.359795 12.647367 2.389710 2.135746 -3.281281
41.749992 -35.837414 -18.149723 -15.933580 -0.372041 14.898457 14.101365 -1.286233 6.298080 -1.222386 51.694492 -14.936540 -18.941856 -33.973186 -3.185303 20.509300 -4.352766 -1.410845 -24.130383 -2.960389 45.024361 -37.533939 -4.228728 -11.753607 9.152822 20.732571 12.814621 4.345407 2.837713 -0.650529
42.434692 -34.737461 -18.559393 -15.718213 -0.204154 14.804573 14.775419 0.766594 6.513550 1.182552 51.847477 -14.656072 -21.197451 -33.498058 -4.143106 19.778854 -3.486202 0.584498 -23.743816 0.055899 44.931400 -37.506245 -6.125133 -10.119749 9.755494 19.875883 12.494403 5.964881 3.850903 1.533342
43.044800 -33.005116 -19.015202 -15.281117 0.067891 14.932998 14.599283 2.384526 7.090358 3.621462 52.204056 -14.079685 -23.072954 -32.838039 -4.589627 19.146524 -3.314858 2.624574 -22.879103 2.895020 45.085098 -37.235397 -7.705093 -8.463947 10.255516 18.715414 12.355259 7.255472 4.794096 3.557735
43.822346 -31.603281 -19.182076 -14.947007 0.230979 14.780093 14.460421 3.473287 7.493792 4.913924 52.137150 -14.327336 -24.455902 -32.051632 -4.479939 18.439009 -3.310395 4.273262 -21.771528 4.880186 44.890781 -37.123936 -9.171760 -6.918295 10.818140 17.746780 12.036969 8.182344 5.842329 5.306578
44.449413 -30.613504 -19.403271 -14.574303 0.241533 14.594618 14.313484 3.923540 7.890235 5.423786 51.871002 -14.397449 -25.120741 -31.749434 -4.494016 17.920172 -3.205416 4.859287 -21.079695 5.609252 44.834988 -36.804039 -9.776722 -6.084671 11.112520 17.195457 11.921124 8.558190 6.468640 6.068193
44.533043 -30.575043 -19.394547 -14.553151 0.229226 14.535289 14.369091 3.992415 7.904010 5.442899 51.914227 -14.377308 -25.026991 -31.736650 -4.507482 17.889753 -3.141134 4.906955 -21.095394 5.667402 44.874573 -36.832367 -9.789366 -6.051073 11.127867 17.132050 11.994253 8.603608 6.476278 6.097943
44.974300 -30.672844 -18.789440 -14.763293 -0.008394 14.088362 15.042728 4.049929 7.673187 4.681443 52.832172 -13.966846 -23.782122 -31.646749 -4.566653 17.744486 -2.800151 4.651983 -21.829357 5.470629 45.329605 -36.597046 -9.249640 -6.695636 10.513158 17.008535 12.676374 8.419769 5.865780 5.932233
45.555405 -30.360115 -17.296345 -14.907113 0.186259 13.474479 15.800102 4.185117 7.619735 3.920984 53.880310 -12.889555 -21.710062 -31.856966 -4.692648 17.785149 -2.290477 4.580750 -22.884924 5.607642 45.520676 -35.690544 -7.650566 -7.659751 10.447730 16.783972 13.710729 9.032307 4.894292 6.029441
46.524593 -29.725838 -15.504796 -15.392103 0.122834 12.325017 17.371223 4.809192 7.565608 2.434993 55.158081 -11.900693 -19.210173 -31.639751 -4.682579 17.317335 -1.858991 4.453428 -23.776463 6.043126 46.483391 -34.673882 -5.462958 -8.892344 9.683915 16.409786 15.179653 9.209382 3.563984 6.165904
47.429321 -28.471279 -14.408379 -15.905604 -0.348486 10.986176 18.589142 4.931013 7.585525 0.612353 55.822914 -10.334797 -17.062162 -30.728483 -4.135438 15.909206 -1.613532 4.770067 -23.712318 7.404185 46.680847 -32.775269 -3.774675 -9.722986 9.388664 15.769716 16.278322 9.756265 2.887568 6.870046
47.828606 -26.332563 -12.236185 -16.241730 0.064431 8.979837 20.519793 5.315228 6.805963 1.112620 56.431217 -7.856420 -14.091391 -29.662367 -3.096021 14.043221 -1.389663 5.115487 -23.841936 10.312832 46.336323 -29.951782 -2.996363 -9.939490 9.500190 13.907877 17.698668 10.479562 2.492335 9.503278
48.793007 -23.175690 -9.422095 -16.302460 1.298638 6.618656 21.780895 5.637846 5.124591 2.859922 57.267513 -5.581263 -10.939276 -28.142509 -1.354564 11.828238 -1.057020 5.579522 -23.408264 13.109838 46.651810 -26.825954 -3.033112 -10.557690 9.087499 11.817369 18.996744 11.019053 2.022827 12.218848
49.533916 -18.622654 -7.224384 -10.050760 7.685802 2.640201 24.221903 4.989478 1.116387 8.595065 55.929558 -5.419246 -4.519882 -33.082310 -4.045046 3.159972 4.011937 14.287283 -12.188396 15.086247 43.748714 -20.730104 -0.794078 -19.386829 3.178298 4.276037 23.466206 14.554028 8.807203 14.720620
50.141476 -13.248540 -5.692529 -11.506244 7.168486 -0.265769 25.913300 4.366595 -1.195832 10.998595 55.118599 -2.549881 -2.800999 -32.170303 -3.129729 0.349909 4.803124 14.507798 -11.327911 18.300825 43.447651 -17.231422 -0.242291 -20.506369 2.815727 1.516186 24.817442 14.153248 7.282167 17.859520
48.994690 -7.305536 -4.794275 -12.508571 6.334891 -2.758331 28.236021 4.228729 -1.750019 15.174253 53.515202 0.797342 -0.628751 -30.970284 -1.872704 -3.004117 5.793808 14.710184 -10.551164 22.496840 41.297718 -12.922212 -0.536748 -21.238600 2.791571 -2.443868 26.050610 14.059561 6.352084 22.188250
45.124779 -3.414518 -6.159004 -13.645837 5.210165 -4.682347 32.680614 2.851308 -1.746528 18.844133 51.707340 4.128074 1.070707 -33.019482 -3.858825 -5.889173 8.334088 11.749329 -13.473277 26.671488 37.258266 -11.114811 -1.497595 -21.910191 3.722520 -7.280008 29.515562 12.478996 4.290258 25.170872
43.167599 1.453574 -6.988260 -14.187597 4.758961 -6.380482 35.313240 3.483493 -0.194785 20.679525 50.319988 8.434268 1.808692 -33.440811 -4.437970 -9.712333 9.878203 11.148763 -12.630238 30.090197 35.306187 -8.247694 -0.693305 -20.915819 4.469853 -10.577033 30.574253 10.356240 5.285534 27.618196
41.597073 4.576149 -6.423366 -14.146604 5.084628 -8.619676 37.193005 2.811646 0.650973 22.251322 49.212238 10.577849 2.738899 -33.078320 -3.828559 -13.462614 12.461836 10.855646 -11.206597 31.609499 34.253101 -4.870520 -0.286120 -20.004694 5.322134 -13.513619 32.100338 10.195517 6.859863 29.021833
40.052860 7.122143 -6.906751 -13.870906 4.663610 -11.422363 38.315418 0.532220 0.775806 24.260561 46.534607 11.967187 3.877424 -33.275597 -3.238165 -17.574951 15.806586 9.693693 -9.885667 33.034557 33.618385 -0.755125 0.693023 -19.319731 5.790583 -16.217800 33.339355 8.326160 8.482228 30.934710
39.369644 8.921388 -6.927356 -13.151277 4.067739 -14.069481 40.031750 -2.179466 1.049468 25.886271 45.468983 12.320798 4.984263 -32.933506 -3.111912 -21.788681 19.726784 8.663307 -8.762490 33.910740 33.398144 2.482763 1.764588 -18.815292 6.410589 -19.016941 34.543568 5.920699 9.454274 31.742916
38.379574 11.368979 -7.033565 -11.831957 3.564293 -16.886505 41.253677 -5.949244 2.327156 26.836964 43.773556 12.756788 6.790524 -32.381680 -2.110508 -26.111040 23.289179 7.222322 -7.533711 34.349815 33.427826 4.798941 2.617788 -17.486477 7.083499 -22.076508 35.299404 2.868403 10.632943 32.386253
36.773514 13.701329 -7.255194 -10.978453 3.380307 -19.253654 41.249935 -9.542162 3.114107 27.378370 41.390755 13.096603 7.735240 -31.802052 -1.136387 -29.724180 25.789471 5.171784 -6.319934 34.356102 32.348454 6.447855 3.370239 -16.592793 8.238459 -24.398256 35.212673 0.196660 11.415124 32.558922
35.573906 15.507851 -7.869080 -10.902182 2.688637 -20.654869 41.446533 -12.401880 3.402791 27.192785 38.875832 13.357044 8.425580 -31.169214 0.101881 -32.555653 27.465601 3.258767 -4.927378 34.274906 31.153160 7.330831 3.681414 -15.171913 9.940602 -26.395353 34.348946 -2.209967 12.159224 33.026573
34.710735 16.452753 -7.830939 -10.673141 2.552321 -21.493633 41.219032 -14.779756 3.376333 26.992342 37.490616 13.320302 9.564796 -30.683798 1.193805 -34.614811 28.620369 1.530067 -4.474262 33.704350 30.560669 7.634688 4.238070 -14.418550 11.123526 -27.769693 34.240635 -4.069547 12.452435 32.519283
34.097607 16.874599 -7.749883 -10.693080 2.388335 -21.736614 40.968098 -15.897742 3.308319 27.219938 36.866398 13.079497 9.943377 -30.378777 1.647058 -35.547977 29.029892 0.716034 -4.161958 33.442223 30.183594 7.808491 4.614343 -13.904015 11.832197 -28.581404 33.957695 -5.078150 12.572230 32.576328
