28.832243 8.747393 48.872837 -12.428418 44.127228 25.847994 -30.210445 -13.654364 7.374513 15.228892 15.261046 16.800993 10.497533 -20.262413 31.788174 27.796654 -45.453846 -19.241148 -17.389032 16.326399 17.216192 14.027173 38.505863 -13.595513 39.535492 40.929420 -19.481915 -3.064614 1.742451 15.462779
28.666037 9.980155 47.534962 -13.271523 42.742798 25.697607 -29.619473 -14.165407 6.866481 14.989709 14.844776 17.465338 10.009051 -21.337917 30.862093 27.197559 -44.002354 -19.957098 -18.180727 16.125729 16.817627 13.903882 37.838646 -14.340554 38.574081 40.009052 -18.077976 -4.314898 1.155220 15.272994
29.528515 10.218488 43.927765 -14.414102 39.543797 25.622953 -29.208778 -14.843805 6.182532 13.911377 15.337916 17.906063 7.959116 -22.985954 28.461561 26.764753 -41.973866 -20.661243 -19.339054 15.174321 17.526323 11.996044 36.399952 -15.712139 35.345829 39.866825 -16.664330 -6.074201 0.151457 14.712676
31.023428 10.707723 38.879025 -15.823617 35.825905 26.246513 -29.285810 -14.540269 5.850563 12.846657 16.528696 17.600893 4.195861 -24.345053 25.112177 25.815508 -39.544926 -21.330685 -20.699553 14.724355 19.080929 10.236187 34.549091 -18.016150 30.861021 40.721596 -15.626996 -8.073627 -1.197306 14.508382
35.258209 10.048328 31.688520 -15.433509 31.134043 27.517555 -30.790346 -13.164540 6.351608 12.211513 20.176399 17.360693 -1.188810 -25.193352 20.088572 25.022709 -36.983479 -22.619438 -21.480461 12.700000 22.481977 7.014647 30.975700 -19.518503 24.206152 41.672539 -13.960555 -10.567579 -2.643721 14.789462
38.893120 10.427451 25.960262 -15.525630 25.858360 26.295992 -29.569866 -12.879749 6.663239 11.520583 23.890564 19.203331 -3.780116 -26.459974 15.949923 22.343903 -32.427071 -24.337067 -21.579330 10.525178 25.959541 7.167150 29.445719 -20.889561 19.100439 40.064968 -10.636500 -13.584696 -4.273828 15.493521
42.247257 8.912002 22.756460 -16.069487 21.350182 23.904636 -28.140615 -15.578651 5.981531 7.573298 27.605015 21.075018 -3.311090 -28.204187 12.495507 19.406164 -27.939878 -28.190071 -22.475595 6.467239 28.467571 8.468457 30.594818 -24.074121 15.820946 36.861797 -6.947235 -17.751186 -6.233619 13.089814
43.093544 8.189696 22.136570 -17.919828 18.556789 20.464600 -25.870981 -18.828377 5.463733 3.264396 29.876101 21.599707 -1.956297 -29.448183 9.266554 15.498568 -24.096428 -32.150970 -22.420139 2.373060 30.644497 9.216931 31.424761 -26.889647 12.921705 32.696117 -2.261989 -19.950506 -7.325433 10.690489
45.466389 7.567060 22.254475 -19.325674 15.694382 17.850418 -23.359350 -20.009672 4.924338 -0.353059 33.694790 21.653902 -0.339837 -29.797075 6.851647 12.785702 -21.228731 -33.900440 -22.877483 -0.445456 32.439365 10.256459 32.956615 -28.373341 11.262558 30.008558 0.513907 -21.415489 -8.095504 8.810277
46.171642 7.725589 21.618660 -19.597288 14.453383 16.780895 -22.153891 -20.292242 5.581474 -2.547286 35.789478 21.898626 0.026418 -29.796331 5.998125 11.159975 -19.634905 -34.760662 -23.196507 -1.287403 33.807430 9.989571 32.213341 -29.198803 9.490936 28.835707 2.167685 -22.238804 -8.635526 7.771081
45.536366 7.547912 21.386402 -19.383165 15.007863 16.840246 -21.641638 -20.037689 5.889011 -2.067078 35.380768 21.958937 -0.014317 -29.894278 6.400213 11.416178 -19.480242 -34.000393 -22.773666 -1.215112 33.088181 10.243200 31.823362 -28.947601 9.870616 28.691004 2.193717 -21.775621 -8.113068 7.892553
39.232349 5.287531 18.047632 -16.544128 20.783966 18.467789 -18.654390 -17.228029 8.120983 2.201081 29.494665 21.832331 -0.696596 -32.192150 11.325074 13.522418 -17.641560 -25.844913 -18.342461 -1.017396 27.481359 9.349237 25.984926 -26.987528 12.875357 29.002174 1.479749 -16.636164 -4.077186 9.100174
29.667622 6.353649 15.270549 -16.728271 26.957785 20.453764 -9.334716 -9.085778 10.810947 4.453614 23.313766 18.942530 -2.399929 -32.979347 19.836128 14.003118 -15.013249 -11.563456 -13.576562 2.185764 17.199425 5.672890 17.942938 -24.739134 17.113039 29.061983 1.654283 -9.159565 1.485487 10.812242
17.446928 8.175100 18.275654 -19.004408 35.365585 18.263964 0.553635 -4.007131 13.035089 1.334319 13.481275 11.849700 10.454384 -30.870678 33.839745 15.251677 -18.443293 -1.028236 -8.365357 7.460592 6.293787 6.444711 17.603264 -21.166670 31.425165 25.169348 -0.751799 0.141287 8.850717 8.314981
4.060984 5.280568 21.626942 -25.284225 41.326450 14.178082 15.795583 3.456264 10.629349 1.659839 3.613771 -0.781535 18.482405 -29.181438 43.901009 6.563066 -12.467929 10.796254 0.518939 13.199759 0.001186 0.580788 21.868683 -14.466462 50.115639 12.279657 -0.905449 11.484777 12.300508 9.466898
1.693305 -10.305519 24.750463 -19.141314 46.099564 7.442708 22.805977 6.579311 5.243681 13.863486 3.330062 -11.203691 22.174299 -26.854576 45.211086 1.528689 -10.860497 15.725404 -2.799495 24.858015 -0.758042 -8.381407 20.282104 -10.075862 55.156879 -0.589237 5.824486 18.290375 9.533252 15.828195
13.090462 -7.653914 23.680117 -13.833374 42.239357 -1.394644 23.527252 3.640559 -2.793329 21.899118 13.595550 -9.205527 26.810303 -30.431156 29.803482 -0.218526 1.705313 8.681078 -11.510325 31.718580 11.557960 0.050132 17.072756 -18.622978 41.268738 -5.134112 12.377549 21.822426 3.550388 17.369102
24.036917 9.050891 14.854535 -15.284378 30.159222 -8.182036 30.609259 3.548368 -1.496549 21.172771 22.178667 4.701962 23.289492 -33.531193 13.641574 -0.883629 10.019386 5.741285 -8.960641 39.195984 17.240566 11.324476 10.839912 -25.431536 24.253826 -7.517942 19.600435 18.333996 3.555887 28.238209
24.748480 16.532297 -0.861475 -12.735870 24.164564 -13.458303 36.512794 6.512371 8.584436 23.386942 22.406723 13.568521 12.227103 -36.230782 4.660309 -6.624887 19.109261 8.373141 -1.228821 41.307945 15.370067 18.574575 -0.854962 -26.183544 15.135089 -12.952173 24.964306 14.503768 11.239065 34.457153
22.271296 21.583689 -15.184949 -12.902354 19.041817 -16.244005 39.047600 7.787158 12.753376 23.646006 22.333038 18.394567 1.985655 -36.656338 -0.956827 -12.460057 23.644306 7.810301 4.527750 41.146332 12.690732 16.652119 -11.474378 -24.051281 13.184447 -21.830664 28.599630 11.516479 17.503620 32.588577
22.399258 21.877081 -16.927040 -12.869570 18.283749 -16.294561 39.118725 7.976760 13.418125 23.093485 22.318430 18.803688 0.564165 -36.661552 -1.890851 -13.308896 24.303295 7.119813 5.192546 40.713428 12.928995 16.020145 -12.834746 -23.251728 13.143994 -23.367565 28.912365 10.927258 18.245146 31.994144
23.322239 21.810129 -16.972912 -12.495127 17.914530 -16.876574 39.085262 7.473897 13.194256 23.179098 22.839912 18.591061 0.836065 -36.422215 -1.941686 -13.762575 24.774281 7.058600 5.228410 40.874252 13.696753 15.945311 -12.645893 -22.880835 13.166687 -23.888937 29.007027 10.620366 18.305904 31.878078
25.025642 21.620087 -16.461470 -11.612302 17.515488 -17.784185 39.039543 6.578169 12.880987 23.500862 24.024639 17.566799 1.878969 -35.770279 -1.818622 -14.794620 25.791775 6.781322 4.869860 40.990761 15.765305 15.697934 -12.144674 -22.125696 13.163942 -24.461924 29.013958 10.646592 18.211941 31.785950
27.094658 21.255812 -15.934383 -10.096971 17.004662 -19.586805 38.585548 4.337728 12.482095 23.526791 25.224964 16.423044 3.170660 -34.834442 -1.868806 -16.573009 27.230286 5.459473 4.639085 40.707367 18.157455 15.568585 -11.497997 -21.004282 13.289111 -25.986376 29.194300 9.947709 18.012497 31.258984
29.961670 20.888130 -15.700322 -8.583591 15.928370 -21.242599 38.500813 2.123116 11.952104 23.721506 27.691631 15.216909 4.706059 -33.911621 -2.565408 -18.205513 29.073376 4.263960 3.928646 39.817249 21.319889 15.325845 -10.142715 -19.294262 13.792497 -27.365763 28.832228 8.893919 17.521605 30.699713
32.616936 20.671488 -13.914406 -6.960905 15.573001 -23.301443 37.766026 -1.136440 10.521205 23.859262 30.326178 13.468144 7.396072 -32.518761 -2.833364 -20.486242 31.384062 2.129311 3.391213 37.884693 24.469633 15.390557 -7.596315 -17.289755 14.599727 -29.144114 28.188042 7.140981 16.839417 30.119194
34.734745 20.559795 -12.824764 -6.312299 14.691983 -24.831102 37.704830 -3.333084 8.964309 23.911369 31.562860 12.374199 9.143846 -31.785019 -3.091387 -22.076014 33.099895 0.659975 2.537133 37.380848 26.822683 14.326635 -6.020001 -15.880963 15.106453 -30.711607 28.136007 5.857512 15.648871 29.884604
36.097157 20.473835 -11.805496 -6.297065 12.974670 -26.561600 37.496815 -6.257718 6.882258 23.375109 33.103386 12.104470 11.110104 -31.083080 -3.523550 -23.712950 34.675083 -1.140439 1.982751 36.760544 30.014578 14.142016 -3.545380 -14.013517 15.920774 -32.220142 27.389650 3.944618 14.617678 29.271603
36.588142 20.740995 -11.219932 -5.801283 12.126517 -28.006050 37.281883 -8.334645 5.737529 23.303015 34.343441 11.608969 13.342566 -30.169210 -3.252708 -25.451273 36.096058 -2.430185 1.605416 36.030838 31.625252 14.188048 -2.146420 -12.967625 16.244114 -33.087341 26.705704 2.478150 13.749434 29.169716
37.146229 21.051950 -10.849012 -5.638998 11.608221 -28.660616 37.184776 -9.148529 5.170885 23.230476 35.206982 11.398842 14.225875 -29.743225 -3.389678 -26.320004 36.808918 -3.336049 1.405903 35.386028 32.292351 13.936471 -1.361565 -12.615318 16.416529 -33.571049 26.375391 1.714006 12.878839 29.182186
37.316448 21.004282 -10.617638 -5.585700 11.680006 -28.659996 37.077698 -9.161623 5.024876 23.256998 35.368401 11.261658 14.403851 -29.680738 -3.338719 -26.242283 36.754528 -3.334931 1.284959 35.345005 32.431412 13.930652 -1.158924 -12.641126 16.420349 -33.488956 26.290440 1.731614 12.659958 29.244129
37.823654 20.459373 -9.684675 -5.629302 12.086845 -28.153069 36.859467 -8.633034 4.568618 23.515945 35.700493 10.960041 14.984611 -29.701561 -3.133561 -25.266144 35.863049 -2.934700 0.445476 35.896019 32.979481 13.881841 -0.642699 -12.987520 16.170864 -32.527939 26.042187 2.416993 12.120102 29.716076
38.851112 19.373819 -7.729832 -5.691965 13.023259 -26.974182 35.960781 -7.419387 3.494151 24.403084 36.473656 9.833296 15.921283 -29.737164 -2.721110 -23.629454 34.201534 -2.161647 -1.145237 36.479774 33.798038 13.876776 0.417305 -13.347028 16.120491 -30.844938 25.254658 3.591492 11.006780 30.709454
40.525299 17.729837 -4.939215 -5.987422 14.185998 -25.306652 34.806232 -5.612778 1.986358 24.802767 37.705456 8.055313 16.701046 -29.797033 -1.987139 -21.179079 31.585924 -0.696831 -3.635039 37.276558 35.246231 13.141779 1.868028 -13.396071 16.472364 -28.742661 24.024212 5.281084 9.422303 31.698761
42.023422 14.823973 -2.108299 -6.161335 15.725630 -23.244881 33.725910 -3.219737 -0.059289 25.398500 39.050335 6.259476 17.011570 -29.692228 -1.357965 -18.384108 28.774105 0.658372 -5.838107 37.753788 36.975243 12.005309 2.962886 -13.749169 16.932627 -26.181570 23.072540 7.801354 7.929902 30.980555
42.920921 12.152506 1.368015 -6.550615 17.582548 -21.281359 32.189068 -1.307306 -1.851694 25.094389 39.776669 4.269865 17.547073 -29.629101 -0.089436 -14.907539 25.231735 2.406165 -7.631670 37.163277 37.686359 10.679131 4.385790 -14.128359 18.059515 -23.651546 21.718904 10.444677 6.396411 30.127342
43.730946 9.324549 3.789263 -7.308164 19.950611 -19.183598 30.459066 2.403891 -3.833819 24.195406 41.433887 1.317771 17.554806 -29.189541 1.619937 -12.176518 22.023054 5.349013 -9.351748 36.039932 37.972992 8.348269 5.437470 -13.566556 20.487207 -21.130140 18.999807 14.081754 4.688347 29.745771
39.653568 -1.560004 7.893811 -12.426937 17.358149 -14.743211 33.672291 3.086682 -5.692686 23.773647 44.571720 -0.938852 13.665581 -26.388166 10.018337 -15.182061 12.407750 15.149784 -8.644850 31.960161 38.198380 1.086144 10.776741 -16.449358 17.862038 -14.091693 20.653337 15.110189 2.129177 29.197876
39.585499 -7.674952 9.819160 -11.443019 21.036228 -11.649523 33.238323 7.568732 -4.133193 20.808443 44.421608 -5.560298 14.132953 -26.464354 12.587576 -10.237423 10.636349 19.551392 -8.679711 30.812061 38.431400 -2.292855 10.590632 -13.616840 22.181492 -10.206066 17.804192 20.692568 3.646021 26.941662
40.369854 -12.211516 10.494863 -10.131218 23.694691 -7.236441 31.113094 12.097371 -1.584842 19.019690 44.635757 -10.134124 13.255154 -25.998672 14.559893 -5.885978 8.596587 23.048052 -7.901607 28.802919 39.575569 -3.976421 9.910216 -10.989740 25.292339 -5.966213 16.130678 25.935698 6.824657 23.407269
38.574768 -17.851633 8.478897 -8.455763 25.979959 -2.599860 30.057232 14.171346 -0.592688 18.178820 42.763794 -14.843508 11.637196 -27.078524 15.009603 -0.832815 6.158702 23.684864 -9.873458 27.087917 38.040764 -8.883925 6.681161 -8.677086 28.379084 -4.577713 15.739098 27.902361 8.867354 19.064665
38.869343 -22.758732 8.444571 -7.166800 26.442436 2.286286 27.801001 14.403849 2.121297 16.686441 42.874313 -18.718018 9.534682 -26.451834 16.323557 3.028216 2.256891 24.681890 -9.806278 24.012674 37.365993 -14.181488 5.609121 -5.874416 31.081247 -1.866108 14.476087 28.993406 11.650928 15.402008
38.066433 -26.236418 9.333590 -7.546923 25.564835 7.353957 27.198618 14.312120 4.228367 15.157624 42.165802 -21.383003 7.374184 -26.560425 18.091362 5.762368 -0.912948 26.082073 -9.819203 21.239258 36.323303 -18.857491 6.023827 -2.557774 33.261692 1.823382 13.626190 29.030329 13.660010 14.692544
38.179199 -28.329025 9.091866 -8.838518 23.736122 12.636256 25.218962 14.361735 5.257262 14.136588 42.588902 -23.546158 5.108178 -26.885532 19.196501 8.615912 -2.659767 28.022259 -9.283778 17.873224 35.736992 -23.147585 5.887557 -0.981901 33.535069 5.916684 12.480515 28.988390 14.686158 13.557504
38.287605 -29.746674 7.559490 -10.697183 22.079563 17.029505 22.576735 15.039139 5.095070 12.850247 42.612030 -26.150213 2.329113 -26.528519 20.156122 10.894401 -4.691726 29.536533 -7.795407 14.778133 35.014736 -26.088257 5.149404 -0.499523 33.273602 9.817919 10.531096 29.313372 15.561700 12.874391
37.185646 -30.547247 5.170530 -12.064008 21.047472 19.883059 20.889212 16.014330 5.444908 12.225804 41.295929 -28.303738 -0.583097 -26.429235 21.135530 12.333844 -5.945920 30.753962 -6.182234 12.408836 33.495174 -27.678482 3.461687 -0.724518 32.955532 13.082311 8.342281 29.750917 16.674831 12.172442
36.450352 -31.100842 3.140609 -12.786883 21.074108 22.013212 19.498863 17.438126 6.189324 10.962550 40.569702 -30.371983 -3.013064 -26.197529 21.720430 13.207560 -6.895184 31.143393 -4.946871 10.266976 32.747066 -28.795151 2.123919 -1.743075 31.682655 15.966129 6.748265 29.701149 16.988203 11.809774
35.636066 -31.434793 1.822615 -13.367694 20.980127 23.936403 18.182159 18.170782 6.825696 10.254830 39.588646 -31.502106 -5.095270 -26.010439 22.127201 13.404947 -7.435713 31.476089 -3.840086 9.192763 31.508780 -29.653564 0.895386 -2.555717 31.084911 17.822121 5.686455 29.818808 17.365927 11.583461
35.445148 -31.237555 0.595029 -14.053607 20.410599 25.239819 17.504375 18.591385 7.121987 9.921283 39.086987 -31.763905 -6.735628 -26.137241 21.918703 13.297191 -7.273149 31.425735 -3.183163 8.408069 30.592300 -30.217428 -0.305173 -3.370849 30.271782 18.906252 5.395014 29.847448 17.515182 11.467646
35.038506 -31.500227 -0.076394 -14.401058 20.227467 25.848154 17.358418 18.791761 7.287127 9.743802 38.875645 -32.069099 -7.546360 -26.283476 21.711670 13.231010 -6.875173 31.450947 -2.824997 7.884805 29.898676 -30.649477 -1.108512 -3.824414 29.805126 19.433487 5.416510 29.996950 17.710052 11.431691
