29.782055 12.508017 -12.956393 -17.319658 6.441829 -41.064869 30.481777 -4.054947 4.864376 25.691051 36.184933 11.608116 18.234324 -21.101749 -2.729296 -21.193462 34.303005 -6.268635 9.000861 40.667061 29.945337 10.671866 -2.154057 -9.226001 16.415579 -23.768173 39.910496 -7.662001 2.934112 29.426794
29.616091 12.511430 -13.035690 -17.428759 6.618985 -40.956116 30.583340 -3.696472 4.965236 25.733776 35.953979 11.745482 18.054926 -21.263336 -2.681383 -20.800280 34.199223 -5.884721 9.108733 40.875160 29.766430 10.698198 -2.337539 -9.312628 16.350101 -23.666973 40.081554 -7.445667 3.179139 29.378731
29.252525 12.377813 -13.133949 -17.611012 6.937765 -40.593956 30.608139 -3.057410 5.136054 25.966040 35.439503 12.001858 17.647978 -21.465387 -2.653954 -20.248991 33.969021 -5.509521 9.480763 41.220413 29.385651 10.689554 -2.697807 -9.496819 16.222754 -23.252661 40.316631 -6.984170 3.661015 29.320179
28.733435 12.236068 -13.333363 -17.972536 7.247347 -40.072556 30.738468 -2.153499 5.498675 26.107866 34.880344 12.186574 17.060122 -21.815292 -2.584171 -19.439148 33.874771 -4.660239 10.066932 41.455200 28.907288 10.717320 -3.031927 -9.758508 16.323725 -22.822803 40.619061 -6.259678 4.210702 29.228762
28.116566 12.046818 -13.474791 -18.448805 7.555314 -39.408325 31.010765 -1.016952 5.874403 26.385265 34.544388 12.295566 16.307566 -22.141888 -2.600837 -18.538996 33.526501 -3.756737 10.393085 41.800121 28.291538 10.775605 -3.212663 -10.254307 16.243269 -22.305988 40.914936 -5.646744 4.490671 29.374430
27.241182 12.172460 -13.668905 -18.790354 8.034713 -38.933361 31.162678 -0.219426 6.393352 26.629808 33.965019 12.322494 15.712941 -22.325340 -2.249305 -17.719866 33.091873 -2.819610 10.840312 42.350475 27.174854 11.017626 -3.615985 -10.749999 16.176172 -21.812002 41.291538 -5.178535 5.053605 29.676264
26.117834 11.983158 -14.319887 -19.136805 8.549228 -38.122784 31.266333 1.003278 7.124767 26.793255 33.038704 12.556420 14.612022 -22.780268 -1.980905 -16.450981 32.599724 -1.570378 11.695575 42.624958 25.773111 11.135079 -4.471207 -11.424931 16.031380 -21.027609 41.527428 -4.367982 5.759577 29.850592
24.909950 11.848844 -14.823406 -19.498938 9.126646 -37.538296 31.407352 1.902162 7.882523 26.421322 32.295551 12.931415 13.935533 -23.158503 -1.642654 -15.271721 31.892721 -0.713216 12.329601 42.833252 24.333866 11.419189 -5.336461 -12.392459 15.641474 -20.221802 41.842808 -3.532841 6.365022 29.874371
23.875416 11.447878 -15.380929 -19.746466 9.633142 -36.826141 31.694654 3.171591 8.748528 26.260462 31.540550 13.270507 12.936480 -23.578173 -1.560579 -13.959458 31.327417 0.305298 13.030562 43.124977 23.200312 11.638990 -6.065114 -13.171724 15.259470 -19.449606 42.239086 -2.961208 6.889560 29.697342
22.551205 11.266018 -16.239351 -20.222612 10.168451 -36.057896 32.161938 4.835553 9.578913 26.236876 30.442625 13.567959 11.334274 -24.078468 -1.647716 -12.789245 30.547121 1.305073 13.564611 43.828495 21.720335 11.694362 -7.183470 -14.107476 14.845607 -18.453747 42.718624 -2.139368 7.355421 29.833874
21.519245 11.077461 -16.696753 -20.766579 10.767250 -35.084259 32.355843 6.408581 10.171907 25.969763 29.183645 13.841244 10.218598 -24.402327 -1.532532 -11.450900 29.613914 1.986065 14.210077 44.393814 20.257956 11.618390 -8.238014 -14.921008 14.596349 -17.542320 43.257805 -1.334981 7.935047 30.005007
19.949057 10.871680 -16.850006 -21.390888 11.348655 -34.376167 32.537296 7.524249 10.579054 25.835773 27.920748 14.012901 9.638597 -24.872162 -1.134434 -10.297619 28.900618 2.895703 14.670745 44.839718 18.623091 11.589219 -8.937400 -15.632911 14.554530 -16.980190 43.846905 -0.660260 8.530992 29.935163
18.589069 11.056225 -16.999397 -22.057304 11.842649 -33.364822 32.477962 8.619971 11.001901 25.941717 26.583265 14.424762 8.669776 -25.223764 -1.010937 -9.383592 27.972399 3.162503 15.161416 45.237343 17.141520 11.424151 -9.745776 -16.278456 14.555243 -16.212191 44.028660 0.045883 8.931891 29.970284
17.519646 11.258525 -17.074394 -22.890663 12.134894 -32.438389 32.850681 9.834549 11.303459 25.958693 25.651154 15.128530 7.746582 -25.695925 -1.087478 -8.232887 27.040981 3.825114 15.493831 45.799217 15.875438 11.461850 -10.353691 -16.809429 14.574500 -15.412182 44.271580 0.692294 9.338094 30.079021
16.764242 11.388656 -17.233231 -23.527025 12.304346 -31.654856 32.935886 10.666638 11.616257 25.559513 24.853109 15.522721 6.878822 -26.071438 -1.181440 -6.976210 26.128891 4.576468 15.866916 46.069710 14.834765 11.671093 -10.576975 -16.940813 14.814280 -14.694229 43.929398 0.990327 9.776638 30.196613
15.914221 11.602280 -17.524765 -23.999981 12.519328 -30.994585 32.919807 11.285805 11.981388 25.162411 24.063183 16.096739 6.213800 -26.296209 -1.174530 -6.084340 25.391197 4.746334 16.382280 45.966843 13.548908 11.750930 -10.953710 -17.265419 14.877352 -14.316012 43.990429 0.966790 10.088284 30.102934
15.408416 11.790771 -17.526094 -24.260515 12.779490 -30.474047 32.969616 11.745614 12.314719 24.867674 23.710815 16.619724 5.854423 -26.320429 -1.122114 -5.578613 24.899982 4.866868 16.732077 45.908226 12.726106 11.830601 -11.322224 -17.409876 14.883368 -13.998398 43.949306 1.028676 10.331607 30.105869
14.934831 11.906910 -17.442759 -24.425779 13.100779 -30.113785 32.982800 12.062117 12.577114 24.720362 23.435822 16.992762 5.690751 -26.426359 -0.992371 -5.219584 24.491930 4.979034 16.832180 45.844872 12.135120 11.892743 -11.645514 -17.617449 14.820259 -13.611588 43.828114 1.131871 10.467350 30.173147
14.653978 11.842951 -17.385761 -24.537077 13.285149 -29.910727 33.073429 12.301647 12.639331 24.606609 23.249218 17.067278 5.548596 -26.468424 -0.928166 -4.982321 24.225843 5.063511 16.887936 45.781895 11.888763 11.823955 -11.830451 -17.750832 14.719615 -13.415355 43.844143 1.265975 10.479121 30.163305
14.540717 11.874822 -17.445906 -24.603785 13.292128 -29.864540 33.116135 12.350295 12.673712 24.584871 23.152252 17.093611 5.508732 -26.519238 -0.896626 -4.953169 24.193581 5.106606 16.896584 45.762768 11.774610 11.808272 -11.873453 -17.801477 14.697449 -13.380076 43.862679 1.295616 10.488290 30.166842
14.562532 11.356208 -15.748113 -24.477694 14.243178 -29.705656 32.961048 12.460474 11.889675 25.359957 23.266243 16.614664 7.116444 -26.446133 0.050600 -4.151429 23.501366 5.763613 15.999549 46.274712 11.848049 12.594736 -10.405499 -18.118471 15.145224 -12.518798 43.545628 1.828032 9.945567 30.542772
14.730005 9.666039 -10.875972 -23.968489 16.911970 -28.735205 32.120213 12.378227 9.841742 26.730917 23.429184 15.629082 11.666858 -26.267355 2.906920 -2.487086 21.059618 6.475080 13.295810 46.756512 12.548951 13.999469 -6.388440 -19.452374 16.149689 -10.323265 42.258804 3.590306 7.644151 31.124500
16.220768 7.165292 -3.332003 -23.798820 19.831722 -27.389294 30.426840 10.823221 6.448251 25.913088 24.584902 13.764343 17.737780 -25.765644 5.935490 -0.123379 17.135330 6.075631 8.831427 46.021549 13.768360 14.248243 -0.441097 -20.295891 18.416704 -6.694768 38.841030 5.617340 3.344969 31.698444
17.183489 5.030023 4.648401 -24.751724 22.398581 -24.645130 28.298836 9.788986 2.729485 25.072420 25.632729 11.145034 22.061338 -25.947605 9.082096 1.748148 10.784881 5.059055 2.449705 44.187962 14.892965 12.724879 5.848629 -21.293999 21.318125 -2.862607 34.078743 7.612598 -2.194602 31.380180
16.880886 -0.261639 12.922621 -23.757311 27.158941 -20.836205 25.074781 8.423922 0.899549 22.782450 25.161728 4.403526 25.873266 -26.161860 15.792230 2.951059 5.667370 6.419297 -3.349053 41.529804 15.301229 9.156310 9.167041 -20.787905 27.517908 -0.568433 29.343370 12.203510 -5.197314 27.515125
14.447542 -7.466888 20.252371 -21.609983 33.636875 -16.465397 21.616928 8.077137 0.945949 23.130960 20.821045 -5.854947 27.204790 -26.072279 22.830421 3.146355 3.608117 7.887663 -7.208826 38.286888 14.441694 4.671725 12.974668 -19.410288 34.832085 0.651167 21.552933 14.799500 -10.459666 24.196772
8.138515 -13.928147 24.765287 -20.370934 39.665508 -11.260255 17.970707 7.785863 3.400454 23.675035 13.665820 -11.436774 27.020645 -26.001450 30.901552 3.720351 0.397360 10.390389 -6.618454 35.133904 10.116815 0.669475 13.614660 -15.907403 45.073471 -0.153532 13.835662 17.404140 -11.258215 20.398861
1.976950 -13.996523 25.538019 -21.839838 41.722008 -5.578593 17.742390 8.056920 8.354691 19.903469 7.691347 -12.021347 27.057367 -24.180445 36.837803 6.468297 -2.493899 11.015551 -2.584413 31.653948 3.914186 -5.401561 14.046092 -11.888714 53.552242 -1.519928 9.722091 15.916546 -8.950552 17.211796
0.349236 -10.538425 25.196453 -26.265610 42.214897 -0.789582 17.633579 11.960938 11.874338 12.253102 2.574506 -11.271067 25.457647 -23.012281 42.534878 9.611997 -8.955338 12.525811 1.731779 29.085238 -2.196548 -5.253436 12.662476 -8.407510 58.527481 1.672361 6.474089 17.118261 -2.836046 15.559557
2.069100 -3.037837 24.474951 -27.807541 43.598175 3.602427 11.542902 14.100025 16.213215 6.427623 0.959850 -6.239944 23.287951 -24.935343 43.410885 11.486495 -12.088382 11.742165 3.667675 24.138037 -4.749134 -0.449470 11.020739 -11.917027 56.666443 7.542862 3.075207 16.959011 -0.089453 12.345813
6.284639 6.500848 23.560411 -27.552296 43.626411 7.315415 5.416296 11.122409 17.636711 1.128035 2.878128 -1.367991 22.164801 -25.296564 40.729275 14.612738 -11.959076 5.870258 3.146312 18.130880 -1.524277 3.179398 12.688274 -12.362567 53.324131 12.507504 -0.314604 10.400728 0.878489 8.347217
12.632861 11.372788 20.122351 -24.198565 41.534622 10.364311 -1.090793 6.674380 16.856422 -0.316891 6.581302 3.880579 19.273310 -25.027294 37.927238 17.718689 -13.370778 1.237195 1.577166 14.447204 -0.054248 3.558532 12.422410 -16.696871 46.253544 15.226161 -2.018252 5.614546 -0.446699 7.470114
19.544361 12.159930 17.265032 -19.568775 38.172699 12.377530 -7.446486 1.729839 15.510130 1.847220 10.670278 8.454793 14.350381 -26.406824 31.399513 21.998392 -14.743402 -3.842639 -1.201935 12.440529 3.822305 5.329448 11.459558 -21.380346 35.204838 21.154726 -2.902915 0.722515 -1.520492 8.662792
26.419325 12.062026 13.968157 -15.230408 35.324459 14.397518 -12.864472 -0.487776 14.196736 5.456084 16.019987 11.994653 7.224490 -25.219372 23.882807 23.095623 -13.113772 -9.807430 -2.450540 12.424276 10.709682 4.604423 11.695165 -23.467865 25.802002 23.871490 -3.713681 -3.626637 -3.423094 11.199512
32.085609 10.177058 12.917493 -12.302347 33.604282 15.000260 -16.360872 -4.222430 11.606164 5.223094 20.843470 14.585585 3.154086 -24.774847 17.432472 22.803478 -11.258582 -16.832273 -4.810898 10.735348 16.657167 4.519521 13.987371 -23.566782 21.501556 23.437939 -3.489137 -8.329162 -4.763120 10.903693
37.047981 7.083135 13.563146 -10.408951 31.885256 14.073550 -20.144711 -9.202059 9.062714 3.540794 24.631762 15.984753 3.912878 -24.661453 13.307117 22.518486 -11.553417 -24.395998 -7.872203 7.899459 22.878134 5.304621 18.838684 -23.770763 19.855822 22.729191 -4.921550 -12.926346 -7.229732 10.818691
40.437031 5.919441 15.153697 -10.498713 28.601187 11.650590 -23.485149 -14.832954 6.085940 2.686800 27.236767 15.599648 5.399514 -23.174475 10.059151 20.615082 -13.707683 -31.957396 -9.709697 6.729703 28.591106 7.467844 23.407618 -24.944157 18.470894 21.998182 -5.983627 -16.615309 -10.187132 9.882419
44.303860 5.425322 17.073458 -11.702498 25.459101 10.003698 -24.932678 -17.311930 4.535592 -0.155629 31.485123 16.119440 6.515086 -22.458675 6.621191 19.403599 -15.126779 -37.115406 -12.066086 5.113008 32.168030 8.877189 27.813246 -26.194475 16.907915 21.720150 -6.017300 -19.822165 -12.398726 9.283115
46.406635 6.750583 18.765678 -12.519498 24.215071 9.603969 -25.827641 -17.643602 4.345286 -1.978413 33.600098 16.489981 6.526202 -21.500673 5.297948 18.519726 -15.349410 -39.850353 -14.312900 5.327809 34.187801 9.295959 29.445776 -27.498983 15.207896 22.042049 -5.602879 -21.188198 -14.252625 8.785345
47.250553 7.110387 18.860882 -12.550289 23.596212 9.232653 -26.082548 -17.989264 4.203202 -2.669892 34.237522 16.764055 6.678930 -21.499062 4.620940 18.060486 -15.440033 -40.794643 -14.806727 5.292574 34.853512 9.048616 29.598373 -27.989922 14.374437 21.802353 -5.088239 -21.570820 -14.828045 8.880771
47.109158 6.945695 18.983507 -12.481340 23.902422 9.526332 -26.363365 -17.826702 4.170932 -2.426441 34.016869 16.602428 6.573481 -21.404440 4.803096 18.389406 -15.658890 -40.689449 -14.747888 5.271557 34.673107 8.888862 29.639347 -27.786121 14.678672 21.971006 -5.349015 -21.559582 -14.649926 8.683332
47.073135 7.066647 19.810856 -12.505103 24.632694 10.103447 -27.127844 -17.510374 3.894864 -1.708410 33.282558 16.674240 6.410562 -21.317276 5.293693 19.132357 -16.185656 -40.209816 -14.666406 5.556418 34.102390 9.031368 30.187845 -27.243689 15.741117 22.174965 -6.018482 -21.336815 -14.440405 8.894454
46.928993 7.245453 19.916519 -12.376964 25.281252 11.056379 -28.171572 -16.953300 3.925143 -0.455691 31.993174 16.729631 6.251316 -21.578409 5.615756 20.402498 -17.071898 -39.360416 -14.055879 5.810948 33.118568 9.032868 30.283667 -27.208128 16.239126 22.987089 -6.711716 -20.609699 -14.132437 9.621281
45.917908 7.412603 19.731075 -11.906919 26.478434 12.424155 -29.554310 -16.265118 4.163193 1.132104 29.405729 16.668707 5.542734 -21.444231 6.963093 21.603943 -18.220249 -38.423988 -13.694662 7.186812 32.087833 8.842373 29.732452 -26.875942 16.587683 24.419746 -7.949982 -19.907328 -13.882635 10.722589
44.526985 7.776939 19.568243 -11.245584 27.954378 13.783098 -30.480579 -15.402593 4.753445 2.819727 27.924629 16.469519 4.517153 -21.418989 7.988193 23.385485 -19.731407 -37.252533 -13.618386 8.731612 31.103098 8.010802 28.575542 -26.165277 17.422194 25.701847 -8.944742 -18.672243 -13.286812 11.126742
44.487488 8.200974 19.812805 -10.318350 29.134407 15.673194 -31.855202 -13.848239 4.934483 5.173741 27.080013 16.248163 3.824736 -21.116138 9.296924 25.343502 -21.249201 -35.549015 -14.118819 10.489593 29.813734 7.980546 28.207241 -25.279799 18.584457 27.903746 -11.032177 -17.246748 -12.963288 12.468129
44.256512 8.712352 20.566181 -9.493290 30.774897 17.477123 -33.186028 -12.105355 5.493495 6.907538 25.242357 15.513345 2.720081 -20.652308 10.843233 27.326859 -22.715712 -32.866257 -13.456273 12.798446 28.810345 7.382643 27.316452 -23.787363 19.766356 29.944836 -12.788946 -15.997751 -11.707740 12.572486
42.842220 9.304238 21.451191 -9.660312 31.941545 18.908150 -33.673042 -10.585491 5.730486 8.750918 23.499250 15.102021 2.077034 -20.250694 12.039605 29.102554 -24.469240 -30.828808 -12.948062 14.818263 27.444904 6.764705 26.858692 -22.826130 20.947201 31.644632 -14.353778 -13.988217 -10.810942 13.325812
41.144341 10.504711 23.261580 -9.318851 34.095451 20.000788 -34.322224 -9.268489 6.524074 10.445462 21.923935 14.291294 2.023687 -19.466471 13.764033 30.783615 -26.886768 -29.036787 -12.842101 16.481064 26.325966 6.101955 25.887863 -21.809425 22.260588 33.729427 -16.315317 -11.609078 -10.068065 14.370875
39.362949 11.078636 26.390532 -9.145137 37.129807 20.889187 -35.484692 -9.141800 6.511930 11.045439 19.891026 13.461086 2.787632 -19.057011 16.036222 32.141872 -29.180637 -27.583323 -12.672431 17.559111 24.661760 5.519459 26.083572 -21.418974 24.269390 35.589622 -18.312431 -9.544811 -9.230444 14.293896
37.725872 10.663718 29.278408 -9.103824 39.299984 21.149977 -35.779202 -9.764376 6.089257 11.207345 18.434235 12.816863 4.301304 -18.927240 17.663939 33.299244 -31.046766 -26.891489 -13.082965 18.105137 22.803499 5.741309 27.582737 -21.065123 26.708363 36.079891 -19.246416 -8.394031 -8.536353 13.652750
35.468842 11.076075 33.180309 -9.316149 41.833656 20.492260 -35.005482 -10.603433 5.750322 11.585876 16.754145 13.036629 6.918898 -18.766481 20.340252 33.308826 -32.639229 -25.922880 -13.442840 18.966774 20.950241 7.222307 29.757685 -20.538750 29.948551 35.545689 -19.682312 -7.422076 -7.985619 13.297902
33.666641 11.563767 36.275990 -9.627481 43.816231 19.856770 -34.271473 -11.009823 5.604760 11.350016 15.357916 13.273927 9.468280 -18.441961 23.250589 33.167763 -34.118259 -25.185392 -12.947873 19.082844 19.384352 8.672061 31.265556 -19.329189 33.331863 35.064198 -20.737146 -6.094749 -7.100902 13.423683
32.548870 12.289022 39.872620 -9.356325 46.207481 19.306873 -34.133846 -11.335109 5.488492 11.791591 14.543815 13.925316 12.250237 -17.829222 25.873846 33.270439 -35.454861 -24.840923 -12.478971 19.025652 18.011009 10.307986 32.949333 -18.058035 36.289997 34.326027 -21.246279 -5.366648 -6.642213 14.035886
32.104378 11.250328 41.172604 -8.775410 47.291374 19.241472 -34.067539 -11.053791 5.686600 12.096027 15.146514 13.987463 13.494531 -16.878822 27.426966 33.807961 -37.233887 -23.896536 -11.753230 18.844336 18.209146 10.859808 34.058945 -16.534697 38.090481 34.766869 -22.571581 -4.725952 -5.944845 14.431733
31.419626 11.177351 42.580460 -8.365108 48.624172 19.161917 -33.856007 -10.577732 6.153426 12.531093 14.940986 13.782833 14.721904 -15.736934 29.066593 33.750401 -38.419323 -23.554716 -10.990609 19.307388 17.933872 12.143640 35.118755 -15.232101 40.402020 34.817265 -23.672504 -4.067242 -5.207470 14.939269
30.781837 10.887675 43.956905 -8.064364 49.870113 19.107872 -33.789230 -10.331948 6.335629 12.863946 15.004367 13.949986 15.765389 -14.818174 30.265379 34.017521 -40.001339 -23.446520 -10.720549 19.725567 17.801601 12.710784 35.947945 -14.446109 42.033264 34.791187 -24.388029 -3.446335 -4.873271 15.076228
31.117350 9.583246 43.927322 -7.512339 50.053940 19.290134 -34.163532 -10.132799 6.634416 12.721662 15.825979 13.458903 15.677445 -13.953989 30.728310 34.554615 -41.449955 -23.080015 -10.469209 19.614006 18.725031 12.554770 36.206005 -13.668502 42.446857 35.717148 -25.680395 -2.874397 -4.365517 14.867862
30.560596 9.530048 44.623672 -7.458465 50.668198 19.185774 -33.881226 -9.832370 6.808212 12.994860 15.583337 13.406492 16.226244 -13.724136 31.223873 34.565140 -41.971863 -23.092592 -10.440358 19.908789 18.632244 13.181503 36.951225 -13.365126 43.432289 35.844238 -26.199409 -2.415669 -4.289036 15.203378
30.453144 9.600804 44.717186 -7.425329 50.820213 19.186939 -33.802147 -9.659802 6.940375 13.041742 15.552506 13.551695 16.322140 -13.625100 31.351336 34.518776 -42.034904 -23.035383 -10.247882 19.927839 18.543985 13.394732 37.036827 -13.236370 43.652042 35.801208 -26.216227 -2.275971 -4.188425 15.292303
30.453144 9.600804 44.717186 -7.425329 50.820213 19.186939 -33.802147 -9.659802 6.940375 13.041742 15.552506 13.551695 16.322140 -13.625100 31.351336 34.518776 -42.034904 -23.035383 -10.247882 19.927839 18.543985 13.394732 37.036827 -13.236370 43.652042 35.801208 -26.216227 -2.275971 -4.188425 15.292303
30.453642 9.601737 44.716461 -7.425183 50.819817 19.187128 -33.801868 -9.658998 6.941319 13.041105 15.552506 13.551695 16.322140 -13.625100 31.351336 34.518776 -42.034904 -23.035383 -10.247882 19.927839 18.543985 13.394732 37.036827 -13.236370 43.652042 35.801208 -26.216227 -2.275971 -4.188425 15.292303
30.453642 9.601737 44.716461 -7.425183 50.819817 19.187128 -33.801868 -9.658998 6.941319 13.041105 15.552506 13.551695 16.322140 -13.625100 31.351336 34.518776 -42.034904 -23.035383 -10.247882 19.927839 18.543985 13.394732 37.036827 -13.236370 43.652042 35.801208 -26.216227 -2.275971 -4.188425 15.292303
30.453144 9.600804 44.717186 -7.425329 50.820213 19.186939 -33.802147 -9.659802 6.940375 13.041742 15.552506 13.551695 16.322140 -13.625100 31.351336 34.518776 -42.034904 -23.035383 -10.247882 19.927839 18.543985 13.394732 37.036827 -13.236370 43.652042 35.801208 -26.216227 -2.275971 -4.188425 15.292303
30.453642 9.601737 44.716461 -7.425183 50.819817 19.187128 -33.801868 -9.658998 6.941319 13.041105 15.552506 13.551695 16.322140 -13.625100 31.351336 34.518776 -42.034904 -23.035383 -10.247882 19.927839 18.543985 13.394732 37.036827 -13.236370 43.652042 35.801208 -26.216227 -2.275971 -4.188425 15.292303
30.454016 9.601632 44.717403 -7.424977 50.820442 19.187326 -33.802826 -9.659376 6.940866 13.041497 15.552505 13.551154 16.322332 -13.624941 31.351349 34.518650 -42.034962 -23.035870 -10.248577 19.928162 18.543993 13.394845 37.037041 -13.236448 43.651955 35.801510 -26.216267 -2.275834 -4.188488 15.292426
30.444893 9.597892 44.711117 -7.438582 50.805431 19.188326 -33.794403 -9.661993 6.929007 13.041226 15.553270 13.553926 16.322552 -13.625829 31.349735 34.522106 -42.035824 -23.036804 -10.248223 19.927557 18.544270 13.395736 37.037727 -13.236453 43.652496 35.802650 -26.217529 -2.275287 -4.188830 15.293776
30.453144 9.600804 44.717186 -7.425329 50.820213 19.186939 -33.802147 -9.659802 6.940375 13.041742 15.552506 13.551695 16.322140 -13.625100 31.351336 34.518776 -42.034904 -23.035383 -10.247882 19.927839 18.543985 13.394732 37.036827 -13.236370 43.652042 35.801208 -26.216227 -2.275971 -4.188425 15.292303
30.453144 9.600804 44.717186 -7.425329 50.820213 19.186939 -33.802147 -9.659802 6.940375 13.041742 15.552506 13.551695 16.322140 -13.625100 31.351336 34.518776 -42.034904 -23.035383 -10.247882 19.927839 18.543985 13.394732 37.036827 -13.236370 43.652042 35.801208 -26.216227 -2.275971 -4.188425 15.292303
30.453144 9.600804 44.717186 -7.425329 50.820213 19.186939 -33.802147 -9.659802 6.940375 13.041742 15.552506 13.551695 16.322140 -13.625100 31.351336 34.518776 -42.034904 -23.035383 -10.247882 19.927839 18.543985 13.394732 37.036827 -13.236370 43.652042 35.801208 -26.216227 -2.275971 -4.188425 15.292303
30.453144 9.600804 44.717186 -7.425329 50.820213 19.186939 -33.802147 -9.659802 6.940375 13.041742 15.552506 13.551695 16.322140 -13.625100 31.351336 34.518776 -42.034904 -23.035383 -10.247882 19.927839 18.543985 13.394732 37.036827 -13.236370 43.652042 35.801208 -26.216227 -2.275971 -4.188425 15.292303
30.453144 9.600804 44.717186 -7.425329 50.820213 19.186939 -33.802147 -9.659802 6.940375 13.041742 15.552506 13.551695 16.322140 -13.625100 31.351336 34.518776 -42.034904 -23.035383 -10.247882 19.927839 18.543985 13.394732 37.036827 -13.236370 43.652042 35.801208 -26.216227 -2.275971 -4.188425 15.292303
30.453144 9.600804 44.717186 -7.425329 50.820213 19.186939 -33.802147 -9.659802 6.940375 13.041742 15.552506 13.551695 16.322140 -13.625100 31.351336 34.518776 -42.034904 -23.035383 -10.247882 19.927839 18.543985 13.394732 37.036827 -13.236370 43.652042 35.801208 -26.216227 -2.275971 -4.188425 15.292303
30.453144 9.600804 44.717186 -7.425329 50.820213 19.186939 -33.802147 -9.659802 6.940375 13.041742 15.552506 13.551695 16.322140 -13.625100 31.351336 34.518776 -42.034904 -23.035383 -10.247882 19.927839 18.543985 13.394732 37.036827 -13.236370 43.652042 35.801208 -26.216227 -2.275971 -4.188425 15.292303
27.967678 11.223692 40.877525 -15.786122 51.281929 15.759623 -35.028561 -5.012404 -2.866551 9.755649 14.574322 14.837220 19.462532 -11.203534 28.359142 41.140579 -37.663223 -24.857716 -3.180444 22.154871 17.501976 15.276297 38.810612 -13.627610 39.762241 40.462734 -20.275093 -3.376295 1.271090 15.600540
27.967678 11.223692 40.877525 -15.786122 51.281929 15.759623 -35.028561 -5.012404 -2.866551 9.755649 14.574322 14.837220 19.462532 -11.203534 28.359142 41.140579 -37.663223 -24.857716 -3.180444 22.154871 17.501976 15.276297 38.810612 -13.627610 39.762241 40.462734 -20.275093 -3.376295 1.271090 15.600540
27.967678 11.223692 40.877525 -15.786122 51.281929 15.759623 -35.028561 -5.012404 -2.866551 9.755649 14.574322 14.837220 19.462532 -11.203534 28.359142 41.140579 -37.663223 -24.857716 -3.180444 22.154871 17.501976 15.276297 38.810612 -13.627610 39.762241 40.462734 -20.275093 -3.376295 1.271090 15.600540
27.967678 11.223692 40.877525 -15.786122 51.281929 15.759623 -35.028561 -5.012404 -2.866551 9.755649 14.574322 14.837220 19.462532 -11.203534 28.359142 41.140579 -37.663223 -24.857716 -3.180444 22.154871 17.501976 15.276297 38.810612 -13.627610 39.762241 40.462734 -20.275093 -3.376295 1.271090 15.600540
27.967678 11.223692 40.877525 -15.786122 51.281929 15.759623 -35.028561 -5.012404 -2.866551 9.755649 14.574322 14.837220 19.462532 -11.203534 28.359142 41.140579 -37.663223 -24.857716 -3.180444 22.154871 17.501976 15.276297 38.810612 -13.627610 39.762241 40.462734 -20.275093 -3.376295 1.271090 15.600540
27.915386 10.361030 41.373306 -15.603969 51.795433 16.319416 -35.043049 -4.710372 -2.803201 10.456173 14.409228 14.723418 18.960983 -12.276575 27.455273 42.034904 -36.931324 -24.368185 -3.274539 21.989801 17.077360 14.136084 38.553577 -13.548883 39.711460 40.787170 -19.531250 -2.970704 1.676611 15.585905
27.943531 10.216060 41.574326 -15.477948 51.857105 16.494940 -34.873825 -4.648600 -2.542190 10.487855 14.490827 14.678413 19.102716 -12.114635 27.687992 42.168182 -36.862255 -24.077488 -2.952123 21.915205 17.114059 14.176731 38.635303 -13.432544 39.769894 40.930733 -19.414436 -2.904217 1.913380 15.572984
27.917692 10.254575 41.465328 -15.480944 51.881939 16.410187 -34.883221 -4.631760 -2.531201 10.410949 14.464404 14.720839 19.061262 -12.187740 27.603201 42.127827 -36.912079 -24.200310 -3.080816 21.909565 17.103310 14.186657 38.618805 -13.505497 39.743351 40.915455 -19.484919 -2.933812 1.808830 15.576898
27.894464 10.323645 41.351841 -15.553499 51.821407 16.321465 -34.896984 -4.638806 -2.647575 10.372985 14.473522 14.732394 19.073729 -12.187013 27.593449 42.110615 -36.889366 -24.231840 -3.080841 21.891802 17.093559 14.174989 38.572895 -13.505584 39.733875 40.859138 -19.458721 -2.939945 1.815734 15.551091
27.893799 10.322393 41.372562 -15.574808 51.808456 16.345793 -34.901337 -4.647586 -2.660927 10.380064 14.474699 14.733438 19.075584 -12.181054 27.592934 42.115639 -36.890610 -24.237352 -3.073079 21.896261 17.093237 14.166316 38.568134 -13.505147 39.732590 40.851109 -19.455317 -2.943429 1.816629 15.550305
27.894260 10.322535 41.373264 -15.574035 51.809353 16.345966 -34.902004 -4.647568 -2.660518 10.380236 14.473930 14.731125 19.074751 -12.181350 27.592569 42.113976 -36.890713 -24.237455 -3.075278 21.897856 17.092644 14.164035 38.568447 -13.504701 39.734142 40.850670 -19.457008 -2.943099 1.814553 15.552222
27.893667 10.323318 41.374104 -15.582065 51.798168 16.350368 -34.895897 -4.651604 -2.664332 10.382627 14.474335 14.728656 19.076115 -12.187840 27.594213 42.106396 -36.883797 -24.233133 -3.080655 21.888853 17.093855 14.168624 38.569828 -13.508849 39.727436 40.853367 -19.453915 -2.946545 1.815291 15.550601
27.894789 10.325200 41.376053 -15.581805 51.799721 16.351336 -34.897778 -4.650496 -2.665074 10.383143 14.475000 14.730221 19.076675 -12.186622 27.594187 42.107010 -36.885994 -24.233158 -3.079877 21.890242 17.094320 14.171086 38.570080 -13.508662 39.728996 40.854477 -19.455809 -2.944549 1.815704 15.550650
27.894329 10.325077 41.376472 -15.580851 51.799667 16.351927 -34.897175 -4.650774 -2.662874 10.382946 14.474308 14.732763 19.076029 -12.188256 27.591583 42.110466 -36.887039 -24.235252 -3.080545 21.890993 17.094259 14.171606 38.569607 -13.508251 39.729053 40.854187 -19.455582 -2.944007 1.816489 15.550714
27.906883 10.346653 41.388634 -15.617763 51.775867 16.377821 -34.886345 -4.643124 -2.677552 10.381029 14.492406 14.743976 19.095312 -12.170447 27.625650 42.126270 -36.880051 -24.193548 -3.037910 21.876854 17.102301 14.191778 38.584015 -13.506807 39.726959 40.882431 -19.454306 -2.942283 1.835210 15.556092
27.904627 10.334225 41.376347 -15.588676 51.791225 16.355318 -34.904312 -4.656776 -2.671577 10.384220 14.489272 14.742056 19.090527 -12.172132 27.620111 42.119610 -36.882744 -24.197636 -3.046341 21.881323 17.103071 14.197377 38.582073 -13.508183 39.728104 40.881889 -19.457321 -2.937896 1.833672 15.554040
27.904936 10.334896 41.379780 -15.590133 51.790665 16.357969 -34.905685 -4.658271 -2.672671 10.385687 14.489538 14.741795 19.089928 -12.171548 27.621611 42.119392 -36.883575 -24.194830 -3.045308 21.881092 17.102884 14.197746 38.580761 -13.508373 39.728683 40.880428 -19.457514 -2.936944 1.833586 15.553156
27.902163 10.334020 41.374157 -15.588563 51.794674 16.353027 -34.902935 -4.652177 -2.671084 10.383706 14.489538 14.741795 19.089928 -12.171548 27.621611 42.119392 -36.883575 -24.194830 -3.045308 21.881092 17.102884 14.197746 38.580761 -13.508373 39.728683 40.880428 -19.457514 -2.936944 1.833586 15.553156
27.902510 10.334350 41.373295 -15.587596 51.794239 16.352453 -34.903488 -4.653569 -2.670431 10.383383 14.489542 14.741258 19.090191 -12.171139 27.621998 42.119709 -36.883812 -24.194164 -3.045121 21.881649 17.103493 14.197820 38.581657 -13.507653 39.729790 40.880569 -19.458057 -2.936821 1.833329 15.553466
27.902641 10.334694 41.373608 -15.587517 51.794693 16.352255 -34.904018 -4.653921 -2.670467 10.383083 14.489542 14.741258 19.090191 -12.171139 27.621998 42.119709 -36.883812 -24.194164 -3.045121 21.881649 17.103493 14.197820 38.581657 -13.507653 39.729790 40.880569 -19.458057 -2.936821 1.833329 15.553466
27.901155 10.332025 41.382214 -15.591300 51.782078 16.368725 -34.889435 -4.654609 -2.659909 10.382156 14.492805 14.744089 19.093079 -12.167552 27.627176 42.118385 -36.881123 -24.190928 -3.038214 21.878500 17.101105 14.193501 38.582394 -13.501906 39.729637 40.882435 -19.456173 -2.937458 1.837960 15.558299
27.909395 10.345549 41.381268 -15.604598 51.768646 16.369062 -34.896538 -4.660444 -2.679240 10.386194 14.494606 14.748625 19.094938 -12.166619 27.626822 42.122784 -36.883343 -24.191647 -3.036877 21.877459 17.102934 14.200357 38.585472 -13.504248 39.727741 40.885616 -19.456404 -2.940777 1.837252 15.556169
27.905458 10.341295 41.376919 -15.602644 51.768093 16.365639 -34.890480 -4.659799 -2.677272 10.386278 14.495975 14.750361 19.096596 -12.168249 27.623796 42.126022 -36.881458 -24.195389 -3.037067 21.875488 17.102936 14.195804 38.585274 -13.503871 39.726837 40.884293 -19.455311 -2.940726 1.837411 15.555882
27.898182 10.331035 41.374157 -15.587127 51.795219 16.356998 -34.898682 -4.649087 -2.664588 10.381827 14.489120 14.735891 19.089947 -12.172266 27.622204 42.114536 -36.878540 -24.193628 -3.046759 21.880854 17.103783 14.191371 38.584854 -13.507193 39.728333 40.881374 -19.456295 -2.937957 1.832536 15.556177
27.897867 10.331011 41.373970 -15.587904 51.794788 16.356768 -34.897987 -4.648784 -2.664913 10.381648 14.489017 14.736244 19.089922 -12.172110 27.621269 42.115528 -36.878582 -24.194700 -3.046392 21.880861 17.103729 14.191726 38.584732 -13.507932 39.728180 40.881958 -19.457441 -2.937845 1.831864 15.556153
27.898140 10.330167 41.375038 -15.588157 51.793476 16.357174 -34.898052 -4.651611 -2.666632 10.382793 14.488668 14.736998 19.089716 -12.172883 27.620619 42.116810 -36.879025 -24.194399 -3.046542 21.881582 17.104229 14.191850 38.583706 -13.508224 39.728432 40.880459 -19.457602 -2.937115 1.831429 15.555132
