28.832243 8.747393 48.872837 -12.428418 44.127228 25.847994 -30.210445 -13.654364 7.374513 15.228892 14.539959 14.651298 18.994335 -12.230549 27.493286 42.139919 -36.814728 -24.259703 -3.167683 21.838236 17.381317 17.521931 30.133900 -20.863216 39.780247 32.936382 -28.138197 1.553997 -7.896714 10.461838
29.233379 8.762153 47.940746 -12.525577 43.328598 25.914066 -30.292875 -13.967729 7.237756 14.935387 14.763715 14.590523 18.456114 -12.385133 26.964384 42.168777 -36.455135 -24.482679 -3.413488 21.676355 17.663040 16.973597 29.471083 -21.036081 39.034447 32.798782 -27.873423 1.066729 -8.018997 10.107024
28.666037 9.980155 47.534962 -13.271523 42.742798 25.697607 -29.619473 -14.165407 6.866481 14.989709 14.091686 15.092313 18.660765 -13.094232 26.662931 41.588661 -35.261902 -24.953806 -3.760933 21.691053 17.028927 17.326832 29.382553 -21.574789 38.953888 31.841251 -26.894722 0.331489 -8.586333 10.282046
29.057215 10.185767 45.764290 -13.718508 41.194206 25.616266 -29.322821 -14.441226 6.680574 14.532611 14.171885 15.105038 17.823347 -13.673790 25.700195 41.313293 -34.174057 -25.306376 -4.062778 21.353832 17.328819 16.534010 28.684004 -22.215403 37.629436 31.597757 -26.353491 -0.498637 -9.146590 10.098695
29.528515 10.218488 43.927765 -14.414102 39.543797 25.622953 -29.208778 -14.843805 6.182532 13.911377 14.455146 15.217853 16.792690 -14.475976 24.288164 41.271118 -33.158241 -25.822294 -4.793529 21.033804 17.808329 15.394656 27.876455 -22.987629 35.896549 31.508793 -25.613787 -1.260574 -9.750263 9.691955
29.819740 11.215946 42.379196 -15.226806 38.273766 25.623751 -28.990105 -14.999315 5.966670 13.521946 14.374198 15.618340 15.686557 -15.137416 23.073980 40.670147 -31.908274 -26.739103 -5.503918 21.093391 18.027958 15.225397 27.439926 -24.068729 34.646107 31.420677 -25.027313 -2.067213 -10.551467 9.681278
31.023428 10.707723 38.879025 -15.823617 35.825905 26.246513 -29.285810 -14.540269 5.850563 12.846657 15.571354 15.022432 13.074178 -15.599337 20.547396 40.629559 -30.671839 -27.130562 -6.055586 20.955599 19.465178 13.534416 25.918056 -25.176643 31.861841 31.999527 -24.631464 -2.832558 -11.051567 9.071825
32.863930 10.252782 35.687038 -15.628320 33.801216 26.841702 -30.008829 -14.075150 5.941562 12.818532 17.279051 14.914694 10.592180 -15.872415 17.862375 40.737549 -29.383684 -27.709343 -6.568590 20.536636 20.947084 11.962111 24.278664 -26.136070 28.694277 32.221741 -23.644297 -4.031180 -11.870605 8.851033
35.258209 10.048328 31.688520 -15.433509 31.134043 27.517555 -30.790346 -13.164540 6.351608 12.211513 19.253904 14.923108 7.982541 -16.196510 15.249889 40.718922 -27.981867 -28.571926 -6.340691 19.270506 22.819929 10.601210 22.099291 -26.608818 25.617470 32.882782 -23.159468 -4.742671 -12.293137 8.888209
37.061291 10.765466 29.251028 -15.615372 29.000847 27.531836 -30.801891 -12.516895 6.593136 12.145458 20.903795 15.889932 6.595294 -16.595476 13.477252 39.854984 -26.263418 -29.355450 -6.246249 18.585295 24.689640 10.377211 20.718309 -27.097820 23.120665 32.736797 -22.219660 -5.688972 -13.095853 9.525657
38.893120 10.427451 25.960262 -15.525630 25.858360 26.295992 -29.569866 -12.879749 6.663239 11.520583 22.937597 16.907162 5.700072 -17.281845 11.204326 38.390240 -23.487246 -30.348986 -5.982972 17.148447 26.299212 10.797585 20.500160 -27.692780 21.036560 31.188055 -20.261545 -7.500386 -14.107937 9.538949
40.788631 9.520068 23.832333 -15.770212 23.153233 25.221384 -28.715397 -14.187786 6.286345 9.668938 24.651054 17.770321 5.731102 -18.188744 9.424063 36.748554 -20.630287 -31.976683 -5.945535 15.187416 27.425169 11.442511 21.257032 -29.177132 19.569359 29.186708 -18.510557 -9.767631 -15.205040 8.289714
42.247257 8.912002 22.756460 -16.069487 21.350182 23.904636 -28.140615 -15.578651 5.981531 7.573298 26.445446 18.430862 6.330081 -18.705368 7.994363 35.327560 -18.985273 -34.082714 -6.649670 13.250650 28.897470 12.365572 21.510574 -30.870491 17.922626 27.709377 -17.122822 -11.825994 -16.489468 7.202984
42.769077 8.461877 22.236549 -17.010164 19.679018 22.192226 -27.111145 -17.385441 5.394717 5.795620 27.864199 19.043779 7.086010 -19.399771 6.215391 33.517197 -17.203035 -36.445290 -6.940093 11.228148 29.898962 12.706233 21.727283 -32.451103 16.513033 25.107424 -14.953066 -13.019578 -17.593235 6.253441
43.093544 8.189696 22.136570 -17.919828 18.556789 20.464600 -25.870981 -18.828377 5.463733 3.264396 28.634165 19.178400 7.660206 -19.811434 4.812441 31.631428 -15.389179 -38.027489 -6.416716 9.326326 31.211821 13.151726 21.969742 -33.846657 14.889729 23.278067 -12.807818 -13.942920 -17.964500 4.581104
44.554306 7.818876 22.284363 -18.636208 17.095976 19.227362 -24.931063 -19.472761 5.124447 1.401820 30.086811 19.543936 8.707928 -19.897223 3.750252 30.279793 -13.962394 -39.082504 -6.521578 7.804317 32.109497 14.047754 22.869177 -34.998158 13.682368 21.915928 -11.544132 -14.787755 -18.598839 3.774704
45.466389 7.567060 22.254475 -19.325674 15.694382 17.850418 -23.359350 -20.009672 4.924338 -0.353059 32.457478 19.427744 9.376996 -20.069647 2.394583 29.123013 -12.627230 -39.845192 -6.738782 6.526294 33.035812 14.109097 23.305798 -35.573429 13.074145 20.384935 -10.011110 -15.271696 -18.874891 2.492838
45.923500 7.677577 22.302975 -19.536263 15.143647 17.158953 -22.663721 -20.205950 5.170468 -1.752008 33.726227 19.426828 9.623420 -19.852577 2.101495 28.008081 -11.536418 -40.487606 -7.119463 6.120493 33.934208 13.917313 23.091009 -35.982109 12.266496 19.369593 -8.982236 -15.906075 -19.361782 1.512621
46.171642 7.725589 21.618660 -19.597288 14.453383 16.780895 -22.153891 -20.292242 5.581474 -2.547286 34.547581 19.583353 9.845197 -19.950121 1.614745 27.439548 -11.082024 -40.847355 -7.116026 5.759418 34.442341 13.862287 22.398470 -36.575222 11.123816 19.030111 -8.304309 -16.144035 -19.557579 1.358539
46.293804 7.862659 21.470409 -19.673889 14.113042 16.492956 -21.841997 -20.452251 5.625216 -2.776161 34.802776 19.812651 9.996711 -20.007488 1.408478 27.242706 -11.011353 -41.026768 -7.218850 5.840769 34.568687 13.989738 22.280968 -36.732258 10.826279 18.810186 -7.985165 -16.131664 -19.659628 1.570539
45.536366 7.547912 21.386402 -19.383165 15.007863 16.840246 -21.641638 -20.037689 5.889011 -2.067078 34.142437 19.699581 9.756616 -20.093555 1.981702 27.711517 -10.811395 -40.043133 -6.643565 5.699395 33.768681 14.148904 22.042595 -36.411095 11.504660 18.901405 -8.297252 -15.664554 -19.052505 1.394500
43.403763 6.134375 19.480095 -18.079021 16.953423 17.166559 -20.485413 -19.334951 6.862789 -0.437197 32.037464 19.518732 9.780015 -21.442753 3.242023 28.611946 -10.136052 -37.134766 -4.491414 4.884212 31.515009 13.817103 20.180782 -35.868694 12.825188 18.355453 -8.495048 -13.766414 -17.245117 1.515292
39.232349 5.287531 18.047632 -16.544128 20.783966 18.467789 -18.654390 -17.228029 8.120983 2.201081 28.156982 19.410288 8.815136 -22.607267 6.722322 30.091677 -8.845428 -31.813101 -2.439670 5.990317 28.357086 13.298075 16.325071 -34.786026 14.478604 19.308529 -9.125763 -10.622563 -15.013065 2.149962
34.326828 3.969811 16.255640 -15.681147 24.328541 19.487751 -13.591616 -13.193924 9.817700 3.493172 25.384354 17.989576 7.572986 -23.708590 10.614948 31.370087 -6.413463 -24.332878 -0.767678 7.385748 23.553051 11.769544 12.117524 -33.413807 16.407688 19.810116 -8.390009 -7.252248 -12.125251 2.210182
29.667622 6.353649 15.270549 -16.728271 26.957785 20.453764 -9.334716 -9.085778 10.810947 4.453614 21.877274 15.645617 7.201312 -23.460720 15.261095 30.964636 -5.878861 -17.051294 2.197814 9.758222 18.417376 10.497403 8.435242 -32.463253 18.720688 19.617361 -8.967547 -3.597962 -9.146942 3.679156
24.474897 8.039011 16.453457 -17.737753 30.922865 20.341084 -5.605042 -5.169444 12.740863 4.831390 17.267891 13.544616 11.547309 -23.899008 21.149992 31.227730 -6.731300 -10.463802 4.801678 11.229376 12.588051 9.739264 6.625396 -31.841393 22.953363 18.798445 -9.959547 1.292474 -5.087242 3.921307
17.446928 8.175100 18.275654 -19.004408 35.365585 18.263964 0.553635 -4.007131 13.035089 1.334319 12.468745 10.926020 18.894396 -24.407070 28.715452 29.829479 -7.579725 -4.510368 6.959094 11.223228 6.462498 9.521382 9.579424 -28.561853 32.713684 17.049292 -10.141585 5.049779 -1.353078 3.126920
10.629702 9.211021 19.409946 -22.311239 38.696152 16.368666 8.660584 -0.480594 12.534103 -0.362794 7.982044 5.535068 23.140415 -23.339188 36.387207 24.690477 -8.536685 1.565864 8.733699 14.410644 3.102674 7.210153 12.975830 -24.143724 42.142864 12.054028 -8.995074 8.707723 2.005238 3.016063
4.060984 5.280568 21.626942 -25.284225 41.326450 14.178082 15.795583 3.456264 10.629349 1.659839 3.049947 -2.926740 25.778687 -22.629135 40.586750 18.501354 -7.664351 5.492763 10.194498 18.605070 -0.145469 3.944131 13.709356 -20.460835 49.889378 5.421333 -7.236073 15.530586 6.207372 4.836524
0.813959 -3.207376 21.930567 -24.683659 43.676754 10.919452 20.442608 7.301453 7.118607 6.630332 0.932550 -8.693847 26.277857 -22.815504 42.775963 14.756655 -7.983542 10.323596 8.818112 24.011036 -2.487535 -0.682142 12.017681 -18.564749 54.178082 -0.775491 -5.425179 21.393614 6.042335 9.000145
1.693305 -10.305519 24.750463 -19.141314 46.099564 7.442708 22.805977 6.579311 5.243681 13.863486 2.627783 -13.332530 28.586370 -21.519979 42.965454 11.131223 -2.681723 12.848217 7.624148 26.713078 -0.388493 -5.137820 13.069954 -16.736752 54.834797 -6.264808 -2.629068 22.510881 0.672055 13.147088
5.347789 -11.663964 25.012501 -14.605037 45.591343 2.419969 21.842892 3.428847 1.823073 21.244343 8.995778 -12.339422 30.199886 -23.416222 37.867352 7.009152 5.275576 13.722956 4.124878 27.252012 4.438393 -4.961340 16.230873 -18.936890 50.794815 -9.057141 1.305325 21.446878 -4.140369 17.652399
13.090462 -7.653914 23.680117 -13.833374 42.239357 -1.394644 23.527252 3.640559 -2.793329 21.899118 15.448808 -9.878673 28.238615 -26.225525 31.367863 2.876087 7.163229 14.452310 -0.537987 29.487164 10.375557 -0.033298 18.237171 -23.431290 40.924301 -8.644713 7.256088 19.159962 -6.488265 21.608742
20.532791 -0.127750 21.689440 -14.380386 36.967007 -5.028337 27.426188 4.008974 -3.366676 20.290365 23.488985 -3.090469 26.598537 -25.722622 26.652105 -0.520887 3.235492 13.562900 -3.936228 33.531574 14.283598 4.276981 18.319870 -26.669420 30.812922 -8.824222 15.068088 14.671250 -5.064396 25.285324
24.036917 9.050891 14.854535 -15.284378 30.159222 -8.182036 30.609259 3.548368 -1.496549 21.172771 27.860704 8.525985 23.998428 -24.824259 22.200283 -3.111018 1.237431 13.569004 -1.105742 37.681934 14.805060 8.180182 13.861701 -30.873991 21.448118 -10.731812 23.560993 11.272485 -0.501579 26.943392
25.361345 13.984545 7.017446 -14.539188 26.107210 -10.326462 34.144573 5.621458 4.005129 22.340696 29.608749 16.901035 19.418789 -24.035374 16.160278 -5.655147 3.047133 11.723112 3.978291 40.833305 14.985686 11.437829 8.732843 -34.114597 14.316659 -12.757844 28.370461 9.633321 1.665981 28.311035
24.748480 16.532297 -0.861475 -12.735870 24.164564 -13.458303 36.512794 6.512371 8.584436 23.386942 28.466877 20.980492 13.310023 -24.808855 12.330182 -8.585306 7.531642 12.296026 9.029764 42.318008 14.304471 13.208510 1.782290 -33.556309 11.108100 -18.040009 31.207462 8.308465 5.129869 28.471394
23.365219 19.940701 -9.155452 -12.513891 21.595287 -15.224207 38.144680 7.673481 10.995484 24.695929 27.886761 22.817451 7.149283 -25.282366 10.494820 -12.359256 10.921569 13.197809 12.964456 42.711380 12.489556 12.575482 -3.990910 -33.930092 8.674609 -22.308329 34.403725 7.278156 7.611647 27.867956
22.271296 21.583689 -15.184949 -12.902354 19.041817 -16.244005 39.047600 7.787158 12.753376 23.646006 27.712801 23.827988 2.497011 -25.978895 8.158946 -15.312244 13.696127 12.673872 14.911240 42.430817 11.757984 11.657376 -7.457190 -33.589146 7.465059 -24.888685 35.627777 5.685245 9.182431 27.194620
22.250332 21.931854 -16.997969 -12.953427 18.240530 -16.222618 39.189186 8.011010 13.504701 23.070681 27.758783 23.832838 0.916997 -25.913528 7.198589 -16.251883 14.713073 12.086780 15.709010 41.841679 11.685257 10.884108 -8.852267 -33.497978 6.901742 -25.656204 35.958218 5.243911 9.535641 26.841766
22.399258 21.877081 -16.927040 -12.869570 18.283749 -16.294561 39.118725 7.976760 13.418125 23.093485 27.852692 23.818853 0.980602 -25.842745 7.210267 -16.329447 14.744054 12.031294 15.729842 41.854008 11.791852 10.977120 -8.880902 -33.470772 6.848071 -25.569201 35.922764 5.254306 9.603149 26.889023
22.689428 21.941942 -16.972048 -12.734071 18.138092 -16.535740 39.083527 7.722321 13.385478 23.142221 28.063375 23.809416 1.138451 -25.810211 7.115547 -16.572380 14.982529 11.869284 15.632108 41.912800 11.983493 11.142628 -8.757944 -33.293617 6.932591 -25.694262 35.906296 5.120481 9.786813 26.926579
23.322239 21.810129 -16.972912 -12.495127 17.914530 -16.876574 39.085262 7.473897 13.194256 23.179098 28.402420 23.459164 1.406980 -25.711700 6.978774 -16.964634 15.379197 11.616555 15.404994 41.923836 12.483699 11.255596 -8.565379 -33.039036 6.997695 -25.996048 36.044628 5.093471 9.900681 26.930969
23.917450 21.659969 -16.893097 -12.200145 17.684361 -17.209158 39.055763 7.138522 13.077213 23.313829 28.862598 23.008312 1.842034 -25.585077 6.935274 -17.393785 15.774262 11.484650 15.041654 41.962723 13.257327 11.357777 -8.353135 -32.705086 7.065993 -26.307547 36.118744 5.159179 10.028729 27.088533
25.025642 21.620087 -16.461470 -11.612302 17.515488 -17.784185 39.039543 6.578169 12.880987 23.500862 29.685331 22.352724 2.417480 -25.197542 7.011111 -17.925499 16.274641 11.513509 14.651265 42.009270 14.489618 11.349735 -8.090264 -32.255527 7.007429 -26.557375 36.137459 5.218417 10.038493 27.228525
25.991468 21.526932 -16.131168 -10.892611 17.362112 -18.547363 38.982666 5.653141 12.711397 23.681601 30.512522 21.768198 3.062847 -24.514437 6.945215 -18.957466 17.108152 10.765836 14.513024 41.657978 15.530048 11.282431 -7.923528 -32.027557 6.825758 -27.093985 36.415161 4.956307 9.904058 27.189936
27.094658 21.255812 -15.934383 -10.096971 17.004662 -19.586805 38.585548 4.337728 12.482095 23.526791 31.462305 20.801556 3.835487 -23.761131 6.921813 -20.019234 17.965046 10.141358 14.263389 41.175522 16.685249 11.240101 -7.473655 -31.341125 6.979619 -27.532528 36.061241 4.398475 9.829340 27.130295
28.526899 21.089354 -15.750687 -9.304012 16.562681 -20.615017 38.646412 3.279445 12.171936 23.582945 32.638950 20.076508 5.061009 -23.461624 6.957637 -20.791708 19.053638 10.177208 13.645238 40.900139 18.167677 11.256967 -6.871426 -30.563124 7.092357 -28.014477 35.771049 3.749839 9.650759 27.019291
29.961670 20.888130 -15.700322 -8.583591 15.928370 -21.242599 38.500813 2.123116 11.952104 23.721506 33.489582 19.685724 5.855219 -23.378256 6.445736 -21.711502 20.253569 9.506964 13.117391 40.643517 19.765879 11.090145 -6.220325 -29.814266 7.060807 -28.307806 35.342926 2.910170 9.386559 26.903019
30.978283 20.552191 -15.073604 -7.798467 15.677965 -22.164139 38.378212 0.717159 11.464415 24.005930 34.325294 19.025787 6.881563 -22.989077 6.089812 -23.049894 21.504349 8.632726 12.677562 40.249931 21.271103 11.166060 -5.100900 -28.883295 7.425341 -28.989693 34.894020 1.967075 9.195431 26.694765
32.616936 20.671488 -13.914406 -6.960905 15.573001 -23.301443 37.766026 -1.136440 10.521205 23.859262 35.480404 18.239923 8.514514 -22.307903 6.034991 -24.536488 22.702843 7.465444 12.189137 39.483391 22.685701 11.191727 -4.098170 -28.000544 7.750573 -29.660082 34.543385 1.216977 9.041652 26.459221
33.771492 20.747555 -13.270518 -6.528129 15.335663 -24.192778 37.416523 -2.478804 9.522803 23.765238 36.025188 17.816425 9.392924 -21.988811 5.597089 -25.776867 23.640644 6.213725 11.512186 39.172295 23.686110 10.867964 -3.531952 -27.254665 8.058326 -30.189816 34.364140 0.864340 8.841706 26.323490
34.734745 20.559795 -12.824764 -6.312299 14.691983 -24.831102 37.704830 -3.333084 8.964309 23.911369 36.548161 16.990705 9.915296 -21.948116 4.675561 -26.729296 24.953989 5.066490 10.547984 38.991882 24.961868 10.494810 -2.759268 -26.469122 8.331001 -30.918774 34.200623 0.035738 8.364420 26.158424
35.581581 20.593092 -12.059161 -6.289194 13.859726 -25.873676 37.648304 -4.965826 7.890521 23.616095 37.200268 16.261761 11.003739 -21.632885 4.156924 -27.623770 25.774715 3.810149 9.599603 38.839745 26.230398 10.347189 -1.869115 -25.821390 8.482789 -31.604984 34.184731 -0.775957 7.893331 25.948402
36.097157 20.473835 -11.805496 -6.297065 12.974670 -26.561600 37.496815 -6.257718 6.882258 23.375109 37.765896 15.951190 11.819978 -21.254250 3.878935 -28.171167 26.341156 3.031047 9.329257 38.598171 27.351860 10.154500 -1.231743 -25.312054 8.569134 -32.146851 34.016685 -1.547812 7.447324 25.666805
36.527813 20.724993 -11.527912 -5.865486 12.609617 -27.354193 37.249016 -7.415745 6.488006 23.214491 38.263332 15.672434 13.116151 -20.429255 4.439582 -29.198645 26.813723 2.294759 9.452302 38.329868 28.068634 10.030161 -1.100445 -24.728783 8.565209 -32.705555 33.920380 -2.120546 7.292516 25.492886
36.588142 20.740995 -11.219932 -5.801283 12.126517 -28.006050 37.281883 -8.334645 5.737529 23.303015 38.762085 15.253165 14.275647 -20.093077 4.472570 -30.019590 27.526794 1.453924 8.981993 37.885750 28.585709 10.084734 -0.798319 -24.374529 8.539600 -33.227844 33.867962 -2.675208 6.992767 25.511486
36.887573 20.926916 -10.930701 -5.759885 11.831626 -28.477634 37.339252 -8.870434 5.329585 23.216120 39.216827 14.791705 15.111327 -19.958969 4.405630 -30.430670 28.159691 0.866918 8.526666 37.429108 28.917604 10.041358 -0.477127 -24.135054 8.582277 -33.643299 33.887547 -3.218959 6.734185 25.468914
37.146229 21.051950 -10.849012 -5.638998 11.608221 -28.660616 37.184776 -9.148529 5.170885 23.230476 39.466137 14.494084 15.477049 -19.729267 4.486573 -30.746065 28.316265 0.546035 8.420863 37.264320 29.025549 9.991077 -0.332814 -23.997028 8.659576 -33.781162 33.830956 -3.480054 6.628962 25.491302
37.224583 21.099215 -10.688023 -5.606519 11.611197 -28.725008 37.171383 -9.249802 5.114371 23.215206 39.560062 14.401406 15.582257 -19.658134 4.487798 -30.725855 28.342228 0.497886 8.369491 37.224464 29.067064 9.964466 -0.263768 -23.953671 8.684383 -33.825775 33.781452 -3.575306 6.558196 25.511101
37.316448 21.004282 -10.617638 -5.585700 11.680006 -28.659996 37.077698 -9.161623 5.024876 23.256998 39.616913 14.333273 15.623765 -19.674280 4.536768 -30.578075 28.228926 0.636342 8.301795 37.269299 29.143581 9.969405 -0.152408 -24.015629 8.667933 -33.749371 33.776756 -3.501447 6.446232 25.508518
37.632336 20.847992 -10.250908 -5.573055 11.788855 -28.555542 37.077286 -9.035596 4.855365 23.274914 39.828491 14.257299 15.892197 -19.688335 4.612987 -30.219782 27.921169 0.852260 7.989202 37.495468 29.465559 9.901302 0.098140 -24.235170 8.443867 -33.454212 33.793232 -3.329597 6.131294 25.629620
37.823654 20.459373 -9.684675 -5.629302 12.086845 -28.153069 36.859467 -8.633034 4.568618 23.515945 39.925465 14.123555 16.021248 -19.674828 4.784755 -29.583977 27.299637 1.276268 7.679268 37.960960 29.816566 9.891119 0.407665 -24.484007 8.294381 -32.814243 33.529327 -2.868593 5.734169 25.948788
38.321049 19.902922 -8.852626 -5.655116 12.458385 -27.726032 36.546535 -8.084561 3.966253 23.857695 40.304523 13.764081 16.371429 -19.671055 4.830347 -28.863443 26.676647 1.555288 7.099952 38.190788 30.415236 9.773612 1.066132 -24.742325 8.161065 -32.143951 33.278702 -2.484439 5.005192 26.225483
38.851112 19.373819 -7.729832 -5.691965 13.023259 -26.974182 35.960781 -7.419387 3.494151 24.403084 40.788166 13.232862 16.767609 -19.578665 5.213352 -28.021620 25.608072 2.261586 6.503695 38.664322 30.773794 9.796427 1.553736 -25.034439 8.113889 -31.287724 32.767490 -1.831540 4.420073 26.794603
39.544567 18.782978 -6.317704 -5.899661 13.508723 -26.191401 35.383633 -6.710915 2.915041 24.590799 41.500542 12.732971 17.155123 -19.625219 5.587904 -26.885046 24.180616 3.079540 5.503475 39.200996 31.311056 9.699513 2.146598 -25.278954 8.064625 -30.349154 32.315823 -1.040963 3.765303 27.369204
40.525299 17.729837 -4.939215 -5.987422 14.185998 -25.306652 34.806232 -5.612778 1.986358 24.802767 42.251858 11.732904 17.289261 -19.451555 6.174769 -25.680723 22.511610 4.228240 4.480003 39.689987 32.129208 9.000571 2.856476 -25.239594 8.408265 -29.313301 31.879839 0.167882 2.990883 27.469393
41.273064 16.454407 -3.631524 -6.180257 14.829495 -24.548843 34.420261 -4.538498 0.843607 25.000353 42.937866 10.829257 17.735085 -19.296936 6.923070 -24.649576 21.081806 5.081979 3.405852 40.064205 32.851479 8.438881 3.711443 -25.569504 8.740980 -28.217638 31.581409 1.411424 2.155947 27.122820
42.023422 14.823973 -2.108299 -6.161335 15.725630 -23.244881 33.725910 -3.219737 -0.059289 25.398500 43.811810 9.783105 17.815714 -19.172169 7.309997 -23.285690 19.578550 5.942110 2.490220 40.083126 33.597191 7.761923 4.249470 -25.931643 8.903226 -26.865946 31.170767 2.814753 1.315476 26.570280
42.481205 13.305460 -0.256712 -6.221288 16.631262 -22.292294 33.119911 -2.428064 -0.924452 25.270731 44.333134 8.673337 18.101768 -18.920153 8.146659 -21.832870 17.666460 6.900861 1.635774 39.805378 34.281792 7.085576 5.369213 -26.343973 9.210777 -25.754702 30.868139 3.739106 0.214066 25.966053
42.920921 12.152506 1.368015 -6.550615 17.582548 -21.281359 32.189068 -1.307306 -1.851694 25.094389 44.676720 7.553940 18.082180 -18.900604 8.966601 -20.185390 15.777826 8.311848 0.901908 39.464283 34.467808 6.540425 6.404948 -26.571989 9.882327 -24.467745 30.024038 4.885839 -0.481367 25.555340
43.280121 10.714433 2.447100 -7.122067 18.475439 -20.233755 31.513729 0.520025 -2.896316 24.525560 45.598804 6.228577 17.806103 -18.581711 10.030747 -18.724222 13.819079 10.102737 0.161303 38.849354 35.119652 5.313869 7.006625 -26.719706 10.574086 -23.233017 28.850529 6.538704 -1.583442 24.767832
43.730946 9.324549 3.789263 -7.308164 19.950611 -19.183598 30.459066 2.403891 -3.833819 24.195406 46.198772 4.856773 17.173851 -18.343271 11.088283 -17.470566 11.751914 11.856797 -0.464666 38.465446 34.758827 3.980083 7.350187 -26.808472 11.273531 -22.067493 27.725756 7.820947 -2.541340 24.518085
43.859127 7.252970 5.332752 -7.333859 21.423088 -18.001898 29.574026 3.896461 -4.281558 23.432425 46.714127 3.757250 16.917810 -18.416777 11.916998 -15.917163 10.155373 13.379586 -0.856379 37.718342 35.277882 2.396750 7.924608 -26.921404 11.938248 -20.655874 26.723368 9.121188 -3.557557 23.506235
39.653568 -1.560004 7.893811 -12.426937 17.358149 -14.743211 33.672291 3.086682 -5.692686 23.773647 44.633163 -3.425920 18.240513 -18.944706 9.132098 -7.308588 11.943455 11.276994 -2.563389 39.207253 37.989384 4.649116 4.311570 -21.323034 18.092010 -19.614452 17.430944 19.120768 -0.600353 22.514729
39.443447 -4.436077 8.972341 -11.954441 19.497938 -13.482280 33.466656 5.457385 -4.950182 22.263062 44.132706 -5.740813 17.921213 -19.360842 10.248847 -4.995425 11.193786 13.471674 -2.884819 38.428474 37.816082 3.124107 4.617077 -20.191986 19.964296 -17.830816 16.301666 21.370203 -0.200436 22.213690
39.585499 -7.674952 9.819160 -11.443019 21.036228 -11.649523 33.238323 7.568732 -4.133193 20.808443 44.073963 -8.461892 18.120426 -19.632774 11.439600 -2.925827 11.072082 15.528054 -2.847787 37.180004 38.206821 1.303026 4.561570 -18.697411 21.866014 -15.647130 14.891494 23.791689 0.498380 21.215206
39.685410 -10.242249 10.481385 -11.249949 22.181795 -9.508510 32.604015 9.532408 -3.310146 19.777918 44.009403 -10.702854 17.524794 -20.366137 11.721763 -0.349676 11.563802 17.729053 -2.370553 35.636868 38.967251 -1.020059 4.417868 -16.811783 23.770378 -13.421476 13.419333 26.139978 1.110176 20.070078
40.369854 -12.211516 10.494863 -10.131218 23.694691 -7.236441 31.113094 12.097371 -1.584842 19.019690 44.018665 -12.416242 17.332180 -20.703800 12.561700 1.773934 11.571476 19.818783 -1.390252 33.598663 39.130955 -2.731590 4.075994 -15.415977 25.262634 -11.564282 12.261619 28.047621 1.980802 19.116766
38.707924 -15.832124 8.627497 -9.102015 24.961823 -4.333006 31.302113 13.206864 -1.750466 18.843031 42.244568 -15.252339 16.760084 -23.344212 11.601382 4.730914 13.713839 20.634531 -2.171282 31.273369 37.929974 -6.035805 2.437451 -15.202900 26.734781 -11.060853 11.198164 28.835304 0.079322 18.424934
38.574768 -17.851633 8.478897 -8.455763 25.979959 -2.599860 30.057232 14.171346 -0.592688 18.178820 41.844669 -17.278250 16.776602 -22.970181 12.562890 6.825962 13.832438 21.505213 -0.718788 29.083380 37.488476 -8.446914 1.702751 -14.025653 28.217295 -9.853903 9.920615 29.980785 0.706857 17.281729
38.595646 -20.448219 8.271157 -7.718407 26.302998 -0.301396 28.857620 14.244745 0.690559 17.640591 42.147312 -18.436075 16.783070 -22.233932 13.009376 9.941438 13.043573 22.190054 1.370906 27.176081 36.945885 -10.841887 0.842791 -12.843945 29.377462 -8.298529 8.239856 30.951532 1.705283 16.083515
38.869343 -22.758732 8.444571 -7.166800 26.442436 2.286286 27.801001 14.403849 2.121297 16.686441 42.727924 -19.712172 16.601332 -21.425444 13.607079 13.138640 11.730423 22.672028 2.753324 25.484140 36.827988 -13.143624 0.089943 -11.948701 30.405533 -7.135870 6.631469 31.626711 1.641318 14.843439
38.364342 -24.593212 8.998583 -7.169470 26.255880 4.749327 27.448858 14.455116 3.300623 16.087545 42.543888 -21.038813 16.486107 -20.220139 14.455572 15.925741 10.078073 22.771851 4.107099 24.709572 36.429977 -14.691916 -0.294769 -11.437788 31.362391 -6.058682 5.637693 32.147293 1.721086 13.480182
38.066433 -26.236418 9.333590 -7.546923 25.564835 7.353957 27.198618 14.312120 4.228367 15.157624 42.275105 -21.807079 15.929873 -19.529095 14.862208 18.351324 8.468246 22.739096 4.995803 24.092951 36.293789 -15.773562 -0.895063 -10.628535 32.460350 -4.793509 4.308285 32.995018 2.275893 12.270192
38.140511 -27.260454 9.570668 -8.113692 24.756514 9.915169 26.345804 14.042046 4.789552 14.475514 42.243530 -22.588724 15.284401 -19.110146 15.241718 20.936243 6.809412 23.065546 5.535674 23.455866 36.328651 -17.030888 -1.675339 -10.114232 33.093102 -3.374221 3.414354 33.796268 3.004294 10.319499
38.179199 -28.329025 9.091866 -8.838518 23.736122 12.636256 25.218962 14.361735 5.257262 14.136588 42.515148 -23.727551 14.183860 -18.507652 15.384514 23.250401 5.264862 23.221035 6.045562 22.736658 36.258877 -18.500027 -2.663749 -10.080970 33.051735 -1.920042 2.630377 34.242313 3.420495 8.551173
38.237728 -29.077454 8.536987 -10.003366 22.827379 15.115930 23.928730 14.896626 5.057539 13.539857 42.575306 -25.553396 12.923590 -17.920132 15.711658 24.846378 3.858546 23.496344 6.517847 21.900454 36.470119 -19.733973 -3.595955 -9.992551 33.243942 -0.499935 1.482194 34.897064 3.746233 6.970387
38.287605 -29.746674 7.559490 -10.697183 22.079563 17.029505 22.576735 15.039139 5.095070 12.850247 42.155918 -27.673597 11.536258 -17.455626 16.292944 25.928835 2.974302 24.050268 7.269019 20.960304 35.740963 -20.822500 -4.835880 -10.037899 33.214077 0.811038 0.355797 35.365097 4.359832 6.215167
37.878948 -30.233358 6.546371 -11.356815 21.605455 18.652954 21.530817 15.431113 5.334728 12.310353 41.414791 -29.208414 9.878637 -17.344738 16.545248 26.740993 2.397216 24.504831 7.969318 20.047346 34.904587 -21.480722 -5.959669 -10.040006 33.276066 2.291514 -0.965156 35.792206 5.059828 5.618572
37.185646 -30.547247 5.170530 -12.064008 21.047472 19.883059 20.889212 16.014330 5.444908 12.225804 40.721802 -30.443943 8.615964 -17.353512 16.902054 27.262829 2.027478 24.778658 8.476240 19.092958 34.267551 -22.141796 -6.836940 -10.324974 33.119255 3.713066 -2.100663 36.001171 5.392136 4.976212
36.782448 -30.958685 3.933868 -12.407904 21.039120 20.993774 20.226820 16.842539 5.817614 11.567353 40.158154 -31.716400 7.437257 -17.367119 17.347202 27.740181 1.608940 25.088858 9.019532 17.940601 33.833290 -22.863054 -7.681366 -10.807998 32.489033 5.223207 -3.100417 35.990562 5.540984 4.627069
36.450352 -31.100842 3.140609 -12.786883 21.074108 22.013212 19.498863 17.438126 6.189324 10.962550 40.015491 -32.512115 6.217286 -17.319075 17.349838 28.148811 1.166195 25.264780 9.548341 17.005201 33.380539 -23.330540 -8.355822 -11.220366 32.010242 6.295385 -3.823262 36.017750 5.692482 4.476444
36.058369 -31.396915 2.513286 -13.029799 21.183407 23.085718 18.727690 17.976871 6.556901 10.555333 39.537697 -33.055981 5.037057 -17.258003 17.447218 28.355688 0.843248 25.514849 10.148657 16.426279 32.752338 -23.738708 -9.061696 -11.619227 31.759933 7.273294 -4.485326 36.168118 5.975430 4.353452
35.636066 -31.434793 1.822615 -13.367694 20.980127 23.936403 18.182159 18.170782 6.825696 10.254830 39.186169 -33.347485 4.226373 -17.323494 17.474405 28.453987 0.809940 25.514103 10.606687 15.711940 32.107574 -24.143133 -9.559626 -12.242799 31.306572 8.107363 -4.871644 36.118336 5.952531 4.227407
35.653370 -31.440989 1.068635 -13.726949 20.596888 24.624529 17.873972 18.445425 6.939724 10.063367 39.173603 -33.522778 3.276348 -17.510586 17.085234 28.521130 1.026806 25.457947 10.918930 15.056520 31.611235 -24.555834 -10.127662 -12.833147 30.861856 8.667809 -4.928431 36.200951 5.859775 4.160373
35.445148 -31.237555 0.595029 -14.053607 20.410599 25.239819 17.504375 18.591385 7.121987 9.921283 38.718178 -33.480350 2.572843 -17.608479 17.069637 28.477703 1.196610 25.463493 11.380358 14.643596 31.147421 -24.828531 -10.699637 -13.134673 30.499956 9.064065 -5.065301 36.120495 5.966264 4.188336
35.160946 -31.391327 0.378708 -14.306957 20.419455 25.696320 17.386274 18.812061 7.250532 9.804922 38.410789 -33.589710 2.155043 -17.810299 17.026468 28.478832 1.515221 25.523811 11.588036 14.312441 30.596600 -25.159678 -11.149238 -13.385876 30.367388 9.341285 -4.976194 36.309807 6.105742 4.195651
35.038506 -31.500227 -0.076394 -14.401058 20.227467 25.848154 17.358418 18.791761 7.287127 9.743802 38.436958 -33.794430 1.686528 -17.859938 16.842043 28.440664 1.696449 25.505239 11.733942 14.018214 30.430309 -25.420771 -11.526196 -13.569165 30.038200 9.520913 -4.974211 36.256268 6.127092 4.220675
35.003162 -31.493042 -0.122220 -14.417504 20.263489 25.990786 17.262794 18.903978 7.341755 9.745252 38.334072 -33.836021 1.561374 -17.856407 16.889812 28.461340 1.687475 25.582783 11.842555 13.968889 30.292109 -25.482718 -11.623367 -13.617537 30.011766 9.567801 -4.979414 36.269901 6.186372 4.202498
