32.630020 -32.871075 -5.044113 -22.161011 24.265902 8.867854 6.500086 30.793760 4.552818 6.465376 39.031666 -30.207411 -4.082304 -9.409605 26.728062 31.716593 7.802645 23.079752 4.184325 10.873941 30.099958 -22.554821 -17.181578 -10.251221 33.160339 13.496489 0.354162 33.891010 -1.637725 1.387173
32.118427 -33.755901 -4.627458 -22.159889 24.480516 8.690198 6.452292 30.127735 4.147913 6.370194 39.005692 -30.497337 -3.694621 -10.078791 26.398592 32.390827 7.608690 22.628986 3.268798 10.573824 29.699902 -22.978796 -16.653954 -11.001964 33.079144 13.619513 0.673662 33.831940 -2.222069 1.242757
30.784212 -35.515537 -4.116647 -22.174475 24.985746 8.004501 6.547756 28.572783 3.454213 5.685285 38.337910 -30.937790 -2.584578 -11.548748 25.882860 33.234570 7.820694 21.123981 1.655059 9.720426 28.861057 -24.149338 -15.553673 -12.180987 33.275974 13.433717 1.476316 33.186127 -3.140299 0.057683
29.596233 -37.461784 -3.968189 -22.258671 24.795813 7.042562 6.542288 26.066977 2.250273 4.554741 37.927315 -31.329561 -0.630343 -13.276851 25.218815 33.992977 8.550522 18.536856 -0.349494 7.757369 28.665909 -26.288235 -13.562660 -14.030261 32.716145 12.859055 2.923809 31.165506 -5.109997 -2.242609
28.452660 -39.936478 -3.102784 -22.444853 24.673872 5.933370 6.621664 23.022102 0.551577 3.699058 36.774426 -31.937649 1.168625 -14.870654 25.132231 34.730862 8.951007 16.638321 -1.965074 6.115180 27.714027 -28.937357 -11.760221 -16.083927 32.298969 11.961429 4.410392 28.978273 -7.001766 -4.754899
27.282940 -42.108070 -2.046720 -22.464909 24.742733 4.549800 6.783311 19.596218 -0.729435 2.031148 35.961868 -31.957663 3.315207 -16.189957 24.786119 34.826492 9.411704 13.791810 -3.768679 4.421296 27.196384 -31.182896 -9.641016 -18.083757 31.850252 11.185120 5.559243 26.642942 -9.220589 -7.059962
26.160933 -43.651100 -1.030195 -22.110231 25.372637 3.141137 6.608504 16.574995 -1.623931 0.475022 34.790401 -31.722664 4.901809 -17.413595 24.190529 34.969189 9.939950 11.297071 -5.466995 3.835515 26.627869 -32.856834 -7.795830 -19.668192 31.956108 9.979792 6.845378 24.543058 -10.929913 -9.236650
25.227118 -45.186695 0.076533 -21.916601 25.918747 2.002163 6.557268 14.096228 -2.584944 -0.279995 33.883953 -31.576101 6.908885 -18.146200 24.344995 35.157562 10.271491 9.103509 -6.989979 2.948691 26.426907 -33.903393 -6.621969 -21.019232 31.509777 9.373195 8.040272 22.749636 -12.400376 -10.669215
23.950764 -45.994057 0.583668 -21.817333 26.442825 1.199198 6.630443 12.423726 -2.961327 -1.023075 32.611927 -30.639259 7.917148 -19.179478 24.216499 35.233463 10.718505 7.777308 -7.969328 2.527897 25.727882 -34.058270 -5.817090 -21.966290 31.272470 8.919276 8.823172 21.358723 -13.292247 -11.515372
23.066994 -46.007706 0.913041 -21.651773 26.871880 0.785951 6.342145 11.380596 -3.100916 -1.089243 32.017296 -30.195265 8.486495 -19.569271 24.205860 35.177364 10.907039 6.939725 -8.457339 2.373691 25.157753 -33.810860 -5.494085 -22.305016 31.428816 8.753867 8.971213 20.557224 -13.487628 -12.043145
23.157021 -45.770386 1.459891 -21.508934 26.935017 0.224786 6.670614 10.968977 -3.392147 -0.798781 32.099094 -29.572279 8.905865 -19.701942 24.086153 35.052952 10.973434 6.776283 -8.813710 2.594401 25.410065 -33.191288 -4.847709 -22.658442 31.211187 8.620713 9.251763 20.432602 -13.841490 -11.818917
22.908363 -41.567764 5.927261 -21.676613 28.174335 -2.923993 8.304760 10.110673 -5.114993 3.180973 31.940586 -25.403549 12.222871 -20.329165 24.825521 33.133015 11.364192 7.500290 -10.991844 6.581859 25.795835 -27.945507 -1.153543 -24.133778 31.381193 6.811586 11.424691 20.991665 -15.557126 -8.542842
21.419880 -30.664953 11.940132 -22.574234 30.001116 -8.791200 13.432987 10.415490 -5.907364 10.706102 31.821091 -15.013271 19.146429 -21.568747 26.595358 26.574265 11.652460 8.109086 -13.213750 14.459565 23.402163 -16.330896 1.708328 -24.859316 32.725124 2.986690 15.475089 23.462603 -15.696230 0.666807
17.926102 -11.231927 20.949863 -27.443920 30.996538 -12.598590 17.380058 9.498227 -7.065237 18.532877 26.365532 -2.672786 25.080564 -19.936459 33.490658 13.931382 11.639574 9.766148 -12.854247 24.326910 15.471330 -2.178568 6.532181 -23.126717 36.149033 -2.961411 16.547623 20.980154 -17.243011 18.017879
14.315344 7.667493 19.508434 -28.818283 25.082739 -12.725670 14.071466 2.794271 -6.485610 35.460358 20.048573 3.867607 19.715378 -14.892074 36.501659 -5.034277 14.364013 2.728487 -8.074430 31.537451 11.094260 7.330572 9.361315 -18.798204 37.030079 -8.823411 14.847455 6.966934 -16.566879 31.591227
21.191084 15.156665 11.566286 -26.544636 16.498985 -16.017050 6.004077 -8.722821 -8.285501 38.234436 23.124760 7.692211 13.702542 -10.837293 32.420982 -13.794405 13.748835 -9.510307 -5.326032 25.898296 15.470584 12.839390 6.673184 -14.166972 32.875290 -13.034773 11.818057 -8.184331 -12.680903 33.514118
34.720711 18.155930 7.706909 -21.415545 10.005949 -16.977341 -0.249019 -23.127596 -9.661551 23.616034 34.348213 7.649648 11.759979 -4.403713 26.371710 -18.697493 11.464799 -22.579369 -3.442500 18.200424 27.454569 12.013912 3.838848 -7.741640 27.379007 -12.457078 5.704277 -20.554794 -9.812562 31.452301
41.239510 14.209085 -7.260608 -18.791193 1.898585 -14.983253 -2.682419 -30.343672 -10.505140 11.305359 44.658855 5.624846 7.438543 -1.353844 17.179899 -20.527809 9.595345 -32.819633 0.495413 8.585533 38.401134 4.246488 0.019467 -3.870801 19.465765 -10.949228 -0.307704 -30.479500 -7.179828 24.172649
47.670036 5.711334 -11.507335 -17.083742 -1.286513 -12.665027 -5.737328 -32.074306 -12.092490 2.387536 54.417728 -2.241664 5.880684 0.075425 12.909367 -17.245138 9.118487 -32.693874 1.701134 -1.812700 49.296089 -3.876804 -1.780902 -1.473374 14.915987 -9.515248 -1.054878 -31.817955 -5.995005 15.387706
49.533310 0.824470 -12.468988 -16.800335 -2.740584 -11.242748 -7.623521 -33.819180 -12.776454 -1.184961 58.259377 -5.905284 4.138608 0.522457 11.746342 -15.094206 9.180996 -33.976189 -0.314432 -6.730814 54.074669 -8.275269 -1.872387 -0.175615 13.938110 -6.758793 -1.103016 -32.933144 -7.966376 10.803975
49.543545 0.048721 -12.288878 -16.772730 -2.960642 -11.414466 -7.812523 -34.227802 -13.348468 -0.810774 58.307014 -6.202601 4.019125 0.464469 11.655793 -14.897165 9.117643 -33.994293 -0.825334 -7.019671 54.203617 -8.796705 -1.680505 -0.265024 13.965835 -6.513021 -1.025121 -32.916492 -8.638574 10.734651
48.858776 0.846288 -12.409750 -16.868315 -2.749776 -11.935476 -7.233242 -34.545326 -13.292829 -0.843889 57.523979 -6.176600 4.248270 -0.265412 11.435138 -15.820461 9.655384 -34.347916 -0.584074 -6.781751 53.753864 -8.155147 -1.336490 -0.959344 13.422192 -7.269057 -1.221815 -34.121235 -8.471083 11.102452
47.002857 1.915261 -13.117075 -17.388405 -3.126029 -12.996569 -6.011816 -34.871876 -13.893373 0.922100 55.136631 -5.592232 4.657906 -2.111199 10.733630 -17.235619 10.427357 -35.207214 -1.096869 -5.735538 51.032185 -6.818469 -0.984889 -2.972674 12.764537 -8.387296 -0.529576 -34.730633 -8.203017 12.165412
44.045700 3.221072 -13.241932 -18.031462 -3.030436 -14.215137 -4.509101 -35.603008 -14.764582 2.938908 51.550533 -4.821686 5.371239 -3.271082 10.757392 -19.564734 11.314041 -36.211441 -1.725100 -3.796315 48.175091 -5.188339 0.254656 -5.474623 12.135625 -9.893620 0.286396 -36.093506 -9.397565 13.956437
40.906815 4.571980 -13.928778 -18.950184 -3.850950 -16.049597 -3.149857 -37.575546 -15.475116 4.635236 47.692482 -3.038918 5.750336 -4.659252 10.485700 -22.395248 12.457966 -38.251141 -2.520732 -1.811422 45.242928 -3.186295 1.758866 -7.735186 11.720879 -10.903136 0.813055 -38.084511 -11.132018 16.088394
38.052860 6.656994 -14.172793 -20.333902 -4.582092 -17.390903 -1.350938 -38.867237 -16.156588 5.401485 44.439632 -1.215320 6.320600 -5.223550 9.969142 -24.427103 12.969076 -41.108040 -3.491573 0.970195 42.677563 -1.671534 3.952776 -9.443073 12.106564 -12.263203 1.074689 -39.929470 -13.007985 18.033926
35.427563 8.044296 -14.463393 -21.805553 -5.594271 -19.267519 0.402819 -41.239388 -17.065943 5.673168 41.464142 0.162243 6.565960 -5.829193 9.013109 -26.345966 13.672873 -44.819969 -5.255217 3.385389 40.936115 -0.797868 6.196647 -10.892835 12.441599 -13.369122 1.696180 -42.271782 -15.200942 18.768723
33.109280 9.039264 -14.291708 -23.119484 -6.186468 -20.370886 1.601096 -42.734070 -17.658495 6.173774 38.726471 1.789184 6.591784 -6.853906 8.292447 -27.283316 14.659393 -47.476360 -6.641769 4.791093 39.118214 -0.636292 7.590725 -12.197563 12.466405 -13.777952 2.104911 -44.195175 -17.095469 19.117722
31.301535 9.879649 -13.825512 -24.110497 -6.534794 -20.945024 2.319786 -43.643997 -18.052765 6.853734 36.683857 2.119169 6.636123 -7.808282 7.989734 -27.779823 15.397537 -48.530159 -7.907028 6.287009 37.892769 -0.940874 8.737064 -12.927794 12.848826 -14.319618 2.366885 -45.128574 -18.186193 19.289217
30.918585 10.334889 -13.342714 -24.349712 -6.582714 -21.086132 2.714181 -44.048923 -17.964607 6.926909 36.209076 2.244561 6.871838 -7.905603 8.150343 -27.926712 15.598000 -48.528255 -8.197680 6.725410 37.490154 -0.951799 9.021818 -13.249660 12.785429 -14.406731 2.649246 -45.422752 -18.524345 19.090784
30.783497 10.808717 -13.036721 -24.515976 -6.456606 -21.208923 2.788189 -43.997623 -18.023294 7.203106 35.997284 2.486993 7.135954 -7.924935 8.330395 -28.077686 15.723112 -48.653786 -8.293695 6.920841 37.272991 -0.692041 9.071590 -13.334296 12.952308 -14.518147 2.671269 -45.524349 -18.731758 19.237309
30.579840 12.289992 -10.650278 -24.938747 -5.717537 -21.851709 3.376179 -42.837860 -17.649025 9.286239 34.931503 3.809695 9.058346 -7.666732 10.872191 -28.807629 16.050673 -47.434395 -8.497961 8.634568 35.354424 1.632655 9.520095 -13.294513 14.760156 -15.790486 3.084420 -45.137333 -18.846710 21.352461
29.897167 13.468142 -5.003029 -24.741705 -2.222991 -22.472408 3.806817 -39.653885 -17.174438 13.529964 33.566086 4.437850 12.338618 -7.460355 14.932693 -27.863508 16.131964 -42.968388 -10.036558 12.252864 30.932905 5.022349 8.779556 -13.130964 18.367138 -17.747807 5.382960 -41.296314 -18.539520 23.965981
26.233627 13.646584 2.025148 -25.058235 2.849921 -23.401846 5.499119 -34.183853 -17.306252 22.790279 30.903255 3.966646 15.328530 -9.134657 19.096619 -25.661184 19.382181 -34.356297 -11.976396 17.292578 25.877926 8.341116 7.994111 -13.105215 22.805695 -20.430044 10.241896 -32.137409 -17.189899 27.671618
22.934401 12.029315 6.325457 -25.417610 5.412857 -24.476648 6.097589 -28.812878 -16.175982 32.832466 27.496548 3.386450 16.908791 -10.247005 22.842079 -24.933392 22.294966 -25.928600 -12.191432 23.711973 22.037237 8.397429 7.574138 -14.180901 26.218836 -22.740700 16.611757 -23.298742 -16.543436 28.456987
21.812820 10.944269 8.176800 -26.103079 6.528581 -25.229870 11.782093 -22.298925 -15.321510 38.655872 25.720175 2.616862 18.699633 -9.986198 25.962418 -25.142977 25.017828 -17.287916 -11.468900 29.277060 21.546257 9.206276 8.154016 -13.663483 28.032330 -24.162842 20.500223 -17.867027 -15.199895 30.560898
24.543056 10.281139 8.986308 -26.415310 8.348691 -26.186037 16.839180 -14.276591 -14.177734 38.711246 27.486828 2.563710 18.324913 -13.317541 25.930571 -21.351276 26.157825 -7.864590 -12.475333 31.061586 21.600643 9.240855 7.685985 -18.073822 26.038691 -23.553007 24.136333 -10.117563 -16.592804 32.722416
28.987812 0.452940 7.997994 -20.063395 17.420624 -31.018679 22.528717 0.162360 -5.994466 28.404299 35.312386 1.527893 16.165190 -12.122785 23.380787 -12.610186 20.421541 0.950372 -12.264521 36.747581 30.200893 12.553009 2.440104 -19.870806 24.760935 -21.463505 21.268450 6.154100 -13.275030 22.014568
36.555508 -9.299628 7.035442 -16.614120 19.512081 -24.371153 25.558720 13.902594 1.377820 21.313219 44.862740 -3.201861 11.488728 -11.853339 19.264349 0.209523 17.262909 12.413259 -11.138906 35.914280 38.101013 3.635160 -1.968735 -14.963483 25.035404 -12.548924 20.907892 20.598886 -8.494751 18.869987
40.779236 -19.154495 -4.087523 -17.777514 16.347153 -13.576366 17.293417 19.375532 2.407809 13.611960 48.827221 -5.809524 0.953062 -15.562118 10.527481 16.805376 13.747319 13.865534 -8.356605 27.351980 38.660221 -9.941915 -12.604227 -15.935453 19.139414 -2.264266 17.847706 25.660885 -6.621284 14.141040
40.145206 -32.039742 -13.496885 -16.758694 15.097105 -7.284995 12.768950 19.683306 1.771560 6.441204 51.787163 -8.864657 -6.431715 -17.889322 3.845004 30.095011 13.907146 9.297514 -5.715577 14.373802 40.418453 -23.062880 -19.978226 -18.927433 15.169184 3.851799 14.310150 22.960907 -9.101491 1.127454
36.975067 -36.031559 -25.642778 -14.625872 13.256247 -1.826876 5.133281 17.543968 4.202023 7.688379 46.734688 -15.375588 -20.412884 -20.239471 -2.750396 34.988621 12.701870 3.646542 -4.221525 10.754340 39.709808 -28.885345 -29.317524 -16.353991 13.042616 8.049916 7.306611 18.528780 -4.205858 -3.712959
31.587236 -30.067528 -35.298004 -12.072009 13.559424 0.456743 -3.444695 15.091049 8.921907 11.687116 40.089199 -21.081242 -32.155926 -14.228727 0.700301 30.109434 11.678054 0.757194 4.946676 9.920559 34.042587 -28.038406 -40.112370 -10.809566 14.646743 6.848321 0.601274 15.094654 5.532628 -2.540980
25.120897 -23.127285 -42.951229 -11.762590 13.919210 3.079267 -10.691261 11.849364 13.385189 11.399085 34.071331 -22.116503 -40.736660 -7.036319 6.935697 23.796110 10.655874 -2.465705 13.545889 7.943327 27.391993 -20.982882 -46.533962 -10.386260 13.465599 10.397931 -5.518454 10.271512 9.265950 1.036713
17.721140 -18.093187 -48.832840 -11.474158 14.613344 5.341259 -15.482733 7.513319 13.332253 16.063913 25.941208 -20.272696 -46.917831 -4.108829 8.893191 18.660782 9.376491 -5.317273 20.797916 11.208949 19.549343 -12.646733 -51.203545 -12.387156 11.306995 11.903800 -10.335130 4.010338 11.477092 8.281848
12.414515 -11.916835 -49.697983 -11.845228 16.039728 6.266803 -17.820265 4.214306 11.631474 21.183489 17.388836 -17.246284 -51.979866 -4.940027 9.332703 15.655606 10.010173 -6.816516 24.245138 16.460941 12.717076 -7.569314 -54.749516 -14.176361 9.702976 12.011488 -11.738666 -0.496854 12.181118 13.582281
8.016192 -4.732594 -47.187054 -12.487513 17.344408 4.633181 -19.675165 3.192360 11.568392 30.292746 9.809408 -15.497166 -53.894207 -4.657129 10.532186 11.341044 11.268940 -7.060659 26.176630 24.675655 5.805492 -3.057806 -55.950180 -15.701769 9.600680 9.196412 -11.226766 -2.279753 12.066215 21.316635
2.499776 0.632961 -43.584492 -13.048738 19.957758 1.239365 -17.722942 2.593456 11.870912 37.457489 3.552427 -10.812284 -51.588100 -4.907065 12.194515 6.681281 12.807468 -7.978375 27.300432 31.280369 0.147737 2.342986 -55.535744 -16.728987 11.255688 4.987531 -7.989497 -2.636848 12.593165 25.204687
-1.348625 3.729232 -41.370182 -13.010013 22.308300 -1.681190 -14.703666 1.548595 12.590856 40.270424 -0.115357 -6.088046 -47.166161 -6.645533 13.391184 4.492001 14.517570 -10.108318 25.911802 33.679588 -2.711614 5.546461 -54.273598 -16.634296 13.948355 -0.005739 -5.037296 -4.076103 13.095359 25.780771
-2.480721 5.430861 -40.082115 -13.329628 22.882618 -3.678897 -13.117084 0.671760 13.014690 40.700447 -1.660568 -3.459027 -44.761597 -7.633781 14.071263 3.811387 15.453585 -11.195271 24.736612 34.604362 -3.365334 6.969920 -52.989212 -16.701273 15.256505 -2.479175 -3.324310 -4.900355 12.775922 25.794294
