0.466834 9.043016 -33.261269 -5.506310 17.949623 13.974627 0.215625 -13.407001 15.805374 43.520241 -2.449791 -3.525387 -47.783924 -27.144218 9.139491 -17.185606 1.968237 -3.596803 14.732680 30.910410 -3.857776 0.131200 -34.240929 -11.031548 11.003333 1.774400 3.589072 -10.930593 33.129063 37.220703
0.922862 8.305113 -34.250237 -5.248153 17.452885 14.382051 -0.443664 -13.422262 16.109852 42.993874 -1.638080 -4.347307 -49.029209 -26.718731 8.437009 -16.957109 1.519819 -3.802851 15.034934 30.382795 -3.093322 -0.609950 -34.829826 -10.946394 10.200007 2.486388 2.944827 -11.098361 33.259212 36.880440
1.985911 6.963310 -36.099842 -4.875779 16.250174 14.922119 -1.228295 -13.464272 16.470934 41.846809 0.064851 -6.151682 -50.672310 -26.154810 6.999602 -16.885847 0.947514 -3.983160 15.691092 29.396872 -1.974421 -2.459661 -35.827305 -10.952542 8.646157 3.762728 1.690447 -11.208429 33.593304 36.300945
3.671218 4.414141 -38.746426 -4.548916 14.108814 15.249915 -1.512133 -13.545876 16.603304 39.920609 2.571382 -8.347275 -52.610497 -25.839624 4.859618 -16.645161 0.562748 -4.213267 16.404627 27.515242 -0.048776 -4.848416 -36.447350 -11.442409 6.427758 5.340312 0.667267 -11.337872 33.354408 35.495029
5.438369 1.215208 -40.880898 -4.039195 12.303500 15.516252 -2.111821 -14.064987 16.732933 37.236629 5.771903 -10.141377 -54.036495 -26.007881 2.074315 -16.171570 0.033282 -5.089521 17.002899 24.483618 2.540812 -8.138668 -36.622787 -12.177030 4.057867 7.000697 -0.655299 -12.027840 32.782284 33.677166
7.087242 -1.371086 -42.806652 -3.818792 10.431356 14.768670 -1.813730 -15.354619 17.017767 33.981857 9.031960 -11.506014 -54.634731 -26.566406 -0.302143 -15.571151 -0.305508 -5.830794 17.798166 20.710506 5.093960 -11.764008 -36.597260 -13.179885 1.644489 7.510542 -0.980169 -12.948986 31.874495 31.961126
8.372786 -3.743855 -44.184135 -3.661134 9.243769 14.334211 -1.228194 -16.296251 17.300280 30.244396 12.033083 -12.535444 -53.854675 -27.148415 -1.667780 -14.582557 -0.595639 -7.045226 17.664526 16.638083 6.782197 -14.875105 -35.930679 -14.285673 -0.170168 8.398085 -1.408061 -13.543802 30.983656 30.037296
9.667501 -5.329175 -44.640133 -3.632138 8.382655 13.816581 -0.567476 -17.353252 16.995836 27.350531 14.665211 -13.638244 -52.820095 -27.314795 -2.544696 -13.915815 -0.840759 -7.772646 17.028265 13.905997 9.347694 -16.738533 -35.052540 -14.837772 -1.589953 8.969109 -1.405807 -14.155046 30.181175 27.969151
11.121715 -6.486792 -44.738728 -3.516487 7.709119 13.503760 -0.215355 -18.170837 16.492281 25.271101 16.469227 -14.267088 -51.985462 -27.238874 -2.777983 -13.389635 -0.751688 -8.354829 16.312950 11.824900 11.714844 -17.928423 -33.960781 -14.979460 -2.203668 9.555157 -1.394635 -14.703488 29.353676 25.808216
11.586606 -6.873124 -44.603855 -3.538645 7.583441 13.371613 -0.140109 -18.531855 16.400377 24.260752 17.212814 -14.542000 -51.456497 -27.181402 -2.793329 -13.086980 -0.770238 -8.540642 15.987704 10.831500 12.479395 -18.417170 -33.293808 -15.020413 -2.208635 9.746414 -1.372732 -14.888896 29.013107 24.833773
11.761735 -7.088797 -44.675667 -3.406555 7.718869 13.472474 -0.236221 -18.489134 16.539419 23.931749 17.423594 -14.717665 -51.466137 -27.134119 -2.727152 -12.894425 -0.996997 -8.498287 16.059790 10.506845 12.594953 -18.476669 -33.337784 -14.814033 -1.991832 9.910813 -1.564920 -14.732662 29.218935 24.562662
12.468299 -7.889266 -44.102398 -2.840262 8.929340 14.572471 -1.492469 -17.948473 17.530476 22.244761 17.498260 -15.491708 -51.050976 -26.871899 -1.531092 -11.732402 -2.445256 -7.979520 16.592304 8.989188 13.627142 -18.408058 -32.822731 -13.423383 -0.369371 11.179542 -3.201723 -14.053251 30.464294 22.574310
13.223146 -8.862432 -42.927456 -2.347033 10.831475 16.312780 -3.709197 -17.326008 19.547779 18.713953 17.926889 -15.627235 -50.013184 -27.307245 0.093434 -9.466015 -3.684216 -7.805872 16.426533 5.276484 15.104234 -17.298590 -31.797998 -10.246929 3.717114 12.122108 -4.823129 -13.459442 32.169853 18.477213
13.305609 -11.075855 -43.196747 -1.752278 12.122491 17.526068 -4.116070 -15.885274 22.056929 13.982249 18.262871 -14.871651 -48.869930 -27.543957 1.599715 -7.467668 -3.647137 -7.898414 15.288377 0.899615 16.611490 -17.737541 -30.839201 -7.167818 8.037834 10.618196 -4.278748 -13.948106 33.603893 11.851813
13.852540 -13.307979 -44.163219 -1.914093 12.100094 18.885731 -3.832504 -14.697020 23.337955 9.368840 20.229103 -13.201324 -48.601402 -26.614702 3.786978 -4.847650 -4.432802 -9.092575 14.544177 -4.330985 19.250532 -18.255596 -30.314190 -3.058309 12.637083 9.173670 -3.531801 -15.269485 33.386482 6.661754
15.647816 -13.966928 -43.910824 -2.220064 12.678699 20.863592 -5.017639 -14.738218 23.929647 4.925972 21.444407 -13.633566 -48.412708 -24.274191 7.605707 -3.300649 -4.758811 -7.684821 15.797242 -7.245264 19.733788 -18.229849 -29.437466 -0.433830 16.280861 8.596459 -3.609605 -15.590611 33.726891 3.321449
18.322561 -13.194594 -41.947483 -2.875227 13.065577 22.428709 -5.767471 -14.633460 22.434515 2.172658 21.827761 -15.717709 -47.624851 -23.224590 10.753153 -1.828770 -4.907784 -5.278347 15.810712 -8.796055 19.573507 -19.059227 -30.043526 1.721159 19.477001 9.528545 -3.397729 -13.876991 35.044758 -0.814463
18.497608 -14.493163 -40.325146 -3.352304 14.217319 24.014366 -5.810407 -12.748673 22.724022 -0.640525 21.442934 -16.835379 -46.884964 -23.754107 12.786888 0.566586 -4.393330 -2.717759 15.094570 -10.459931 19.111885 -21.025311 -30.105247 2.914902 22.161909 10.508717 -2.750243 -11.741649 35.746868 -4.347177
18.501488 -15.738801 -39.263981 -4.452782 14.628874 24.933825 -5.659003 -12.000991 22.541338 -3.362887 20.474878 -17.730124 -45.809948 -24.976202 14.412352 1.861953 -3.203318 -1.161671 14.544081 -12.760569 17.266647 -23.311192 -29.403839 2.462494 23.746281 10.685917 -2.017266 -10.516814 35.337704 -6.419580
17.983463 -16.568298 -38.814980 -5.311254 14.722039 25.441357 -5.390958 -11.480154 22.419418 -4.260767 20.256405 -18.113756 -45.184685 -25.759054 14.719600 2.453615 -2.650549 -0.416335 13.867496 -13.743175 16.648750 -24.321836 -28.846851 1.995978 24.190336 10.688303 -1.151929 -9.659829 34.807140 -7.299172
17.975260 -16.814404 -38.736038 -5.449424 14.692193 25.520605 -5.378151 -11.433398 22.380968 -4.399005 20.296934 -18.268496 -45.142006 -25.820549 14.726484 2.613202 -2.671034 -0.358467 13.772717 -13.939149 16.614677 -24.440969 -28.809315 1.915301 24.185091 10.831032 -1.071489 -9.541633 34.668221 -7.463406
17.741215 -16.944548 -38.892090 -5.526628 14.766809 25.855755 -5.819117 -11.399803 22.398310 -4.179487 19.906595 -18.254175 -45.694290 -25.520658 15.046286 2.846701 -2.796617 -0.050865 13.586226 -13.270845 16.114000 -24.230429 -29.428146 1.909043 24.332186 11.239385 -1.031395 -9.068466 34.945164 -7.269595
17.074846 -17.130856 -38.539253 -5.631137 15.207907 26.558054 -6.714672 -11.156565 21.939947 -3.018577 18.634449 -18.126886 -46.620491 -24.625509 16.061954 3.482802 -3.382440 0.225510 12.942244 -11.808726 15.049721 -23.281057 -30.408916 1.728599 24.215200 12.933414 -1.725932 -8.375715 34.953903 -6.257453
16.021965 -17.252722 -38.574326 -5.597199 15.987642 27.596409 -7.742507 -10.451377 21.625811 -0.817497 17.108353 -17.849337 -48.231911 -23.733521 17.098177 4.172416 -3.605508 0.526282 12.161202 -9.552316 13.946325 -22.062702 -31.867844 1.722911 24.512426 14.974051 -2.078772 -6.991288 35.098858 -5.196858
14.173804 -17.657145 -38.311852 -5.453010 17.046122 28.299458 -8.393251 -10.214507 20.797005 1.972735 14.687050 -16.849396 -49.843044 -23.300743 17.721416 4.708942 -3.351086 0.402381 11.349944 -6.570730 12.074148 -19.450630 -33.458015 0.730197 23.765459 17.227371 -2.403765 -6.435641 34.927006 -3.009000
12.274220 -18.169794 -37.387627 -5.312189 18.234467 28.999191 -8.975471 -9.676985 19.966785 5.586333 12.048968 -16.164413 -51.191181 -22.979666 18.395962 5.086688 -3.294613 0.971563 10.815892 -3.342507 10.138402 -17.259871 -34.051250 -0.636286 22.878460 19.769535 -2.944877 -6.101058 33.818356 -0.494877
9.625884 -17.894295 -36.262669 -5.710647 19.483456 29.673071 -9.715830 -8.898811 19.471550 9.567237 9.462577 -15.529484 -52.314644 -22.490458 19.846878 5.590106 -3.445269 1.641715 9.939701 -0.307688 7.926126 -15.968951 -34.886147 -1.694113 22.217548 22.176634 -3.758314 -5.720897 32.613522 2.445524
7.276672 -17.179375 -35.173275 -6.289038 20.238779 30.136070 -9.992190 -8.008552 18.920240 13.227784 7.235765 -14.268045 -53.643085 -22.555141 20.714472 6.770994 -3.933317 2.369227 9.031930 2.161729 5.147942 -14.765896 -35.862503 -2.983705 21.449188 24.336309 -3.966352 -5.354053 31.417885 5.043000
5.827023 -16.529905 -34.560886 -6.954093 20.609665 30.436771 -9.801015 -7.141004 18.839331 15.241885 5.659417 -13.324157 -54.512402 -22.821966 21.473875 7.558287 -4.022793 3.579643 8.718740 3.923320 3.152457 -13.727036 -36.864960 -4.006978 20.668915 25.583252 -3.505023 -5.093273 30.298168 6.872423
5.215645 -16.015238 -34.299271 -7.252651 20.712772 30.422344 -9.573814 -6.770609 18.809366 16.322115 5.233654 -13.078444 -55.016705 -22.778200 21.700346 7.893850 -4.079703 4.205004 8.408116 4.924309 2.280806 -13.347887 -37.287842 -4.526756 20.192461 25.929966 -3.143160 -4.928725 29.523134 7.935503
5.077449 -15.964923 -34.267967 -7.290162 20.725971 30.392317 -9.528642 -6.715090 18.830126 16.529959 5.142275 -13.100442 -55.132603 -22.764799 21.723192 7.915230 -4.021357 4.342993 8.409086 5.060439 2.060034 -13.292003 -37.344234 -4.561801 20.193913 25.921877 -3.076421 -4.945918 29.391994 8.100331
5.077449 -15.964923 -34.267967 -7.290162 20.725971 30.392317 -9.528642 -6.715090 18.830126 16.529959 5.142275 -13.100442 -55.132603 -22.764799 21.723192 7.915230 -4.021357 4.342993 8.409086 5.060439 2.060034 -13.292003 -37.344234 -4.561801 20.193913 25.921877 -3.076421 -4.945918 29.391994 8.100331
5.077449 -15.964923 -34.267967 -7.290162 20.725971 30.392317 -9.528642 -6.715090 18.830126 16.529959 5.142275 -13.100442 -55.132603 -22.764799 21.723192 7.915230 -4.021357 4.342993 8.409086 5.060439 2.060034 -13.292003 -37.344234 -4.561801 20.193913 25.921877 -3.076421 -4.945918 29.391994 8.100331
5.076227 -15.966003 -34.267326 -7.290468 20.724463 30.394075 -9.527352 -6.716799 18.831141 16.530193 5.140484 -13.097354 -55.135349 -22.765549 21.721310 7.914165 -4.021380 4.341513 8.411754 5.061702 2.059859 -13.291269 -37.343113 -4.561387 20.193642 25.922869 -3.075809 -4.946816 29.393301 8.101300
5.075906 -15.965983 -34.268284 -7.290067 20.724352 30.393360 -9.527037 -6.717103 18.831928 16.529667 5.140585 -13.095342 -55.136032 -22.766314 21.720707 7.913595 -4.021435 4.341405 8.411906 5.060551 2.060544 -13.290480 -37.343082 -4.561419 20.193317 25.922230 -3.075385 -4.948115 29.393929 8.099851
5.075906 -15.965983 -34.268284 -7.290067 20.724352 30.393360 -9.527037 -6.717103 18.831928 16.529667 5.140585 -13.095342 -55.136032 -22.766314 21.720707 7.913595 -4.021435 4.341405 8.411906 5.060551 2.060544 -13.290480 -37.343082 -4.561419 20.193317 25.922230 -3.075385 -4.948115 29.393929 8.099851
5.076270 -15.963949 -34.267921 -7.291018 20.723263 30.394964 -9.527603 -6.717421 18.832031 16.529892 5.140278 -13.095337 -55.137081 -22.766586 21.720013 7.912939 -4.020415 4.341571 8.412743 5.060755 2.060506 -13.291614 -37.342468 -4.561213 20.193203 25.921389 -3.075183 -4.949733 29.393032 8.101183
6.064597 -14.675870 -33.813717 -6.228057 21.916716 30.389919 -10.475488 -6.628088 18.175274 15.848248 6.686162 -11.586629 -54.255589 -20.183615 23.858240 7.147360 -4.788547 6.273029 12.371299 4.369050 2.790106 -11.453868 -36.684208 -4.994886 19.413021 26.495420 -3.336576 -4.546577 29.788559 7.808256
6.064597 -14.675870 -33.813717 -6.228057 21.916716 30.389919 -10.475488 -6.628088 18.175274 15.848248 6.686162 -11.586629 -54.255589 -20.183615 23.858240 7.147360 -4.788547 6.273029 12.371299 4.369050 2.790106 -11.453868 -36.684208 -4.994886 19.413021 26.495420 -3.336576 -4.546577 29.788559 7.808256
6.064597 -14.675870 -33.813717 -6.228057 21.916716 30.389919 -10.475488 -6.628088 18.175274 15.848248 6.686162 -11.586629 -54.255589 -20.183615 23.858240 7.147360 -4.788547 6.273029 12.371299 4.369050 2.790106 -11.453868 -36.684208 -4.994886 19.413021 26.495420 -3.336576 -4.546577 29.788559 7.808256
5.018698 -16.062149 -34.367073 -7.214756 20.781931 30.340288 -9.464573 -6.650680 18.888796 16.440706 5.151279 -13.078416 -55.139160 -22.720524 21.725313 7.973779 -4.004195 4.314442 8.435350 5.088959 2.073411 -13.245006 -37.421307 -4.575840 20.229458 25.878754 -3.067684 -4.902755 29.351248 7.995890
5.066548 -15.975013 -34.281368 -7.296012 20.728212 30.377851 -9.523530 -6.712032 18.813345 16.521864 5.143178 -13.094588 -55.130802 -22.761427 21.715128 7.924674 -4.022219 4.331778 8.416963 5.062767 2.058283 -13.294886 -37.346783 -4.560898 20.194799 25.909428 -3.077735 -4.952092 29.383009 8.102459
5.077589 -15.976936 -34.259464 -7.295585 20.721560 30.383816 -9.525196 -6.732771 18.807375 16.531441 5.140924 -13.097461 -55.142319 -22.762268 21.720676 7.915257 -4.032883 4.339144 8.408092 5.069959 2.062885 -13.293140 -37.336445 -4.562160 20.188051 25.919773 -3.073237 -4.956395 29.388010 8.107229
5.075538 -15.978352 -34.260612 -7.292531 20.725170 30.382521 -9.524652 -6.730288 18.809658 16.532131 5.141722 -13.099231 -55.141727 -22.760382 21.720907 7.916013 -4.035522 4.337465 8.405639 5.072381 2.062754 -13.289106 -37.338657 -4.564606 20.186777 25.919327 -3.071029 -4.953811 29.390404 8.103727
5.075109 -15.973814 -34.257420 -7.264801 20.737474 30.384283 -9.511131 -6.718681 18.860361 16.537792 5.145752 -13.106586 -55.128513 -22.751194 21.726143 7.923615 -4.055087 4.322882 8.386043 5.078205 2.063632 -13.270198 -37.346878 -4.573688 20.179295 25.931108 -3.059673 -4.943991 29.413591 8.081741
5.073298 -15.974629 -34.265072 -7.272539 20.735819 30.383495 -9.516633 -6.714312 18.849442 16.537523 5.136401 -13.096759 -55.142887 -22.763685 21.722860 7.911879 -4.031695 4.339418 8.407353 5.069294 2.067052 -13.266999 -37.344913 -4.573698 20.181614 25.930721 -3.066602 -4.941520 29.409372 8.085141
5.072611 -15.977619 -34.265507 -7.269336 20.737984 30.385761 -9.515502 -6.711484 18.853819 16.537643 5.137184 -13.096984 -55.141869 -22.763134 21.723429 7.912333 -4.031059 4.340357 8.408204 5.068680 2.067652 -13.266102 -37.343651 -4.571446 20.181829 25.932636 -3.065412 -4.942405 29.412317 8.084818
5.076975 -15.971918 -34.259968 -7.262326 20.737740 30.384832 -9.516239 -6.718714 18.860392 16.539249 5.143472 -13.096699 -55.134624 -22.755255 21.723671 7.925225 -4.048260 4.330883 8.400883 5.076230 2.069209 -13.261350 -37.346222 -4.576385 20.176325 25.931364 -3.059911 -4.943746 29.415257 8.076673
5.075354 -15.972061 -34.264133 -7.259895 20.741217 30.382153 -9.517994 -6.715575 18.861784 16.538786 5.139829 -13.101564 -55.136528 -22.754131 21.723524 7.917417 -4.048476 4.324814 8.396235 5.079383 2.069942 -13.259563 -37.347641 -4.579167 20.175724 25.930212 -3.060982 -4.943392 29.413494 8.073165
5.076188 -15.973382 -34.261375 -7.273056 20.733730 30.379736 -9.518591 -6.721014 18.845295 16.539461 5.139388 -13.094345 -55.143890 -22.760723 21.721436 7.919540 -4.041991 4.335707 8.405118 5.074292 2.068923 -13.269817 -37.345104 -4.572810 20.180223 25.927034 -3.061153 -4.945522 29.410511 8.082543
