33.226963 -34.630253 3.928886 -20.058607 14.904983 20.438475 11.833890 20.728727 14.432640 12.575996 39.031666 -30.207411 -4.082304 -9.409605 26.728062 31.716593 7.802645 23.079752 4.184325 10.873941 30.296721 -25.561386 -11.517584 -13.771955 29.910242 9.562434 -4.877833 36.140789 6.044360 4.077322
32.767921 -35.492126 4.395575 -20.109221 15.096492 20.341928 11.695053 20.050634 13.964558 12.421107 39.005692 -30.497337 -3.694621 -10.078791 26.398592 32.390827 7.608690 22.628986 3.268798 10.573824 29.857084 -25.995152 -11.060527 -14.563375 29.794939 9.674243 -4.475296 36.089237 5.470561 3.905481
31.466503 -37.459225 4.910855 -20.230801 15.484813 19.716093 11.632593 18.284712 12.969561 11.581494 38.337910 -30.937790 -2.584578 -11.548748 25.882860 33.234570 7.820694 21.123981 1.655059 9.720426 28.976500 -27.125366 -10.038074 -15.785740 29.929977 9.567665 -3.658736 35.442692 4.590411 2.694331
30.240051 -39.535213 5.122634 -20.395298 15.221223 18.763899 11.593189 15.577909 11.602921 10.490884 37.927315 -31.329561 -0.630343 -13.276851 25.218815 33.992977 8.550522 18.536856 -0.349494 7.757369 28.748243 -29.187906 -8.154455 -17.691702 29.282665 9.105412 -2.177052 33.412827 2.662113 0.350638
29.006857 -42.062595 5.926626 -20.596979 14.907692 17.570581 11.811509 12.240165 9.829347 9.825410 36.774426 -31.937649 1.168625 -14.870654 25.132231 34.730862 8.951007 16.638321 -1.965074 6.115180 27.804195 -31.756060 -6.435443 -19.722939 28.799919 8.346677 -0.717738 31.154551 0.772804 -2.240347
27.959589 -44.037117 7.070517 -20.591366 14.835121 16.284182 12.066569 8.831285 8.746101 8.366014 35.961868 -31.957663 3.315207 -16.189957 24.786119 34.826492 9.411704 13.791810 -3.768679 4.421296 27.348257 -33.928169 -4.535172 -21.691538 28.241192 7.657222 0.421650 28.735310 -1.377300 -4.625538
26.883009 -45.393185 8.215802 -20.338013 15.245892 15.047446 11.936373 5.685641 8.028736 6.834830 34.790401 -31.722664 4.901809 -17.413595 24.190529 34.969189 9.939950 11.297071 -5.466995 3.835515 26.732883 -35.441219 -2.805881 -23.324858 28.138168 6.462279 1.750913 26.583296 -3.078515 -6.766670
25.899010 -46.713364 9.232650 -20.180014 15.617352 13.919788 11.915495 3.067200 7.225882 5.969679 33.883953 -31.576101 6.908885 -18.146200 24.344995 35.157562 10.271491 9.103509 -6.989979 2.948691 26.491985 -36.437561 -1.475589 -24.798323 27.526255 5.686361 2.897666 24.764990 -4.576641 -8.042682
24.685867 -47.354065 9.875967 -20.173397 16.110426 13.210489 11.883001 1.320841 6.799885 5.102934 32.611927 -30.639259 7.917148 -19.179478 24.216499 35.233463 10.718505 7.777308 -7.969328 2.527897 25.675560 -36.564198 -0.511189 -25.823343 27.248987 5.032973 3.677967 23.412695 -5.454146 -8.691916
23.867601 -47.268406 10.262918 -20.040375 16.550463 12.830144 11.544837 0.272674 6.629774 4.933106 32.017296 -30.195265 8.486495 -19.569271 24.205860 35.177364 10.907039 6.939725 -8.457339 2.373691 25.046694 -36.308258 -0.097235 -26.206224 27.374592 4.801472 3.775421 22.690308 -5.592060 -9.097545
24.027903 -46.931328 10.860149 -19.895687 16.674770 12.221067 11.752869 -0.142001 6.292840 5.170395 32.099094 -29.572279 8.905865 -19.701942 24.086153 35.052952 10.973434 6.776283 -8.813710 2.594401 25.267776 -35.661983 0.549501 -26.531431 27.198044 4.696048 4.036484 22.607943 -5.938887 -8.857385
23.421875 -43.167637 14.927013 -19.440491 18.429024 8.368399 13.660521 -0.988367 4.741376 9.021164 31.940586 -25.403549 12.222871 -20.329165 24.825521 33.133015 11.364192 7.500290 -10.991844 6.581859 25.652140 -30.172256 4.270327 -28.022535 27.289808 2.967664 6.008600 23.281420 -7.361517 -5.613297
21.740030 -32.203259 19.278103 -19.997538 21.929935 0.693828 18.356384 0.860881 3.396140 15.758813 31.821091 -15.013271 19.146429 -21.568747 26.595358 26.574265 11.652460 8.109086 -13.213750 14.459565 23.692812 -18.121490 7.484582 -28.878853 28.534021 -0.703888 9.863016 25.633898 -7.377517 3.409234
18.061554 -16.165569 26.501860 -20.535728 29.097023 -8.615454 21.067707 1.594147 2.013156 22.630640 26.365532 -2.672786 25.080564 -19.936459 33.490658 13.931382 11.639574 9.766148 -12.854247 24.326910 15.976673 -3.999253 12.526667 -27.148781 32.146862 -6.667037 11.084889 23.204937 -8.940130 20.376339
12.957016 0.380858 21.838636 -18.426224 27.976883 -13.417125 16.551374 -2.206115 1.876771 38.522175 20.048573 3.867607 19.715378 -14.892074 36.501659 -5.034277 14.364013 2.728487 -8.074430 31.537451 11.429445 4.841379 15.657989 -23.320940 32.278500 -13.378318 8.986295 9.359584 -7.216170 34.875389
19.179117 9.417409 11.159501 -15.985311 21.156950 -18.031914 7.273870 -11.271288 -0.170893 39.710697 23.124760 7.692211 13.702542 -10.837293 32.420982 -13.794405 13.748835 -9.510307 -5.326032 25.898296 15.737169 10.004679 12.717665 -18.362831 28.277744 -17.536459 5.691864 -5.690653 -2.917243 36.763702
32.292412 13.259197 6.723200 -13.158462 14.413969 -19.597887 1.752665 -23.746611 -2.573173 24.198538 34.348213 7.649648 11.759979 -4.403713 26.371710 -18.697493 11.464799 -22.579369 -3.442500 18.200424 27.910736 9.641603 9.239056 -10.993865 24.288763 -16.049236 0.626917 -18.885952 -2.452581 33.777012
39.375397 9.351938 -7.217173 -10.843240 6.483771 -17.424610 -1.032887 -31.069889 -3.539551 11.785687 44.658855 5.624846 7.438543 -1.353844 17.179899 -20.527809 9.595345 -32.819633 0.495413 8.585533 38.711658 3.419982 2.425591 -5.322203 18.072052 -12.786902 -2.144186 -29.741737 -3.827185 24.637300
46.499210 0.941360 -10.723947 -8.883451 3.392130 -14.991049 -5.051122 -33.597462 -5.475782 3.354832 54.417728 -2.241664 5.880684 0.075425 12.909367 -17.245138 9.118487 -32.693874 1.701134 -1.812700 49.253883 -4.280639 -0.488900 -2.862633 13.271918 -10.179030 -1.963351 -31.046179 -4.111212 16.170475
48.334259 -3.966181 -11.815269 -8.558873 2.002132 -13.567898 -7.020636 -35.495335 -6.079739 -0.249095 58.259377 -5.905284 4.138608 0.522457 11.746342 -15.094206 9.180996 -33.976189 -0.314432 -6.730814 54.360737 -8.752270 0.371185 -2.006493 12.035028 -7.905815 -2.997504 -31.946939 -4.894121 11.445983
48.358269 -4.658810 -11.695560 -8.638815 1.720306 -13.753493 -7.211228 -35.930424 -6.713952 0.098053 58.307014 -6.202601 4.019125 0.464469 11.655793 -14.897165 9.117643 -33.994293 -0.825334 -7.019671 54.513607 -9.253327 0.750422 -2.159802 12.038064 -7.732047 -3.047656 -31.874226 -5.362637 11.291824
47.552223 -3.875484 -11.920587 -8.931640 1.916511 -14.175260 -6.634474 -36.052296 -6.719389 0.064319 57.523979 -6.176600 4.248270 -0.265412 11.435138 -15.820461 9.655384 -34.347916 -0.584074 -6.781751 53.939453 -8.598722 0.857067 -2.778497 11.556901 -8.325882 -2.979211 -33.131184 -5.633568 11.837896
45.816872 -2.340222 -12.653170 -10.019950 1.281721 -15.085943 -5.531820 -36.265209 -7.637658 1.650859 55.136631 -5.592232 4.657906 -2.111199 10.733630 -17.235619 10.427357 -35.207214 -1.096869 -5.735538 51.134205 -7.197091 0.643449 -4.549053 10.923425 -9.082726 -1.785421 -33.956329 -6.185620 13.067624
42.762447 -0.725698 -12.724596 -11.319747 0.878682 -16.327444 -3.898433 -37.513409 -9.089919 3.786552 51.550533 -4.821686 5.371239 -3.271082 10.757392 -19.564734 11.314041 -36.211441 -1.725100 -3.796315 48.085491 -5.553945 1.542688 -6.851455 10.518602 -10.500169 -0.565679 -35.304634 -7.609818 14.712638
39.304012 0.871180 -13.589142 -12.727802 -0.362495 -18.224041 -2.341940 -39.923126 -10.189387 5.729681 47.692482 -3.038918 5.750336 -4.659252 10.485700 -22.395248 12.457966 -38.251141 -2.520732 -1.811422 45.134941 -3.763836 3.035891 -9.062300 10.278830 -11.844722 0.098380 -37.181263 -8.849232 16.464216
36.353783 2.968278 -13.809711 -14.725915 -1.120268 -19.499212 -0.727209 -40.994354 -11.716527 6.616924 44.439632 -1.215320 6.320600 -5.223550 9.969142 -24.427103 12.969076 -41.108040 -3.491573 0.970195 42.665817 -2.322983 5.118590 -10.591836 10.843741 -13.430348 0.377628 -39.122398 -10.665105 18.256313
33.756824 4.596764 -14.055676 -16.627434 -2.352382 -21.424475 0.917064 -43.422985 -13.395752 7.023568 41.464142 0.162243 6.565960 -5.829193 9.013109 -26.345966 13.672873 -44.819969 -5.255217 3.385389 40.939419 -1.492154 7.453517 -12.067917 11.250682 -14.688720 0.861323 -41.390079 -12.502500 18.851660
31.470493 5.823514 -14.007994 -18.226782 -3.218900 -22.336332 2.065223 -44.714466 -14.269206 7.518924 38.726471 1.789184 6.591784 -6.853906 8.292447 -27.283316 14.659393 -47.476360 -6.641769 4.791093 39.205334 -1.370255 9.219301 -13.439361 11.221963 -15.328166 0.897531 -43.314697 -14.064265 19.324806
29.680372 6.936640 -13.679873 -19.538877 -3.791075 -22.843405 2.668525 -45.478451 -15.057329 8.221468 36.683857 2.119169 6.636123 -7.808282 7.989734 -27.779823 15.397537 -48.530159 -7.907028 6.287009 37.995647 -1.683067 10.462443 -14.215585 11.471175 -15.925781 0.902108 -44.284378 -14.925057 19.621103
29.129559 7.561196 -13.449144 -19.970692 -3.926585 -23.085516 3.039777 -45.678051 -15.234925 8.307355 36.209076 2.244561 6.871838 -7.905603 8.150343 -27.926712 15.598000 -48.528255 -8.197680 6.725410 37.608727 -1.760386 10.896460 -14.564894 11.416923 -16.073381 1.045740 -44.589825 -15.171264 19.497208
29.000784 8.056116 -13.137033 -20.130465 -3.810599 -23.188921 3.107844 -45.625099 -15.251951 8.570566 35.997284 2.486993 7.135954 -7.924935 8.330395 -28.077686 15.723112 -48.653786 -8.293695 6.920841 37.384357 -1.504534 11.134823 -14.710736 11.579737 -16.274885 0.936968 -44.700729 -15.257728 19.693932
28.754200 9.374028 -10.567418 -20.448502 -3.020792 -23.768774 3.802177 -44.626034 -14.685585 10.741672 34.931503 3.809695 9.058346 -7.666732 10.872191 -28.807629 16.050673 -47.434395 -8.497961 8.634568 35.457829 0.559237 12.350674 -15.138913 13.004647 -18.010328 0.543561 -44.058311 -14.434679 22.250996
27.957743 10.307340 -4.932372 -20.109732 0.499442 -24.394836 4.116893 -41.598083 -14.217811 15.013451 33.566086 4.437850 12.338618 -7.460355 14.932693 -27.863508 16.131964 -42.968388 -10.036558 12.252864 31.253788 3.321923 12.997659 -15.613315 16.017515 -20.507393 1.417322 -40.084839 -12.994468 25.605289
24.265623 10.072719 2.052110 -19.817244 5.766864 -25.346367 5.925638 -36.016098 -13.821751 24.126284 30.903255 3.966646 15.328530 -9.134657 19.096619 -25.661184 19.382181 -34.356297 -11.976396 17.292578 26.267256 6.063380 13.048289 -16.178919 19.891747 -23.879980 5.330739 -30.632706 -10.030365 29.615107
21.179235 9.626255 6.018420 -20.635021 8.082031 -26.397738 6.695980 -29.836615 -12.400810 33.669155 27.496548 3.386450 16.908791 -10.247005 22.842079 -24.933392 22.294966 -25.928600 -12.191432 23.711973 22.331425 5.752994 13.643100 -18.473885 21.755690 -27.271494 10.715015 -20.981167 -7.155628 31.465321
20.423742 8.640942 8.197273 -21.342510 9.239145 -26.968092 12.495995 -23.142269 -10.950699 39.395748 25.720175 2.616862 18.699633 -9.986198 25.962418 -25.142977 25.017828 -17.287916 -11.468900 29.277060 21.715401 6.451871 14.299343 -18.012957 23.372082 -28.496435 14.269047 -15.220604 -5.332685 33.804821
21.056791 6.324419 7.625616 -21.223917 11.032663 -28.112680 19.680214 -14.650845 -8.647034 39.461853 27.486828 2.563710 18.324913 -13.317541 25.930571 -21.351276 26.157825 -7.864590 -12.475333 31.061586 21.744463 6.678215 13.839637 -22.487673 21.511969 -27.972738 18.342598 -7.547460 -7.001265 35.765194
32.000622 3.299264 14.122959 -21.818558 11.435073 -24.082872 23.012770 -4.654036 -4.020349 30.999117 35.312386 1.527893 16.165190 -12.122785 23.380787 -12.610186 20.421541 0.950372 -12.264521 36.747581 30.411051 10.568871 8.414151 -24.495274 19.775259 -25.443047 15.878226 8.752696 -4.048184 25.025450
38.276932 -8.520676 12.025812 -18.370583 13.166726 -17.280968 27.635496 9.532221 3.583964 24.180868 44.862740 -3.201861 11.488728 -11.853339 19.264349 0.209523 17.262909 12.413259 -11.138906 35.914280 38.426380 1.809989 3.794984 -19.362844 20.379833 -16.304922 15.745861 23.148762 0.478148 21.515631
42.837761 -19.149050 2.747646 -17.149197 9.426182 -4.983943 19.563658 12.316320 7.923864 17.513765 48.827221 -5.809524 0.953062 -15.562118 10.527481 16.805376 13.747319 13.865534 -8.356605 27.351980 38.922409 -11.893287 -6.753268 -20.311790 14.670004 -6.044708 12.607821 28.307312 2.474036 16.555040
40.861713 -33.028667 -4.945044 -14.957459 4.948215 4.359063 17.960207 8.921188 11.597910 12.131250 51.787163 -8.864657 -6.431715 -17.889322 3.845004 30.095011 13.907146 9.297514 -5.715577 14.373802 40.420238 -25.885149 -13.537096 -23.673046 10.634186 -0.579007 9.227142 25.224995 -0.885493 3.977937
38.283669 -36.943645 -15.626292 -12.942554 2.694858 10.992823 10.540529 6.540077 14.346501 14.060241 46.734619 -15.373608 -20.411592 -20.239342 -2.751886 34.992207 12.698868 3.642765 -4.222112 10.755326 39.279415 -31.901894 -23.076488 -20.444756 9.561488 3.565013 2.204913 21.028397 4.063408 -0.942388
32.820286 -30.936907 -25.206903 -10.442273 2.860569 13.466368 1.952850 3.945452 19.366920 18.171820 40.089199 -21.081242 -32.155926 -14.228727 0.700301 30.109434 11.678054 0.757194 4.946676 9.920559 33.864277 -30.503136 -33.975330 -14.492775 11.503157 2.503722 -5.066032 17.656080 14.178283 -0.004596
26.404367 -23.990088 -32.764103 -10.030329 3.238189 16.221996 -5.315094 0.793528 24.082575 17.950266 34.071331 -22.116503 -40.736660 -7.036319 6.935697 23.796110 10.655874 -2.465705 13.545889 7.943327 27.278234 -22.799360 -40.736244 -14.385034 9.683648 6.066556 -10.818689 12.846359 18.444407 3.097277
18.867918 -18.990568 -38.786003 -9.626078 3.902255 18.466410 -9.859727 -3.526182 24.246641 22.670385 25.941208 -20.272696 -46.917831 -4.108829 8.893191 18.660782 9.376491 -5.317273 20.797916 11.208949 19.818251 -13.734182 -46.049454 -15.720899 8.142811 8.728524 -15.137462 6.166286 19.990654 9.180210
13.486291 -12.889051 -39.656113 -9.990182 5.302666 19.386663 -12.164437 -6.886459 22.495527 27.832537 17.388836 -17.246284 -51.979866 -4.940027 9.332703 15.655606 10.010173 -6.816516 24.245138 16.460941 12.937440 -8.780612 -49.732853 -17.489134 6.648029 8.407197 -15.882970 1.968883 20.051081 14.908683
9.051331 -5.740857 -37.154518 -10.643277 6.569178 17.787258 -13.975564 -7.906609 22.425388 36.972206 9.809408 -15.497166 -53.894207 -4.657129 10.532186 11.341044 11.268940 -7.060659 26.176630 24.675655 5.866584 -3.751700 -50.509151 -19.340599 6.006026 6.038977 -15.727367 0.062024 19.657043 22.769537
3.553296 -0.375595 -33.554920 -11.188654 9.180180 14.411827 -12.009143 -8.482984 22.760487 44.141426 3.552427 -10.812284 -51.588100 -4.907065 12.194515 6.681281 12.807468 -7.978375 27.300432 31.280369 -0.011747 1.067314 -49.535843 -20.725964 7.336485 1.252851 -13.487093 -0.306450 20.731224 28.396786
-0.284157 2.706853 -31.355675 -11.152068 11.530487 11.519835 -8.988955 -9.501820 23.511457 46.928406 -0.115357 -6.088046 -47.166161 -6.645533 13.391184 4.492001 14.517570 -10.108318 25.911802 33.679588 -2.710123 3.632954 -48.065117 -20.739286 9.884286 -4.016951 -10.861647 -1.898027 21.536724 29.342175
-1.409438 4.405833 -30.062983 -11.494102 12.087091 9.531816 -7.403100 -10.382987 23.914911 47.354042 -1.660568 -3.459027 -44.761597 -7.633781 14.071263 3.811387 15.453585 -11.195271 24.736612 34.604362 -3.303074 4.838609 -46.737110 -20.715639 11.232773 -6.822453 -9.257843 -2.884376 21.526386 29.360434
