34.940842 -31.583752 -0.073078 -14.436320 20.229742 25.890757 17.273926 18.673338 7.244590 9.688933 38.831951 -32.117050 -7.622320 -26.386095 21.630354 13.323930 -6.900051 31.340843 -2.909620 7.752359 29.777475 -30.773451 -1.085274 -4.006054 29.688284 19.478775 5.512547 29.864372 17.649002 11.277802
34.712151 -31.964205 0.191859 -14.528560 20.365715 25.903002 17.245777 18.493866 7.074870 9.628361 38.825134 -32.103920 -7.556458 -26.711090 21.504971 13.595506 -6.935429 31.273941 -3.196810 7.605602 29.577295 -30.902704 -0.936015 -4.262607 29.675226 19.538525 5.652447 29.809639 17.419436 11.291347
34.476715 -32.443920 0.442349 -14.513533 20.438896 25.800631 17.142904 18.046911 6.772950 9.505432 38.892895 -32.216255 -7.328007 -27.139690 21.242317 13.950611 -6.969278 30.946636 -3.799858 7.315982 29.367477 -31.210615 -0.610373 -4.647923 29.621981 19.587191 5.885335 29.661491 17.101326 11.131452
33.883095 -33.251640 0.753464 -14.550112 20.617214 25.554010 17.026951 17.226913 6.242043 9.285540 38.647892 -32.320221 -7.056885 -27.880505 20.901804 14.437834 -6.833704 30.477625 -4.593884 6.998557 28.978134 -31.666285 -0.164937 -5.241532 29.542360 19.588202 6.355808 29.287287 16.714342 10.679105
33.107750 -34.365894 1.036887 -14.680028 20.878859 25.185322 17.162563 16.373949 5.755403 8.671968 38.340881 -32.507282 -6.319009 -28.661116 20.817251 14.810401 -6.570029 29.724056 -5.458088 6.306304 28.495615 -32.298805 0.520157 -5.895603 29.597677 19.550373 6.800471 28.756836 16.226593 9.965399
32.605385 -35.495007 1.099273 -14.774809 20.720093 24.620405 17.291237 15.153856 5.142190 7.946180 38.506203 -32.744846 -5.353418 -29.644962 20.276241 15.122494 -5.967337 28.445162 -6.760487 5.186647 28.361937 -33.319370 1.346684 -6.972527 29.037804 19.287846 7.720748 27.710745 15.349769 8.832688
31.877802 -36.457333 1.296919 -14.826761 20.675112 24.220524 17.148945 13.820354 4.474779 7.704499 38.118622 -32.774105 -4.285669 -30.480133 20.260645 15.362293 -5.591838 27.367802 -7.702964 4.157151 28.162722 -34.274391 2.581389 -7.947010 28.865051 19.157730 8.415627 26.681526 14.356615 7.728451
31.345821 -37.760368 1.736185 -14.908937 20.507734 23.691801 17.120300 12.227135 3.590566 7.506855 37.742943 -32.889767 -3.278841 -31.154179 20.252277 15.635299 -5.392907 26.304625 -8.477905 3.222162 27.905813 -35.620155 3.514807 -8.903796 28.542067 18.944609 9.039189 25.518890 13.352962 6.507202
30.682520 -39.002407 2.153517 -14.961747 20.436840 23.046026 17.352520 10.591285 2.781933 7.155596 37.185932 -32.964771 -2.524221 -31.956474 20.240561 15.945795 -5.221106 25.488111 -9.297976 2.358296 27.056646 -36.807995 4.254605 -9.955565 28.433363 18.498446 9.799282 24.586447 12.515604 5.381201
30.176832 -40.303177 2.871836 -14.975082 20.421236 22.288071 17.604992 8.738329 2.215097 6.302118 36.694897 -33.036133 -1.488316 -32.646793 20.274649 15.766892 -4.805410 23.949249 -10.227713 1.116599 26.806618 -38.041836 5.352292 -10.971873 28.206942 18.034075 10.405540 23.158314 11.357667 3.893273
29.564325 -41.139294 3.462299 -14.854118 20.461502 21.675352 17.625458 7.053556 1.674063 5.804847 36.438469 -32.847050 -0.756677 -33.394527 19.704805 15.981297 -4.710597 22.556295 -11.196092 0.387360 26.504410 -39.148701 6.135702 -11.981309 27.791136 17.788887 10.976334 22.103586 10.283651 2.972116
29.222704 -41.892567 4.203989 -14.743138 20.535980 20.792711 17.586945 5.043840 1.244609 4.589600 36.223019 -32.667610 -0.090015 -34.137333 19.058928 16.054253 -4.468890 20.998194 -12.304205 -0.253464 26.380226 -40.100883 7.293244 -12.989635 27.515766 17.286877 11.768642 20.736687 9.206073 1.646361
28.389860 -42.595871 4.716279 -14.570889 20.897379 20.338594 17.477604 3.750674 0.930198 4.296899 35.162754 -32.557274 0.409270 -34.821720 18.885263 16.161140 -4.209967 20.108076 -12.956289 -0.230020 25.876875 -40.665558 7.932587 -13.739277 27.450455 16.715904 12.455532 19.833282 8.611435 0.748174
28.065275 -43.337055 5.311991 -14.481715 21.067064 19.829519 17.511471 2.493470 0.429566 3.771309 34.662792 -32.650688 1.480187 -35.258617 18.928938 16.333654 -4.033704 19.116316 -13.763124 -0.485296 25.670311 -41.249886 8.553098 -14.483569 27.216717 16.333015 13.029159 18.990284 7.849591 0.047630
27.410728 -43.845852 5.762451 -14.342845 21.351578 19.215042 17.471390 1.011350 0.076300 3.313564 34.128723 -32.472118 2.381645 -35.803883 18.909477 16.412678 -3.727929 18.113163 -14.378166 -1.051330 25.625404 -41.670132 9.155290 -15.210314 26.833574 15.909298 13.640968 18.131376 7.165354 -0.643927
26.965366 -44.264763 6.169310 -14.308399 21.601358 18.891027 17.498550 0.164105 -0.208130 2.777704 33.525574 -32.032738 3.107727 -36.516708 18.800396 16.609444 -3.416206 17.422567 -14.977202 -1.415694 25.317799 -41.738052 9.734794 -15.831170 26.589947 15.704042 14.133368 17.490974 6.636788 -1.075225
26.215763 -44.439526 6.419871 -14.308980 21.880507 18.512537 17.457178 -0.803124 -0.370078 2.365006 32.857986 -31.632196 3.640528 -36.869854 18.809252 16.523233 -3.220029 16.824348 -15.285482 -1.390500 24.775169 -41.795181 10.085333 -16.211258 26.612822 15.274613 14.401145 16.881189 6.350872 -1.342628
25.722134 -44.258568 6.722345 -14.268331 22.178116 18.299522 17.228554 -1.444017 -0.522783 2.241712 32.459465 -31.315571 4.085397 -37.129345 18.799700 16.473749 -3.108489 16.264517 -15.597589 -1.404955 24.503082 -41.703571 10.403568 -16.506113 26.652781 15.102840 14.511590 16.439781 6.191209 -1.720209
25.397797 -44.356220 6.784259 -14.172570 22.315584 18.147120 17.128019 -1.881781 -0.576322 2.175354 32.253147 -31.189301 4.324911 -37.263996 18.789272 16.524817 -3.055605 15.935331 -15.790166 -1.479439 24.137341 -41.523403 10.432328 -16.637917 26.694376 15.042006 14.486270 16.181126 6.199416 -1.778670
25.417902 -44.392792 6.861709 -14.114581 22.338223 18.075136 17.114279 -1.995388 -0.616264 2.159892 32.286224 -31.147131 4.361837 -37.305801 18.696354 16.516443 -3.014231 15.829532 -15.882510 -1.437835 24.149847 -41.493660 10.476795 -16.687084 26.648945 15.007021 14.510045 16.102610 6.167317 -1.794251
25.536180 -44.006145 7.407089 -14.036953 22.444286 17.507284 17.344427 -2.299051 -0.906612 2.400437 32.346016 -30.588697 4.808739 -37.392746 18.632313 16.421206 -3.027649 15.731171 -16.106846 -1.223392 24.353518 -40.846130 11.037321 -17.025087 26.450148 14.920917 14.749551 16.100117 5.855028 -1.574830
25.335989 -42.571175 9.320964 -13.942228 23.217089 16.118929 18.206619 -2.755188 -1.412276 3.371728 32.660091 -29.011398 6.507299 -37.692043 18.641672 16.061968 -2.966536 15.656705 -17.127851 0.121640 24.747343 -38.753326 12.476514 -17.753622 26.345684 14.484627 15.422143 16.446358 5.274450 -0.478298
24.808327 -40.170544 11.499825 -13.491398 24.453257 13.735167 19.403622 -2.965242 -2.413427 6.095638 32.292896 -26.924191 8.663844 -37.796356 18.844515 15.095061 -2.807868 15.777186 -18.011065 3.153154 25.034214 -34.707527 14.574372 -18.857502 26.637138 12.965404 16.358072 17.276644 4.367319 1.016598
24.358131 -35.668964 14.135208 -13.531120 26.055883 10.511819 21.414419 -2.271568 -3.479030 9.440533 32.017208 -21.961483 12.391564 -38.502880 18.834156 12.834928 -1.972085 15.451509 -19.164640 8.009362 25.323545 -29.193092 16.288448 -20.472727 26.520638 10.661806 17.869677 18.499033 3.253227 3.861296
23.323463 -29.104807 15.815342 -13.962337 27.958784 6.325510 24.160141 -1.220431 -4.099323 12.611237 31.730516 -17.680368 16.602943 -37.852623 20.191174 10.123892 -2.120659 15.464561 -18.954048 12.174399 23.652184 -21.375105 16.268074 -21.251360 27.721167 8.351489 19.011299 20.799183 3.338113 8.047896
21.751677 -22.155897 18.515829 -14.064501 31.504635 2.050966 26.346436 0.405916 -4.346327 14.818439 28.860077 -13.238091 21.040339 -35.608688 23.124794 6.457677 -3.102461 14.373614 -19.195103 19.015486 21.745634 -11.475953 17.869650 -21.386288 30.696394 4.472670 19.788965 23.057878 3.652101 11.929559
19.766397 -13.191792 22.701265 -14.412643 35.200558 -2.752383 26.778225 -0.570455 -5.716759 19.314714 24.169348 -9.480387 23.974283 -32.137177 25.312170 1.036744 -2.352449 11.837339 -17.649857 28.116371 19.148853 -0.589663 20.213724 -21.528210 33.556145 -0.612607 17.361490 21.768169 1.892828 17.988726
17.393602 -4.609684 22.857603 -13.160505 36.798294 -6.010393 25.957022 -2.696362 -6.835080 26.106142 19.495892 -7.517140 24.025726 -28.796045 26.794735 -5.789505 0.330675 9.417497 -14.129202 35.920105 15.833673 6.861109 20.320759 -23.189678 33.169941 -5.299668 15.725460 17.428469 1.232612 22.288727
15.024754 3.482749 17.906195 -11.526571 34.618710 -7.401391 22.467035 -4.444472 -6.169163 35.408756 15.545862 -6.273488 19.921167 -24.560583 26.144075 -11.763258 2.555233 4.498060 -8.718511 41.205933 15.551585 13.264779 20.248892 -23.501270 32.201576 -10.860625 13.626513 10.614359 0.319959 26.523726
16.678427 9.596432 11.161606 -9.891221 31.732746 -9.261838 17.667793 -7.832197 -6.490183 38.675644 14.418318 -3.421910 16.751801 -20.939667 25.423668 -16.194500 2.858858 -1.920434 -4.674048 41.863289 16.492104 19.184170 16.906324 -22.623148 30.051403 -13.275316 10.498511 3.974921 1.239527 29.240414
21.351324 13.038686 7.064343 -9.076118 27.827921 -11.726007 13.563494 -13.476098 -8.315071 36.030708 18.796513 -3.284807 16.364313 -17.248230 23.409832 -19.416769 2.878094 -8.129255 -1.456732 37.344833 19.271870 20.498854 15.455722 -21.167231 26.425541 -14.849022 8.077076 -4.080825 1.590141 29.589077
28.259264 15.214476 4.970414 -8.462589 23.785666 -12.538781 10.285296 -19.225798 -9.587578 29.447102 25.371944 -4.024019 15.831516 -13.055069 20.611319 -21.818855 2.974212 -15.424395 -0.855897 32.914688 23.846857 19.375534 13.813165 -20.010963 22.239712 -14.650866 5.828465 -11.116318 0.909774 30.092022
34.388622 16.657450 3.113593 -8.340624 19.336998 -13.981406 6.156599 -25.177086 -8.702591 20.841141 31.524506 -3.107127 14.361833 -7.589427 19.355427 -21.958345 2.546054 -22.938568 -1.507220 28.181234 30.512838 18.429312 10.106169 -15.220851 20.639729 -13.015766 2.712501 -17.802095 0.146700 27.261211
38.150719 14.835081 -1.977815 -8.335837 14.577543 -13.943635 3.400076 -29.164865 -8.550107 14.038260 36.295338 -2.911143 11.166459 -3.898286 17.430479 -22.459183 2.405717 -30.692970 -1.262906 22.274124 35.964489 15.779532 7.546719 -11.907578 18.128126 -11.153455 -0.318974 -24.097155 -1.078866 23.035051
40.056648 10.699401 -8.612828 -8.303976 8.931862 -15.045012 1.352873 -31.650705 -6.459431 10.740278 41.677540 -3.646534 7.307646 -1.333412 14.874686 -21.874552 3.597661 -34.428665 -1.495563 17.208414 41.490650 11.900355 3.912103 -9.202394 14.717045 -9.653692 -0.573231 -28.678221 -1.150262 17.659500
44.075142 5.621859 -11.106552 -7.691568 5.893473 -14.690275 -1.973377 -33.385651 -6.319155 5.758370 47.508949 -7.074143 5.009636 0.056579 12.096205 -20.573864 4.037663 -34.782841 -1.908268 11.798868 48.045456 7.599474 1.774221 -7.410349 11.313749 -8.416611 -0.788915 -30.231850 -1.219447 13.310269
46.616539 1.757518 -11.342505 -7.565176 4.931537 -13.557704 -3.977753 -34.603168 -7.575528 2.632581 52.202168 -10.406087 4.401706 1.036357 11.696782 -18.343863 3.871131 -34.492073 -2.084095 6.355799 52.881493 4.373273 2.141587 -7.336452 9.193780 -6.849779 -0.598509 -31.116570 -2.867975 9.405625
48.399551 -1.323531 -13.084271 -6.651135 4.368407 -12.104788 -4.725418 -35.729862 -8.593689 -0.140388 55.425972 -13.084118 4.337055 1.188229 10.662301 -16.862345 3.666903 -35.404865 -2.631752 2.791025 56.717522 1.767921 2.996869 -6.622500 8.234721 -4.954914 -1.979414 -32.396469 -4.184751 6.750670
48.764030 -3.074864 -13.642932 -6.014850 4.348796 -11.151163 -4.678552 -36.549206 -9.554062 -0.922210 56.305271 -14.442939 3.881952 0.765005 9.660933 -16.110847 3.627164 -35.826530 -3.357975 0.972774 57.893639 0.290667 3.270685 -6.874590 7.648012 -4.303321 -1.786349 -32.198677 -4.216110 5.159046
48.954311 -3.829183 -13.666368 -5.784529 4.229932 -11.149260 -4.735452 -36.985832 -10.440249 -0.445807 56.447861 -14.863954 3.835964 0.646086 9.370702 -15.715296 3.330124 -35.600132 -3.645778 0.784353 58.163113 -0.339328 3.600477 -6.948567 7.710731 -4.219366 -1.797141 -32.046505 -4.704693 4.911403
48.857716 -3.690918 -13.637297 -5.890642 4.253612 -11.180907 -4.703372 -37.010265 -10.383126 -0.630824 56.334782 -14.845345 3.888323 0.589385 9.399426 -15.842718 3.464296 -35.787712 -3.684682 0.728405 58.040539 -0.247356 3.624093 -7.055573 7.640357 -4.169709 -1.905683 -32.152809 -4.783143 5.047675
48.479576 -3.397158 -13.824106 -6.193589 4.195139 -11.326274 -4.617262 -36.864510 -10.102925 -0.712101 56.141823 -14.849380 3.758076 0.461762 9.405612 -16.135204 3.863614 -35.951447 -3.667261 0.700115 57.818684 -0.010878 3.541206 -7.225780 7.539374 -4.454481 -1.890346 -32.517788 -4.769699 5.156236
47.894875 -3.023552 -13.651250 -6.669939 4.006227 -11.913033 -4.446984 -37.044498 -9.956600 -0.602654 55.690487 -14.729738 3.958919 0.346054 9.515693 -16.742928 4.374443 -36.386524 -3.707855 0.848059 57.235733 0.184647 3.574830 -7.602345 7.343170 -5.032553 -1.801133 -33.147907 -4.926814 5.656290
47.034752 -2.434631 -13.618436 -7.472338 3.579988 -12.614682 -4.324656 -37.270153 -10.072232 -0.124615 54.719471 -14.174357 4.163353 -0.126491 9.494962 -17.297791 4.894357 -36.833721 -3.875968 1.355190 56.185711 0.470905 3.659291 -8.033552 7.473481 -5.349432 -1.744040 -33.447346 -5.443218 6.146420
45.997459 -1.454571 -13.749751 -8.463056 2.943277 -13.346954 -3.988539 -37.204433 -10.133274 0.907534 53.466576 -13.762804 3.956004 -0.866501 9.094089 -18.012169 5.845829 -37.257153 -4.085364 1.825076 54.041618 0.942019 3.124249 -9.115725 7.171587 -6.330949 -0.760072 -33.660675 -5.392389 7.088667
44.891792 -1.058185 -13.398424 -9.359984 2.413412 -14.286827 -3.678533 -37.864880 -10.820515 1.765483 52.239449 -13.111236 3.938888 -1.213858 8.983707 -18.994965 6.499051 -37.512733 -4.384885 2.583231 52.864334 1.428210 3.699998 -10.194576 6.932482 -6.931484 -0.348775 -34.521832 -6.683547 8.006217
42.839828 -0.012890 -13.271932 -10.078858 2.345016 -14.995399 -2.895471 -38.460606 -11.044916 3.090114 49.930504 -12.346971 4.523510 -1.808530 9.266176 -20.073343 6.871061 -38.141502 -4.632900 3.755082 50.656857 1.903423 3.617399 -11.241751 6.872897 -8.083873 0.442396 -35.042027 -6.806470 8.963187
41.390175 0.941549 -13.534521 -10.840165 1.367934 -16.106020 -2.229324 -40.026310 -11.571937 3.987160 48.012501 -11.641693 4.882720 -2.559080 8.734876 -21.532726 7.545153 -39.280888 -4.898275 5.009914 49.467659 2.687868 4.252575 -12.515241 6.131408 -8.520828 0.973315 -36.430561 -7.287223 9.573918
39.755310 1.649921 -13.886951 -11.305615 1.234511 -16.778215 -1.396895 -40.822918 -12.229748 4.864292 45.851311 -10.949670 5.143121 -3.207846 8.830460 -22.589630 7.917066 -40.182373 -5.209743 6.124412 47.549480 3.592554 4.828703 -13.451351 6.230280 -9.194140 1.259801 -37.462696 -7.952787 11.111182
38.343483 2.435669 -14.191509 -12.172572 0.946961 -17.205915 -0.628679 -40.827888 -12.848279 5.426443 44.346016 -10.116070 5.491291 -3.622807 8.650385 -23.391390 8.168653 -41.230206 -5.300804 7.092000 46.277905 4.318332 5.586639 -14.093346 6.368328 -9.813592 1.415930 -38.582699 -8.410795 11.971076
36.813324 3.677430 -14.374443 -13.165176 0.518684 -17.934044 0.513893 -41.443024 -13.639299 5.921391 42.576542 -9.087204 6.004415 -4.116712 8.281649 -24.449244 8.664332 -42.636547 -5.755870 8.369236 44.885731 4.847417 6.558723 -14.746412 6.809997 -10.721085 1.599921 -39.625313 -9.463214 13.320724
35.502335 4.599696 -14.626913 -14.149261 -0.120254 -18.913416 1.482894 -42.596874 -14.594247 5.857234 40.954445 -8.203403 6.436913 -4.664110 7.795084 -25.307564 9.207111 -44.229340 -6.220521 9.182078 43.978588 5.015059 7.814749 -15.489802 7.055387 -11.398505 1.701083 -40.801914 -10.611747 13.850019
34.251068 5.517948 -14.824029 -14.959761 -0.652671 -19.748333 2.483850 -43.632954 -15.319742 6.299410 39.496807 -7.291501 6.774688 -5.249365 7.332572 -26.487400 9.904012 -45.722466 -6.597172 9.877536 42.931736 5.189434 8.875803 -15.947209 7.541446 -12.217651 1.721194 -41.889214 -11.529728 14.554084
32.720245 6.367079 -14.746153 -15.806198 -0.877920 -20.208284 3.426048 -44.244926 -15.952818 6.637565 37.864010 -6.145098 7.246359 -6.121001 6.957120 -27.380119 10.520761 -47.084606 -7.054561 10.438180 41.737617 5.397119 10.005207 -16.645817 7.870194 -12.731268 1.677731 -42.861561 -12.512485 15.121638
31.994488 6.905521 -14.990922 -16.334660 -1.329390 -20.437094 3.898480 -44.907101 -16.397604 6.671402 36.880062 -5.417241 7.302386 -6.772452 6.520045 -27.952045 10.897145 -47.984146 -7.344955 10.620925 40.882236 4.831533 10.441068 -16.966131 7.857338 -13.045837 1.709984 -43.604759 -12.993278 15.436723
31.095572 7.516860 -15.010645 -16.959282 -1.629734 -20.568718 4.144352 -45.411934 -16.884064 6.945806 35.912178 -5.200081 7.391044 -7.423253 6.139387 -28.359312 11.238140 -48.773155 -7.808825 10.991103 40.249126 4.539834 11.095982 -17.251865 7.987260 -13.288137 1.580987 -44.286507 -13.594313 15.848082
30.223434 8.168823 -14.852749 -17.501152 -1.728599 -20.721136 4.759482 -45.760895 -17.480225 7.249829 35.004414 -4.821774 7.714021 -8.098842 6.018312 -28.670252 11.579079 -49.066002 -8.130744 11.578831 39.544968 4.309160 11.689229 -17.523344 8.258021 -13.678392 1.621857 -44.660877 -13.903546 16.207653
29.869839 8.599949 -14.759090 -17.811300 -1.805769 -20.809822 4.975796 -45.922039 -17.730648 7.323255 34.775272 -4.701782 8.023761 -8.248877 6.096666 -28.827953 11.690994 -49.151279 -8.187723 11.674476 39.251862 4.115795 11.973113 -17.589117 8.328289 -13.822622 1.649182 -44.829819 -14.111615 16.466187
29.673244 8.848833 -14.706336 -17.883978 -1.828884 -20.899401 5.235784 -45.981815 -17.760675 7.318714 34.585896 -4.678131 8.211770 -8.338592 6.127554 -28.897760 11.799649 -49.235859 -8.253301 11.753559 39.087914 4.134541 12.159060 -17.662037 8.361354 -13.859068 1.678977 -44.966415 -14.141631 16.421509
29.591135 8.938981 -14.675989 -17.915970 -1.848765 -20.940750 5.249840 -46.061489 -17.756903 7.269698 34.470535 -4.699082 8.304277 -8.382504 6.143579 -28.959833 11.840270 -49.349724 -8.297366 11.735615 39.027756 4.151593 12.283224 -17.675634 8.371819 -13.844125 1.688368 -45.040592 -14.175637 16.457132
29.567696 9.395562 -14.455772 -17.953754 -1.632001 -20.921499 5.399622 -45.984467 -17.918680 7.538867 34.374489 -4.432892 8.505630 -8.462359 6.216890 -29.107285 11.805532 -49.369373 -8.271798 11.915964 38.872093 4.370481 12.395152 -17.773767 8.542413 -14.043725 1.552964 -45.074932 -14.216641 16.655239
29.605604 10.108942 -13.637114 -17.819242 -1.342108 -21.078171 5.988727 -45.859695 -18.139074 8.441569 34.099239 -4.222161 9.480658 -8.530484 6.692988 -29.701790 11.849477 -49.276985 -8.195313 12.432090 38.409519 5.115306 12.890734 -18.154381 8.711713 -14.522498 1.235552 -45.164482 -14.213763 17.387531
29.455526 11.182981 -12.204337 -17.664221 -0.143604 -20.963598 6.619006 -45.261051 -18.011621 9.198655 33.055595 -3.535299 10.817621 -8.988281 7.697829 -30.369909 11.745667 -47.968655 -7.605742 14.066511 37.060272 6.432864 13.483263 -18.337986 9.801471 -15.767939 1.288190 -44.472267 -13.310154 18.829494
29.191717 12.209270 -9.845038 -17.170092 1.704454 -20.945215 7.273890 -44.806915 -18.378317 10.475657 32.336895 -3.475513 12.530962 -9.332577 8.594004 -30.633312 11.424586 -46.393032 -7.642386 16.229136 35.256420 7.785776 14.080397 -18.694029 10.784256 -16.789331 1.511528 -43.636753 -12.870105 20.340164
28.924391 12.733244 -7.524210 -16.296522 4.366283 -20.585903 7.956728 -42.813080 -18.963669 12.915643 31.761177 -3.750666 14.310830 -9.928168 9.919735 -30.027994 11.051301 -43.261269 -7.972087 18.422647 32.884899 9.189334 14.283773 -18.763126 12.703263 -17.997061 2.135941 -40.668449 -11.731378 22.030384
27.513248 13.164428 -5.008111 -15.778108 7.188652 -20.483345 9.592552 -40.065029 -19.399061 16.694717 30.404551 -3.889525 16.335592 -11.510178 10.969341 -29.637348 12.078418 -39.342258 -8.649542 21.334974 30.365013 10.409428 14.198344 -19.029480 14.601833 -19.442444 3.915088 -36.469852 -10.265002 23.710770
25.680870 13.285295 -1.676779 -15.513765 10.143686 -20.356262 10.838743 -37.421921 -19.879896 21.388571 28.871847 -4.704915 18.657978 -13.462681 12.039805 -28.252220 12.581469 -34.253334 -8.753649 24.290789 27.838068 11.947769 14.258532 -19.108997 16.803816 -21.532253 5.907667 -31.390467 -8.669408 26.070091
24.194489 12.854580 0.960080 -14.510709 12.850570 -20.377581 11.925377 -34.615559 -20.322008 26.277328 27.707531 -5.972283 20.294456 -14.334556 13.248782 -28.139908 13.116151 -29.152851 -7.682123 27.588583 26.097118 12.431709 15.219730 -19.752686 18.569353 -23.948967 8.085301 -26.538054 -7.063242 27.027016
22.902409 12.590962 2.131884 -13.960589 14.588675 -20.440619 13.089517 -32.147224 -20.499514 30.279886 25.469223 -6.504469 22.039848 -16.732077 14.111664 -28.528660 14.426199 -24.477926 -6.693119 29.935175 24.446247 12.596793 15.863206 -20.880121 19.411654 -25.362658 10.571935 -21.935764 -5.742499 28.255043
22.394596 11.949796 2.820080 -14.115487 15.400937 -20.663254 15.807765 -28.961016 -20.328829 33.130917 23.621792 -6.925908 22.376240 -17.024946 15.376460 -28.905054 15.452699 -20.418530 -5.598129 32.861519 23.219858 12.970403 16.354719 -20.068666 21.260000 -26.017359 12.056512 -18.201344 -3.983704 29.820192
22.140333 11.746975 4.422719 -14.377379 16.138340 -20.908653 19.243954 -25.407543 -19.242174 36.016193 23.335110 -7.751203 23.034567 -17.275721 15.685328 -28.004862 16.861034 -16.018436 -5.862447 36.682297 24.231495 13.452971 16.873856 -19.811247 21.990709 -26.327862 13.969292 -15.188846 -3.577572 30.738626
23.018473 10.733177 3.877087 -15.357224 16.078136 -21.810471 23.557079 -21.590702 -18.282419 35.258469 23.537905 -7.765040 22.877270 -18.888023 14.933000 -27.627495 17.490561 -12.794759 -7.120334 38.823509 23.225632 12.914719 15.738997 -23.550220 19.561802 -25.737364 16.967659 -11.354548 -4.915212 32.071789
22.869614 9.301681 3.661086 -14.508439 17.609415 -21.913242 26.021532 -17.026457 -16.886782 35.912605 24.061375 -8.836150 22.163565 -19.915834 15.759216 -26.178143 16.448074 -7.996737 -7.986348 40.686646 23.716438 12.763169 15.597968 -25.047443 19.285776 -25.816980 18.654299 -7.099339 -5.551266 31.467625
26.706406 5.720816 5.353972 -11.576233 20.741695 -21.727360 26.454126 -12.910667 -15.022767 34.817154 27.319000 -9.258089 21.004543 -20.767397 15.746201 -24.652388 14.992948 -2.464284 -8.752687 41.396351 27.936853 14.320545 15.394016 -26.341238 18.111433 -23.388386 18.967468 -1.727189 -5.966503 28.617245
33.612312 5.677495 10.617900 -14.764865 18.369064 -18.298187 28.915010 -7.029714 -11.945066 28.085417 34.691021 -1.907169 18.375813 -26.087376 14.474636 -23.049274 16.080587 6.835876 -8.688155 32.324322 30.067535 8.743207 14.062054 -20.512981 19.072863 -19.586691 18.315554 6.082000 -1.683544 32.828526
37.410339 0.087489 10.850082 -12.895205 19.354889 -16.475048 31.378151 -1.118492 -7.940482 23.738794 40.349857 -1.696512 17.376549 -25.861841 13.326267 -17.796381 13.059540 11.648810 -8.395304 31.113951 34.242870 4.082308 12.889518 -18.231956 19.373894 -16.275448 18.864292 12.018277 -0.231025 30.062262
39.879539 -6.074448 8.606611 -11.700377 19.557676 -11.937356 33.211281 6.979589 -4.292159 21.884687 44.884090 -3.869025 12.786172 -26.980814 10.785639 -10.818075 10.876538 18.935755 -8.847466 31.410812 38.811226 -1.423198 10.046252 -14.483857 20.278028 -10.734888 18.701221 19.648233 3.559452 27.268871
42.023129 -11.014198 4.652512 -11.550129 17.835325 -5.591073 29.744146 9.625518 -2.922768 19.696177 46.845383 -5.969285 6.026321 -29.356060 7.171005 -3.702125 7.706709 21.760376 -9.195945 28.578821 39.202900 -6.155200 6.461158 -13.895084 18.101183 -4.186928 18.899620 23.521492 7.082515 25.645481
44.489803 -16.466475 -0.559168 -10.109155 16.230854 0.247327 25.305050 10.056781 0.638472 14.799303 48.838722 -6.077157 -0.852856 -31.424963 3.874637 2.400501 3.215091 22.277254 -9.060801 23.398012 39.189453 -13.105165 0.920324 -15.272597 13.907636 1.136886 18.542370 24.832758 9.291614 20.844557
43.339092 -24.365377 -5.423476 -8.632676 14.129739 5.438163 25.320595 9.645016 2.156262 13.198830 49.712158 -9.253496 -5.408751 -34.949257 0.285693 6.922985 1.443680 19.764006 -13.314322 17.396154 38.951687 -22.768393 -3.074029 -14.780825 11.600182 4.973485 19.519361 22.227751 9.849484 15.501082
42.542870 -30.084671 -8.959187 -8.455334 11.097072 10.127125 23.634428 7.098452 4.367775 9.308864 51.642841 -11.336504 -9.786675 -36.148170 -2.130311 11.440062 -0.159716 18.291594 -13.464670 11.359218 39.808773 -30.875113 -3.272463 -14.125156 10.175822 9.448022 19.731880 19.252750 10.761633 10.874736
43.043682 -33.738598 -13.472065 -7.818314 9.370027 14.591640 20.114161 6.729751 6.319658 7.246287 51.160267 -15.000163 -16.241276 -37.757557 -5.665494 14.617922 -0.589248 16.121664 -13.579495 7.021685 40.797428 -34.959610 -5.653127 -13.120094 9.129996 13.259915 16.417948 17.207747 12.435218 7.051973
39.690987 -33.868652 -19.412071 -6.903625 8.723699 16.508154 16.732286 4.871671 6.874839 11.503819 46.770260 -17.835445 -24.929445 -38.454227 -7.301828 14.866576 -1.395414 13.287967 -12.020873 5.945545 38.915085 -37.324871 -11.551786 -10.508104 9.113664 14.630280 12.891955 14.440642 15.741853 6.847830
37.044369 -31.497028 -25.157307 -5.028352 9.110678 18.527254 11.829483 3.451892 8.820125 14.500072 43.296021 -21.126703 -32.021423 -35.634449 -6.311421 12.602364 -3.215238 11.464011 -7.559632 6.430034 35.827862 -37.231800 -17.527929 -6.689667 10.796960 14.142149 8.670388 12.312344 21.615515 7.171500
35.120869 -27.337845 -29.816427 -3.680677 9.106832 19.740438 8.190408 1.892428 11.395526 14.934974 39.939289 -23.685202 -37.103649 -32.699074 -4.262076 9.648820 -3.108569 10.399335 -2.880880 5.860653 33.143955 -35.840778 -22.704416 -4.413169 11.064112 13.221942 5.863212 10.434333 26.218731 7.726904
31.952009 -22.995626 -33.912266 -3.486954 8.846193 20.883600 5.028094 -0.031265 13.619108 14.543773 36.974777 -24.956528 -41.825748 -29.470865 -0.979483 6.195935 -1.543260 9.150820 1.414899 3.267421 29.339174 -32.144787 -26.620689 -4.661368 9.695121 14.254481 3.340410 7.222773 28.508808 9.350412
28.065718 -20.914301 -37.049278 -3.046606 9.488745 21.895346 1.590174 -2.128737 15.957760 14.839770 33.364864 -24.085510 -46.153912 -25.307026 2.902859 3.330544 -2.642037 7.602113 5.222129 3.195060 26.443367 -27.935005 -29.379543 -4.436424 9.126218 16.591492 0.551337 5.478145 30.767002 10.856475
24.028027 -18.562975 -39.314060 -2.653514 9.722108 22.689907 -1.992901 -4.429080 16.784636 17.442936 29.424370 -22.985567 -50.284569 -22.178759 4.944586 1.644703 -4.027704 5.695410 8.019677 4.402507 23.089066 -23.594589 -31.979933 -4.688975 8.580750 18.561867 -1.273700 3.327669 31.280418 13.458682
20.761080 -15.926872 -41.544315 -3.080283 9.713826 23.424675 -4.538578 -6.410865 16.855871 20.489105 26.006002 -21.896404 -52.924191 -20.688005 6.551218 -0.845653 -3.794131 3.639018 11.121120 5.586372 18.943981 -18.848902 -34.933979 -5.770643 7.580376 19.308371 -3.675872 -0.999803 32.421486 16.846571
17.667801 -13.015763 -42.617695 -4.174036 9.691708 23.929880 -6.186534 -7.964836 16.515469 22.943796 21.891052 -20.382925 -55.262302 -20.530731 7.321741 -2.432776 -3.171606 2.139787 12.465276 7.651827 16.252935 -15.753537 -36.978355 -6.569573 6.426212 19.664465 -4.815767 -4.016493 32.370766 19.719246
14.855701 -10.451885 -42.575687 -4.913712 9.988092 23.756575 -7.047374 -9.012429 16.106300 25.867460 17.494745 -18.987795 -57.761410 -20.794868 7.484983 -3.839203 -3.282274 1.608521 13.803273 10.821549 12.026972 -14.003572 -38.728176 -7.479961 6.082849 18.966562 -4.518805 -5.186712 32.392918 22.640167
12.044658 -6.968592 -41.615448 -5.272289 10.717593 23.185318 -7.916665 -10.172241 15.709541 30.173876 13.177848 -18.056540 -59.132088 -20.767328 7.965446 -5.681619 -3.092714 1.516156 14.948198 14.892744 7.990802 -11.689164 -39.482151 -8.575999 5.408765 17.894852 -4.482746 -6.345786 31.922203 26.763721
10.152843 -3.745024 -40.214458 -5.215337 11.694361 22.543732 -8.342047 -10.516710 15.187322 34.805626 9.796609 -17.064016 -59.634068 -20.499884 8.633093 -8.273415 -1.996182 1.540189 15.852203 19.088099 4.948386 -8.996313 -39.436836 -9.370532 5.371881 16.660620 -4.360240 -7.094007 31.931732 30.583307
8.017661 -0.531369 -38.338326 -4.867385 13.443269 21.244814 -7.643651 -10.854424 14.709049 38.634743 6.059603 -14.589528 -58.467770 -20.851366 9.124677 -11.407509 -0.854792 1.211981 16.556839 23.530176 1.990606 -6.395046 -39.070377 -10.445460 5.379863 14.378638 -3.140890 -7.216000 32.216312 34.293533
5.644660 1.950220 -36.864479 -4.785114 15.058815 20.122908 -6.584329 -11.190112 14.832756 40.850082 3.176103 -12.388868 -56.559750 -21.862625 9.306465 -13.544512 -0.653312 0.612912 17.244184 26.722307 -0.909770 -4.181746 -38.413738 -10.772738 6.667959 11.909710 -2.065820 -7.431396 32.996231 36.260082
3.644935 4.149982 -35.852734 -4.749142 16.388577 18.834127 -5.004123 -11.225846 15.335119 42.733772 0.801641 -9.973068 -54.655388 -23.173786 9.351255 -15.195318 0.137088 -0.256383 17.140707 29.006977 -2.539427 -2.751169 -37.773243 -10.878615 7.909114 9.085430 -0.618632 -8.139216 33.525925 37.171192
2.002064 5.730747 -34.986595 -4.919397 17.360294 17.513863 -3.357960 -11.663712 15.656137 43.401237 -0.696722 -7.548013 -52.325115 -24.696699 9.227907 -15.706542 0.422191 -1.647923 16.396824 29.594282 -3.600067 -1.622977 -36.926434 -10.789822 9.208139 6.651111 0.580742 -9.008414 33.800251 37.223461
1.193687 6.825813 -34.419479 -5.061449 17.808062 16.509954 -2.397340 -12.201859 15.904678 43.467541 -1.734589 -5.980770 -50.935020 -25.498367 9.396556 -16.126408 0.788833 -2.348596 15.945688 30.179510 -4.002225 -0.917988 -36.160900 -10.703520 10.108609 4.937238 1.457269 -9.623662 33.865299 37.158577
0.919606 7.665606 -33.899551 -5.200404 17.953789 15.681158 -1.586279 -12.570389 15.862803 43.654938 -2.258435 -5.093608 -49.886303 -26.042004 9.411844 -16.486860 1.103858 -2.613508 15.605931 30.722795 -4.194067 -0.435346 -35.591572 -10.762262 10.558680 3.839364 2.184452 -9.991230 33.769924 37.275364
0.864682 7.903306 -33.808464 -5.268779 17.921270 15.337083 -1.225355 -12.756480 15.828298 43.647854 -2.326098 -4.799353 -49.486801 -26.254307 9.356590 -16.610828 1.247481 -2.806819 15.422059 30.796339 -4.118968 -0.313862 -35.335354 -10.832752 10.614283 3.513941 2.421261 -10.232798 33.643913 37.227947
