31.918526 15.805742 -17.196653 -10.197800 13.403286 -34.475925 36.992035 -6.474956 -3.622838 21.751734 36.817993 15.804494 11.835289 -11.498476 8.649954 -17.381136 41.022064 -8.870183 0.159470 37.425735 31.378498 14.178661 -5.414959 -23.063005 12.186710 -37.785648 24.519815 1.671240 3.502233 24.053099
31.754959 15.816942 -17.277073 -10.294097 13.593768 -34.355682 37.108528 -6.135131 -3.545120 21.779127 36.584175 15.940937 11.664752 -11.668911 8.698048 -16.990601 40.921913 -8.483718 0.275623 37.621956 31.194387 14.200495 -5.678874 -23.171553 12.126901 -37.717529 24.602589 1.930841 3.700698 24.042772
31.403172 15.689880 -17.375839 -10.453443 13.927771 -33.979721 37.143898 -5.522201 -3.406690 21.997156 36.076321 16.203867 11.250731 -11.861268 8.731587 -16.435295 40.690758 -8.117327 0.644991 37.955025 30.785181 14.205391 -6.125062 -23.414701 12.047503 -37.385483 24.684170 2.477585 4.022116 24.106728
30.892441 15.562706 -17.589048 -10.781983 14.258553 -33.425007 37.320332 -4.671152 -3.121927 22.106167 35.534691 16.391495 10.652584 -12.195234 8.806815 -15.625148 40.600296 -7.277479 1.231619 38.162479 30.314951 14.237818 -6.510542 -23.725628 12.193323 -37.072151 24.773108 3.194263 4.319180 24.193256
30.267128 15.375163 -17.770519 -11.220036 14.584146 -32.713284 37.654831 -3.583340 -2.826375 22.350294 35.206902 16.518234 9.875782 -12.515989 8.794681 -14.702452 40.254406 -6.385015 1.549215 38.483971 29.655001 14.273728 -6.805505 -24.210382 12.199444 -36.569241 24.919327 3.996416 4.494882 24.414402
29.387978 15.496039 -18.006187 -11.535293 15.067814 -32.178204 37.869167 -2.828242 -2.408584 22.569849 34.628998 16.541851 9.264493 -12.685340 9.160721 -13.876703 39.830059 -5.425842 2.005742 39.025875 28.499113 14.552326 -7.465712 -24.765757 12.144206 -36.042469 25.067387 4.779402 4.983112 24.693384
28.272633 15.323579 -18.677834 -11.880801 15.562535 -31.313004 38.004204 -1.673342 -1.783744 22.696501 33.706932 16.780294 8.159760 -13.131262 9.439018 -12.604840 39.344704 -4.166690 2.866072 39.284740 27.128656 14.703479 -8.417957 -25.490929 12.014867 -35.285980 25.111591 5.710298 5.543451 24.848354
27.048203 15.194884 -19.197165 -12.227059 16.138691 -30.697819 38.175602 -0.833509 -1.100949 22.320108 32.969021 17.161774 7.475467 -13.490944 9.784890 -11.415640 38.623692 -3.321624 3.496644 39.480522 25.701366 14.942282 -9.317162 -26.381916 11.694713 -34.442120 25.293406 6.585811 6.054649 24.935905
26.039639 14.829257 -19.766392 -12.467470 16.626820 -29.942825 38.446259 0.371952 -0.308991 22.136480 32.230732 17.501764 6.430603 -13.868527 9.886314 -10.083184 38.046139 -2.313773 4.191477 39.747002 24.548977 15.079800 -10.088758 -27.141073 11.392426 -33.775318 25.632627 7.226689 6.425506 24.850397
24.734039 14.677130 -20.648077 -12.918569 17.144314 -29.153912 38.900444 1.977468 0.465440 22.151407 31.142628 17.789673 4.822056 -14.332884 9.823124 -8.909423 37.272610 -1.347339 4.697590 40.414589 23.038876 14.897672 -11.307648 -28.061600 11.081697 -33.033661 26.044289 8.119257 6.673788 24.972992
23.752785 14.500808 -21.138443 -13.436028 17.711323 -28.140984 39.064857 3.490029 0.974158 21.914145 29.887863 18.065157 3.666416 -14.621765 9.937176 -7.565073 36.341454 -0.685415 5.329197 40.974636 21.507742 14.849853 -12.370747 -28.961107 10.870338 -32.283062 26.359724 9.066477 6.891457 25.286594
22.218924 14.341058 -21.314163 -14.053082 18.253559 -27.400576 39.199596 4.538755 1.314309 21.818834 28.639261 18.256908 3.035896 -15.056333 10.327019 -6.402252 35.611584 0.207139 5.791018 41.421455 19.921638 14.921750 -12.991523 -29.761766 10.855013 -31.843620 26.746777 9.761835 7.140142 25.377926
20.900911 14.595480 -21.479757 -14.708679 18.726051 -26.341631 39.094864 5.568566 1.672905 21.932074 27.322435 18.688507 2.002253 -15.360700 10.431618 -5.480803 34.658974 0.438678 6.278722 41.824646 18.472143 14.840697 -13.696482 -30.488447 10.809324 -31.127636 26.904514 10.448526 7.396211 25.487572
19.860626 14.838314 -21.566795 -15.495942 19.051088 -25.369928 39.484512 6.727156 1.901619 21.910973 26.421879 19.399862 1.042872 -15.791115 10.365820 -4.329829 33.725063 1.114886 6.631884 42.367645 17.225929 14.853317 -14.270245 -31.132853 10.762339 -30.436113 27.068514 11.076271 7.606223 25.675289
19.093969 14.969884 -21.739737 -16.157974 19.196375 -24.574749 39.556065 7.567926 2.229985 21.496506 25.661865 19.803066 0.180198 -16.118607 10.291635 -3.090968 32.792973 1.858970 7.027853 42.614677 16.169611 15.012550 -14.552895 -31.326939 11.010332 -29.753954 26.679199 11.400270 7.868087 25.803444
18.229879 15.171025 -22.047699 -16.652264 19.391962 -23.898653 39.537571 8.195407 2.596272 21.091455 24.909950 20.388187 -0.469046 -16.306902 10.318720 -2.216436 32.035961 2.026788 7.566958 42.487598 14.855810 15.138489 -15.057489 -31.754597 11.042601 -29.411026 26.744413 11.459246 8.147149 25.620003
17.705811 15.339620 -22.068377 -16.932901 19.629692 -23.375479 39.582710 8.660316 2.932313 20.810225 24.591692 20.899591 -0.805167 -16.307030 10.359959 -1.748150 31.518456 2.127457 7.955368 42.418869 13.983818 15.211432 -15.497883 -31.951450 11.003119 -29.074503 26.746300 11.505008 8.367542 25.598652
17.220366 15.439504 -21.995985 -17.129251 19.920601 -23.008358 39.585888 8.977226 3.190076 20.664286 24.337852 21.258219 -0.959141 -16.397104 10.488924 -1.410066 31.094828 2.225184 8.078408 42.344910 13.378670 15.296555 -15.813030 -32.178066 10.927120 -28.686777 26.665434 11.569899 8.529374 25.636829
16.940119 15.368199 -21.940405 -17.256981 20.084452 -22.800985 39.661266 9.219580 3.252194 20.553236 24.164114 21.337368 -1.098179 -16.429304 10.555581 -1.177273 30.815390 2.297558 8.143737 42.269501 13.123921 15.254108 -16.016340 -32.322479 10.816899 -28.480019 26.721935 11.698237 8.570249 25.580662
16.821110 15.399116 -22.003269 -17.329889 20.086388 -22.755705 39.700764 9.272700 3.293768 20.535608 24.071114 21.362490 -1.134077 -16.480211 10.586463 -1.150416 30.781267 2.334677 8.153005 42.246681 13.010063 15.246037 -16.072803 -32.372765 10.792075 -28.436024 26.751814 11.733228 8.593820 25.571720
16.831039 14.855072 -20.317194 -17.205669 21.041395 -22.606497 39.533615 9.430582 2.558743 21.344175 24.164606 20.903130 0.456490 -16.404902 11.501980 -0.366619 30.075037 2.956523 7.262250 42.813820 13.109750 15.961913 -14.577450 -32.688751 11.273783 -27.574179 26.369970 12.271504 7.927523 25.975599
17.029438 13.155958 -15.312132 -16.774803 23.679031 -21.817318 38.447132 9.422318 0.769950 22.837423 24.274754 19.962688 5.005760 -16.257061 14.299562 1.281478 27.602196 3.689906 4.619696 43.372635 13.913521 17.303411 -10.314344 -33.465961 12.438412 -25.085476 25.415993 13.517787 6.077183 26.477892
18.126165 10.239212 -7.766510 -16.958925 26.338221 -20.844448 36.730873 8.465827 -1.922834 22.374201 25.316605 18.290977 11.259373 -15.800216 17.462738 3.658292 23.541990 3.444182 0.330428 42.675362 15.104753 17.215265 -4.184113 -34.350418 13.994343 -21.091494 23.298834 14.698554 2.543912 26.231232
18.847950 7.940635 0.276462 -18.105129 28.712673 -18.398140 34.599140 7.622332 -5.386298 21.932283 26.296272 15.645939 15.640559 -16.068644 20.481945 5.529702 17.060057 2.366438 -6.009279 40.999939 15.934043 14.766491 3.049063 -34.655579 17.234013 -16.729996 20.699574 16.068268 -1.745178 26.010065
18.831701 2.907500 8.855985 -17.074383 33.557751 -14.619707 31.077763 5.921646 -7.283810 19.363798 25.756147 8.690516 19.734747 -16.759403 26.562908 6.593638 11.807990 3.696703 -11.685912 38.553677 15.868119 10.827085 8.047544 -31.199610 24.416456 -12.835432 17.857828 19.901684 -1.604924 22.798363
16.332308 -4.287891 16.454144 -15.008409 40.196354 -10.460671 27.576962 5.763430 -7.017605 19.699360 21.268686 -2.083606 21.261620 -17.360855 33.199978 6.705020 10.074202 5.760110 -15.248440 35.321190 14.761805 6.518590 12.168780 -25.974470 32.925827 -10.144810 15.586315 22.333080 0.536063 17.398926
9.857143 -11.167753 20.935209 -13.673286 46.325672 -5.467483 23.972740 5.383255 -4.586035 20.420973 14.180536 -7.820894 21.667526 -18.136774 40.627235 7.214574 6.777914 8.502500 -14.366897 32.112938 9.790936 0.014741 14.400955 -20.486622 43.059494 -9.371584 13.062343 24.124031 3.513269 12.862458
3.221983 -11.575968 21.939651 -15.951243 47.551876 -0.454649 23.189465 6.110299 1.470491 17.161003 8.206168 -8.778797 22.122198 -16.541681 46.047733 9.681199 3.180102 8.610450 -10.238477 28.958286 3.925925 -4.520424 17.043737 -16.077208 51.075188 -6.763592 8.812705 23.062210 5.954164 11.492562
1.694934 -7.952910 21.827757 -20.427013 48.003498 4.352845 23.007795 9.708776 4.974447 9.298532 2.824897 -8.044162 20.813496 -15.249328 52.093338 12.542819 -3.317748 10.044271 -5.831247 26.478132 -0.098346 -2.884622 18.087107 -13.411184 54.986301 -0.843270 3.720416 22.694590 9.800894 11.214688
3.555806 -0.607513 20.989655 -22.035936 49.267151 8.872039 16.954306 12.136099 9.249977 3.469039 1.464183 -3.136448 18.541948 -17.272654 52.607246 14.299270 -6.435158 9.327959 -3.535605 21.305029 -1.344253 2.383028 17.775913 -15.113696 54.440784 5.584512 -1.983920 20.668106 12.398070 9.599583
7.313336 8.961274 20.774035 -22.179752 48.983013 11.890013 9.973770 9.582829 11.939147 -0.854406 3.065125 1.330221 18.263350 -18.593113 48.762535 16.708906 -6.683177 3.447995 -3.173936 15.763455 1.562452 7.181083 19.073982 -17.664721 49.878414 12.017790 -5.858382 14.200014 10.506335 6.676486
12.815212 13.086245 17.527744 -19.990635 45.634071 13.495854 2.920090 5.421077 12.522778 -1.596208 6.671563 6.131457 15.610621 -20.169533 43.997543 19.709848 -9.158240 -0.331102 -3.580869 12.674933 4.129416 10.300177 17.454983 -21.157978 41.692650 18.030186 -7.027688 7.530779 7.155973 6.161215
19.166946 13.026092 15.301422 -16.521435 41.249603 14.806787 -4.430398 1.013306 12.218555 1.461732 9.984535 9.190053 11.435000 -22.933685 35.578190 23.054379 -11.551283 -4.308285 -4.648158 12.432570 6.348193 12.196884 13.510554 -25.129124 30.567312 23.776058 -5.743195 3.166205 5.865828 7.594383
26.195341 13.000002 12.866711 -14.032296 36.669060 15.756054 -11.371182 -1.459872 11.872255 5.317874 15.351499 12.785573 6.100806 -23.631222 26.291241 23.701490 -11.030956 -10.326068 -4.657794 12.206085 12.515929 12.320004 12.242931 -27.429377 20.524202 27.113991 -4.887135 -0.782982 2.760743 10.227077
32.282635 10.680490 12.751109 -11.710706 34.206841 15.578885 -15.882318 -5.045760 10.426567 4.760667 20.887913 15.133551 2.887698 -24.046465 18.294401 23.244823 -10.849104 -17.523073 -6.073971 10.515503 18.821712 14.512014 14.647359 -27.282516 16.616835 27.844715 -4.695222 -6.415035 -0.824569 10.332635
37.065601 7.072067 13.578815 -10.388255 31.901842 14.079718 -20.166679 -9.252130 9.025684 3.537935 24.629557 15.982056 3.918849 -24.647984 13.310430 22.519901 -11.572314 -24.449408 -7.906159 7.905862 24.613295 16.188284 18.512482 -27.734676 15.078382 27.483131 -4.319359 -10.536221 -3.848942 8.364577
40.437031 5.919441 15.153697 -10.498713 28.601187 11.650590 -23.485149 -14.832954 6.085940 2.686800 27.236767 15.599648 5.399514 -23.174475 10.059151 20.615082 -13.707683 -31.957396 -9.709697 6.729703 30.049761 17.511881 23.039574 -28.592506 13.406455 26.659100 -5.143572 -14.475807 -6.998825 8.010284
44.303860 5.425322 17.073458 -11.702498 25.459101 10.003698 -24.932678 -17.311930 4.535592 -0.155629 31.485123 16.119440 6.515086 -22.458675 6.621191 19.403599 -15.126779 -37.115406 -12.066086 5.113008 33.396812 17.743732 27.073860 -29.986210 11.512023 25.468880 -4.558552 -17.806898 -9.542888 6.975773
46.406635 6.750583 18.765678 -12.519498 24.215071 9.603969 -25.827641 -17.643602 4.345286 -1.978413 33.600098 16.489981 6.526202 -21.500673 5.297948 18.519726 -15.349410 -39.850353 -14.312900 5.327809 35.570152 18.163586 28.594189 -30.868946 10.040907 25.838562 -4.207520 -19.417189 -11.087903 6.595261
47.250553 7.110387 18.860882 -12.550289 23.596212 9.232653 -26.082548 -17.989264 4.203202 -2.669892 34.237522 16.764055 6.678930 -21.499062 4.620940 18.060486 -15.440033 -40.794643 -14.806727 5.292574 36.376759 18.068010 28.859318 -31.367279 9.221869 25.777521 -3.849602 -19.805540 -11.705446 6.750082
47.109158 6.945695 18.983507 -12.481340 23.902422 9.526332 -26.363365 -17.826702 4.170932 -2.426441 34.016869 16.602428 6.573481 -21.404440 4.803096 18.389406 -15.658890 -40.689449 -14.747888 5.271557 36.263626 18.004234 28.947563 -31.270655 9.462075 26.021479 -4.139564 -19.788948 -11.579991 6.519053
47.073135 7.066647 19.810856 -12.505103 24.632694 10.103447 -27.127844 -17.510374 3.894864 -1.708410 33.282558 16.674240 6.410562 -21.317276 5.293693 19.132357 -16.185656 -40.209816 -14.666406 5.556418 35.779190 18.126472 29.613945 -30.934500 10.421918 26.352001 -4.742795 -19.494656 -11.474851 6.593832
46.928993 7.245453 19.916519 -12.376964 25.281252 11.056379 -28.171572 -16.953300 3.925143 -0.455691 31.993174 16.729631 6.251316 -21.578409 5.615756 20.402498 -17.071898 -39.360416 -14.055879 5.810948 34.976654 18.379227 29.827400 -30.793730 11.065550 27.398472 -5.686024 -18.784357 -11.100103 7.414161
45.917908 7.412603 19.731075 -11.906919 26.478434 12.424155 -29.554310 -16.265118 4.163193 1.132104 29.405729 16.668707 5.542734 -21.444231 6.963093 21.603943 -18.220249 -38.423988 -13.694662 7.186812 34.018127 18.021437 29.310654 -30.363958 11.570001 28.754948 -6.921559 -18.117670 -10.841846 8.460983
44.526985 7.776939 19.568243 -11.245584 27.954378 13.783098 -30.480579 -15.402593 4.753445 2.819727 27.924629 16.469519 4.517153 -21.418989 7.988193 23.385485 -19.731407 -37.252533 -13.618386 8.731612 33.088875 17.141130 28.272636 -29.480473 12.600882 30.208364 -8.063869 -16.866545 -10.097898 9.053004
44.487488 8.200974 19.812805 -10.318350 29.134407 15.673194 -31.855202 -13.848239 4.934483 5.173741 27.080013 16.248163 3.824736 -21.116138 9.296924 25.343502 -21.249201 -35.549015 -14.118819 10.489593 31.954508 16.889687 27.850937 -28.227667 14.157725 32.153313 -10.378315 -15.687377 -9.693203 10.420817
44.256512 8.712352 20.566181 -9.493290 30.774897 17.477123 -33.186028 -12.105355 5.493495 6.907538 25.242357 15.513345 2.720081 -20.652308 10.843233 27.326859 -22.715712 -32.866257 -13.456273 12.798446 31.242481 16.842684 27.399269 -26.938377 15.362910 34.677898 -12.951602 -14.537520 -8.888362 11.043378
42.842220 9.304238 21.451191 -9.660312 31.941545 18.908150 -33.673042 -10.585491 5.730486 8.750918 23.499250 15.102021 2.077034 -20.250694 12.039605 29.102554 -24.469240 -30.828808 -12.948062 14.818263 30.011202 16.241003 27.017969 -25.733156 16.624718 36.356232 -14.818842 -12.648534 -8.031429 11.962853
41.144341 10.504711 23.261580 -9.318851 34.095451 20.000788 -34.322224 -9.268489 6.524074 10.445462 21.923935 14.291294 2.023687 -19.466471 13.764033 30.783615 -26.886768 -29.036787 -12.842101 16.481064 28.839682 16.066250 25.688688 -24.723276 17.441645 38.275066 -16.532064 -10.530684 -6.908386 12.925409
39.362949 11.078636 26.390532 -9.145137 37.129807 20.889187 -35.484692 -9.141800 6.511930 11.045439 19.891026 13.461086 2.787632 -19.057011 16.036222 32.141872 -29.180637 -27.583323 -12.672431 17.559111 27.090696 15.536561 25.989916 -24.181164 19.441277 39.806171 -18.742479 -8.832022 -6.330369 13.048901
37.725872 10.663718 29.278408 -9.103824 39.299984 21.149977 -35.779202 -9.764376 6.089257 11.207345 18.434235 12.816863 4.301304 -18.927240 17.663939 33.299244 -31.046766 -26.891489 -13.082965 18.105137 25.096483 15.637256 27.634613 -23.535322 22.301430 40.157936 -20.070204 -7.554196 -5.758981 12.707917
35.468842 11.076075 33.180309 -9.316149 41.833656 20.492260 -35.005482 -10.603433 5.750322 11.585876 16.754145 13.036629 6.918898 -18.766481 20.340252 33.308826 -32.639229 -25.922880 -13.442840 18.966774 23.116722 17.086985 29.635323 -22.750296 25.806362 39.365570 -20.627750 -6.478849 -5.004146 12.506388
33.666641 11.563767 36.275990 -9.627481 43.816231 19.856770 -34.271473 -11.009823 5.604760 11.350016 15.357916 13.273927 9.468280 -18.441961 23.250589 33.167763 -34.118259 -25.185392 -12.947873 19.082844 21.680500 18.477737 31.219444 -21.534977 29.509922 38.926056 -21.743578 -5.118042 -4.164476 12.464314
32.548870 12.289022 39.872620 -9.356325 46.207481 19.306873 -34.133846 -11.335109 5.488492 11.791591 14.543815 13.925316 12.250237 -17.829222 25.873846 33.270439 -35.454861 -24.840923 -12.478971 19.025652 20.484432 20.203859 33.042549 -20.366861 32.787987 38.462498 -22.482914 -4.264079 -3.880740 12.933207
32.104378 11.250328 41.172604 -8.775410 47.291374 19.241472 -34.067539 -11.053791 5.686600 12.096027 15.146514 13.987463 13.494531 -16.878822 27.426966 33.807961 -37.233887 -23.896536 -11.753230 18.844336 20.472406 20.431614 33.669609 -19.491690 34.184517 38.670704 -23.215073 -3.454236 -3.405580 12.828664
31.419626 11.177351 42.580460 -8.365108 48.624172 19.161917 -33.856007 -10.577732 6.153426 12.531093 14.940986 13.782833 14.721904 -15.736934 29.066593 33.750401 -38.419323 -23.554716 -10.990609 19.307388 19.882324 21.350487 34.290611 -18.738115 35.991634 38.506222 -23.652868 -2.610438 -2.751107 12.967320
30.781837 10.887675 43.956905 -8.064364 49.870113 19.107872 -33.789230 -10.331948 6.335629 12.863946 15.004367 13.949986 15.765389 -14.818174 30.265379 34.017521 -40.001339 -23.446520 -10.720549 19.725567 19.498779 21.980778 34.751854 -18.287350 37.264114 38.409805 -23.909239 -1.829653 -2.252494 12.866817
31.117350 9.583246 43.927322 -7.512339 50.053940 19.290134 -34.163532 -10.132799 6.634416 12.721662 15.825979 13.458903 15.677445 -13.953989 30.728310 34.554615 -41.449955 -23.080015 -10.469209 19.614006 20.042021 21.632765 34.503227 -17.862955 37.235134 38.973339 -24.612461 -1.211985 -1.617489 12.398146
30.560596 9.530048 44.623672 -7.458465 50.668198 19.185774 -33.881226 -9.832370 6.808212 12.994860 15.583337 13.406492 16.226244 -13.724136 31.223873 34.565140 -41.971863 -23.092592 -10.440358 19.908789 19.654646 22.106068 34.962482 -17.722960 37.940441 38.883175 -24.667030 -0.740682 -1.406110 12.588115
30.453144 9.600804 44.717186 -7.425329 50.820213 19.186939 -33.802147 -9.659802 6.940375 13.041742 15.552506 13.551695 16.322140 -13.625100 31.351336 34.518776 -42.034904 -23.035383 -10.247882 19.927839 19.524069 22.251194 35.031582 -17.642384 38.143223 38.811226 -24.616173 -0.603122 -1.305715 12.645216
30.453144 9.600804 44.717186 -7.425329 50.820213 19.186939 -33.802147 -9.659802 6.940375 13.041742 15.552506 13.551695 16.322140 -13.625100 31.351336 34.518776 -42.034904 -23.035383 -10.247882 19.927839 19.524069 22.251194 35.031582 -17.642384 38.143223 38.811226 -24.616173 -0.603122 -1.305715 12.645216
30.453642 9.601737 44.716461 -7.425183 50.819817 19.187128 -33.801868 -9.658998 6.941319 13.041105 15.552506 13.551695 16.322140 -13.625100 31.351336 34.518776 -42.034904 -23.035383 -10.247882 19.927839 19.523937 22.251621 35.030815 -17.642349 38.143124 38.810562 -24.615692 -0.602875 -1.304809 12.644419
30.453642 9.601737 44.716461 -7.425183 50.819817 19.187128 -33.801868 -9.658998 6.941319 13.041105 15.552506 13.551695 16.322140 -13.625100 31.351336 34.518776 -42.034904 -23.035383 -10.247882 19.927839 19.523937 22.251621 35.030815 -17.642349 38.143124 38.810562 -24.615692 -0.602875 -1.304809 12.644419
30.453144 9.600804 44.717186 -7.425329 50.820213 19.186939 -33.802147 -9.659802 6.940375 13.041742 15.552506 13.551695 16.322140 -13.625100 31.351336 34.518776 -42.034904 -23.035383 -10.247882 19.927839 19.524069 22.251194 35.031582 -17.642384 38.143223 38.811226 -24.616173 -0.603122 -1.305715 12.645216
30.453642 9.601737 44.716461 -7.425183 50.819817 19.187128 -33.801868 -9.658998 6.941319 13.041105 15.552506 13.551695 16.322140 -13.625100 31.351336 34.518776 -42.034904 -23.035383 -10.247882 19.927839 19.523937 22.251621 35.030815 -17.642349 38.143124 38.810562 -24.615692 -0.602875 -1.304809 12.644419
30.454016 9.601632 44.717403 -7.424977 50.820442 19.187326 -33.802826 -9.659376 6.940866 13.041497 15.552505 13.551154 16.322332 -13.624941 31.351349 34.518650 -42.034962 -23.035870 -10.248577 19.928162 19.523960 22.251659 35.030983 -17.642508 38.142990 38.810711 -24.615662 -0.602841 -1.304990 12.644494
30.444893 9.597892 44.711117 -7.438582 50.805431 19.188326 -33.794403 -9.661993 6.929007 13.041226 15.553270 13.553926 16.322552 -13.625829 31.349735 34.522106 -42.035824 -23.036804 -10.248223 19.927557 19.522291 22.249741 35.026363 -17.640421 38.141060 38.805168 -24.611050 -0.603293 -1.301752 12.642937
30.453144 9.600804 44.717186 -7.425329 50.820213 19.186939 -33.802147 -9.659802 6.940375 13.041742 15.552506 13.551695 16.322140 -13.625100 31.351336 34.518776 -42.034904 -23.035383 -10.247882 19.927839 19.524069 22.251194 35.031582 -17.642384 38.143223 38.811226 -24.616173 -0.603122 -1.305715 12.645216
30.453144 9.600804 44.717186 -7.425329 50.820213 19.186939 -33.802147 -9.659802 6.940375 13.041742 15.552506 13.551695 16.322140 -13.625100 31.351336 34.518776 -42.034904 -23.035383 -10.247882 19.927839 19.524069 22.251194 35.031582 -17.642384 38.143223 38.811226 -24.616173 -0.603122 -1.305715 12.645216
30.453144 9.600804 44.717186 -7.425329 50.820213 19.186939 -33.802147 -9.659802 6.940375 13.041742 15.552506 13.551695 16.322140 -13.625100 31.351336 34.518776 -42.034904 -23.035383 -10.247882 19.927839 19.524069 22.251194 35.031582 -17.642384 38.143223 38.811226 -24.616173 -0.603122 -1.305715 12.645216
30.453144 9.600804 44.717186 -7.425329 50.820213 19.186939 -33.802147 -9.659802 6.940375 13.041742 15.552506 13.551695 16.322140 -13.625100 31.351336 34.518776 -42.034904 -23.035383 -10.247882 19.927839 19.524069 22.251194 35.031582 -17.642384 38.143223 38.811226 -24.616173 -0.603122 -1.305715 12.645216
30.453144 9.600804 44.717186 -7.425329 50.820213 19.186939 -33.802147 -9.659802 6.940375 13.041742 15.552506 13.551695 16.322140 -13.625100 31.351336 34.518776 -42.034904 -23.035383 -10.247882 19.927839 19.524069 22.251194 35.031582 -17.642384 38.143223 38.811226 -24.616173 -0.603122 -1.305715 12.645216
30.453144 9.600804 44.717186 -7.425329 50.820213 19.186939 -33.802147 -9.659802 6.940375 13.041742 15.552506 13.551695 16.322140 -13.625100 31.351336 34.518776 -42.034904 -23.035383 -10.247882 19.927839 19.524069 22.251194 35.031582 -17.642384 38.143223 38.811226 -24.616173 -0.603122 -1.305715 12.645216
30.453144 9.600804 44.717186 -7.425329 50.820213 19.186939 -33.802147 -9.659802 6.940375 13.041742 15.552506 13.551695 16.322140 -13.625100 31.351336 34.518776 -42.034904 -23.035383 -10.247882 19.927839 19.524069 22.251194 35.031582 -17.642384 38.143223 38.811226 -24.616173 -0.603122 -1.305715 12.645216
27.967772 11.224633 40.879032 -15.784674 51.283783 15.759882 -35.028751 -5.014406 -2.867743 9.757881 14.576267 14.834593 19.467394 -11.200492 28.361591 41.139793 -37.665627 -24.861629 -3.183351 22.154572 17.217190 18.231909 30.264408 -20.644619 39.294903 32.639091 -27.474758 0.568332 -7.082676 10.292996
27.967772 11.224633 40.879032 -15.784674 51.283783 15.759882 -35.028751 -5.014406 -2.867743 9.757881 14.576267 14.834593 19.467394 -11.200492 28.361591 41.139793 -37.665627 -24.861629 -3.183351 22.154572 17.217190 18.231909 30.264408 -20.644619 39.294903 32.639091 -27.474758 0.568332 -7.082676 10.292996
27.967772 11.224633 40.879032 -15.784674 51.283783 15.759882 -35.028751 -5.014406 -2.867743 9.757881 14.576267 14.834593 19.467394 -11.200492 28.361591 41.139793 -37.665627 -24.861629 -3.183351 22.154572 17.217190 18.231909 30.264408 -20.644619 39.294903 32.639091 -27.474758 0.568332 -7.082676 10.292996
27.967772 11.224633 40.879032 -15.784674 51.283783 15.759882 -35.028751 -5.014406 -2.867743 9.757881 14.576267 14.834593 19.467394 -11.200492 28.361591 41.139793 -37.665627 -24.861629 -3.183351 22.154572 17.217190 18.231909 30.264408 -20.644619 39.294903 32.639091 -27.474758 0.568332 -7.082676 10.292996
27.967772 11.224633 40.879032 -15.784674 51.283783 15.759882 -35.028751 -5.014406 -2.867743 9.757881 14.576267 14.834593 19.467394 -11.200492 28.361591 41.139793 -37.665627 -24.861629 -3.183351 22.154572 17.217190 18.231909 30.264408 -20.644619 39.294903 32.639091 -27.474758 0.568332 -7.082676 10.292996
27.915386 10.361030 41.373306 -15.603969 51.795433 16.319416 -35.043049 -4.710372 -2.803201 10.456173 14.409228 14.723418 18.960983 -12.276575 27.455273 42.034904 -36.931324 -24.368185 -3.274539 21.989801 17.227440 17.690390 30.183502 -20.774286 39.960354 32.809299 -28.089052 1.671295 -7.809068 10.557220
27.943531 10.216060 41.574326 -15.477948 51.857105 16.494940 -34.873825 -4.648600 -2.542190 10.487855 14.490827 14.678413 19.102716 -12.114635 27.687992 42.168182 -36.862255 -24.077488 -2.952123 21.915205 17.274780 17.739079 30.262835 -20.676275 40.044189 32.890709 -28.047304 1.748858 -7.673903 10.510810
27.917692 10.254575 41.465328 -15.480944 51.881939 16.410187 -34.883221 -4.631760 -2.531201 10.410949 14.464404 14.720839 19.061262 -12.187740 27.603201 42.127827 -36.912079 -24.200310 -3.080816 21.909565 17.282051 17.778391 30.233740 -20.725990 40.013245 32.922363 -28.054008 1.727537 -7.658531 10.473437
27.894464 10.323645 41.351841 -15.553499 51.821407 16.321465 -34.896984 -4.638806 -2.647575 10.372985 14.473522 14.732394 19.073729 -12.187013 27.593449 42.110615 -36.889366 -24.231840 -3.080841 21.891802 17.257740 17.710024 30.195715 -20.760204 39.978302 32.863861 -28.067921 1.702513 -7.749075 10.507784
27.893799 10.322393 41.372562 -15.574808 51.808456 16.345793 -34.901337 -4.647586 -2.660927 10.380064 14.474699 14.733438 19.075584 -12.181054 27.592934 42.115639 -36.890610 -24.237352 -3.073079 21.896261 17.250145 17.692860 30.196976 -20.779119 39.956142 32.876835 -28.071617 1.694644 -7.771590 10.527565
27.894260 10.322535 41.373264 -15.574035 51.809353 16.345966 -34.902004 -4.647568 -2.660518 10.380236 14.473930 14.731125 19.074751 -12.181350 27.592569 42.113976 -36.890713 -24.237455 -3.075278 21.897856 17.250879 17.693016 30.197969 -20.778440 39.957275 32.877319 -28.072054 1.695071 -7.771485 10.527751
27.893667 10.323318 41.374104 -15.582065 51.798168 16.350368 -34.895897 -4.651604 -2.664332 10.382627 14.474335 14.728656 19.076115 -12.187840 27.594213 42.106396 -36.883797 -24.233133 -3.080655 21.888853 17.251066 17.685997 30.203573 -20.775938 39.960892 32.879318 -28.075539 1.692417 -7.778302 10.536438
27.894789 10.325200 41.376053 -15.581805 51.799721 16.351336 -34.897778 -4.650496 -2.665074 10.383143 14.475000 14.730221 19.076675 -12.186622 27.594187 42.107010 -36.885994 -24.233158 -3.079877 21.890242 17.251604 17.687307 30.204880 -20.775415 39.962372 32.880634 -28.075567 1.694230 -7.777735 10.536986
27.894329 10.325077 41.376472 -15.580851 51.799667 16.351927 -34.897175 -4.650774 -2.662874 10.382946 14.474308 14.732763 19.076029 -12.188256 27.591583 42.110466 -36.887039 -24.235252 -3.080545 21.890993 17.251873 17.687996 30.205339 -20.775131 39.961033 32.881470 -28.074348 1.693279 -7.776402 10.537105
27.906883 10.346653 41.388634 -15.617763 51.775867 16.377821 -34.886345 -4.643124 -2.677552 10.381029 14.492406 14.743976 19.095312 -12.170447 27.625650 42.126270 -36.880051 -24.193548 -3.037910 21.876854 17.271141 17.674200 30.239408 -20.778820 39.978046 32.905670 -28.122692 1.687028 -7.835027 10.580714
27.904627 10.334225 41.376347 -15.588676 51.791225 16.355318 -34.904312 -4.656776 -2.671577 10.384220 14.489272 14.742056 19.090527 -12.172132 27.620111 42.119610 -36.882744 -24.197636 -3.046341 21.881323 17.259869 17.687189 30.220186 -20.786512 39.958771 32.891823 -28.093412 1.683417 -7.805015 10.551740
27.904936 10.334896 41.379780 -15.590133 51.790665 16.357969 -34.905685 -4.658271 -2.672671 10.385687 14.489538 14.741795 19.089928 -12.171548 27.621611 42.119392 -36.883575 -24.194830 -3.045308 21.881092 17.259792 17.688076 30.221785 -20.786264 39.958218 32.893742 -28.092310 1.682621 -7.803363 10.551599
27.902163 10.334020 41.374157 -15.588563 51.794674 16.353027 -34.902935 -4.652177 -2.671084 10.383706 14.489538 14.741795 19.089928 -12.171548 27.621611 42.119392 -36.883575 -24.194830 -3.045308 21.881092 17.260521 17.689409 30.218428 -20.781775 39.964428 32.888145 -28.092102 1.685618 -7.799294 10.547312
27.902510 10.334350 41.373295 -15.587596 51.794239 16.352453 -34.903488 -4.653569 -2.670431 10.383383 14.489542 14.741258 19.090191 -12.171139 27.621998 42.119709 -36.883812 -24.194164 -3.045121 21.881649 17.259949 17.690033 30.217440 -20.782045 39.963783 32.888020 -28.091066 1.686058 -7.797972 10.546302
27.902641 10.334694 41.373608 -15.587517 51.794693 16.352255 -34.904018 -4.653921 -2.670467 10.383083 14.489542 14.741258 19.090191 -12.171139 27.621998 42.119709 -36.883812 -24.194164 -3.045121 21.881649 17.260090 17.690365 30.216881 -20.783398 39.962513 32.887474 -28.091198 1.685335 -7.799025 10.545909
27.901155 10.332025 41.382214 -15.591300 51.782078 16.368725 -34.889435 -4.654609 -2.659909 10.382156 14.492805 14.744089 19.093079 -12.167552 27.627176 42.118385 -36.881123 -24.190928 -3.038214 21.878500 17.257769 17.678541 30.228483 -20.777611 39.965191 32.900543 -28.093061 1.684844 -7.805130 10.566241
27.909395 10.345549 41.381268 -15.604598 51.768646 16.369062 -34.896538 -4.660444 -2.679240 10.386194 14.494606 14.748625 19.094938 -12.166619 27.626822 42.122784 -36.883343 -24.191647 -3.036877 21.877459 17.259817 17.675224 30.232288 -20.783184 39.964035 32.899048 -28.102549 1.679825 -7.823414 10.576661
27.905458 10.341295 41.376919 -15.602644 51.768093 16.365639 -34.890480 -4.659799 -2.677272 10.386278 14.495975 14.750361 19.096596 -12.168249 27.623796 42.126022 -36.881458 -24.195389 -3.037067 21.875488 17.255514 17.672125 30.227005 -20.780373 39.961742 32.894913 -28.095177 1.679747 -7.817977 10.577455
27.898182 10.331035 41.374157 -15.587127 51.795219 16.356998 -34.898682 -4.649087 -2.664588 10.381827 14.489120 14.735891 19.089947 -12.172266 27.622204 42.114536 -36.878540 -24.193628 -3.046759 21.880854 17.257347 17.685276 30.220989 -20.776831 39.967621 32.894947 -28.089649 1.690197 -7.794243 10.552192
27.897867 10.331011 41.373970 -15.587904 51.794788 16.356768 -34.897987 -4.648784 -2.664913 10.381648 14.489017 14.736244 19.089922 -12.172110 27.621269 42.115528 -36.878582 -24.194700 -3.046392 21.880861 17.256853 17.685413 30.219662 -20.777777 39.966278 32.894886 -28.089104 1.689827 -7.793730 10.551532
27.898140 10.330167 41.375038 -15.588157 51.793476 16.357174 -34.898052 -4.651611 -2.666632 10.382793 14.488668 14.736998 19.089716 -12.172883 27.620619 42.116810 -36.879025 -24.194399 -3.046542 21.881582 17.258221 17.686106 30.220793 -20.778866 39.964813 32.895981 -28.090065 1.688122 -7.794840 10.551287
