4.183694 -14.772279 -44.195732 -9.231534 31.090572 17.483686 -15.157631 4.160291 7.981291 9.801731 5.232814 -13.072154 -55.022297 -22.769394 21.697443 7.905836 -4.105135 4.190197 8.402173 4.941700 2.372208 -13.119474 -38.856995 -2.994181 21.633177 26.428631 -1.944958 -5.797972 27.155251 7.615105
4.312313 -15.010495 -44.286831 -9.119794 31.080288 17.431580 -15.139554 4.057964 8.065733 9.417975 5.391170 -13.160399 -54.737423 -22.828735 21.624302 7.775888 -4.046598 3.926488 8.477665 4.518652 2.690783 -13.291960 -38.864853 -2.728625 21.874146 26.281895 -1.934924 -5.884141 27.277637 7.234700
4.762663 -15.252713 -44.457439 -8.895696 30.983570 17.455702 -15.343576 3.734968 8.080231 8.693461 5.657112 -13.328053 -54.516041 -22.817638 21.476032 7.563566 -4.032683 3.577462 8.715490 3.931865 3.300282 -13.491236 -38.847431 -2.299374 22.160084 26.219389 -2.074922 -6.020295 27.594875 6.578436
5.376036 -15.540149 -44.532963 -8.555757 30.914286 17.372879 -15.601542 3.302306 8.127651 7.855238 6.343628 -13.735197 -54.147408 -22.721392 21.187555 7.396290 -4.114841 3.070257 8.770035 3.181562 4.070688 -13.937462 -38.695511 -1.748625 22.602516 25.960314 -2.166013 -6.141953 27.827351 5.866778
6.160924 -15.850329 -45.055389 -8.216466 30.609671 17.115356 -15.526003 2.802048 8.214433 6.667138 7.234354 -14.272207 -53.646412 -22.548746 20.713776 6.776508 -3.944800 2.362071 9.028752 2.173626 5.267518 -14.528165 -38.529045 -0.905264 23.162630 25.272537 -2.092787 -6.388525 27.982925 4.878968
6.942390 -16.089224 -45.610378 -7.909456 30.437180 16.950026 -15.423280 2.407606 8.587018 5.147506 8.157337 -14.723528 -53.018269 -22.509077 20.340874 6.124016 -3.649070 1.948515 9.423288 1.139043 6.491869 -15.141575 -38.548031 -0.009429 23.756258 24.403116 -1.764661 -6.591608 28.274107 3.648902
8.439708 -16.604269 -46.136627 -7.634348 29.894192 16.609110 -15.276717 1.876103 8.735979 3.041208 9.461012 -15.529355 -52.319958 -22.483213 19.845451 5.598222 -3.459227 1.633227 9.937779 -0.294550 8.059872 -15.857000 -38.354973 0.830642 24.234682 23.534132 -1.414632 -6.824868 28.414810 2.218637
9.916399 -16.933422 -46.696396 -7.268170 29.515713 16.320732 -15.059121 1.545479 9.046829 0.963908 10.920101 -15.961345 -51.514378 -22.767847 19.161413 5.503946 -3.620190 1.348412 10.303483 -1.885769 9.241735 -16.315203 -38.356762 1.727591 24.756166 22.672640 -1.056133 -6.835924 28.706947 1.027384
11.049335 -17.007820 -47.243771 -7.256135 28.733828 15.919822 -14.618747 1.137959 9.111529 -0.862474 12.049185 -16.160179 -51.197220 -22.976490 18.389740 5.085281 -3.303302 0.958138 10.812585 -3.334812 10.315100 -17.179823 -38.153503 2.341870 25.233986 21.478798 -0.398290 -7.493375 28.832592 -0.741691
12.166085 -16.742382 -47.867622 -7.266205 28.146412 15.602021 -14.330138 0.850744 9.526800 -2.588828 13.524153 -16.386972 -50.605339 -23.147150 17.906004 4.841103 -3.098837 0.709049 11.190305 -5.060478 11.350917 -18.166576 -38.093971 3.081661 25.706343 20.296522 0.134505 -7.766700 29.104141 -2.128808
12.918425 -16.587097 -48.157116 -7.381312 27.607460 15.201395 -14.065751 0.603161 9.918222 -4.426701 14.687121 -16.843504 -49.850430 -23.299150 17.719160 4.711105 -3.362029 0.395685 11.345934 -6.565425 12.179920 -19.204920 -37.750065 3.748967 26.323599 19.137350 0.527166 -8.211948 29.119753 -3.362940
13.868423 -16.487173 -48.098278 -7.575210 27.053902 14.894742 -13.820840 0.519973 10.274435 -5.989891 15.984016 -17.388470 -48.841763 -23.522722 17.544991 4.603123 -3.689247 0.315939 11.644625 -8.296030 13.110998 -20.396246 -36.585751 4.298289 27.060322 18.180758 0.838454 -8.697978 28.838842 -5.015135
14.755932 -16.236246 -48.410313 -7.526546 26.599926 14.470139 -13.422320 0.392637 10.740928 -7.172657 17.109533 -17.844547 -48.238007 -23.729877 17.097067 4.173357 -3.617999 0.519371 12.157422 -9.546920 13.959422 -21.577782 -36.183189 4.718370 27.214987 17.159060 1.190253 -9.091815 28.522568 -5.614432
15.362912 -16.121769 -48.454624 -7.505687 26.236568 13.905755 -12.859927 0.161177 11.002601 -8.290453 17.890060 -17.935432 -47.556450 -24.168478 16.513514 3.818859 -3.473510 0.465933 12.570404 -10.606452 14.615283 -22.104170 -35.582012 4.799812 27.067251 16.390167 1.415603 -9.871600 28.039869 -6.143725
15.857693 -16.184189 -48.351250 -7.562823 25.884565 13.470036 -12.430131 -0.220356 10.996523 -9.338252 18.636015 -18.124249 -46.622894 -24.623795 16.061752 3.485223 -3.390809 0.222868 12.939530 -11.806664 15.145671 -22.566875 -34.836185 4.778434 27.041792 15.581908 1.863768 -10.678028 27.647346 -6.915072
16.296581 -16.003441 -48.557270 -7.438630 25.723572 13.118251 -12.067357 -0.315579 11.388891 -9.997726 19.046421 -18.121161 -46.148678 -25.174929 15.584552 3.181677 -3.188649 0.091182 13.288148 -12.444195 15.648607 -23.047121 -34.433586 5.021960 27.341398 14.893013 2.326743 -10.786303 27.568893 -7.500053
16.541946 -16.043591 -48.699787 -7.437941 25.462942 12.772650 -11.511519 -0.443073 11.451471 -10.496482 19.910492 -18.252905 -45.692867 -25.518518 15.045849 2.850803 -2.806232 -0.058169 13.576879 -13.269711 16.324793 -23.395092 -34.039845 5.095746 27.346209 14.296575 2.788270 -11.171997 27.337147 -8.040433
16.633568 -15.890117 -48.566486 -7.384895 25.467371 12.551790 -11.199904 -0.404135 11.494538 -10.636241 20.079134 -18.207863 -45.288456 -25.738100 14.879481 2.684124 -2.690852 -0.204747 13.689746 -13.666442 16.641283 -23.465405 -33.638512 5.141637 27.349691 14.096544 2.894989 -11.378669 27.122334 -8.272284
16.780901 -15.934988 -48.554462 -7.340883 25.391644 12.422238 -11.046337 -0.486879 11.447025 -10.718545 20.308626 -18.271019 -45.135830 -25.815264 14.725348 2.620630 -2.682356 -0.365973 13.762558 -13.942555 16.820671 -23.513996 -33.446754 5.050622 27.203915 14.088327 2.909303 -11.509106 26.935408 -8.353326
16.747131 -15.933406 -48.476776 -7.349003 25.399734 12.371468 -10.955696 -0.531539 11.373645 -10.766471 20.346565 -18.270697 -44.960747 -25.811901 14.735610 2.544848 -2.640301 -0.425086 13.737887 -14.048099 16.854464 -23.525833 -33.307903 4.985620 27.169069 14.060540 2.960405 -11.590039 26.799686 -8.420952
16.776707 -15.704736 -48.636902 -7.203577 25.420942 12.335960 -11.045466 -0.535272 11.479603 -10.571709 20.259880 -18.115431 -45.187061 -25.755133 14.721732 2.455855 -2.665457 -0.420641 13.857512 -13.738585 16.837179 -23.383400 -33.507690 5.127663 27.205910 13.969383 2.870257 -11.628088 27.040436 -8.198335
17.211548 -15.329473 -49.049160 -6.777642 25.371292 12.267290 -11.315150 -0.700398 11.604071 -10.267102 20.518446 -17.856049 -45.491989 -25.442173 14.570403 2.165309 -2.815201 -0.626949 14.241729 -13.309672 17.143141 -23.272709 -33.901215 5.399354 27.104271 13.802057 2.731178 -11.847094 27.285921 -7.922487
17.286247 -14.883480 -49.151440 -6.335880 25.329561 11.810801 -11.272372 -1.023821 11.640079 -9.714322 20.471363 -17.729898 -45.812664 -24.976021 14.413782 1.861995 -3.202200 -1.159515 14.547322 -12.758531 17.435787 -22.472549 -34.228355 5.683814 26.798866 13.993137 2.007220 -12.491870 27.530676 -7.212839
17.559322 -14.272678 -49.546211 -5.514611 25.433338 11.591623 -11.513294 -1.091670 11.879982 -8.487418 20.890884 -17.132698 -46.645187 -24.318550 13.557563 1.275650 -3.734847 -1.781667 14.971745 -11.415508 18.391121 -21.344782 -34.722740 6.109393 26.127932 14.098387 1.514631 -13.092042 27.803347 -6.258818
17.287083 -13.622708 -50.300465 -5.212457 24.964779 10.843194 -11.449018 -1.749371 11.845572 -7.090923 21.440744 -16.843155 -46.887543 -23.753916 12.795787 0.568412 -4.390989 -2.705405 15.097657 -10.463916 19.252594 -20.220966 -35.018353 6.268848 25.363180 13.791533 1.398453 -14.007262 27.649910 -5.280010
17.252613 -12.793233 -51.057079 -4.937833 24.485407 10.185531 -11.593296 -2.621537 11.525867 -5.475428 21.445898 -16.548214 -47.231606 -23.214558 12.099754 -0.766265 -4.818988 -3.790712 15.659960 -9.367038 19.797586 -18.886848 -34.925808 5.824624 24.133518 13.606523 1.216129 -15.501463 27.029263 -4.282968
17.136866 -12.308456 -51.950214 -4.719140 23.857000 9.197935 -11.472225 -3.651803 11.527033 -4.344956 21.822016 -15.726542 -47.636093 -23.220198 10.760572 -1.829224 -4.917582 -5.272425 15.809322 -8.788028 19.855639 -17.761438 -35.208305 5.243104 22.850500 13.209628 1.281111 -16.542137 26.287937 -2.566671
15.660818 -12.571406 -53.120705 -4.387756 23.605213 8.135322 -10.927300 -4.117167 12.503109 -3.305069 22.117250 -14.533794 -48.189621 -23.549541 9.120348 -2.532219 -4.978253 -6.408076 16.142012 -8.201078 19.584311 -17.026646 -35.155090 4.160605 21.420439 12.477891 1.717886 -17.533802 25.672710 -0.932994
14.497111 -13.060144 -53.923676 -4.037935 23.526138 7.583638 -10.782725 -3.781369 13.001414 -1.671269 21.444952 -13.635328 -48.412258 -24.274029 7.606660 -3.303297 -4.757369 -7.685683 15.795368 -7.245838 19.697578 -16.380249 -35.047550 3.040812 19.802916 12.789599 1.758665 -17.906010 24.787094 0.853920
13.692870 -13.096760 -54.129196 -3.825151 23.097075 6.504608 -9.973993 -3.767167 12.769791 0.046497 20.782970 -13.150841 -48.492477 -25.534407 5.757185 -3.993388 -4.731001 -8.331649 15.389053 -6.036569 19.517130 -16.241459 -35.584717 1.790316 17.939466 13.425619 1.874384 -17.914825 24.306549 2.465848
12.734097 -12.365679 -54.168106 -3.724100 22.941500 5.629509 -9.572277 -3.701087 12.428732 2.740054 20.228756 -13.198081 -48.604218 -26.614506 3.784967 -4.845912 -4.434021 -9.091592 14.547717 -4.329723 19.055365 -16.150677 -36.166473 0.593197 16.381805 13.497475 2.277445 -17.519073 24.087646 4.275613
12.289436 -11.592904 -53.732162 -3.551713 23.094715 5.129026 -9.575915 -4.042604 11.760694 5.204627 19.361710 -13.824981 -48.651974 -27.266897 2.297333 -6.215923 -3.747234 -9.050552 14.367884 -1.924371 18.191360 -15.577003 -36.725903 -1.065196 14.315119 14.064714 2.323435 -17.544619 23.757984 6.454088
12.211432 -10.099630 -53.185867 -3.545611 22.966803 4.267089 -9.853333 -4.868592 11.157560 7.363810 18.267128 -14.868228 -48.864944 -27.548391 1.598553 -7.462579 -3.633662 -7.892284 15.293571 0.887787 17.035440 -15.078820 -37.372799 -2.620579 12.354819 15.343482 1.922060 -16.869308 23.436024 9.070277
12.282565 -8.487481 -52.586227 -3.797240 22.692705 3.842644 -10.020034 -5.766181 9.897242 9.609054 17.804062 -15.343587 -49.608398 -27.366720 1.014241 -8.454885 -3.632196 -7.606058 16.070536 3.239054 16.366493 -14.116531 -37.909519 -3.718233 10.604897 16.689953 1.244162 -16.620773 22.951809 12.047912
12.131178 -7.880496 -52.922523 -4.132595 21.675648 3.047790 -9.420538 -6.288355 8.654942 12.098306 17.926615 -15.621414 -50.012760 -27.313375 0.085810 -9.463101 -3.680190 -7.808904 16.423540 5.277993 15.716115 -14.135194 -38.821949 -5.493223 8.030849 17.300842 1.809374 -16.422091 21.846241 14.830188
11.700367 -7.497204 -53.612095 -4.397228 20.620264 2.139103 -8.248091 -6.656141 7.445123 14.120835 17.652142 -15.698902 -50.521530 -27.091141 -0.684852 -10.625951 -3.194605 -7.733311 16.620449 7.499283 14.995371 -14.629339 -39.660118 -7.169998 5.696635 17.118746 2.689636 -16.651360 20.737301 17.178457
11.398857 -6.882806 -54.088367 -4.624797 19.766930 1.316435 -7.210657 -6.906878 6.634915 15.627355 17.501625 -15.493619 -51.046314 -26.872843 -1.531678 -11.732471 -2.444843 -7.981426 16.586685 8.986377 14.118749 -14.939608 -40.181499 -8.454908 4.168877 16.609642 3.660892 -17.034361 19.896996 18.717144
11.100008 -6.485876 -54.464600 -4.952219 19.012098 0.660317 -6.412743 -7.271573 5.997511 16.464096 17.546577 -15.039845 -51.337040 -27.011005 -2.279974 -12.375388 -1.637421 -8.279136 16.313358 9.838370 13.482129 -15.172888 -40.501350 -9.365249 3.125906 15.798963 4.669594 -17.499632 19.142250 19.768845
10.692358 -6.077884 -54.666073 -5.186925 18.559523 0.219893 -5.949919 -7.438058 5.660117 17.309509 17.420130 -14.718225 -51.460575 -27.139301 -2.728243 -12.894954 -0.981336 -8.494082 16.067265 10.499836 13.062833 -15.061556 -40.663342 -9.850846 2.643332 15.273405 5.265122 -17.660477 18.738514 20.547199
10.586377 -5.894940 -54.599323 -5.333643 18.383184 0.086160 -5.840565 -7.553545 5.492480 17.499098 17.272337 -14.582187 -51.395714 -27.177889 -2.801262 -13.050116 -0.804394 -8.595753 15.932136 10.738174 13.055067 -15.062012 -40.557869 -10.045321 2.437309 15.137403 5.462549 -17.801470 18.522779 20.675856
10.520014 -5.859008 -54.589851 -5.323413 18.420139 0.123418 -5.855615 -7.481614 5.514481 17.640657 17.209581 -14.541162 -51.455303 -27.187099 -2.795144 -13.089646 -0.761256 -8.539044 15.989408 10.827605 12.938014 -15.000908 -40.626225 -10.057961 2.438366 15.102126 5.473579 -17.805161 18.541885 20.787533
10.278440 -5.711018 -54.709217 -5.316721 18.451012 0.194164 -5.886613 -7.304908 5.570203 18.118910 16.940887 -14.406308 -51.658451 -27.229385 -2.818843 -13.247217 -0.710272 -8.500973 16.080746 11.241453 12.630834 -14.823118 -40.989319 -10.064426 2.371559 15.017217 5.495528 -17.775200 18.649681 21.218292
10.050129 -5.474380 -54.730743 -5.302765 18.543489 0.249106 -5.928301 -7.124261 5.603024 18.652094 16.465185 -14.270182 -51.983662 -27.243164 -2.777840 -13.392022 -0.742033 -8.347803 16.320229 11.822495 12.189227 -14.475671 -41.300617 -9.989405 2.499221 14.937181 5.488590 -17.620928 18.852491 21.657045
9.361629 -4.998478 -54.702492 -5.389275 18.801159 0.398059 -6.104367 -6.723442 5.813003 19.676519 15.684893 -14.023746 -52.273636 -27.293381 -2.658290 -13.574607 -0.837171 -8.060354 16.620621 12.786840 10.949694 -13.919287 -41.750896 -9.910998 2.905576 14.712205 5.427480 -17.302437 19.283453 22.583088
8.590579 -4.329616 -54.630936 -5.421734 19.217333 0.560850 -6.278663 -6.307416 6.098147 20.737566 14.663985 -13.643253 -52.814404 -27.319592 -2.545156 -13.917227 -0.831485 -7.767738 17.029959 13.901901 9.891862 -13.244138 -42.373131 -9.839561 3.149991 14.339406 5.567044 -17.099417 19.634251 23.711184
7.863893 -3.687781 -54.594574 -5.435307 19.530855 0.750811 -6.427505 -5.755114 6.289611 22.111170 13.434468 -13.182147 -53.270306 -27.265409 -2.199058 -14.283541 -0.751873 -7.461887 17.431374 15.101649 8.608232 -12.491287 -42.859100 -9.621757 3.726580 14.011879 5.538836 -16.797768 20.105101 24.763950
7.295060 -2.746323 -54.169613 -5.452948 20.076950 1.085349 -6.940127 -5.251908 6.408997 23.632257 12.031516 -12.542675 -53.846855 -27.153732 -1.666078 -14.583148 -0.581472 -7.036983 17.667902 16.630560 7.344597 -11.426285 -43.126747 -9.398990 4.427243 13.666736 5.514482 -16.524893 20.554546 25.824059
6.603366 -1.521957 -53.804089 -5.532469 20.591131 1.314553 -7.415579 -4.849053 6.443761 25.541063 10.705805 -12.167569 -54.480686 -26.843773 -1.095834 -15.087335 -0.393693 -6.469216 17.867813 18.487535 6.411023 -10.028907 -43.475060 -8.830537 5.339335 13.131367 5.524841 -16.193413 21.133694 26.946175
6.012084 -0.378131 -52.794403 -5.615769 21.259680 1.530225 -7.526861 -4.307813 6.131884 27.364185 9.031833 -11.513836 -54.624924 -26.570782 -0.299767 -15.573040 -0.292723 -5.822168 17.800823 20.703432 5.373832 -8.440299 -43.668045 -8.339265 6.291788 12.640005 5.689904 -15.729904 21.645376 28.082909
5.257494 0.629313 -52.007092 -5.625103 22.104549 2.032555 -7.654849 -3.510820 6.012646 29.002573 7.486308 -10.953320 -54.450268 -26.331217 0.634129 -15.978898 -0.119781 -5.399216 17.636715 22.453226 3.982046 -6.899687 -43.588268 -7.918038 7.435757 12.205805 5.694555 -15.053528 22.411688 29.003727
4.369946 2.203215 -50.878010 -5.837454 23.136532 2.290404 -7.822709 -2.997613 5.860200 30.601765 5.770113 -10.145905 -54.029373 -26.012054 2.080238 -16.171902 0.043557 -5.077090 17.008350 24.475992 2.742275 -5.184947 -43.522617 -7.550995 8.576262 11.802459 5.828321 -14.500653 23.078653 29.776815
3.450970 3.870226 -49.863907 -6.082922 24.041729 2.235887 -7.639754 -2.646722 5.882601 32.001038 4.190327 -9.374495 -53.341980 -25.887438 3.404233 -16.441933 0.261154 -4.621649 16.669714 26.215857 1.181517 -3.428563 -43.273479 -7.243133 9.883132 10.874029 6.373654 -14.085506 23.667046 30.638260
2.607887 5.423686 -48.753170 -6.356411 24.934055 2.028636 -7.235755 -2.480418 5.721585 33.268574 2.572250 -8.347660 -52.602005 -25.848238 4.863519 -16.651844 0.578173 -4.204517 16.403801 27.501043 0.007326 -2.133452 -43.064045 -7.030237 10.915401 9.868902 7.045639 -13.779321 23.916615 31.486311
1.796845 6.889117 -47.481411 -6.511570 25.954414 1.791695 -7.064111 -2.447631 5.655471 34.440655 1.291266 -7.118157 -51.582375 -25.887583 6.104267 -16.730989 0.706667 -4.125154 15.909978 28.527849 -0.947253 -0.935295 -42.807728 -6.830731 11.885522 9.013556 7.475159 -13.686901 24.170004 32.038860
0.924827 7.977413 -46.103863 -6.675355 27.086277 1.702368 -6.954729 -2.393774 5.598723 35.194778 0.064609 -6.148310 -50.671402 -26.160957 7.000535 -16.891291 0.959440 -3.980117 15.690190 29.386641 -2.048041 0.140432 -42.416126 -6.713472 13.006233 8.194321 7.899919 -13.502024 24.492683 32.500027
0.280387 8.825171 -45.002266 -6.833821 27.897680 1.505360 -6.652687 -2.354837 5.440108 35.923958 -0.987384 -5.124631 -49.851414 -26.417809 7.842480 -16.879038 1.171392 -3.883359 15.332146 30.056044 -2.786132 1.102552 -41.820091 -6.729764 13.823405 7.472056 8.430635 -13.299855 24.504318 32.965351
-0.138641 9.318565 -44.254189 -7.046789 28.285990 1.156599 -6.171758 -2.357960 5.233383 36.344238 -1.635418 -4.345401 -49.020924 -26.725288 8.435605 -16.961246 1.530985 -3.800965 15.033429 30.372631 -3.298670 1.746247 -41.290154 -6.924948 14.282074 6.945686 8.994229 -13.160772 24.320072 33.296619
-0.461915 9.736147 -43.542324 -7.196083 28.673666 0.935633 -5.803944 -2.364513 5.079843 36.494129 -2.182453 -3.864625 -48.131744 -26.977190 8.993619 -16.968254 1.670823 -3.722154 14.792493 30.556427 -3.809769 2.205374 -40.810181 -6.941049 14.881952 6.590817 9.283154 -13.025572 24.273359 33.403881
-0.604057 10.039943 -43.266712 -7.321483 28.775421 0.744134 -5.501863 -2.345579 4.901444 36.876167 -2.448508 -3.533648 -47.772942 -27.155697 9.143623 -17.194969 1.994147 -3.580957 14.733205 30.892265 -4.049521 2.476418 -40.671658 -7.030828 15.042492 6.273951 9.605761 -12.990741 24.167234 33.698261
-0.688863 10.184187 -43.119324 -7.383824 28.842764 0.666638 -5.386627 -2.358555 4.856606 36.945580 -2.569973 -3.384444 -47.596691 -27.228458 9.249184 -17.200087 2.020736 -3.545638 14.714193 30.917818 -4.195052 2.622810 -40.553429 -7.065407 15.171199 6.147150 9.725782 -12.963873 24.152582 33.767715
-0.780641 10.211908 -43.057541 -7.389076 28.930700 0.665693 -5.373553 -2.359998 4.897928 36.932178 -2.665002 -3.363846 -47.507290 -27.272507 9.296477 -17.197655 2.023387 -3.539109 14.694642 30.969048 -4.273723 2.646502 -40.495846 -7.036653 15.281659 6.095262 9.735246 -12.958591 24.181873 33.748943
-1.015735 10.394567 -42.802391 -7.412371 29.161882 0.587294 -5.313354 -2.358368 5.009091 36.936569 -2.976712 -3.094799 -47.154839 -27.497025 9.396475 -17.164387 1.944094 -3.500228 14.720944 31.061710 -4.517525 2.810722 -40.266712 -6.991607 15.611007 5.888787 9.818585 -12.903800 24.242729 33.741848
-1.432710 10.659612 -42.396469 -7.503927 29.548229 0.494538 -5.232934 -2.435583 5.164560 36.798443 -3.471878 -2.691550 -46.597839 -27.888140 9.563746 -17.067186 1.849452 -3.470877 14.703957 31.131378 -4.964814 3.062627 -39.896973 -6.949869 16.150042 5.594242 9.975272 -12.863574 24.324068 33.617783
-2.035348 11.016459 -41.825417 -7.638104 30.068649 0.353454 -5.054094 -2.485830 5.340403 36.675713 -4.188607 -2.177397 -45.828236 -28.372562 9.848314 -16.936764 1.767713 -3.402509 14.583509 31.322908 -5.551650 3.409980 -39.222572 -6.932306 16.899111 5.192782 10.164902 -12.859518 24.329420 33.433643
-2.679806 11.483891 -41.193802 -7.925076 30.509844 0.099251 -4.751657 -2.651500 5.497684 36.494560 -5.031171 -1.665151 -44.890049 -28.931303 10.300722 -16.785898 1.682841 -3.127996 14.552843 31.514059 -6.195576 3.808115 -38.450497 -6.836739 17.801685 4.702966 10.371529 -12.766427 24.465712 33.154865
-3.376674 12.051452 -40.435768 -8.257206 31.018202 -0.104758 -4.396830 -2.802084 5.651251 36.202145 -5.877371 -1.007454 -43.725319 -29.519249 10.830051 -16.642509 1.584632 -2.800152 14.586413 31.536577 -6.764543 4.128735 -37.653446 -6.814843 18.618013 4.351262 10.632061 -12.684269 24.532246 32.733433
-3.990769 12.607641 -39.637306 -8.637503 31.504959 -0.404976 -3.942254 -2.880724 5.926416 35.678772 -6.797273 -0.231143 -42.440121 -30.128811 11.353223 -16.634239 1.512955 -2.444216 14.705105 31.563513 -7.309564 4.541106 -36.685246 -6.717743 19.613220 3.906164 10.916224 -12.503601 24.650337 32.263767
-4.865624 13.519122 -38.890907 -9.214124 31.971605 -0.769735 -3.426033 -3.054852 6.259877 35.126236 -7.799912 0.615702 -41.274231 -30.738976 12.024108 -16.774330 1.606511 -2.008103 15.155284 31.388777 -8.217342 5.029985 -35.829330 -6.723943 20.746368 3.412388 11.338328 -12.398988 24.867371 31.701195
-5.938347 14.405562 -37.913960 -9.968576 32.454128 -1.250619 -2.702631 -3.416468 6.546926 34.143314 -8.571927 1.476643 -39.903271 -31.348280 12.733530 -16.643648 1.325060 -1.653720 15.575971 30.971491 -8.993425 5.416004 -34.703075 -6.817887 21.863667 2.944999 11.804411 -12.409622 25.033258 30.754921
-7.050154 15.323140 -36.804680 -10.651823 33.202000 -1.701248 -1.753886 -3.446482 6.906814 33.271645 -9.495331 2.629943 -38.391998 -32.014416 13.698835 -16.581070 1.222090 -1.012377 16.133184 30.652538 -10.083524 5.996184 -33.694195 -6.951674 22.990181 2.124869 12.569383 -12.399627 25.218185 30.191629
-7.898784 16.462601 -35.481316 -11.045285 34.195702 -2.129028 -0.896662 -3.300274 7.265021 32.672157 -10.539644 3.881869 -37.121384 -32.543556 14.785513 -16.420490 1.080892 -0.301321 16.631634 30.579050 -11.013243 6.728487 -32.842205 -6.811620 24.311871 1.313242 13.275943 -12.232452 25.565132 29.687279
-8.788885 17.537430 -33.862144 -11.608627 35.218300 -2.642180 -0.070896 -3.513892 7.431843 31.583153 -11.531605 5.380859 -35.602573 -33.128036 15.825351 -16.281578 1.164891 0.162282 16.672556 30.478331 -12.069942 7.689714 -31.784369 -6.860186 25.645609 0.552949 14.145716 -12.050295 25.688499 29.320591
-9.855282 18.855019 -31.786844 -12.209938 36.527290 -3.147290 0.916612 -3.729494 7.505430 30.473749 -12.279907 7.055338 -33.347595 -33.731274 17.120140 -16.127676 1.388615 0.450750 16.448406 30.271631 -13.053920 8.760623 -30.406221 -6.762138 27.318790 -0.069591 14.807476 -11.842888 25.885323 28.422472
-11.319308 20.759483 -29.189127 -13.122377 37.944569 -4.101251 2.392027 -4.005150 7.518323 29.868723 -13.699920 9.230647 -30.126297 -34.767708 18.783203 -16.406818 1.996495 0.356674 15.907928 30.466610 -14.347370 10.168083 -28.316736 -7.060216 29.086452 -1.094597 15.720744 -11.810689 25.757999 27.919292
-11.429373 23.279879 -24.820206 -12.932334 39.950577 -4.913838 2.120120 -5.408658 8.451175 28.421049 -13.476858 12.213211 -25.508535 -33.367981 22.891994 -16.597679 1.390109 2.101760 18.541775 29.002115 -14.686357 13.409553 -24.876732 -7.954307 30.346634 -1.478067 15.706882 -12.166866 25.681068 27.128191
-12.800235 24.403820 -21.889046 -14.042594 41.400818 -5.789901 3.344948 -6.341068 8.100043 26.828974 -14.769241 13.681841 -22.037798 -34.438499 24.440147 -16.342690 1.332621 1.681133 17.756081 28.501362 -16.308741 14.696417 -21.723242 -9.090153 32.256203 -2.464823 16.762421 -12.668444 24.954258 26.035889
-13.841163 25.321337 -19.389774 -15.074110 42.587212 -6.525587 4.584711 -6.965164 7.843502 25.391722 -16.136368 14.754375 -18.999565 -35.254642 25.951035 -16.180988 1.222036 1.197617 17.068790 28.100363 -17.651051 15.725930 -18.818243 -10.207613 33.974266 -3.207273 17.570127 -13.341455 24.214409 24.838398
-14.745338 25.510489 -16.622797 -16.070786 43.639572 -7.317996 5.893192 -7.553160 7.507164 23.492018 -17.409687 15.649303 -16.271978 -36.187500 26.895123 -15.839205 1.238473 0.478720 15.963302 27.681097 -18.842020 16.616169 -15.729561 -11.566693 35.183876 -3.395878 18.083271 -13.529825 23.305763 23.948750
-15.964702 25.404301 -13.902662 -16.934126 44.878963 -8.045046 7.188947 -8.317971 7.152533 21.456163 -18.849709 16.611568 -13.578785 -37.311386 27.797815 -15.465427 1.404629 -0.248749 14.916307 27.085939 -20.113150 17.197330 -13.139973 -12.984234 36.173626 -3.335974 18.694931 -13.754663 22.324181 22.900688
-18.761530 24.025105 -12.452200 -19.063368 45.855892 -8.608150 9.327860 -8.900770 5.753788 18.337788 -21.537266 16.166840 -11.446565 -40.790657 26.752558 -14.444354 2.194033 -2.833256 10.444681 26.487556 -22.139263 15.619557 -10.917376 -13.448281 38.768494 -3.379627 19.510468 -13.910147 21.021231 21.055779
-20.281685 23.151875 -10.253776 -20.000431 46.730705 -8.847739 9.954606 -9.902625 5.704619 15.565006 -22.697100 16.189449 -8.794242 -41.604717 27.487829 -13.809133 1.909493 -4.282170 9.405154 25.342464 -23.233366 15.493348 -8.458937 -14.766644 39.704994 -2.836398 19.507153 -14.259521 20.158813 19.147064
-21.520361 22.143896 -8.437382 -20.831635 47.551838 -9.158767 10.416842 -10.899175 5.418918 13.053483 -23.563562 16.051060 -6.067782 -42.515667 28.250000 -13.234264 1.243536 -5.384894 8.654771 23.990135 -24.795477 15.193802 -6.301348 -15.905339 41.158245 -2.630925 19.787548 -14.835949 19.246109 17.213531
-22.362148 21.076275 -7.107806 -21.507885 48.100212 -9.344472 10.636743 -12.019361 4.932464 10.761182 -23.809338 15.703808 -3.402276 -43.266178 28.970064 -12.550791 0.604166 -6.677575 7.601477 22.125597 -25.741817 14.361121 -4.068208 -17.010588 42.203690 -2.304713 20.256369 -15.613708 18.100798 15.052411
-23.085745 19.916727 -6.189574 -22.110947 48.340637 -9.395278 10.640216 -13.030147 4.580139 8.684253 -23.959789 15.097170 -1.361723 -43.845802 29.392654 -11.928206 -0.087655 -7.656458 6.760061 20.428576 -26.595913 13.663875 -2.357750 -18.231682 42.789585 -2.329900 20.900200 -16.060717 17.112932 13.554984
-23.782316 18.867247 -5.165912 -22.693409 48.712139 -9.444422 10.740532 -13.932407 4.307962 6.711429 -24.354147 14.651195 0.754659 -44.558865 30.038073 -11.387083 -0.338215 -8.146129 6.036502 18.993906 -27.438997 13.129166 -0.568810 -19.375189 43.500481 -2.441001 21.479401 -16.438011 16.266922 12.018428
-24.506958 17.781584 -3.875162 -23.300383 48.972866 -9.770055 10.738706 -15.045137 4.069226 4.586140 -24.828289 14.176584 2.696600 -45.147465 30.588493 -11.174407 -0.280863 -8.701653 5.407941 17.791521 -28.102741 12.413463 1.108374 -20.517687 43.900280 -2.374726 21.979534 -16.835747 15.261668 10.551804
-24.945553 17.169186 -2.828193 -23.812925 49.032948 -10.336455 11.025405 -15.984580 3.926668 3.048155 -25.252514 13.834462 4.434923 -45.763195 30.973949 -11.222362 -0.031908 -9.292713 4.767209 16.917253 -28.753868 11.743052 2.619300 -21.636385 44.045864 -2.617564 22.555466 -17.543785 14.290160 9.304810
-24.821360 16.217709 -1.975545 -24.153883 48.922230 -10.756635 11.226429 -17.011410 3.530665 1.295449 -25.424833 13.370628 5.868930 -46.143509 31.226879 -11.236059 -0.013681 -9.910384 4.264732 16.040531 -29.148741 11.108193 4.357515 -22.653908 44.271751 -2.810148 23.002155 -18.309959 13.381463 7.902227
-24.753283 15.333924 -1.277270 -24.423100 49.092293 -10.856860 11.490402 -17.585485 3.276259 -0.204985 -25.401155 12.966731 7.384892 -46.678532 31.313272 -11.094236 0.132500 -10.767524 3.585575 14.693039 -29.103163 10.390229 5.874849 -23.418173 44.454014 -2.763375 23.261442 -18.870913 12.519542 6.632152
-24.909138 14.597131 -0.594180 -24.681614 49.282879 -10.924402 11.652102 -18.043262 3.130064 -1.441834 -25.585232 12.837175 9.047131 -47.313034 31.550743 -11.109962 0.257891 -11.536113 3.234390 13.513123 -29.098166 9.764294 6.859338 -23.965858 44.572002 -2.729860 23.513018 -19.319910 11.873736 5.647325
-25.070551 14.080939 0.145126 -24.932394 49.441505 -11.084231 11.841498 -18.688963 2.893001 -2.694409 -25.668638 12.463984 10.219426 -47.649338 31.786930 -11.127191 0.394153 -12.232368 3.051975 12.300982 -29.144991 9.338316 7.925288 -24.578131 44.755829 -2.572428 23.738951 -19.919060 11.328788 4.565001
-24.950573 13.374865 0.555832 -24.989658 49.440094 -11.057385 11.729380 -19.260864 2.674073 -4.028828 -25.777460 12.166216 11.339289 -47.955299 32.045448 -11.056232 0.433654 -12.790825 2.923741 11.123623 -28.849285 8.725774 9.077971 -25.009897 44.953781 -2.402820 23.874386 -20.546139 10.777466 3.242163
-24.779686 12.469505 1.204092 -25.106300 49.561764 -10.983443 11.601920 -19.590443 2.621926 -5.500510 -25.614758 11.671695 12.417509 -48.126366 32.157585 -11.009919 0.330147 -13.297811 2.832023 9.972442 -28.475676 8.221451 10.119291 -25.309507 45.116993 -2.075632 23.801514 -20.947721 10.262012 2.244377
-24.736893 11.795988 1.723390 -25.200182 49.684753 -10.925449 11.478316 -19.803402 2.652417 -6.609787 -25.575462 11.290168 13.578217 -48.318741 32.510277 -10.932999 0.244713 -13.806880 2.678314 8.919780 -28.356367 7.908632 11.075287 -25.616350 45.358944 -1.864945 23.784824 -21.297472 9.886806 1.317539
-24.474482 11.387516 1.899594 -25.363159 49.477840 -10.862283 11.328627 -20.114933 2.522345 -7.458745 -25.390156 11.078727 14.243785 -48.404083 32.622787 -10.965513 0.245811 -14.183643 2.624543 8.179278 -28.009865 7.679547 11.904865 -25.776394 45.557587 -1.753373 23.763090 -21.588093 9.519305 0.547279
-24.329367 10.862510 2.209289 -25.488209 49.572071 -10.806192 11.377222 -20.256163 2.497517 -8.243571 -25.156250 10.745174 14.883761 -48.493332 32.790661 -10.974721 0.248681 -14.446251 2.564724 7.479485 -27.718512 7.442726 12.500469 -25.833996 45.781132 -1.660374 23.755369 -21.766438 9.235422 -0.079256
-24.250654 10.392673 2.586662 -25.620768 49.729210 -10.794883 11.501690 -20.277060 2.525485 -8.865747 -25.056578 10.567858 15.370214 -48.544697 33.011124 -10.876850 0.179655 -14.576584 2.485844 6.995518 -27.402641 7.206478 12.988327 -25.800064 45.921230 -1.522199 23.650972 -21.877850 8.994349 -0.558236
-24.186901 9.967381 2.745224 -25.769451 49.739204 -10.734741 11.549161 -20.317757 2.561950 -9.486012 -24.907570 10.315572 15.788743 -48.617096 33.106998 -10.823513 0.172893 -14.752630 2.406923 6.497615 -27.145229 6.911726 13.394440 -25.819941 45.995201 -1.302725 23.528742 -22.002472 8.794653 -1.050968
-24.181242 9.822041 2.959338 -25.891186 49.852268 -10.732388 11.601653 -20.323195 2.572082 -9.727132 -24.835007 10.238341 16.037336 -48.640133 33.153889 -10.800782 0.123758 -14.850231 2.363372 6.287373 -27.018274 6.806762 13.652664 -25.841230 46.068039 -1.249081 23.505547 -22.079477 8.673395 -1.299830
-24.153984 9.727742 3.008525 -25.908960 49.868889 -10.719862 11.599692 -20.314959 2.591397 -9.833836 -24.801132 10.206371 16.107664 -48.633289 33.180424 -10.775872 0.091418 -14.869927 2.354928 6.206977 -26.946104 6.740389 13.744533 -25.832321 46.057358 -1.188337 23.451876 -22.118593 8.624065 -1.386959
