33.962837 16.970421 -7.817088 -10.703673 2.381622 -21.755587 41.043282 -15.924324 3.458001 27.269070 36.686222 13.162251 9.922817 -30.413969 1.725206 -35.685417 29.020876 0.654389 -4.065755 33.487507 30.060734 7.859560 4.562849 -13.899858 11.825609 -28.639421 33.977402 -5.173267 12.701538 32.592243
33.503227 16.672386 -7.807564 -10.762968 3.000512 -21.157864 41.201237 -15.094509 3.980521 27.591795 35.948490 13.553507 9.180261 -30.891464 1.922081 -35.132229 28.360622 1.455870 -3.923728 34.026825 29.493099 7.867611 4.020813 -14.180605 11.626118 -28.124344 34.379459 -4.481874 13.440833 32.477985
32.313126 16.012693 -8.100174 -10.986066 3.874168 -19.978601 41.745426 -13.465065 5.071036 28.116930 35.011837 14.049304 7.470894 -31.781717 1.898726 -33.842178 27.231091 2.984047 -3.694498 34.848648 28.359346 7.911833 3.422206 -14.937682 11.629424 -27.142649 34.998684 -3.057988 14.324695 32.533863
30.235518 15.468977 -8.884046 -11.164258 4.986310 -18.576986 42.172703 -11.905546 6.569193 28.667212 33.447922 14.680882 5.365248 -32.752304 2.419099 -32.101288 25.865923 5.184641 -2.923046 35.648125 25.819910 8.216105 2.045791 -16.084171 11.385267 -25.820856 35.589130 -1.658452 15.702319 32.997379
27.922096 14.596798 -9.305090 -11.179206 6.189219 -17.216234 42.927490 -10.322794 8.765173 28.618927 31.911718 15.533966 3.271330 -33.765358 2.817126 -30.018188 24.182035 7.120781 -2.017170 36.120220 23.286339 8.711845 0.398240 -17.790386 10.642632 -24.198326 36.310978 -0.209158 16.875938 32.762424
25.474398 13.824784 -10.183445 -11.939821 6.972392 -15.319286 43.928719 -7.842954 10.399733 28.908728 29.694788 16.208569 0.262970 -34.838169 2.866436 -27.949396 22.130194 8.839168 -1.432615 37.190212 20.322741 8.643091 -1.754201 -19.576725 9.961913 -22.352947 37.351429 1.455368 17.941893 33.089867
22.723866 13.809361 -10.461106 -13.210259 7.857982 -13.247490 44.059776 -5.837083 11.384475 28.801485 27.192450 16.997335 -1.451108 -35.963440 3.485446 -26.334446 20.175522 10.127359 -1.030634 37.957787 17.194683 8.395861 -3.227491 -20.966637 9.920766 -21.061813 38.147491 2.869006 18.938499 33.055595
20.895279 14.082711 -10.778404 -14.591114 8.191969 -11.262568 44.768787 -3.822407 12.215274 28.288538 25.502434 18.277885 -3.377585 -37.240982 3.354433 -24.319904 18.121649 11.601110 -0.854280 38.656216 14.879927 8.629130 -4.063238 -21.636150 10.174341 -19.543680 38.068592 3.832081 19.783737 33.289261
19.430693 14.361970 -11.118360 -15.285348 8.554551 -9.951509 44.975449 -2.769344 13.130703 27.626728 24.364265 19.562412 -4.500317 -37.730762 3.421664 -23.064007 16.759350 11.905137 -0.143873 38.428833 12.761132 8.822392 -4.865086 -22.083916 10.253048 -18.829821 38.113155 3.892341 20.347399 33.165020
18.637619 14.359955 -11.074337 -15.624529 9.006102 -9.386452 45.110672 -2.178396 13.479880 27.290316 23.856472 19.959061 -4.800212 -37.892391 3.586749 -22.415064 16.113018 12.056730 0.047353 38.318520 11.907038 8.836047 -5.379827 -22.420658 10.105186 -18.256552 38.018562 4.141925 20.503633 33.201988
18.666079 13.984947 -9.350676 -15.552304 10.017533 -9.154000 44.865265 -1.849064 12.772257 28.096590 23.840048 19.419315 -3.205578 -37.840511 4.560042 -21.565563 15.468194 12.728327 -0.762266 38.798313 11.873326 9.608496 -3.987816 -22.775383 10.550148 -17.322723 37.729752 4.748408 19.985180 33.527012
20.355364 10.414173 2.361617 -15.900836 16.163073 -8.457605 40.871727 -1.721781 6.568379 28.490644 24.872147 16.177597 8.056684 -36.295914 9.999553 -15.657540 10.336702 12.846118 -5.972626 38.916283 13.825976 11.358781 5.701675 -24.852236 13.948069 -11.324681 33.228497 8.676377 13.180731 34.490765
21.214521 5.071565 15.793987 -18.805490 24.521296 -5.260905 32.724106 -1.528456 -3.911522 23.847956 25.220369 6.748516 19.226795 -34.992985 18.820972 -6.929070 3.818316 13.599540 -11.701015 33.877445 15.557832 6.491492 15.578997 -25.298071 23.185717 -5.045751 23.885811 14.626469 3.870220 30.155930
13.300523 -7.340601 24.177797 -17.994448 40.586597 -0.515758 20.978630 2.859374 -8.990498 23.356678 14.167207 -11.300727 27.329096 -29.525099 33.626003 -1.469340 7.493958 15.893467 -5.269397 26.543795 10.382932 -1.559279 19.278591 -19.964359 40.786976 -4.166370 8.242814 19.792833 -2.418872 23.246410
3.062348 -7.299449 25.025936 -20.599665 47.512825 6.449036 19.162401 8.101108 1.128232 14.193718 3.870266 -10.380314 26.632984 -23.195919 45.513062 8.103557 -4.905069 17.005495 7.618905 23.472075 -1.885332 -7.470235 17.707737 -11.795732 54.901569 -1.954221 1.220853 19.261326 4.826957 18.084850
3.628021 4.955491 19.617895 -24.769745 44.397949 10.633136 12.160890 5.909886 5.839973 2.518555 5.232213 2.960857 22.402491 -24.671906 42.700779 15.678253 -12.483966 9.726447 8.752637 15.207950 -1.267196 1.197689 17.765451 -15.969103 49.767853 8.885527 -4.943955 12.524304 8.352754 10.398693
15.428958 7.554412 16.329311 -21.667131 36.687077 14.943707 -1.576855 -1.522492 4.841341 2.836573 13.627155 16.291346 13.080071 -27.940311 30.449036 23.509945 -14.900298 -0.767727 2.492664 8.716719 5.009402 5.691910 14.328335 -23.258385 32.140232 21.063923 -6.623835 1.132889 2.671200 9.348269
26.999346 6.362998 11.587477 -19.501472 27.764894 15.879261 -10.962162 -7.072990 2.622447 6.257706 24.081444 22.365128 2.958718 -26.005405 17.542122 24.722464 -12.967006 -12.974011 -1.452079 6.465649 16.529142 4.070474 14.587844 -24.210318 20.569576 22.953114 -4.164801 -7.862793 -3.810514 11.624385
36.113514 2.713363 15.521183 -19.071489 22.532776 12.874414 -19.738932 -16.794691 -2.234222 4.432861 30.835091 25.297644 4.467528 -24.752523 9.434342 22.851681 -15.236432 -27.341410 -5.529948 2.188624 28.591106 7.467844 23.407618 -24.944157 18.470894 21.998182 -5.983627 -16.615309 -10.187132 9.882419
42.543716 3.699279 19.767330 -21.526760 18.070154 11.246872 -22.802505 -19.858383 -4.664506 -0.333078 36.869648 25.470905 5.815743 -22.771597 4.758423 20.357964 -16.527636 -35.345398 -9.812311 1.043721 34.187801 9.295959 29.445776 -27.498983 15.207896 22.042049 -5.602879 -21.188198 -14.252625 8.785345
43.285919 3.853922 20.088181 -21.471781 17.792883 11.174945 -23.385897 -20.147532 -4.909964 -0.715684 37.292183 25.447918 5.901643 -22.619259 4.326561 20.079390 -16.773706 -36.201660 -10.270462 0.980870 34.673107 8.888862 29.639347 -27.786121 14.678672 21.971006 -5.349015 -21.559582 -14.649926 8.683332
42.827980 3.815735 20.739222 -21.424269 18.935770 12.497071 -24.812271 -19.568840 -5.410709 1.337687 35.307922 25.622953 5.617628 -22.719028 5.236007 22.171877 -18.630901 -34.996025 -9.733239 1.765407 33.118568 9.032868 30.283667 -27.208128 16.239126 22.987089 -6.711716 -20.609699 -14.132437 9.621281
40.903118 4.669955 20.583799 -20.200466 22.029810 15.444318 -27.760826 -17.687941 -4.436893 4.438951 31.646082 26.031609 4.006153 -22.558819 7.706620 25.118263 -21.215483 -32.689049 -8.651765 4.375135 31.103098 8.010802 28.575542 -26.165277 17.422194 25.701847 -8.944742 -18.672243 -13.286812 11.126742
39.995995 5.662543 20.142900 -18.881207 24.298468 18.986767 -29.577438 -13.522305 -3.121940 7.948712 29.940819 26.212021 2.879967 -21.360252 10.961769 29.127922 -25.368711 -29.173523 -8.689433 8.045341 28.810345 7.382643 27.316452 -23.787363 19.766356 29.944836 -12.788946 -15.997751 -11.707740 12.572486
37.484772 8.391138 23.341726 -19.233727 28.331339 22.232441 -31.751637 -9.740521 -1.757901 11.037549 26.863573 25.706808 2.193416 -19.982965 14.097178 32.483932 -29.995920 -25.306925 -7.657864 11.496961 26.325966 6.101955 25.887863 -21.809425 22.260588 33.729427 -16.315317 -11.609078 -10.068065 14.370875
34.282520 8.689201 29.565096 -18.934586 34.090149 23.696733 -33.578083 -9.551637 -1.552846 11.564585 23.109703 23.420687 4.510738 -19.133488 17.861729 34.684410 -33.938976 -23.541075 -8.356402 13.467233 22.803499 5.741309 27.582737 -21.065123 26.708363 36.079891 -19.246416 -8.394031 -8.536353 13.652750
29.807875 8.896444 36.415546 -18.696583 38.767902 21.876463 -31.739719 -11.380024 -1.938692 12.076878 19.318066 23.414549 9.400515 -18.683994 22.712038 35.184368 -36.563251 -22.357681 -8.527461 15.375593 19.384352 8.672061 31.265556 -19.329189 33.331863 35.064198 -20.737146 -6.094749 -7.100902 13.423683
28.053478 7.675241 41.952808 -16.514416 43.085289 20.462757 -31.509684 -12.736662 -1.919626 13.700778 17.832144 23.001177 12.951368 -17.337652 26.460407 36.084873 -39.447800 -21.382927 -7.714870 16.038836 18.209146 10.859808 34.058945 -16.534697 38.090481 34.766869 -22.571581 -4.725952 -5.944845 14.431733
26.733576 6.602448 45.794365 -14.870104 46.621754 19.987610 -31.772554 -12.775681 -1.620699 15.284154 17.076160 22.314989 14.633929 -15.909646 28.817497 36.275269 -41.055317 -20.456167 -6.578937 16.775465 17.801601 12.710784 35.947945 -14.446109 42.033264 34.791187 -24.388029 -3.446335 -4.873271 15.076228
26.989431 5.379074 46.905140 -13.769570 47.963020 19.988943 -32.318989 -12.382065 -0.965152 15.431108 17.250744 21.335360 14.910585 -14.940936 29.581152 36.509586 -41.865639 -19.702044 -5.707158 16.862741 18.632244 13.181503 36.951225 -13.365126 43.432289 35.844238 -26.199409 -2.415669 -4.289036 15.203378
26.887873 5.436954 46.953251 -13.684321 48.096874 19.944855 -32.215775 -12.251562 -0.804253 15.476019 17.169014 21.371767 14.993738 -14.867022 29.704832 36.454662 -41.877632 -19.636612 -5.559226 16.902723 18.543985 13.394732 37.036827 -13.236370 43.652042 35.801208 -26.216227 -2.275971 -4.188425 15.292303
26.887873 5.436954 46.953251 -13.684321 48.096874 19.944855 -32.215775 -12.251562 -0.804253 15.476019 17.169226 21.371923 14.993778 -14.866703 29.705391 36.454559 -41.877800 -19.635883 -5.558467 16.902477 18.543985 13.394732 37.036827 -13.236370 43.652042 35.801208 -26.216227 -2.275971 -4.188425 15.292303
26.887873 5.436954 46.953251 -13.684321 48.096874 19.944855 -32.215775 -12.251562 -0.804253 15.476019 17.169226 21.371923 14.993778 -14.866703 29.705391 36.454559 -41.877800 -19.635883 -5.558467 16.902477 18.543985 13.394732 37.036827 -13.236370 43.652042 35.801208 -26.216227 -2.275971 -4.188425 15.292303
26.889093 5.437420 46.958202 -13.684640 48.100727 19.946951 -32.218533 -12.250644 -0.804631 15.477270 17.165203 21.359442 14.993800 -14.865783 29.707090 36.446125 -41.871239 -19.633835 -5.559213 16.903711 18.544270 13.395736 37.037727 -13.236453 43.652496 35.802650 -26.217529 -2.275287 -4.188830 15.293776
26.887873 5.436954 46.953251 -13.684321 48.096874 19.944855 -32.215775 -12.251562 -0.804253 15.476019 17.169014 21.371767 14.993738 -14.867022 29.704832 36.454662 -41.877632 -19.636612 -5.559226 16.902723 18.543985 13.394732 37.036827 -13.236370 43.652042 35.801208 -26.216227 -2.275971 -4.188425 15.292303
26.887873 5.436954 46.953251 -13.684321 48.096874 19.944855 -32.215775 -12.251562 -0.804253 15.476019 17.169014 21.371767 14.993738 -14.867022 29.704832 36.454662 -41.877632 -19.636612 -5.559226 16.902723 18.543985 13.394732 37.036827 -13.236370 43.652042 35.801208 -26.216227 -2.275971 -4.188425 15.292303
26.887873 5.436954 46.953251 -13.684321 48.096874 19.944855 -32.215775 -12.251562 -0.804253 15.476019 17.169014 21.371767 14.993738 -14.867022 29.704832 36.454662 -41.877632 -19.636612 -5.559226 16.902723 18.543985 13.394732 37.036827 -13.236370 43.652042 35.801208 -26.216227 -2.275971 -4.188425 15.292303
28.889122 9.347141 48.846451 -12.239635 44.539845 25.093630 -30.177824 -13.426485 7.270052 14.863804 15.111900 17.273401 10.809473 -19.864428 32.470741 27.546183 -45.486809 -19.011951 -16.673395 16.216404 17.499897 15.276502 38.807827 -13.629298 39.757557 40.461002 -20.272732 -3.376259 1.271415 15.605765
28.889122 9.347141 48.846451 -12.239635 44.539845 25.093630 -30.177824 -13.426485 7.270052 14.863804 15.111900 17.273401 10.809473 -19.864428 32.470741 27.546183 -45.486809 -19.011951 -16.673395 16.216404 17.499897 15.276502 38.807827 -13.629298 39.757557 40.461002 -20.272732 -3.376259 1.271415 15.605765
28.889122 9.347141 48.846451 -12.239635 44.539845 25.093630 -30.177824 -13.426485 7.270052 14.863804 15.111900 17.273401 10.809473 -19.864428 32.470741 27.546183 -45.486809 -19.011951 -16.673395 16.216404 17.499897 15.276502 38.807827 -13.629298 39.757557 40.461002 -20.272732 -3.376259 1.271415 15.605765
28.706762 8.765434 49.071625 -12.338172 44.284855 25.902821 -29.979429 -13.426805 7.615958 15.293220 15.316017 16.857872 10.727617 -20.042662 32.005680 27.925791 -45.445942 -19.045191 -17.059937 16.360933 17.114059 14.176731 38.635303 -13.432544 39.769894 40.930733 -19.414436 -2.904217 1.913380 15.572984
28.692839 8.776961 48.973297 -12.379180 44.285385 25.839048 -30.090824 -13.477434 7.510064 15.297495 15.221457 16.903471 10.592874 -20.196606 31.931625 27.757860 -45.491932 -19.139217 -17.225653 16.338211 17.093559 14.174989 38.572895 -13.505584 39.733875 40.859138 -19.458721 -2.939945 1.815734 15.551091
28.693943 8.780928 48.948376 -12.382353 44.262733 25.822067 -30.086336 -13.497764 7.496950 15.301015 15.213260 16.892803 10.578902 -20.213089 31.909979 27.763515 -45.494232 -19.149591 -17.256140 16.353537 17.092644 14.164035 38.568447 -13.504701 39.734142 40.850670 -19.457008 -2.943099 1.814553 15.552222
28.692362 8.777060 48.958748 -12.382124 44.268570 25.826145 -30.090048 -13.498157 7.496544 15.302220 15.213399 16.880196 10.584154 -20.205902 31.915649 27.762770 -45.497303 -19.151873 -17.259882 16.358801 17.094320 14.171086 38.570080 -13.508662 39.728996 40.854477 -19.455809 -2.944549 1.815704 15.550650
28.706535 8.786410 48.994141 -12.364469 44.287109 25.841227 -30.100014 -13.510764 7.519875 15.308446 15.213599 16.850504 10.593683 -20.169643 31.934931 27.735704 -45.529869 -19.174250 -17.275671 16.388744 17.102301 14.191778 38.584015 -13.506807 39.726959 40.882431 -19.454306 -2.942283 1.835210 15.556092
28.707886 8.778542 48.994518 -12.358392 44.307449 25.835880 -30.101147 -13.486071 7.522834 15.303410 15.216398 16.885622 10.590290 -20.197136 31.914913 27.764263 -45.509521 -19.168873 -17.263229 16.367735 17.102884 14.197746 38.580761 -13.508373 39.728683 40.880428 -19.457514 -2.936944 1.833586 15.553156
28.707674 8.777290 48.995796 -12.357601 44.308964 25.836754 -30.100342 -13.484385 7.524439 15.303692 15.219148 16.890669 10.592176 -20.194466 31.920296 27.762243 -45.510403 -19.163986 -17.255438 16.362755 17.103493 14.197820 38.581657 -13.507653 39.729790 40.880569 -19.458057 -2.936821 1.833329 15.553466
28.711815 8.787142 48.999146 -12.360450 44.293316 25.837831 -30.101358 -13.504324 7.519278 15.305898 15.216091 16.869543 10.590313 -20.188276 31.918333 27.763092 -45.507133 -19.162428 -17.258362 16.376143 17.101105 14.193501 38.582394 -13.501906 39.729637 40.882435 -19.456173 -2.937458 1.837960 15.558299
28.712044 8.786481 48.998856 -12.358787 44.297344 25.838871 -30.103594 -13.500683 7.521894 15.304540 15.215831 16.859804 10.596251 -20.176670 31.925829 27.755262 -45.514874 -19.173994 -17.264025 16.381464 17.102936 14.195804 38.585274 -13.503871 39.726837 40.884293 -19.455311 -2.940726 1.837411 15.555882
28.709852 8.782482 48.992794 -12.361667 44.299698 25.832689 -30.103144 -13.495424 7.514312 15.305169 15.214066 16.882605 10.586699 -20.196360 31.915174 27.762045 -45.504475 -19.162800 -17.255898 16.368017 17.103729 14.191726 38.584732 -13.507932 39.728180 40.881958 -19.457441 -2.937845 1.831864 15.556153
