33.962837 16.970421 -7.817088 -10.703673 2.381622 -21.755587 41.043282 -15.924324 3.458001 27.269070 36.686222 13.162251 9.922817 -30.413969 1.725206 -35.685417 29.020876 0.654389 -4.065755 33.487507 31.263113 16.990969 -12.131865 -18.389143 16.776688 -32.914394 30.452934 -0.817498 -6.265194 20.887650
33.503227 16.672386 -7.807564 -10.762968 3.000512 -21.157864 41.201237 -15.094509 3.980521 27.591795 35.948490 13.553507 9.180261 -30.891464 1.922081 -35.132229 28.360622 1.455870 -3.923728 34.026825 30.677736 17.027336 -12.843677 -18.730930 16.644140 -32.513767 30.621365 -0.024712 -5.757710 20.948927
32.313126 16.012693 -8.100174 -10.986066 3.874168 -19.978601 41.745426 -13.465065 5.071036 28.116930 35.011837 14.049304 7.470894 -31.781717 1.898726 -33.842178 27.231091 2.984047 -3.694498 34.848648 29.587164 17.137495 -13.440374 -19.527020 16.813293 -31.732578 30.835585 1.407667 -5.339139 21.254963
30.235518 15.468977 -8.884046 -11.164258 4.986310 -18.576986 42.172703 -11.905546 6.569193 28.667212 33.447922 14.680882 5.365248 -32.752304 2.419099 -32.101288 25.865923 5.184641 -2.923046 35.648125 27.081875 17.622458 -14.934958 -20.831678 16.660976 -30.492729 31.049862 3.000765 -4.399295 21.701569
27.922096 14.596798 -9.305090 -11.179206 6.189219 -17.216234 42.927490 -10.322794 8.765173 28.618927 31.911718 15.533966 3.271330 -33.765358 2.817126 -30.018188 24.182035 7.120781 -2.017170 36.120220 24.462934 18.006945 -16.552111 -22.522413 16.009274 -29.026611 31.560734 4.474649 -3.560869 21.785311
25.474398 13.824784 -10.183445 -11.939821 6.972392 -15.319286 43.928719 -7.842954 10.399733 28.908728 29.694788 16.208569 0.262970 -34.838169 2.866436 -27.949396 22.130194 8.839168 -1.432615 37.190212 21.442957 17.825151 -18.854549 -24.305389 15.504782 -27.472454 32.266109 6.276126 -3.115392 22.201736
22.723866 13.809361 -10.461106 -13.210259 7.857982 -13.247490 44.059776 -5.837083 11.384475 28.801485 27.192450 16.997335 -1.451108 -35.963440 3.485446 -26.334446 20.175522 10.127359 -1.030634 37.957787 18.418964 17.868996 -20.214767 -25.800272 15.443793 -26.278023 32.785686 7.625407 -2.610399 22.402256
20.895279 14.082711 -10.778404 -14.591114 8.191969 -11.262568 44.768787 -3.822407 12.215274 28.288538 25.502434 18.277885 -3.377585 -37.240982 3.354433 -24.319904 18.121649 11.601110 -0.854280 38.656216 16.124441 18.054512 -21.066635 -26.631622 15.650262 -24.904526 32.540012 8.558519 -2.139012 22.710798
19.430693 14.361970 -11.118360 -15.285348 8.554551 -9.951509 44.975449 -2.769344 13.130703 27.626728 24.364265 19.562412 -4.500317 -37.730762 3.421664 -23.064007 16.759350 11.905137 -0.143873 38.428833 13.948785 18.219641 -21.955008 -27.277399 15.633445 -24.243114 32.582458 8.641343 -1.648253 22.539495
18.637619 14.359955 -11.074337 -15.624529 9.006102 -9.386452 45.110672 -2.178396 13.479880 27.290316 23.856472 19.959061 -4.800212 -37.892391 3.586749 -22.415064 16.113018 12.056730 0.047353 38.318520 13.105654 18.242018 -22.466961 -27.652655 15.431330 -23.638824 32.547508 8.822290 -1.454263 22.541977
18.666079 13.984947 -9.350676 -15.552304 10.017533 -9.154000 44.865265 -1.849064 12.772257 28.096590 23.840048 19.419315 -3.205578 -37.840511 4.560042 -21.565563 15.468194 12.728327 -0.762266 38.798313 13.084474 18.948151 -20.995129 -28.031841 15.868854 -22.770248 32.185867 9.351131 -2.112096 22.991360
20.355364 10.414173 2.361617 -15.900836 16.163073 -8.457605 40.871727 -1.721781 6.568379 28.490644 24.872147 16.177597 8.056684 -36.295914 9.999553 -15.657540 10.336702 12.846118 -5.972626 38.916283 15.047130 20.104727 -10.326879 -29.794065 18.462973 -16.461588 28.911369 11.639511 -7.291849 23.438915
21.214521 5.071565 15.793987 -18.805490 24.521296 -5.260905 32.724106 -1.528456 -3.911522 23.847956 25.220369 6.748516 19.226795 -34.992985 18.820972 -6.929070 3.818316 13.599540 -11.701015 33.877445 15.611514 13.491900 1.635594 -26.689463 28.748648 -8.358111 23.315393 17.478727 -10.672463 20.157558
13.300523 -7.340601 24.177797 -17.994448 40.586597 -0.515758 20.978630 2.859374 -8.990498 23.356678 14.167207 -11.300727 27.329096 -29.525099 33.626003 -1.469340 7.493958 15.893467 -5.269397 26.543795 9.524818 2.243498 8.737025 -16.429682 47.345982 -5.358749 18.655191 21.735334 -5.326077 10.014909
3.062348 -7.299449 25.025936 -20.599665 47.512825 6.449036 19.162401 8.101108 1.128232 14.193718 3.870266 -10.380314 26.632984 -23.195919 45.513062 8.103557 -4.905069 17.005495 7.618905 23.472075 -0.409560 -0.667824 13.041853 -10.022958 58.612179 2.783309 8.973654 20.551533 2.137887 8.689394
3.628021 4.955491 19.617895 -24.769745 44.397949 10.633136 12.160890 5.909886 5.839973 2.518555 5.232213 2.960857 22.402491 -24.671906 42.700779 15.678253 -12.483966 9.726447 8.752637 15.207950 1.305374 9.162788 13.996802 -14.058193 53.434685 15.639760 -1.229033 12.076436 3.032066 4.625007
15.428958 7.554412 16.329311 -21.667131 36.687077 14.943707 -1.576855 -1.522492 4.841341 2.836573 13.627155 16.291346 13.080071 -27.940311 30.449036 23.509945 -14.900298 -0.767727 2.492664 8.716719 5.161098 11.834425 10.641778 -23.251085 33.631924 23.866867 -2.022277 2.755828 1.674134 6.908906
26.999346 6.362998 11.587477 -19.501472 27.764894 15.879261 -10.962162 -7.072990 2.622447 6.257706 24.081444 22.365128 2.958718 -26.005405 17.542122 24.722464 -12.967006 -12.974011 -1.452079 6.465649 18.949743 14.961067 14.046883 -26.638998 17.548815 28.329535 -4.019556 -6.881397 -1.777174 9.611943
36.113514 2.713363 15.521183 -19.071489 22.532776 12.874414 -19.738932 -16.794691 -2.234222 4.432861 30.835091 25.297644 4.467528 -24.752523 9.434342 22.851681 -15.236432 -27.341410 -5.529948 2.188624 30.049761 17.511881 23.039574 -28.592506 13.406455 26.659100 -5.143572 -14.475807 -6.998825 8.010284
42.543716 3.699279 19.767330 -21.526760 18.070154 11.246872 -22.802505 -19.858383 -4.664506 -0.333078 36.869648 25.470905 5.815743 -22.771597 4.758423 20.357964 -16.527636 -35.345398 -9.812311 1.043721 35.570152 18.163586 28.594189 -30.868946 10.040907 25.838562 -4.207520 -19.417189 -11.087903 6.595261
43.285919 3.853922 20.088181 -21.471781 17.792883 11.174945 -23.385897 -20.147532 -4.909964 -0.715684 37.292183 25.447918 5.901643 -22.619259 4.326561 20.079390 -16.773706 -36.201660 -10.270462 0.980870 36.263626 18.004234 28.947563 -31.270655 9.462075 26.021479 -4.139564 -19.788948 -11.579991 6.519053
42.827980 3.815735 20.739222 -21.424269 18.935770 12.497071 -24.812271 -19.568840 -5.410709 1.337687 35.307922 25.622953 5.617628 -22.719028 5.236007 22.171877 -18.630901 -34.996025 -9.733239 1.765407 34.976654 18.379227 29.827400 -30.793730 11.065550 27.398472 -5.686024 -18.784357 -11.100103 7.414161
40.903118 4.669955 20.583799 -20.200466 22.029810 15.444318 -27.760826 -17.687941 -4.436893 4.438951 31.646082 26.031609 4.006153 -22.558819 7.706620 25.118263 -21.215483 -32.689049 -8.651765 4.375135 33.088875 17.141130 28.272636 -29.480473 12.600882 30.208364 -8.063869 -16.866545 -10.097898 9.053004
39.995995 5.662543 20.142900 -18.881207 24.298468 18.986767 -29.577438 -13.522305 -3.121940 7.948712 29.940819 26.212021 2.879967 -21.360252 10.961769 29.127922 -25.368711 -29.173523 -8.689433 8.045341 31.242481 16.842684 27.399269 -26.938377 15.362910 34.677898 -12.951602 -14.537520 -8.888362 11.043378
37.484772 8.391138 23.341726 -19.233727 28.331339 22.232441 -31.751637 -9.740521 -1.757901 11.037549 26.863573 25.706808 2.193416 -19.982965 14.097178 32.483932 -29.995920 -25.306925 -7.657864 11.496961 28.839682 16.066250 25.688688 -24.723276 17.441645 38.275066 -16.532064 -10.530684 -6.908386 12.925409
34.282520 8.689201 29.565096 -18.934586 34.090149 23.696733 -33.578083 -9.551637 -1.552846 11.564585 23.109703 23.420687 4.510738 -19.133488 17.861729 34.684410 -33.938976 -23.541075 -8.356402 13.467233 25.096483 15.637256 27.634613 -23.535322 22.301430 40.157936 -20.070204 -7.554196 -5.758981 12.707917
29.807875 8.896444 36.415546 -18.696583 38.767902 21.876463 -31.739719 -11.380024 -1.938692 12.076878 19.318066 23.414549 9.400515 -18.683994 22.712038 35.184368 -36.563251 -22.357681 -8.527461 15.375593 21.680500 18.477737 31.219444 -21.534977 29.509922 38.926056 -21.743578 -5.118042 -4.164476 12.464314
28.053478 7.675241 41.952808 -16.514416 43.085289 20.462757 -31.509684 -12.736662 -1.919626 13.700778 17.832144 23.001177 12.951368 -17.337652 26.460407 36.084873 -39.447800 -21.382927 -7.714870 16.038836 20.472406 20.431614 33.669609 -19.491690 34.184517 38.670704 -23.215073 -3.454236 -3.405580 12.828664
26.733576 6.602448 45.794365 -14.870104 46.621754 19.987610 -31.772554 -12.775681 -1.620699 15.284154 17.076160 22.314989 14.633929 -15.909646 28.817497 36.275269 -41.055317 -20.456167 -6.578937 16.775465 19.498779 21.980778 34.751854 -18.287350 37.264114 38.409805 -23.909239 -1.829653 -2.252494 12.866817
26.989431 5.379074 46.905140 -13.769570 47.963020 19.988943 -32.318989 -12.382065 -0.965152 15.431108 17.250744 21.335360 14.910585 -14.940936 29.581152 36.509586 -41.865639 -19.702044 -5.707158 16.862741 19.654646 22.106068 34.962482 -17.722960 37.940441 38.883175 -24.667030 -0.740682 -1.406110 12.588115
26.887873 5.436954 46.953251 -13.684321 48.096874 19.944855 -32.215775 -12.251562 -0.804253 15.476019 17.169014 21.371767 14.993738 -14.867022 29.704832 36.454662 -41.877632 -19.636612 -5.559226 16.902723 19.524069 22.251194 35.031582 -17.642384 38.143223 38.811226 -24.616173 -0.603122 -1.305715 12.645216
26.887873 5.436954 46.953251 -13.684321 48.096874 19.944855 -32.215775 -12.251562 -0.804253 15.476019 17.169226 21.371923 14.993778 -14.866703 29.705391 36.454559 -41.877800 -19.635883 -5.558467 16.902477 19.523937 22.251621 35.030815 -17.642349 38.143124 38.810562 -24.615692 -0.602875 -1.304809 12.644419
26.887873 5.436954 46.953251 -13.684321 48.096874 19.944855 -32.215775 -12.251562 -0.804253 15.476019 17.169226 21.371923 14.993778 -14.866703 29.705391 36.454559 -41.877800 -19.635883 -5.558467 16.902477 19.523937 22.251621 35.030815 -17.642349 38.143124 38.810562 -24.615692 -0.602875 -1.304809 12.644419
26.888437 5.436975 46.954205 -13.683552 48.098248 19.944843 -32.216480 -12.251444 -0.803776 15.476079 17.165203 21.359442 14.993800 -14.865783 29.707090 36.446125 -41.871239 -19.633835 -5.559213 16.903711 19.522291 22.249741 35.026363 -17.640421 38.141060 38.805168 -24.611050 -0.603293 -1.301752 12.642937
26.887873 5.436954 46.953251 -13.684321 48.096874 19.944855 -32.215775 -12.251562 -0.804253 15.476019 17.169014 21.371767 14.993738 -14.867022 29.704832 36.454662 -41.877632 -19.636612 -5.559226 16.902723 19.524069 22.251194 35.031582 -17.642384 38.143223 38.811226 -24.616173 -0.603122 -1.305715 12.645216
26.887873 5.436954 46.953251 -13.684321 48.096874 19.944855 -32.215775 -12.251562 -0.804253 15.476019 17.169014 21.371767 14.993738 -14.867022 29.704832 36.454662 -41.877632 -19.636612 -5.559226 16.902723 19.524069 22.251194 35.031582 -17.642384 38.143223 38.811226 -24.616173 -0.603122 -1.305715 12.645216
26.887873 5.436954 46.953251 -13.684321 48.096874 19.944855 -32.215775 -12.251562 -0.804253 15.476019 17.169014 21.371767 14.993738 -14.867022 29.704832 36.454662 -41.877632 -19.636612 -5.559226 16.902723 19.524069 22.251194 35.031582 -17.642384 38.143223 38.811226 -24.616173 -0.603122 -1.305715 12.645216
28.889122 9.347141 48.846451 -12.239635 44.539845 25.093630 -30.177824 -13.426485 7.270052 14.863804 15.111900 17.273401 10.809473 -19.864428 32.470741 27.546183 -45.486809 -19.011951 -16.673395 16.216404 17.219263 18.231707 30.267204 -20.642941 39.299576 32.640808 -27.477112 0.568298 -7.083004 10.287772
28.889122 9.347141 48.846451 -12.239635 44.539845 25.093630 -30.177824 -13.426485 7.270052 14.863804 15.111900 17.273401 10.809473 -19.864428 32.470741 27.546183 -45.486809 -19.011951 -16.673395 16.216404 17.219263 18.231707 30.267204 -20.642941 39.299576 32.640808 -27.477112 0.568298 -7.083004 10.287772
28.889122 9.347141 48.846451 -12.239635 44.539845 25.093630 -30.177824 -13.426485 7.270052 14.863804 15.111900 17.273401 10.809473 -19.864428 32.470741 27.546183 -45.486809 -19.011951 -16.673395 16.216404 17.219263 18.231707 30.267204 -20.642941 39.299576 32.640808 -27.477112 0.568298 -7.083004 10.287772
28.706762 8.765434 49.071625 -12.338172 44.284855 25.902821 -29.979429 -13.426805 7.615958 15.293220 15.316017 16.857872 10.727617 -20.042662 32.005680 27.925791 -45.445942 -19.045191 -17.059937 16.360933 17.274780 17.739079 30.262835 -20.676275 40.044189 32.890709 -28.047304 1.748858 -7.673903 10.510810
28.693098 8.778003 48.972710 -12.379918 44.282948 25.839594 -30.089977 -13.477809 7.510376 15.297620 15.221004 16.903917 10.590341 -20.198128 31.930790 27.755442 -45.488979 -19.136450 -17.224283 16.336546 17.256773 17.709093 30.192673 -20.760860 39.976582 32.860767 -28.066814 1.702415 -7.749705 10.507363
28.693943 8.780928 48.948376 -12.382353 44.262733 25.822067 -30.086336 -13.497764 7.496950 15.301015 15.213260 16.892803 10.578902 -20.213089 31.909979 27.763515 -45.494232 -19.149591 -17.256140 16.353537 17.250879 17.693016 30.197969 -20.778440 39.957275 32.877319 -28.072054 1.695071 -7.771485 10.527751
28.692362 8.777060 48.958748 -12.382124 44.268570 25.826145 -30.090048 -13.498157 7.496544 15.302220 15.213399 16.880196 10.584154 -20.205902 31.915649 27.762770 -45.497303 -19.151873 -17.259882 16.358801 17.251604 17.687307 30.204880 -20.775415 39.962372 32.880634 -28.075567 1.694230 -7.777735 10.536986
28.706535 8.786410 48.994141 -12.364469 44.287109 25.841227 -30.100014 -13.510764 7.519875 15.308446 15.213599 16.850504 10.593683 -20.169643 31.934931 27.735704 -45.529869 -19.174250 -17.275671 16.388744 17.271141 17.674200 30.239408 -20.778820 39.978046 32.905670 -28.122692 1.687028 -7.835027 10.580714
28.707886 8.778542 48.994518 -12.358392 44.307449 25.835880 -30.101147 -13.486071 7.522834 15.303410 15.216398 16.885622 10.590290 -20.197136 31.914913 27.764263 -45.509521 -19.168873 -17.263229 16.367735 17.259792 17.688076 30.221785 -20.786264 39.958218 32.893742 -28.092310 1.682621 -7.803363 10.551599
28.707674 8.777290 48.995796 -12.357601 44.308964 25.836754 -30.100342 -13.484385 7.524439 15.303692 15.219148 16.890669 10.592176 -20.194466 31.920296 27.762243 -45.510403 -19.163986 -17.255438 16.362755 17.259949 17.690033 30.217440 -20.782045 39.963783 32.888020 -28.091066 1.686058 -7.797972 10.546302
28.711815 8.787142 48.999146 -12.360450 44.293316 25.837831 -30.101358 -13.504324 7.519278 15.305898 15.216091 16.869543 10.590313 -20.188276 31.918333 27.763092 -45.507133 -19.162428 -17.258362 16.376143 17.257769 17.678541 30.228483 -20.777611 39.965191 32.900543 -28.093061 1.684844 -7.805130 10.566241
28.712044 8.786481 48.998856 -12.358787 44.297344 25.838871 -30.103594 -13.500683 7.521894 15.304540 15.215831 16.859804 10.596251 -20.176670 31.925829 27.755262 -45.514874 -19.173994 -17.264025 16.381464 17.255514 17.672125 30.227005 -20.780373 39.961742 32.894913 -28.095177 1.679747 -7.817977 10.577455
28.709852 8.782482 48.992794 -12.361667 44.299698 25.832689 -30.103144 -13.495424 7.514312 15.305169 15.214066 16.882605 10.586699 -20.196360 31.915174 27.762045 -45.504475 -19.162800 -17.255898 16.368017 17.256853 17.685413 30.219662 -20.777777 39.966278 32.894886 -28.089104 1.689827 -7.793730 10.551532
