4.183694 -14.772279 -44.195732 -9.231534 31.090572 17.483686 -15.157631 4.160291 7.981291 9.801731 4.205986 -14.968614 -45.682293 -11.870351 18.210455 25.273914 5.517814 -3.486771 22.375984 11.571811 2.992273 -8.257030 -48.458630 -14.511425 20.694115 15.136587 -14.333239 2.068608 17.218582 0.261072
4.762663 -15.252713 -44.457439 -8.895696 30.983570 17.455702 -15.343576 3.734968 8.080231 8.693461 4.650772 -15.278501 -45.413715 -11.681384 18.191133 25.003296 5.862388 -4.174870 22.311975 10.681273 3.863286 -8.668318 -48.060566 -13.979279 21.199362 14.740835 -14.695091 1.891680 18.002972 -0.847405
6.160924 -15.850329 -45.055389 -8.216466 30.609671 17.115356 -15.526003 2.802048 8.214433 6.667138 6.276460 -16.222151 -44.944794 -10.985642 17.739101 24.295687 6.400021 -5.522688 22.054657 9.118863 5.869598 -9.721619 -47.059128 -12.908243 22.038870 13.432751 -15.172743 1.583792 19.149454 -2.717590
8.439708 -16.604269 -46.136627 -7.634348 29.894192 16.609110 -15.276717 1.876103 8.735979 3.041208 8.730967 -17.126150 -44.626152 -10.349138 17.059916 23.526516 7.364204 -6.560374 22.239382 6.815715 8.649619 -10.971066 -46.117069 -11.535789 22.888477 11.253941 -15.069441 1.208390 20.354267 -5.344606
11.049335 -17.007820 -47.243771 -7.256135 28.733828 15.919822 -14.618747 1.137959 9.111529 -0.862474 11.711331 -17.342236 -43.887840 -9.991632 16.296906 23.334194 7.803283 -7.582062 22.233040 3.813027 10.862352 -12.345014 -45.343891 -10.416656 23.624168 8.943216 -14.408517 0.911153 21.550737 -8.357083
12.918425 -16.587097 -48.157116 -7.381312 27.607460 15.201395 -14.065751 0.603161 9.918222 -4.426701 14.270207 -17.714743 -42.694057 -9.762151 16.321972 23.003311 8.084663 -8.259019 22.452162 0.571478 12.801321 -14.467031 -44.735111 -9.068623 24.511889 6.466752 -13.847980 0.600215 22.728973 -10.851266
14.755932 -16.236246 -48.410313 -7.526546 26.599926 14.470139 -13.422320 0.392637 10.740928 -7.172657 16.499241 -18.244192 -41.330887 -9.556983 16.576078 22.541315 8.141697 -8.119861 22.920557 -2.324255 14.671429 -16.987598 -43.149525 -8.085538 25.270540 4.227531 -13.502585 0.031543 22.992252 -13.057734
15.857693 -16.184189 -48.351250 -7.562823 25.884565 13.470036 -12.430131 -0.220356 10.996523 -9.338252 18.159208 -18.089659 -39.965088 -9.481059 16.605228 22.081509 8.512104 -8.764373 23.052334 -4.647458 15.799026 -18.208366 -41.651764 -8.060997 24.981146 2.247256 -13.172278 -1.327519 22.841425 -14.095328
16.541946 -16.043591 -48.699787 -7.437941 25.462942 12.772650 -11.511519 -0.443073 11.451471 -10.496482 19.659014 -17.874792 -39.173119 -9.627933 16.355797 21.663712 9.230162 -9.253817 23.223652 -6.285521 16.887285 -19.158939 -40.621788 -7.886591 25.078135 0.588100 -12.461677 -1.992712 22.808105 -15.060414
16.780901 -15.934988 -48.554462 -7.340883 25.391644 12.422238 -11.046337 -0.486879 11.447025 -10.718545 20.189007 -17.776247 -38.609798 -9.674802 16.356903 21.532516 9.444282 -9.577328 23.236492 -7.070739 17.411638 -19.364674 -39.968918 -7.881863 24.919609 0.193920 -12.486674 -2.454704 22.512756 -15.221068
16.776707 -15.704736 -48.636902 -7.203577 25.420942 12.335960 -11.045466 -0.535272 11.479603 -10.571709 20.147978 -17.610697 -38.670033 -9.577895 16.397243 21.380035 9.494860 -9.636498 23.309090 -6.862491 17.451342 -19.242876 -40.006229 -7.802526 24.924633 0.050812 -12.557358 -2.556523 22.649319 -15.060164
17.286247 -14.883480 -49.151440 -6.335880 25.329561 11.810801 -11.272372 -1.023821 11.640079 -9.714322 20.386810 -17.137016 -39.473167 -8.616150 16.263578 20.935343 9.095230 -10.444786 23.786137 -5.883845 18.125633 -18.186682 -40.546143 -7.370866 24.472923 0.045492 -13.391149 -3.369408 23.166775 -14.215254
17.287083 -13.622708 -50.300465 -5.212457 24.964779 10.843194 -11.449018 -1.749371 11.845572 -7.090923 21.184692 -16.024120 -40.830975 -7.175541 15.030681 19.669550 8.283190 -12.008132 24.449226 -3.810167 20.037666 -15.808270 -41.214699 -6.994814 22.868540 -0.109784 -14.087293 -4.534431 23.589117 -12.199162
17.136866 -12.308456 -51.950214 -4.719140 23.857000 9.197935 -11.472225 -3.651803 11.527033 -4.344956 21.647333 -14.561357 -41.423496 -6.566970 13.366271 17.482527 8.230769 -14.371293 25.294710 -2.782087 20.497021 -13.807974 -41.159096 -8.243397 20.163851 -1.086101 -14.788405 -6.691644 22.855328 -8.665557
14.497111 -13.060144 -53.923676 -4.037935 23.526138 7.583638 -10.782725 -3.781369 13.001414 -1.671269 21.494202 -11.940665 -42.221874 -7.388351 10.778689 16.212452 8.900694 -16.100605 25.692213 -2.126748 20.625040 -12.971426 -40.616993 -10.403593 16.966215 -2.082553 -15.051505 -8.471280 21.513515 -4.611491
12.734097 -12.365679 -54.168106 -3.724100 22.941500 5.629509 -9.572277 -3.701087 12.428732 2.740054 21.058222 -10.949707 -42.652168 -8.449276 7.982999 15.066094 9.183010 -18.210768 23.614441 0.278212 20.149858 -12.968704 -41.511982 -13.015491 13.330545 -1.530408 -14.957088 -8.138016 21.198328 -1.314619
12.211432 -10.099630 -53.185867 -3.545611 22.966803 4.267089 -9.853333 -4.868592 11.157560 7.363810 18.981995 -12.203479 -44.089291 -7.906484 7.081560 13.084228 10.275983 -18.353344 22.764940 5.537992 17.523081 -12.418386 -42.023430 -17.124918 8.730991 -0.068617 -15.723289 -6.822133 21.417097 3.840163
12.131178 -7.880496 -52.922523 -4.132595 21.675648 3.047790 -9.420538 -6.288355 8.654942 12.098306 18.178173 -13.086444 -45.927074 -7.162270 6.356111 11.172407 10.992702 -18.177792 23.547062 9.713532 16.017963 -11.968632 -42.962128 -20.217371 4.390837 1.441082 -16.255325 -6.338648 19.972713 10.474969
11.398857 -6.882806 -54.088367 -4.624797 19.766930 1.316435 -7.210657 -6.906878 6.634915 15.627355 17.782642 -12.765100 -47.279377 -6.589694 5.015976 9.106025 12.691394 -18.343178 23.363670 13.203313 14.541240 -13.089202 -43.977409 -23.392143 0.301960 0.513792 -14.641580 -6.934346 18.251945 14.591327
10.692358 -6.077884 -54.666073 -5.186925 18.559523 0.219893 -5.949919 -7.438058 5.660117 17.309509 17.716618 -12.077093 -47.711784 -6.863909 3.864889 7.965826 14.187293 -18.748644 22.872986 14.648105 13.510354 -13.146564 -44.499706 -24.784081 -1.319086 -0.760684 -13.001719 -7.613960 17.019512 16.563305
10.520014 -5.859008 -54.589851 -5.323413 18.420139 0.123418 -5.855615 -7.481614 5.514481 17.640657 17.499928 -11.907055 -47.701435 -6.941046 3.789140 7.773039 14.445104 -18.762348 22.797472 14.954519 13.391324 -13.096052 -44.451904 -24.989763 -1.537488 -0.921517 -12.809842 -7.772062 16.804718 16.847860
10.050129 -5.474380 -54.730743 -5.302765 18.543489 0.249106 -5.928301 -7.124261 5.603024 18.652094 16.751076 -11.595883 -48.169998 -7.032022 3.794901 7.479202 14.499627 -18.583754 23.086040 15.925582 12.624410 -12.610016 -45.123299 -24.948633 -1.529903 -1.119129 -12.833483 -7.585026 17.145159 17.822628
8.590579 -4.329616 -54.630936 -5.421734 19.217333 0.560850 -6.278663 -6.307416 6.098147 20.737566 14.970738 -10.931972 -48.903446 -7.198065 3.984765 6.967008 14.482950 -17.962484 23.768780 17.932005 10.258057 -11.423002 -46.214703 -24.807936 -0.915668 -1.707960 -12.842870 -7.034191 17.970430 19.986038
7.295060 -2.746323 -54.169613 -5.452948 20.076950 1.085349 -6.940127 -5.251908 6.408997 23.632257 12.294703 -9.801862 -49.829227 -7.197870 4.661900 6.160569 14.606399 -17.130056 24.707077 20.683535 7.692415 -9.562601 -47.091824 -24.252642 0.506778 -2.276186 -12.843128 -6.420422 18.778311 22.062050
6.012084 -0.378131 -52.794403 -5.615769 21.259680 1.530225 -7.526861 -4.307813 6.131884 27.364185 9.332214 -8.663043 -50.380283 -6.951915 5.680171 5.076409 14.701606 -15.754651 25.105595 24.834932 6.006074 -6.453022 -47.757217 -23.143568 2.323926 -3.163894 -12.412816 -5.824304 19.672785 23.993771
4.369946 2.203215 -50.878010 -5.837454 23.136532 2.290404 -7.822709 -2.997613 5.860200 30.601765 6.284453 -7.497366 -49.645016 -6.767508 7.683940 4.349603 14.704537 -14.386740 25.081593 28.538752 3.453145 -2.829156 -47.787064 -22.141171 4.735025 -3.675789 -12.083091 -4.903604 20.579674 25.705986
2.607887 5.423686 -48.753170 -6.356411 24.934055 2.028636 -7.235755 -2.480418 5.721585 33.268574 3.167669 -5.893484 -47.783215 -6.941915 10.137709 3.698669 15.000100 -13.242942 25.142929 31.306189 0.856036 0.450038 -47.595032 -21.404802 7.105724 -5.319043 -10.784011 -4.217591 21.119816 27.545254
0.924827 7.977413 -46.103863 -6.675355 27.086277 1.702368 -6.954729 -2.393774 5.598723 35.194778 0.653191 -4.011846 -45.593281 -7.408949 12.229046 3.493031 15.455285 -12.871442 24.485033 33.021935 -1.066238 2.848211 -46.977306 -20.918934 9.319675 -6.895115 -9.755732 -4.091130 21.358227 28.345505
-0.138641 9.318565 -44.254189 -7.046789 28.285990 1.156599 -6.171758 -2.357960 5.233383 36.344238 -1.111955 -2.482280 -43.834328 -8.098581 13.512181 3.358194 16.061979 -12.616214 23.884844 34.091137 -2.186199 4.697730 -45.975536 -20.912800 10.872134 -8.174370 -8.502903 -3.981156 21.027285 28.924175
-0.604057 10.039943 -43.266712 -7.321483 28.775421 0.744134 -5.501863 -2.345579 4.901444 36.876167 -1.947873 -1.811592 -42.682755 -8.497976 14.194200 3.121770 16.561012 -12.380079 23.565060 34.666290 -2.949564 5.428410 -45.387604 -20.995485 11.681999 -8.898396 -7.860272 -3.812636 20.887806 29.269600
-0.780641 10.211908 -43.057541 -7.389076 28.930700 0.665693 -5.373553 -2.359998 4.897928 36.932178 -2.172903 -1.659298 -42.442196 -8.593603 14.362971 3.113468 16.591211 -12.333016 23.526337 34.758339 -3.154225 5.588239 -45.198116 -21.003422 11.935961 -9.071157 -7.731231 -3.783043 20.904974 29.281172
-1.432710 10.659612 -42.396469 -7.503927 29.548229 0.494538 -5.232934 -2.435583 5.164560 36.798443 -3.041555 -1.019236 -41.603645 -9.083396 14.788084 3.238747 16.463211 -12.302864 23.475359 34.950157 -3.876188 5.878426 -44.623775 -20.975628 12.762739 -9.603742 -7.492527 -3.613866 21.131826 29.129963
-2.679806 11.483891 -41.193802 -7.925076 30.509844 0.099251 -4.751657 -2.651500 5.497684 36.494560 -4.771545 -0.128870 -40.144970 -10.012374 15.671758 3.449475 16.386259 -11.943073 23.392830 35.399887 -5.193087 6.450750 -43.268536 -20.922409 14.368769 -10.577971 -7.012005 -3.373385 21.308128 28.678343
-3.990769 12.607641 -39.637306 -8.637503 31.504959 -0.404976 -3.942254 -2.880724 5.926416 35.678772 -6.656431 1.318849 -37.984310 -11.030874 16.998880 3.651675 16.368093 -11.362734 23.436108 35.530300 -6.482885 6.815815 -41.479816 -20.929489 16.130131 -11.529540 -6.347923 -3.044524 21.335575 27.846918
-5.938347 14.405562 -37.913960 -9.968576 32.454128 -1.250619 -2.702631 -3.416468 6.546926 34.143314 -8.324890 3.349635 -35.570938 -12.109615 18.611706 3.952459 16.392170 -10.736895 23.736252 35.011345 -8.242642 7.310539 -39.373341 -21.242403 18.216507 -12.640091 -5.480472 -2.822364 21.852936 26.461330
-7.898784 16.462601 -35.481316 -11.045285 34.195702 -2.129028 -0.896662 -3.300274 7.265021 32.672157 -10.252676 5.844771 -32.886524 -13.289230 20.654978 4.241067 16.487152 -9.451653 24.474972 34.544601 -10.362788 8.288712 -37.253883 -21.493391 20.523754 -14.514983 -4.173847 -2.435299 22.866123 25.458115
-9.855282 18.855019 -31.786844 -12.209938 36.527290 -3.147290 0.916612 -3.729494 7.505430 30.473749 -12.298635 9.022267 -28.975084 -14.511582 23.234566 4.495408 16.742149 -8.744351 24.486814 34.205070 -12.554269 10.380552 -34.393848 -21.712496 23.332726 -16.119539 -2.943904 -1.884827 23.685658 24.358955
-11.429373 23.279879 -24.820206 -12.932334 39.950577 -4.913838 2.120120 -5.408658 8.451175 28.421049 -14.194195 13.655951 -21.463867 -14.950157 28.233526 3.225685 15.218204 -8.418268 24.864140 33.958618 -14.314231 15.001727 -28.430050 -22.081118 25.586649 -16.768177 -0.690004 -2.333565 25.982893 23.747040
-13.841163 25.321337 -19.389774 -15.074110 42.587212 -6.525587 4.584711 -6.965164 7.843502 25.391722 -16.956350 16.264462 -14.801780 -16.696527 31.500540 3.617808 15.092220 -9.589303 23.190781 32.978493 -17.012936 17.320505 -22.805819 -24.288561 28.913643 -18.285053 0.967363 -3.383932 24.714649 21.791054
-15.964702 25.404301 -13.902662 -16.934126 44.878963 -8.045046 7.188947 -8.317971 7.152533 21.456163 -19.599529 18.008959 -9.028030 -18.667555 33.389416 4.214638 15.062566 -11.166844 21.129589 31.926332 -19.524956 18.688435 -17.171732 -26.844263 31.702419 -18.414606 2.232071 -3.822385 22.623531 19.564281
-20.281685 23.151875 -10.253776 -20.000431 46.730705 -8.847739 9.954606 -9.902625 5.704619 15.565006 -22.787638 17.867678 -4.089375 -22.362406 33.503002 6.652647 16.630981 -13.758278 17.547596 29.063829 -22.688744 17.162989 -13.048297 -29.299322 36.072983 -18.788778 1.909471 -4.225990 18.007000 15.213377
-22.362148 21.076275 -7.107806 -21.507885 48.100212 -9.344472 10.636743 -12.019361 4.932464 10.761182 -23.800938 17.292782 1.337689 -23.820391 34.976826 8.040548 15.418474 -16.458860 15.573224 25.796892 -25.217131 15.964803 -9.043813 -31.476612 38.624420 -18.700808 2.983048 -5.332704 16.163940 11.325541
-23.782316 18.867247 -5.165912 -22.693409 48.712139 -9.444422 10.740532 -13.932407 4.307962 6.711429 -24.350008 16.323210 5.526791 -25.042807 36.113411 9.150687 14.508889 -18.003143 13.941415 22.649569 -26.911085 14.681169 -5.558919 -33.616558 39.926086 -19.012836 4.034152 -6.165493 14.481021 8.443047
-24.945553 17.169186 -2.828193 -23.812925 49.032948 -10.336455 11.025405 -15.984580 3.926668 3.048155 -25.385000 15.746507 9.386905 -26.293283 37.256363 9.373369 14.810075 -19.166065 12.684243 20.401060 -28.215427 13.263109 -2.479822 -35.810150 40.431404 -19.219460 5.185654 -7.134181 12.563237 5.851801
-24.753283 15.333924 -1.277270 -24.423100 49.092293 -10.856860 11.490402 -17.585485 3.276259 -0.204985 -25.648491 15.030331 12.452372 -27.270973 37.596577 9.576842 14.935434 -20.678883 11.649399 18.025145 -28.545193 11.892009 0.628778 -37.458817 40.813953 -19.393967 5.914403 -8.404915 10.537765 3.550101
-25.070551 14.080939 0.145126 -24.932394 49.441505 -11.084231 11.841498 -18.688963 2.893001 -2.694409 -25.801342 14.249252 14.956914 -27.879015 37.998703 9.555559 15.096922 -22.288671 10.856305 15.756347 -28.580631 10.886225 2.887266 -38.637997 41.310822 -19.248283 6.403633 -9.442785 9.341595 1.339620
-24.779686 12.469505 1.204092 -25.106300 49.561764 -10.983443 11.601920 -19.590443 2.621926 -5.500510 -25.807817 13.340876 17.384438 -28.364668 38.490726 9.702893 14.933046 -23.497023 10.492408 13.421854 -27.942862 9.803173 5.080412 -39.345852 41.712620 -18.828310 6.491671 -10.404874 8.247453 -0.907114
-24.474482 11.387516 1.899594 -25.363159 49.477840 -10.862283 11.328627 -20.114933 2.522345 -7.458745 -25.462656 12.775998 19.208994 -28.686092 38.912926 9.760509 14.868218 -24.355854 10.315293 11.551260 -27.494614 9.191046 6.847158 -39.838558 42.117825 -18.522835 6.487526 -10.989310 7.475772 -2.550253
-24.250654 10.392673 2.586662 -25.620768 49.729210 -10.794883 11.501690 -20.277060 2.525485 -8.865747 -25.088791 12.295915 20.320410 -28.864719 39.256477 9.868044 14.777780 -24.721849 10.203609 10.385273 -26.906633 8.644439 7.928467 -39.890537 42.488903 -18.310453 6.423811 -11.234429 6.917326 -3.635173
-24.181242 9.822041 2.959338 -25.891186 49.852268 -10.732388 11.601653 -20.323195 2.572082 -9.727132 -24.855888 11.968547 20.981333 -28.965908 39.388664 9.938801 14.718594 -24.988926 10.081860 9.691571 -26.528921 8.225664 8.579985 -39.929096 42.645580 -18.041279 6.294590 -11.404283 6.608837 -4.384419
