5.217512 -16.020435 -34.290127 -7.229474 20.720047 30.415529 -9.562623 -6.775552 18.835600 16.331991 4.370927 -14.898606 -45.075668 -13.234310 16.683760 24.741074 4.479668 -2.592940 24.406773 11.847623 2.992273 -8.257030 -48.458630 -14.511425 20.694115 15.136587 -14.333239 2.068608 17.218582 0.261072
5.352444 -16.285175 -34.387543 -7.144983 20.705992 30.379070 -9.553646 -6.855031 18.868040 15.959930 4.523276 -15.002077 -44.792664 -13.294664 16.613003 24.621695 4.512845 -2.881318 24.439230 11.448184 3.291949 -8.443988 -48.300591 -14.324983 20.921883 14.909393 -14.404292 2.003583 17.484207 -0.151995
5.819935 -16.552769 -34.556026 -6.944395 20.612612 30.422558 -9.779557 -7.149326 18.840097 15.253871 4.786754 -15.180475 -44.569031 -13.285575 16.456924 24.428926 4.532371 -3.239617 24.654940 10.884673 3.863286 -8.668318 -48.060566 -13.979279 21.199362 14.740835 -14.695091 1.891680 18.002972 -0.847405
6.459976 -16.890335 -34.640770 -6.605506 20.575512 30.361614 -10.064629 -7.519872 18.843805 14.428796 5.473050 -15.571657 -44.209160 -13.194550 16.162718 24.292166 4.449026 -3.760427 24.697237 10.132890 4.608995 -9.131454 -47.577351 -13.621573 21.556131 14.295024 -14.954381 1.794134 18.561348 -1.646051
7.269040 -17.198322 -35.172005 -6.281048 20.235926 30.116516 -9.972399 -8.022028 18.915554 13.242457 6.382881 -16.122498 -43.695236 -13.015867 15.703677 23.698875 4.606785 -4.478761 24.924500 9.111118 5.869598 -9.721619 -47.059128 -12.908243 22.038870 13.432751 -15.172743 1.583792 19.149454 -2.717590
8.084827 -17.422636 -35.729324 -5.966399 20.067041 29.966669 -9.869827 -8.389566 19.306044 11.703914 7.328585 -16.565025 -43.048424 -12.970872 15.338949 23.111973 4.870111 -4.910786 25.301441 8.047565 7.089523 -10.252173 -46.705647 -12.175182 22.555408 12.339945 -15.107896 1.406489 19.826206 -3.968453
9.621101 -17.910501 -36.259201 -5.696369 19.489607 29.659063 -9.700161 -8.904094 19.478243 9.580671 8.634059 -17.341932 -42.349697 -12.956421 14.828436 22.639688 5.038078 -5.250956 25.798128 6.602431 8.649619 -10.971066 -46.117069 -11.535789 22.888477 11.253941 -15.069441 1.208390 20.354267 -5.344606
11.121413 -18.178020 -36.820919 -5.332115 19.059240 29.388968 -9.447240 -9.256143 19.831778 7.470568 10.086818 -17.761209 -41.545177 -13.240080 14.141257 22.570118 4.880688 -5.558278 26.165211 4.979567 9.823047 -11.501096 -45.835434 -10.823328 23.275114 10.267969 -14.930949 1.385245 21.046108 -6.567911
12.279213 -18.155693 -37.385757 -5.310359 18.230137 28.996695 -8.982814 -9.686622 19.964895 5.588850 11.209192 -17.935616 -41.209137 -13.457971 13.355601 22.204119 5.167492 -5.983465 26.654125 3.536690 10.862352 -12.345014 -45.343891 -10.416656 23.624168 8.943216 -14.408517 0.911153 21.550737 -8.357083
13.428720 -17.852131 -38.013706 -5.318520 17.635027 28.686501 -8.684534 -9.950121 20.388474 3.827018 12.659652 -18.155783 -40.593742 -13.633274 12.877433 21.978643 5.385543 -6.232874 27.044016 1.814712 11.959545 -13.435966 -45.137234 -9.717702 23.961208 7.696497 -14.091840 0.830079 22.250748 -9.712193
14.178934 -17.645664 -38.311909 -5.448672 17.053377 28.294722 -8.401900 -10.212161 20.800505 1.970437 13.813930 -18.625360 -39.836128 -13.782990 12.705761 21.839672 5.143890 -6.519575 27.215084 0.319067 12.801321 -14.467031 -44.735111 -9.068623 24.511889 6.466752 -13.847980 0.600215 22.728973 -10.851266
15.136892 -17.531609 -38.267712 -5.643350 16.480625 28.006586 -8.151604 -10.286457 21.147486 0.384605 15.114731 -19.181057 -38.833729 -13.999751 12.532168 21.718868 4.819726 -6.589517 27.511961 -1.399197 13.816679 -15.772608 -43.569622 -8.495330 25.189291 5.389734 -13.651599 0.277537 22.869617 -12.571694
16.026520 -17.240814 -38.575241 -5.593313 15.993794 27.592047 -7.751257 -10.451350 21.629204 -0.820516 16.256969 -19.628849 -38.218483 -14.214606 12.073778 21.288206 4.880260 -6.391145 28.003048 -2.649783 14.671429 -16.987598 -43.149525 -8.085538 25.270540 4.227531 -13.502585 0.031543 22.992252 -13.057734
16.602262 -17.071011 -38.630299 -5.573157 15.573126 27.009214 -7.151965 -10.756790 21.938076 -1.965322 17.047791 -19.735968 -37.520149 -14.649768 11.495794 20.927597 5.012021 -6.445671 28.383698 -3.690432 15.314733 -17.614025 -42.512806 -8.000461 25.065723 3.300598 -13.485955 -0.551343 22.944679 -13.413236
17.080860 -17.119078 -38.535286 -5.626529 15.212115 26.560102 -6.721344 -11.156954 21.950186 -3.022919 17.796839 -19.913067 -36.579422 -15.099317 11.034081 20.607321 5.090697 -6.689281 28.758568 -4.879344 15.799026 -18.208366 -41.651764 -8.060997 24.981146 2.247256 -13.172278 -1.327519 22.841425 -14.095328
17.501110 -16.919018 -38.750191 -5.527839 15.020088 26.203989 -6.357872 -11.273789 22.324490 -3.677359 18.212486 -19.934004 -36.090973 -15.636795 10.569748 20.290352 5.290588 -6.814810 29.093851 -5.496293 16.273817 -18.747448 -41.092499 -7.883777 25.182615 1.350056 -12.845036 -1.546209 22.926010 -14.625739
17.744112 -16.945150 -38.887154 -5.523849 14.770936 25.858334 -5.822882 -11.399143 22.400400 -4.178552 19.080149 -20.064768 -35.632820 -15.971757 10.021581 19.957790 5.682163 -6.965414 29.391430 -6.305665 16.887285 -19.158939 -40.621788 -7.886591 25.078135 0.588100 -12.461677 -1.992712 22.808105 -15.060414
17.832539 -16.775183 -38.750832 -5.484764 14.771720 25.640949 -5.526767 -11.359363 22.431253 -4.317801 19.259470 -20.024759 -35.223789 -16.182629 9.850247 19.786371 5.796575 -7.113227 29.500998 -6.684892 17.209011 -19.290525 -40.191544 -7.815738 25.064381 0.276800 -12.443930 -2.267176 22.668259 -15.185386
17.975391 -16.816265 -38.739162 -5.445998 14.693023 25.512665 -5.377804 -11.441999 22.379297 -4.400455 19.493525 -20.093666 -35.068707 -16.250944 9.693212 19.718409 5.806674 -7.275412 29.577263 -6.950511 17.411638 -19.364674 -39.968918 -7.881863 24.919609 0.193920 -12.486674 -2.454704 22.512756 -15.221068
17.943821 -16.806797 -38.658783 -5.457479 14.702257 25.464336 -5.293323 -11.484125 22.303038 -4.451275 19.532883 -20.093500 -34.892403 -16.245375 9.702835 19.642593 5.849578 -7.335723 29.553959 -7.054561 17.462765 -19.392269 -39.816696 -7.939672 24.890709 0.157335 -12.460238 -2.529168 22.396126 -15.278396
17.980234 -16.572483 -38.812183 -5.310307 14.726169 25.436621 -5.389763 -11.481462 22.415466 -4.258789 19.449062 -19.939672 -35.112843 -16.183264 9.688042 19.555395 5.822999 -7.329990 29.677107 -6.737242 17.451342 -19.242876 -40.006229 -7.802526 24.924633 0.050812 -12.557358 -2.556523 22.649319 -15.060164
18.413792 -16.183458 -39.210545 -4.896015 14.670512 25.378290 -5.679672 -11.658648 22.525404 -3.951588 19.715569 -19.675554 -35.405994 -15.860758 9.534521 19.270466 5.667993 -7.541158 30.071587 -6.300025 17.779636 -19.081703 -40.328239 -7.577321 24.822273 -0.130301 -12.685202 -2.760193 22.889721 -14.843684
18.494585 -15.744123 -39.267273 -4.452873 14.631983 24.930773 -5.650241 -11.998293 22.546003 -3.367084 19.681862 -19.561064 -35.707447 -15.361974 9.386417 18.978941 5.276171 -8.059302 30.397734 -5.714597 18.125633 -18.186682 -40.546143 -7.370866 24.472923 0.045492 -13.391149 -3.369408 23.166775 -14.215254
18.754530 -15.155726 -39.601185 -3.640308 14.730915 24.718700 -5.906529 -12.101739 22.756359 -2.074203 20.097919 -18.977806 -36.540810 -14.653472 8.557395 18.396006 4.772143 -8.625203 30.903397 -4.297438 19.130968 -16.978176 -40.984207 -7.033580 23.756937 0.222854 -13.911729 -3.769574 23.563446 -13.284717
18.500906 -14.489332 -40.325935 -3.350648 14.222197 24.019135 -5.809371 -12.736920 22.736931 -0.648929 20.632698 -18.661205 -36.758995 -14.051453 7.769531 17.680220 4.222213 -9.550750 31.092752 -3.292011 20.037666 -15.808270 -41.214699 -6.994814 22.868540 -0.109784 -14.087293 -4.534431 23.589117 -12.199162
18.464277 -13.657622 -41.055450 -3.092529 13.710739 23.401569 -5.925426 -13.601163 22.418783 1.003842 20.612783 -18.389845 -37.081253 -13.459005 7.057259 16.355038 3.914570 -10.592377 31.778496 -2.129038 20.499001 -14.648689 -40.928459 -7.610208 21.551199 -0.457838 -14.534602 -5.781626 23.241497 -10.858229
18.317719 -13.198799 -41.951584 -2.875221 13.071571 22.431013 -5.763217 -14.621004 22.439716 2.169960 20.972300 -17.588036 -37.455189 -13.450537 5.702183 15.282465 3.911780 -12.035254 32.012150 -1.521209 20.497021 -13.807974 -41.159096 -8.243397 20.163851 -1.086101 -14.788405 -6.691644 22.855328 -8.665557
16.828768 -13.449254 -43.120819 -2.585394 12.750791 21.420282 -5.172704 -15.075813 23.405397 3.243514 21.271029 -16.367558 -37.957836 -13.758400 4.019740 14.573910 3.917703 -13.211256 32.399715 -0.953107 20.396488 -13.370975 -40.928883 -9.329844 18.636747 -2.139323 -14.773984 -7.906550 22.415194 -6.739943
15.651959 -13.949955 -43.917587 -2.234625 12.670254 20.865440 -5.033899 -14.743289 23.912981 4.918182 20.593142 -15.481148 -38.167496 -14.474331 2.489913 13.793338 4.162116 -14.491715 32.084614 0.001278 20.625040 -12.971426 -40.616993 -10.403593 16.966215 -2.082553 -15.051505 -8.471280 21.513515 -4.611491
14.825840 -14.021201 -44.104198 -2.000049 12.256750 19.766619 -4.219188 -14.746314 23.693762 6.690980 19.914824 -15.052844 -38.213223 -15.731384 0.666415 13.137828 4.239370 -15.074515 31.718328 1.218547 20.703108 -12.913993 -40.931854 -11.608292 15.096122 -1.574319 -15.258172 -8.775692 21.026299 -3.101104
13.847815 -13.326120 -44.157375 -1.899325 12.108490 18.883787 -3.815395 -14.691486 23.355169 9.376588 19.347170 -15.147068 -38.343895 -16.807186 -1.297316 12.282784 4.549414 -15.802883 30.900190 2.940246 20.149858 -12.968704 -41.511982 -13.015491 13.330545 -1.530408 -14.957088 -8.138016 21.198328 -1.314619
13.396030 -12.557215 -43.738087 -1.753513 12.245354 18.392603 -3.835985 -15.050060 22.666031 11.826618 18.474051 -15.822295 -38.388954 -17.441017 -2.779138 10.911336 5.231443 -15.773578 30.733112 5.363709 18.948286 -12.634088 -41.886528 -15.153241 10.909338 -1.006411 -14.986451 -7.728343 21.364571 0.870807
13.309125 -11.073737 -43.196404 -1.756423 12.114377 17.530218 -4.118035 -15.887602 22.053164 13.982486 17.380945 -16.880180 -38.604412 -17.718014 -3.478043 9.662496 5.346485 -14.619040 31.670427 8.167319 17.523081 -12.418386 -42.023430 -17.124918 8.730991 -0.068617 -15.723289 -6.822133 21.417097 3.840163
13.368391 -9.481541 -42.597191 -2.002998 11.857061 17.095196 -4.291472 -16.791138 20.793886 16.224859 16.921469 -17.357426 -39.346802 -17.543146 -4.075634 8.657594 5.361921 -14.347361 32.446804 10.497356 16.716803 -11.806867 -42.195217 -18.412054 6.974601 0.967893 -16.651598 -6.499607 21.015533 7.269540
13.217994 -8.870776 -42.929081 -2.349200 10.827712 16.311407 -3.706707 -17.326468 19.539602 18.722893 17.057552 -17.657019 -39.738968 -17.482157 -4.993776 7.641193 5.297085 -14.551362 32.785767 12.535283 16.017963 -11.968632 -42.962128 -20.217371 4.390837 1.441082 -16.255325 -6.338648 19.972713 10.474969
12.778424 -8.493601 -43.624023 -2.611980 9.777285 15.398804 -2.536174 -17.697451 18.338011 20.742002 16.787191 -17.737570 -40.241405 -17.261194 -5.768224 6.472468 5.791538 -14.483354 32.987362 14.745450 15.401251 -12.737974 -43.493767 -22.040823 1.946615 1.087144 -15.602391 -6.543086 19.042183 12.948744
12.474480 -7.884049 -44.099510 -2.840387 8.925112 14.575506 -1.501449 -17.951925 17.525782 22.249540 16.640432 -17.534531 -40.766758 -17.042971 -6.616274 5.359689 6.540639 -14.734474 32.952225 16.228630 14.541240 -13.089202 -43.977409 -23.392143 0.301960 0.513792 -14.641580 -6.934346 18.251945 14.591327
12.173974 -7.490688 -44.472950 -3.173771 8.167046 13.919683 -0.699662 -18.320292 16.880194 23.084269 16.690247 -17.073349 -41.058350 -17.178284 -7.372050 4.714843 7.342002 -15.047304 32.673824 17.081528 13.912314 -13.287041 -44.331566 -24.290833 -0.775811 -0.275656 -13.592853 -7.407468 17.463043 15.709704
11.763762 -7.085078 -44.678253 -3.408120 7.715088 13.477433 -0.237505 -18.487232 16.542917 23.929808 16.564373 -16.754585 -41.183270 -17.307770 -7.816395 4.190565 7.996690 -15.256040 32.426697 17.741482 13.510354 -13.146564 -44.499706 -24.784081 -1.319086 -0.760684 -13.001719 -7.613960 17.019512 16.563305
11.654361 -6.916203 -44.611530 -3.537025 7.560753 13.336073 -0.126016 -18.594543 16.396580 24.113621 16.410616 -16.604258 -41.125538 -17.359407 -7.901087 4.036575 8.193712 -15.352885 32.303776 17.968010 13.497902 -13.171720 -44.382488 -24.971317 -1.535654 -0.880839 -12.824140 -7.766260 16.770325 16.757210
11.586526 -6.872453 -44.603893 -3.539141 7.582546 13.374730 -0.138517 -18.529287 16.402840 24.259489 16.350302 -16.573057 -41.183617 -17.363333 -7.887969 3.992031 8.228317 -15.298158 32.352688 18.061930 13.391324 -13.096052 -44.451904 -24.989763 -1.537488 -0.921517 -12.809842 -7.772062 16.804718 16.847860
11.344193 -6.730666 -44.723969 -3.523696 7.622021 13.443238 -0.168315 -18.349428 16.469133 24.735437 16.080626 -16.434834 -41.385937 -17.408581 -7.913195 3.837258 8.284373 -15.257690 32.448826 18.472189 13.075605 -12.941314 -44.804123 -24.998589 -1.621471 -1.017135 -12.808413 -7.752422 16.912292 17.341703
11.118397 -6.486637 -44.744541 -3.518726 7.705178 13.501172 -0.211044 -18.171085 16.490725 25.270702 15.604101 -16.303596 -41.711445 -17.418840 -7.869061 3.691370 8.247658 -15.106027 32.683792 19.058453 12.624410 -12.610016 -45.123299 -24.948633 -1.529903 -1.119129 -12.833483 -7.585026 17.145159 17.822628
10.430534 -6.010043 -44.716831 -3.604318 7.963134 13.650701 -0.385861 -17.768574 16.702383 26.293509 14.822595 -16.054775 -42.002865 -17.469849 -7.749629 3.511256 8.152144 -14.817615 32.985386 20.022627 11.357403 -12.075666 -45.564922 -24.881802 -1.140470 -1.347866 -12.928094 -7.255208 17.591457 18.810776
9.661216 -5.340118 -44.645519 -3.636282 8.379100 13.814660 -0.559381 -17.350887 16.988186 27.352739 13.800179 -15.674063 -42.544670 -17.496580 -7.635112 3.170126 8.156948 -14.524023 33.395046 21.137693 10.258057 -11.423002 -46.214703 -24.807936 -0.915668 -1.707960 -12.842870 -7.034191 17.970430 19.986038
8.936363 -4.696749 -44.609325 -3.648911 8.692671 14.005292 -0.707356 -16.797100 17.179968 28.724373 12.569405 -15.213149 -43.001850 -17.443398 -7.286919 2.804992 8.233961 -14.217316 33.794846 22.337206 8.929626 -10.696627 -46.739147 -24.573437 -0.304852 -2.021612 -12.871916 -6.676841 18.436039 21.040518
8.368734 -3.753770 -44.184422 -3.665412 9.239162 14.339589 -1.219344 -16.293053 17.299257 30.243967 11.167356 -14.574423 -43.579136 -17.333242 -6.752228 2.504042 8.399614 -13.792901 34.025867 23.865316 7.692415 -9.562601 -47.091824 -24.252642 0.506778 -2.276186 -12.843128 -6.420422 18.778311 22.062050
7.677309 -2.526973 -43.818005 -3.742900 9.754533 14.565701 -1.694135 -15.890895 17.332237 32.153431 9.846122 -14.200568 -44.211971 -17.025026 -6.181175 1.995991 8.579066 -13.227295 34.214119 25.722403 6.907860 -8.197428 -47.494205 -23.649794 1.422320 -2.805296 -12.697005 -6.125064 19.313009 22.992954
7.083381 -1.380936 -42.806648 -3.823593 10.425510 14.773967 -1.805547 -15.353501 17.016693 33.980980 8.178761 -13.548692 -44.355579 -16.753120 -5.384874 1.503790 8.671554 -12.581407 34.133942 27.940680 6.006074 -6.453022 -47.757217 -23.143568 2.323926 -3.163894 -12.412816 -5.824304 19.672785 23.993771
6.324691 -0.372546 -42.017151 -3.831256 11.272514 15.268761 -1.934362 -14.561769 16.893177 35.625595 6.638864 -12.988110 -44.179749 -16.515133 -4.452214 1.091325 8.838822 -12.161448 33.957718 29.690741 4.641823 -4.861004 -47.747849 -22.681273 3.489822 -3.471156 -12.334596 -5.255733 20.249866 24.891014
5.432677 1.201536 -40.885239 -4.042328 12.306529 15.519103 -2.103458 -14.054618 16.735937 37.231953 4.925992 -12.177498 -43.756519 -16.198524 -3.009051 0.893140 9.000419 -11.844676 33.321011 31.710142 3.453145 -2.829156 -47.787064 -22.141171 4.735025 -3.675789 -12.083091 -4.903604 20.579674 25.705986
4.518963 2.875092 -39.864918 -4.288423 13.209749 15.471029 -1.930434 -13.705907 16.759806 38.636284 3.346938 -11.406129 -43.059002 -16.068756 -1.683728 0.631314 9.214533 -11.394926 32.983624 33.450211 1.923325 -0.980190 -47.673714 -21.745907 6.025375 -4.516040 -11.517657 -4.469419 21.087879 26.741955
3.675210 4.427601 -38.751022 -4.562047 14.102316 15.262959 -1.527039 -13.541614 16.596323 39.907650 1.724395 -10.377021 -42.321407 -16.030878 -0.223864 0.421419 9.538425 -10.976863 32.724998 34.729568 0.856036 0.450038 -47.595032 -21.404802 7.105724 -5.319043 -10.784011 -4.217591 21.119816 27.545254
2.863540 5.892669 -37.478355 -4.717543 15.122498 15.025736 -1.355754 -13.509396 16.529593 41.081203 0.439715 -9.146523 -41.304188 -16.070066 1.017479 0.342999 9.672297 -10.898568 32.238117 35.750069 0.024795 1.714055 -47.311020 -21.084352 8.145674 -6.068833 -10.280464 -4.268409 21.087257 27.935112
1.993284 6.980202 -36.101444 -4.882263 16.253258 14.940124 -1.246209 -13.453233 16.474785 41.832901 -0.790485 -8.176737 -40.394974 -16.342430 1.914244 0.184765 9.929769 -10.752921 32.025417 36.606537 -1.066238 2.848211 -46.977306 -20.918934 9.319675 -6.895115 -9.755732 -4.091130 21.358227 28.345505
1.350137 7.828233 -35.001022 -5.040951 17.064699 14.745093 -0.944940 -13.412230 16.317680 42.560036 -1.843720 -7.153089 -39.576530 -16.599072 2.754967 0.197555 10.143697 -10.657691 31.669865 37.273521 -1.736071 3.950690 -46.482151 -20.806091 10.281214 -7.610857 -9.134769 -3.999775 21.272490 28.725145
0.929034 8.323268 -34.257507 -5.255099 17.450359 14.394156 -0.464057 -13.416575 16.109348 42.981430 -2.491643 -6.381241 -38.745495 -16.906569 3.351647 0.111442 10.506007 -10.570257 31.370859 37.590218 -2.186199 4.697730 -45.975536 -20.912800 10.872134 -8.174370 -8.502903 -3.981156 21.027285 28.924175
0.605392 8.740715 -33.547737 -5.403918 17.838892 14.172460 -0.095756 -13.422071 15.956688 43.129044 -3.037466 -5.900262 -37.856510 -17.158930 3.908681 0.102006 10.645711 -10.492100 31.127945 37.773571 -2.691043 5.169589 -45.498226 -20.908216 11.511958 -8.564071 -8.204017 -3.859855 20.987144 28.994265
0.462874 9.044744 -33.272495 -5.528882 17.941019 13.980038 0.206344 -13.403413 15.778487 43.511162 -3.302432 -5.569316 -37.497147 -17.337536 4.057996 -0.125414 10.968437 -10.351063 31.067453 38.110352 -2.949564 5.428410 -45.387604 -20.995485 11.681999 -8.898396 -7.860272 -3.812636 20.887806 29.269600
0.379134 9.192369 -33.123184 -5.598426 18.002464 13.904626 0.320434 -13.419158 15.724886 43.581978 -3.423410 -5.421907 -37.322430 -17.408424 4.164385 -0.129811 10.987781 -10.315065 31.045561 38.141911 -3.071987 5.583393 -45.257950 -21.019287 11.835105 -9.019267 -7.741312 -3.799791 20.872540 29.297203
0.287331 9.220320 -33.062050 -5.603073 18.091022 13.903478 0.333795 -13.420147 15.767061 43.568005 -3.518711 -5.400204 -37.233738 -17.453033 4.211597 -0.129237 10.991473 -10.308668 31.026814 38.191822 -3.154225 5.588239 -45.198116 -21.003422 11.935961 -9.071157 -7.731231 -3.783043 20.904974 29.281172
0.052608 9.402967 -32.806831 -5.626527 18.321966 13.825665 0.394090 -13.418109 15.878397 43.572193 -3.830904 -5.131013 -36.881535 -17.677402 4.311850 -0.095805 10.912847 -10.269802 31.054096 38.283897 -3.419079 5.718045 -44.977623 -20.994144 12.241950 -9.299063 -7.642291 -3.696131 21.014328 29.272657
-0.364365 9.667752 -32.400574 -5.718306 18.708155 13.733160 0.474405 -13.495521 16.033621 43.434364 -4.326648 -4.727619 -36.324764 -18.068367 4.479286 0.002009 10.818725 -10.240110 31.038219 38.353561 -3.876188 5.878426 -44.623775 -20.975628 12.762739 -9.603742 -7.492527 -3.613866 21.131826 29.129963
-0.966871 10.023650 -31.829922 -5.853126 19.228209 13.593385 0.652999 -13.545405 16.210264 43.311100 -5.044354 -4.213677 -35.555672 -18.552341 4.764103 0.133229 10.738633 -10.170858 30.920879 38.544983 -4.479438 6.140805 -43.979614 -20.988552 13.484475 -10.009846 -7.301756 -3.554943 21.166763 28.945095
-1.611083 10.491057 -31.198095 -6.140279 19.669146 13.339670 0.955519 -13.710873 16.367571 43.130020 -5.887345 -3.701172 -34.617687 -19.111015 5.216760 0.284469 10.653961 -9.896113 30.890947 38.736057 -5.193087 6.450750 -43.268536 -20.922409 14.368769 -10.577971 -7.012005 -3.373385 21.308128 28.678343
-2.305455 11.057588 -30.437799 -6.472105 20.177162 13.138901 1.309618 -13.860705 16.521358 42.837986 -6.733510 -3.044029 -33.452667 -19.697905 5.747009 0.429100 10.555060 -9.567000 30.924219 38.759987 -5.883274 6.610161 -42.475224 -20.939899 15.183107 -11.063153 -6.677450 -3.287928 21.297026 28.286587
-2.919822 11.611314 -29.639223 -6.852770 20.662909 12.840341 1.765043 -13.940366 16.797882 42.314159 -7.655321 -2.266938 -32.168354 -20.307796 6.269176 0.439226 10.487150 -9.209900 31.047514 38.787476 -6.482885 6.815815 -41.479816 -20.929489 16.130131 -11.529540 -6.347923 -3.044524 21.335575 27.846918
-3.795100 12.522524 -28.892868 -7.429432 21.129675 12.475160 2.281094 -14.114898 17.131296 41.762096 -8.657335 -1.420087 -31.002222 -20.917967 6.940242 0.299200 10.579794 -8.772775 31.497610 38.614281 -7.444085 7.122426 -40.546799 -21.094545 17.132362 -12.107917 -5.891396 -2.878793 21.576687 27.367992
-4.869415 13.408260 -27.915892 -8.184892 21.609934 11.994473 3.006473 -14.478587 17.418470 40.781113 -9.428966 -0.560870 -29.629606 -21.525990 7.649865 0.431533 10.299078 -8.418292 31.919415 38.198364 -8.242642 7.310539 -39.373341 -21.242403 18.216507 -12.640091 -5.480472 -2.822364 21.852936 26.461330
-5.980980 14.325495 -26.807035 -8.868325 22.357710 11.544497 3.955206 -14.508368 17.778811 39.908752 -10.351730 0.592187 -28.117731 -22.192001 8.615023 0.494300 10.195432 -7.776071 32.476093 37.881508 -9.405715 7.636514 -38.342316 -21.472729 19.260834 -13.542363 -4.795480 -2.653130 22.276501 25.948240
-6.829936 15.464366 -25.484232 -9.262115 23.351355 11.117040 4.812212 -14.362246 18.137487 39.308937 -11.394889 1.844021 -26.846315 -22.720913 9.701200 0.654810 10.053452 -7.064434 32.973888 37.809929 -10.362788 8.288712 -37.253883 -21.493391 20.523754 -14.514983 -4.173847 -2.435299 22.866123 25.458115
-7.719844 16.541821 -23.865267 -9.826248 24.373106 10.604763 5.637077 -14.575964 18.303911 38.220978 -12.385172 3.342855 -25.326195 -23.305223 10.740581 0.793338 10.134445 -6.601856 33.011131 37.711288 -11.493482 9.282434 -35.965256 -21.700747 21.760542 -15.392056 -3.412631 -2.167884 23.223837 25.115225
-8.786364 17.859051 -21.790947 -10.427703 25.682142 10.100017 6.624515 -14.791285 18.378325 37.110622 -13.131707 5.016152 -23.070166 -23.907993 12.034990 0.946810 10.356771 -6.312787 32.785492 37.506973 -12.554269 10.380552 -34.393848 -21.712496 23.332726 -16.119539 -2.943904 -1.884827 23.685658 24.358955
-10.247563 19.761618 -19.191126 -11.338937 27.102728 9.147137 8.096938 -15.064650 18.389990 36.504280 -14.550715 7.190756 -19.848547 -24.944157 13.698269 0.668004 10.962101 -6.405781 32.242474 37.704887 -14.002944 11.914081 -32.075893 -22.106220 25.097734 -17.220987 -2.239075 -1.828659 23.810230 24.100594
-10.155220 23.238825 -15.573354 -12.012280 29.191727 7.831935 7.181171 -16.026104 17.911491 34.404404 -14.472359 10.259680 -15.740143 -24.007751 17.518692 -0.145317 9.337254 -5.353015 33.224724 36.836613 -14.314231 15.001727 -28.430050 -22.081118 25.586649 -16.768177 -0.690004 -2.333565 25.982893 23.747040
-11.525478 24.359564 -12.641312 -13.122432 30.643835 6.957363 8.407215 -16.956274 17.562307 32.807598 -15.764217 11.726927 -12.271076 -25.077253 19.067320 0.110690 9.277949 -5.772249 32.439915 36.336849 -15.782510 16.349758 -25.583834 -23.242638 27.196123 -17.676449 0.277958 -2.736214 25.443745 22.955822
-12.565654 25.272453 -10.140846 -14.153275 31.833387 6.223258 9.648515 -17.577272 17.308496 31.363598 -17.131041 12.799413 -9.234308 -25.892048 20.577795 0.274035 9.167023 -6.254424 31.755833 35.937325 -17.012936 17.320505 -22.805819 -24.288561 28.913643 -18.285053 0.967363 -3.383932 24.714649 21.791054
-13.469827 25.455807 -7.370614 -15.152012 32.887699 5.433363 10.959799 -18.162735 16.973438 29.456774 -18.404161 13.694592 -6.508349 -26.823561 21.521301 0.616879 9.183453 -6.973287 30.653172 35.518177 -18.210777 18.149906 -19.716675 -25.529325 30.442278 -18.420580 1.535956 -3.589175 23.641602 20.711393
-14.689267 25.344156 -4.647222 -16.017920 34.128441 4.709060 12.258270 -18.925318 16.619658 27.414282 -19.843807 14.657704 -3.816457 -27.946224 22.423035 0.991719 9.349607 -7.701365 29.608679 34.922813 -19.524956 18.688435 -17.171732 -26.844263 31.702419 -18.414606 2.232071 -3.822385 22.623531 19.564281
-17.675291 23.182173 -2.542434 -17.447109 34.955631 4.620474 14.914870 -19.984348 16.431282 24.856964 -22.472067 14.139264 -1.321961 -31.067043 21.579521 2.571876 11.117611 -9.650410 26.706955 33.776024 -21.672932 17.435812 -15.598348 -28.341339 34.558277 -19.473951 1.938728 -3.716729 19.147469 17.315666
-19.279711 22.049011 -0.378500 -18.169071 35.966106 4.240372 15.745027 -20.881201 16.572380 22.103296 -23.551216 14.133015 1.367595 -31.838345 22.492989 3.103497 10.947842 -10.833645 25.759962 32.444138 -22.688744 17.162989 -13.048297 -29.299322 36.072983 -18.788778 1.909471 -4.225990 18.007000 15.213377
-20.491800 21.142866 1.429435 -19.134974 36.720657 3.979030 16.143084 -21.871508 16.168318 19.589575 -24.427195 13.986130 4.130109 -32.720886 23.197508 3.715806 10.170596 -12.110658 24.908583 31.211441 -24.239027 16.819910 -10.967624 -30.346411 37.689644 -18.728708 2.309541 -4.752409 17.347912 13.057318
-21.301943 20.061415 2.864472 -19.739050 37.258762 3.891317 16.349318 -23.062443 15.786443 17.380751 -24.670124 13.657536 6.858815 -33.451015 23.896568 4.498508 9.590855 -13.415846 23.948212 29.348806 -25.217028 15.964831 -9.044747 -31.477491 38.624557 -18.702703 2.982858 -5.331195 16.162569 11.325265
-22.011929 18.896290 3.808079 -20.320257 37.513458 3.852188 16.345030 -24.083727 15.460567 15.311247 -24.823240 13.057632 8.911771 -34.027634 24.304447 5.138237 8.916719 -14.410802 23.123970 27.650599 -26.073536 15.207737 -7.333359 -32.569271 39.232250 -18.808994 3.520210 -5.788118 15.222779 9.929941
-22.708195 17.847260 4.832893 -20.906610 37.882565 3.803679 16.445379 -24.987082 15.184448 13.338284 -25.217369 12.611991 11.028156 -34.740295 24.948782 5.679069 8.667111 -14.901151 22.401337 26.215986 -26.911085 14.681169 -5.558919 -33.616558 39.926086 -19.012836 4.034152 -6.165493 14.481021 8.443047
-23.434887 16.756557 6.124537 -21.507174 38.150776 3.474439 16.444712 -26.096329 14.951559 11.214148 -25.693605 12.139493 12.967970 -35.336094 25.501245 5.886996 8.734015 -15.444732 21.777355 25.007336 -27.563251 13.960029 -3.927834 -34.732090 40.290928 -18.974436 4.556190 -6.482630 13.552724 7.030295
-23.872885 16.144388 7.172148 -22.019547 38.211647 2.909305 16.730009 -27.035192 14.809828 9.675007 -26.117094 11.797199 14.707241 -35.948647 25.885181 5.839928 8.979549 -16.039484 21.135990 24.136835 -28.215427 13.263109 -2.479822 -35.810150 40.431404 -19.219460 5.185654 -7.134181 12.563237 5.851801
-23.748943 15.192626 8.024162 -22.361252 38.100876 2.488505 16.931391 -28.061472 14.412743 7.922505 -26.289087 11.333216 16.140944 -36.328838 26.138330 5.826341 8.996137 -16.657343 20.632082 23.260740 -28.581781 12.619291 -0.817464 -36.761681 40.625416 -19.425701 5.658594 -7.842239 11.518031 4.671801
-23.681694 14.289274 8.728051 -22.577692 38.304935 2.382163 17.208408 -28.620819 14.229416 6.428380 -26.265818 10.945596 17.663677 -36.871128 26.220974 6.001972 9.184399 -17.475399 20.006512 21.896864 -28.545193 11.892009 0.628778 -37.458817 40.813953 -19.393967 5.914403 -8.404915 10.537765 3.550101
-23.837948 13.561081 9.404851 -22.862621 38.474262 2.317331 17.370262 -29.082741 14.051993 5.186207 -26.442297 10.816889 19.322044 -37.495117 26.457600 5.979284 9.280712 -18.262089 19.631477 20.728201 -28.549034 11.311564 1.762496 -38.051357 41.029404 -19.361523 6.188539 -8.897110 9.884782 2.442818
-23.996775 13.051974 10.144408 -23.116560 38.630630 2.161346 17.556776 -29.727026 13.813425 3.933310 -26.524330 10.443526 20.494509 -37.829597 26.694775 5.965526 9.410064 -18.959583 19.446548 19.518381 -28.580631 10.886225 2.887266 -38.637997 41.310822 -19.248283 6.403633 -9.442785 9.341595 1.339620
-23.877420 12.345080 10.554575 -23.173883 38.628628 2.188137 17.446201 -30.299129 13.594712 2.599139 -26.632551 10.146256 21.615028 -38.135822 26.952866 6.036118 9.450331 -19.519518 19.318262 18.340307 -28.281034 10.324142 4.031659 -39.045059 41.535313 -19.100239 6.546014 -10.048034 8.770208 0.043700
-23.706173 11.438479 11.203510 -23.287971 38.752140 2.265370 17.318043 -30.625980 13.546532 1.127588 -26.469786 9.651793 22.692537 -38.306484 27.064764 6.083262 9.345530 -20.025908 19.225996 17.190123 -27.942862 9.803173 5.080412 -39.345852 41.712620 -18.828310 6.491671 -10.404874 8.247453 -0.907114
-23.663759 10.765341 11.722698 -23.381855 38.875084 2.323417 17.194397 -30.839348 13.577264 0.017889 -26.430857 9.272125 23.852146 -38.499500 27.416433 6.159575 9.259554 -20.536009 19.072447 16.137308 -27.818590 9.452926 6.023356 -39.681084 41.899395 -18.624702 6.480037 -10.722795 7.868530 -1.795272
-23.398478 10.351548 11.900899 -23.526476 38.680965 2.380024 17.041502 -31.151491 13.461161 -0.823995 -26.251286 9.061505 24.515999 -38.596298 27.529976 6.119601 9.285555 -20.896545 19.028648 15.383924 -27.494614 9.191046 6.847158 -39.838558 42.117825 -18.522835 6.487526 -10.989310 7.475772 -2.550253
-23.258570 9.818748 12.202566 -23.644829 38.784653 2.432970 17.091055 -31.284428 13.445400 -1.612618 -26.013672 8.733923 25.156082 -38.685413 27.698090 6.117915 9.285288 -21.154161 18.972681 14.682590 -27.222506 8.903234 7.451327 -39.921745 42.341698 -18.462385 6.508940 -11.134979 7.175585 -3.152102
-23.176867 9.352266 12.585490 -23.779064 38.939457 2.445788 17.214350 -31.308134 13.471502 -2.233741 -25.913895 8.554467 25.643768 -38.737640 27.919022 6.216863 9.217835 -21.283375 18.893841 14.198176 -26.906633 8.644439 7.928467 -39.890537 42.488903 -18.310453 6.423811 -11.234429 6.917326 -3.635173
-23.110310 8.927805 12.753506 -23.944670 38.936501 2.504246 17.261425 -31.358662 13.480900 -2.849848 -25.766283 8.290320 26.069090 -38.802341 28.016935 6.258451 9.210653 -21.471552 18.805620 13.705152 -26.651985 8.333169 8.325445 -39.911118 42.567490 -18.092916 6.313206 -11.334198 6.733099 -4.136137
-23.104624 8.783365 12.967292 -24.067869 39.048256 2.505978 17.313692 -31.365622 13.489614 -3.091136 -25.693691 8.211641 26.318621 -38.824810 28.064423 6.280912 9.162181 -21.569571 18.761911 13.494824 -26.528921 8.225664 8.579985 -39.929096 42.645580 -18.041279 6.294590 -11.404283 6.608837 -4.384419
-23.077238 8.689553 13.016244 -24.084726 39.066441 2.518520 17.311478 -31.355560 13.509476 -3.198014 -25.661081 8.181663 26.386917 -38.818943 28.090561 6.306029 9.127102 -21.589348 18.753107 13.415552 -26.452133 8.157439 8.662674 -39.913048 42.639412 -17.978535 6.246458 -11.444167 6.556192 -4.475206
