-23.082747 8.873699 12.862900 -24.096497 38.915882 2.476705 17.341187 -31.402075 13.447445 -3.033642 -23.963305 14.016845 10.708454 -38.799717 44.426464 -7.190537 5.779088 -18.332182 -6.365491 2.497546 -26.499210 8.202633 8.573868 -39.965229 42.590805 -18.096706 6.377189 -11.415933 6.583415 -4.394364
-23.015774 10.046112 11.837153 -24.014738 38.094879 2.057917 17.712854 -31.382479 13.181963 -1.656880 -23.993731 14.761096 9.605967 -38.870178 43.575867 -7.771614 6.786873 -18.206553 -6.504987 3.694912 -26.812588 8.479838 7.215042 -40.125954 41.879177 -19.070629 7.296175 -11.245300 6.916277 -3.413446
-22.843599 11.703892 10.889493 -24.142790 37.395100 1.463456 18.624405 -30.996197 12.844923 0.359441 -23.944798 15.754275 7.886069 -38.790371 42.506222 -8.495969 8.041034 -17.808659 -6.758746 5.601107 -26.672537 8.679644 5.148932 -39.979469 40.699497 -20.258741 8.345892 -10.978397 7.231631 -1.879862
-22.018509 13.526073 9.345462 -24.326185 36.174843 0.559591 19.847164 -30.070875 12.873861 2.910793 -23.199057 16.769800 5.889495 -38.619068 41.081360 -9.481067 9.493668 -17.199545 -6.884364 7.807982 -26.230755 8.959207 2.612676 -39.272148 39.617538 -21.632355 9.447998 -9.928243 7.657892 0.222553
-21.303320 15.328736 7.783360 -24.015406 35.019226 -0.095836 21.025690 -28.859280 13.125327 5.119840 -22.315254 17.939497 3.881209 -38.609962 39.509518 -10.320124 11.071334 -16.584497 -7.044343 9.882110 -25.264540 9.360921 -0.262499 -38.525646 37.968082 -22.456015 10.171320 -9.080161 8.435370 2.481432
-20.220705 17.205057 5.291808 -23.494129 33.936184 -0.470768 22.383560 -27.160868 13.677452 7.878306 -20.960096 18.717417 1.062438 -38.467583 37.448502 -11.034325 12.767012 -16.089712 -6.986325 11.558566 -23.587219 9.933247 -3.069484 -37.843536 35.934544 -23.229330 10.841793 -8.567229 9.188148 4.790136
-18.368233 19.100384 3.509505 -22.598896 32.999767 -1.204663 23.432480 -25.356995 14.313747 10.906299 -19.688248 19.571726 -1.683212 -38.464592 35.527378 -11.969819 14.696004 -15.034864 -6.724390 13.401750 -21.779339 10.496906 -5.525502 -37.164871 34.087029 -24.126282 11.785077 -7.867001 9.825185 6.871903
-16.297613 19.875717 1.676551 -21.839914 31.700083 -1.478634 23.890604 -24.123524 14.595496 12.878287 -18.183914 19.883913 -4.254125 -38.108894 33.748180 -13.183191 16.674709 -13.841724 -6.425641 15.312760 -19.817360 10.722513 -7.544279 -36.501751 32.394058 -24.563526 12.462049 -7.076642 10.329648 8.001297
-14.785465 20.479073 -0.057763 -21.255131 30.574131 -1.656767 24.224632 -22.977680 14.843246 15.013116 -16.584196 19.582344 -7.068718 -37.510712 32.124226 -14.349012 18.435720 -12.753611 -6.022908 17.002840 -18.641918 10.875507 -9.403745 -36.151325 30.851627 -24.999765 13.056674 -6.451189 10.804513 9.350053
-13.993965 20.449709 -0.936044 -20.963392 29.957617 -1.621060 24.253414 -22.525604 14.895270 15.671033 -15.712092 19.373627 -8.156867 -37.243061 31.514473 -14.865705 19.252264 -12.260900 -5.829097 17.580952 -17.997561 10.803447 -10.307415 -35.977734 30.129957 -25.273752 13.449655 -6.160227 10.969768 9.970970
-13.810285 20.610493 -1.912950 -20.759390 29.474287 -1.685263 24.371513 -22.253231 15.151135 16.320129 -15.563463 19.269484 -9.335227 -37.188423 30.861107 -15.306297 19.863457 -12.212164 -5.548347 17.942474 -17.937086 10.874500 -11.078996 -36.075531 29.466156 -25.573107 13.763298 -6.282876 11.039132 10.715190
-14.082828 20.639631 -10.366488 -19.574896 26.294971 -0.917267 24.171333 -20.539209 17.219397 20.271093 -15.057508 18.363750 -16.882610 -36.931114 27.072800 -17.014889 22.330837 -12.334153 -3.032393 18.345449 -17.941156 9.234824 -17.530931 -36.718800 24.384491 -25.710106 14.147284 -7.276628 12.182755 13.775521
-13.204175 15.685416 -25.449873 -15.586316 21.644987 2.985224 20.647583 -18.202374 20.619967 22.734758 -12.834058 14.076674 -30.399179 -35.132076 20.797937 -16.784512 21.467646 -14.485225 1.220205 14.402513 -17.350195 3.111890 -29.628429 -37.913921 14.419677 -20.073988 10.209362 -8.240216 14.624893 15.903201
-8.521545 6.131900 -36.463459 -9.401483 19.135618 10.395940 8.508410 -17.216364 24.775009 21.414438 -5.705348 6.140861 -45.132626 -30.362972 14.646024 -12.651156 14.965667 -16.993616 4.839196 9.701741 -12.621449 -4.258677 -40.520748 -34.795589 7.471219 -8.684804 -0.980280 -12.022795 15.732472 15.464040
-0.877196 -1.977737 -42.928844 -8.300668 15.133645 17.738302 -3.525382 -13.437034 27.469370 15.994619 5.971560 -0.483082 -52.427795 -25.349501 15.133712 -5.860276 3.108998 -10.433448 13.595404 -0.467859 -0.168840 -8.449173 -43.970490 -20.675383 13.294628 -2.803468 -12.199244 -15.410440 15.665799 10.526134
15.126329 -11.939615 -43.207573 -9.071378 8.547036 21.124952 -7.813320 -12.582062 27.195545 1.996124 21.765463 -11.168476 -50.490368 -21.550346 14.400453 -1.394816 0.752036 -5.909832 14.636514 -12.781159 19.586712 -13.837808 -40.373329 -6.200872 21.301134 -0.342371 -17.242338 -10.874825 17.014717 -3.748677
24.541166 -21.770323 -38.328423 -7.306145 7.949693 18.791733 -3.796181 -10.134560 23.879271 -3.341900 33.536034 -18.534468 -44.037861 -23.300913 9.565070 5.738795 -0.101844 -2.916960 4.547832 -15.426229 30.385126 -26.176399 -34.314636 -4.652527 22.259018 2.038273 -15.375997 -2.242060 13.932254 -10.548341
30.908228 -34.928677 -27.245445 -9.121187 6.022377 17.745892 -1.235809 -12.599796 13.152152 -2.982978 40.500744 -20.995836 -34.134007 -28.577742 5.350802 14.494371 -1.544724 -2.924690 -6.969178 -17.474901 38.980202 -33.066166 -21.954479 -10.931288 18.707706 9.234095 -12.013110 2.177764 2.404116 -12.314839
36.044159 -38.842995 -20.290316 -14.202822 1.771653 16.117846 5.987406 -9.977743 7.837494 -6.039860 46.467922 -19.197784 -21.990646 -33.978737 2.399684 18.781599 -0.652660 -1.338683 -14.981659 -18.811029 43.674244 -35.035099 -15.106788 -19.056757 12.818095 12.127545 -4.294847 3.882428 -7.224079 -14.548587
38.838673 -39.436703 -17.032061 -15.939062 1.435785 14.818635 10.833317 -7.496060 7.206515 -11.326489 49.539619 -16.680918 -15.439396 -36.950737 1.474243 18.719357 1.721309 -1.133713 -18.106567 -20.305944 44.946159 -34.097588 -11.816472 -23.073507 10.221035 11.955716 -0.507022 4.563394 -10.073021 -15.285813
38.898243 -38.788193 -16.893803 -16.162970 1.199822 14.378506 11.520816 -7.280744 7.283284 -11.430507 49.812641 -15.892095 -15.080530 -37.185978 1.153088 18.352194 2.093374 -1.072977 -18.271326 -20.042097 45.177101 -33.625336 -11.676449 -23.588266 9.387097 11.724275 -0.029793 4.378183 -10.350626 -14.839584
38.924156 -38.915710 -16.734011 -16.160685 1.253056 14.456278 11.756708 -6.914385 7.150533 -10.893266 49.714100 -15.889645 -15.301093 -37.318790 1.021605 18.719103 2.096247 -0.564809 -18.426529 -19.439329 45.044483 -33.780861 -11.864392 -23.351477 9.697928 11.822327 -0.131456 4.850442 -10.200778 -14.570868
39.368404 -39.138134 -16.568577 -16.210505 1.174965 14.658835 12.292188 -6.075912 6.972570 -10.181415 49.736134 -15.781308 -15.544880 -37.460491 0.722376 19.094009 2.442547 0.111382 -19.018417 -18.147135 45.088142 -33.911606 -11.810126 -23.194368 9.959854 12.060669 -0.036532 5.827755 -10.227438 -14.088368
39.614624 -38.274231 -17.385159 -16.025097 0.639783 14.913625 12.952616 -4.715641 6.553201 -6.632775 50.052010 -15.156260 -16.836370 -37.525333 -0.200267 19.302137 3.080078 0.736588 -19.618933 -15.903686 45.738937 -33.680756 -12.243870 -22.603912 10.045093 11.745220 0.272270 7.117537 -10.113742 -12.632127
40.511696 -37.292683 -17.743883 -15.908531 0.098246 15.067678 13.555795 -3.163909 6.366798 -3.813267 50.864841 -14.392865 -17.922306 -37.497135 -1.163149 19.313955 4.194847 2.267874 -20.293718 -13.035895 46.100700 -33.140907 -13.444250 -22.112537 9.962667 10.958807 1.324595 9.043405 -9.669869 -10.714406
41.749992 -35.837414 -18.149723 -15.933580 -0.372041 14.898457 14.101365 -1.286233 6.298080 -1.222386 51.212566 -13.697423 -19.490274 -37.814816 -2.527392 18.964573 5.242661 3.781497 -20.891068 -10.070290 45.797939 -32.607655 -15.169647 -21.195105 9.989883 10.402316 1.417303 10.913194 -8.981266 -8.038751
42.434692 -34.737461 -18.559393 -15.718213 -0.204154 14.804573 14.775419 0.766594 6.513550 1.182552 51.339432 -13.308661 -21.695131 -37.342361 -3.670748 18.131989 6.031582 5.436837 -20.663925 -6.923760 45.581329 -32.673561 -17.063425 -19.650192 10.528215 9.578376 1.242323 12.532582 -7.997741 -5.730197
43.044800 -33.005116 -19.015202 -15.281117 0.067891 14.932998 14.599283 2.384526 7.090358 3.621462 51.784988 -12.628816 -23.649012 -36.617157 -4.308182 17.547653 6.047290 7.171083 -19.993605 -4.064488 45.648907 -32.493282 -18.697592 -18.042744 10.969625 8.363052 1.236343 13.747607 -7.089646 -3.641791
43.822346 -31.603281 -19.182076 -14.947007 0.230979 14.780093 14.460421 3.473287 7.493792 4.913924 51.806030 -12.695026 -25.109531 -35.755280 -4.255956 16.946728 5.948459 8.551687 -19.042486 -2.154455 45.385822 -32.360519 -20.168562 -16.586437 11.417079 7.354680 1.036418 14.571972 -6.066083 -1.824273
44.449413 -30.613504 -19.403271 -14.574303 0.241533 14.594618 14.313484 3.923540 7.890235 5.423786 51.664558 -12.572013 -25.708130 -35.359726 -4.235702 16.463137 6.016185 9.004805 -18.385506 -1.491132 45.342640 -31.842484 -20.760382 -15.838832 11.656514 6.769258 1.033825 14.988008 -5.355798 -1.119035
44.533043 -30.575043 -19.394547 -14.553151 0.229226 14.535289 14.369091 3.992415 7.904010 5.442899 51.703812 -12.555920 -25.634445 -35.352436 -4.242565 16.448442 6.072583 9.072814 -18.392082 -1.443018 45.390247 -31.833658 -20.770081 -15.815281 11.667907 6.694295 1.123459 15.030255 -5.326964 -1.114011
44.974300 -30.672844 -18.789440 -14.763293 -0.008394 14.088362 15.042728 4.049929 7.673187 4.681443 52.488106 -12.288982 -24.463730 -35.425159 -4.370797 16.329140 6.439155 8.970913 -19.092680 -1.635213 45.838463 -31.650265 -20.220583 -16.417385 11.092195 6.581688 1.770153 14.816656 -5.940195 -1.236376
45.555405 -30.360115 -17.296345 -14.907113 0.186259 13.474479 15.800102 4.185117 7.619735 3.920984 53.493675 -11.307167 -22.410046 -35.765484 -4.472090 16.306828 7.079581 9.247607 -19.945866 -1.510474 45.987904 -30.888041 -18.657057 -17.247702 11.123956 6.359570 2.734552 15.385892 -6.908221 -1.042660
46.524593 -29.725838 -15.504796 -15.392103 0.122834 12.325017 17.371223 4.809192 7.565608 2.434993 54.885990 -10.268722 -19.892349 -35.632988 -4.443239 15.895988 7.573726 9.340528 -20.730556 -1.240988 46.916161 -29.904245 -16.517172 -18.460192 10.361613 5.912378 4.231838 15.497102 -8.239823 -0.905039
47.429321 -28.471279 -14.408379 -15.905604 -0.348486 10.986176 18.589142 4.931013 7.585525 0.612353 55.552559 -8.769058 -17.738178 -34.746777 -3.661374 14.508959 8.049660 10.058556 -20.399979 -0.078574 47.114368 -28.049738 -14.768869 -19.172937 10.182365 5.342520 5.298969 16.101894 -8.870399 -0.148398
47.828606 -26.332563 -12.236185 -16.241730 0.064431 8.979837 20.519793 5.315228 6.805963 1.112620 56.178398 -6.227249 -14.759721 -33.767441 -2.515356 12.684611 8.433376 10.775375 -20.263666 2.651189 46.812298 -25.236053 -13.720925 -19.280119 10.392111 3.565524 6.709045 16.909136 -9.232939 2.647714
48.793007 -23.175690 -9.422095 -16.302460 1.298638 6.618656 21.780895 5.637846 5.124591 2.859922 56.982533 -3.939278 -11.633585 -32.162815 -0.640811 10.457217 8.763087 11.236154 -19.804321 5.299302 47.132320 -22.438704 -13.076873 -19.697392 9.940009 1.976038 8.117997 17.025532 -9.712169 5.644021
49.533916 -18.622654 -7.224384 -10.050760 7.685802 2.640201 24.221903 4.989478 1.116387 8.595065 56.456795 -1.469811 -10.303833 -24.489071 5.990446 6.983488 9.769535 10.626181 -21.037655 12.216464 44.071648 -17.100481 -10.163933 -27.069729 3.985819 -4.997332 14.684985 20.096317 -0.787898 8.545415
50.141476 -13.248540 -5.692529 -11.506244 7.168486 -0.265769 25.913300 4.366595 -1.195832 10.998595 55.568069 1.278807 -8.814663 -23.438017 6.857613 4.114447 10.538771 10.968596 -20.164242 15.775640 43.724937 -13.384427 -9.548209 -27.543642 3.720725 -7.210071 16.987411 20.167173 -0.548639 11.070708
48.994690 -7.305536 -4.794275 -12.508571 6.334891 -2.758331 28.236021 4.228729 -1.750019 15.174253 53.865749 4.427557 -6.664822 -22.030668 8.237816 0.539710 11.637549 11.291100 -19.386850 20.201004 41.184536 -8.910333 -9.980788 -27.521627 3.810208 -10.686951 19.010660 20.430510 0.235362 15.293431
45.124779 -3.414518 -6.159004 -13.645837 5.210165 -4.682347 32.680614 2.851308 -1.746528 18.844133 52.379578 8.454017 -5.435221 -23.473040 6.729343 -2.301684 14.325312 8.930552 -21.846039 24.212923 37.870014 -6.278569 -10.608292 -28.962811 4.562327 -15.087575 21.020468 19.071077 -3.031263 18.404922
43.167999 1.454243 -6.986605 -14.187820 4.758337 -6.380017 35.312439 3.482165 -0.195298 20.680510 50.993290 12.811393 -4.728346 -23.875101 6.213000 -6.096745 16.141041 8.429173 -21.048574 27.521402 36.751133 -2.802988 -9.330377 -29.210892 4.508782 -18.430704 22.482645 16.536680 -2.762495 19.916056
41.597073 4.576149 -6.423366 -14.146604 5.084628 -8.619676 37.193005 2.811646 0.650973 22.251322 49.916306 14.937333 -3.789485 -23.474207 6.985683 -9.784764 18.828815 8.204024 -19.663673 28.863474 35.978531 0.780004 -8.880020 -28.352169 5.491935 -21.572540 24.045397 15.734793 -1.219165 21.134422
40.052860 7.122143 -6.906751 -13.870906 4.663610 -11.422363 38.315418 0.532220 0.775806 24.260561 47.245033 16.266634 -2.589954 -23.712641 7.706260 -13.808714 22.321880 7.149648 -18.435291 30.096436 34.997875 4.651848 -8.355191 -27.786375 6.158200 -24.716961 24.938805 14.082262 -0.082776 23.019588
39.369644 8.921388 -6.927356 -13.151277 4.067739 -14.069481 40.031750 -2.179466 1.049468 25.886271 46.168720 16.552860 -1.400531 -23.394312 7.977127 -17.964291 26.288462 6.158138 -17.362816 30.838774 34.574348 7.680305 -7.709516 -27.223921 6.869489 -27.944752 25.842369 11.827676 0.673140 23.793482
38.379574 11.368979 -7.033565 -11.831957 3.564293 -16.886505 41.253677 -5.949244 2.327156 26.836964 44.487167 16.877405 0.398996 -22.823975 9.112921 -22.243809 29.911135 4.734794 -16.212698 31.156595 34.624340 10.295979 -7.083736 -26.120689 7.548949 -31.218117 26.203680 9.049213 1.618137 24.203278
36.773514 13.701329 -7.255194 -10.978453 3.380307 -19.253654 41.249935 -9.542162 3.114107 27.378370 42.073673 17.265667 1.422906 -22.176966 10.228365 -25.957788 32.461056 2.612659 -15.058767 31.128595 33.628880 12.216132 -6.419730 -25.479555 8.666616 -33.622444 25.967016 6.610404 2.230007 24.266123
35.573906 15.507851 -7.869080 -10.902182 2.688637 -20.654869 41.446533 -12.401880 3.402791 27.192785 39.548779 17.583313 2.098358 -21.484545 11.536167 -28.818806 34.139297 0.619807 -13.720039 31.041964 32.516968 13.383742 -6.155462 -24.135227 10.379603 -35.571178 25.066605 4.417896 3.061640 24.619379
34.710735 16.452753 -7.830939 -10.673141 2.552321 -21.493633 41.219032 -14.779756 3.376333 26.992342 38.146038 17.532507 3.237590 -21.037859 12.603206 -30.850565 35.301090 -1.133655 -13.308338 30.452986 31.886114 13.835539 -5.676247 -23.532621 11.481015 -36.931671 24.869160 2.682847 3.271756 24.026688
34.097607 16.874599 -7.749883 -10.693080 2.388335 -21.736614 40.968098 -15.897742 3.308319 27.219938 37.494823 17.279255 3.568486 -20.772881 13.028519 -31.747131 35.733032 -1.912774 -13.012126 30.213568 31.481054 14.070039 -5.353128 -23.049295 12.191012 -37.719624 24.550385 1.755647 3.392550 24.036840
