-26.795099 5.647692 7.186647 -33.636688 42.101433 -18.399479 5.353563 -16.962021 12.080933 -4.530053 -24.820869 11.994239 20.986765 -28.989683 39.338303 9.888144 14.831031 -25.036448 10.043379 9.695605 -26.095810 12.068757 2.504647 -35.833111 46.689579 -11.967175 12.127684 -14.990938 -3.585196 -9.238577
-26.665239 6.123221 6.805013 -33.528103 41.863487 -18.536224 5.475485 -16.912979 12.003060 -4.010085 -24.761454 12.247614 20.574106 -29.001656 38.992874 9.681049 15.149686 -25.003204 9.951278 10.161390 -26.182772 12.246525 2.027833 -35.840347 46.513714 -12.386025 12.473657 -14.823732 -3.461760 -8.767505
-26.634024 6.964170 6.109717 -33.558731 41.342636 -18.724886 5.702145 -16.929415 11.849224 -3.321929 -24.852379 12.728784 19.884787 -29.053246 38.488255 9.304477 15.815164 -24.932793 9.882351 10.912971 -26.399332 12.264698 1.168269 -36.031094 45.971481 -12.951788 13.053953 -14.816073 -3.266287 -8.240077
-26.615465 7.760108 5.769507 -33.629848 41.158306 -18.964895 6.176793 -16.662388 11.739356 -2.503381 -24.986637 13.187162 19.396729 -29.059753 38.185696 8.974019 16.390554 -24.815559 9.726987 11.722067 -26.405725 12.231835 0.293022 -36.120064 45.328365 -13.472522 13.556246 -14.690457 -3.111027 -7.571817
-26.325583 8.791113 5.078760 -33.634991 40.761574 -19.208675 6.582067 -16.471390 11.538059 -1.341443 -24.802307 13.714062 18.168745 -28.973465 37.428017 8.568423 17.076939 -24.524811 9.628332 12.812959 -26.220894 12.360602 -0.777302 -35.996655 44.685879 -14.175348 14.068881 -14.549053 -2.985295 -6.616620
-25.960516 9.927607 4.330494 -33.725914 40.282993 -19.590128 7.190632 -16.127695 11.438992 0.044882 -24.484770 14.141324 17.093840 -28.840750 36.787312 8.124681 17.818590 -24.173948 9.548489 13.916120 -26.105087 12.688994 -1.772738 -35.658848 44.392727 -15.019069 14.674837 -14.121293 -2.804668 -5.644282
-25.325371 10.824890 3.520875 -33.698288 39.592621 -20.012260 7.670513 -15.644537 11.508319 1.171025 -24.059483 14.736536 16.171646 -28.806173 35.999130 7.588929 18.536842 -23.911791 9.510455 15.014221 -25.751348 12.746482 -3.202515 -35.276360 43.644802 -15.601238 15.112164 -13.521231 -2.564110 -4.474202
-24.760075 11.748488 2.708685 -33.465958 39.026718 -20.258345 8.184185 -15.050983 11.540682 2.349116 -23.648039 15.366707 15.365361 -28.835524 35.253796 7.152811 19.292002 -23.647032 9.397504 15.984821 -25.372120 13.131781 -4.467844 -34.751385 43.197865 -16.055592 15.453752 -13.024537 -2.084427 -3.586981
-24.367146 12.946433 1.839698 -33.326031 38.211189 -20.591736 8.532247 -14.505034 11.716850 3.617648 -23.177567 15.917072 14.152367 -28.796461 34.409168 6.766555 20.074970 -23.338871 9.330502 17.103483 -24.920494 13.384237 -6.113558 -34.430313 42.189281 -16.428530 15.903759 -12.636962 -1.746439 -2.265702
-23.871561 13.967343 0.504240 -33.163837 37.425774 -20.767633 9.110560 -13.749915 11.939649 4.938706 -22.509220 16.421909 12.568793 -28.695333 33.294895 6.388472 21.039961 -23.032520 9.388870 18.043545 -24.081179 13.609572 -7.878702 -33.958153 41.100281 -16.794367 16.255793 -12.256688 -1.368729 -0.802406
-23.352453 14.916183 -0.607922 -32.927723 37.132137 -20.783659 9.858597 -12.969725 12.111915 6.174318 -21.823448 16.700481 11.333086 -28.651129 32.341961 6.054724 21.771990 -22.850449 9.391966 18.782131 -23.303881 13.923135 -9.200346 -33.585968 40.114628 -17.299850 16.664799 -11.888892 -1.000281 0.424731
-22.428518 15.803828 -1.603084 -32.430649 36.737080 -20.873812 10.247594 -12.132871 12.369146 7.255929 -20.991795 16.999870 9.887835 -28.530499 31.293528 5.680559 22.536755 -22.451353 9.476213 19.584932 -22.276747 14.103098 -10.511795 -33.136433 39.071945 -17.752127 17.070457 -11.428516 -0.699006 1.664670
-21.553371 16.865850 -2.421708 -32.001308 36.355301 -21.297108 10.972487 -11.292645 12.605723 8.880561 -20.552830 17.554653 8.586679 -28.648949 30.420275 5.118444 23.703621 -21.795303 9.655827 20.624619 -21.410290 14.259462 -11.565984 -32.764973 38.372856 -18.345562 17.581171 -11.118444 -0.406470 2.562739
-20.408932 17.247076 -3.470754 -31.495899 35.734005 -21.401571 11.196461 -10.652658 12.777182 9.897633 -19.921436 17.808783 7.314350 -28.509962 29.561758 4.489531 24.692533 -21.220753 9.835975 21.648375 -20.276482 14.205735 -12.595825 -32.207314 37.574192 -18.604284 17.767147 -10.788457 -0.167914 3.078592
-19.309978 17.711975 -4.342360 -31.105268 35.144333 -21.528894 11.429904 -10.018288 12.898495 10.820915 -19.048859 17.866247 6.013488 -28.291782 28.639254 3.906569 25.674883 -20.606211 9.950236 22.542942 -19.481026 14.264592 -13.624144 -31.916466 36.868759 -18.921759 18.237095 -10.271699 0.158590 3.670110
-18.408850 18.152311 -5.243680 -30.705431 34.610771 -21.610491 11.531860 -9.488268 13.063052 11.806874 -18.163246 17.669214 4.527081 -27.992147 27.746418 3.239277 26.690662 -20.034689 10.157575 23.381666 -18.777359 14.294704 -14.667540 -31.732803 36.022732 -19.263777 18.700327 -9.837734 0.404141 4.419600
-17.801821 18.485317 -5.995230 -30.415154 34.201023 -21.716293 11.815232 -8.977806 13.156280 12.743935 -17.447521 17.551056 3.204223 -27.693579 27.027447 2.728949 27.438005 -19.511299 10.344924 24.232279 -18.311798 14.363996 -15.758055 -31.548252 35.236977 -19.582201 19.109299 -9.476328 0.684809 5.358633
-17.321028 18.501654 -6.472468 -30.232296 33.853466 -21.761238 11.870911 -8.772973 13.189221 13.075625 -16.872639 17.421312 2.575153 -27.537161 26.615013 2.407964 27.929523 -19.260397 10.414640 24.560402 -17.883846 14.361180 -16.308155 -31.434198 34.777607 -19.730846 19.356934 -9.238279 0.772278 5.804977
-17.030073 18.496534 -6.809350 -30.107813 33.637913 -21.705175 11.859186 -8.610702 13.203095 13.281716 -16.572771 17.341957 2.116395 -27.426804 26.419437 2.208604 28.252693 -19.019188 10.534583 24.808567 -17.650148 14.283278 -16.771273 -31.342939 34.494518 -19.842728 19.509102 -9.147589 0.889016 6.028286
-16.945377 18.526114 -6.909861 -30.059137 33.556316 -21.732731 11.863098 -8.555896 13.241934 13.385742 -16.478779 17.359877 2.007006 -27.410217 26.318069 2.117108 28.361597 -18.956533 10.556579 24.920374 -17.617041 14.361288 -16.841679 -31.316961 34.463818 -19.911446 19.577606 -9.108382 0.911274 6.167226
-16.885267 18.669872 -7.761723 -29.921806 33.161945 -21.791197 11.984885 -8.371891 13.467879 13.873967 -16.425377 17.239048 0.937932 -27.370699 25.764894 1.770005 28.863771 -18.970762 10.817356 25.171640 -17.619602 14.356759 -17.514774 -31.442581 33.840599 -20.150084 19.816750 -9.241736 0.979264 6.776024
-16.967728 18.948509 -10.523376 -29.522104 32.087414 -21.758652 12.106220 -7.639118 14.339788 15.475705 -16.294590 16.989643 -2.240519 -27.255024 24.355579 0.927538 30.103727 -18.703682 11.862448 25.844324 -17.761429 13.820987 -19.825525 -31.802488 31.970493 -20.458513 20.195469 -9.573962 1.326559 8.175391
-17.244040 18.430397 -15.904862 -28.741966 30.124992 -20.965918 11.452254 -6.596765 15.778225 17.482431 -15.916991 16.335382 -6.612002 -27.107872 21.974842 0.067153 31.325426 -19.093670 13.335286 25.577765 -17.663063 12.649903 -24.099035 -31.920330 28.939478 -20.300531 20.209944 -10.108666 2.206562 9.755498
-17.235535 16.641090 -22.817410 -27.493252 27.846893 -19.470148 10.163125 -5.432355 17.503574 18.934778 -15.093144 14.589101 -12.325377 -26.403387 19.478041 -0.058148 31.128141 -20.203779 15.388337 23.891516 -17.678709 10.358846 -29.420633 -32.215122 25.211235 -18.659369 19.321266 -10.708038 3.057995 10.823752
-16.292759 13.306074 -30.746330 -25.059793 25.217382 -17.442863 7.626031 -4.155571 19.536608 20.149599 -13.690634 12.053181 -20.126310 -25.299505 15.696326 0.314227 30.444368 -21.252043 17.592045 21.645369 -16.672394 6.577329 -36.473572 -32.611355 19.698900 -14.465109 16.481106 -11.331459 4.106091 11.481938
-15.235030 8.585969 -36.704552 -22.382971 23.618860 -13.937807 2.406656 -4.186469 21.092133 19.756388 -11.333493 7.912111 -26.840818 -23.084496 12.732613 1.333544 28.238586 -23.210052 18.976765 19.574083 -14.895461 2.711288 -42.229149 -31.933031 15.344785 -9.677931 11.844893 -13.339791 5.234988 11.549018
-12.058065 2.678183 -42.047218 -16.673660 24.416313 -9.694760 -3.236042 -5.144284 21.560896 19.030169 -6.562115 4.117084 -34.857800 -20.547611 9.547153 4.431845 23.964876 -23.747410 21.206375 16.925982 -12.065186 0.504274 -47.246681 -30.773314 11.205500 -3.227636 5.051345 -14.270946 7.562466 11.088450
-9.075923 -2.073083 -46.027554 -10.827118 26.274628 -5.843325 -8.352572 -5.997630 20.960527 19.372105 -0.867029 1.227983 -39.718086 -17.659685 9.736490 8.004441 16.914865 -19.851345 26.503733 13.391233 -8.015282 -1.087585 -48.894974 -28.275711 9.670700 0.267584 -0.220660 -14.035591 9.822238 9.947425
-3.476249 -7.329445 -47.825974 -7.241365 26.317726 -1.314555 -13.806881 -5.915715 19.985277 14.472068 5.141886 -2.483892 -42.172974 -15.531844 9.960002 11.315035 12.009160 -17.212387 29.912766 6.852716 0.488185 -3.065785 -48.755383 -22.558081 11.415198 1.195060 -5.545204 -14.431610 13.778737 3.532093
5.393373 -12.434434 -48.850170 -5.454707 24.154329 1.337661 -16.334806 -6.343084 18.303057 7.036405 12.294250 -7.673752 -41.931015 -14.231057 9.929546 13.200213 11.321332 -15.108685 31.352745 -0.825329 11.737029 -4.959651 -46.817123 -15.478513 14.998405 0.997851 -8.508230 -13.093368 16.671257 -4.636561
13.968156 -16.410660 -47.796349 -4.595872 22.858046 3.206043 -17.411142 -5.048602 18.071783 0.054943 21.034508 -13.058649 -40.278423 -11.783011 9.196833 15.891047 9.336765 -12.649940 30.742567 -5.263946 19.748268 -9.540501 -45.018280 -9.987547 18.761856 1.802195 -10.338103 -9.043419 19.570694 -11.397875
19.271477 -18.706240 -46.683224 -3.542842 22.242220 2.589458 -15.124718 -2.303314 17.835989 -3.191485 26.794704 -17.566267 -37.805359 -11.656029 7.465251 18.595360 8.685300 -10.083909 27.072889 -6.155936 26.762003 -16.551054 -42.889648 -7.440897 20.004232 2.976539 -9.635657 -4.080139 19.623142 -16.170353
22.624453 -25.046715 -43.989147 -2.268088 22.364176 1.358335 -13.035159 -1.645428 15.387009 -4.530822 32.833778 -20.350611 -33.898960 -13.740495 4.428182 22.986189 8.291176 -9.833664 20.188477 -8.214024 29.589592 -23.330793 -38.829662 -8.564901 19.581261 4.432098 -8.437022 0.298630 17.707796 -18.554745
27.384974 -33.886105 -37.685837 -1.312438 22.622549 1.559210 -12.973342 -4.279969 9.379387 -4.960500 36.798687 -22.087418 -29.160484 -16.759071 2.238509 28.018122 7.476807 -9.694186 13.971398 -10.169747 33.702866 -27.281170 -32.980576 -11.887020 18.056515 7.095913 -6.010364 3.919479 13.268828 -20.230886
29.022640 -39.621647 -32.092823 -2.585015 21.426041 0.795744 -10.481125 -4.836107 4.266628 -4.360592 39.958988 -22.681322 -24.049320 -19.109842 0.358277 31.571789 6.725986 -9.699177 8.708230 -10.564004 37.238884 -29.150951 -27.619583 -16.211737 15.019222 9.715331 -4.346465 4.864149 7.716402 -20.498806
32.482540 -42.803558 -28.216988 -4.952034 19.397459 0.331456 -6.741205 -4.883145 0.098007 -6.611958 42.743366 -22.639246 -17.250650 -21.753405 -0.917687 33.612347 6.689659 -8.585181 4.303081 -10.942536 39.164043 -31.106489 -24.054209 -21.022573 11.087243 11.236136 -0.676935 6.855892 2.471921 -20.210831
35.718689 -43.785286 -25.294106 -6.655349 18.329763 0.028964 -3.227468 -3.287389 -1.362672 -9.849033 46.081871 -20.774782 -12.054624 -24.522823 -2.721566 35.343456 7.608571 -7.593063 1.002355 -11.777081 41.580608 -30.559908 -20.046337 -25.533092 7.996029 12.389495 2.361644 6.995568 -1.602011 -22.258118
37.465214 -43.335602 -23.739367 -7.531097 17.718380 -1.046127 -0.747477 -2.170670 -1.543558 -12.591413 47.665203 -19.846664 -7.730812 -26.587578 -3.359366 35.477314 9.280735 -7.402408 -0.893076 -12.967963 41.790966 -29.434273 -18.036577 -27.970421 6.614793 12.660334 4.418510 7.465542 -3.506814 -22.756462
38.526932 -43.413502 -22.820110 -7.943233 17.497496 -1.707755 0.919218 -1.574528 -1.700994 -14.060359 48.964577 -18.712610 -5.522790 -27.334583 -3.829008 35.317837 10.418027 -7.387585 -1.862216 -13.112870 42.815208 -29.161850 -16.386896 -29.619246 5.191656 12.700914 6.106329 7.302735 -4.738629 -23.365295
38.535995 -42.727039 -22.752533 -8.210015 17.215561 -2.175370 1.519953 -1.440493 -1.637612 -14.201250 49.087574 -17.998978 -5.179100 -27.386202 -4.101794 34.883553 10.849881 -7.535901 -1.784553 -12.966933 42.997379 -28.607985 -16.267143 -30.163610 4.246086 12.457813 6.577844 6.854042 -5.021662 -22.882057
38.586857 -42.801987 -22.699736 -8.182695 17.254171 -2.142159 1.565995 -1.338892 -1.647704 -14.136390 49.215904 -18.028555 -5.120346 -27.474932 -4.174092 34.966251 10.915064 -7.464101 -1.902577 -12.949838 43.100582 -28.640242 -16.227324 -30.149488 4.266359 12.463599 6.593363 6.973575 -5.033024 -22.895760
38.719070 -42.929905 -22.529284 -8.156834 17.315042 -2.041595 1.631854 -1.172175 -1.761451 -13.994705 49.216293 -18.110907 -5.139205 -27.511349 -4.158023 35.130260 10.845538 -7.273456 -2.006333 -12.804647 42.985279 -28.765459 -16.283829 -30.120007 4.372841 12.544733 6.556256 7.158276 -4.996407 -22.835800
38.659416 -42.946873 -22.501343 -8.136789 17.399849 -2.003402 1.790781 -0.901569 -1.780859 -13.638006 49.113190 -18.096109 -5.347079 -27.587027 -4.254699 35.311245 10.902726 -6.917037 -2.075452 -12.353705 42.930588 -28.790918 -16.516430 -29.969580 4.472646 12.458848 6.575751 7.374350 -4.843558 -22.709249
38.727695 -43.118725 -22.363520 -8.132458 17.460150 -1.877669 2.017081 -0.587797 -1.950835 -13.213936 49.070015 -18.151175 -5.398092 -27.709238 -4.295677 35.538395 10.988503 -6.568524 -2.375647 -11.827508 42.954010 -28.894945 -16.506363 -29.842531 4.644359 12.554680 6.567334 7.854204 -4.811403 -22.486790
39.118778 -43.143925 -22.263292 -8.167897 17.422461 -1.765993 2.366353 -0.007735 -1.980934 -12.977711 49.136551 -18.117416 -5.627730 -27.700304 -4.467734 35.655937 11.224888 -6.180246 -2.710138 -11.096738 42.936146 -28.871483 -16.494795 -29.907366 4.597510 12.565516 6.739723 8.298712 -4.853570 -22.220585
39.048458 -42.780888 -22.617107 -8.018998 17.298489 -1.553158 2.811371 0.779096 -2.182255 -11.134975 49.283161 -18.043812 -6.221329 -27.684826 -4.801053 35.882092 11.455253 -5.869339 -3.090881 -10.091920 43.123280 -28.673151 -16.654430 -29.755663 4.521183 12.520533 6.770279 8.889547 -4.808784 -21.367668
39.328518 -42.289612 -23.046276 -7.944436 16.990669 -1.485554 3.137334 1.416834 -2.438161 -9.486781 49.505505 -17.670544 -6.855651 -27.657785 -5.265441 35.831226 11.856829 -5.579269 -3.329749 -8.901638 43.558453 -28.554079 -16.927692 -29.435719 4.496663 12.075413 7.132308 9.558047 -4.684254 -20.701916
39.430939 -41.750145 -23.220392 -7.864769 16.928905 -1.235384 3.337181 2.242409 -2.626660 -7.725604 49.764103 -17.316347 -7.298705 -27.521885 -5.503427 35.877411 12.340875 -4.849616 -3.664900 -7.344628 43.641827 -28.237383 -17.451750 -29.342726 4.457736 11.537148 7.817968 10.482670 -4.370858 -19.817898
40.314533 -41.461437 -23.295986 -7.742965 16.588963 -1.188253 3.735605 3.149079 -2.725895 -6.626580 50.355637 -16.962877 -7.784851 -27.476198 -6.091166 35.830837 12.957253 -4.030665 -3.919295 -5.977054 43.965485 -28.038082 -18.247154 -29.136112 4.227909 11.162045 8.370862 11.585978 -4.066255 -18.812067
41.280823 -40.945599 -23.316925 -7.623881 16.335056 -1.068958 3.773119 4.145649 -2.832838 -5.330560 50.644577 -16.786072 -8.503663 -27.468073 -6.572012 35.681454 13.572422 -3.077787 -4.147089 -4.555984 43.861752 -27.711586 -19.226980 -28.700670 4.172684 10.949347 8.460240 12.727503 -3.604634 -17.274284
41.872879 -40.374798 -23.369099 -7.509556 16.315533 -1.092827 3.960638 5.202421 -2.825333 -3.980345 50.755772 -16.307081 -9.270205 -27.682543 -7.266916 35.406178 14.018325 -2.373775 -4.466440 -2.962104 43.867275 -27.408302 -20.044674 -28.424431 3.980324 10.676373 8.542394 13.661895 -3.240139 -15.973260
42.400829 -39.899090 -23.460363 -7.321664 16.429340 -1.059081 4.360652 6.506331 -2.741046 -2.516669 50.967377 -15.985161 -10.242685 -27.654629 -7.924357 35.069862 14.532422 -1.259320 -4.602166 -1.158939 43.876900 -27.347635 -21.105173 -27.816521 4.023522 10.269881 8.593927 14.697025 -2.733154 -14.635149
42.684669 -39.311043 -23.565308 -7.230935 16.549162 -1.147431 4.596215 7.346100 -2.624187 -1.523914 50.870842 -15.798272 -11.578222 -27.283945 -8.308072 34.523308 14.747473 -0.530414 -4.188244 0.127230 43.737827 -27.367029 -21.983889 -27.050600 4.380956 9.757168 8.470497 15.206825 -2.299034 -13.678807
42.812614 -38.360771 -23.724689 -6.969088 16.870602 -0.931345 4.353367 8.395618 -2.313722 0.064621 50.855408 -15.337869 -12.720849 -26.964085 -8.739150 34.128437 14.756058 0.380393 -3.859637 1.877036 43.455822 -27.190620 -23.078352 -26.249996 4.505795 9.193952 8.288250 15.777438 -1.709903 -12.346408
43.352116 -37.818230 -23.825462 -6.749950 16.978693 -0.981867 4.482704 9.271154 -1.965008 0.990191 51.131081 -15.053675 -13.602133 -26.620281 -8.959616 33.794167 14.841599 1.167462 -3.449215 3.056329 43.871109 -27.119125 -23.679031 -25.534931 4.650607 8.537592 8.443165 16.284552 -1.432999 -11.433534
43.733387 -37.229763 -23.824417 -6.584382 17.073832 -1.062431 4.546454 10.112488 -1.659007 1.894342 50.988247 -15.071652 -14.399208 -26.086864 -8.824595 33.469696 14.686859 1.774044 -2.946984 4.123136 43.713600 -27.155800 -24.561434 -24.770231 4.874915 7.967854 8.451917 16.688499 -1.020462 -10.311339
44.057705 -36.701874 -23.813673 -6.430603 17.315609 -1.011931 4.520576 10.951899 -1.290455 2.517711 51.165066 -14.920225 -15.070939 -25.755062 -9.011596 33.296673 14.593548 2.428820 -2.468637 5.105177 43.706577 -27.032301 -25.225273 -23.960369 5.100551 7.537302 8.278152 16.933289 -0.583937 -9.469755
44.286926 -36.097759 -23.924141 -6.216197 17.409439 -1.111285 4.553933 11.483406 -0.951531 3.117749 51.080360 -14.753836 -15.463976 -25.551804 -9.074475 33.095097 14.565096 2.727249 -2.094794 5.700173 43.732491 -26.914265 -25.723761 -23.510853 5.096320 7.137288 8.325063 16.995052 -0.320457 -8.882531
44.535004 -35.877647 -23.943218 -6.051261 17.486296 -1.135062 4.530156 11.790690 -0.703353 3.197190 51.074959 -14.701567 -15.628641 -25.320520 -9.058894 32.937553 14.510059 2.812425 -1.811762 5.924672 43.716419 -26.691292 -25.873566 -23.117374 5.306315 6.951812 8.245143 17.068884 -0.095873 -8.587870
44.630466 -35.873703 -23.967600 -6.008534 17.493988 -1.163042 4.560908 11.860974 -0.654057 3.209656 51.105396 -14.666680 -15.622372 -25.307255 -9.074446 32.932610 14.516260 2.848792 -1.791370 5.991831 43.801228 -26.675011 -25.910774 -23.016621 5.346463 6.876402 8.267030 17.073900 -0.024632 -8.574744
44.598019 -35.848362 -23.915073 -6.038502 17.481684 -1.197197 4.607771 11.871466 -0.679731 3.237623 51.120747 -14.671266 -15.548213 -25.306063 -9.078639 32.934769 14.547813 2.859703 -1.823714 5.995567 43.742203 -26.715025 -25.898787 -23.082436 5.320928 6.866761 8.328485 17.102715 -0.076590 -8.556823
44.805355 -35.845196 -23.764555 -6.094802 17.357338 -1.337499 4.817844 11.906054 -0.808759 3.058358 51.508015 -14.583478 -15.122256 -25.336445 -9.187515 32.918797 14.739569 2.872253 -2.103322 5.972818 43.952827 -26.708313 -25.718487 -23.337656 5.020790 6.877581 8.592167 17.121016 -0.310252 -8.570161
45.136879 -35.883293 -23.289738 -6.247980 17.199478 -1.670442 5.126838 11.649273 -1.081259 2.402388 51.908150 -14.356569 -14.352022 -25.353010 -9.253304 32.788857 15.010682 2.704140 -2.461587 5.819074 44.074238 -26.518894 -25.209478 -23.711792 4.809756 6.734692 9.033777 17.009859 -0.662502 -8.792914
45.610455 -35.856411 -22.665012 -6.344150 17.139545 -1.895916 5.460106 11.531013 -1.274412 1.878578 52.310501 -14.077784 -13.348313 -25.456724 -9.218187 32.710224 15.361577 2.712016 -2.905670 5.785849 44.159012 -26.168909 -24.402781 -24.114950 4.846214 6.664497 9.489975 17.290619 -1.098752 -8.797031
45.696583 -35.469616 -21.763800 -6.444347 17.369190 -2.239184 5.794034 11.515006 -1.317743 1.615205 52.919895 -13.392438 -12.274079 -25.670958 -9.339885 32.725979 15.752050 2.928563 -3.355258 5.846100 44.110451 -25.601137 -23.364134 -24.644606 4.940308 6.481664 10.179709 17.749628 -1.619087 -8.829427
46.086601 -35.153660 -20.719208 -6.658130 17.355581 -2.937469 6.633319 11.619986 -1.397977 0.912538 53.665283 -12.857495 -10.923407 -25.657495 -9.352212 32.485741 16.049694 2.985885 -3.813882 5.874179 44.405411 -25.188374 -22.125154 -25.216572 4.748424 6.202428 11.010215 17.893837 -2.358918 -8.855932
46.614582 -34.887955 -19.929523 -6.864492 17.298727 -3.321206 7.351318 11.942486 -1.509236 0.308515 54.288052 -12.323844 -9.786771 -25.571306 -9.237024 32.261898 16.308346 3.085508 -4.151464 5.997303 44.932262 -24.606863 -20.960636 -25.801519 4.364088 6.093853 11.863297 18.013416 -3.051366 -8.917941
46.990177 -34.314083 -18.993528 -7.067613 17.277147 -3.786672 7.831483 11.823034 -1.634776 -0.510751 54.673313 -11.736440 -8.710261 -25.220964 -8.841878 31.732182 16.478497 3.516854 -4.189893 6.522665 44.835014 -23.748333 -19.914017 -26.053513 4.644444 5.785754 12.469880 18.572304 -3.446429 -8.547876
47.615849 -33.478737 -18.739210 -7.158202 16.699238 -4.770651 8.493067 11.520664 -1.606731 -1.384767 55.025677 -10.637896 -7.710139 -24.714117 -8.483513 30.930817 16.559336 3.661761 -3.949067 7.017953 45.095375 -22.843443 -19.159761 -26.311934 4.364058 5.517500 13.013636 18.598194 -3.724306 -8.130172
47.552757 -32.532578 -17.776556 -7.643082 16.468277 -5.848415 9.528527 11.244226 -2.003780 -1.608180 55.043808 -9.589237 -6.674613 -24.247917 -7.901563 30.088341 16.634676 3.950249 -3.839970 8.148112 44.673920 -21.785467 -18.564098 -26.254784 4.816881 4.787900 13.634123 18.947138 -4.018329 -7.179867
47.934155 -31.100372 -16.609129 -7.458857 16.794054 -6.992787 10.396273 11.505561 -2.127378 -0.428967 55.695538 -7.995693 -4.891341 -23.843315 -7.297445 28.998919 16.791729 4.358544 -4.084190 9.519358 44.734333 -20.232176 -18.246042 -26.112490 4.870424 3.709789 14.351561 19.434530 -4.327260 -5.268275
48.223454 -29.525738 -15.298023 -7.421211 17.089027 -7.968017 11.118752 11.627625 -2.580064 0.779253 56.391411 -7.058065 -3.482993 -23.186960 -6.428391 27.910246 16.771370 4.681133 -4.301108 10.428823 44.894806 -18.818419 -17.578766 -26.274298 4.810454 2.864643 15.092366 19.350304 -4.723996 -4.070743
49.011089 -27.503683 -13.738201 -7.572349 17.235495 -9.145194 11.921067 11.379573 -3.179392 1.875122 56.480305 -5.859555 -2.295188 -22.634613 -5.102264 26.092661 16.916704 5.446953 -4.191019 11.856732 45.139969 -17.374672 -17.523602 -26.376043 4.529142 2.350287 15.539691 19.598623 -4.968156 -2.181878
50.264931 -25.584444 -12.758304 -7.473451 17.290813 -10.003094 12.549421 11.337205 -3.626848 2.829599 56.440876 -4.699666 -1.208537 -22.264181 -4.013293 24.153519 17.229364 5.983612 -4.172287 13.240860 44.841244 -15.652010 -17.368681 -26.716545 4.154645 1.514021 16.172285 19.203424 -5.083992 -0.369824
46.144440 -21.359783 -11.705745 -18.205101 9.581242 -14.106374 15.428809 16.130814 1.746821 5.805777 56.119354 -3.456636 -1.444732 -15.367346 2.283440 21.137421 15.657754 5.097409 -7.898774 19.633018 44.011902 -14.590445 -16.625460 -21.857079 9.015621 -0.519936 19.774538 17.222733 -10.337451 6.295765
46.354935 -18.791327 -10.968569 -18.563507 9.476618 -15.296474 16.300642 15.548892 1.466104 6.683983 55.778450 -2.379905 -0.597046 -14.922003 2.807896 19.113150 15.616132 4.771888 -8.557563 21.525677 44.191414 -12.801747 -15.810073 -22.260674 8.828576 -1.658293 21.002300 16.864843 -10.684075 7.409514
46.234306 -16.676094 -10.500320 -18.535839 9.354597 -16.448168 17.774752 15.551277 1.654310 7.784885 55.391975 -1.577528 0.171378 -14.317370 3.247529 17.073011 15.481246 4.161345 -9.059500 23.151218 43.561039 -10.944431 -15.803356 -22.367136 8.792404 -2.830063 22.172884 17.104078 -10.310238 8.964052
45.201244 -14.349204 -10.173007 -18.731977 9.124494 -17.796000 19.347593 15.467103 1.847833 9.658237 54.502327 -0.578676 0.834869 -13.575490 3.423471 14.784845 15.357965 2.857284 -9.778050 25.394377 42.588757 -8.883812 -15.818794 -22.458633 8.577262 -4.322875 22.866121 16.921112 -10.023087 11.017737
44.289444 -11.813838 -10.058186 -18.888206 8.676432 -19.131367 20.765463 15.497031 2.183572 11.993829 53.511925 1.219810 2.002517 -13.045109 4.059137 12.707507 15.727162 2.743047 -9.862495 28.012381 41.122162 -6.517583 -16.115322 -22.439907 8.717972 -6.318666 24.096233 17.242085 -9.568019 13.276429
42.200230 -10.258785 -10.750250 -19.826777 8.587269 -20.444765 23.079586 15.208066 0.731288 14.578557 52.416763 2.970913 2.462579 -14.322565 3.870664 11.890098 18.039320 2.524117 -11.615418 29.402426 38.791702 -6.102562 -17.030567 -23.895205 9.188944 -8.710875 24.961452 16.954918 -12.327829 14.808346
40.856873 -7.929047 -10.546844 -19.999090 8.787681 -21.770580 24.838121 14.792882 0.874259 16.432482 52.199005 5.775515 3.004893 -14.514545 3.310551 10.160937 18.815683 2.068118 -11.236959 30.844410 37.654438 -3.466975 -16.757828 -24.371813 8.873815 -10.500608 26.093651 16.212530 -12.234981 16.417915
40.091160 -6.116030 -10.728445 -20.218216 8.416842 -23.066399 26.073074 14.743526 1.320839 18.051680 51.708508 8.417233 3.218874 -14.719818 2.797241 8.280045 19.582323 2.132053 -10.464270 32.891262 37.493523 -1.667626 -16.053236 -24.670073 8.479771 -12.150738 26.954260 14.756638 -12.355095 17.095217
39.021908 -3.747906 -10.687050 -20.468361 8.414158 -24.172840 26.969028 14.574770 1.658637 19.331919 50.530357 10.772191 2.901394 -14.870120 2.411896 6.346047 20.324755 1.717365 -9.686801 34.431454 36.453098 0.046740 -15.495407 -24.660748 8.712138 -13.839094 27.632122 13.683321 -12.175925 18.064421
38.083504 -1.708974 -10.563683 -20.553619 8.367190 -25.270916 27.422850 13.978779 1.989455 20.410866 49.988216 12.003613 3.068904 -14.754553 2.952018 4.504596 21.554647 2.113715 -8.954438 35.076218 36.226173 1.832518 -14.778151 -24.182564 9.290056 -15.381584 28.356716 13.270932 -11.714131 18.806263
37.372662 -0.433404 -10.626691 -20.624640 8.271432 -26.238756 28.310902 13.544346 2.272565 20.885653 49.464401 12.866923 3.666247 -14.501405 3.557787 2.519413 23.355728 2.375252 -7.809847 35.273197 35.690018 3.656387 -15.012469 -23.862547 9.668880 -16.988831 29.295298 12.867272 -10.708973 19.203627
36.691044 1.076645 -11.110053 -20.613411 7.910303 -27.485291 29.082031 12.807727 2.722008 21.467773 48.557659 13.454743 4.410616 -14.648275 3.595143 0.836465 25.448357 1.899884 -7.223065 35.903847 35.409512 5.608583 -14.721545 -23.479515 10.086071 -18.654030 29.906403 12.116501 -10.132117 20.025343
35.432884 2.506525 -11.591410 -20.354179 7.787345 -28.969486 29.563261 11.601027 3.084579 22.728838 46.916988 14.055879 5.271760 -14.727661 4.021665 -1.022851 27.122717 1.075821 -6.576598 36.444702 34.840454 7.551329 -14.448651 -23.276464 10.418314 -20.144732 30.283163 11.209517 -9.637824 20.867100
34.654633 3.548480 -11.927649 -19.907906 7.810894 -30.431248 30.296597 10.704983 3.484313 23.734007 46.295971 14.222603 6.329372 -14.607342 4.197493 -2.740465 29.229437 0.512005 -5.961053 36.935600 34.658379 9.163083 -13.935937 -23.010010 11.021693 -21.848854 30.816357 10.213449 -9.277157 21.050644
34.598713 4.516553 -12.104863 -19.685898 7.365993 -32.074539 31.081833 9.349140 3.393551 24.100452 45.874039 14.150971 6.917749 -14.233943 4.270955 -4.508810 31.420238 -0.113158 -5.169577 37.452415 34.366180 10.516931 -13.831223 -22.705978 11.243243 -23.517199 31.340279 9.087449 -8.861386 21.479225
34.280247 5.738554 -12.465571 -19.043386 7.258912 -33.745945 31.432920 7.647813 3.743054 24.373566 45.173012 14.197980 8.184999 -13.686875 4.648052 -6.343025 33.045227 -1.433720 -4.681461 37.821312 34.494171 11.695849 -13.756821 -22.464195 11.134999 -24.997746 31.948126 7.947821 -8.525735 21.625008
33.863602 7.166526 -12.616182 -18.407625 7.161208 -35.322559 31.509544 5.690856 4.054743 24.922293 44.150875 14.397309 9.115333 -13.248600 5.275271 -8.225658 34.991611 -2.107700 -3.778796 38.344345 34.462093 13.163477 -13.327015 -21.523279 12.092133 -26.703346 31.874773 6.361798 -7.998580 21.523111
33.059582 8.410681 -12.799994 -17.810123 7.228533 -36.778152 31.405293 3.859637 4.376381 25.550512 42.814869 14.829837 9.569470 -12.922040 5.677740 -10.024434 36.300339 -3.069861 -3.095815 38.683548 33.737743 14.440488 -13.238066 -21.199423 12.613576 -27.828045 31.745710 5.290173 -7.501019 21.701256
32.438187 9.299561 -12.803409 -17.457685 7.187257 -37.873913 31.322149 2.081697 4.530169 25.460924 41.705303 15.207220 10.170267 -12.656593 6.149185 -11.768802 37.566849 -4.486862 -2.575975 38.500080 33.552479 15.121166 -12.790583 -20.798044 13.331409 -28.971878 31.760258 3.943415 -7.479344 21.275723
31.890917 10.279379 -13.045528 -17.345184 6.958758 -38.709084 31.140644 0.717489 4.752899 25.609669 40.349987 15.647199 10.490754 -12.351335 6.784823 -13.320100 38.558262 -5.421082 -1.722936 38.490791 33.031170 15.939590 -12.629086 -19.861410 14.498506 -30.222225 31.186752 2.718224 -6.987785 21.438042
31.318590 10.942714 -13.140994 -17.375105 6.746006 -39.518185 31.204012 -0.603207 4.850406 25.462749 39.121849 15.864366 10.546917 -12.115258 7.258693 -14.601336 39.245281 -6.459123 -1.099248 38.302967 32.464588 16.270182 -12.690580 -19.438681 15.025050 -30.797125 30.936480 1.809949 -6.712699 21.536865
30.877266 11.426929 -13.088293 -17.261465 6.702870 -40.213158 31.014347 -1.899395 4.789637 25.401814 38.362915 15.760283 11.223765 -11.860342 7.787161 -15.601577 40.095013 -7.412801 -0.759941 37.897667 32.177082 16.430103 -12.489105 -19.066490 15.628908 -31.523029 30.897728 0.947195 -6.669265 21.137934
30.487122 11.915894 -13.007258 -17.188463 6.675723 -40.664303 30.766216 -2.927091 4.812361 25.422817 37.687710 15.844454 11.619795 -11.681728 8.203801 -16.412363 40.503296 -8.164810 -0.436932 37.660164 31.797743 16.688215 -12.338063 -18.848852 16.096544 -32.091530 30.792753 0.154671 -6.508444 20.863291
30.165472 12.292571 -12.928220 -17.252779 6.553814 -40.907192 30.625284 -3.577630 4.848340 25.519329 37.261620 15.872842 11.763901 -11.621924 8.425617 -16.887434 40.716282 -8.554257 -0.167742 37.468552 31.611746 16.790709 -12.157025 -18.544344 16.491045 -32.589718 30.588221 -0.427780 -6.396332 20.781816
29.905037 12.405278 -12.871580 -17.271843 6.473811 -41.026611 30.420259 -4.037099 4.755003 25.649874 37.005764 15.707763 11.874168 -11.468983 8.604393 -17.275728 40.941334 -8.824921 -0.002095 37.393570 31.359682 16.879356 -12.078292 -18.375322 16.786438 -32.852882 30.489037 -0.718416 -6.365116 20.854511
29.824665 12.529173 -12.887554 -17.299265 6.436594 -41.087246 30.415571 -4.158628 4.805308 25.653147 36.893311 15.737089 11.872956 -11.456674 8.645266 -17.415335 40.998104 -8.892022 0.098754 37.392883 31.284216 16.945248 -12.098514 -18.354254 16.773886 -32.923653 30.416227 -0.889203 -6.303242 20.895451
