31.918526 15.805742 -17.196653 -10.197800 13.403286 -34.475925 36.992035 -6.474956 -3.622838 21.751734 36.686222 13.162251 9.922817 -30.413969 1.725206 -35.685417 29.020876 0.654389 -4.065755 33.487507 29.945337 10.671866 -2.154057 -9.226001 16.415579 -23.768173 39.910496 -7.662001 2.934112 29.426794
31.754959 15.816942 -17.277073 -10.294097 13.593768 -34.355682 37.108528 -6.135131 -3.545120 21.779127 36.462547 13.352759 9.689139 -30.622118 1.803835 -35.445133 28.796268 1.033497 -4.052577 33.677563 29.766430 10.698198 -2.337539 -9.312628 16.350101 -23.666973 40.081554 -7.445667 3.179139 29.378731
31.403172 15.689880 -17.375839 -10.453443 13.927771 -33.979721 37.143898 -5.522201 -3.406690 21.997156 35.948490 13.553507 9.180261 -30.891464 1.922081 -35.132229 28.360622 1.455870 -3.923728 34.026825 29.385651 10.689554 -2.697807 -9.496819 16.222754 -23.252661 40.316631 -6.984170 3.661015 29.320179
30.892441 15.562706 -17.589048 -10.781983 14.258553 -33.425007 37.320332 -4.671152 -3.121927 22.106167 35.376274 13.851929 8.375598 -31.335556 1.931754 -34.596142 27.821115 2.081287 -3.769701 34.426762 28.907288 10.717320 -3.031927 -9.758508 16.323725 -22.822803 40.619061 -6.259678 4.210702 29.228762
30.267128 15.375163 -17.770519 -11.220036 14.584146 -32.713284 37.654831 -3.583340 -2.826375 22.350294 35.011837 14.049304 7.470894 -31.781717 1.898726 -33.842178 27.231091 2.984047 -3.694498 34.848648 28.291538 10.775605 -3.212663 -10.254307 16.243269 -22.305988 40.914936 -5.646744 4.490671 29.374430
29.387978 15.496039 -18.006187 -11.535293 15.067814 -32.178204 37.869167 -2.828242 -2.408584 22.569849 34.380688 14.276035 6.664279 -32.132893 2.217336 -33.172127 26.618549 4.002250 -3.445857 35.405960 27.174854 11.017626 -3.615985 -10.749999 16.176172 -21.812002 41.291538 -5.178535 5.053605 29.676264
28.272633 15.323579 -18.677834 -11.880801 15.562535 -31.313004 38.004204 -1.673342 -1.783744 22.696501 33.447922 14.680882 5.365248 -32.752304 2.419099 -32.101288 25.865923 5.184641 -2.923046 35.648125 25.773111 11.135079 -4.471207 -11.424931 16.031380 -21.027609 41.527428 -4.367982 5.759577 29.850592
27.048203 15.194884 -19.197165 -12.227059 16.138691 -30.697819 38.175602 -0.833509 -1.100949 22.320108 32.657383 15.199781 4.414239 -33.301418 2.683518 -31.054758 24.991030 6.109974 -2.453099 35.825855 24.333866 11.419189 -5.336461 -12.392459 15.641474 -20.221802 41.842808 -3.532841 6.365022 29.874371
26.039639 14.829257 -19.766392 -12.467470 16.626820 -29.942825 38.446259 0.371952 -0.308991 22.136480 31.911718 15.533966 3.271330 -33.765358 2.817126 -30.018188 24.182035 7.120781 -2.017170 36.120220 23.200312 11.638990 -6.065114 -13.171724 15.259470 -19.449606 42.239086 -2.961208 6.889560 29.697342
24.734039 14.677130 -20.648077 -12.918569 17.144314 -29.153912 38.900444 1.977468 0.465440 22.151407 30.865923 15.823257 1.541817 -34.337475 2.726095 -28.978003 23.383835 8.171034 -1.584501 36.691135 21.720335 11.694362 -7.183470 -14.107476 14.845607 -18.453747 42.718624 -2.139368 7.355421 29.833874
23.752785 14.500808 -21.138443 -13.436028 17.711323 -28.140984 39.064857 3.490029 0.974158 21.914145 29.694788 16.208569 0.262970 -34.838169 2.866436 -27.949396 22.130194 8.839168 -1.432615 37.190212 20.257956 11.618390 -8.238014 -14.921008 14.596349 -17.542320 43.257805 -1.334981 7.935047 30.005007
22.218924 14.341058 -21.314163 -14.053082 18.253559 -27.400576 39.199596 4.538755 1.314309 21.818834 28.504250 16.483055 -0.395729 -35.456696 3.331431 -27.088097 21.208794 9.763776 -1.326035 37.611229 18.623091 11.589219 -8.937400 -15.632911 14.554530 -16.980190 43.846905 -0.660260 8.530992 29.935163
20.900911 14.595480 -21.479757 -14.708679 18.726051 -26.341631 39.094864 5.568566 1.672905 21.932074 27.192450 16.997335 -1.451108 -35.963440 3.485446 -26.334446 20.175522 10.127359 -1.030634 37.957787 17.141520 11.424151 -9.745776 -16.278456 14.555243 -16.212191 44.028660 0.045883 8.931891 29.970284
19.860626 14.838314 -21.566795 -15.495942 19.051088 -25.369928 39.484512 6.727156 1.901619 21.910973 26.257431 17.755146 -2.462885 -36.635265 3.415023 -25.345278 19.174383 10.836267 -0.921015 38.432281 15.875438 11.461850 -10.353691 -16.809429 14.574500 -15.412182 44.271580 0.692294 9.338094 30.079021
19.093969 14.969884 -21.739737 -16.157974 19.196375 -24.574749 39.556065 7.567926 2.229985 21.496506 25.502434 18.277885 -3.377585 -37.240982 3.354433 -24.319904 18.121649 11.601110 -0.854280 38.656216 14.834765 11.671093 -10.576975 -16.940813 14.814280 -14.694229 43.929398 0.990327 9.776638 30.196613
18.229879 15.171025 -22.047699 -16.652264 19.391962 -23.898653 39.537571 8.195407 2.596272 21.091455 24.703468 19.027355 -4.151704 -37.653595 3.352157 -23.527626 17.264330 11.794418 -0.463047 38.516968 13.548908 11.750930 -10.953710 -17.265419 14.877352 -14.316012 43.990429 0.966790 10.088284 30.102934
17.705811 15.339620 -22.068377 -16.932901 19.629692 -23.375479 39.582710 8.660316 2.932313 20.810225 24.364265 19.562412 -4.500317 -37.730762 3.421664 -23.064007 16.759350 11.905137 -0.143873 38.428833 12.726106 11.830601 -11.322224 -17.409876 14.883368 -13.998398 43.949306 1.028676 10.331607 30.105869
17.220366 15.439504 -21.995985 -17.129251 19.920601 -23.008358 39.585888 8.977226 3.190076 20.664286 24.053980 19.892977 -4.648314 -37.848721 3.523274 -22.663322 16.391939 11.975721 -0.015391 38.373131 12.135120 11.892743 -11.645514 -17.617449 14.820259 -13.611588 43.828114 1.131871 10.467350 30.173147
16.940119 15.368199 -21.940405 -17.256981 20.084452 -22.800985 39.661266 9.219580 3.252194 20.553236 23.856472 19.959061 -4.800212 -37.892391 3.586749 -22.415064 16.113018 12.056730 0.047353 38.318520 11.888763 11.823955 -11.830451 -17.750832 14.719615 -13.415355 43.844143 1.265975 10.479121 30.163305
16.821110 15.399116 -22.003269 -17.329889 20.086388 -22.755705 39.700764 9.272700 3.293768 20.535608 23.761005 19.981682 -4.836713 -37.939404 3.615637 -22.374662 16.071869 12.088719 0.049696 38.305229 11.774610 11.808272 -11.873453 -17.801477 14.697449 -13.380076 43.862679 1.295616 10.488290 30.166842
16.831039 14.855072 -20.317194 -17.205669 21.041395 -22.606497 39.533615 9.430582 2.558743 21.344175 23.840048 19.419315 -3.205578 -37.840511 4.560042 -21.565563 15.468194 12.728327 -0.762266 38.798313 11.848049 12.594736 -10.405499 -18.118471 15.145224 -12.518798 43.545628 1.828032 9.945567 30.542772
17.029438 13.155958 -15.312132 -16.774803 23.679031 -21.817318 38.447132 9.422318 0.769950 22.837423 23.939438 18.193840 1.545110 -36.995323 7.342513 -19.308359 13.352566 13.197208 -2.453262 39.326996 12.548951 13.999469 -6.388440 -19.452374 16.149689 -10.323265 42.258804 3.590306 7.644151 31.124500
18.126165 10.239212 -7.766510 -16.958925 26.338221 -20.844448 36.730873 8.465827 -1.922834 22.374201 24.872147 16.177597 8.056684 -36.295914 9.999553 -15.657540 10.336702 12.846118 -5.972626 38.916283 13.768360 14.248243 -0.441097 -20.295891 18.416704 -6.694768 38.841030 5.617340 3.344969 31.698444
18.847950 7.940635 0.276462 -18.105129 28.712673 -18.398140 34.599140 7.622332 -5.386298 21.932283 25.644543 13.222575 13.752564 -35.548229 12.943319 -11.659900 5.752544 11.756102 -9.825019 37.519405 14.892965 12.724879 5.848629 -21.293999 21.318125 -2.862607 34.078743 7.612598 -2.194602 31.380180
18.831701 2.907500 8.855985 -17.074383 33.557751 -14.619707 31.077763 5.921646 -7.283810 19.363798 25.220369 6.748516 19.226795 -34.992985 18.820972 -6.929070 3.818316 13.599540 -11.701015 33.877445 15.301229 9.156310 9.167041 -20.787905 27.517908 -0.568433 29.343370 12.203510 -5.197314 27.515125
16.332308 -4.287891 16.454144 -15.008409 40.196354 -10.460671 27.576962 5.763430 -7.017605 19.699360 21.363794 -3.361630 23.860312 -32.953701 25.321877 -4.314585 7.422717 15.060899 -9.383126 29.499210 14.441694 4.671725 12.974668 -19.410288 34.832085 0.651167 21.552933 14.799500 -10.459666 24.196772
9.857143 -11.167753 20.935209 -13.673286 46.325672 -5.467483 23.972740 5.383255 -4.586035 20.420973 14.167207 -11.300727 27.329096 -29.525099 33.626003 -1.469340 7.493958 15.893467 -5.269397 26.543795 10.116815 0.669475 13.614660 -15.907403 45.073471 -0.153532 13.835662 17.404140 -11.258215 20.398861
3.221983 -11.575968 21.939651 -15.951243 47.551876 -0.454649 23.189465 6.110299 1.470491 17.161003 8.189142 -12.554377 27.697754 -25.838263 40.806595 3.399759 1.660580 15.931640 -0.134955 24.906528 3.914186 -5.401561 14.046092 -11.888714 53.552242 -1.519928 9.722091 15.916546 -8.950552 17.211796
1.694934 -7.952910 21.827757 -20.427013 48.003498 4.352845 23.007795 9.708776 4.974447 9.298532 3.870266 -10.380314 26.632984 -23.195919 45.513062 8.103557 -4.905069 17.005495 7.618905 23.472075 -2.196548 -5.253436 12.662476 -8.407510 58.527481 1.672361 6.474089 17.118261 -2.836046 15.559557
3.555806 -0.607513 20.989655 -22.035936 49.267151 8.872039 16.954306 12.136099 9.249977 3.469039 3.120423 -3.677765 24.353697 -24.046139 45.917393 11.605869 -9.899935 15.795450 10.599215 20.646214 -4.749134 -0.449470 11.020739 -11.917027 56.666443 7.542862 3.075207 16.959011 -0.089453 12.345813
7.313336 8.961274 20.774035 -22.179752 48.983013 11.890013 9.973770 9.582829 11.939147 -0.854406 5.232213 2.960857 22.402491 -24.671906 42.700779 15.678253 -12.483966 9.726447 8.752637 15.207950 -1.524277 3.179398 12.688274 -12.362567 53.324131 12.507504 -0.314604 10.400728 0.878489 8.347217
12.815212 13.086245 17.527744 -19.990635 45.634071 13.495854 2.920090 5.421077 12.522778 -1.596208 9.092863 9.867873 18.599066 -26.097620 37.851009 19.852678 -14.426775 4.106785 4.628086 11.673572 -0.054248 3.558532 12.422410 -16.696871 46.253544 15.226161 -2.018252 5.614546 -0.446699 7.470114
19.166946 13.026092 15.301422 -16.521435 41.249603 14.806787 -4.430398 1.013306 12.218555 1.461732 13.627155 16.291346 13.080071 -27.940311 30.449036 23.509945 -14.900298 -0.767727 2.492664 8.716719 3.822305 5.329448 11.459558 -21.380346 35.204838 21.154726 -2.902915 0.722515 -1.520492 8.662792
26.195341 13.000002 12.866711 -14.032296 36.669060 15.756054 -11.371182 -1.459872 11.872255 5.317874 19.065948 19.762169 6.642851 -26.600689 23.483664 24.858957 -13.916658 -6.187057 1.285160 8.387248 10.709682 4.604423 11.695165 -23.467865 25.802002 23.871490 -3.713681 -3.626637 -3.423094 11.199512
32.282635 10.680490 12.751109 -11.710706 34.206841 15.578885 -15.882318 -5.045760 10.426567 4.760667 24.081444 22.365128 2.958718 -26.005405 17.542122 24.722464 -12.967006 -12.974011 -1.452079 6.465649 16.657167 4.519521 13.987371 -23.566782 21.501556 23.437939 -3.489137 -8.329162 -4.763120 10.903693
37.065601 7.072067 13.578815 -10.388255 31.901842 14.079718 -20.166679 -9.252130 9.025684 3.537935 27.922270 25.160351 3.223448 -26.192348 12.893135 25.084349 -13.845329 -20.359333 -4.339871 3.977856 22.878134 5.304621 18.838684 -23.770763 19.855822 22.729191 -4.921550 -12.926346 -7.229732 10.818691
40.437031 5.919441 15.153697 -10.498713 28.601187 11.650590 -23.485149 -14.832954 6.085940 2.686800 30.835091 25.297644 4.467528 -24.752523 9.434342 22.851681 -15.236432 -27.341410 -5.529948 2.188624 28.591106 7.467844 23.407618 -24.944157 18.470894 21.998182 -5.983627 -16.615309 -10.187132 9.882419
44.303860 5.425322 17.073458 -11.702498 25.459101 10.003698 -24.932678 -17.311930 4.535592 -0.155629 34.706146 24.915323 5.670554 -23.700918 5.912642 21.026009 -15.881561 -32.743835 -7.662130 0.790224 32.168030 8.877189 27.813246 -26.194475 16.907915 21.720150 -6.017300 -19.822165 -12.398726 9.283115
46.406635 6.750583 18.765678 -12.519498 24.215071 9.603969 -25.827641 -17.643602 4.345286 -1.978413 36.869648 25.470905 5.815743 -22.771597 4.758423 20.357964 -16.527636 -35.345398 -9.812311 1.043721 34.187801 9.295959 29.445776 -27.498983 15.207896 22.042049 -5.602879 -21.188198 -14.252625 8.785345
47.250553 7.110387 18.860882 -12.550289 23.596212 9.232653 -26.082548 -17.989264 4.203202 -2.669892 37.545475 25.704107 6.031574 -22.697918 4.108266 19.875786 -16.692123 -36.375797 -10.373450 1.050944 34.853512 9.048616 29.598373 -27.989922 14.374437 21.802353 -5.088239 -21.570820 -14.828045 8.880771
47.109158 6.945695 18.983507 -12.481340 23.902422 9.526332 -26.363365 -17.826702 4.170932 -2.426441 37.292183 25.447918 5.901643 -22.619259 4.326561 20.079390 -16.773706 -36.201660 -10.270462 0.980870 34.673107 8.888862 29.639347 -27.786121 14.678672 21.971006 -5.349015 -21.559582 -14.649926 8.683332
47.073135 7.066647 19.810856 -12.505103 24.632694 10.103447 -27.127844 -17.510374 3.894864 -1.708410 36.488297 25.319038 5.732383 -22.511314 4.838546 20.667046 -17.203594 -35.799873 -10.242924 1.307582 34.102390 9.031368 30.187845 -27.243689 15.741117 22.174965 -6.018482 -21.336815 -14.440405 8.894454
46.928993 7.245453 19.916519 -12.376964 25.281252 11.056379 -28.171572 -16.953300 3.925143 -0.455691 35.307922 25.622953 5.617628 -22.719028 5.236007 22.171877 -18.630901 -34.996025 -9.733239 1.765407 33.118568 9.032868 30.283667 -27.208128 16.239126 22.987089 -6.711716 -20.609699 -14.132437 9.621281
45.917908 7.412603 19.731075 -11.906919 26.478434 12.424155 -29.554310 -16.265118 4.163193 1.132104 32.970512 25.934227 5.021206 -22.582434 6.627599 23.523167 -19.982464 -34.040848 -9.250035 3.021554 32.087833 8.842373 29.732452 -26.875942 16.587683 24.419746 -7.949982 -19.907328 -13.882635 10.722589
44.526985 7.776939 19.568243 -11.245584 27.954378 13.783098 -30.480579 -15.402593 4.753445 2.819727 31.646082 26.031609 4.006153 -22.558819 7.706620 25.118263 -21.215483 -32.689049 -8.651765 4.375135 31.103098 8.010802 28.575542 -26.165277 17.422194 25.701847 -8.944742 -18.672243 -13.286812 11.126742
44.487488 8.200974 19.812805 -10.318350 29.134407 15.673194 -31.855202 -13.848239 4.934483 5.173741 31.049856 26.132502 3.605814 -22.074705 9.214196 27.150053 -23.216906 -31.361347 -9.051469 6.200621 29.813734 7.980546 28.207241 -25.279799 18.584457 27.903746 -11.032177 -17.246748 -12.963288 12.468129
44.256512 8.712352 20.566181 -9.493290 30.774897 17.477123 -33.186028 -12.105355 5.493495 6.907538 29.940819 26.212021 2.879967 -21.360252 10.961769 29.127922 -25.368711 -29.173523 -8.689433 8.045341 28.810345 7.382643 27.316452 -23.787363 19.766356 29.944836 -12.788946 -15.997751 -11.707740 12.572486
42.842220 9.304238 21.451191 -9.660312 31.941545 18.908150 -33.673042 -10.585491 5.730486 8.750918 28.319340 26.126463 2.243904 -20.871138 12.314175 30.724714 -27.173195 -27.114765 -7.857008 9.792365 27.444904 6.764705 26.858692 -22.826130 20.947201 31.644632 -14.353778 -13.988217 -10.810942 13.325812
41.144341 10.504711 23.261580 -9.318851 34.095451 20.000788 -34.322224 -9.268489 6.524074 10.445462 26.863573 25.706808 2.193416 -19.982965 14.097178 32.483932 -29.995920 -25.306925 -7.657864 11.496961 26.325966 6.101955 25.887863 -21.809425 22.260588 33.729427 -16.315317 -11.609078 -10.068065 14.370875
39.362949 11.078636 26.390532 -9.145137 37.129807 20.889187 -35.484692 -9.141800 6.511930 11.045439 24.755171 24.497278 3.086907 -19.370363 16.313482 33.688572 -32.343376 -24.189213 -7.851456 12.797879 24.661760 5.519459 26.083572 -21.418974 24.269390 35.589622 -18.312431 -9.544811 -9.230444 14.293896
37.725872 10.663718 29.278408 -9.103824 39.299984 21.149977 -35.779202 -9.764376 6.089257 11.207345 23.109703 23.420687 4.510738 -19.133488 17.861729 34.684410 -33.938976 -23.541075 -8.356402 13.467233 22.803499 5.741309 27.582737 -21.065123 26.708363 36.079891 -19.246416 -8.394031 -8.536353 13.652750
35.468842 11.076075 33.180309 -9.316149 41.833656 20.492260 -35.005482 -10.603433 5.750322 11.585876 21.081808 23.355234 7.057475 -18.943539 20.203754 34.957661 -35.161522 -22.725487 -8.724996 14.716469 20.950241 7.222307 29.757685 -20.538750 29.948551 35.545689 -19.682312 -7.422076 -7.985619 13.297902
33.666641 11.563767 36.275990 -9.627481 43.816231 19.856770 -34.271473 -11.009823 5.604760 11.350016 19.318066 23.414549 9.400515 -18.683994 22.712038 35.184368 -36.563251 -22.357681 -8.527461 15.375593 19.384352 8.672061 31.265556 -19.329189 33.331863 35.064198 -20.737146 -6.094749 -7.100902 13.423683
32.548870 12.289022 39.872620 -9.356325 46.207481 19.306873 -34.133846 -11.335109 5.488492 11.791591 17.946535 23.737316 11.894995 -18.107426 25.183222 35.499119 -38.195557 -22.291628 -8.365989 15.938035 18.011009 10.307986 32.949333 -18.058035 36.289997 34.326027 -21.246279 -5.366648 -6.642213 14.035886
32.104378 11.250328 41.172604 -8.775410 47.291374 19.241472 -34.067539 -11.053791 5.686600 12.096027 17.832144 23.001177 12.951368 -17.337652 26.460407 36.084873 -39.447800 -21.382927 -7.714870 16.038836 18.209146 10.859808 34.058945 -16.534697 38.090481 34.766869 -22.571581 -4.725952 -5.944845 14.431733
31.419626 11.177351 42.580460 -8.365108 48.624172 19.161917 -33.856007 -10.577732 6.153426 12.531093 17.307226 22.519724 13.907472 -16.460743 27.915022 36.073814 -40.272255 -20.838923 -6.990993 16.473185 17.933872 12.143640 35.118755 -15.232101 40.402020 34.817265 -23.672504 -4.067242 -5.207470 14.939269
30.781837 10.887675 43.956905 -8.064364 49.870113 19.107872 -33.789230 -10.331948 6.335629 12.863946 17.076160 22.314989 14.633929 -15.909646 28.817497 36.275269 -41.055317 -20.456167 -6.578937 16.775465 17.801601 12.710784 35.947945 -14.446109 42.033264 34.791187 -24.388029 -3.446335 -4.873271 15.076228
31.117350 9.583246 43.927322 -7.512339 50.053940 19.290134 -34.163532 -10.132799 6.634416 12.721662 17.613441 21.533340 14.392746 -15.147953 29.113905 36.651520 -41.774189 -19.893064 -6.007344 16.649881 18.725031 12.554770 36.206005 -13.668502 42.446857 35.717148 -25.680395 -2.874397 -4.365517 14.867862
30.560596 9.530048 44.623672 -7.458465 50.668198 19.185774 -33.881226 -9.832370 6.808212 12.994860 17.250744 21.335360 14.910585 -14.940936 29.581152 36.509586 -41.865639 -19.702044 -5.707158 16.862741 18.632244 13.181503 36.951225 -13.365126 43.432289 35.844238 -26.199409 -2.415669 -4.289036 15.203378
30.453144 9.600804 44.717186 -7.425329 50.820213 19.186939 -33.802147 -9.659802 6.940375 13.041742 17.169014 21.371767 14.993738 -14.867022 29.704832 36.454662 -41.877632 -19.636612 -5.559226 16.902723 18.543985 13.394732 37.036827 -13.236370 43.652042 35.801208 -26.216227 -2.275971 -4.188425 15.292303
30.453144 9.600804 44.717186 -7.425329 50.820213 19.186939 -33.802147 -9.659802 6.940375 13.041742 17.169014 21.371767 14.993738 -14.867022 29.704832 36.454662 -41.877632 -19.636612 -5.559226 16.902723 18.543985 13.394732 37.036827 -13.236370 43.652042 35.801208 -26.216227 -2.275971 -4.188425 15.292303
30.453642 9.601737 44.716461 -7.425183 50.819817 19.187128 -33.801868 -9.658998 6.941319 13.041105 17.169226 21.371923 14.993778 -14.866703 29.705391 36.454559 -41.877800 -19.635883 -5.558467 16.902477 18.543985 13.394732 37.036827 -13.236370 43.652042 35.801208 -26.216227 -2.275971 -4.188425 15.292303
30.453642 9.601737 44.716461 -7.425183 50.819817 19.187128 -33.801868 -9.658998 6.941319 13.041105 17.169226 21.371923 14.993778 -14.866703 29.705391 36.454559 -41.877800 -19.635883 -5.558467 16.902477 18.543985 13.394732 37.036827 -13.236370 43.652042 35.801208 -26.216227 -2.275971 -4.188425 15.292303
30.453144 9.600804 44.717186 -7.425329 50.820213 19.186939 -33.802147 -9.659802 6.940375 13.041742 17.169014 21.371767 14.993738 -14.867022 29.704832 36.454662 -41.877632 -19.636612 -5.559226 16.902723 18.543985 13.394732 37.036827 -13.236370 43.652042 35.801208 -26.216227 -2.275971 -4.188425 15.292303
30.453642 9.601737 44.716461 -7.425183 50.819817 19.187128 -33.801868 -9.658998 6.941319 13.041105 17.169226 21.371923 14.993778 -14.866703 29.705391 36.454559 -41.877800 -19.635883 -5.558467 16.902477 18.543985 13.394732 37.036827 -13.236370 43.652042 35.801208 -26.216227 -2.275971 -4.188425 15.292303
30.454016 9.601632 44.717403 -7.424977 50.820442 19.187326 -33.802826 -9.659376 6.940866 13.041497 17.169365 21.371660 14.994041 -14.866442 29.705368 36.454647 -41.878193 -19.636534 -5.559258 16.902895 18.543993 13.394845 37.037041 -13.236448 43.651955 35.801510 -26.216267 -2.275834 -4.188488 15.292426
30.444893 9.597892 44.711117 -7.438582 50.805431 19.188326 -33.794403 -9.661993 6.929007 13.041226 17.165203 21.359442 14.993800 -14.865783 29.707090 36.446125 -41.871239 -19.633835 -5.559213 16.903711 18.544270 13.395736 37.037727 -13.236453 43.652496 35.802650 -26.217529 -2.275287 -4.188830 15.293776
30.453144 9.600804 44.717186 -7.425329 50.820213 19.186939 -33.802147 -9.659802 6.940375 13.041742 17.169014 21.371767 14.993738 -14.867022 29.704832 36.454662 -41.877632 -19.636612 -5.559226 16.902723 18.543985 13.394732 37.036827 -13.236370 43.652042 35.801208 -26.216227 -2.275971 -4.188425 15.292303
30.453144 9.600804 44.717186 -7.425329 50.820213 19.186939 -33.802147 -9.659802 6.940375 13.041742 17.169014 21.371767 14.993738 -14.867022 29.704832 36.454662 -41.877632 -19.636612 -5.559226 16.902723 18.543985 13.394732 37.036827 -13.236370 43.652042 35.801208 -26.216227 -2.275971 -4.188425 15.292303
30.453144 9.600804 44.717186 -7.425329 50.820213 19.186939 -33.802147 -9.659802 6.940375 13.041742 17.169014 21.371767 14.993738 -14.867022 29.704832 36.454662 -41.877632 -19.636612 -5.559226 16.902723 18.543985 13.394732 37.036827 -13.236370 43.652042 35.801208 -26.216227 -2.275971 -4.188425 15.292303
30.453144 9.600804 44.717186 -7.425329 50.820213 19.186939 -33.802147 -9.659802 6.940375 13.041742 17.169014 21.371767 14.993738 -14.867022 29.704832 36.454662 -41.877632 -19.636612 -5.559226 16.902723 18.543985 13.394732 37.036827 -13.236370 43.652042 35.801208 -26.216227 -2.275971 -4.188425 15.292303
30.453144 9.600804 44.717186 -7.425329 50.820213 19.186939 -33.802147 -9.659802 6.940375 13.041742 17.169014 21.371767 14.993738 -14.867022 29.704832 36.454662 -41.877632 -19.636612 -5.559226 16.902723 18.543985 13.394732 37.036827 -13.236370 43.652042 35.801208 -26.216227 -2.275971 -4.188425 15.292303
30.453144 9.600804 44.717186 -7.425329 50.820213 19.186939 -33.802147 -9.659802 6.940375 13.041742 17.169014 21.371767 14.993738 -14.867022 29.704832 36.454662 -41.877632 -19.636612 -5.559226 16.902723 18.543985 13.394732 37.036827 -13.236370 43.652042 35.801208 -26.216227 -2.275971 -4.188425 15.292303
30.453144 9.600804 44.717186 -7.425329 50.820213 19.186939 -33.802147 -9.659802 6.940375 13.041742 17.169014 21.371767 14.993738 -14.867022 29.704832 36.454662 -41.877632 -19.636612 -5.559226 16.902723 18.543985 13.394732 37.036827 -13.236370 43.652042 35.801208 -26.216227 -2.275971 -4.188425 15.292303
27.967772 11.224633 40.879032 -15.784674 51.283783 15.759882 -35.028751 -5.014406 -2.867743 9.757881 15.111900 17.273401 10.809473 -19.864428 32.470741 27.546183 -45.486809 -19.011951 -16.673395 16.216404 17.501976 15.276297 38.810612 -13.627610 39.762241 40.462734 -20.275093 -3.376295 1.271090 15.600540
27.967772 11.224633 40.879032 -15.784674 51.283783 15.759882 -35.028751 -5.014406 -2.867743 9.757881 15.111900 17.273401 10.809473 -19.864428 32.470741 27.546183 -45.486809 -19.011951 -16.673395 16.216404 17.501976 15.276297 38.810612 -13.627610 39.762241 40.462734 -20.275093 -3.376295 1.271090 15.600540
27.967772 11.224633 40.879032 -15.784674 51.283783 15.759882 -35.028751 -5.014406 -2.867743 9.757881 15.111900 17.273401 10.809473 -19.864428 32.470741 27.546183 -45.486809 -19.011951 -16.673395 16.216404 17.501976 15.276297 38.810612 -13.627610 39.762241 40.462734 -20.275093 -3.376295 1.271090 15.600540
27.967772 11.224633 40.879032 -15.784674 51.283783 15.759882 -35.028751 -5.014406 -2.867743 9.757881 15.111900 17.273401 10.809473 -19.864428 32.470741 27.546183 -45.486809 -19.011951 -16.673395 16.216404 17.501976 15.276297 38.810612 -13.627610 39.762241 40.462734 -20.275093 -3.376295 1.271090 15.600540
27.967772 11.224633 40.879032 -15.784674 51.283783 15.759882 -35.028751 -5.014406 -2.867743 9.757881 15.111900 17.273401 10.809473 -19.864428 32.470741 27.546183 -45.486809 -19.011951 -16.673395 16.216404 17.501976 15.276297 38.810612 -13.627610 39.762241 40.462734 -20.275093 -3.376295 1.271090 15.600540
27.915386 10.361030 41.373306 -15.603969 51.795433 16.319416 -35.043049 -4.710372 -2.803201 10.456173 15.253106 16.918056 10.607698 -20.226013 31.934534 27.778194 -45.609188 -19.191570 -17.373274 16.332575 17.077360 14.136084 38.553577 -13.548883 39.711460 40.787170 -19.531250 -2.970704 1.676611 15.585905
27.943531 10.216060 41.574326 -15.477948 51.857105 16.494940 -34.873825 -4.648600 -2.542190 10.487855 15.316017 16.857872 10.727617 -20.042662 32.005680 27.925791 -45.445942 -19.045191 -17.059937 16.360933 17.114059 14.176731 38.635303 -13.432544 39.769894 40.930733 -19.414436 -2.904217 1.913380 15.572984
27.917692 10.254575 41.465328 -15.480944 51.881939 16.410187 -34.883221 -4.631760 -2.531201 10.410949 15.262604 16.943045 10.644268 -20.168152 31.946991 27.873878 -45.461563 -19.078432 -17.131918 16.329679 17.103310 14.186657 38.618805 -13.505497 39.743351 40.915455 -19.484919 -2.933812 1.808830 15.576898
27.894464 10.323645 41.351841 -15.553499 51.821407 16.321465 -34.896984 -4.638806 -2.647575 10.372985 15.221457 16.903471 10.592874 -20.196606 31.931625 27.757860 -45.491932 -19.139217 -17.225653 16.338211 17.093559 14.174989 38.572895 -13.505584 39.733875 40.859138 -19.458721 -2.939945 1.815734 15.551091
27.893799 10.322393 41.372562 -15.574808 51.808456 16.345793 -34.901337 -4.647586 -2.660927 10.380064 15.213461 16.894346 10.578420 -20.214430 31.909306 27.764124 -45.493828 -19.149195 -17.256386 16.352346 17.093237 14.166316 38.568134 -13.505147 39.732590 40.851109 -19.455317 -2.943429 1.816629 15.550305
27.894260 10.322535 41.373264 -15.574035 51.809353 16.345966 -34.902004 -4.647568 -2.660518 10.380236 15.213260 16.892803 10.578902 -20.213089 31.909979 27.763515 -45.494232 -19.149591 -17.256140 16.353537 17.092644 14.164035 38.568447 -13.504701 39.734142 40.850670 -19.457008 -2.943099 1.814553 15.552222
27.893667 10.323318 41.374104 -15.582065 51.798168 16.350368 -34.895897 -4.651604 -2.664332 10.382627 15.212982 16.879129 10.583957 -20.207430 31.913984 27.764069 -45.495647 -19.152706 -17.261364 16.358395 17.093855 14.168624 38.569828 -13.508849 39.727436 40.853367 -19.453915 -2.946545 1.815291 15.550601
27.894789 10.325200 41.376053 -15.581805 51.799721 16.351336 -34.897778 -4.650496 -2.665074 10.383143 15.213399 16.880196 10.584154 -20.205902 31.915649 27.762770 -45.497303 -19.151873 -17.259882 16.358801 17.094320 14.171086 38.570080 -13.508662 39.728996 40.854477 -19.455809 -2.944549 1.815704 15.550650
27.894329 10.325077 41.376472 -15.580851 51.799667 16.351927 -34.897175 -4.650774 -2.662874 10.382946 15.212999 16.880987 10.583834 -20.205727 31.914450 27.762955 -45.495548 -19.152388 -17.257042 16.358416 17.094259 14.171606 38.569607 -13.508251 39.729053 40.854187 -19.455582 -2.944007 1.816489 15.550714
27.906883 10.346653 41.388634 -15.617763 51.775867 16.377821 -34.886345 -4.643124 -2.677552 10.381029 15.213599 16.850504 10.593683 -20.169643 31.934931 27.735704 -45.529869 -19.174250 -17.275671 16.388744 17.102301 14.191778 38.584015 -13.506807 39.726959 40.882431 -19.454306 -2.942283 1.835210 15.556092
27.904627 10.334225 41.376347 -15.588676 51.791225 16.355318 -34.904312 -4.656776 -2.671577 10.384220 15.216597 16.883354 10.589665 -20.196108 31.916954 27.761309 -45.510189 -19.166842 -17.263313 16.367525 17.103071 14.197377 38.582073 -13.508183 39.728104 40.881889 -19.457321 -2.937896 1.833672 15.554040
27.904936 10.334896 41.379780 -15.590133 51.790665 16.357969 -34.905685 -4.658271 -2.672671 10.385687 15.216398 16.885622 10.590290 -20.197136 31.914913 27.764263 -45.509521 -19.168873 -17.263229 16.367735 17.102884 14.197746 38.580761 -13.508373 39.728683 40.880428 -19.457514 -2.936944 1.833586 15.553156
27.902163 10.334020 41.374157 -15.588563 51.794674 16.353027 -34.902935 -4.652177 -2.671084 10.383706 15.218922 16.887772 10.593166 -20.192816 31.920763 27.762424 -45.510696 -19.164865 -17.255966 16.364553 17.102884 14.197746 38.580761 -13.508373 39.728683 40.880428 -19.457514 -2.936944 1.833586 15.553156
27.902510 10.334350 41.373295 -15.587596 51.794239 16.352453 -34.903488 -4.653569 -2.670431 10.383383 15.219148 16.890669 10.592176 -20.194466 31.920296 27.762243 -45.510403 -19.163986 -17.255438 16.362755 17.103493 14.197820 38.581657 -13.507653 39.729790 40.880569 -19.458057 -2.936821 1.833329 15.553466
27.902641 10.334694 41.373608 -15.587517 51.794693 16.352255 -34.904018 -4.653921 -2.670467 10.383083 15.219599 16.891695 10.592452 -20.194628 31.920311 27.761538 -45.511700 -19.165142 -17.256462 16.362534 17.103493 14.197820 38.581657 -13.507653 39.729790 40.880569 -19.458057 -2.936821 1.833329 15.553466
27.901155 10.332025 41.382214 -15.591300 51.782078 16.368725 -34.889435 -4.654609 -2.659909 10.382156 15.216091 16.869543 10.590313 -20.188276 31.918333 27.763092 -45.507133 -19.162428 -17.258362 16.376143 17.101105 14.193501 38.582394 -13.501906 39.729637 40.882435 -19.456173 -2.937458 1.837960 15.558299
27.909395 10.345549 41.381268 -15.604598 51.768646 16.369062 -34.896538 -4.660444 -2.679240 10.386194 15.218305 16.861961 10.599885 -20.175825 31.928108 27.758358 -45.522297 -19.176088 -17.268230 16.382008 17.102934 14.200357 38.585472 -13.504248 39.727741 40.885616 -19.456404 -2.940777 1.837252 15.556169
27.905458 10.341295 41.376919 -15.602644 51.768093 16.365639 -34.890480 -4.659799 -2.677272 10.386278 15.215831 16.859804 10.596251 -20.176670 31.925829 27.755262 -45.514874 -19.173994 -17.264025 16.381464 17.102936 14.195804 38.585274 -13.503871 39.726837 40.884293 -19.455311 -2.940726 1.837411 15.555882
27.898182 10.331035 41.374157 -15.587127 51.795219 16.356998 -34.898682 -4.649087 -2.664588 10.381827 15.213770 16.880514 10.587101 -20.194803 31.915850 27.760897 -45.504734 -19.163450 -17.255939 16.369003 17.103783 14.191371 38.584854 -13.507193 39.728333 40.881374 -19.456295 -2.937957 1.832536 15.556177
27.897867 10.331011 41.373970 -15.587904 51.794788 16.356768 -34.897987 -4.648784 -2.664913 10.381648 15.214066 16.882605 10.586699 -20.196360 31.915174 27.762045 -45.504475 -19.162800 -17.255898 16.368017 17.103729 14.191726 38.584732 -13.507932 39.728180 40.881958 -19.457441 -2.937845 1.831864 15.556153
27.898140 10.330167 41.375038 -15.588157 51.793476 16.357174 -34.898052 -4.651611 -2.666632 10.382793 15.214528 16.879141 10.587117 -20.195271 31.915264 27.761885 -45.502945 -19.162727 -17.256025 16.368303 17.104229 14.191850 38.583706 -13.508224 39.728432 40.880459 -19.457602 -2.937115 1.831429 15.555132
