3.649449 14.328991 -6.999356 2.950480 -10.844332 -15.407351 7.775684 21.984516 13.652207 16.389214 -16.676632 -28.378834 15.693933 -5.822249 -0.061445 -12.642330 7.259354 17.628477 -0.440098 -8.572219 -12.287291 -16.050638 13.888123 25.582739 -0.864386 -10.191767 2.841632 31.903959 0.456141 -19.708038
3.316871 14.093536 -6.973529 2.621116 -10.766853 -15.426600 7.834311 22.128216 13.647655 16.494587 -16.339342 -28.443970 15.881184 -5.774265 -0.064583 -12.628520 7.397668 17.525309 -0.387014 -8.564313 -12.105680 -16.119623 14.030984 25.377089 -0.931366 -10.020054 2.832604 31.724648 0.286700 -20.004623
2.981717 13.882870 -7.008690 2.386830 -10.719321 -15.478609 7.920697 22.346138 13.614951 16.735279 -16.228697 -28.509758 16.218243 -5.581274 -0.090230 -12.550393 7.516611 17.477850 -0.289766 -8.516809 -11.920648 -16.176180 14.264387 25.353605 -1.128405 -9.703981 2.800217 31.348057 0.047625 -20.567400
2.578098 13.537491 -6.946215 1.887676 -10.626611 -15.528803 7.910984 22.489027 13.568471 16.936930 -15.981878 -28.732193 16.468256 -5.614467 -0.058205 -12.403485 7.514606 17.370884 -0.229755 -8.514413 -11.511878 -16.419088 14.818151 24.894163 -1.261631 -9.265724 2.740854 30.668623 -0.420925 -21.244242
1.866401 13.043606 -6.866011 1.753127 -10.538964 -15.501208 8.087844 22.674772 13.736251 16.896833 -15.672417 -29.029320 16.867893 -5.590964 -0.086268 -12.287613 7.671957 17.237339 -0.136399 -8.455142 -11.045226 -16.948097 15.251212 24.406061 -1.481131 -8.902054 2.613930 29.957222 -0.838567 -22.095957
1.033192 12.367598 -6.792780 1.363627 -10.427189 -15.543809 8.150193 22.862921 13.897104 16.692163 -15.319424 -29.088722 17.305206 -5.403097 -0.209587 -12.113067 8.025156 17.003820 0.034306 -8.606040 -10.495012 -17.202011 15.880952 23.571510 -1.675282 -8.519121 2.522025 29.194098 -1.270384 -22.844049
0.231619 11.867062 -6.807433 1.175507 -10.453459 -15.474321 8.098995 22.920273 14.036325 16.426975 -14.729431 -29.254629 17.581587 -5.341526 -0.247742 -11.958643 8.287017 16.752056 0.101464 -8.704215 -9.927665 -17.543524 16.206629 22.882128 -1.926997 -8.110241 2.481946 28.519421 -1.711529 -23.660727
-0.458240 11.396902 -6.854714 0.567119 -10.369698 -15.489046 7.998660 23.012514 14.153120 16.178936 -13.783611 -29.456762 17.970718 -5.419091 -0.204160 -11.806414 8.604915 16.412359 0.101924 -8.604581 -9.244498 -17.598295 16.506590 22.256483 -2.278811 -7.768170 2.433692 27.815434 -2.432188 -24.506186
-1.548203 10.614395 -7.408560 0.428481 -10.355424 -15.718630 7.995625 23.427376 14.685682 15.457970 -13.091663 -29.687227 18.340260 -5.369540 -0.515723 -11.538695 9.109786 16.034098 0.001930 -8.621713 -8.360382 -18.068062 16.863840 21.571636 -2.611729 -7.236900 2.452041 26.938061 -3.158129 -25.563637
-2.520714 10.092727 -7.640405 0.133916 -10.326567 -15.752268 8.104123 23.724625 15.092883 14.803274 -12.479637 -29.876747 18.724312 -5.197178 -0.760035 -11.327151 9.577085 15.741022 0.093444 -8.669738 -7.848053 -18.469645 16.739126 20.608503 -2.858347 -7.313116 2.417537 26.199604 -3.148784 -25.792933
-3.426297 9.730173 -7.640478 -0.122811 -10.273638 -15.555679 8.233695 23.748711 15.507847 14.072011 -11.612427 -29.961622 19.166901 -5.011818 -1.004234 -11.128767 10.094043 15.385129 0.054623 -8.558552 -6.834443 -19.406424 17.043051 20.366606 -3.783399 -6.705130 2.442850 24.458614 -3.875245 -27.079741
-4.452189 9.120852 -7.719184 -0.268262 -10.265549 -15.455085 8.318803 23.859104 15.921711 13.471994 -10.979408 -30.136862 19.507795 -5.031766 -1.333894 -10.618192 10.542233 14.895323 -0.107531 -8.474214 -5.763344 -20.947313 17.468447 21.487345 -5.753913 -5.589274 2.594761 21.635841 -4.380821 -29.155539
-5.246526 9.036617 -7.726949 -0.823149 -10.250774 -15.131929 8.417584 23.869904 16.088675 13.204610 -10.401371 -30.509821 19.753922 -5.170533 -1.582979 -9.961705 10.817548 14.423664 -0.245328 -8.427505 -5.325216 -21.743582 17.724594 21.763386 -6.536506 -5.276432 2.713926 20.271608 -4.511468 -29.561296
-6.195256 8.765036 -8.050371 -1.229875 -10.211282 -15.000130 8.501992 24.029400 16.492573 12.577222 -9.876110 -30.843590 20.075104 -5.236345 -1.885130 -9.403857 11.089898 14.037663 -0.405615 -8.323606 -4.843068 -22.750704 17.935343 22.236780 -7.553702 -5.018333 2.624419 18.644165 -4.736331 -30.410788
-7.273661 8.483311 -7.991302 -1.059835 -10.278738 -14.526640 8.774537 23.950077 16.930290 12.107675 -9.399038 -30.871878 20.328751 -5.238321 -2.146204 -9.059190 11.407708 13.752292 -0.595863 -8.264386 -4.371128 -23.578444 18.298874 22.492033 -8.313221 -4.793963 2.643680 17.133970 -5.184356 -30.893919
-7.933865 8.357105 -8.065666 -1.168673 -10.340010 -14.331664 8.851352 23.986435 17.163595 11.785435 -8.933990 -31.087513 20.688522 -5.104977 -2.406859 -8.834208 11.717635 13.492141 -0.698430 -8.141412 -3.898059 -23.868380 18.511333 22.608269 -8.728594 -4.683435 2.731859 16.278116 -5.845435 -31.128944
-8.180962 8.368085 -7.998106 -1.206980 -10.389752 -14.110038 8.924193 23.914574 17.281691 11.630956 -8.788158 -31.217974 20.902870 -5.052336 -2.693302 -8.622118 11.924191 13.155934 -0.777832 -8.189799 -3.436704 -24.351023 18.580652 22.510900 -9.217110 -4.644658 2.803494 15.337664 -6.297411 -31.314058
-8.475529 8.316048 -8.166491 -1.183318 -10.432322 -14.031593 8.954219 23.957273 17.471878 11.359612 -8.781828 -31.310577 20.841518 -5.134016 -2.903265 -8.413859 12.020398 13.008224 -0.957113 -8.265637 -3.193856 -24.662766 18.411272 22.466959 -9.524979 -4.720144 2.852300 14.929094 -6.493987 -31.369621
-8.842653 8.237720 -8.238622 -1.036964 -10.479649 -13.935375 9.048853 23.992451 17.674593 11.090584 -8.936013 -31.351120 20.816137 -5.193190 -2.979346 -8.147151 11.954377 12.846258 -1.020035 -8.341521 -2.928297 -24.901293 18.414169 22.717134 -9.842418 -4.694682 2.940786 14.543714 -6.779190 -31.520866
-8.779208 8.280643 -8.143959 -0.987386 -10.467057 -13.869287 9.104916 23.937553 17.690481 11.104621 -8.948464 -31.350525 20.812241 -5.227137 -2.999047 -8.039510 11.939034 12.799579 -1.039268 -8.334534 -2.896662 -25.010305 18.373411 22.782644 -10.011107 -4.742290 2.958191 14.358677 -6.706280 -31.526550
-8.741095 8.239180 -7.684933 -0.872978 -10.481664 -13.638249 9.253482 23.763432 17.617620 11.357586 -9.249293 -31.258873 21.190147 -5.243116 -3.100679 -7.733351 11.733016 12.831600 -1.056415 -8.224999 -2.897161 -24.158758 18.950033 22.704042 -9.691302 -4.555917 3.123957 14.494875 -6.855240 -31.205908
-8.503773 8.034771 -6.300257 -0.140530 -10.537756 -13.132278 9.776248 23.335732 17.568125 11.766365 -10.105482 -30.893101 21.721554 -5.621825 -2.912388 -6.684690 10.857926 12.799081 -0.990498 -8.207704 -3.081082 -21.807014 20.320312 22.755486 -9.130054 -4.322342 3.387744 15.003206 -6.981254 -30.558470
-7.229716 8.186535 -3.884539 1.269259 -10.554806 -12.322271 10.688340 22.502184 17.232964 12.954481 -11.701599 -29.856165 22.336357 -5.885076 -2.811803 -5.017882 9.611997 12.701934 -1.012158 -8.292320 -3.296038 -17.882847 21.624285 22.923965 -8.509989 -4.402822 4.066987 16.348804 -6.894454 -29.219107
-6.709161 7.831879 -1.539858 2.404356 -10.503876 -11.456582 11.444361 21.515957 17.311499 13.633642 -13.636782 -28.552158 23.021008 -6.123453 -2.814914 -3.114403 8.463691 12.326427 -1.218030 -8.378419 -3.364979 -11.956420 24.586931 21.288511 -6.049731 -5.004510 4.843219 18.700089 -7.961943 -25.753639
-6.413621 7.272123 0.977704 4.488200 -10.737465 -10.650700 11.964669 20.215414 17.680462 13.872781 -15.290384 -26.870670 23.154884 -5.918159 -2.610531 -1.190195 7.636386 11.762366 -1.426658 -8.691507 -3.723417 -7.461141 27.208969 22.526854 -6.160711 -5.004750 5.386295 18.324409 -8.085839 -24.102575
-6.052141 6.941511 3.212044 7.100353 -10.895222 -9.489661 12.659781 18.615234 18.426476 13.848008 -17.347504 -25.302620 22.977154 -5.666090 -2.460141 1.378151 7.099682 10.654941 -1.815474 -8.967084 -2.873074 -4.189384 29.704447 24.876314 -8.416769 -4.483731 6.382083 15.583092 -7.752422 -23.214186
-3.652214 8.314387 6.801525 9.658611 -11.329304 -7.595879 12.655873 15.183344 18.446766 12.965741 -19.666842 -23.325937 21.157263 -5.939372 -1.282232 5.291855 5.813870 9.193448 -2.083356 -9.593751 -2.113032 1.989731 30.448423 24.183279 -7.548294 -6.301200 7.978891 17.036215 -7.837647 -17.148829
-1.772935 9.931096 10.294988 11.222798 -12.135363 -4.984352 11.451087 10.468151 18.526043 10.754415 -21.537283 -21.446833 17.180710 -6.880471 1.795826 9.757761 3.511499 6.975759 -2.355699 -10.284825 -1.018992 6.712338 31.238604 24.225546 -7.467315 -7.517772 9.695980 16.699299 -9.337513 -11.882719
1.866395 12.554974 13.415232 10.576238 -12.766416 -1.867325 9.287183 4.655465 18.494211 7.565890 -22.249130 -19.446457 12.294461 -9.074118 5.293062 13.993346 0.607818 4.750960 -3.238014 -11.732022 -0.682434 11.761385 33.475723 18.943308 -3.437859 -9.303924 12.011210 19.608912 -10.257581 -3.922153
4.454598 14.535872 15.291182 10.293692 -13.723410 0.601664 6.924872 -0.064839 18.520687 4.883596 -21.710045 -17.402285 7.136865 -10.552774 7.511298 17.595873 -0.255081 1.893353 -4.550712 -13.035816 -0.458109 11.034901 34.162197 16.907499 -4.491361 -11.452392 13.300471 16.652443 -10.784608 1.799643
4.315686 14.570433 15.093678 9.844028 -14.691925 1.721992 4.110283 -2.773799 18.399883 3.295411 -20.526175 -16.459564 4.887946 -11.210475 7.420762 19.331827 1.467846 -1.201322 -5.969361 -13.240739 -0.841575 9.319468 33.187714 14.857348 -5.339888 -12.664056 13.428109 15.367979 -11.562884 4.166958
3.355441 14.107016 15.162453 8.176941 -15.365751 2.643597 1.507354 -4.942799 18.173075 1.988519 -19.620026 -15.104600 1.940022 -11.527182 7.208024 19.407013 2.949983 -3.057181 -8.180374 -13.685827 0.608847 6.438965 29.546780 12.079043 -5.781961 -15.079206 13.884992 15.790371 -11.930066 6.739087
3.001155 14.194547 13.610177 7.724270 -16.563198 3.324077 -1.718832 -7.029153 17.459953 0.998823 -18.958658 -14.116023 -1.181346 -11.434342 6.516629 18.980108 4.906204 -4.737721 -10.456429 -14.593930 0.426914 5.118916 26.327547 9.881965 -6.205115 -17.594769 13.059957 16.797384 -13.438540 8.228098
1.675625 13.733528 12.235522 6.060882 -17.215441 3.685256 -4.432314 -8.610604 17.381350 -1.534292 -17.941711 -13.199985 -3.379713 -11.102143 6.027501 18.384377 6.402092 -5.547204 -12.003860 -15.349482 0.324641 5.541131 24.244131 8.229457 -6.733931 -19.765923 12.938205 16.846115 -15.083804 10.561167
0.134087 13.686426 10.746700 3.926098 -17.797831 4.247992 -6.718303 -9.988610 17.600159 -4.584020 -16.363537 -12.794200 -5.135166 -12.128525 6.319822 17.446115 6.713799 -5.984574 -12.789557 -16.097485 3.205242 5.791171 22.108448 7.455046 -7.467117 -18.944927 15.366453 16.543476 -13.117672 12.515312
-1.108019 13.956566 8.760436 2.383539 -18.584852 3.944347 -8.561748 -10.187668 17.543108 -7.772015 -13.590955 -12.673644 -7.245287 -11.378347 7.584884 15.451266 7.138817 -7.449013 -13.017833 -17.035555 6.468489 4.468128 20.653650 5.857082 -6.412529 -18.110434 17.522606 16.901699 -10.490127 15.177427
-1.293983 14.134847 6.998191 1.706431 -18.936466 3.796962 -9.535817 -10.259303 18.053858 -10.091085 -11.276779 -12.606961 -8.429229 -10.891321 8.282714 14.068238 7.839941 -8.885261 -12.963338 -18.026415 9.049314 2.319906 19.266237 4.676754 -6.421527 -16.392237 20.015392 15.851723 -9.392980 16.936205
-1.509966 13.732748 6.085848 0.750227 -18.905123 3.662046 -10.369318 -10.562483 18.391954 -11.514194 -9.974154 -12.301616 -9.988420 -10.107158 9.465275 13.075012 7.697859 -9.348015 -13.084628 -18.847219 9.772492 0.608205 18.738665 4.257005 -6.040962 -16.100344 20.792042 15.610955 -9.189733 17.979235
-1.618140 13.946142 4.983640 1.133199 -19.477839 3.284062 -10.968928 -10.309363 18.540388 -12.628383 -9.314620 -12.634767 -10.566350 -9.572561 9.879669 11.902330 7.565558 -9.111177 -12.987845 -19.369158 9.810286 -0.256746 18.371826 3.865591 -5.891107 -15.891168 21.464687 15.487260 -8.826474 18.712498
-1.912837 13.767710 4.632830 1.223831 -19.774958 3.242124 -11.546231 -10.500218 18.456306 -12.950828 -8.839289 -12.599168 -10.711621 -9.334140 10.013350 11.510457 7.600428 -9.233814 -13.111111 -19.554996 9.414017 -0.463944 17.971163 3.876064 -6.057971 -15.733526 21.802067 15.472427 -9.059972 18.941135
-1.903183 13.853573 4.708713 1.094868 -19.623251 3.304626 -11.270286 -10.412696 18.570421 -12.967312 -8.878578 -12.604609 -10.636043 -9.476964 10.064466 11.604318 7.465120 -9.157918 -13.059668 -19.476057 9.580794 -0.381597 17.957129 3.617179 -5.976785 -15.903723 21.646843 15.594572 -8.994084 18.878279
-2.043642 13.561770 5.168017 0.970088 -19.353437 3.483753 -11.082997 -10.638758 18.771278 -13.017936 -8.575742 -12.436872 -10.457259 -9.694600 9.994080 12.178065 7.526210 -9.465394 -13.231697 -19.198664 9.839446 0.192145 17.772581 3.596948 -6.030387 -16.324184 21.269352 15.855942 -8.975827 18.740088
-2.092002 13.300299 5.787277 0.569301 -18.821215 3.567701 -10.332828 -10.503157 19.241701 -13.178425 -8.641068 -12.638906 -10.075521 -10.276315 10.126571 12.549306 7.245559 -9.597475 -13.002558 -18.893131 9.996703 1.218169 17.676569 3.430986 -5.835021 -17.067532 20.580868 16.470547 -9.355666 18.583704
-2.076876 12.894880 6.358888 0.318923 -18.206266 3.740701 -9.654727 -10.548306 19.756643 -13.204678 -8.495718 -12.890748 -9.489207 -10.772428 10.324400 12.955152 6.853773 -9.736392 -12.891157 -18.499903 9.953328 1.946732 17.585102 3.349318 -5.957162 -17.425686 19.942163 16.504257 -9.432729 18.152384
-2.641473 12.597813 7.378919 0.214041 -17.861799 4.141810 -9.120608 -10.839806 20.149401 -13.308472 -8.269836 -12.770978 -9.183103 -11.501936 10.179220 13.824702 6.600657 -10.050253 -12.919285 -18.380615 9.978986 3.088147 17.449383 2.549839 -5.992928 -18.139492 19.156643 16.709724 -9.358970 17.979252
-3.340335 12.312486 8.123842 -0.077118 -17.507463 4.531501 -8.634051 -11.054914 20.550604 -13.519788 -8.515486 -13.059030 -8.582029 -12.173125 10.357346 14.210505 5.840536 -9.440978 -12.789109 -17.710659 9.748718 4.447275 17.018839 2.959015 -6.607637 -18.906891 18.396645 16.848179 -9.341731 17.555216
-3.192221 12.287724 8.475634 0.351563 -17.162613 4.783169 -8.069613 -11.207003 20.950613 -13.577607 -8.829542 -13.021247 -8.517715 -12.627810 10.515548 15.043622 5.560921 -9.417014 -12.738009 -17.546310 9.470593 5.072603 17.384504 2.050013 -6.484920 -19.867790 17.376823 16.946171 -9.738559 17.081606
-3.408024 11.771894 9.191776 -0.023929 -16.843542 4.807737 -7.784000 -11.271429 21.253370 -13.994051 -8.415661 -12.887351 -7.735031 -13.189442 10.592296 16.554159 5.328370 -9.385036 -13.121378 -16.613987 9.347231 6.221216 17.538374 2.236917 -6.958596 -20.435184 16.553019 16.965534 -10.296195 16.299105
-3.507320 11.062781 9.694595 0.022328 -16.610022 4.672085 -7.690508 -11.381215 21.571690 -14.452015 -8.231490 -12.310092 -7.247100 -13.483133 10.636708 17.784246 5.287862 -9.327464 -13.309361 -16.182447 8.544328 7.197419 17.695166 1.957637 -7.430265 -21.309547 15.679263 16.763317 -10.538970 16.066589
-3.995300 10.556883 10.370959 -0.229293 -16.141153 4.842834 -7.160482 -11.491514 22.069429 -14.739502 -7.834219 -11.570359 -6.889475 -13.980799 10.557778 18.955118 5.478792 -9.356996 -13.518021 -16.064629 7.519082 7.457944 17.527756 1.650476 -7.951453 -22.412300 14.704560 16.370296 -11.026599 15.875702
-3.903001 10.036921 11.096260 -0.225361 -15.874618 4.916408 -7.016786 -11.839043 22.367353 -14.912001 -7.125554 -10.891476 -6.050168 -14.444204 10.717304 20.285349 5.432587 -9.353063 -13.658901 -15.761657 6.560405 7.635679 17.621346 0.231124 -8.115267 -23.996742 13.694040 16.230999 -10.831904 16.507578
-4.102622 9.095356 11.864011 -0.666278 -15.320389 4.938585 -6.635075 -12.011583 22.995138 -15.410150 -6.582351 -9.986877 -5.453688 -14.872585 10.885577 21.208471 5.318915 -9.025451 -13.439718 -15.952249 5.859838 8.379291 17.754759 -0.319543 -8.848502 -25.373962 13.141232 15.988672 -10.539434 17.103762
-4.226362 8.786458 12.101351 -0.787062 -15.072653 4.898124 -6.287499 -11.903986 23.407652 -15.622499 -5.991664 -9.213776 -5.564354 -14.953775 11.049428 22.005209 5.342089 -8.979671 -13.524578 -16.134729 5.782224 8.452041 18.284515 -1.234111 -8.971928 -26.075146 12.591654 15.594095 -11.046283 16.994759
-4.035504 7.744219 12.681173 -1.368364 -14.625359 4.528090 -6.343549 -12.005093 23.637983 -15.713366 -5.466272 -8.851360 -5.581498 -15.250902 11.079952 22.962999 5.517819 -9.355043 -13.996165 -15.884597 5.728278 9.453219 17.807947 -1.707925 -9.116899 -26.876343 12.279792 16.012459 -11.912784 17.164389
-4.399524 7.181702 13.059822 -1.660236 -14.361770 4.564717 -6.197837 -12.042999 23.829247 -15.685024 -4.907131 -8.274767 -5.723901 -15.329609 11.095389 23.695345 5.819059 -9.578061 -14.483841 -15.641011 5.860901 9.915871 17.532934 -1.530053 -9.510496 -27.045858 11.972987 15.862750 -12.230373 16.781713
-4.744922 6.677571 13.445103 -1.800934 -14.128384 4.588208 -6.159313 -12.195315 23.970787 -15.596686 -4.244143 -7.742558 -5.718095 -15.539930 11.099300 24.016958 5.915217 -9.397746 -14.754338 -15.603537 6.136276 10.050153 17.820475 -1.954829 -9.440681 -27.179295 11.670367 15.615607 -12.462657 16.667303
-5.109088 6.039739 13.806305 -2.144371 -13.893108 4.618519 -6.274744 -12.415379 24.000639 -15.378854 -4.087471 -7.630637 -5.512647 -15.757192 11.150896 24.284666 5.780146 -9.224962 -14.657731 -15.656536 6.121345 10.037083 18.062487 -1.973126 -9.459430 -27.287094 11.333902 15.313692 -13.104452 16.408939
-5.203496 5.860482 13.713670 -2.441356 -13.756734 4.477904 -6.180819 -12.176682 24.035543 -15.375561 -3.926762 -7.561509 -5.587256 -15.680573 10.990514 24.422846 6.029060 -9.373258 -14.777668 -15.594272 6.019351 10.123216 18.278200 -1.722102 -9.481407 -27.239471 11.191877 15.160963 -13.745107 16.179262
-5.094826 5.688195 13.783268 -2.598289 -13.573510 4.414062 -6.094410 -12.143593 24.072554 -15.213512 -3.797653 -7.455672 -5.548507 -15.690752 10.894298 24.532690 6.110785 -9.313710 -14.837697 -15.583602 5.995460 10.158197 18.436502 -1.966931 -9.321450 -27.339251 11.073485 15.208850 -14.080879 16.214373
-5.180582 5.576169 13.886327 -2.633319 -13.485616 4.493593 -6.059161 -12.231448 24.115297 -15.107656 -3.762405 -7.375865 -5.660291 -15.649673 10.734086 24.702906 6.402111 -9.600723 -14.916843 -15.635694 5.998853 10.122724 18.579367 -2.178592 -9.169466 -27.441395 10.966575 15.243776 -14.206023 16.255354
-5.180297 5.576376 13.886526 -2.633932 -13.485611 4.493747 -6.059299 -12.231729 24.115274 -15.108036 -3.762405 -7.375865 -5.660291 -15.649673 10.734086 24.702906 6.402111 -9.600723 -14.916843 -15.635694 5.999019 10.122011 18.579300 -2.178088 -9.169981 -27.441126 10.966776 15.243153 -14.206375 16.254927
-5.182246 5.575210 13.886364 -2.640198 -13.485090 4.492908 -6.060338 -12.230432 24.114275 -15.108353 -3.757904 -7.375213 -5.659407 -15.652077 10.730425 24.701460 6.404565 -9.599894 -14.919866 -15.635585 6.000097 10.124542 18.577492 -2.174591 -9.171644 -27.440655 10.966319 15.243039 -14.206576 16.253653
-5.182246 5.575210 13.886364 -2.640198 -13.485090 4.492908 -6.060338 -12.230432 24.114275 -15.108353 -3.757904 -7.375213 -5.659407 -15.652077 10.730425 24.701460 6.404565 -9.599894 -14.919866 -15.635585 5.999936 10.124340 18.577938 -2.174823 -9.171348 -27.440554 10.966329 15.242994 -14.206462 16.254021
-5.182246 5.575210 13.886364 -2.640198 -13.485090 4.492908 -6.060338 -12.230432 24.114275 -15.108353 -3.757904 -7.375213 -5.659407 -15.652077 10.730425 24.701460 6.404565 -9.599894 -14.919866 -15.635585 6.000215 10.124228 18.577879 -2.174751 -9.171345 -27.440216 10.966470 15.243118 -14.207230 16.253462
-5.182246 5.575210 13.886364 -2.640198 -13.485090 4.492908 -6.060338 -12.230432 24.114275 -15.108353 -3.757904 -7.375213 -5.659407 -15.652077 10.730425 24.701460 6.404565 -9.599894 -14.919866 -15.635585 5.999936 10.124340 18.577938 -2.174823 -9.171348 -27.440554 10.966329 15.242994 -14.206462 16.254021
-5.182246 5.575210 13.886364 -2.640198 -13.485090 4.492908 -6.060338 -12.230432 24.114275 -15.108353 -3.757904 -7.375213 -5.659407 -15.652077 10.730425 24.701460 6.404565 -9.599894 -14.919866 -15.635585 5.999936 10.124340 18.577938 -2.174823 -9.171348 -27.440554 10.966329 15.242994 -14.206462 16.254021
-5.182246 5.575210 13.886364 -2.640198 -13.485090 4.492908 -6.060338 -12.230432 24.114275 -15.108353 -3.757904 -7.375213 -5.659407 -15.652077 10.730425 24.701460 6.404565 -9.599894 -14.919866 -15.635585 5.999936 10.124340 18.577938 -2.174823 -9.171348 -27.440554 10.966329 15.242994 -14.206462 16.254021
-5.175582 5.573145 13.884346 -2.637877 -13.483597 4.491650 -6.063590 -12.232071 24.116186 -15.103397 -3.767362 -7.375119 -5.661031 -15.648414 10.735130 24.702349 6.401865 -9.598079 -14.917611 -15.635326 6.001011 10.121550 18.572643 -2.185887 -9.168040 -27.442541 10.965870 15.250799 -14.205787 16.251467
-5.178685 5.573129 13.885179 -2.640558 -13.484108 4.492279 -6.062927 -12.231255 24.114872 -15.103315 -3.761052 -7.373431 -5.663317 -15.655617 10.733191 24.701559 6.402014 -9.596530 -14.923383 -15.635394 6.001467 10.123079 18.571236 -2.175648 -9.172916 -27.441565 10.967150 15.245167 -14.207259 16.250368
-5.177733 5.573507 13.885069 -2.635769 -13.484447 4.492664 -6.062099 -12.231783 24.115419 -15.102571 -3.766141 -7.374052 -5.660036 -15.649967 10.732397 24.701061 6.403118 -9.596415 -14.920130 -15.634845 6.000865 10.120896 18.571589 -2.178201 -9.172005 -27.441982 10.967330 15.245286 -14.207296 16.250006
-5.177980 5.572310 13.884538 -2.641583 -13.483714 4.491382 -6.063585 -12.230558 24.114687 -15.101997 -3.769352 -7.375419 -5.657652 -15.645472 10.732724 24.700514 6.404888 -9.597773 -14.916377 -15.635206 5.998444 10.114820 18.580309 -2.175848 -9.171450 -27.437233 10.964510 15.235989 -14.206762 16.245951
-5.176896 5.572500 13.884533 -2.641324 -13.483488 4.491527 -6.063742 -12.231059 24.114956 -15.101919 -3.766667 -7.375021 -5.660071 -15.648606 10.733601 24.701025 6.403122 -9.597592 -14.918103 -15.635324 6.000566 10.118523 18.577061 -2.174041 -9.173125 -27.437389 10.967072 15.238320 -14.208624 16.247414
-5.176599 5.572684 13.884594 -2.642938 -13.483408 4.491592 -6.064214 -12.231358 24.114790 -15.102674 -3.763232 -7.374443 -5.663986 -15.653550 10.735736 24.702822 6.399865 -9.597786 -14.920675 -15.635806 5.998940 10.119428 18.577663 -2.183993 -9.167320 -27.439629 10.965593 15.245438 -14.206833 16.251337
-5.176599 5.572684 13.884594 -2.642938 -13.483408 4.491592 -6.064214 -12.231358 24.114790 -15.102674 -3.763232 -7.374443 -5.663986 -15.653550 10.735736 24.702822 6.399865 -9.597786 -14.920675 -15.635806 5.998940 10.119428 18.577663 -2.183993 -9.167320 -27.439629 10.965593 15.245438 -14.206833 16.251337
-23.618834 -5.830100 6.749959 11.382298 -13.937559 -2.229586 -0.528382 2.468460 22.357782 4.622392 -16.251200 -10.895598 11.436131 4.023015 -1.443490 21.210775 19.139833 -4.436112 -6.501548 -13.336528 11.378029 -1.939327 12.421228 22.237974 -28.418869 -20.411339 8.724695 -5.886904 -15.966441 -4.196201
-23.618834 -5.830100 6.749959 11.382298 -13.937559 -2.229586 -0.528382 2.468460 22.357782 4.622392 -16.251200 -10.895598 11.436131 4.023015 -1.443490 21.210775 19.139833 -4.436112 -6.501548 -13.336528 11.378029 -1.939327 12.421228 22.237974 -28.418869 -20.411339 8.724695 -5.886904 -15.966441 -4.196201
-23.618834 -5.830100 6.749959 11.382298 -13.937559 -2.229586 -0.528382 2.468460 22.357782 4.622392 -16.251200 -10.895598 11.436131 4.023015 -1.443490 21.210775 19.139833 -4.436112 -6.501548 -13.336528 11.378029 -1.939327 12.421228 22.237974 -28.418869 -20.411339 8.724695 -5.886904 -15.966441 -4.196201
-23.618834 -5.830100 6.749959 11.382298 -13.937559 -2.229586 -0.528382 2.468460 22.357782 4.622392 -16.251200 -10.895598 11.436131 4.023015 -1.443490 21.210775 19.139833 -4.436112 -6.501548 -13.336528 11.378029 -1.939327 12.421228 22.237974 -28.418869 -20.411339 8.724695 -5.886904 -15.966441 -4.196201
-23.618834 -5.830100 6.749959 11.382298 -13.937559 -2.229586 -0.528382 2.468460 22.357782 4.622392 -16.251200 -10.895598 11.436131 4.023015 -1.443490 21.210775 19.139833 -4.436112 -6.501548 -13.336528 11.378029 -1.939327 12.421228 22.237974 -28.418869 -20.411339 8.724695 -5.886904 -15.966441 -4.196201
-24.649103 -6.301233 6.698526 11.252165 -14.509256 -2.848614 -0.642917 3.650291 21.504995 6.019903 -16.978109 -10.835374 12.468175 4.629507 -1.620203 20.665453 19.514284 -4.457358 -6.082420 -12.934196 11.741739 -2.273764 11.780977 23.291975 -29.386490 -19.412630 9.278095 -6.453628 -15.557076 -4.969669
-24.173395 -5.877725 6.966813 10.880592 -14.509382 -2.672171 -0.723539 3.356732 21.442106 5.830717 -17.149677 -10.820782 12.490493 4.631351 -1.611057 20.424093 19.664354 -4.537927 -6.122445 -12.816958 11.887004 -1.927115 11.791852 23.246519 -29.336531 -19.303196 9.383819 -6.234848 -15.719090 -4.815138
-24.510071 -6.150551 6.816915 11.116375 -14.543602 -2.807155 -0.706632 3.552304 21.425890 5.942753 -17.231623 -10.698984 12.449315 4.650100 -1.523008 20.375059 19.780762 -4.770964 -6.070461 -12.725928 11.568850 -1.952863 11.629148 23.207344 -29.762852 -18.949383 9.447497 -6.559830 -15.987636 -5.270083
-24.528399 -6.177043 6.789399 11.163980 -14.545968 -2.815931 -0.710722 3.551550 21.453783 5.894938 -17.124662 -10.747493 12.505404 4.654155 -1.535656 20.359167 19.792593 -4.834101 -6.058990 -12.716245 11.683169 -1.987388 11.668967 23.243357 -29.744425 -18.918776 9.453622 -6.588926 -15.906056 -5.332351
-24.538351 -6.182102 6.785381 11.181980 -14.548866 -2.820467 -0.708072 3.557950 21.455763 5.896679 -17.118029 -10.746324 12.498385 4.648987 -1.527403 20.359800 19.786858 -4.839313 -6.059792 -12.719100 11.684966 -1.982856 11.660417 23.264479 -29.757160 -18.914120 9.453721 -6.594144 -15.909301 -5.348207
-24.538639 -6.182209 6.784956 11.182304 -14.548678 -2.820956 -0.708030 3.558246 21.456167 5.896168 -17.111803 -10.746734 12.498323 4.644727 -1.528067 20.358810 19.786776 -4.841287 -6.062285 -12.718659 11.685493 -1.981325 11.658736 23.266985 -29.758684 -18.914064 9.453903 -6.594174 -15.908927 -5.349445
-24.536646 -6.177330 6.785172 11.187111 -14.549513 -2.820087 -0.707873 3.555183 21.459280 5.886384 -17.110357 -10.746736 12.493052 4.641841 -1.519673 20.359104 19.781275 -4.843754 -6.060103 -12.722371 11.688083 -1.979896 11.659753 23.267300 -29.758005 -18.911385 9.454370 -6.593673 -15.907547 -5.352085
-24.535912 -6.177089 6.784618 11.185867 -14.548574 -2.819003 -0.707590 3.554330 21.459723 5.886873 -17.109797 -10.746758 12.492725 4.641392 -1.519260 20.359272 19.780891 -4.844183 -6.060156 -12.722466 11.687009 -1.978140 11.659777 23.266130 -29.757904 -18.910526 9.455250 -6.592499 -15.907104 -5.351875
-24.536009 -6.177102 6.784592 11.185955 -14.548553 -2.819032 -0.707554 3.554361 21.459753 5.886865 -17.109797 -10.746758 12.492725 4.641392 -1.519260 20.359272 19.780891 -4.844183 -6.060156 -12.722466 11.687009 -1.978140 11.659777 23.266130 -29.757904 -18.910526 9.455250 -6.592499 -15.907104 -5.351875
-24.530127 -6.176263 6.794207 11.186827 -14.546890 -2.816399 -0.706250 3.549188 21.453926 5.898184 -17.156551 -10.753169 12.518746 4.695298 -1.525000 20.350895 19.800617 -4.835907 -6.032758 -12.716306 11.652081 -1.985575 11.669081 23.281870 -29.770866 -18.900650 9.441428 -6.611274 -15.952825 -5.365800
-24.538568 -6.175309 6.793928 11.194117 -14.547503 -2.814645 -0.701449 3.552947 21.450552 5.913057 -17.145214 -10.744281 12.504874 4.671095 -1.531529 20.354397 19.792353 -4.827976 -6.051712 -12.719307 11.668119 -1.976504 11.669592 23.277040 -29.757490 -18.918900 9.439282 -6.600567 -15.935386 -5.342443
-24.538939 -6.176502 6.791250 11.196171 -14.548029 -2.816197 -0.702377 3.553246 21.453281 5.907263 -17.141798 -10.745126 12.509023 4.668710 -1.537613 20.354042 19.796629 -4.826461 -6.054397 -12.717248 11.671546 -1.977568 11.664867 23.285946 -29.765697 -18.917900 9.439502 -6.605557 -15.933517 -5.348242
-24.538939 -6.176502 6.791250 11.196171 -14.548029 -2.816197 -0.702377 3.553246 21.453281 5.907263 -17.141798 -10.745126 12.509023 4.668710 -1.537613 20.354042 19.796629 -4.826461 -6.054397 -12.717248 11.671481 -1.977323 11.664593 23.286161 -29.765848 -18.918036 9.439563 -6.605406 -15.933419 -5.348086
-24.538473 -6.176211 6.791482 11.195652 -14.547949 -2.816000 -0.702496 3.552881 21.453201 5.907012 -17.141798 -10.745126 12.509023 4.668710 -1.537613 20.354042 19.796629 -4.826461 -6.054397 -12.717248 11.671153 -1.977241 11.665870 23.284962 -29.764723 -18.917978 9.439727 -6.604908 -15.933451 -5.347024
-24.538939 -6.176502 6.791250 11.196171 -14.548029 -2.816197 -0.702377 3.553246 21.453281 5.907263 -17.141798 -10.745126 12.509023 4.668710 -1.537613 20.354042 19.796629 -4.826461 -6.054397 -12.717248 11.671679 -1.977651 11.664771 23.286291 -29.765709 -18.917921 9.439394 -6.605628 -15.933785 -5.348403
-24.534067 -6.174148 6.794027 11.188982 -14.547212 -2.815164 -0.704427 3.548690 21.456133 5.893949 -17.135012 -10.744537 12.498103 4.666082 -1.519296 20.359625 19.786345 -4.838323 -6.047050 -12.723643 11.670499 -1.980231 11.672154 23.280834 -29.760136 -18.918703 9.437974 -6.603278 -15.936262 -5.344263
-24.530333 -6.174536 6.793948 11.191145 -14.547043 -2.816476 -0.705680 3.547893 21.455564 5.894722 -17.151758 -10.748953 12.515851 4.686907 -1.532674 20.354061 19.801172 -4.830620 -6.040792 -12.718839 11.670240 -1.981361 11.672489 23.280806 -29.760044 -18.918932 9.437169 -6.604301 -15.935863 -5.344475
-24.530798 -6.174829 6.793714 11.191665 -14.547123 -2.816674 -0.705563 3.548260 21.455645 5.894970 -17.151579 -10.748769 12.515855 4.687107 -1.532634 20.354090 19.801260 -4.830927 -6.040724 -12.718991 11.670439 -1.981686 11.672668 23.280937 -29.759899 -18.918821 9.436997 -6.604523 -15.936225 -5.344790
-24.552832 -6.188913 6.784694 11.210286 -14.549025 -2.822151 -0.702089 3.559253 21.455980 5.904381 -17.139183 -10.747887 12.506028 4.668278 -1.528374 20.354269 19.792269 -4.833702 -6.048955 -12.721393 11.663932 -1.962289 11.675565 23.265612 -29.741430 -18.923168 9.438062 -6.584979 -15.939415 -5.326130
-24.549576 -6.183751 6.787103 11.206327 -14.548781 -2.820126 -0.700524 3.559192 21.454378 5.909424 -17.134550 -10.748389 12.502723 4.663850 -1.524921 20.356092 19.788912 -4.836198 -6.049615 -12.721982 11.665695 -1.964843 11.674057 23.267906 -29.744995 -18.922613 9.438087 -6.588246 -15.938634 -5.330083
-24.551170 -6.188939 6.782691 11.211191 -14.550047 -2.822444 -0.702886 3.559076 21.458307 5.899062 -17.133181 -10.747961 12.508277 4.664070 -1.534173 20.354631 19.795784 -4.832218 -6.052895 -12.719382 11.670012 -1.968974 11.667627 23.279488 -29.755899 -18.919781 9.437928 -6.596591 -15.937976 -5.342407
