17.369310 -3.345219 5.382421 -3.691865 -4.817673 -13.807431 -2.710402 2.749612 18.360174 7.447391 -12.435471 3.349954 14.358895 -10.877205 14.527666 -1.309084 -1.219551 19.040192 -7.283728 -6.117486 -2.831692 -4.416098 22.912012 6.790554 -14.131552 -24.707754 -3.014858 8.404761 29.914171 -0.874320
17.352276 -3.329338 5.309402 -3.744185 -4.698712 -13.740820 -2.590437 2.757231 18.429153 7.515498 -12.452141 3.311159 14.376625 -10.893037 14.548820 -1.267790 -1.300061 19.088408 -7.249206 -6.138009 -2.890058 -4.565764 23.077076 6.781939 -14.009847 -24.633400 -3.030610 8.458214 29.875994 -1.026962
17.254652 -3.319213 5.252855 -4.020774 -4.516377 -13.724487 -2.433570 2.825656 18.552729 7.446945 -12.198795 3.101820 14.448149 -10.841525 14.371720 -1.218873 -1.272960 19.245096 -7.247896 -6.242954 -3.050363 -4.895349 23.327345 6.849407 -13.826468 -24.610920 -3.154976 8.492348 29.766546 -1.191434
17.170052 -3.230291 5.189189 -4.419866 -4.241380 -13.723461 -2.188078 2.936923 18.688040 7.430643 -11.989920 2.758061 14.608376 -10.951782 14.206382 -1.042005 -1.458378 19.455946 -7.309504 -6.245156 -3.129396 -5.187278 23.682590 6.827353 -13.550234 -24.500978 -3.251516 8.655924 29.473043 -1.536480
17.085760 -3.158107 4.890854 -4.666975 -3.965620 -13.692209 -1.905930 3.090104 18.952845 7.427311 -11.643540 2.230588 14.704621 -10.947187 13.908038 -0.871634 -1.672293 19.805401 -7.382070 -6.423317 -3.177692 -5.418616 23.953238 7.091809 -13.260527 -24.468561 -3.440187 8.901186 29.221994 -1.886406
16.638083 -3.110533 4.544606 -5.268474 -3.571961 -13.742270 -1.317982 3.621248 19.310583 7.314703 -11.198915 1.637894 14.933805 -10.997630 13.622713 -0.784539 -1.885145 20.100393 -7.491608 -6.411302 -2.940519 -5.965576 24.303873 6.945389 -12.662415 -24.234972 -3.498777 9.336686 28.861738 -2.373077
16.632566 -3.043516 4.423301 -5.862826 -3.255151 -13.813301 -1.087558 3.809908 19.415770 7.489600 -10.741674 0.991126 15.145658 -11.242006 13.353101 -0.788374 -1.994233 20.246881 -7.538693 -6.363144 -2.674758 -6.504730 24.970938 6.578114 -12.052174 -23.743092 -3.481458 9.532677 28.271746 -3.118728
16.490780 -2.947405 4.323518 -6.158510 -2.995613 -13.793621 -0.694499 4.054908 19.597219 7.519577 -10.014272 0.292404 15.509674 -11.513794 13.023631 -0.642032 -1.915129 20.271770 -7.534197 -6.285036 -2.381395 -6.938544 25.320316 6.351466 -11.599939 -23.493340 -3.476722 9.740572 28.151182 -3.531291
15.983995 -2.831970 4.132142 -6.759970 -2.709643 -13.789205 -0.300843 4.396900 19.812651 7.251983 -9.136896 -0.410082 15.754868 -11.538120 12.582302 -0.509392 -1.574082 20.242203 -7.479496 -6.352743 -2.067658 -7.617440 25.698450 6.077745 -11.183146 -23.155811 -3.374087 9.759905 27.577412 -3.900881
15.721304 -2.488604 4.028095 -7.284906 -2.444688 -13.931136 0.189470 4.870439 19.795301 7.356029 -8.531147 -1.124212 16.069027 -11.708999 12.357116 -0.300143 -1.628298 20.337755 -7.470333 -6.272533 -1.920057 -8.227696 26.083366 5.583611 -10.741593 -22.714584 -3.234504 9.963527 27.019625 -4.454837
15.346054 -2.366535 4.018492 -7.549955 -2.230383 -13.816046 0.630990 5.096000 19.980055 7.224100 -7.628582 -1.688745 16.600109 -11.900801 11.993965 0.010726 -1.692348 20.570139 -7.674354 -6.136573 -1.687979 -8.397341 26.432312 5.639939 -10.443479 -22.488628 -3.055412 10.108263 26.739265 -4.703599
14.841373 -2.222524 3.925881 -7.971856 -2.094498 -13.831284 0.993462 5.485758 20.058836 7.115685 -7.025568 -2.354791 16.732780 -11.893836 11.751256 0.119771 -1.615620 20.619955 -7.664398 -6.189355 -1.610622 -8.893435 27.102098 4.998852 -9.897291 -21.882607 -2.948838 10.162245 26.102844 -5.402210
14.220837 -2.153830 3.819031 -8.244341 -1.877649 -13.727962 1.537871 5.865273 20.399340 6.706856 -6.554244 -3.129481 16.977556 -11.966492 11.628452 0.458763 -1.700263 20.479019 -7.583450 -5.952150 -1.412579 -9.249786 27.410503 4.572337 -9.559595 -21.415535 -2.758145 10.296503 25.462788 -5.975000
13.737103 -2.181782 3.933771 -8.690598 -1.630315 -13.549318 1.957134 6.040223 20.586716 6.621863 -5.974837 -3.563257 17.182760 -12.118494 11.636106 0.943003 -1.853103 20.428869 -7.528885 -5.857238 -1.346897 -9.230330 27.778433 4.512158 -9.282487 -21.035217 -2.564389 10.437724 25.049452 -6.290782
13.327066 -2.134146 4.053338 -8.829971 -1.559450 -13.356996 2.259539 6.147673 20.717861 6.512040 -5.679559 -3.926380 17.178719 -12.165618 11.531147 1.510044 -1.944007 20.355844 -7.537649 -5.884277 -1.177410 -9.483674 28.194628 4.169874 -8.928965 -20.540997 -2.313497 10.520661 24.353357 -6.735533
12.981752 -2.082577 4.019735 -9.056986 -1.435961 -13.288887 2.585630 6.380672 20.944843 6.193614 -5.442624 -4.174952 17.162878 -12.235916 11.544508 1.772834 -1.976325 20.172400 -7.534237 -5.828906 -1.129957 -9.614588 28.421789 3.937350 -8.874027 -20.331926 -2.217203 10.405972 24.033201 -6.980790
12.693114 -2.072208 4.119613 -9.092676 -1.318070 -13.052469 2.873113 6.381135 21.151333 5.945767 -5.061146 -4.521775 17.422766 -12.391670 11.412313 1.844762 -1.928067 20.116741 -7.616908 -5.619421 -0.938110 -9.595113 28.887465 3.816634 -8.621723 -20.027767 -2.044577 10.403370 23.600927 -7.206300
12.349476 -2.112518 4.088630 -9.237997 -1.269132 -12.978373 2.988118 6.464348 21.308472 5.617240 -4.764079 -4.868414 17.764671 -12.620882 11.307519 1.882167 -1.794390 19.924963 -7.647937 -5.301109 -0.791938 -9.532528 29.211744 3.791343 -8.461374 -19.789845 -1.855898 10.401462 23.095345 -7.326886
12.268364 -2.069602 4.132842 -9.203719 -1.237684 -12.833042 3.126311 6.454093 21.384686 5.587372 -4.556700 -4.982117 17.864109 -12.723433 11.192717 1.957584 -1.644964 19.877508 -7.692588 -5.282373 -0.697199 -9.452133 29.439941 3.987351 -8.414686 -19.758286 -1.759376 10.342255 22.982548 -7.243947
12.169827 -2.092824 4.024513 -9.233017 -1.187253 -12.835402 3.191935 6.519282 21.488110 5.458454 -4.446979 -5.132339 17.892679 -12.740744 11.129437 1.986156 -1.609725 19.883101 -7.693113 -5.272932 -0.639247 -9.568119 29.413841 3.866520 -8.357780 -19.695053 -1.750904 10.378237 22.850306 -7.369380
12.018199 -1.709458 4.400374 -9.195168 -1.148728 -12.469086 3.778863 6.625111 21.568075 5.541084 -4.565219 -5.272068 17.772535 -12.750906 11.021630 2.199389 -1.576850 19.826733 -7.718181 -5.290477 -0.657991 -9.302264 29.470503 4.150078 -8.317062 -19.632265 -1.608527 10.493575 22.678789 -7.305021
11.632883 -1.165377 4.659605 -9.257418 -1.003303 -12.167256 4.822426 7.186537 21.874899 5.268239 -4.832280 -6.092210 17.596243 -13.053225 10.498884 2.466144 -1.518644 19.625237 -7.876715 -5.386415 -0.334824 -8.298686 29.972408 4.904243 -7.987867 -19.266094 -1.184777 10.989965 22.172379 -7.467448
10.753336 -0.065700 5.885176 -9.016883 -1.110151 -11.206043 6.528449 7.661793 22.117495 5.120416 -5.315616 -7.268806 17.724159 -13.630187 9.564391 3.262679 -1.615475 19.074953 -8.319349 -5.400234 0.636249 -7.180779 30.902336 6.245241 -7.259325 -18.628529 -0.290482 11.411003 20.916801 -7.292630
10.636076 1.514789 7.293512 -7.897441 -1.496545 -9.739729 8.250659 7.639357 22.298410 5.663436 -6.119236 -8.938391 17.772789 -13.948553 8.265633 3.948593 -1.354119 17.760656 -8.923867 -5.837018 1.910121 -4.882969 32.664429 8.619467 -6.231325 -17.541348 0.940578 12.403301 18.398214 -7.751621
9.710413 3.406112 8.618160 -5.644793 -2.454203 -7.766265 9.749297 7.343002 22.351429 6.058239 -8.723335 -10.268771 16.733398 -13.519182 8.304964 4.673769 -2.600381 15.597790 -9.018696 -6.924843 3.296402 -1.001755 34.975262 11.108291 -4.938465 -16.324516 1.890489 13.675016 15.268031 -8.338825
8.215037 6.051512 9.793058 -3.481143 -3.925119 -5.246943 11.045537 6.825117 22.425993 6.018591 -10.572737 -13.103936 16.093536 -13.209718 7.774774 6.241768 -3.359987 12.716831 -8.924398 -7.760889 5.167231 1.916528 37.302433 14.045245 -2.783073 -13.802229 3.388334 15.498768 9.627829 -9.266676
6.336857 9.158762 9.063881 0.155924 -6.608347 -2.911786 10.917447 6.564282 21.266832 7.647526 -14.750421 -17.094807 15.917274 -11.060556 6.210479 7.503258 -2.262027 9.466712 -7.874128 -8.021750 8.467608 4.047463 37.268967 18.973154 -1.890939 -12.135646 5.651200 16.863674 2.594508 -9.124471
3.707186 11.685298 8.216702 2.784936 -9.186504 -0.580411 10.006082 5.920267 19.860296 9.934218 -16.386940 -20.720568 15.228169 -10.102222 2.914458 8.975600 -0.181301 6.880276 -9.106275 -7.744666 10.303773 3.822100 35.229401 23.284639 -1.476686 -11.982412 7.916024 18.202278 -3.992270 -7.190898
1.320612 14.377748 6.754277 5.672660 -11.889231 1.468127 9.219903 5.861359 18.051680 12.656473 -18.589079 -23.563572 13.774786 -8.426695 0.436359 8.568020 2.437758 4.751048 -10.165592 -7.216692 12.316660 0.405525 31.601000 25.452404 -1.256051 -11.487725 10.401279 19.161303 -10.327205 -5.785813
-0.766054 16.275166 4.470078 8.391025 -14.058084 2.588664 8.353433 6.262765 16.510622 15.779451 -20.694794 -26.525150 10.661717 -5.935643 -0.478833 7.244069 4.382476 2.634207 -10.228235 -7.741111 13.195183 -2.179857 26.131840 25.127729 -0.564945 -13.429420 11.778383 21.283854 -16.504692 -2.796317
-1.947333 18.940088 3.092713 8.379408 -16.172201 3.774715 6.510919 5.598463 13.995698 19.009457 -21.225306 -29.683830 5.511115 -4.740509 -0.017225 5.563939 6.545470 1.592016 -10.104998 -7.892516 15.663898 -5.057693 17.994011 24.208456 -0.320748 -15.430515 13.003651 24.111885 -20.233965 -0.509096
-2.513093 23.296381 1.508090 6.176975 -17.930889 4.870968 4.483570 4.607156 11.377255 19.636032 -22.326176 -31.350822 0.672370 -3.772655 0.348363 3.267309 9.030341 1.885769 -10.094860 -7.596655 16.454296 -8.923662 11.689002 23.146393 -0.089022 -17.030815 12.553213 25.560299 -23.146666 0.095125
-5.377184 26.205362 -1.514216 3.682586 -19.227608 6.222277 2.475884 3.924891 9.668028 19.538767 -20.837107 -31.814079 -1.198324 -1.342425 2.889992 0.016373 10.234653 0.404786 -13.150433 -2.204742 18.287024 -13.469445 3.907177 20.813814 -0.138214 -15.094347 15.842357 27.893585 -24.235863 1.532843
-12.375309 26.969826 -6.041279 0.130597 -18.799702 7.432508 2.440474 4.964779 10.291819 18.569080 -16.772491 -32.190121 -1.649357 2.021641 5.662135 -1.131606 10.235476 -0.582883 -18.120914 4.884621 16.938097 -14.779385 -4.181201 17.130997 -1.235968 -13.578987 18.609421 31.318472 -24.206057 2.696548
-18.332186 25.255100 -10.979106 -2.618062 -15.885830 10.131578 3.448856 4.253237 12.789433 17.941313 -12.365222 -31.374386 -1.487178 5.652627 8.200442 -2.209562 10.588585 -1.556789 -21.577057 10.479156 16.119320 -16.600920 -12.183117 12.139489 -2.070001 -11.843742 20.338409 34.115868 -24.153830 2.504810
-21.968813 24.059744 -13.871284 -5.085546 -13.011692 13.041082 4.713179 2.760358 14.810747 18.657280 -8.541443 -30.296122 -1.480391 9.678710 11.309482 -2.235049 9.240529 -1.036274 -24.399229 14.681106 16.210146 -18.859373 -16.294725 7.803177 -2.972549 -11.966824 20.244419 34.162453 -26.081022 2.347366
-24.628035 22.770670 -15.782082 -7.316167 -10.315948 15.985228 5.836113 0.745966 17.177614 18.976135 -6.207753 -29.043465 -2.825314 13.728786 13.812612 -1.018521 7.319617 -0.136743 -25.791086 15.558918 15.448091 -20.598047 -19.312891 4.626954 -4.018424 -13.134989 19.250269 33.594849 -28.627018 2.689681
-26.766039 21.252016 -17.082561 -7.152244 -8.592000 18.706106 6.429057 -1.432642 18.874010 20.258900 -4.251834 -27.911779 -3.521233 16.664301 15.561089 -0.482383 6.380678 0.112111 -27.099977 16.244741 14.940443 -21.448832 -21.203373 2.876265 -4.883617 -14.120438 18.422831 32.944092 -31.953188 2.644280
-27.921946 19.975613 -17.965227 -7.270572 -7.561608 19.096893 6.876276 -1.663474 20.000446 19.967726 -3.360483 -26.762989 -4.173812 18.528294 16.994898 0.586344 5.262250 0.573953 -27.251493 16.275267 13.887419 -22.140516 -22.075197 1.234113 -5.426901 -14.883319 17.345711 32.316826 -34.067837 2.300871
-28.310295 19.487566 -18.147537 -7.102097 -7.298278 19.288759 6.955650 -1.843987 20.245403 19.978146 -3.064165 -26.425301 -4.510175 19.289770 17.529396 0.914128 4.927514 0.901162 -27.352900 16.147989 13.578365 -22.177298 -22.167826 0.640520 -5.540317 -15.219347 16.934982 32.098812 -34.629066 2.258787
-28.311356 19.554693 -18.205616 -6.963966 -7.439113 19.179659 6.923885 -1.701946 20.152452 20.059975 -3.205393 -26.536814 -4.430611 19.038294 17.405893 0.771711 5.090137 0.703580 -27.195234 16.100002 13.623853 -22.276310 -22.054911 0.757685 -5.428810 -15.146049 17.035107 32.147022 -34.562393 2.347552
-28.200123 19.767101 -18.137608 -6.745354 -7.629757 19.078447 7.025091 -1.472968 20.011908 20.333273 -3.300538 -26.904783 -4.289772 18.627022 17.203693 0.556982 5.224099 0.447416 -27.149279 16.116095 13.820635 -22.150778 -21.819315 0.918907 -5.080569 -14.874908 17.346334 32.478130 -34.138252 2.526085
-28.132818 20.162577 -18.049458 -6.671945 -7.976670 18.968477 6.952051 -1.275134 19.734602 20.384384 -3.474468 -27.316120 -4.395741 17.981670 17.093166 0.286151 5.149224 0.005450 -26.893181 15.836762 13.757424 -21.777178 -21.122999 1.110526 -4.458524 -14.632568 17.691067 32.957310 -33.747326 3.144077
-28.016796 20.617155 -18.071735 -6.267972 -8.519419 18.903913 6.713964 -1.147894 19.259605 20.730894 -3.713544 -28.093868 -4.158071 17.264349 16.917110 -0.104723 5.375763 -0.538603 -26.739960 15.862110 14.040059 -21.486162 -19.987633 1.253269 -3.495119 -14.276160 18.294861 33.583488 -32.758938 4.019399
-27.935266 20.945715 -17.949196 -5.891039 -9.446874 17.915840 6.280834 -0.261570 18.483686 20.542328 -4.288464 -28.560329 -4.156546 16.451170 16.518402 -0.393046 5.724037 -1.158285 -26.382803 15.420239 14.407396 -21.426107 -19.045218 1.250302 -2.397234 -14.031028 18.620863 34.383415 -31.841391 4.568727
-27.772139 21.385576 -17.871754 -5.238881 -10.256531 17.071135 6.279649 0.762948 17.961903 20.661112 -5.075912 -29.124393 -4.271064 15.685966 15.930191 -0.648225 6.393902 -1.836290 -25.654133 14.676964 14.114104 -21.242624 -17.888803 1.510964 -1.540444 -13.545805 18.889065 34.980003 -30.867128 4.808785
-27.279921 21.661825 -17.525023 -4.400512 -11.069697 15.923862 6.173396 1.833744 17.233377 20.568031 -5.566921 -29.809509 -4.088851 14.665411 15.608241 -0.833885 6.605397 -2.277282 -24.798040 14.092800 14.259355 -20.774992 -16.885996 1.486612 -0.587913 -13.069637 19.330568 35.704857 -29.971907 5.175066
-26.741194 21.831837 -17.039185 -3.473169 -11.860693 15.073473 5.929835 2.500534 16.493235 20.723270 -5.791722 -30.578053 -3.664854 13.120604 15.735614 -1.206309 6.849371 -3.073143 -23.683683 13.849343 14.340621 -20.205023 -15.439053 1.035387 0.430888 -12.422788 19.920059 36.276634 -29.328987 5.795302
-26.431910 22.130568 -16.524597 -2.642396 -12.726353 14.154840 5.885747 3.466077 15.903841 20.758930 -6.140391 -30.965233 -3.632266 12.053247 15.268091 -1.538919 7.201369 -3.508250 -23.218126 13.279701 14.838106 -19.935873 -14.103443 0.746069 1.476443 -11.889303 20.427319 36.756210 -28.645193 6.304417
-26.169245 22.225958 -16.125885 -1.926010 -13.391810 13.306285 5.762108 4.231044 15.411106 20.712807 -6.188547 -31.508966 -3.115529 10.853753 14.862210 -1.741248 7.275609 -3.778440 -22.636843 13.033788 15.005200 -19.332058 -12.527383 0.045664 2.648608 -11.498022 20.748964 37.409405 -27.662254 6.939084
-25.414148 22.326853 -15.840050 -1.111107 -14.080295 12.466831 5.504886 4.800982 15.026158 20.393732 -6.693339 -31.891504 -2.876061 10.106972 14.596862 -1.663438 7.598747 -4.270840 -22.260273 12.716647 14.677486 -19.166285 -11.317076 -0.249155 3.529894 -11.365736 20.911406 37.875435 -26.942049 7.553188
-25.251745 22.386868 -15.130981 -0.285469 -14.664934 11.761714 5.617957 5.492759 14.646437 20.264948 -6.767028 -32.501354 -2.727260 9.275442 14.492987 -1.893489 7.938860 -4.728586 -21.627403 12.187385 14.517217 -18.454136 -10.182732 -0.280323 4.242052 -11.197956 21.087185 38.323589 -26.110197 8.032393
-25.035563 22.487337 -14.678953 0.296256 -15.080603 11.180018 5.754441 6.086389 14.372114 20.155834 -6.886956 -32.824852 -2.635322 8.656101 14.372468 -2.035579 7.873816 -4.834825 -21.324278 11.848211 14.514161 -17.804258 -9.368410 -0.440324 4.827205 -11.217839 21.132206 38.859360 -25.560005 8.330358
-24.895929 22.599649 -14.141301 1.319429 -15.540701 10.946133 6.001208 6.408496 14.153889 20.245235 -7.199516 -32.959053 -2.645248 8.291868 14.176955 -2.160652 8.062864 -5.037504 -20.849028 11.318591 14.464898 -17.451986 -8.241779 -0.853609 5.693393 -11.318729 21.091564 39.396259 -25.486465 8.818949
-24.983896 22.727541 -14.073698 1.462113 -15.836209 10.696934 5.925121 6.669683 14.001326 20.169521 -7.341441 -33.218113 -2.653639 7.795265 14.293566 -2.167234 7.914474 -5.342805 -20.488386 10.928331 14.518183 -17.203798 -7.616741 -1.030004 6.181091 -11.459416 21.165737 39.774597 -25.213541 9.323715
-24.995403 22.717104 -13.956913 1.823400 -16.023506 10.634280 5.918391 6.756768 13.882950 20.373291 -7.592439 -33.413303 -2.679211 7.494555 14.222966 -2.070621 7.997705 -5.517715 -20.037783 10.543121 14.435344 -16.731180 -6.891577 -1.351325 6.649935 -11.463006 21.227612 40.189526 -25.015661 9.607357
-24.788271 22.675802 -13.940421 2.268022 -16.085985 10.519980 6.047951 6.900100 13.952728 20.448666 -7.728422 -33.571033 -2.848468 7.139780 14.411091 -1.979832 7.758856 -5.700580 -19.624413 10.062594 14.369527 -16.579714 -6.410673 -1.537176 6.925403 -11.445539 21.244005 40.278057 -24.877680 9.783731
-24.876013 22.602999 -13.907545 2.739442 -16.177294 10.488493 6.179944 7.017391 13.980612 20.592178 -7.888299 -33.671597 -2.940361 6.933173 14.555480 -1.846191 7.550591 -5.846759 -19.393847 9.752723 14.396669 -16.441816 -6.148507 -1.713637 7.140205 -11.426729 21.329748 40.475815 -24.892803 9.949886
-24.909311 22.609850 -13.859537 3.010776 -16.286482 10.369377 6.254888 7.183009 13.968163 20.638550 -7.894387 -33.769638 -2.945796 6.852582 14.594583 -1.945555 7.536288 -5.854206 -19.229006 9.621043 14.458014 -16.505484 -6.028434 -1.753859 7.270034 -11.455330 21.351997 40.508049 -24.826990 10.108060
-24.857283 22.600227 -13.845409 3.066252 -16.282682 10.320728 6.311060 7.245846 13.998505 20.631958 -7.945173 -33.805275 -2.957954 6.794374 14.583025 -1.904052 7.537886 -5.892822 -19.169872 9.542826 14.446134 -16.452253 -5.975155 -1.783081 7.328625 -11.454420 21.346514 40.567299 -24.887373 10.114667
-24.857283 22.600227 -13.845409 3.066252 -16.282682 10.320728 6.311060 7.245846 13.998505 20.631958 -7.945173 -33.805275 -2.957954 6.794374 14.583025 -1.904052 7.537886 -5.892822 -19.169872 9.542826 14.446134 -16.452253 -5.975155 -1.783081 7.328625 -11.454420 21.346514 40.567299 -24.887373 10.114667
-24.857283 22.600227 -13.845409 3.066252 -16.282682 10.320728 6.311060 7.245846 13.998505 20.631958 -7.945173 -33.805275 -2.957954 6.794374 14.583025 -1.904052 7.537886 -5.892822 -19.169872 9.542826 14.446134 -16.452253 -5.975155 -1.783081 7.328625 -11.454420 21.346514 40.567299 -24.887373 10.114667
-24.857512 22.599936 -13.845921 3.069198 -16.282944 10.320168 6.311472 7.246150 13.999411 20.630941 -7.945721 -33.804993 -2.956688 6.795018 14.581151 -1.904516 7.539210 -5.892020 -19.170311 9.543229 14.446109 -16.452196 -5.975206 -1.783159 7.328640 -11.454478 21.346529 40.567390 -24.887331 10.114779
-24.857512 22.599936 -13.845921 3.069198 -16.282944 10.320168 6.311472 7.246150 13.999411 20.630941 -7.945721 -33.804993 -2.956688 6.795018 14.581151 -1.904516 7.539210 -5.892020 -19.170311 9.543229 14.446822 -16.451616 -5.976723 -1.786720 7.330276 -11.455727 21.347248 40.570694 -24.889635 10.117927
-24.857512 22.599936 -13.845921 3.069198 -16.282944 10.320168 6.311472 7.246150 13.999411 20.630941 -7.945651 -33.804966 -2.956908 6.794853 14.581300 -1.904466 7.539052 -5.892050 -19.170420 9.543199 14.446822 -16.451616 -5.976723 -1.786720 7.330276 -11.455727 21.347248 40.570694 -24.889635 10.117927
-24.857512 22.599936 -13.845921 3.069198 -16.282944 10.320168 6.311472 7.246150 13.999411 20.630941 -7.945651 -33.804966 -2.956908 6.794853 14.581300 -1.904466 7.539052 -5.892050 -19.170420 9.543199 14.446822 -16.451616 -5.976723 -1.786720 7.330276 -11.455727 21.347248 40.570694 -24.889635 10.117927
-24.857283 22.600227 -13.845409 3.066252 -16.282682 10.320728 6.311060 7.245846 13.998505 20.631958 -7.945105 -33.805244 -2.958175 6.794210 14.583174 -1.904004 7.537726 -5.892853 -19.169985 9.542797 14.446942 -16.452818 -5.976763 -1.786914 7.330054 -11.455816 21.347107 40.570126 -24.889544 10.117271
-24.864193 22.595482 -13.848989 3.064546 -16.282600 10.317091 6.309428 7.250908 13.997686 20.636024 -7.944082 -33.804996 -2.958577 6.793530 14.582990 -1.904046 7.537626 -5.893198 -19.170454 9.542830 14.445985 -16.449858 -5.979631 -1.786124 7.328514 -11.458788 21.348087 40.572319 -24.883175 10.120613
-24.864923 22.595213 -13.849058 3.064661 -16.282471 10.317290 6.309562 7.250930 13.997502 20.636372 -7.943810 -33.804863 -2.958684 6.793243 14.582909 -1.904008 7.537609 -5.893183 -19.170706 9.542980 14.445911 -16.450081 -5.979256 -1.786134 7.328527 -11.458572 21.348167 40.572083 -24.882998 10.120703
-24.865156 22.594921 -13.849569 3.067608 -16.282732 10.316730 6.309974 7.251232 13.998409 20.635353 -7.944360 -33.804581 -2.957415 6.793888 14.581033 -1.904472 7.538935 -5.892380 -19.171141 9.543384 14.445884 -16.450022 -5.979309 -1.786212 7.328543 -11.458630 21.348183 40.572178 -24.882957 10.120815
-24.865156 22.594921 -13.849569 3.067608 -16.282732 10.316730 6.309974 7.251232 13.998409 20.635353 -7.944360 -33.804581 -2.957415 6.793888 14.581033 -1.904472 7.538935 -5.892380 -19.171141 9.543384 14.445884 -16.450022 -5.979309 -1.786212 7.328543 -11.458630 21.348183 40.572178 -24.882957 10.120815
-24.865156 22.594921 -13.849569 3.067608 -16.282732 10.316730 6.309974 7.251232 13.998409 20.635353 -7.944360 -33.804581 -2.957415 6.793888 14.581033 -1.904472 7.538935 -5.892380 -19.171141 9.543384 14.445884 -16.450022 -5.979309 -1.786212 7.328543 -11.458630 21.348183 40.572178 -24.882957 10.120815
-24.864923 22.595213 -13.849058 3.064661 -16.282471 10.317290 6.309562 7.250930 13.997502 20.636372 -7.943810 -33.804863 -2.958684 6.793243 14.582909 -1.904008 7.537609 -5.893183 -19.170706 9.542980 14.445911 -16.450081 -5.979256 -1.786134 7.328527 -11.458572 21.348167 40.572083 -24.882998 10.120703
-24.864504 22.594788 -13.849778 3.068125 -16.282911 10.316271 6.309834 7.251484 13.998547 20.635254 -7.944360 -33.804581 -2.957415 6.793888 14.581033 -1.904472 7.538935 -5.892380 -19.171141 9.543384 14.445996 -16.450165 -5.979462 -1.786069 7.328287 -11.458671 21.348160 40.572071 -24.882738 10.120728
-27.679981 20.399836 -15.576855 8.276072 -16.753508 8.276545 6.950540 9.637007 14.831970 22.292490 -12.497968 -31.899269 -1.124475 10.123600 10.675673 -3.324548 11.147790 -2.112128 -20.192339 9.776744 13.099024 -18.636950 -3.463858 -4.215195 8.500810 -11.503096 21.128546 40.042114 -23.695379 10.570716
-27.679981 20.399836 -15.576855 8.276072 -16.753508 8.276545 6.950540 9.637007 14.831970 22.292490 -12.497968 -31.899269 -1.124475 10.123600 10.675673 -3.324548 11.147790 -2.112128 -20.192339 9.776744 13.099024 -18.636950 -3.463858 -4.215195 8.500810 -11.503096 21.128546 40.042114 -23.695379 10.570716
-27.679981 20.399836 -15.576855 8.276072 -16.753508 8.276545 6.950540 9.637007 14.831970 22.292490 -12.497968 -31.899269 -1.124475 10.123600 10.675673 -3.324548 11.147790 -2.112128 -20.192339 9.776744 13.099024 -18.636950 -3.463858 -4.215195 8.500810 -11.503096 21.128546 40.042114 -23.695379 10.570716
-27.679981 20.399836 -15.576855 8.276072 -16.753508 8.276545 6.950540 9.637007 14.831970 22.292490 -12.497968 -31.899269 -1.124475 10.123600 10.675673 -3.324548 11.147790 -2.112128 -20.192339 9.776744 13.099024 -18.636950 -3.463858 -4.215195 8.500810 -11.503096 21.128546 40.042114 -23.695379 10.570716
-27.679981 20.399836 -15.576855 8.276072 -16.753508 8.276545 6.950540 9.637007 14.831970 22.292490 -12.497968 -31.899269 -1.124475 10.123600 10.675673 -3.324548 11.147790 -2.112128 -20.192339 9.776744 13.099024 -18.636950 -3.463858 -4.215195 8.500810 -11.503096 21.128546 40.042114 -23.695379 10.570716
-27.790697 20.299395 -15.721609 7.098914 -16.549623 8.339609 6.816453 9.758707 14.618116 22.738289 -12.479061 -31.987202 -0.450075 10.492497 9.810925 -3.647865 11.953177 -1.929850 -20.393423 10.022147 13.336194 -18.684473 -3.385994 -4.441553 8.604504 -11.500929 21.043087 40.025734 -23.867126 10.483576
-27.808317 20.310558 -15.695637 6.790476 -16.541689 8.326858 6.754546 9.790380 14.525864 22.777863 -12.470370 -31.958870 -0.395041 10.387312 9.761420 -3.714711 12.066070 -1.981709 -20.427511 10.117833 13.331923 -18.762373 -3.337732 -4.422369 8.637648 -11.515585 21.000549 40.044319 -23.944654 10.469341
-27.802471 20.321699 -15.620520 6.802913 -16.584509 8.272175 6.736760 9.820005 14.480614 22.745602 -12.467037 -31.955542 -0.351974 10.311234 9.775805 -3.767338 12.154495 -2.089901 -20.387060 10.170283 13.353683 -18.795996 -3.322891 -4.402119 8.625422 -11.518936 20.992352 40.023033 -23.955956 10.459557
-27.791811 20.324352 -15.613094 6.829780 -16.591070 8.279031 6.740211 9.811616 14.480587 22.745131 -12.445464 -31.963795 -0.355826 10.321923 9.773746 -3.764617 12.147300 -2.079858 -20.390745 10.151828 13.357366 -18.763056 -3.316091 -4.359646 8.616706 -11.477106 21.011063 40.028126 -23.960413 10.440351
-27.786127 20.328726 -15.610187 6.826101 -16.589615 8.283251 6.740406 9.805973 14.481037 22.741693 -12.447233 -31.962215 -0.357884 10.321796 9.774150 -3.763976 12.146462 -2.078202 -20.391741 10.151559 13.360983 -18.752724 -3.321692 -4.347287 8.611930 -11.472195 21.014708 40.029972 -23.966257 10.439151
-27.786127 20.328726 -15.610187 6.826101 -16.589615 8.283251 6.740406 9.805973 14.481037 22.741693 -12.447233 -31.962215 -0.357884 10.321796 9.774150 -3.763976 12.146462 -2.078202 -20.391741 10.151559 13.360826 -18.751940 -3.321830 -4.346119 8.610834 -11.471634 21.015650 40.029156 -23.966221 10.439878
-27.786963 20.329142 -15.607814 6.826405 -16.591541 8.281188 6.739455 9.807243 14.479265 22.740032 -12.447101 -31.961966 -0.357887 10.321742 9.774086 -3.764085 12.146049 -2.077863 -20.392063 10.151511 13.360697 -18.751884 -3.321953 -4.345695 8.610710 -11.471737 21.015459 40.029003 -23.966669 10.439632
-27.787561 20.329113 -15.606001 6.823084 -16.592569 8.279617 6.738379 9.808808 14.476984 22.740444 -12.448255 -31.961708 -0.357090 10.321188 9.774789 -3.765177 12.148170 -2.079642 -20.390518 10.152309 13.367500 -18.747936 -3.326192 -4.346180 8.609516 -11.470211 21.016993 40.030609 -23.965832 10.435511
-27.787561 20.329113 -15.606001 6.823084 -16.592569 8.279617 6.738379 9.808808 14.476984 22.740444 -12.448255 -31.961708 -0.357090 10.321188 9.774789 -3.765177 12.148170 -2.079642 -20.390518 10.152309 13.367321 -18.747932 -3.325960 -4.346507 8.609731 -11.470222 21.016991 40.030724 -23.965452 10.435696
-27.794371 20.322964 -15.612292 6.803316 -16.589937 8.277195 6.734552 9.814970 14.474052 22.746267 -12.453259 -31.962782 -0.347171 10.325503 9.762900 -3.769203 12.159321 -2.076251 -20.391787 10.157166 13.369519 -18.746340 -3.329832 -4.340262 8.604872 -11.470716 21.019028 40.031082 -23.973722 10.442630
-27.792070 20.323896 -15.611722 6.813347 -16.590673 8.277908 6.736307 9.813282 14.475417 22.747978 -12.442936 -31.961618 -0.351511 10.317217 9.764195 -3.768608 12.154594 -2.080058 -20.396181 10.156413 13.358752 -18.764008 -3.317443 -4.350299 8.612626 -11.475109 21.012157 40.025978 -23.969902 10.443029
-27.791719 20.324373 -15.611294 6.814678 -16.590815 8.278291 6.736717 9.812866 14.475557 22.747969 -12.442453 -31.960970 -0.352175 10.316949 9.764329 -3.768203 12.153975 -2.080331 -20.396597 10.155997 13.359438 -18.762869 -3.318166 -4.346765 8.611693 -11.474480 21.012285 40.025352 -23.971014 10.442614
-27.791719 20.324373 -15.611294 6.814678 -16.590815 8.278291 6.736717 9.812866 14.475557 22.747969 -12.442453 -31.960970 -0.352175 10.316949 9.764329 -3.768203 12.153975 -2.080331 -20.396597 10.155997 13.359438 -18.762869 -3.318166 -4.346765 8.611693 -11.474480 21.012285 40.025352 -23.971014 10.442614
-27.791719 20.324373 -15.611294 6.814678 -16.590815 8.278291 6.736717 9.812866 14.475557 22.747969 -12.442453 -31.960970 -0.352175 10.316949 9.764329 -3.768203 12.153975 -2.080331 -20.396597 10.155997 13.359163 -18.762558 -3.318258 -4.346549 8.611769 -11.474503 21.012321 40.025661 -23.971014 10.442719
-27.791719 20.324373 -15.611294 6.814678 -16.590815 8.278291 6.736717 9.812866 14.475557 22.747969 -12.442575 -31.960844 -0.352221 10.317051 9.764749 -3.768513 12.153745 -2.080371 -20.396870 10.156264 13.359438 -18.762869 -3.318166 -4.346765 8.611693 -11.474480 21.012285 40.025352 -23.971014 10.442614
-27.794981 20.322508 -15.613054 6.823582 -16.591806 8.277036 6.738464 9.814829 14.477600 22.747696 -12.445210 -31.960503 -0.351300 10.319113 9.764372 -3.768661 12.154820 -2.079434 -20.395983 10.156201 13.360302 -18.759022 -3.320638 -4.341995 8.608443 -11.473263 21.014164 40.024391 -23.973089 10.443883
-27.791517 20.323702 -15.612078 6.801795 -16.589193 8.278152 6.733792 9.813036 14.473766 22.747738 -12.448256 -31.963373 -0.346000 10.322493 9.760224 -3.770532 12.159400 -2.076681 -20.394274 10.157444 13.359897 -18.761930 -3.319208 -4.346183 8.609871 -11.474203 21.013538 40.024555 -23.970621 10.443876
-27.792702 20.323198 -15.611771 6.801251 -16.589733 8.277266 6.733564 9.814275 14.472839 22.748657 -12.446585 -31.963543 -0.347384 10.320179 9.761949 -3.770299 12.158931 -2.078717 -20.394579 10.158296 13.365332 -18.756248 -3.323923 -4.348176 8.609472 -11.474445 21.015068 40.028442 -23.969152 10.442261
-27.793131 20.324343 -15.610704 6.814610 -16.591049 8.278116 6.736909 9.813354 14.475153 22.747612 -12.444783 -31.961185 -0.352284 10.317367 9.766851 -3.768902 12.154042 -2.081356 -20.395081 10.156917 13.365258 -18.755991 -3.323187 -4.345254 8.608496 -11.472383 21.015310 40.026180 -23.971586 10.440990
-27.792572 20.324648 -15.610319 6.814462 -16.591217 8.278015 6.736900 9.813307 14.475153 22.747231 -12.444783 -31.961185 -0.352284 10.317367 9.766851 -3.768902 12.154042 -2.081356 -20.395081 10.156917 13.365470 -18.756271 -3.322763 -4.345356 8.608961 -11.471880 21.015120 40.026291 -23.972382 10.440195
-27.792572 20.324648 -15.610319 6.814462 -16.591217 8.278015 6.736900 9.813307 14.475153 22.747231 -12.444783 -31.961185 -0.352284 10.317367 9.766851 -3.768902 12.154042 -2.081356 -20.395081 10.156917 13.364875 -18.757662 -3.321755 -4.347350 8.610153 -11.472300 21.014452 40.026802 -23.971449 10.439602
