-0.120323 -18.405758 12.261206 -18.136009 -3.934176 -15.402069 -19.659798 -10.823906 15.827558 -4.562447 11.048894 10.754670 -1.951411 -0.778211 17.297150 6.084660 11.945729 9.985808 -3.571732 -21.261810 2.413991 8.205310 20.691362 -22.012276 -19.561338 -26.122097 -3.788723 1.248089 3.169019 -4.567405
0.699990 -18.460680 11.721407 -18.000292 -3.867938 -15.699378 -19.949020 -10.842676 15.742578 -4.277061 10.338760 10.674102 -1.895540 -0.846463 17.444916 5.498644 11.214548 10.746098 -3.543048 -21.311121 2.050686 8.068156 19.736418 -22.239693 -19.600157 -26.273109 -4.212527 2.082499 4.128245 -5.061034
2.312201 -18.272020 10.463040 -17.824549 -3.849974 -16.497509 -20.384363 -10.442684 15.547227 -3.937022 9.106554 10.693988 -2.278585 -0.708642 17.734459 4.321614 10.287288 11.562980 -3.485075 -21.692896 1.661417 7.335748 18.332151 -22.655504 -19.645653 -26.386845 -4.626675 2.945117 5.762361 -5.445493
4.224799 -18.451900 8.661744 -17.930504 -3.449302 -17.548948 -20.907825 -9.967114 15.558333 -3.663825 7.430984 10.236219 -2.747989 -0.836280 17.853783 2.802172 8.999137 12.990691 -3.339155 -22.251822 1.142611 6.727023 16.464350 -22.826103 -19.738049 -27.673147 -5.970015 4.196295 7.713380 -5.874196
5.485036 -18.153727 6.586339 -17.613228 -3.727715 -18.419970 -21.993767 -9.689376 15.167681 -3.548759 5.934891 10.218213 -3.817908 -0.424632 17.736351 1.271899 8.659289 13.520123 -3.619295 -22.909601 -0.440983 5.794318 14.098181 -22.096077 -19.775698 -29.393576 -7.684567 6.023449 9.862044 -6.294825
7.309301 -17.604967 4.409121 -17.729225 -3.650169 -19.891180 -22.152905 -8.310004 15.056209 -3.767145 4.322285 9.952985 -4.438564 -0.388297 17.616203 0.027726 7.843255 14.468387 -3.760837 -23.341331 -3.330174 5.067450 12.259457 -21.218580 -20.189178 -31.475718 -9.759143 7.227709 10.240999 -6.707682
8.624189 -16.700914 2.781847 -17.373514 -4.001358 -20.690584 -22.549221 -7.530700 14.628219 -3.574634 3.246767 9.532561 -4.927302 -0.452502 17.586498 -1.520949 7.465230 15.023738 -4.025296 -23.336138 -6.451266 3.679049 10.176876 -20.150265 -20.728321 -33.942612 -11.844918 8.288404 10.031392 -6.857335
9.919824 -15.739038 1.191597 -16.967430 -4.502486 -21.573860 -23.002390 -6.666217 14.173307 -3.487616 2.183618 8.583224 -4.912958 -1.035941 17.438957 -2.983990 6.816025 15.776979 -3.919275 -23.278275 -8.026477 1.988879 8.285208 -19.240768 -20.645658 -34.579994 -12.369971 9.433096 10.925547 -6.714296
10.121679 -14.949343 0.560149 -16.746353 -5.047132 -22.110136 -23.224157 -6.014214 13.776489 -3.796888 1.502077 8.194460 -4.938149 -1.264507 17.449711 -3.567894 6.289606 16.285118 -3.855346 -23.310677 -9.128543 0.864434 7.652736 -18.793514 -20.520039 -34.284946 -12.268962 9.827198 11.369006 -6.672686
10.277378 -14.452891 0.215607 -16.341164 -5.396394 -22.142101 -23.417854 -5.898702 13.505597 -3.752068 0.787546 7.966887 -4.940719 -1.429566 17.441528 -3.624297 5.829492 16.709803 -3.786171 -23.269899 -9.608390 0.220276 7.282516 -18.560907 -20.353796 -34.070763 -12.153710 10.144771 11.256169 -6.704185
9.828089 -14.658316 0.511229 -16.512890 -5.238679 -21.905447 -23.237202 -6.052849 13.671621 -3.826535 1.021182 8.113479 -4.846069 -1.324498 17.522892 -3.367108 5.828824 16.600550 -3.804187 -23.249691 -9.611019 0.378371 7.619186 -18.556620 -20.422394 -34.102875 -12.152414 9.874847 11.536832 -6.584201
7.997186 -16.271467 2.832376 -17.598288 -3.803471 -20.684706 -21.118471 -6.471700 15.202009 -4.471638 2.269935 9.355979 -3.907337 -0.965821 17.757431 -0.436513 5.833987 16.027298 -3.789767 -23.111166 -8.707856 2.127741 11.556908 -19.413845 -20.532579 -32.728592 -11.367457 7.520039 12.187056 -6.487760
4.921691 -17.781496 8.182461 -18.278147 -2.062165 -17.777046 -16.880877 -7.173257 17.562120 -5.128664 5.727096 10.525901 -0.879086 -1.478688 18.451008 4.865742 6.314294 14.241942 -3.344634 -21.281197 -2.980555 2.630251 17.797794 -21.150213 -19.591616 -26.903267 -5.291624 2.730597 10.885301 -4.127889
0.838847 -17.537779 15.140453 -16.393238 -2.370006 -13.092882 -13.565757 -9.346735 18.621550 -4.829176 11.792010 9.848809 1.861862 -2.314293 17.284626 9.566825 9.667074 10.646129 -3.947325 -18.892088 1.835945 4.939137 26.007345 -18.628710 -18.813747 -26.231459 -1.549552 -3.255482 3.288806 -0.006124
-3.156056 -16.005827 20.549873 -14.615422 -1.843310 -7.346840 -9.742805 -11.887532 20.274021 -3.012038 15.277962 7.729139 5.284560 -3.705134 14.837304 15.481791 10.875307 9.670020 -6.656021 -14.765014 8.708802 3.121762 25.812309 -20.420519 -18.387985 -22.900715 4.232070 -5.746239 -3.358656 2.269259
-4.932990 -13.826336 20.632303 -12.707157 -1.144183 -3.211184 -7.886556 -13.669962 21.885250 -0.943853 15.980709 6.537813 6.186370 -3.999305 12.485221 17.177633 13.143592 7.410570 -11.385571 -10.464721 14.691267 -1.575570 25.905613 -20.380751 -14.995242 -20.152784 7.786158 -4.043374 -4.729948 2.724010
-5.675649 -10.264415 18.820955 -10.515701 -2.379612 -0.756213 -8.729429 -15.209913 21.084986 1.466149 16.019547 5.298750 5.420342 -3.978118 10.865821 14.897471 15.975234 4.759285 -15.065637 -7.099731 14.356343 -7.372437 23.808977 -20.177092 -14.752188 -19.087851 9.704530 -4.454532 -3.706496 4.661376
-6.258131 -8.263908 17.473314 -8.997231 -3.544879 0.832619 -10.657914 -17.136002 19.750113 3.672596 15.489929 4.532091 4.113825 -3.662113 9.738894 12.427621 18.503614 2.309163 -18.026550 -4.847723 11.016368 -11.761692 23.569986 -18.991785 -14.732143 -16.923800 11.682168 -4.934815 -1.085798 6.589353
-4.263787 -7.264333 15.520819 -7.140729 -5.491672 0.443887 -14.050009 -18.369511 17.868822 5.133550 14.908207 5.034004 2.188356 -2.688965 9.001882 11.913924 19.735270 1.808197 -18.051014 -6.810486 9.051966 -15.690295 23.980659 -18.049158 -14.277832 -15.464932 12.496461 -5.703456 1.043082 7.661616
-3.171679 -7.036338 14.899453 -6.207994 -6.364967 0.324459 -15.718556 -19.195768 17.036436 5.867914 14.321154 5.181798 0.677373 -2.051727 8.532979 11.523585 20.361803 1.647943 -17.754559 -8.433905 8.203039 -17.235733 24.207699 -17.774609 -14.042842 -14.565889 13.007724 -5.882592 1.883484 7.902265
-2.998067 -7.004214 14.772268 -6.108351 -6.472599 0.329011 -15.923404 -19.292080 16.957962 5.967820 14.186895 5.251085 0.394430 -1.973702 8.495200 11.405890 20.425203 1.675156 -17.739330 -8.704881 7.954843 -17.381062 24.294947 -17.712051 -14.069119 -14.417830 13.098400 -5.949649 1.962817 7.936383
-2.621096 -7.146473 14.661850 -5.936736 -6.464849 0.278448 -16.126488 -19.445559 16.889183 6.175519 14.094309 5.619658 0.025839 -1.684030 8.536207 11.367455 20.644308 1.445312 -17.799620 -9.050537 7.731261 -17.394567 24.315783 -17.651762 -14.058355 -14.325792 13.137017 -5.806118 2.243853 7.864030
-1.967605 -7.667138 14.475529 -5.516039 -6.695415 -0.027180 -16.951748 -19.828285 16.575434 6.266909 13.900795 5.971595 -0.501221 -1.402704 8.458493 11.286416 20.860628 1.483220 -17.752558 -9.773266 7.065922 -17.468298 24.396030 -17.626991 -14.163548 -13.958607 13.311379 -5.749225 2.833870 7.781703
-1.327330 -7.794110 14.291754 -5.070292 -7.019674 -0.029778 -17.800041 -20.415108 16.260857 6.593779 13.294915 6.559724 -1.395066 -0.840806 8.656657 11.322751 20.406139 2.392107 -17.284254 -11.120766 6.174758 -17.734415 25.104361 -17.251837 -14.134663 -13.630806 13.354855 -5.948442 4.017096 7.883691
-0.295766 -8.136496 13.616564 -4.493877 -7.233205 -0.117573 -18.730330 -20.946461 15.956259 6.954118 12.825846 6.971652 -2.197700 -0.381202 8.738788 11.321506 20.097055 2.841524 -17.038523 -12.174243 4.857300 -17.402414 26.628181 -17.171099 -14.269491 -12.786895 13.474725 -6.723691 5.313773 7.784522
0.760885 -8.779023 13.082259 -4.082362 -7.384227 -0.515279 -19.587090 -21.298927 15.933968 6.866914 12.283119 7.643436 -3.029596 0.112620 9.170660 10.937020 19.753836 3.212867 -16.803898 -13.127692 4.376256 -16.391869 28.024483 -17.260906 -14.346443 -11.964635 13.763796 -7.384638 5.419518 7.625840
1.710731 -9.240985 12.636917 -3.819391 -7.350969 -0.840263 -19.996155 -21.410908 16.008631 6.958547 11.637115 7.847839 -3.918365 0.557290 9.366454 10.724572 19.400570 3.541059 -16.561350 -14.028760 4.376990 -15.097440 29.072550 -17.381636 -14.518440 -11.490257 13.972531 -8.078974 5.273598 7.569448
2.444016 -9.548888 12.156382 -3.819173 -6.937489 -0.969552 -19.722273 -21.250057 16.431665 6.929895 11.310577 7.942803 -4.190788 0.707140 9.688558 10.526967 18.937983 3.972799 -16.569252 -14.248214 4.435572 -13.897906 29.327791 -17.530085 -14.646262 -11.065471 14.167027 -7.927887 5.624589 7.290081
2.691060 -9.739164 11.917556 -3.955307 -6.698812 -1.230153 -19.459574 -20.899689 16.623419 6.861231 10.901711 8.148784 -4.605722 1.049953 9.818290 10.323091 18.717207 4.095769 -16.539135 -14.646110 4.686656 -12.982181 28.988468 -17.866650 -14.863619 -11.331038 13.881420 -7.752875 5.777140 7.042151
2.696200 -9.712872 12.022779 -3.873066 -6.826322 -1.299976 -19.608177 -20.931208 16.411375 6.843921 10.725604 8.261909 -4.844317 1.138108 9.887774 10.118484 18.640766 4.095747 -16.484674 -14.820930 4.587694 -12.852639 28.651291 -17.873911 -14.911981 -11.477643 13.718690 -7.574957 6.067199 6.983026
2.654018 -9.707595 12.076336 -3.917741 -6.802599 -1.314244 -19.551014 -20.891731 16.412453 6.828655 10.764357 8.260246 -4.802061 1.126738 9.910546 10.130078 18.621756 4.097428 -16.506498 -14.770133 4.570516 -12.865760 28.662880 -17.869654 -14.892183 -11.463202 13.721460 -7.560878 6.161040 6.987388
2.654029 -9.707644 12.076473 -3.919115 -6.802463 -1.314100 -19.551197 -20.891748 16.412071 6.828950 10.764503 8.260264 -4.802138 1.126518 9.910495 10.130022 18.621748 4.097457 -16.506655 -14.770118 4.570717 -12.864915 28.663298 -17.871267 -14.890916 -11.463991 13.721289 -7.559737 6.160268 6.988737
2.655870 -9.706577 12.077270 -3.921376 -6.802280 -1.313313 -19.551796 -20.893116 16.411873 6.827704 10.764206 8.260354 -4.802090 1.126632 9.910357 10.130015 18.621704 4.097559 -16.506647 -14.769998 4.570717 -12.864915 28.663298 -17.871267 -14.890916 -11.463991 13.721289 -7.559737 6.160268 6.988737
2.654668 -9.707289 12.076353 -3.918672 -6.802402 -1.314104 -19.551342 -20.892262 16.412497 6.827835 10.764399 8.260608 -4.802790 1.126029 9.910875 10.130284 18.621094 4.097349 -16.506907 -14.770017 4.570313 -12.865373 28.664129 -17.872904 -14.890030 -11.464307 13.721295 -7.559229 6.160460 6.989287
2.654668 -9.707289 12.076353 -3.918672 -6.802402 -1.314104 -19.551342 -20.892262 16.412497 6.827835 10.764399 8.260608 -4.802790 1.126029 9.910875 10.130284 18.621094 4.097349 -16.506907 -14.770017 4.570242 -12.864948 28.663843 -17.872835 -14.890116 -11.464687 13.721252 -7.558941 6.160605 6.989660
2.654144 -9.707502 12.076630 -3.919359 -6.802281 -1.313999 -19.550913 -20.891657 16.411940 6.829594 10.763455 8.260657 -4.802401 1.126650 9.910404 10.130102 18.621511 4.097792 -16.506765 -14.769766 4.570572 -12.864690 28.662878 -17.871473 -14.891012 -11.464502 13.721234 -7.559494 6.160440 6.989235
2.653827 -9.707675 12.076288 -3.920060 -6.802206 -1.314146 -19.551085 -20.891418 16.411774 6.829543 10.763713 8.260621 -4.802511 1.126526 9.910689 10.130208 18.621246 4.097575 -16.506701 -14.769871 4.570534 -12.864537 28.662893 -17.871363 -14.891020 -11.464603 13.721123 -7.559396 6.160497 6.989154
-1.020764 -9.809744 12.863717 -6.693053 -10.458531 -6.440643 -23.280502 -17.656614 13.332180 1.685192 10.629461 7.116730 -5.707791 -1.302317 9.244134 9.489045 21.360651 2.818514 -9.627640 -20.618298 -0.607525 -7.757594 27.922522 -7.856337 -16.827347 -23.067638 5.804429 -6.309163 1.426651 6.589399
-1.020764 -9.809744 12.863717 -6.693053 -10.458531 -6.440643 -23.280502 -17.656614 13.332180 1.685192 10.629461 7.116730 -5.707791 -1.302317 9.244134 9.489045 21.360651 2.818514 -9.627640 -20.618298 -0.607525 -7.757594 27.922522 -7.856337 -16.827347 -23.067638 5.804429 -6.309163 1.426651 6.589399
-1.020764 -9.809744 12.863717 -6.693053 -10.458531 -6.440643 -23.280502 -17.656614 13.332180 1.685192 10.629461 7.116730 -5.707791 -1.302317 9.244134 9.489045 21.360651 2.818514 -9.627640 -20.618298 -0.607525 -7.757594 27.922522 -7.856337 -16.827347 -23.067638 5.804429 -6.309163 1.426651 6.589399
-1.209437 -9.636774 13.312809 -7.774012 -10.882039 -6.741988 -23.836941 -17.512810 12.564675 1.564408 10.578031 7.445553 -5.861656 -1.823286 9.290929 8.706338 21.942850 2.227929 -9.929085 -20.308302 -1.618151 -6.887251 28.044521 -9.280376 -16.224943 -22.992075 5.907141 -5.171915 1.049591 6.916440
-1.532038 -9.771883 13.260118 -7.577139 -10.951046 -6.912255 -23.792950 -17.256752 12.513495 1.737196 10.368706 7.481744 -5.689775 -1.726762 9.250997 8.582681 22.121815 2.173852 -9.833391 -20.219465 -1.873451 -6.611378 27.917257 -9.447686 -16.385498 -22.756569 6.078005 -5.116616 0.775007 6.778609
-1.545663 -9.778942 13.260280 -7.579140 -10.952503 -6.919996 -23.789869 -17.243496 12.509206 1.744894 10.367075 7.474442 -5.670489 -1.719073 9.249785 8.572555 22.134481 2.159486 -9.821756 -20.211348 -1.867996 -6.620197 27.906500 -9.416216 -16.406326 -22.750050 6.077468 -5.132176 0.771989 6.759990
-1.547708 -9.778551 13.262940 -7.584656 -10.952077 -6.924395 -23.787163 -17.236719 12.506432 1.745257 10.368228 7.476368 -5.662596 -1.725187 9.248160 8.572823 22.140799 2.158252 -9.817430 -20.207512 -1.866606 -6.611924 27.908327 -9.422861 -16.405249 -22.727482 6.089869 -5.128657 0.781484 6.755107
-1.586244 -9.803685 13.248976 -7.585713 -10.952474 -6.935428 -23.781353 -17.207262 12.499190 1.780006 10.361034 7.464806 -5.633301 -1.703149 9.226661 8.568147 22.162922 2.164956 -9.806624 -20.199526 -1.881080 -6.612129 27.909307 -9.416432 -16.420986 -22.719978 6.088264 -5.142077 0.757913 6.749171
-1.559133 -9.784994 13.260919 -7.570143 -10.954391 -6.927521 -23.782707 -17.228491 12.505379 1.757625 10.362129 7.473904 -5.653844 -1.712114 9.237977 8.574353 22.149668 2.166593 -9.811834 -20.206903 -1.878216 -6.631285 27.935751 -9.445511 -16.396626 -22.724415 6.086279 -5.136358 0.773495 6.756637
-1.558905 -9.784698 13.261158 -7.567690 -10.954610 -6.927297 -23.782104 -17.228710 12.505727 1.757636 10.361895 7.473648 -5.654738 -1.711804 9.239287 8.574857 22.148750 2.166215 -9.811204 -20.207064 -1.878524 -6.631070 27.935785 -9.444496 -16.397713 -22.724613 6.086451 -5.136707 0.773164 6.756274
-1.578263 -9.798481 13.251551 -7.585636 -10.952662 -6.934365 -23.783298 -17.213354 12.501801 1.769661 10.369956 7.468798 -5.644279 -1.713474 9.228463 8.572449 22.157757 2.169078 -9.814138 -20.203873 -1.873599 -6.640422 27.939154 -9.433853 -16.403763 -22.716864 6.081176 -5.150068 0.761888 6.738857
-1.578331 -9.798283 13.252086 -7.587230 -10.952585 -6.934255 -23.783546 -17.213326 12.501284 1.770286 10.370623 7.468287 -5.646365 -1.714849 9.230802 8.573293 22.155643 2.168236 -9.813933 -20.204279 -1.874632 -6.641518 27.940527 -9.437117 -16.401344 -22.717281 6.080602 -5.149585 0.760787 6.740446
-1.568850 -9.792780 13.256241 -7.590727 -10.951930 -6.930645 -23.785234 -17.220741 12.501324 1.763600 10.371901 7.468585 -5.649990 -1.716233 9.235730 8.574262 22.151091 2.164279 -9.812933 -20.205080 -1.872288 -6.632901 27.928373 -9.418673 -16.410892 -22.717127 6.076534 -5.152620 0.759783 6.731221
