17.369310 -3.345219 5.382421 -3.691865 -4.817673 -13.807431 -2.710402 2.749612 18.360174 7.447391 -12.435471 3.349954 14.358895 -10.877205 14.527666 -1.309084 -1.219551 19.040192 -7.283728 -6.117486 -2.831692 -4.416098 22.912012 6.790554 -14.131552 -24.707754 -3.014858 8.404761 29.914171 -0.874320
17.254652 -3.319213 5.252855 -4.020774 -4.516377 -13.724487 -2.433570 2.825656 18.552729 7.446945 -12.198795 3.101820 14.448149 -10.841525 14.371720 -1.218873 -1.272960 19.245096 -7.247896 -6.242954 -3.050363 -4.895349 23.327345 6.849407 -13.826468 -24.610920 -3.154976 8.492348 29.766546 -1.191434
17.085760 -3.158107 4.890854 -4.666975 -3.965620 -13.692209 -1.905930 3.090104 18.952845 7.427311 -11.643540 2.230588 14.704621 -10.947187 13.908038 -0.871634 -1.672293 19.805401 -7.382070 -6.423317 -3.177692 -5.418616 23.953238 7.091809 -13.260527 -24.468561 -3.440187 8.901186 29.221994 -1.886406
16.632566 -3.043516 4.423301 -5.862826 -3.255151 -13.813301 -1.087558 3.809908 19.415770 7.489600 -10.741674 0.991126 15.145658 -11.242006 13.353101 -0.788374 -1.994233 20.246881 -7.538693 -6.363144 -2.674758 -6.504730 24.970938 6.578114 -12.052174 -23.743092 -3.481458 9.532677 28.271746 -3.118728
15.983995 -2.831970 4.132142 -6.759970 -2.709643 -13.789205 -0.300843 4.396900 19.812651 7.251983 -9.136896 -0.410082 15.754868 -11.538120 12.582302 -0.509392 -1.574082 20.242203 -7.479496 -6.352743 -2.067658 -7.617440 25.698450 6.077745 -11.183146 -23.155811 -3.374087 9.759905 27.577412 -3.900881
15.346054 -2.366535 4.018492 -7.549955 -2.230383 -13.816046 0.630990 5.096000 19.980055 7.224100 -7.628582 -1.688745 16.600109 -11.900801 11.993965 0.010726 -1.692348 20.570139 -7.674354 -6.136573 -1.687979 -8.397341 26.432312 5.639939 -10.443479 -22.488628 -3.055412 10.108263 26.739265 -4.703599
14.220837 -2.153830 3.819031 -8.244341 -1.877649 -13.727962 1.537871 5.865273 20.399340 6.706856 -6.554244 -3.129481 16.977556 -11.966492 11.628452 0.458763 -1.700263 20.479019 -7.583450 -5.952150 -1.412579 -9.249786 27.410503 4.572337 -9.559595 -21.415535 -2.758145 10.296503 25.462788 -5.975000
13.327066 -2.134146 4.053338 -8.829971 -1.559450 -13.356996 2.259539 6.147673 20.717861 6.512040 -5.679559 -3.926380 17.178719 -12.165618 11.531147 1.510044 -1.944007 20.355844 -7.537649 -5.884277 -1.177410 -9.483674 28.194628 4.169874 -8.928965 -20.540997 -2.313497 10.520661 24.353357 -6.735533
12.693114 -2.072208 4.119613 -9.092676 -1.318070 -13.052469 2.873113 6.381135 21.151333 5.945767 -5.061146 -4.521775 17.422766 -12.391670 11.412313 1.844762 -1.928067 20.116741 -7.616908 -5.619421 -0.938110 -9.595113 28.887465 3.816634 -8.621723 -20.027767 -2.044577 10.403370 23.600927 -7.206300
12.268364 -2.069602 4.132842 -9.203719 -1.237684 -12.833042 3.126311 6.454093 21.384686 5.587372 -4.556700 -4.982117 17.864109 -12.723433 11.192717 1.957584 -1.644964 19.877508 -7.692588 -5.282373 -0.697199 -9.452133 29.439941 3.987351 -8.414686 -19.758286 -1.759376 10.342255 22.982548 -7.243947
12.018199 -1.709458 4.400374 -9.195168 -1.148728 -12.469086 3.778863 6.625111 21.568075 5.541084 -4.565219 -5.272068 17.772535 -12.750906 11.021630 2.199389 -1.576850 19.826733 -7.718181 -5.290477 -0.657991 -9.302264 29.470503 4.150078 -8.317062 -19.632265 -1.608527 10.493575 22.678789 -7.305021
10.753336 -0.065700 5.885176 -9.016883 -1.110151 -11.206043 6.528449 7.661793 22.117495 5.120416 -5.315616 -7.268806 17.724159 -13.630187 9.564391 3.262679 -1.615475 19.074953 -8.319349 -5.400234 0.636249 -7.180779 30.902336 6.245241 -7.259325 -18.628529 -0.290482 11.411003 20.916801 -7.292630
9.710413 3.406112 8.618160 -5.644793 -2.454203 -7.766265 9.749297 7.343002 22.351429 6.058239 -8.723335 -10.268771 16.733398 -13.519182 8.304964 4.673769 -2.600381 15.597790 -9.018696 -6.924843 3.296402 -1.001755 34.975262 11.108291 -4.938465 -16.324516 1.890489 13.675016 15.268031 -8.338825
6.336857 9.158762 9.063881 0.155924 -6.608347 -2.911786 10.917447 6.564282 21.266832 7.647526 -14.750421 -17.094807 15.917274 -11.060556 6.210479 7.503258 -2.262027 9.466712 -7.874128 -8.021750 8.467608 4.047463 37.268967 18.973154 -1.890939 -12.135646 5.651200 16.863674 2.594508 -9.124471
1.320612 14.377748 6.754277 5.672660 -11.889231 1.468127 9.219903 5.861359 18.051680 12.656473 -18.589079 -23.563572 13.774786 -8.426695 0.436359 8.568020 2.437758 4.751048 -10.165592 -7.216692 12.316660 0.405525 31.601000 25.452404 -1.256051 -11.487725 10.401279 19.161303 -10.327205 -5.785813
-1.947333 18.940088 3.092713 8.379408 -16.172201 3.774715 6.510919 5.598463 13.995698 19.009457 -21.225306 -29.683830 5.511115 -4.740509 -0.017225 5.563939 6.545470 1.592016 -10.104998 -7.892516 15.663898 -5.057693 17.994011 24.208456 -0.320748 -15.430515 13.003651 24.111885 -20.233965 -0.509096
-5.377184 26.205362 -1.514216 3.682586 -19.227608 6.222277 2.475884 3.924891 9.668028 19.538767 -20.837107 -31.814079 -1.198324 -1.342425 2.889992 0.016373 10.234653 0.404786 -13.150433 -2.204742 18.287024 -13.469445 3.907177 20.813814 -0.138214 -15.094347 15.842357 27.893585 -24.235863 1.532843
-18.332186 25.255100 -10.979106 -2.618062 -15.885830 10.131578 3.448856 4.253237 12.789433 17.941313 -12.365222 -31.374386 -1.487178 5.652627 8.200442 -2.209562 10.588585 -1.556789 -21.577057 10.479156 16.119320 -16.600920 -12.183117 12.139489 -2.070001 -11.843742 20.338409 34.115868 -24.153830 2.504810
-24.628035 22.770670 -15.782082 -7.316167 -10.315948 15.985228 5.836113 0.745966 17.177614 18.976135 -6.207753 -29.043465 -2.825314 13.728786 13.812612 -1.018521 7.319617 -0.136743 -25.791086 15.558918 15.448091 -20.598047 -19.312891 4.626954 -4.018424 -13.134989 19.250269 33.594849 -28.627018 2.689681
-27.921946 19.975613 -17.965227 -7.270572 -7.561608 19.096893 6.876276 -1.663474 20.000446 19.967726 -3.360483 -26.762989 -4.173812 18.528294 16.994898 0.586344 5.262250 0.573953 -27.251493 16.275267 13.887419 -22.140516 -22.075197 1.234113 -5.426901 -14.883319 17.345711 32.316826 -34.067837 2.300871
-28.311356 19.554693 -18.205616 -6.963966 -7.439113 19.179659 6.923885 -1.701946 20.152452 20.059975 -3.205393 -26.536814 -4.430611 19.038294 17.405893 0.771711 5.090137 0.703580 -27.195234 16.100002 13.623853 -22.276310 -22.054911 0.757685 -5.428810 -15.146049 17.035107 32.147022 -34.562393 2.347552
-28.132818 20.162577 -18.049458 -6.671945 -7.976670 18.968477 6.952051 -1.275134 19.734602 20.384384 -3.474468 -27.316120 -4.395741 17.981670 17.093166 0.286151 5.149224 0.005450 -26.893181 15.836762 13.757424 -21.777178 -21.122999 1.110526 -4.458524 -14.632568 17.691067 32.957310 -33.747326 3.144077
-27.935266 20.945715 -17.949196 -5.891039 -9.446874 17.915840 6.280834 -0.261570 18.483686 20.542328 -4.288464 -28.560329 -4.156546 16.451170 16.518402 -0.393046 5.724037 -1.158285 -26.382803 15.420239 14.407396 -21.426107 -19.045218 1.250302 -2.397234 -14.031028 18.620863 34.383415 -31.841391 4.568727
-27.279921 21.661825 -17.525023 -4.400512 -11.069697 15.923862 6.173396 1.833744 17.233377 20.568031 -5.566921 -29.809509 -4.088851 14.665411 15.608241 -0.833885 6.605397 -2.277282 -24.798040 14.092800 14.259355 -20.774992 -16.885996 1.486612 -0.587913 -13.069637 19.330568 35.704857 -29.971907 5.175066
-26.431910 22.130568 -16.524597 -2.642396 -12.726353 14.154840 5.885747 3.466077 15.903841 20.758930 -6.140391 -30.965233 -3.632266 12.053247 15.268091 -1.538919 7.201369 -3.508250 -23.218126 13.279701 14.838106 -19.935873 -14.103443 0.746069 1.476443 -11.889303 20.427319 36.756210 -28.645193 6.304417
-25.414148 22.326853 -15.840050 -1.111107 -14.080295 12.466831 5.504886 4.800982 15.026158 20.393732 -6.693339 -31.891504 -2.876061 10.106972 14.596862 -1.663438 7.598747 -4.270840 -22.260273 12.716647 14.677486 -19.166285 -11.317076 -0.249155 3.529894 -11.365736 20.911406 37.875435 -26.942049 7.553188
-25.035563 22.487337 -14.678953 0.296256 -15.080603 11.180018 5.754441 6.086389 14.372114 20.155834 -6.886956 -32.824852 -2.635322 8.656101 14.372468 -2.035579 7.873816 -4.834825 -21.324278 11.848211 14.514161 -17.804258 -9.368410 -0.440324 4.827205 -11.217839 21.132206 38.859360 -25.560005 8.330358
-24.983896 22.727541 -14.073698 1.462113 -15.836209 10.696934 5.925121 6.669683 14.001326 20.169521 -7.341441 -33.218113 -2.653639 7.795265 14.293566 -2.167234 7.914474 -5.342805 -20.488386 10.928331 14.518183 -17.203798 -7.616741 -1.030004 6.181091 -11.459416 21.165737 39.774597 -25.213541 9.323715
-24.788271 22.675802 -13.940421 2.268022 -16.085985 10.519980 6.047951 6.900100 13.952728 20.448666 -7.728422 -33.571033 -2.848468 7.139780 14.411091 -1.979832 7.758856 -5.700580 -19.624413 10.062594 14.369527 -16.579714 -6.410673 -1.537176 6.925403 -11.445539 21.244005 40.278057 -24.877680 9.783731
-24.909311 22.609850 -13.859537 3.010776 -16.286482 10.369377 6.254888 7.183009 13.968163 20.638550 -7.894387 -33.769638 -2.945796 6.852582 14.594583 -1.945555 7.536288 -5.854206 -19.229006 9.621043 14.458014 -16.505484 -6.028434 -1.753859 7.270034 -11.455330 21.351997 40.508049 -24.826990 10.108060
-24.857283 22.600227 -13.845409 3.066252 -16.282682 10.320728 6.311060 7.245846 13.998505 20.631958 -7.945173 -33.805275 -2.957954 6.794374 14.583025 -1.904052 7.537886 -5.892822 -19.169872 9.542826 14.446134 -16.452253 -5.975155 -1.783081 7.328625 -11.454420 21.346514 40.567299 -24.887373 10.114667
-24.857512 22.599936 -13.845921 3.069198 -16.282944 10.320168 6.311472 7.246150 13.999411 20.630941 -7.945721 -33.804993 -2.956688 6.795018 14.581151 -1.904516 7.539210 -5.892020 -19.170311 9.543229 14.446109 -16.452196 -5.975206 -1.783159 7.328640 -11.454478 21.346529 40.567390 -24.887331 10.114779
-24.857512 22.599936 -13.845921 3.069198 -16.282944 10.320168 6.311472 7.246150 13.999411 20.630941 -7.945651 -33.804966 -2.956908 6.794853 14.581300 -1.904466 7.539052 -5.892050 -19.170420 9.543199 14.446822 -16.451616 -5.976723 -1.786720 7.330276 -11.455727 21.347248 40.570694 -24.889635 10.117927
-24.857283 22.600227 -13.845409 3.066252 -16.282682 10.320728 6.311060 7.245846 13.998505 20.631958 -7.945105 -33.805244 -2.958175 6.794210 14.583174 -1.904004 7.537726 -5.892853 -19.169985 9.542797 14.446942 -16.452818 -5.976763 -1.786914 7.330054 -11.455816 21.347107 40.570126 -24.889544 10.117271
-24.864923 22.595213 -13.849058 3.064661 -16.282471 10.317290 6.309562 7.250930 13.997502 20.636372 -7.943810 -33.804863 -2.958684 6.793243 14.582909 -1.904008 7.537609 -5.893183 -19.170706 9.542980 14.445911 -16.450081 -5.979256 -1.786134 7.328527 -11.458572 21.348167 40.572083 -24.882998 10.120703
-24.865156 22.594921 -13.849569 3.067608 -16.282732 10.316730 6.309974 7.251232 13.998409 20.635353 -7.944360 -33.804581 -2.957415 6.793888 14.581033 -1.904472 7.538935 -5.892380 -19.171141 9.543384 14.445884 -16.450022 -5.979309 -1.786212 7.328543 -11.458630 21.348183 40.572178 -24.882957 10.120815
-24.864923 22.595213 -13.849058 3.064661 -16.282471 10.317290 6.309562 7.250930 13.997502 20.636372 -7.943810 -33.804863 -2.958684 6.793243 14.582909 -1.904008 7.537609 -5.893183 -19.170706 9.542980 14.445911 -16.450081 -5.979256 -1.786134 7.328527 -11.458572 21.348167 40.572083 -24.882998 10.120703
-27.679981 20.399836 -15.576855 8.276072 -16.753508 8.276545 6.950540 9.637007 14.831970 22.292490 -12.497968 -31.899269 -1.124475 10.123600 10.675673 -3.324548 11.147790 -2.112128 -20.192339 9.776744 13.099024 -18.636950 -3.463858 -4.215195 8.500810 -11.503096 21.128546 40.042114 -23.695379 10.570716
-27.679981 20.399836 -15.576855 8.276072 -16.753508 8.276545 6.950540 9.637007 14.831970 22.292490 -12.497968 -31.899269 -1.124475 10.123600 10.675673 -3.324548 11.147790 -2.112128 -20.192339 9.776744 13.099024 -18.636950 -3.463858 -4.215195 8.500810 -11.503096 21.128546 40.042114 -23.695379 10.570716
-27.679981 20.399836 -15.576855 8.276072 -16.753508 8.276545 6.950540 9.637007 14.831970 22.292490 -12.497968 -31.899269 -1.124475 10.123600 10.675673 -3.324548 11.147790 -2.112128 -20.192339 9.776744 13.099024 -18.636950 -3.463858 -4.215195 8.500810 -11.503096 21.128546 40.042114 -23.695379 10.570716
-27.808317 20.310558 -15.695637 6.790476 -16.541689 8.326858 6.754546 9.790380 14.525864 22.777863 -12.470370 -31.958870 -0.395041 10.387312 9.761420 -3.714711 12.066070 -1.981709 -20.427511 10.117833 13.331923 -18.762373 -3.337732 -4.422369 8.637648 -11.515585 21.000549 40.044319 -23.944654 10.469341
-27.791811 20.324352 -15.613094 6.829780 -16.591070 8.279031 6.740211 9.811616 14.480587 22.745131 -12.445464 -31.963795 -0.355826 10.321923 9.773746 -3.764617 12.147300 -2.079858 -20.390745 10.151828 13.357366 -18.763056 -3.316091 -4.359646 8.616706 -11.477106 21.011063 40.028126 -23.960413 10.440351
-27.786127 20.328726 -15.610187 6.826101 -16.589615 8.283251 6.740406 9.805973 14.481037 22.741693 -12.447233 -31.962215 -0.357884 10.321796 9.774150 -3.763976 12.146462 -2.078202 -20.391741 10.151559 13.360826 -18.751940 -3.321830 -4.346119 8.610834 -11.471634 21.015650 40.029156 -23.966221 10.439878
-27.787561 20.329113 -15.606001 6.823084 -16.592569 8.279617 6.738379 9.808808 14.476984 22.740444 -12.448255 -31.961708 -0.357090 10.321188 9.774789 -3.765177 12.148170 -2.079642 -20.390518 10.152309 13.367500 -18.747936 -3.326192 -4.346180 8.609516 -11.470211 21.016993 40.030609 -23.965832 10.435511
-27.794371 20.322964 -15.612292 6.803316 -16.589937 8.277195 6.734552 9.814970 14.474052 22.746267 -12.453259 -31.962782 -0.347171 10.325503 9.762900 -3.769203 12.159321 -2.076251 -20.391787 10.157166 13.369519 -18.746340 -3.329832 -4.340262 8.604872 -11.470716 21.019028 40.031082 -23.973722 10.442630
-27.791719 20.324373 -15.611294 6.814678 -16.590815 8.278291 6.736717 9.812866 14.475557 22.747969 -12.442453 -31.960970 -0.352175 10.316949 9.764329 -3.768203 12.153975 -2.080331 -20.396597 10.155997 13.359438 -18.762869 -3.318166 -4.346765 8.611693 -11.474480 21.012285 40.025352 -23.971014 10.442614
-27.791719 20.324373 -15.611294 6.814678 -16.590815 8.278291 6.736717 9.812866 14.475557 22.747969 -12.442453 -31.960970 -0.352175 10.316949 9.764329 -3.768203 12.153975 -2.080331 -20.396597 10.155997 13.359163 -18.762558 -3.318258 -4.346549 8.611769 -11.474503 21.012321 40.025661 -23.971014 10.442719
-27.794981 20.322508 -15.613054 6.823582 -16.591806 8.277036 6.738464 9.814829 14.477600 22.747696 -12.445210 -31.960503 -0.351300 10.319113 9.764372 -3.768661 12.154820 -2.079434 -20.395983 10.156201 13.360302 -18.759022 -3.320638 -4.341995 8.608443 -11.473263 21.014164 40.024391 -23.973089 10.443883
-27.792702 20.323198 -15.611771 6.801251 -16.589733 8.277266 6.733564 9.814275 14.472839 22.748657 -12.446585 -31.963543 -0.347384 10.320179 9.761949 -3.770299 12.158931 -2.078717 -20.394579 10.158296 13.365332 -18.756248 -3.323923 -4.348176 8.609472 -11.474445 21.015068 40.028442 -23.969152 10.442261
-27.792572 20.324648 -15.610319 6.814462 -16.591217 8.278015 6.736900 9.813307 14.475153 22.747231 -12.444783 -31.961185 -0.352284 10.317367 9.766851 -3.768902 12.154042 -2.081356 -20.395081 10.156917 13.365470 -18.756271 -3.322763 -4.345356 8.608961 -11.471880 21.015120 40.026291 -23.972382 10.440195
