-16.094202 -18.593340 7.558990 7.321067 -12.545591 -12.308059 -19.101774 -6.030379 12.062894 14.704693 -0.547634 3.499390 7.591594 15.208199 2.882884 6.103429 30.587275 3.351126 -0.245558 -18.969572 4.475025 -12.625756 20.749228 11.879346 -32.530300 -16.461199 5.001434 -19.803200 -1.338848 -10.830881
-16.110714 -18.643316 7.439091 7.251869 -12.447296 -12.284568 -18.991123 -5.974898 12.250223 14.693457 -0.420765 3.417516 7.789134 15.063395 2.801795 6.297141 30.665012 3.376638 -0.246043 -18.887400 4.262280 -12.646302 20.989315 11.894451 -32.580269 -16.147789 5.278326 -19.948368 -1.535094 -10.791729
-16.362804 -18.369061 7.552300 7.407100 -12.626023 -11.865735 -19.196449 -6.381176 12.078930 14.927745 -0.248327 3.337225 8.058349 14.941306 2.695603 6.361819 30.847216 3.117116 -0.356423 -18.508739 3.817917 -13.144090 21.120047 12.072449 -32.579845 -15.697552 5.733498 -20.199120 -1.883885 -10.579968
-17.136183 -17.886810 7.941391 7.430706 -13.087740 -11.570071 -19.566360 -6.654983 11.395329 15.252378 -0.057401 3.274786 8.253180 14.924442 2.409856 6.426073 31.307877 2.656293 -0.458484 -18.210489 3.232713 -14.052523 20.496065 12.266884 -32.687778 -16.044479 5.599701 -20.260098 -2.411169 -10.374446
-17.957880 -17.375843 8.215302 7.186794 -13.137493 -11.167782 -19.263212 -6.631000 11.269454 15.244685 0.610631 3.076736 9.197962 14.543301 2.201493 6.726367 31.547266 2.393314 -0.798162 -17.233206 3.174748 -15.303848 18.983034 12.294174 -32.729397 -16.338963 5.603008 -19.583258 -2.576204 -10.345797
-19.049910 -16.780895 8.733986 6.697634 -12.921018 -10.754047 -18.356224 -6.289950 11.375130 15.236975 1.152356 2.443059 9.923857 13.999594 1.766691 6.897999 31.842428 2.006512 -1.224072 -16.174435 3.516898 -16.249399 17.338760 12.220058 -32.723583 -16.555090 5.711172 -18.713995 -2.754339 -10.469908
-20.097019 -16.448986 9.472815 6.078425 -12.739855 -10.750170 -17.458145 -5.731160 11.654708 14.762679 1.690148 1.977178 10.658107 13.644212 1.630694 6.985757 32.081787 1.643741 -1.529788 -15.151060 4.206758 -16.963526 15.188974 11.908022 -32.873917 -16.733601 6.135465 -17.827829 -3.942007 -10.449906
-20.755377 -16.322716 9.603078 5.587580 -12.383154 -10.688890 -16.576805 -5.153152 12.006986 14.449831 2.307465 1.350772 11.527534 13.257683 1.364277 6.967797 32.432911 0.871866 -2.192199 -13.767384 4.702616 -17.145697 14.189912 11.539059 -32.991592 -16.806656 6.327047 -17.633595 -4.978850 -10.450240
-21.268488 -15.846750 9.700196 5.155428 -12.039597 -10.308524 -15.730315 -4.850858 12.369928 14.543936 2.592312 1.057378 12.118711 12.952679 1.435160 6.981428 32.138363 0.890832 -2.445528 -12.907691 5.254438 -17.204992 13.996455 11.525635 -32.899319 -17.145163 6.206242 -17.724892 -5.290006 -10.208536
-21.608541 -15.729485 9.853094 4.996993 -12.049691 -10.260338 -15.547831 -4.728535 12.421789 14.375584 2.714198 0.724934 12.512156 12.651493 1.442090 6.986480 31.825443 1.170515 -2.446934 -12.549245 5.762294 -17.145002 14.021595 11.465208 -32.822735 -17.216017 6.190742 -17.823042 -5.468126 -10.150642
-21.725155 -15.776584 9.986912 4.882225 -11.883425 -10.222261 -15.288096 -4.653867 12.537390 14.334389 2.843776 0.656242 12.726343 12.582544 1.450528 7.059673 31.737194 1.194580 -2.535895 -12.322038 6.020358 -16.921446 14.035525 11.478031 -32.808170 -17.577469 5.907434 -17.786198 -5.368157 -10.162000
-22.636614 -16.039816 10.534147 3.995553 -10.870131 -10.002177 -13.520438 -3.906708 13.507660 13.780643 3.572391 0.460443 14.220387 11.925320 1.829774 7.580042 31.010441 1.606540 -2.780999 -10.963201 7.600953 -14.967940 13.669340 11.165421 -33.006981 -18.642910 5.339286 -17.407063 -4.952293 -10.258735
-24.960279 -16.860495 12.877018 1.994462 -9.198792 -9.986860 -10.138944 -2.342459 15.305490 11.830963 4.186071 0.096825 16.044180 10.865276 2.458106 8.119030 30.160997 1.692811 -3.078354 -8.756773 12.198133 -12.062313 13.825147 10.124907 -32.385952 -19.554562 5.126597 -16.480545 -5.770080 -10.927568
-24.122168 -18.756680 13.945240 0.697665 -6.889741 -10.080069 -6.933685 -1.121122 17.698193 10.523228 5.117975 0.988937 18.109459 10.772010 3.829805 10.609805 27.241606 4.061738 -1.982585 -8.979578 13.759487 -7.367880 14.516888 8.801043 -32.706608 -20.330704 4.138191 -16.073526 -8.700613 -12.849918
-21.917421 -22.411739 15.347171 -0.800715 -4.724167 -11.397063 -5.286942 -0.382036 19.143797 9.518950 4.504653 2.685767 19.260780 11.458741 6.272941 12.092446 23.829542 6.242194 0.518568 -10.604868 8.570488 -4.072083 14.614582 6.127941 -34.771469 -19.578270 2.559347 -16.945904 -11.813145 -15.464779
-18.445477 -24.347538 16.337849 -0.846653 -4.805479 -14.142076 -5.846104 0.387450 18.071482 9.294158 3.088046 5.197197 19.523315 12.502207 10.268161 9.663356 21.019709 7.255458 2.674377 -11.119022 6.973979 -0.897665 14.483113 2.207915 -37.448055 -16.906498 3.136934 -19.447052 -9.903911 -15.829280
-13.345694 -25.647512 11.676270 -1.777311 -4.890754 -19.455090 -8.854091 2.679116 16.624136 8.624127 -0.285687 7.494396 16.671518 13.808982 12.950142 3.995048 19.259748 8.790309 4.871159 -14.263364 1.416926 0.225868 14.160031 1.963059 -38.202328 -17.075712 0.117829 -17.683647 -2.894939 -17.697170
-9.421024 -25.786970 4.756136 -3.537972 -4.873428 -24.153130 -12.399487 4.838801 15.353670 8.250209 -6.281618 8.271287 13.985387 14.606234 14.174863 -0.997742 16.059637 12.173331 5.192512 -16.277487 -1.661139 -1.845146 6.609385 -1.049103 -38.442318 -17.249529 -3.252715 -11.567454 4.957573 -22.008314
-6.410272 -24.101072 -0.532860 -2.732095 -6.763252 -27.082170 -16.618204 5.631571 12.917736 8.837455 -9.842092 7.151564 10.929729 15.187102 13.555020 -6.199269 15.587653 13.902610 4.690320 -18.041071 -6.418857 -2.477243 0.766191 0.347488 -39.029400 -22.706251 -9.061222 -6.723604 6.852550 -24.482546
-4.523378 -22.543653 -2.828238 -1.701477 -8.094143 -28.283596 -18.644520 6.049428 11.442164 9.533998 -11.079014 5.865510 9.921702 14.908236 13.285030 -9.088964 15.508187 14.578755 4.606293 -18.211285 -6.952753 -3.846213 -3.102002 1.292179 -38.809101 -23.948147 -9.732692 -4.175058 6.591914 -24.588230
-4.013427 -22.369658 -3.099783 -1.567645 -8.176576 -28.505136 -18.752182 6.203699 11.312078 9.670855 -11.265553 5.712810 9.887549 14.781626 13.211957 -9.372217 15.491766 14.713698 4.626539 -18.200232 -6.838250 -3.983850 -3.487821 1.280733 -38.704941 -24.000385 -9.748952 -3.864055 6.342880 -24.636347
-4.272369 -22.801918 -2.804369 -1.868132 -7.969209 -28.489805 -18.687351 6.080937 11.520897 9.527914 -10.636114 5.951242 9.794885 15.013923 13.208344 -9.250773 15.972444 14.253246 4.541859 -18.286606 -6.541386 -3.383864 -3.038148 1.042733 -38.894245 -24.135098 -9.872788 -4.222958 6.400031 -24.682476
-4.538809 -23.536955 -2.245856 -2.012241 -7.534891 -27.944620 -18.594852 5.390679 11.871611 9.755602 -10.013029 6.336189 9.755273 15.280115 13.191318 -8.638312 16.507240 13.730206 4.465356 -18.281681 -5.749567 -2.402526 -2.374717 0.597620 -39.105793 -24.419697 -10.024596 -4.744488 5.741760 -24.775160
-5.784254 -24.538698 -0.597552 -2.510062 -6.956611 -27.075979 -18.069098 4.545726 12.348810 9.727325 -8.885880 7.321052 9.899128 15.703490 13.370688 -7.250881 17.215090 12.914189 4.446996 -18.269274 -4.157288 -0.944814 -0.607481 -0.404247 -39.224480 -23.819155 -9.498147 -5.964203 4.684358 -24.895590
-7.028877 -25.502958 1.110093 -2.986385 -6.475114 -26.284861 -17.533104 3.803882 12.837099 9.565425 -7.734840 7.744589 10.508140 15.642472 13.417954 -5.741544 17.622610 12.324443 4.775242 -18.231001 -1.550410 0.397475 1.299114 -1.365096 -38.848854 -21.629108 -7.597550 -7.078076 4.582457 -24.699850
-8.792616 -26.142824 3.283586 -3.012850 -6.403115 -24.807615 -17.273506 2.431086 13.011656 9.879531 -6.076456 7.946972 11.160869 15.614312 13.497505 -4.510352 18.371380 11.480723 4.919545 -17.796949 0.953157 1.333647 2.972152 -2.259404 -38.664722 -19.629797 -5.598320 -8.332804 3.820330 -24.363813
-10.169750 -26.436808 5.149498 -3.245556 -6.143027 -23.762064 -16.306015 1.977052 13.430076 9.838497 -4.575739 7.938213 12.153418 15.264030 13.592998 -3.092978 18.712656 10.953945 5.114756 -17.130535 1.974997 2.365209 5.471248 -2.595901 -38.732948 -18.187502 -4.078618 -10.243187 1.426350 -23.834093
-11.844887 -26.383982 6.547883 -2.967941 -6.361819 -22.469528 -15.875064 1.211673 13.565510 9.870475 -3.089653 8.428550 12.294926 15.687792 13.420174 -1.493011 19.969400 9.556319 4.878478 -16.818565 2.048080 2.994491 7.227769 -1.800305 -38.770657 -17.785028 -3.154822 -11.563118 -0.672307 -23.024923
-13.191355 -26.601955 7.582898 -2.976835 -6.301302 -21.559406 -15.510966 0.644205 13.815350 9.766409 -2.003092 8.468730 12.562630 15.703746 13.143857 -0.354679 20.780878 8.803552 4.767555 -16.520252 2.083408 3.419072 8.442270 -1.521854 -38.785763 -17.614779 -2.798914 -12.465548 -2.397924 -22.700953
-13.818433 -26.566383 8.012965 -2.998122 -6.290176 -21.176649 -15.211873 0.561482 13.961380 9.622696 -1.298596 8.545511 12.493867 15.874907 13.001798 0.248385 21.422436 8.092955 4.711070 -16.491724 2.076481 3.498853 9.421961 -1.364424 -38.777954 -17.408604 -2.477621 -13.293276 -3.463817 -22.358946
-13.934708 -26.572117 8.086088 -2.956820 -6.319375 -21.100485 -15.222035 0.497214 13.964066 9.603189 -1.300779 8.557378 12.461044 15.933454 12.977316 0.334207 21.493238 7.965683 4.624849 -16.408415 1.912219 3.529898 9.667235 -1.103537 -38.751839 -17.494375 -2.476157 -13.393911 -3.545709 -22.228662
-14.409292 -26.615217 8.454113 -2.957633 -6.318346 -20.791105 -15.057315 0.355315 14.086130 9.505236 -1.057720 8.708095 12.605201 15.971003 12.932956 0.954957 21.598791 7.771451 4.579976 -16.317713 1.889202 3.832101 10.486844 -0.728975 -38.704090 -17.639441 -2.414936 -13.901852 -4.342683 -21.971176
-15.365382 -26.470411 9.426713 -2.785435 -6.328108 -19.977129 -14.320235 0.194421 14.418644 9.304728 -0.363717 8.900441 12.737674 16.064104 12.684870 2.211007 22.192490 6.898564 4.396796 -16.116379 2.528484 4.059163 11.577625 -0.313335 -38.567997 -17.468395 -1.801399 -14.789571 -6.070820 -21.431116
-16.902746 -26.422335 10.950338 -3.040598 -6.138869 -19.109713 -13.153436 0.190840 14.896782 8.847363 0.493526 8.910751 13.413375 15.772822 12.433723 3.670495 22.654928 6.177418 4.293565 -15.572952 3.088724 4.855121 12.755805 0.492832 -38.667645 -17.753660 -1.207726 -15.961088 -8.144643 -20.521404
-18.659658 -26.088486 12.681317 -2.955137 -6.401908 -18.168110 -12.228242 0.097767 15.176086 8.262321 1.135653 8.674927 13.946677 15.433208 12.196754 4.670913 23.540884 4.843787 4.019200 -14.739029 4.172793 5.418662 13.863539 0.863469 -38.612759 -17.210169 -0.073983 -17.075512 -9.190715 -19.659504
-19.956623 -25.660700 14.017870 -2.579819 -6.558362 -16.911343 -11.467397 -0.367203 15.479421 8.289841 1.536915 8.297867 14.864411 15.200438 11.705682 5.724830 23.869249 4.073534 3.270346 -13.575015 4.773448 4.656642 14.026844 2.047026 -38.255814 -17.186489 0.840635 -17.478470 -10.423739 -18.601103
-21.426981 -25.086563 14.880078 -2.244923 -6.859406 -15.887454 -10.931266 -0.620205 15.669598 8.105341 1.962357 7.707548 15.435121 14.773053 10.915277 6.616893 24.357134 3.223495 2.521009 -12.750546 5.513159 2.913293 12.891244 3.371936 -37.790730 -17.576267 1.814723 -17.048531 -11.520093 -17.482540
-21.198349 -24.505520 13.565250 0.358171 -5.419218 -12.826446 -9.580640 -3.194988 18.677961 6.984579 4.602063 5.015325 13.671235 13.975422 8.205007 12.196911 22.196667 6.898578 2.616490 -16.447927 10.540552 -0.557168 15.807633 4.024424 -33.208679 -22.481337 -0.678458 -15.385573 -7.875771 -14.965372
-21.075972 -23.455564 13.282058 1.173500 -5.772800 -12.086396 -9.432218 -3.396418 18.685612 7.569148 4.557823 4.451505 13.731271 13.641140 7.502005 12.263806 22.773848 6.418558 1.912285 -16.009542 9.981851 -3.113068 14.519398 5.234771 -32.578587 -22.996073 -0.598268 -14.202190 -6.964112 -14.514671
-20.993532 -22.530519 13.136281 1.921259 -6.124482 -11.489698 -9.404235 -3.627988 18.593046 8.240467 4.814315 3.532415 14.071526 12.927547 6.589976 12.253718 23.412964 6.265815 1.445016 -15.602899 8.984736 -5.455493 14.353843 6.184735 -32.135727 -23.419291 -0.825173 -14.139861 -5.828427 -13.944590
-21.213072 -21.722750 12.878412 0.784073 -7.254071 -11.717249 -10.445740 -2.928710 16.855101 10.291077 4.037390 2.504293 14.758142 13.099817 5.110623 10.537109 25.839766 5.574632 1.397486 -14.870555 7.646201 -7.160888 13.843508 8.271755 -33.432526 -22.315872 -0.078970 -15.195272 -4.943602 -14.347032
-20.743792 -21.392481 11.938687 2.172811 -7.990320 -11.554626 -11.582726 -3.441653 16.180902 11.560190 3.253919 1.925386 14.488873 12.835052 4.643862 9.333026 26.377428 5.367642 0.813931 -14.335336 6.914641 -7.960677 14.395877 9.036373 -33.794834 -21.677303 0.432911 -16.209202 -4.313093 -14.044359
-20.075636 -20.477364 11.355952 3.310826 -8.800820 -11.116648 -12.712786 -4.199129 15.346092 12.761429 2.718848 1.553713 13.948142 12.937753 4.374547 8.544242 26.889112 4.979721 0.435976 -14.104146 6.542077 -8.703113 14.941467 9.618300 -33.680546 -21.173077 1.024101 -16.528984 -3.788257 -13.526822
-20.014326 -19.996363 10.971315 3.887508 -9.515382 -10.952603 -13.838226 -4.744187 14.617819 13.271208 1.974567 1.416448 13.247727 12.928816 4.162766 7.923497 27.303263 4.792977 0.288645 -14.283103 6.049550 -9.496884 15.198329 9.941988 -33.590153 -20.609596 1.550840 -16.611483 -3.878506 -13.338133
-19.494507 -19.763918 10.412468 4.454625 -10.093130 -11.032461 -14.827958 -5.053076 14.021652 13.590862 1.685273 1.633753 12.748180 13.123985 4.086873 7.690071 27.582838 4.742065 0.160362 -14.583730 5.685956 -9.627751 16.144358 10.204042 -33.405411 -19.781116 2.088610 -16.927778 -3.572888 -13.186484
-19.309149 -19.646055 10.001251 4.561469 -10.271810 -11.097260 -15.234027 -5.102350 13.824882 13.678214 1.403487 1.947361 12.109035 13.443727 3.981827 7.640873 27.857344 4.572548 0.134730 -15.066523 5.524170 -9.678414 16.838215 10.593782 -33.213684 -19.299038 2.506084 -17.199181 -3.538485 -12.926277
-19.196402 -19.580822 9.790411 4.819337 -10.563557 -11.203926 -15.706771 -5.208966 13.517079 13.657119 1.016050 2.146602 11.529784 13.763893 3.923787 7.528313 28.035204 4.349603 0.142580 -15.519368 5.456980 -9.814322 17.375219 10.910862 -33.056107 -18.954304 2.861938 -17.450735 -3.501312 -12.647273
-19.050592 -19.744120 9.665092 4.892339 -10.720932 -11.300289 -16.131475 -5.391113 13.373259 13.713631 0.645883 2.429273 10.858711 14.141690 3.903576 7.359066 28.253637 4.208861 0.190773 -16.155104 5.516593 -9.493146 17.877918 11.138946 -33.053082 -18.774567 3.135922 -17.805111 -3.481319 -12.350212
-19.032791 -19.772100 9.529194 4.921087 -10.827247 -11.345394 -16.429832 -5.510452 13.231324 13.770676 0.448440 2.586241 10.468263 14.393666 3.918432 7.256077 28.340532 4.151357 0.272296 -16.505400 5.498614 -9.473246 18.004801 11.309288 -33.027191 -18.696892 3.257866 -17.874466 -3.381321 -12.195501
-18.915733 -19.875538 9.409361 4.959442 -10.916224 -11.418829 -16.729467 -5.633005 13.124149 13.832001 0.316130 2.660288 10.280007 14.461877 3.990664 7.204023 28.281462 4.150437 0.279223 -16.628691 5.512301 -9.306990 18.192572 11.362075 -32.967102 -18.537010 3.375303 -17.900648 -3.428339 -12.173185
