-24.535801 -6.108263 6.650191 11.189285 -14.637167 -2.920302 -0.748415 3.684650 21.411535 5.792009 -17.195597 -10.827130 12.629682 4.650466 -1.362982 20.184635 19.509985 -4.563121 -5.953640 -12.662829 11.662257 -1.852633 11.612123 23.307089 -29.776026 -18.859880 9.547654 -6.544782 -15.854973 -5.273069
-24.858107 -6.047421 6.499091 11.227226 -14.807256 -2.913624 -0.844039 3.769787 21.345310 5.655486 -17.284239 -10.928194 12.643139 4.657276 -1.354873 20.060987 19.477968 -4.620121 -5.937253 -12.640737 11.767095 -1.723072 11.509038 23.373541 -29.743202 -18.777889 9.633304 -6.343105 -15.565840 -5.264929
-25.003901 -5.989657 6.498864 11.379902 -14.933599 -2.851960 -0.955373 3.679709 21.253460 5.726583 -17.412186 -11.002437 12.813169 4.598440 -1.318077 19.874590 19.324633 -4.459088 -5.865958 -12.647333 11.995003 -1.450264 11.298966 23.464920 -29.744856 -18.731789 9.780238 -6.072137 -15.165961 -5.156948
-24.764700 -5.470515 6.068826 11.393730 -15.186385 -2.954518 -0.929294 4.031217 21.122316 5.563658 -17.377474 -11.112323 12.778100 4.762609 -1.641942 19.542379 19.648849 -4.631323 -6.101851 -12.518758 12.289977 -1.024368 11.004593 23.827127 -29.702242 -18.607801 9.983503 -5.640233 -14.653714 -5.055129
-24.519482 -5.033459 5.658193 11.329689 -15.422653 -2.973891 -0.965204 4.289592 20.957220 5.580665 -17.590181 -11.638837 12.643016 4.600118 -1.625325 19.262133 19.450768 -4.952363 -6.055337 -12.558504 12.325413 -0.521165 10.691107 24.572504 -29.729229 -18.500389 10.219619 -5.112129 -14.368603 -4.963014
-24.251953 -4.538186 5.267861 11.278929 -15.672525 -3.031861 -1.163474 4.405142 20.688223 5.646722 -17.905767 -12.189848 12.886416 4.437476 -1.894994 18.439316 19.276014 -4.627432 -5.824929 -12.724114 12.329261 -0.253136 10.584992 25.209970 -29.801144 -18.104328 10.567512 -4.871618 -13.954481 -4.901313
-24.350245 -3.566566 4.772007 11.617091 -16.176035 -2.609963 -1.159234 4.557584 20.272774 6.086143 -18.071081 -12.498759 12.805537 4.283466 -1.951311 17.447798 18.975901 -4.224525 -5.622009 -12.927896 12.573036 -0.115998 10.500976 25.816187 -29.544209 -17.445055 10.945157 -4.404474 -13.277008 -4.750902
-24.440599 -3.436815 4.435192 11.610403 -16.480301 -2.629278 -1.589143 4.554719 19.849844 6.141173 -18.382124 -13.245975 12.761071 3.985171 -2.126899 16.743925 18.837351 -4.310173 -5.747947 -12.720944 12.789532 0.245318 10.047045 26.467052 -29.112652 -16.824711 11.550139 -3.522995 -12.617751 -4.153115
-24.100391 -2.498043 3.738596 12.120781 -17.116186 -2.594225 -1.965120 4.717165 19.204863 6.739190 -18.756065 -14.132442 12.083896 4.255029 -2.316876 15.848941 18.945242 -4.695513 -6.078279 -12.536407 13.423288 -0.018182 9.914167 27.244398 -28.540386 -15.542965 12.114263 -3.002092 -12.289955 -4.501432
-24.256819 -2.040606 2.934622 12.075571 -17.474644 -2.668758 -2.177786 5.094179 18.942560 6.707637 -19.256596 -14.739372 11.341722 4.575384 -2.748251 14.473916 19.127043 -4.663127 -6.148065 -12.751908 14.349737 -0.072774 9.733553 27.862236 -27.820953 -14.210148 13.172041 -2.166977 -12.288257 -4.301610
-23.744287 -1.513574 2.223517 12.155657 -17.983139 -2.801474 -2.796506 5.118483 18.525846 6.635842 -19.507715 -15.408349 10.979898 4.896485 -2.750778 13.320909 18.953293 -4.640384 -6.085120 -12.808673 15.468368 -0.193115 9.986315 27.788074 -26.984924 -13.003235 14.216750 -1.502228 -11.916587 -4.031628
-23.535429 -0.748301 1.854563 12.266112 -18.245649 -2.610987 -2.840333 5.157836 18.211771 7.133271 -19.862423 -16.020353 10.652076 5.454685 -2.867662 12.074800 19.161266 -4.752006 -5.750727 -13.195899 16.281593 -1.082215 9.690678 28.232422 -26.514006 -12.170179 15.051784 -1.091141 -11.735197 -3.810107
-23.204834 -0.137815 1.234060 12.427328 -18.521051 -2.570587 -3.134377 5.128665 17.884516 7.562330 -20.322741 -16.105795 9.806525 6.030835 -2.767356 10.477199 19.369184 -4.815567 -5.336768 -14.093008 16.560108 -2.380304 9.983036 28.211767 -26.022991 -11.336480 15.796484 -1.250959 -11.118476 -3.336153
-23.105152 0.046981 1.035991 12.207288 -18.846054 -2.691720 -3.610863 5.103427 17.527460 7.688024 -20.026754 -16.205362 9.654287 6.548500 -2.636296 9.649899 19.507343 -5.006911 -5.213123 -14.316874 16.908733 -3.955858 10.263772 28.040659 -25.663713 -10.199278 16.563019 -1.544776 -10.716280 -3.332854
-22.270086 0.411000 0.385286 12.468828 -19.181875 -3.043033 -4.073071 5.240728 17.123102 7.934490 -19.888359 -15.935782 9.026246 7.234609 -2.713331 9.201041 20.237345 -5.616978 -5.297109 -14.985188 17.191713 -5.136124 10.508064 28.000834 -25.200941 -9.475465 17.222111 -1.573056 -10.540701 -3.017230
-21.513638 0.858094 -0.438507 12.732257 -19.496248 -3.361822 -4.533024 5.371181 16.744787 8.085661 -19.918379 -16.097410 8.570755 7.816394 -2.332984 8.311610 20.338293 -5.422842 -5.259511 -15.163964 17.032747 -6.484842 10.645791 28.434561 -24.996914 -8.858973 17.965443 -1.563342 -10.467103 -2.746721
-21.249449 1.422377 -0.796527 13.009636 -20.101374 -3.406473 -5.174377 5.225782 16.213846 8.171573 -20.107866 -15.909205 7.855925 8.397243 -2.242862 7.931366 20.608568 -5.462692 -5.196364 -15.651656 17.170221 -7.338518 10.895805 28.757555 -25.048449 -8.318706 18.512365 -1.889486 -10.359505 -2.761683
-21.130714 1.717210 -1.375805 13.422215 -20.656702 -3.452163 -5.922763 5.049629 15.733143 8.352940 -20.105227 -15.702564 7.448136 9.030732 -2.281248 7.561316 20.849161 -5.399745 -5.355040 -15.981056 16.923466 -8.089000 10.899836 28.817066 -25.147501 -7.693060 19.177776 -2.254134 -10.067625 -2.519974
-21.001617 2.029067 -1.839795 13.519184 -20.911493 -3.637522 -6.095419 5.279810 15.542189 8.388917 -20.399033 -15.847418 7.195503 9.210955 -2.108452 6.984746 20.722864 -5.117820 -5.180485 -16.276379 16.611084 -8.564107 10.825890 28.960348 -25.234749 -7.359025 19.557537 -2.354450 -9.950856 -2.449230
-20.976530 1.958791 -1.896571 13.650778 -21.076195 -3.676497 -6.371070 5.171649 15.427197 8.414310 -20.333982 -15.828856 7.101206 9.317373 -2.149273 6.884181 20.843773 -5.196131 -5.253866 -16.355776 16.412968 -8.736232 10.874837 29.041780 -25.232481 -7.219742 19.694538 -2.397970 -9.953447 -2.386480
-20.689306 2.147329 -1.551507 13.482582 -20.770708 -3.626433 -5.799284 5.357080 15.526539 8.707112 -20.821590 -15.853980 7.170331 9.049372 -2.192131 7.299896 20.734369 -5.108765 -5.117927 -16.199678 16.819153 -8.497956 11.191694 29.116941 -25.108852 -7.402399 19.350300 -2.289250 -9.656898 -2.672577
-20.395884 2.084583 -0.294865 13.088509 -20.233076 -3.113467 -5.215651 4.905571 15.418023 9.689200 -21.313534 -15.531466 7.535746 8.416436 -2.389339 8.454700 20.707195 -5.443506 -5.234023 -15.786729 16.678164 -7.461810 11.576803 29.136080 -24.920620 -7.719695 18.690941 -1.668881 -10.002301 -3.175913
-19.651751 2.807246 1.008007 13.300325 -20.253571 -2.682540 -4.575837 4.704526 15.025580 10.609913 -22.184153 -15.811832 8.654160 7.028578 -3.233832 9.542171 20.446697 -5.160145 -5.370190 -15.057220 15.648962 -5.540835 12.253431 29.154507 -24.949154 -8.266726 17.885330 -1.028939 -10.170570 -3.685866
-18.723442 3.097606 3.128612 13.761068 -19.871122 -2.215202 -3.723527 4.125332 14.597151 12.375677 -23.904860 -15.880574 9.338812 5.921070 -3.754263 11.133766 19.297461 -3.760479 -5.913104 -14.336558 13.085251 -3.388200 14.092875 29.770533 -24.563910 -10.298549 15.341886 0.218952 -11.362803 -4.709391
-16.933090 3.211129 5.293833 14.142668 -18.964239 -1.701498 -2.203433 3.830970 14.583590 14.967847 -25.839266 -15.923783 10.786638 4.071459 -4.966227 13.254692 18.353823 -2.233855 -6.517239 -13.500073 9.652462 -2.403872 16.729540 28.817846 -23.893627 -11.904892 13.116418 0.712732 -14.206273 -5.807441
-14.656341 3.711298 6.902363 15.098724 -18.308704 -1.985240 -0.480312 4.371781 14.522883 16.567209 -26.108961 -16.101940 11.491505 3.290657 -4.945754 14.467635 17.291330 -1.739084 -6.906314 -12.957946 6.433520 -1.934678 19.506147 28.549328 -22.122326 -13.328543 10.919221 1.898296 -16.293844 -6.289320
-12.687965 4.545611 8.328259 14.644776 -17.538561 -2.130438 1.554785 5.316367 14.666656 17.713472 -26.622360 -16.510147 12.929114 1.775699 -4.666032 15.138200 15.538669 -0.519734 -6.530064 -12.127629 6.279222 -1.129520 21.967205 28.846695 -20.787514 -11.903184 11.336140 2.538695 -15.314955 -6.856275
-10.968109 5.463858 10.539057 11.379093 -15.867197 -2.086327 4.199015 6.433539 14.811878 18.259335 -25.913239 -17.411955 14.393620 -0.200342 -2.836948 15.999740 12.561273 0.830747 -4.925720 -11.291060 5.897810 2.045902 25.380056 29.122118 -18.462330 -10.200426 12.493993 4.021360 -13.683468 -5.501428
-7.683071 7.386207 11.799458 8.551302 -14.671892 -1.810408 6.121619 7.028692 14.340476 19.021656 -24.166609 -19.079624 15.292022 -2.819827 -1.046880 16.829340 9.559661 1.655050 -3.364632 -10.971498 3.132810 5.940755 29.654917 28.762068 -15.581608 -8.821379 12.410322 5.866582 -13.314364 -4.438672
-4.775875 9.230665 13.635558 4.769560 -13.179804 -1.335024 8.363794 7.812209 13.480885 20.684750 -22.411810 -20.571701 14.481126 -5.832754 1.745781 16.270975 5.341960 3.705997 -2.525142 -10.972026 2.249268 8.350504 31.899153 30.935125 -13.622061 -6.992037 12.034331 8.161549 -12.917910 -6.364625
-1.641191 11.023775 14.682631 -0.723325 -11.644730 -1.143414 9.055344 7.738572 12.979834 19.635138 -18.612030 -22.627178 13.382252 -10.461985 5.208180 15.045085 0.703514 4.718121 -2.466270 -10.601716 1.372960 9.795385 33.266674 31.673580 -11.002214 -4.318975 11.659323 12.011122 -12.973527 -9.307879
1.773806 13.084848 14.926471 -5.226726 -10.426479 -1.292310 9.538558 7.829742 13.027021 17.720331 -14.333748 -23.870468 11.657414 -14.059443 7.399968 13.134187 -1.656254 4.855486 -2.877291 -10.378551 -0.954925 9.762136 34.709541 29.525679 -8.006523 -3.820744 9.795790 16.126671 -12.668985 -11.032425
6.142844 15.736032 14.188343 -10.055354 -9.038503 -1.482404 9.419076 7.434972 13.162217 15.050694 -10.933195 -24.760662 10.091998 -17.741138 9.528514 10.313231 -4.008771 5.481602 -3.614928 -10.806410 -2.096251 7.276964 35.959255 25.247303 -4.752974 -2.697927 8.496243 19.476007 -12.261027 -13.969728
8.380405 17.558092 12.583271 -14.981533 -8.096341 -1.831903 8.334267 7.005488 13.855766 11.166236 -8.380127 -25.841503 7.979026 -20.510334 12.145111 7.420368 -6.165097 6.053682 -4.175129 -10.431586 -2.917497 4.747327 35.164074 22.788221 -2.699599 -2.152727 6.843714 22.811981 -12.808837 -17.287376
9.567751 18.697855 10.564126 -17.572674 -7.857825 -2.836575 7.247267 7.483454 13.862614 8.735058 -4.948025 -26.763187 6.399723 -22.604309 13.178296 5.105972 -6.780858 6.442298 -4.908523 -10.090430 -3.492383 1.753778 32.758743 20.851780 -1.168091 -2.047934 5.603586 25.401865 -12.855612 -19.200521
10.149986 19.539286 8.003028 -19.140259 -7.651718 -3.673171 6.523046 8.188515 14.156835 6.633920 -2.190378 -28.101498 5.299414 -23.973568 13.411746 3.196615 -6.252601 6.733816 -5.464489 -10.139448 -3.089852 -2.195619 30.377602 18.564751 -0.025747 -1.818548 4.648085 27.151413 -14.048063 -21.329191
10.432146 20.146429 5.851391 -20.237072 -7.763046 -4.398554 5.502865 8.510689 14.469982 4.452155 0.465114 -29.041386 4.469808 -24.382591 12.917454 1.162561 -4.902493 7.080587 -5.868613 -10.291350 -2.849495 -5.218870 27.374044 18.019812 0.359659 -1.363431 3.882739 28.608250 -15.414371 -23.740990
9.672806 20.056076 3.535521 -21.379503 -7.852319 -5.067518 4.347180 8.785645 15.126557 2.002609 2.726346 -29.788857 3.738612 -24.723862 12.335507 -0.608049 -3.482682 7.256081 -6.408846 -10.408320 -2.764428 -7.521375 25.911272 17.022402 0.992747 -1.270606 3.324697 29.330799 -16.434830 -24.659685
9.429270 20.154230 2.041570 -22.242407 -7.813407 -5.617204 3.675733 9.132328 15.321072 1.055487 3.963518 -29.979870 3.056503 -24.857281 11.829935 -1.743142 -2.512001 7.514936 -6.958239 -10.518781 -2.784390 -8.680493 24.505720 16.539406 1.282456 -1.392701 2.855622 30.157200 -16.937733 -25.519360
9.478992 20.210331 1.632795 -22.482384 -7.812740 -5.820696 3.461243 9.220260 15.403133 0.640086 4.260406 -29.980349 2.710870 -24.848375 11.779738 -2.118361 -2.215153 7.566551 -7.056044 -10.644053 -2.844732 -9.196248 24.073126 16.322802 1.367492 -1.494050 2.621409 30.425880 -17.026203 -25.907206
9.449527 20.191721 1.551376 -22.514402 -7.820561 -5.870944 3.407291 9.241339 15.409541 0.560346 4.263935 -29.977480 2.703719 -24.813618 11.800820 -2.213719 -2.205472 7.619429 -7.044919 -10.628461 -2.871496 -9.212360 24.026983 16.350527 1.392470 -1.482692 2.604518 30.503059 -17.012980 -25.926336
9.678921 20.161642 1.500947 -22.495171 -7.798895 -6.035334 3.323367 9.304939 15.251461 0.836425 4.374153 -29.955816 2.781857 -24.684685 11.879390 -2.511079 -2.126611 7.770318 -6.938072 -10.541585 -3.120682 -9.258474 23.865274 16.383389 1.434306 -1.519685 2.537910 30.641872 -16.590658 -25.860418
9.952123 20.172112 1.609587 -22.424366 -7.773608 -6.149024 3.288181 9.295654 15.087984 1.097995 4.363624 -29.815048 2.800480 -24.613394 12.088792 -2.709460 -2.242883 7.935228 -6.825324 -10.419309 -3.326597 -9.350144 23.898180 16.654659 1.462406 -1.446701 2.526642 30.752481 -16.207289 -25.853468
10.276489 20.181955 1.502604 -22.320496 -7.730897 -6.391934 3.182794 9.320150 15.061569 1.044202 4.088768 -29.637896 2.630877 -24.509003 12.403998 -2.978717 -2.430243 8.253251 -6.705532 -10.345363 -3.709375 -9.673425 23.715029 17.033775 1.472888 -1.494808 2.419864 31.021511 -15.466676 -25.859198
10.901221 20.267464 1.542513 -22.105999 -7.699648 -6.624321 3.124102 9.335627 14.867092 1.362157 3.419802 -29.325439 2.254807 -24.523888 12.714842 -3.239595 -2.791654 8.557648 -6.612326 -10.402143 -4.143573 -9.898189 23.334442 17.227995 1.542736 -1.633024 2.316656 31.428835 -14.713166 -25.782396
11.746647 20.394064 1.397488 -22.125839 -7.671539 -7.201614 2.888837 9.584682 14.437199 1.948296 2.800972 -29.177330 1.935640 -24.486235 12.997603 -3.615622 -3.153763 8.947729 -6.509976 -10.387186 -4.608561 -9.928349 22.904032 17.521355 1.701818 -1.782628 2.202429 31.994308 -13.841985 -25.624578
12.565704 20.626772 1.724905 -21.821953 -7.707972 -7.346609 2.840771 9.534214 13.948309 2.813042 2.273650 -28.836937 1.592215 -24.364021 13.349133 -4.169302 -3.401788 9.324533 -6.319923 -10.459638 -4.976892 -9.868869 22.260130 18.147919 1.723430 -1.927670 2.143631 32.507172 -13.279300 -25.521969
13.300986 20.733730 1.814950 -21.433083 -7.697003 -7.658621 2.782467 9.596042 13.673357 3.341710 1.687031 -28.442112 1.335595 -24.238474 13.575896 -4.810592 -3.647229 9.849574 -6.209054 -10.467500 -5.362756 -9.971429 22.007257 19.045111 1.628962 -1.837283 1.971335 32.834984 -12.703371 -25.884501
14.045799 21.113857 1.664680 -20.995468 -7.762731 -7.940419 2.708841 9.719601 13.358511 3.928667 1.001938 -28.171980 1.013227 -24.219688 13.760678 -5.353920 -3.974662 10.440483 -6.154298 -10.517534 -5.943891 -10.088540 21.487700 19.772301 1.723676 -2.046394 1.718096 33.478634 -11.743416 -25.875101
14.853153 21.424753 1.613972 -20.681065 -7.806077 -8.189295 2.589671 9.765066 12.966455 4.663476 0.100426 -28.038506 0.580939 -24.337746 13.932796 -5.570812 -4.407618 10.853429 -6.164184 -10.569661 -6.743960 -10.015605 21.480413 20.326048 1.924279 -2.327803 1.634144 34.049038 -10.677554 -25.277756
15.644913 21.792145 1.695505 -20.238586 -7.884476 -8.284950 2.482544 9.670115 12.544144 5.474222 -0.587790 -27.922220 0.374796 -24.349962 14.031016 -5.793067 -4.728817 11.258906 -6.162794 -10.493377 -7.288451 -9.833812 21.556238 21.106779 2.061265 -2.464274 1.673450 34.420586 -10.317227 -24.727045
16.424280 22.301695 1.984073 -19.812696 -7.986635 -8.255255 2.485450 9.531549 12.094385 6.269754 -1.378510 -27.686930 0.167130 -24.227968 14.159760 -6.112167 -5.036762 11.726533 -6.036836 -10.476808 -8.061717 -9.778062 21.121172 21.660017 2.223033 -3.062238 1.579956 35.008583 -9.525742 -23.834883
17.102976 22.736586 2.083411 -19.516975 -8.051102 -8.245823 2.543054 9.494546 11.822500 6.811711 -2.338288 -27.422958 -0.170519 -24.113914 13.963098 -6.249131 -5.228891 12.106753 -6.063159 -10.585650 -8.755091 -9.958118 20.758310 22.147421 2.463185 -3.503848 1.669516 35.524448 -8.560891 -22.837458
17.812111 23.135698 2.033058 -19.392830 -8.010935 -8.414833 2.574041 9.582329 11.597851 7.332162 -3.017759 -27.216850 -0.341432 -24.095100 13.848271 -6.421469 -5.392057 12.451059 -6.103666 -10.558465 -9.211761 -9.882153 20.468105 23.268526 2.314503 -3.771687 1.765716 35.662178 -8.020532 -22.289244
18.459085 23.595255 1.798503 -18.958824 -8.164078 -8.490142 2.468812 9.573723 11.405416 7.691424 -3.452860 -27.201126 -0.491930 -24.110979 13.713242 -6.662414 -5.526042 12.793784 -6.174205 -10.483935 -9.691601 -9.921879 19.920225 24.270739 2.223386 -4.086420 1.883801 35.956196 -7.509337 -21.721180
19.050486 23.984869 1.612388 -18.831600 -8.246428 -8.609516 2.303610 9.548908 11.210820 7.924478 -3.754883 -26.951115 -0.707857 -24.033297 13.524170 -6.818020 -5.498375 12.988441 -6.234331 -10.569510 -10.125878 -9.729706 19.568575 24.969244 2.215190 -4.393622 2.061864 36.229561 -7.011599 -20.992437
19.446444 24.330748 1.600573 -18.681259 -8.312757 -8.547171 2.283748 9.451543 11.107638 8.003708 -3.991989 -26.798519 -0.896827 -23.907627 13.485811 -6.947215 -5.469780 13.092556 -6.219854 -10.586280 -10.509015 -9.813405 18.986513 25.481752 2.169404 -4.828242 2.126499 36.613895 -6.390222 -20.405817
19.729153 24.495708 1.651285 -18.687752 -8.355886 -8.498584 2.169029 9.297988 11.013329 8.027295 -4.244078 -26.818342 -1.033100 -23.847366 13.439834 -7.074089 -5.464627 13.192258 -6.151112 -10.650258 -10.702907 -9.929604 18.740211 25.742500 2.200021 -5.114941 2.229671 36.735035 -6.017079 -19.804274
20.025755 24.682009 1.628909 -18.488609 -8.440617 -8.487045 2.087231 9.205427 10.927763 8.110532 -4.554967 -26.829666 -1.126207 -23.809113 13.412284 -7.092909 -5.544837 13.285903 -6.122995 -10.668000 -10.929833 -9.846503 18.634106 26.045034 2.239328 -5.267456 2.273464 36.883392 -5.781146 -19.490082
20.097830 24.730642 1.649136 -18.462055 -8.450457 -8.472440 2.086634 9.186240 10.896832 8.165256 -4.685227 -26.848577 -1.185617 -23.827015 13.409416 -7.070230 -5.607517 13.325898 -6.141343 -10.646104 -10.962387 -9.830395 18.562450 26.048925 2.255634 -5.345170 2.270083 36.946384 -5.674242 -19.374910
20.162930 24.697557 1.717474 -18.434364 -8.431328 -8.475671 2.100320 9.154497 10.906977 8.190718 -4.683834 -26.777676 -1.127800 -23.833420 13.482070 -7.087287 -5.670055 13.353122 -6.105099 -10.650116 -10.975142 -9.677453 18.694908 26.068724 2.227677 -5.322296 2.271516 36.901234 -5.607134 -19.372417
20.341806 24.593901 1.869962 -18.372402 -8.352775 -8.520245 2.150897 9.116543 10.908150 8.303630 -4.683456 -26.624237 -0.936096 -23.773195 13.609572 -7.048445 -5.802824 13.377845 -6.018970 -10.612010 -10.949382 -9.268318 18.873102 25.987432 2.158103 -5.348886 2.231972 36.874561 -5.479948 -19.370539
20.465296 24.312073 2.077619 -18.471304 -8.170668 -8.649503 2.283816 9.154207 11.036400 8.277422 -4.647496 -26.512150 -0.701342 -23.819693 13.858943 -7.023108 -6.067157 13.425447 -5.904089 -10.600069 -10.954161 -8.643117 19.323753 26.000820 2.082915 -5.265997 2.231275 36.814224 -5.234818 -19.452654
20.433516 23.771971 2.573328 -18.700495 -7.836929 -8.805918 2.563491 9.256757 11.090633 8.624404 -4.726437 -26.393574 -0.263388 -23.779295 14.106260 -6.841263 -6.373654 13.381503 -5.658829 -10.693237 -10.996499 -7.497453 20.019377 25.850218 1.959785 -5.239408 2.177706 36.704609 -4.919337 -19.456703
20.408302 23.096758 2.981905 -18.656084 -7.563602 -9.068770 2.727778 9.304661 11.296358 8.562057 -4.992900 -26.064157 0.099823 -23.707047 14.349771 -6.472340 -6.740207 13.392261 -5.385056 -10.832726 -11.062691 -6.257102 20.995968 25.519728 1.830091 -5.181358 2.050634 36.354992 -4.461300 -19.473867
20.422571 22.435320 3.317916 -18.654562 -7.365274 -9.403519 2.809625 9.465840 11.272241 8.997017 -5.080392 -25.518791 0.585970 -23.486113 14.510355 -6.194141 -6.831678 13.331170 -5.113643 -10.938685 -11.234372 -4.694858 22.019663 25.328329 1.674357 -4.996370 1.977642 36.148788 -3.863872 -19.570013
20.421402 21.781118 3.880302 -18.179054 -7.263972 -9.580786 2.902484 9.356199 11.407225 8.989882 -4.866083 -24.901928 1.280672 -23.234257 14.920878 -5.889385 -7.131874 13.193163 -4.725121 -10.912621 -11.348346 -3.208143 23.008570 25.422472 1.504467 -4.801129 1.905319 35.982697 -3.319581 -19.730516
20.416227 21.089668 4.313990 -17.611843 -7.102272 -9.748197 3.090257 9.298543 11.649680 8.963397 -5.011774 -24.264507 1.658937 -23.057705 15.201396 -5.719504 -7.412583 13.118567 -4.419667 -11.088889 -11.335008 -1.936326 24.128389 25.069942 1.468702 -4.665829 1.805812 35.771278 -2.808914 -19.762079
20.106253 20.145023 4.776190 -16.830864 -6.933648 -10.026662 3.380715 9.493676 11.694811 9.608870 -5.214674 -23.657915 2.234116 -22.874546 15.510181 -5.521305 -7.639966 13.071481 -4.234542 -11.148587 -11.447068 -0.180366 25.039524 25.229239 1.280628 -4.523259 1.869524 35.619747 -1.824302 -19.517303
20.199659 19.295753 5.476967 -16.142952 -6.697249 -10.154259 3.607898 9.278705 12.003325 9.570401 -5.590312 -22.816231 2.865970 -22.468119 15.761658 -5.113354 -7.773666 12.947704 -3.819477 -11.341008 -11.563371 1.756307 25.921869 25.375996 0.926926 -4.531301 1.913104 35.246834 -0.691478 -19.149309
20.549829 18.440409 5.949665 -15.681743 -6.459328 -10.399106 3.537619 8.916580 12.423263 9.176610 -6.009885 -21.818939 3.364673 -22.278578 16.286964 -4.642854 -8.231364 12.991549 -3.500453 -11.529954 -11.776646 3.902005 26.906509 25.449282 0.591209 -4.638132 1.859818 34.950634 0.521717 -18.726404
20.608477 17.602419 6.394924 -15.005409 -6.325723 -10.619822 3.478332 8.617149 12.806334 8.986820 -6.247019 -20.818733 3.735225 -22.194744 16.635273 -4.294352 -8.605887 13.086680 -3.364443 -11.855262 -12.077161 5.944355 27.411526 25.616968 0.033763 -4.942339 1.730183 34.678909 1.652328 -18.218060
21.135839 17.317253 7.228798 -14.970226 -6.170359 -10.552549 3.409846 7.977484 13.034477 8.332602 -6.599800 -19.758030 4.084671 -21.902029 16.930223 -4.061316 -8.829903 13.035732 -3.314832 -12.157754 -12.478200 7.703710 28.110748 25.504509 -0.513746 -5.195058 1.514520 34.224716 2.729801 -17.864611
21.627638 16.769976 7.798007 -14.924461 -5.897141 -10.644337 3.276259 7.436936 13.338815 7.850836 -7.117761 -18.628374 4.069996 -21.547915 17.263752 -3.882091 -8.981629 13.039294 -3.287477 -12.392568 -12.745455 9.423977 28.821310 25.016687 -0.941754 -5.555157 1.219684 33.827103 3.820572 -17.401463
6.995715 5.941675 -0.008336 7.560269 -7.791960 -17.131296 9.082726 18.719627 16.773642 14.972536 -17.570105 -19.878597 19.660355 -4.121300 5.482924 -7.699323 1.756193 17.062073 2.804592 -11.848491 -12.369088 -0.498067 24.788591 30.726702 -8.886055 -9.588218 0.627430 21.980518 13.815135 -20.571989
6.862781 4.939280 0.471641 7.580320 -7.410799 -17.276262 9.144788 18.554787 16.959730 15.338196 -17.907825 -18.935131 19.576626 -3.712413 6.085493 -7.260170 1.548054 17.101460 2.955058 -12.009429 -12.263139 -0.548330 24.963289 31.098192 -10.499972 -9.626977 0.633595 20.077688 15.699868 -20.594648
7.146119 4.288915 0.899188 7.524376 -7.259067 -17.386671 8.824897 18.112843 16.976957 15.466101 -18.354902 -17.927578 19.647118 -3.438416 6.563174 -6.820175 1.333429 17.433317 3.127392 -12.150620 -12.325901 -0.506505 24.921282 30.842373 -11.554003 -9.863463 0.687336 18.645519 16.993681 -19.885416
7.345415 3.344487 1.383240 7.410616 -7.075315 -17.715101 8.414162 17.756699 16.936110 15.662974 -18.640110 -16.999477 20.018875 -3.271891 6.593884 -6.244484 1.438361 17.617229 3.298259 -12.442219 -12.595044 -1.117168 24.251776 30.207272 -12.748590 -10.540155 0.409292 17.063015 18.362803 -18.958673
7.530782 2.579082 2.142310 7.227551 -6.891505 -17.941103 8.255953 17.490219 16.782185 16.108246 -18.640013 -15.860036 20.337479 -3.112439 6.832829 -6.098263 1.178022 18.598103 3.194894 -12.129418 -12.443379 -2.048596 23.666399 29.658623 -14.393102 -11.532376 -0.066585 14.905800 20.051142 -18.402960
6.464722 0.992440 2.388080 5.474570 -6.994440 -18.629608 7.546398 18.213625 15.709460 18.211229 -19.288971 -14.677367 22.047909 -2.299553 6.064819 -6.572756 2.681677 18.650286 3.159481 -11.307005 -13.498179 -3.214634 21.593193 30.671263 -17.635519 -12.535492 -0.580044 12.134778 21.156050 -18.300764
7.000956 0.598731 3.156928 5.441127 -6.801889 -18.730759 7.303217 17.626320 15.623137 18.355453 -19.513443 -13.413776 22.186546 -2.462396 6.440766 -6.268050 2.613132 19.306227 2.924383 -10.712769 -12.860174 -3.862536 20.705746 30.085218 -19.014736 -12.457843 -0.401502 10.849572 22.094942 -18.356390
6.684103 -0.523792 3.430382 5.835003 -6.673273 -19.224514 7.254403 17.758545 15.726933 18.600231 -19.826529 -12.298614 22.518629 -2.423232 6.559074 -5.809483 2.848165 19.602591 3.019211 -10.355435 -12.832964 -4.628579 19.845221 29.562536 -20.646860 -12.365993 -0.337835 9.339837 22.113869 -18.929020
6.755366 -1.331961 3.747671 6.206227 -6.602094 -19.483482 6.982553 17.490076 15.745714 18.728901 -19.655539 -11.414931 23.150642 -2.376952 6.235893 -5.314106 3.167565 20.388529 2.844463 -9.839163 -12.101573 -5.752383 19.214319 28.664396 -21.609192 -12.724264 -0.494236 7.904736 22.178846 -19.016699
7.065236 -2.181499 3.933486 6.582077 -6.399339 -19.587866 6.737612 17.103012 15.824635 19.040731 -19.491705 -10.453218 23.438396 -2.348009 6.025815 -4.926617 3.458701 21.300959 2.609867 -9.478486 -11.763465 -6.296277 18.122229 28.183805 -22.783596 -13.413475 -0.665519 6.787043 22.672804 -18.551949
7.063400 -2.919115 3.954968 6.882347 -6.452568 -19.738352 6.290615 16.828972 15.789087 19.241344 -19.501425 -9.414973 23.900925 -2.375839 5.679359 -4.668603 3.785212 22.218412 2.317422 -9.097410 -11.508005 -6.903553 17.219461 27.735544 -23.739174 -14.085371 -0.912130 5.884566 23.246901 -18.111511
7.071227 -3.522478 4.041786 6.704154 -6.517829 -19.821299 5.754001 16.456860 15.821251 18.953537 -19.416018 -8.519549 23.894688 -2.420217 5.671418 -4.178885 3.878496 22.556007 2.166947 -8.617344 -11.451323 -7.611285 16.612146 27.022722 -24.544094 -14.498133 -1.254326 4.832068 23.479620 -18.111584
6.897626 -4.210502 4.074897 6.733127 -6.677190 -20.006540 5.171807 16.156082 15.849671 18.434011 -19.281200 -7.608793 24.011786 -2.206843 5.903736 -3.834166 4.179390 22.595922 2.322535 -8.437901 -11.465750 -7.940228 16.002016 26.508909 -25.520313 -15.060232 -1.638430 3.787688 24.012360 -17.918154
6.991319 -5.022978 3.845132 6.832415 -6.885834 -20.285894 4.369650 15.848980 15.862246 18.171574 -19.534964 -6.605425 23.746065 -1.990162 6.387210 -3.602910 4.284513 22.626554 2.380953 -8.261095 -11.403016 -8.252458 15.636465 25.939814 -26.188419 -15.417866 -1.979946 2.820381 24.204708 -17.824762
6.748128 -5.655404 3.593750 6.770220 -7.000449 -20.397390 3.722081 15.539841 15.902801 17.824694 -19.962275 -5.770315 23.576607 -1.624855 6.761304 -3.512131 4.473997 22.670588 2.593071 -8.261865 -11.416826 -8.861301 15.597841 25.415554 -26.769642 -15.626824 -2.300741 1.704063 24.228836 -17.902288
6.456401 -6.206363 3.660162 6.907218 -7.172159 -20.381815 3.270453 15.205774 15.956238 17.451694 -19.952982 -4.725978 23.370125 -1.114773 7.053637 -3.467611 4.906502 22.650213 2.667020 -8.456241 -11.346341 -9.078044 15.151972 25.276819 -27.247820 -16.114212 -2.686373 1.171174 24.634054 -17.721411
6.536212 -6.790675 3.701513 7.192983 -7.447891 -20.487646 2.637012 14.831505 15.951951 17.238468 -20.107761 -4.058693 23.391663 -0.861782 7.179893 -3.400433 5.211272 22.411713 2.691969 -8.453799 -10.829432 -9.071324 14.860218 24.994844 -27.585865 -16.448133 -2.743109 0.597107 24.966036 -17.290823
6.500753 -7.406325 3.636693 7.198794 -7.622738 -20.720236 1.970541 14.542088 15.965814 16.870300 -20.146379 -3.437272 23.546963 -0.601488 7.182144 -2.993236 5.522519 22.260597 2.733962 -8.437333 -10.398764 -8.937682 14.437043 24.564394 -27.945871 -16.755978 -2.784205 0.173447 25.160109 -16.956114
6.177201 -7.888649 3.697961 7.215039 -7.786997 -20.591738 1.409552 14.075399 15.924131 16.600304 -19.926077 -2.937991 23.728224 -0.328547 7.319653 -2.505135 5.783800 22.072790 2.850527 -8.457938 -9.932749 -8.982734 14.629327 23.757780 -28.171127 -16.837456 -2.674369 -0.522087 25.228420 -16.668745
5.653528 -8.298901 3.716880 7.056851 -7.867713 -20.496210 1.033350 13.804371 15.981757 16.215349 -20.083002 -2.291691 23.546783 -0.094355 7.672424 -2.055350 5.856322 21.833948 2.972735 -8.524150 -9.250040 -8.956914 14.596426 23.084929 -28.493687 -16.967686 -2.558543 -1.301289 25.249643 -16.369549
5.352553 -8.647491 3.656095 7.437581 -8.159544 -20.427317 0.609569 13.548500 16.018940 15.840902 -20.403936 -1.680676 23.407749 0.093334 7.989300 -1.688418 6.005002 21.562553 3.070357 -8.609544 -9.058806 -8.144454 14.372728 23.014288 -29.073311 -17.179876 -2.517264 -1.729240 25.060326 -16.127024
4.952647 -9.018087 3.755062 7.794433 -8.410623 -20.210314 0.321521 13.258764 16.076878 15.545202 -20.470251 -1.422667 23.420757 0.048082 8.165620 -1.451447 6.197020 21.169611 3.181942 -8.596494 -8.593004 -7.476445 14.248061 22.828856 -29.455120 -17.219202 -2.311812 -2.031604 24.821905 -15.985359
4.783479 -9.142036 3.959305 7.935648 -8.621193 -20.161161 0.090869 13.100622 15.948454 15.462443 -20.345165 -1.184458 23.387295 0.044294 8.297498 -1.362298 6.471575 20.853281 3.230783 -8.565590 -8.070449 -7.203720 14.327118 22.494738 -29.600052 -17.113052 -2.104743 -2.372868 24.689329 -15.925699
4.437356 -9.361486 4.031495 7.838402 -8.647160 -20.084059 -0.043043 12.971968 15.994925 15.286753 -20.180653 -0.931352 23.370314 0.096863 8.335256 -1.251561 6.625468 20.736822 3.146151 -8.561143 -7.478628 -7.226631 14.369921 22.093555 -29.618048 -17.068409 -1.981871 -2.648038 24.664949 -15.860010
4.472426 -9.428917 4.109239 7.950409 -8.737406 -20.078043 -0.192745 12.849834 15.941399 15.298952 -19.981319 -0.883164 23.385014 0.130935 8.321355 -1.147152 6.707498 20.659224 3.082901 -8.521813 -7.290747 -6.978809 14.346425 21.995560 -29.754803 -17.036755 -1.898167 -2.808452 24.543354 -15.793674
4.403081 -9.428277 4.134584 7.895374 -8.751850 -20.107025 -0.207675 12.875611 15.917302 15.270862 -19.969984 -0.800099 23.341843 0.136264 8.319335 -1.159912 6.782847 20.625607 3.037210 -8.515170 -7.253825 -6.903300 14.365349 21.940310 -29.784834 -17.019552 -1.880692 -2.864118 24.517717 -15.793328
