-8.157633 -25.564371 4.372280 -7.584533 -2.379998 -15.891710 -15.448083 -5.102942 17.671865 7.545207 2.391775 8.318065 8.224449 15.557398 13.957582 3.547160 14.346925 11.472809 0.145629 -18.626785 23.960440 3.986101 15.182581 -4.052586 -28.460838 -21.914291 -2.116557 -7.990160 12.927038 -14.839675
-7.493337 -25.603947 3.947802 -7.526145 -2.431383 -16.321779 -15.794333 -5.006394 17.489061 7.679263 1.695789 8.244128 8.313907 15.392641 14.102067 2.957632 13.678809 12.208322 0.217739 -18.663385 23.317339 3.807513 14.185133 -4.278779 -28.551918 -21.864136 -2.408034 -7.190424 13.615531 -15.354826
-5.853321 -25.399889 2.749305 -7.400969 -2.475398 -17.186720 -16.299042 -4.591770 17.233122 7.933148 0.470438 8.283795 7.958147 15.456581 14.381442 1.841331 12.821790 12.957952 0.285987 -19.008211 22.743113 3.452955 13.007257 -4.482942 -28.602398 -22.122475 -2.983167 -6.277575 15.084875 -15.829382
-4.005486 -25.547091 1.038958 -7.560428 -2.149911 -18.340923 -16.843832 -4.024103 17.171412 8.132414 -1.176971 7.887829 7.673901 15.141735 14.585496 0.292968 11.531011 14.316000 0.462846 -19.365961 22.590490 3.279988 11.057906 -4.675624 -28.624184 -23.303974 -4.236663 -4.764910 17.295557 -16.349991
-2.510004 -25.269022 -1.075854 -7.261556 -2.292777 -19.157373 -17.835308 -3.792446 16.864511 8.376882 -2.710918 7.905183 6.728381 15.458778 14.498670 -1.338692 11.177350 14.801490 0.148996 -19.863394 21.673952 2.511325 8.525064 -3.990055 -28.590389 -25.094791 -5.896751 -2.898395 19.467903 -16.719124
-0.659185 -24.731920 -3.221991 -7.418348 -2.182676 -20.678366 -17.936371 -2.352135 16.773050 8.165627 -4.313767 7.665961 6.173887 15.408364 14.391425 -2.632047 10.404746 15.658437 -0.014837 -20.206717 20.320768 2.034978 6.694344 -3.690508 -28.730835 -25.984932 -6.955645 -1.545762 20.919138 -17.091074
0.767440 -23.854795 -5.095041 -6.887410 -2.499346 -21.307688 -18.408604 -1.750930 16.430128 8.494157 -5.413427 7.241180 5.600956 15.395479 14.344169 -4.180634 10.066278 16.170748 -0.341118 -20.211721 18.571329 0.969014 4.648096 -3.344583 -28.963291 -26.923172 -7.951406 -0.283424 22.165358 -17.325594
2.122542 -22.872355 -6.842115 -6.343585 -2.996280 -22.062670 -18.897350 -0.995283 16.024435 8.615026 -6.561327 6.301969 5.475364 14.933495 14.209002 -5.568185 9.304416 16.995119 -0.319540 -20.204462 17.109116 -0.622248 2.825345 -2.634618 -28.838753 -27.307049 -8.332649 0.932899 23.267620 -17.274342
2.380262 -22.118700 -7.444983 -6.123388 -3.488303 -22.608248 -19.052200 -0.317089 15.640349 8.397706 -7.247358 5.965539 5.461904 14.731763 14.262370 -6.032042 8.725306 17.530848 -0.208453 -20.271791 16.476240 -1.702945 2.014312 -2.143765 -28.638607 -27.217283 -8.232661 1.547218 23.971354 -17.184210
2.509818 -21.639902 -7.772424 -5.730751 -3.833742 -22.665947 -19.226091 -0.167143 15.367004 8.447534 -7.895437 5.733454 5.491312 14.545877 14.253783 -6.064259 8.266582 17.960817 -0.095633 -20.246687 16.342762 -2.336411 1.458630 -1.824619 -28.451601 -27.149532 -8.054471 1.962103 23.999876 -17.087397
2.061625 -21.839382 -7.478631 -5.893256 -3.682786 -22.426291 -19.051960 -0.325671 15.527468 8.375254 -7.722021 5.885208 5.543190 14.663105 14.338455 -5.807689 8.255939 17.852573 -0.135471 -20.227221 16.208992 -2.188241 1.885408 -1.849792 -28.509638 -27.069374 -8.049882 1.667548 24.203341 -17.044521
0.071355 -23.417173 -4.987525 -7.095857 -2.351937 -21.356359 -16.979393 -0.628710 16.943808 7.621656 -6.405226 7.065060 6.561451 14.915453 14.525966 -3.111093 8.432986 17.154135 -0.119466 -20.008118 16.418848 -0.558484 5.976520 -2.604796 -28.796837 -25.804401 -7.444514 -1.044179 24.215685 -16.910578
-3.506821 -24.831251 0.715838 -7.947401 -0.832535 -18.582794 -12.813407 -1.192953 19.103746 6.680884 -2.885150 8.142724 9.515808 14.468541 15.162132 2.361311 8.848228 15.577314 0.519829 -18.479996 19.675451 -0.560002 12.403912 -3.237475 -28.317181 -21.941158 -2.905191 -6.163380 20.794243 -14.542676
-7.260522 -24.703829 7.366899 -6.055378 -0.520355 -13.417922 -8.939404 -3.566779 20.681286 7.406732 3.129338 7.407008 12.177684 13.612576 13.964482 7.111582 12.167830 11.966767 0.141297 -16.338999 24.578325 1.137838 20.217110 -1.152645 -27.766277 -21.488243 0.790832 -12.619418 13.662988 -10.048465
-11.854423 -23.230177 12.661458 -4.840355 -0.352609 -8.076418 -5.482447 -5.784250 22.008858 8.391534 7.064657 5.164615 15.580565 11.706379 11.328179 12.626529 14.052738 10.429906 -2.321168 -12.436130 22.745924 -0.414007 18.594805 -3.574379 -29.714260 -16.861454 6.143887 -16.002743 2.342831 -9.436235
-14.640020 -21.186491 11.933778 -4.408822 -0.093131 -4.858302 -4.711682 -7.000324 22.988997 9.573845 7.794281 3.713827 16.088223 11.267120 8.710588 13.183264 17.001240 8.012155 -5.973922 -9.071732 23.796766 -5.200896 17.897127 -3.577996 -27.766930 -13.138111 10.098887 -14.489778 -1.303125 -10.032408
-15.968077 -17.805738 9.863378 -2.981244 -1.187023 -2.617282 -5.603452 -8.249012 22.310799 11.563332 7.861209 2.550997 15.235784 11.470232 7.098042 10.509098 20.100365 5.239095 -9.414017 -5.917238 22.055904 -9.680335 15.747124 -3.381885 -27.876575 -11.209226 12.639829 -14.060198 0.039256 -8.709677
-16.567656 -15.955116 7.778904 -1.548074 -2.851136 -1.549401 -8.591266 -10.104851 20.500311 13.651362 7.270437 1.810134 14.041379 11.690605 5.831095 8.259382 22.916544 2.925514 -11.591257 -4.147877 17.678455 -14.584947 15.391662 -1.582163 -27.857782 -10.157017 13.504287 -14.555340 2.537421 -6.616942
-14.646262 -14.909240 5.890724 0.494110 -5.008347 -2.040041 -12.147760 -11.311135 18.422897 15.102928 6.658450 2.185332 12.172123 12.502205 5.062181 7.668592 24.195608 2.386283 -11.746408 -5.929050 15.552310 -18.730021 15.371799 -0.878955 -27.527802 -8.625767 14.353162 -15.149010 4.700683 -5.655997
-13.587343 -14.652603 5.371669 1.446055 -5.957068 -2.186664 -13.864757 -12.140524 17.486776 15.839323 6.102414 2.380736 10.729840 13.038967 4.596585 7.257122 24.946955 2.092947 -11.486596 -7.456908 14.700518 -20.112793 15.482084 -0.656517 -27.366978 -7.772539 14.847574 -15.266266 5.478420 -5.465615
-13.392168 -14.640279 5.208397 1.552152 -6.035475 -2.149038 -14.067958 -12.271349 17.434298 15.966240 5.990832 2.457611 10.459173 13.160248 4.575995 7.137598 24.984888 2.142638 -11.477144 -7.734420 14.487368 -20.271746 15.535742 -0.604003 -27.386127 -7.653708 14.928858 -15.313572 5.590464 -5.420428
-13.041834 -14.777784 5.092633 1.673968 -6.002496 -2.216905 -14.227626 -12.381998 17.393457 16.129871 5.902975 2.811573 10.068733 13.458843 4.584776 7.103437 25.211748 1.948804 -11.515003 -8.117620 14.211390 -20.337618 15.553127 -0.552691 -27.381147 -7.559320 14.962436 -15.198526 5.850434 -5.471145
-12.391853 -15.288003 4.936426 2.130166 -6.247320 -2.515314 -15.042161 -12.772040 17.082474 16.204697 5.622366 3.149218 9.408452 13.850533 4.488394 7.109703 25.350752 2.143729 -11.362178 -9.091826 13.453298 -20.503443 15.585183 -0.587441 -27.529671 -7.168868 15.143977 -15.167984 6.500195 -5.542394
-11.707389 -15.424314 4.831025 2.631479 -6.597981 -2.544178 -15.914101 -13.378802 16.741877 16.577084 5.020576 3.822660 8.419209 14.409701 4.784146 7.131896 24.799885 3.057106 -10.880747 -10.510118 12.742072 -20.701778 16.309824 -0.397769 -27.501757 -6.743313 15.275380 -15.511225 7.527036 -5.398528
-10.628524 -15.771405 4.224627 3.236103 -6.828928 -2.688839 -16.831972 -13.867724 16.412834 16.960287 4.519378 4.254627 7.609845 14.803865 4.884363 7.112034 24.507500 3.480301 -10.555245 -11.622916 11.618944 -20.392973 17.844709 -0.420702 -27.620228 -5.940509 15.393426 -16.375912 8.696403 -5.445596
-9.549500 -16.476278 3.682075 3.693128 -6.919632 -3.035336 -17.642944 -14.250422 16.441683 16.990574 3.965273 4.993258 6.862764 15.362261 5.429531 6.838917 24.061365 3.821555 -10.336787 -12.521508 11.053957 -19.594828 19.405579 -0.364075 -27.630045 -5.054800 15.704964 -17.075720 8.901990 -5.584164
-8.733761 -16.989344 3.200613 3.864718 -6.764446 -3.318001 -17.918316 -14.321295 16.647577 17.090143 3.288341 5.226692 5.997866 15.731920 5.646991 6.552790 23.777225 4.034798 -10.148101 -13.293277 11.039504 -18.465397 20.468843 -0.474100 -27.752203 -4.560374 15.904792 -17.722715 8.977456 -5.628255
-8.008679 -17.352598 2.730712 3.866269 -6.312417 -3.459430 -17.584805 -14.132380 17.181316 17.023781 2.979543 5.315559 5.723887 15.834923 5.974534 6.369570 23.318426 4.476523 -10.121262 -13.537516 11.340928 -17.290115 20.810030 -0.521563 -27.813307 -4.204922 16.103716 -17.693121 9.392610 -5.764318
-7.667521 -17.564253 2.458223 3.793675 -6.133843 -3.756190 -17.428493 -13.812811 17.318464 16.924318 2.584147 5.483042 5.288119 16.144932 6.058371 6.229701 23.128576 4.663587 -10.011021 -14.021633 11.681062 -16.391144 20.425001 -0.851347 -28.019127 -4.450424 15.867166 -17.493122 9.591670 -5.983039
-7.656194 -17.545078 2.525281 3.862597 -6.232378 -3.809113 -17.555849 -13.842423 17.135553 16.919592 2.407409 5.589375 5.060850 16.249622 6.136025 6.033008 23.064602 4.641355 -9.989264 -14.137498 11.746099 -16.181540 20.124256 -0.894564 -28.043449 -4.597445 15.731067 -17.361622 9.744346 -6.018878
-7.683752 -17.529188 2.569004 3.814859 -6.208448 -3.818409 -17.500834 -13.806161 17.135267 16.899181 2.443199 5.585698 5.105903 16.232332 6.157166 6.034868 23.054714 4.630401 -10.019094 -14.069461 11.728544 -16.170965 20.153028 -0.883274 -28.030037 -4.580750 15.731950 -17.367657 9.806655 -6.020823
-7.683300 -17.528559 2.569836 3.813115 -6.208145 -3.818072 -17.500713 -13.806578 17.135172 16.899019 2.443540 5.585618 5.105550 16.231915 6.157699 6.035042 23.054308 4.630155 -10.018988 -14.069615 11.729503 -16.172499 20.152937 -0.882520 -28.031094 -4.580080 15.731802 -17.368927 9.805599 -6.023060
-7.681863 -17.527575 2.570580 3.811520 -6.207917 -3.817583 -17.501022 -13.807550 17.135065 16.898130 2.443547 5.585775 5.104337 16.231110 6.158971 6.035358 23.053133 4.629978 -10.018984 -14.069880 11.728877 -16.171602 20.152824 -0.884018 -28.029938 -4.580538 15.731868 -17.367378 9.805082 -6.021923
-7.690245 -17.532698 2.567259 3.822244 -6.209211 -3.820876 -17.498108 -13.801125 17.135359 16.904587 2.447753 5.588939 5.097816 16.222347 6.161205 6.036401 23.050138 4.630322 -10.024590 -14.069950 11.727846 -16.172468 20.155920 -0.887973 -28.026861 -4.579419 15.732232 -17.365519 9.804813 -6.020690
-7.669640 -17.520796 2.573417 3.804979 -6.207155 -3.815212 -17.505470 -13.816469 17.137697 16.884663 2.449363 5.587555 5.096357 16.222187 6.165050 6.036951 23.047680 4.628310 -10.022379 -14.071100 11.727514 -16.171465 20.155132 -0.887033 -28.027571 -4.579401 15.732370 -17.364834 9.804506 -6.021620
-7.669614 -17.520836 2.573466 3.804980 -6.207153 -3.815258 -17.505508 -13.816508 17.137720 16.884544 2.449363 5.587555 5.096357 16.222187 6.165050 6.036951 23.047680 4.628310 -10.022379 -14.071100 11.727514 -16.171465 20.155132 -0.887033 -28.027571 -4.579401 15.732370 -17.364834 9.804506 -6.021620
-7.669104 -17.520365 2.573638 3.804262 -6.207056 -3.814963 -17.505692 -13.816994 17.137781 16.883972 2.447583 5.587261 5.099760 16.225193 6.163722 6.036133 23.049238 4.628285 -10.022318 -14.069215 11.713147 -16.168928 20.186785 -0.948842 -27.976215 -4.594722 15.732918 -17.331758 9.808114 -5.969813
-8.720922 -16.174892 5.807188 2.245238 -9.047798 -6.853214 -19.589577 -12.594105 14.926767 12.190871 3.156435 5.193017 3.404069 13.196541 6.903886 6.141831 24.218943 2.870389 -6.697649 -17.206705 25.671488 -9.201633 22.180477 5.616297 -21.913183 -17.104446 10.256733 -12.091631 15.697124 -0.737971
-8.720922 -16.174892 5.807188 2.245238 -9.047798 -6.853214 -19.589577 -12.594105 14.926767 12.190871 3.156435 5.193017 3.404069 13.196541 6.903886 6.141831 24.218943 2.870389 -6.697649 -17.206705 25.671488 -9.201633 22.180477 5.616297 -21.913183 -17.104446 10.256733 -12.091631 15.697124 -0.737971
-8.720922 -16.174892 5.807188 2.245238 -9.047798 -6.853214 -19.589577 -12.594105 14.926767 12.190871 3.156435 5.193017 3.404069 13.196541 6.903886 6.141831 24.218943 2.870389 -6.697649 -17.206705 25.671488 -9.201633 22.180477 5.616297 -21.913183 -17.104446 10.256733 -12.091631 15.697124 -0.737971
-9.483297 -16.932329 5.672937 2.546896 -9.202108 -7.314652 -19.435635 -11.669661 14.546425 13.512104 2.074574 5.084989 4.368754 14.449144 6.255090 5.468017 25.235451 3.004674 -6.049664 -17.091530 24.311182 -8.723809 21.312910 7.595696 -24.570786 -16.193768 10.269887 -13.130597 14.203083 -2.816037
-9.598982 -17.001545 5.612452 2.750271 -9.212409 -7.361447 -19.363565 -11.543676 14.534122 13.735426 1.928637 5.054740 4.458258 14.645079 6.243494 5.448571 25.243845 3.022904 -6.011209 -17.016172 24.419735 -8.947792 21.312767 7.471742 -24.527401 -16.111807 10.373755 -13.194508 14.249396 -2.844411
-9.652144 -17.035761 5.590487 2.802308 -9.216679 -7.375190 -19.342945 -11.502509 14.530486 13.792481 1.937689 5.064070 4.443501 14.625366 6.245690 5.448769 25.238661 3.026460 -6.024008 -17.019785 24.432663 -8.945343 21.291758 7.500903 -24.549725 -16.105076 10.380521 -13.206520 14.257514 -2.859956
-9.653709 -17.037683 5.591218 2.807354 -9.217652 -7.376485 -19.342999 -11.501971 14.529973 13.795049 1.937287 5.063745 4.442567 14.626020 6.246887 5.449447 25.237032 3.026985 -6.022154 -17.021650 24.436510 -8.950553 21.297087 7.510361 -24.549007 -16.112078 10.373531 -13.211508 14.261709 -2.859839
-9.723700 -17.078634 5.573328 2.865152 -9.225101 -7.395981 -19.313665 -11.446638 14.522367 13.858669 1.956264 5.065522 4.434842 14.612637 6.242050 5.454486 25.230619 3.033171 -6.040325 -17.018690 24.474953 -9.000981 21.274515 7.595030 -24.637064 -16.049042 10.380534 -13.296435 14.268218 -2.986039
-9.729312 -17.080690 5.570109 2.872325 -9.224775 -7.395587 -19.311626 -11.444235 14.522951 13.865000 1.962050 5.053833 4.427565 14.608238 6.269883 5.462320 25.212345 3.009700 -6.024422 -17.020231 24.462927 -8.971105 21.274996 7.570808 -24.607262 -16.065802 10.378045 -13.260955 14.268279 -2.938862
-9.730743 -17.081280 5.569963 2.872829 -9.224747 -7.396027 -19.310953 -11.443140 14.522963 13.866152 1.960768 5.053951 4.427374 14.609837 6.269374 5.461689 25.213099 3.009908 -6.024535 -17.020210 24.462694 -8.970501 21.274630 7.571346 -24.607269 -16.066078 10.377980 -13.260450 14.268131 -2.938375
-9.680941 -17.052824 5.583420 2.823830 -9.219041 -7.383876 -19.330654 -11.479897 14.529390 13.813124 1.953272 5.056594 4.434911 14.619382 6.254138 5.458514 25.225542 3.024286 -6.028492 -17.018927 24.469509 -8.982897 21.271452 7.586258 -24.623779 -16.060061 10.378327 -13.277283 14.267966 -2.957045
-9.719352 -17.076365 5.572225 2.863053 -9.224072 -7.393921 -19.315693 -11.451082 14.524859 13.853621 1.951802 5.054085 4.445368 14.629325 6.246468 5.454947 25.232977 3.026069 -6.024289 -17.019470 24.471670 -8.991504 21.274984 7.585030 -24.625000 -16.058132 10.376685 -13.283529 14.268146 -2.965313
-9.678011 -17.049784 5.587093 2.820270 -9.218032 -7.381369 -19.329800 -11.482700 14.527792 13.813740 1.954661 5.057088 4.422627 14.609436 6.268605 5.463140 25.212688 3.016721 -6.028454 -17.018845 24.460661 -8.962974 21.272619 7.572470 -24.605598 -16.065735 10.381408 -13.253781 14.268344 -2.929811
