-5.047609 -7.980394 19.780830 -9.545671 -15.248440 -11.564135 -25.304131 -13.755041 7.892839 -1.480153 8.481770 8.789811 -4.232376 -4.515000 10.418318 6.335186 25.309031 -2.097302 -8.387413 -18.011425 -13.575644 -5.661438 25.629169 -9.187189 -20.460823 -21.749105 5.920634 -6.416820 -6.065547 5.715403
-5.085050 -8.005795 19.782928 -9.603067 -15.196382 -11.534460 -25.255119 -13.763872 7.978261 -1.476031 8.549881 8.790028 -4.141893 -4.586893 10.408978 6.376466 25.362265 -2.156455 -8.428679 -17.922300 -13.603570 -5.700151 25.815519 -9.185552 -20.444910 -21.623692 6.034536 -6.475075 -6.089341 5.721797
-5.025511 -8.025050 19.648495 -9.624016 -15.127493 -11.513559 -25.181541 -13.718937 8.091029 -1.463248 8.590204 8.754472 -4.030372 -4.702057 10.372446 6.432605 25.437698 -2.192383 -8.416710 -17.858515 -13.649206 -5.716018 25.890074 -9.147064 -20.451391 -21.546122 6.114333 -6.523638 -6.167268 5.764657
-5.029641 -7.895833 19.665060 -9.425384 -15.319796 -11.422784 -25.401150 -13.891829 7.957854 -1.333746 8.663235 8.720482 -3.877632 -4.754240 10.319235 6.476341 25.534262 -2.307990 -8.454830 -17.688026 -13.777253 -6.017721 26.168612 -9.022863 -20.366898 -21.280354 6.341881 -6.701326 -6.170213 5.900110
-5.261666 -7.731773 19.727980 -9.439758 -15.308659 -11.073071 -25.396406 -14.136826 7.886562 -1.182573 8.750101 8.675885 -3.772076 -4.827860 10.260106 6.509485 25.599119 -2.430920 -8.545362 -17.491096 -13.751948 -6.316777 26.061939 -8.907152 -20.338474 -21.327332 6.432521 -6.739212 -6.391016 6.050792
-5.531379 -7.541816 19.887346 -9.323218 -15.559387 -10.884995 -25.684948 -14.394404 7.537340 -0.936299 8.680120 8.647553 -3.746416 -4.834320 10.148528 6.476039 25.711327 -2.596133 -8.536347 -17.457451 -13.787749 -6.678238 25.967558 -8.765954 -20.316181 -21.468845 6.428917 -6.827526 -6.617079 6.190736
-6.002747 -7.251273 20.087418 -9.405253 -15.749302 -10.731665 -25.769016 -14.453328 7.215240 -0.807626 8.932475 8.600582 -3.565320 -4.811765 9.949878 6.618330 26.006344 -2.845976 -8.689902 -17.201639 -14.049417 -7.289605 25.379232 -8.574322 -20.374565 -21.869856 6.233498 -6.677405 -6.697351 6.317805
-6.346864 -7.024536 20.265497 -9.430115 -15.870678 -10.603022 -25.766169 -14.485072 7.033920 -0.826556 9.277966 8.556291 -3.297314 -4.896551 9.781768 6.761309 26.257483 -3.094220 -8.909891 -16.862522 -13.957870 -8.007689 24.980761 -8.428007 -20.246029 -21.999216 6.265054 -6.480554 -7.033834 6.392435
-6.766637 -6.708804 20.312126 -9.580498 -15.774549 -10.282866 -25.440887 -14.457529 7.106426 -0.744869 9.569776 8.367337 -2.873939 -5.217792 9.672171 6.977205 26.242094 -2.975564 -8.887497 -16.564968 -13.873485 -8.650001 24.135698 -8.454994 -20.178953 -22.189316 6.212617 -5.958830 -6.857712 6.387559
-7.338673 -6.521508 20.472610 -9.743986 -15.783508 -9.994030 -25.343248 -14.540941 6.967232 -0.645449 9.746775 8.063809 -2.609648 -5.371684 9.484616 6.960334 26.443083 -3.222140 -9.134644 -16.070145 -13.625102 -8.997935 23.433023 -8.434826 -20.194975 -22.423958 6.163711 -5.590772 -6.918925 6.346516
-7.775867 -6.118457 20.694439 -10.050838 -15.502429 -9.767724 -24.562714 -14.204503 7.223307 -0.603336 10.019682 7.703199 -2.255782 -5.639338 9.211281 7.115493 26.555220 -3.351966 -9.257957 -15.635858 -13.287677 -9.613561 22.460958 -8.545238 -20.168003 -22.649479 6.147457 -5.114044 -6.725082 6.347090
-8.123460 -6.145275 20.973856 -10.294612 -15.384985 -9.869575 -24.203739 -13.934051 7.380686 -0.910128 10.504314 7.419835 -1.785772 -5.896601 9.075004 7.409950 26.625540 -3.438774 -9.388131 -15.170979 -12.844298 -9.740506 21.380993 -8.683099 -20.224276 -22.829887 6.249495 -4.569998 -7.118464 6.287534
-8.581370 -5.859723 21.265011 -10.607009 -15.136806 -9.589039 -23.593929 -13.798570 7.640135 -0.823815 10.591195 7.179266 -1.537757 -6.040318 8.987711 7.382011 26.695642 -3.531606 -9.481951 -14.797929 -12.311083 -10.237102 20.396891 -8.908171 -20.235897 -22.842911 6.572552 -4.169787 -7.574041 6.386689
-8.939062 -5.791992 21.400528 -10.903025 -14.900377 -9.565973 -23.026855 -13.457112 7.898142 -1.043087 11.129710 6.760961 -0.862098 -6.248195 8.802268 7.487070 26.931532 -3.968199 -10.005356 -13.775708 -11.885085 -10.353056 19.524778 -9.167657 -20.317055 -22.782661 6.832334 -3.863468 -8.062186 6.373041
-9.089388 -5.759804 21.313137 -11.050393 -14.770408 -9.541420 -22.775806 -13.268423 7.989142 -1.085061 11.321621 6.480913 -0.646544 -6.350742 8.606780 7.517249 26.964449 -4.186869 -10.287703 -13.387417 -11.526408 -10.612798 19.077803 -9.488503 -20.306194 -22.626352 7.022892 -3.802045 -8.125104 6.409386
-9.334900 -5.561771 21.414660 -11.340088 -14.454491 -9.306190 -22.213707 -13.136852 8.294241 -0.957043 11.489658 6.241650 -0.366223 -6.523957 8.582995 7.555487 26.807053 -4.178718 -10.388226 -12.989309 -11.277531 -10.669916 18.885330 -9.519139 -20.238640 -22.790436 6.924009 -3.774392 -8.239381 6.490508
-9.574455 -5.314675 21.426224 -11.457824 -14.455142 -9.175402 -22.008865 -13.025817 8.330183 -0.983939 11.615952 6.130924 -0.125073 -6.673358 8.592409 7.554227 26.723917 -4.144918 -10.492499 -12.641076 -11.016520 -10.777492 18.831093 -9.493078 -20.204769 -22.855555 6.932426 -3.885019 -8.363690 6.605295
-9.824863 -5.235416 21.459797 -11.469446 -14.566150 -9.136088 -22.038891 -12.999199 8.250769 -1.091092 11.735171 5.916132 0.148622 -6.869651 8.561096 7.583138 26.572538 -3.986267 -10.521818 -12.395443 -10.768984 -10.749232 18.839544 -9.633343 -20.193096 -22.807899 6.970556 -3.976983 -8.407059 6.606073
-9.929214 -5.208675 21.588295 -11.591424 -14.457873 -9.125019 -21.810322 -12.901871 8.392153 -1.156158 11.806007 5.789286 0.316343 -6.980891 8.571760 7.568129 26.417471 -3.864389 -10.550735 -12.231257 -10.565343 -10.789651 18.834869 -9.620233 -20.136723 -22.826731 6.963452 -4.002458 -8.489209 6.642831
-9.988033 -5.219060 21.656696 -11.604792 -14.471432 -9.149634 -21.801697 -12.886869 8.386361 -1.212845 11.891008 5.744853 0.401781 -7.033309 8.552595 7.595213 26.422117 -3.877821 -10.593693 -12.126951 -10.477504 -10.807899 18.819960 -9.628370 -20.118750 -22.826611 6.977555 -4.023442 -8.588719 6.658801
-10.055878 -5.247011 21.735954 -11.700981 -14.304523 -9.085922 -21.553288 -12.827627 8.498375 -1.197813 12.005697 5.694494 0.598555 -7.068527 8.571201 7.689134 26.314938 -3.830252 -10.627205 -11.969846 -10.484651 -10.655414 18.813286 -9.655748 -20.163269 -23.048542 6.770603 -4.022610 -8.553146 6.612598
-10.427477 -5.350817 22.003265 -12.057201 -13.915926 -9.075901 -20.803003 -12.440911 8.886577 -1.487422 12.496140 5.552017 1.312674 -7.320607 8.675973 7.963061 26.005976 -3.585947 -10.875335 -11.297568 -10.164691 -9.886804 18.444315 -9.740528 -20.277737 -23.527023 6.427266 -3.783522 -8.536454 6.524428
-11.004925 -5.453690 22.338882 -12.596990 -13.407184 -8.938658 -19.872149 -12.042154 9.354886 -1.794281 12.707164 5.479589 1.902636 -7.558811 8.864104 8.134240 25.567156 -3.362704 -10.919673 -10.814277 -9.428020 -8.698411 18.176294 -10.146250 -20.636557 -23.858656 6.366229 -3.867111 -8.638995 6.488446
-11.735250 -5.946947 23.179466 -13.594999 -12.331061 -8.937737 -18.117186 -11.290163 10.458460 -2.457700 13.109476 5.330266 2.918483 -7.987901 9.189269 8.292877 25.042774 -3.167357 -11.243547 -9.603987 -8.645164 -6.212253 18.605749 -10.422924 -20.795622 -24.710487 5.614233 -3.630431 -9.789040 5.781674
-13.006859 -6.307357 24.504440 -14.440943 -11.695705 -8.686518 -16.628902 -10.799479 11.197792 -3.389418 13.445324 5.275716 3.877108 -8.353906 9.683233 8.657377 24.465803 -3.130718 -11.469273 -8.488514 -5.282328 -4.038714 18.431223 -10.891817 -20.367435 -24.851822 6.056261 -2.887922 -9.666296 5.512670
-13.426452 -7.030672 25.350571 -15.335105 -10.798005 -8.823572 -15.046826 -10.006662 12.204688 -4.389999 14.193542 5.616357 5.059519 -8.560071 10.464157 9.791515 23.316973 -2.297129 -11.205118 -8.022580 -1.600089 -1.768010 17.840258 -12.770339 -19.904797 -23.188704 7.440539 -1.750931 -8.917201 4.529648
-12.539656 -8.307879 25.397150 -15.890780 -9.494481 -8.979247 -13.591538 -9.400034 13.581264 -4.976665 14.414063 6.084645 5.890751 -8.436960 11.056230 11.085271 21.939108 -1.161400 -10.525193 -8.453910 -1.226692 -0.008926 18.316685 -13.378553 -20.129635 -23.389717 7.021915 -1.846499 -10.588063 3.653205
-11.568930 -10.187472 25.958099 -16.738180 -7.798302 -9.199335 -12.043114 -9.036559 14.944136 -5.478509 14.576550 6.837365 6.843982 -8.741217 11.955882 12.286307 20.150076 0.136450 -9.346400 -9.337306 -3.829054 1.406643 19.494429 -14.306609 -21.076332 -24.991859 4.762338 -2.855039 -13.599685 2.384523
-9.917225 -11.849173 26.572929 -17.647186 -6.536130 -9.462635 -11.188294 -8.993313 15.353964 -4.821577 13.594817 8.400211 7.187060 -8.240335 13.589278 12.378570 18.411394 0.986484 -7.958909 -10.266061 -5.865979 3.208762 18.570190 -15.027914 -22.053711 -24.700773 4.425747 -2.735892 -13.398179 1.849469
-7.173934 -13.048484 27.215219 -17.568998 -5.438056 -9.272365 -10.487684 -9.631597 15.416424 -2.902941 12.605475 9.796741 7.725171 -7.725000 15.644834 11.724429 16.218590 1.506022 -7.850472 -9.461912 -3.683755 5.846658 18.234182 -16.786600 -22.893385 -24.132915 4.988904 -3.405307 -11.516768 2.149080
-4.605256 -13.908380 26.887812 -17.843857 -5.291015 -10.673153 -11.125773 -9.406477 14.744959 -2.264421 11.278322 11.499530 6.816628 -6.618162 17.909893 10.355533 14.533593 2.520860 -6.383121 -10.814891 -2.343027 7.180167 17.744505 -18.905399 -23.587809 -23.623562 5.031123 -3.896197 -8.947848 2.298843
-1.176460 -14.828017 25.037941 -18.101492 -5.013560 -12.955745 -12.393289 -8.736246 14.023332 -1.757071 9.959837 12.741201 5.278246 -5.792487 19.709196 7.283847 14.058864 2.594041 -5.339239 -11.896480 -3.570656 8.831378 17.144657 -19.314154 -23.914122 -23.146727 4.372867 -2.600666 -4.153513 1.669666
1.413934 -15.286220 22.315094 -18.448536 -5.014921 -15.590549 -13.838083 -7.490287 13.422152 -2.093703 7.442440 13.965404 3.768834 -4.977983 21.069277 4.638388 12.532472 3.813484 -4.434717 -13.372903 -5.577179 8.919190 16.568367 -19.875917 -24.111366 -22.412951 3.544882 -1.511866 0.233524 0.648448
3.155162 -15.622120 19.071253 -19.295019 -4.960180 -17.972490 -15.527980 -6.407813 12.913837 -2.599253 4.609236 14.320807 2.688917 -4.663668 22.084743 2.114323 10.572116 5.548643 -3.709172 -14.331047 -7.450502 7.464478 12.458212 -21.102173 -24.221878 -22.175415 2.175747 1.724145 3.962062 -1.492153
4.857855 -15.324275 15.379551 -19.950674 -5.385710 -20.326382 -17.702868 -5.337565 12.012085 -2.856251 1.665128 14.494155 1.211380 -4.577278 22.159212 -0.228914 9.679028 6.920738 -3.704613 -15.391774 -8.737430 7.119428 8.928996 -22.254782 -24.410717 -22.802071 0.246069 4.643664 8.018103 -3.416033
6.152780 -14.604431 12.696190 -20.112823 -6.266589 -22.202909 -19.944187 -4.669244 10.670816 -2.861035 -0.355286 14.298831 -0.582590 -4.329876 21.867819 -2.628941 9.649188 7.679132 -3.786976 -16.539358 -10.924297 7.717742 5.949080 -22.079294 -24.720791 -24.665012 -2.331503 7.394669 10.196626 -5.032431
7.826955 -13.615093 10.810795 -19.560852 -7.226849 -23.571646 -21.518127 -4.131933 9.485106 -2.459394 -1.601935 13.313422 -1.428876 -4.540334 21.510303 -5.473998 9.366577 8.612472 -3.942650 -17.047817 -13.350646 7.213935 3.573815 -21.717506 -24.973812 -27.093992 -5.175013 9.361427 9.487627 -6.521589
9.128151 -12.738784 9.184427 -18.905293 -8.119919 -24.515247 -22.988146 -3.833594 8.579347 -2.090554 -2.493664 12.453853 -2.176757 -4.628964 21.365511 -7.340683 9.260448 8.933340 -3.942485 -17.254484 -14.449283 6.243217 0.962264 -21.062004 -25.087122 -28.877502 -6.397025 10.927619 9.137847 -6.616071
9.729815 -12.041391 8.622238 -18.460369 -8.648519 -24.849424 -23.582384 -3.677881 7.953472 -1.803206 -2.763449 11.970487 -2.340507 -4.945213 21.164347 -8.356063 9.298749 9.329141 -3.955484 -17.273336 -14.318578 5.551887 -0.466548 -20.737692 -25.010757 -28.949215 -6.090559 11.602266 8.827847 -6.359872
10.114090 -11.814114 8.416604 -18.243090 -8.833061 -24.979662 -23.802879 -3.638063 7.731929 -1.629204 -3.088038 11.790143 -2.406803 -5.091766 21.086786 -8.661498 9.236613 9.515429 -3.913834 -17.264521 -14.124508 5.297904 -1.038458 -20.662069 -24.951981 -28.951759 -5.971529 11.917159 8.620154 -6.324119
10.221613 -11.855358 8.394914 -18.317467 -8.754497 -25.072432 -23.686802 -3.515207 7.803144 -1.676443 -2.970859 11.807725 -2.379516 -5.073921 21.084099 -8.618544 9.267887 9.480021 -3.938418 -17.261583 -14.051399 5.429175 -0.948971 -20.739992 -24.968088 -28.966908 -6.022932 11.887099 8.619395 -6.394621
10.195271 -12.032015 8.563972 -18.346066 -8.663664 -24.973654 -23.705423 -3.701852 7.857543 -1.582055 -2.728338 11.907268 -2.366973 -5.018718 21.060452 -8.553185 9.461194 9.330048 -4.008883 -17.233049 -14.024228 5.668446 -0.725642 -20.773876 -25.045719 -29.101971 -6.134280 11.716862 8.531520 -6.397964
9.970268 -12.308556 8.594053 -18.623041 -8.520245 -25.036570 -23.651699 -3.668922 8.039081 -1.796616 -2.334448 12.062118 -2.492032 -4.810671 21.100658 -8.519634 9.755811 8.995390 -4.031975 -17.345266 -13.812464 6.065489 -0.399257 -20.989750 -25.112770 -29.130627 -6.212325 11.548677 8.671999 -6.472259
9.849110 -12.673550 8.747310 -18.742733 -8.303728 -24.820181 -23.657169 -3.979645 8.214643 -1.681794 -2.145908 12.202849 -2.564377 -4.689595 21.139664 -8.501001 9.963907 8.844468 -3.999558 -17.399298 -13.527141 6.406995 -0.171977 -21.146202 -25.132061 -29.317818 -6.406773 11.447144 8.364515 -6.575712
9.651882 -13.044113 9.071302 -18.772303 -8.083349 -24.465752 -23.588310 -4.382065 8.404219 -1.568927 -1.677779 12.435325 -2.477848 -4.555140 21.093479 -7.896435 10.260600 8.486983 -4.127971 -17.272406 -13.104509 7.007936 0.424302 -21.400801 -25.180233 -29.270628 -6.411474 11.154724 8.199001 -6.685258
9.097500 -13.638174 9.683422 -19.265991 -7.644546 -24.226925 -23.214706 -4.601632 8.749499 -1.733274 -1.461390 12.751661 -2.287381 -4.486242 21.234745 -7.325602 10.175943 8.474568 -4.061753 -17.217962 -12.358848 7.870682 0.982061 -21.734724 -25.184143 -29.052979 -6.284262 10.979208 7.684031 -6.941459
8.425102 -14.064260 10.707420 -19.346924 -7.406663 -23.548170 -22.962629 -5.223051 8.937493 -1.550402 -0.592521 13.442872 -2.402880 -4.088470 21.308136 -6.531697 11.004264 7.611372 -4.163544 -17.244406 -11.034488 8.612063 2.200274 -22.527544 -25.159977 -28.304665 -5.656372 10.115078 7.424885 -6.927145
7.928458 -14.545356 11.480533 -19.700134 -6.970309 -23.135782 -22.436245 -5.473737 9.312057 -1.593837 -0.198399 13.587279 -2.254724 -4.069250 21.295639 -5.891310 11.154620 7.446291 -4.000517 -17.334772 -10.068503 9.001034 3.280997 -23.054825 -24.927456 -27.257133 -4.900505 9.482402 7.192544 -6.964103
7.139116 -14.984955 12.227091 -19.817387 -6.905183 -22.679159 -22.452595 -6.003483 9.450792 -1.690288 0.395585 13.904519 -2.015130 -3.966088 21.368044 -4.982335 11.416667 6.982443 -3.896150 -17.277180 -8.387937 9.536739 3.985171 -23.376551 -24.755493 -26.478550 -3.904825 8.904657 6.811324 -6.598167
6.162991 -15.268464 13.029795 -19.737000 -6.919683 -21.938501 -22.387085 -6.661120 9.580154 -1.656758 1.150329 14.067737 -1.823447 -3.814753 21.424824 -4.374229 11.804529 6.545997 -3.862078 -17.147989 -7.425035 9.873807 4.682983 -23.610395 -24.675411 -25.929230 -3.256255 8.404808 6.663465 -6.378272
5.252235 -15.584668 14.038414 -19.553045 -7.034649 -21.058218 -22.586563 -7.633344 9.565995 -1.343568 1.865102 14.164690 -1.598736 -3.719502 21.476507 -3.873359 12.201260 6.024852 -3.869057 -16.894991 -6.597014 10.193423 5.714853 -23.683290 -24.570013 -25.223839 -2.439242 7.696894 5.908998 -6.072785
4.608068 -15.957560 15.080759 -19.852438 -6.569401 -20.401052 -21.758926 -7.880960 10.050074 -1.303063 2.766460 14.197627 -0.949997 -3.961035 21.541578 -2.989531 12.238233 5.881823 -3.755351 -16.581833 -5.879099 10.488641 6.773320 -23.938257 -24.547691 -24.537420 -1.668817 6.845906 4.884980 -5.782209
4.090031 -15.984314 15.649652 -19.685963 -6.622599 -19.853308 -21.615639 -8.248133 10.129065 -1.223622 3.391676 14.198234 -0.587198 -3.976712 21.575077 -2.374971 12.305675 5.712652 -3.756417 -16.305969 -5.344113 10.924091 7.985584 -23.944731 -24.638897 -23.899323 -0.774097 5.793167 3.954562 -5.252697
3.357120 -15.995993 16.236473 -19.636757 -6.591377 -19.266178 -21.194469 -8.477947 10.327511 -1.283855 4.069298 14.371177 -0.340262 -3.831892 21.560570 -1.672667 12.552062 5.379108 -3.781021 -16.193430 -5.238072 11.331582 8.999359 -23.548819 -24.721256 -23.652287 -0.180007 4.959468 2.981146 -4.701863
2.458061 -15.926231 16.932249 -19.315395 -6.865174 -18.485373 -21.282627 -9.123198 10.242744 -1.088413 4.852935 14.727244 -0.464459 -3.510570 21.427063 -0.808233 13.527869 4.305838 -4.027456 -16.001814 -5.298509 11.622811 9.722092 -22.986876 -24.662464 -23.479244 0.224730 4.571817 2.141697 -4.366968
1.659699 -16.094534 17.624844 -19.325901 -6.770629 -17.845705 -21.013748 -9.526820 10.421642 -1.062973 5.417735 14.668153 -0.056185 -3.715936 21.244621 -0.175644 13.736295 4.221170 -4.074405 -15.713788 -5.217102 11.864926 10.283596 -22.913046 -24.650314 -23.490570 0.299940 4.246135 1.373343 -4.297058
1.148593 -16.154997 17.954735 -19.360275 -6.768069 -17.553352 -20.894855 -9.701779 10.504210 -1.141309 6.024406 14.726481 -0.100675 -3.543279 21.108273 0.302539 14.301105 3.628354 -4.146585 -15.704991 -5.203543 12.067342 10.860134 -22.714842 -24.667393 -23.470026 0.463648 3.821325 0.753474 -4.085414
0.855872 -16.132307 18.298683 -19.377129 -6.708076 -17.292313 -20.599024 -9.743338 10.625799 -1.165249 6.484724 14.778153 -0.205942 -3.373085 20.951433 0.649748 14.764896 3.150347 -4.251503 -15.721323 -5.172106 12.153129 11.492023 -22.570440 -24.615944 -23.390554 0.617340 3.352735 0.099903 -3.882251
0.649357 -16.142879 18.510834 -19.501644 -6.611221 -17.181114 -20.376080 -9.704043 10.717292 -1.233458 6.729033 14.838655 -0.090306 -3.414240 20.953720 0.923338 14.868592 3.038620 -4.200339 -15.690771 -5.228062 12.083621 11.771855 -22.610849 -24.623701 -23.294590 0.706586 3.074018 -0.301819 -3.817314
0.528349 -16.146574 18.595934 -19.487955 -6.636052 -17.115686 -20.391493 -9.762278 10.705603 -1.237371 6.745197 14.843387 -0.112283 -3.385997 20.936958 0.957452 14.931857 2.954527 -4.245719 -15.637170 -5.279157 12.103350 11.887913 -22.577940 -24.621101 -23.302389 0.701716 3.000483 -0.432398 -3.799277
0.498738 -16.140007 18.625189 -19.496990 -6.646669 -17.130915 -20.360901 -9.728012 10.711065 -1.280361 6.719479 14.858666 -0.120487 -3.368789 20.922529 1.018808 14.957014 2.903257 -4.264872 -15.623665 -5.364453 12.110599 12.040744 -22.474165 -24.620663 -23.283134 0.744273 2.885534 -0.496273 -3.719198
0.282495 -16.155676 18.804008 -19.535217 -6.650571 -17.035938 -20.266117 -9.745934 10.762175 -1.357071 6.785793 14.931943 -0.071202 -3.360375 20.905561 1.202660 14.994657 2.867190 -4.278823 -15.611761 -5.315853 12.298970 12.411304 -22.422560 -24.632717 -23.308971 0.798017 2.597664 -0.908767 -3.606135
0.021703 -16.197720 19.171646 -19.639450 -6.565944 -16.910013 -19.987432 -9.703019 10.866223 -1.448633 6.998287 15.054643 0.108364 -3.425290 20.918676 1.657766 15.028499 2.769894 -4.271526 -15.519404 -5.457376 12.492105 12.886790 -22.263586 -24.636612 -23.379089 0.764030 2.271444 -1.553273 -3.529343
-0.437605 -16.063875 19.646500 -19.595280 -6.640323 -16.606272 -19.676037 -9.705207 10.968925 -1.579978 7.214733 15.205575 0.147838 -3.419765 20.832491 2.297533 15.285653 2.376410 -4.312829 -15.474265 -5.358542 12.607495 13.685176 -22.252550 -24.546551 -23.207432 0.912585 1.756827 -2.509948 -3.474898
-0.964608 -16.068493 20.191589 -19.582226 -6.587101 -16.204641 -19.275431 -9.790908 11.156492 -1.685173 7.647686 15.275788 0.268671 -3.419661 20.679283 2.901946 15.675583 1.860222 -4.428795 -15.302873 -5.046373 12.703584 14.176653 -22.113932 -24.482132 -23.064821 1.239427 1.343271 -3.439656 -3.243710
-1.610979 -16.094084 20.722210 -19.604996 -6.500979 -15.706071 -18.924631 -9.989517 11.355419 -1.737428 8.095313 15.351225 0.572104 -3.459358 20.618793 3.669374 15.786223 1.580350 -4.478733 -15.117808 -4.870147 13.042970 14.967487 -21.770931 -24.494375 -23.061247 1.580371 0.702279 -4.572971 -2.847026
-2.222415 -16.094734 21.549891 -19.825283 -6.187791 -15.205789 -18.031132 -9.917040 11.745663 -1.841846 8.420827 15.298924 0.879616 -3.520425 20.451424 4.227617 16.047953 1.165484 -4.717476 -14.705033 -4.481159 13.584737 15.436180 -21.284718 -24.556023 -23.230656 1.923850 0.211264 -5.510605 -2.349802
-2.959478 -15.973131 22.350674 -19.848709 -6.145206 -14.679158 -17.398401 -9.945593 12.021666 -2.010691 8.761780 15.120248 1.129632 -3.649448 20.290388 4.747357 16.420813 0.529531 -4.906049 -14.279753 -4.249491 14.212348 16.052158 -20.770918 -24.651550 -23.256447 2.351197 -0.349423 -6.074744 -1.807964
-3.822214 -15.806579 23.253216 -19.740627 -6.318799 -14.186250 -17.004028 -10.061756 12.111656 -2.269853 9.066756 15.085954 1.339185 -3.726028 20.182644 5.292843 16.786537 -0.078214 -5.080075 -13.940320 -3.656162 14.243230 16.282183 -20.330833 -24.636650 -23.077278 3.051157 -0.822679 -6.447160 -1.142942
-4.538891 -15.523094 23.941837 -19.346596 -6.706161 -13.528324 -17.058512 -10.535662 12.016733 -2.151680 9.191552 14.940202 1.629359 -3.858145 19.888966 5.648318 17.118645 -0.517517 -5.410493 -13.456003 -3.210395 13.887198 15.759229 -19.860371 -24.748690 -23.517887 3.318103 -1.082166 -6.853821 -0.405647
-5.318103 -15.400499 24.675316 -19.388683 -6.594947 -12.958099 -16.411201 -10.589366 12.329642 -2.321464 9.412550 14.731179 2.188794 -4.050299 19.655907 6.448309 17.137424 -0.778872 -5.725253 -12.940785 -3.136663 12.936834 15.747294 -19.201796 -24.497921 -23.657101 3.663020 -1.207609 -7.572247 0.105210
-6.087112 -15.244984 25.234657 -19.319475 -6.620958 -12.457947 -15.971548 -10.667332 12.512838 -2.481514 9.855345 14.423707 2.655746 -4.327109 19.306051 7.230093 17.322611 -1.115191 -6.025526 -12.537184 -2.623580 12.081186 15.163708 -18.715490 -24.288956 -23.536661 4.360376 -1.129324 -8.059680 0.702110
-6.805168 -14.825186 25.650312 -19.058743 -6.940622 -12.003597 -15.876088 -10.790369 12.458614 -2.518538 9.907937 14.089711 2.675117 -4.597435 18.722155 7.538754 17.685080 -1.459441 -6.314200 -12.430032 -2.259689 11.296436 14.709291 -18.237513 -24.130129 -23.695358 4.869098 -1.069467 -8.824634 1.219373
-7.351882 -14.613907 26.102501 -19.003254 -7.014854 -11.720352 -15.552615 -10.769001 12.585473 -2.695649 10.113540 13.591111 2.840457 -4.949761 18.143766 8.111376 18.120974 -1.808136 -6.525686 -12.281819 -2.955840 10.057578 14.379751 -17.410788 -23.851341 -23.833136 5.051226 -0.651914 -8.644949 1.491444
-10.123380 -14.442740 24.590696 -16.192959 -7.866886 -11.539972 -15.873090 -10.929309 14.457738 -6.874538 12.894293 10.271272 2.514089 -4.575423 15.744125 11.740865 18.019255 0.844666 -4.696389 -15.506412 -4.527521 4.682229 19.839132 -14.713927 -22.775917 -26.354910 0.431279 -3.850397 -10.544604 -0.716281
-10.090819 -13.846031 24.390200 -15.796747 -8.124119 -11.313058 -15.861810 -10.901440 14.382231 -6.661108 12.587799 9.989919 2.283983 -4.681562 15.419319 11.730481 18.250006 0.576272 -4.866776 -15.498311 -6.048433 2.782642 19.076866 -13.955303 -22.731604 -26.804729 0.264412 -3.525245 -10.794018 -0.418692
-10.321163 -13.327257 24.569118 -15.426044 -8.470613 -11.063671 -15.805846 -10.912610 14.301735 -6.661079 12.796095 9.657613 2.441578 -4.927596 14.895923 12.022950 18.710535 0.352051 -5.242537 -15.273057 -6.907871 1.498622 18.340364 -13.466558 -22.656919 -27.282572 0.000864 -3.157845 -10.742408 -0.306431
-10.445387 -12.713241 24.471020 -14.979096 -8.979869 -10.898787 -16.117855 -11.006974 14.011814 -6.452155 12.903069 9.202746 2.477319 -5.205220 14.480079 11.968841 19.056242 0.207855 -5.397412 -15.227204 -7.885703 0.348445 18.365282 -12.926978 -22.577240 -27.332174 0.080535 -3.266530 -10.725327 0.024718
-10.531321 -12.392658 24.619068 -14.805975 -9.015632 -10.786886 -15.845119 -10.875295 14.083345 -6.433710 13.006678 8.703368 2.744583 -5.641497 13.997365 12.108611 19.293901 0.318536 -5.648338 -14.892473 -8.379907 -0.452927 18.245878 -12.631078 -22.487331 -27.183315 0.237559 -3.201911 -10.365678 0.157932
-10.965453 -11.890159 24.511026 -16.230259 -9.497635 -11.320015 -16.307373 -10.162951 13.307013 -6.610572 13.144897 8.586822 3.034733 -6.399607 13.120088 11.082324 20.431995 -0.211949 -6.442480 -14.124158 -10.565336 -0.275652 18.972303 -12.728233 -21.627251 -27.200691 0.484252 -2.240225 -10.821714 0.968360
-10.342519 -11.302393 24.895798 -15.983746 -9.992279 -11.334620 -16.582520 -10.275923 12.748259 -6.387922 13.235483 8.074365 2.928644 -6.845854 12.708753 10.613072 20.730623 -0.220166 -6.867385 -13.827785 -10.485015 -0.476283 19.062092 -12.799894 -21.494041 -26.574314 1.175199 -2.222286 -9.926829 1.368361
-10.212816 -10.850580 24.589569 -15.344429 -10.374792 -11.035051 -17.054491 -10.604176 12.313520 -5.451574 12.828970 7.674327 2.927586 -7.115372 12.278377 9.976720 21.064852 -0.187654 -7.237678 -13.529667 -10.767236 -1.174203 19.291452 -12.629887 -21.488976 -26.702503 1.369595 -2.671915 -9.718558 2.043440
-9.575846 -10.765186 24.159508 -14.699199 -10.732942 -11.038771 -17.793148 -10.991545 11.960308 -4.769220 12.367366 7.346400 2.589601 -7.085222 11.989800 9.414040 21.435440 -0.256259 -7.342923 -13.549460 -11.087770 -1.319550 19.617830 -12.196386 -21.578613 -26.575825 1.558490 -2.995287 -9.173295 2.378071
-9.480795 -10.203979 23.856453 -14.143847 -11.058813 -10.663260 -18.147648 -11.341066 11.652325 -4.220448 12.104265 7.089175 2.277116 -7.039452 11.756221 9.055009 21.801291 -0.522403 -7.531655 -13.430517 -11.302959 -1.666452 20.000025 -11.869190 -21.574711 -26.386314 1.892435 -3.312824 -9.024116 2.772390
-8.915271 -9.854486 23.584402 -13.527555 -11.577120 -10.588280 -18.987545 -11.803820 11.079937 -3.554241 11.661873 6.955447 1.802144 -6.937839 11.667342 8.674802 21.957499 -0.578328 -7.516287 -13.643138 -11.726855 -1.934754 20.212221 -11.477320 -21.508783 -26.005070 2.209202 -3.318900 -8.691516 2.947357
-8.798828 -9.571362 23.295391 -13.080723 -12.126209 -10.529498 -19.923317 -12.266715 10.527054 -3.206949 11.389383 6.873604 1.506081 -6.898852 11.511903 8.441663 22.208763 -0.687689 -7.617761 -13.692035 -12.022749 -2.249982 20.325888 -11.325646 -21.507544 -25.726812 2.470797 -3.364155 -8.460575 3.084701
-8.798779 -9.344792 23.170755 -12.897915 -12.341155 -10.401009 -20.186071 -12.402538 10.299130 -2.988197 11.061030 6.822370 1.274509 -6.944547 11.464548 8.087906 22.386793 -0.813152 -7.769135 -13.617048 -12.309264 -2.580261 20.450726 -11.126748 -21.500378 -25.537258 2.688151 -3.407249 -8.760705 3.164434
-8.545049 -9.245851 22.894386 -12.608696 -12.716094 -10.489546 -20.825760 -12.594370 9.907713 -2.829332 10.981997 6.915196 1.186004 -6.983906 11.455537 7.910099 22.437086 -0.751746 -7.837361 -13.686320 -12.616682 -2.646898 21.017027 -10.959781 -21.433380 -25.136370 2.944633 -3.637578 -8.510367 3.297052
-8.315781 -9.140257 22.586876 -12.444454 -12.881752 -10.480679 -21.152285 -12.673291 9.707011 -2.641163 10.818451 7.072492 0.800139 -6.827106 11.409459 7.694405 22.733168 -0.910913 -7.887169 -13.901622 -12.779068 -2.637487 21.448256 -10.821970 -21.371418 -24.728088 3.198308 -3.811918 -8.493889 3.340449
-8.276365 -8.991549 22.326281 -12.356673 -12.977366 -10.411497 -21.371681 -12.756197 9.587759 -2.532737 10.694807 7.226700 0.473064 -6.671833 11.362906 7.638364 22.936880 -1.058870 -7.886147 -14.105721 -12.937984 -2.742850 21.715828 -10.613633 -21.283482 -24.430841 3.449361 -3.914747 -8.524038 3.463557
-8.122478 -9.005783 22.195341 -12.286058 -13.087821 -10.541775 -21.574860 -12.736786 9.493881 -2.563439 10.529181 7.353546 0.143173 -6.515054 11.333308 7.561302 23.088169 -1.157302 -7.845825 -14.366063 -13.033355 -2.686970 22.106169 -10.458404 -21.202053 -24.194265 3.617640 -4.081575 -8.436070 3.573440
-7.932766 -9.004425 22.016031 -12.104904 -13.256614 -10.712790 -21.854420 -12.724693 9.357323 -2.651031 10.325882 7.454914 -0.184431 -6.368005 11.299648 7.471196 23.234762 -1.271591 -7.764742 -14.645476 -13.091695 -2.702400 22.365221 -10.366842 -21.137165 -24.045496 3.720713 -4.167335 -8.332474 3.644149
-8.002015 -8.943880 22.019230 -12.018075 -13.378179 -10.652573 -22.031155 -12.840460 9.187064 -2.579895 10.222300 7.485539 -0.321040 -6.296900 11.303271 7.448491 23.276674 -1.381742 -7.788242 -14.720510 -13.212527 -2.900042 22.685112 -10.123287 -21.061100 -23.868450 3.914170 -4.344310 -8.330483 3.810137
-8.030469 -8.944314 22.034605 -11.951349 -13.482394 -10.593220 -22.234955 -13.001692 9.069222 -2.480652 10.062878 7.574067 -0.608797 -6.158760 11.274283 7.366257 23.380312 -1.425608 -7.785669 -14.972233 -13.156968 -2.834290 22.956533 -9.989161 -21.034313 -23.748991 4.084157 -4.543486 -8.297420 3.984924
-7.872168 -9.107419 21.895626 -11.972908 -13.525413 -10.733723 -22.445898 -13.022642 9.044428 -2.501255 9.922831 7.743037 -0.940374 -5.972827 11.282151 7.286935 23.506132 -1.527735 -7.739957 -15.312827 -13.113171 -2.633586 23.142935 -9.920935 -21.028906 -23.705114 4.177830 -4.656575 -8.292410 4.106672
-7.778391 -9.143562 21.796059 -11.937685 -13.595592 -10.810762 -22.637915 -13.071821 8.977525 -2.500048 9.827032 7.843843 -1.146834 -5.832614 11.283639 7.242078 23.583158 -1.584387 -7.693134 -15.508924 -13.111823 -2.608930 23.181997 -9.836689 -21.024174 -23.672140 4.242529 -4.682729 -8.225217 4.191510
-7.841686 -9.131345 21.751717 -11.944504 -13.647446 -10.793957 -22.768669 -13.140547 8.886157 -2.454458 9.743235 7.907247 -1.329677 -5.736990 11.309361 7.181688 23.600500 -1.607707 -7.652791 -15.659327 -13.128872 -2.606147 23.255894 -9.784336 -21.014473 -23.626394 4.289836 -4.727146 -8.159739 4.247119
-7.763283 -9.160104 21.666620 -11.848604 -13.754447 -10.803318 -23.035639 -13.288643 8.766970 -2.383562 9.612043 7.958476 -1.445977 -5.651683 11.347077 7.150870 23.573748 -1.618846 -7.623312 -15.748641 -13.113078 -2.509868 23.348684 -9.753071 -20.999359 -23.532429 4.371902 -4.754913 -8.225219 4.259676
-7.715328 -9.231567 21.639345 -11.891245 -13.735853 -10.869783 -23.064056 -13.267416 8.788076 -2.409060 9.579647 7.977133 -1.481244 -5.638503 11.369880 7.133167 23.557413 -1.600105 -7.625078 -15.772292 -13.109491 -2.445670 23.444691 -9.735764 -20.972599 -23.452780 4.416363 -4.771478 -8.203570 4.251135
-7.645405 -9.262934 21.591850 -11.860699 -13.760164 -10.904018 -23.141922 -13.290649 8.771444 -2.408565 9.530826 7.986425 -1.520756 -5.617228 11.385592 7.110166 23.541662 -1.595850 -7.623072 -15.795370 -13.114057 -2.434157 23.423805 -9.747650 -20.977985 -23.448177 4.413406 -4.757113 -8.220240 4.235391
