8.366174 20.846645 1.758721 -6.026846 -14.279412 -17.074100 3.081014 18.655010 9.697076 5.626478 -12.646030 -24.803162 9.749974 -17.585955 3.831644 -14.227441 7.094107 12.776107 -4.472579 -7.008447 -26.817039 -14.360915 13.223881 22.132113 -2.651406 -8.790565 2.764071 32.655945 -7.691175 -19.173241
7.952254 20.564852 1.823510 -6.792486 -14.118294 -17.058771 3.142086 18.800320 9.713641 5.639681 -11.923089 -24.738657 9.928248 -17.841703 3.873924 -14.108908 7.178422 12.636386 -4.679362 -6.954586 -26.554649 -14.225809 13.804959 21.560043 -2.587874 -8.561455 2.606032 32.420517 -8.106085 -19.712252
7.153970 19.904715 2.036512 -7.472764 -13.934416 -16.963814 3.203935 18.828737 9.961749 5.308489 -11.201097 -25.079380 10.441876 -18.122713 3.824304 -13.840899 7.300452 12.410241 -4.773118 -6.823048 -26.015352 -15.091414 15.113216 20.000896 -2.615111 -8.111424 2.306332 31.169289 -8.748417 -20.706465
5.873979 18.968149 2.270420 -8.289086 -13.818356 -16.771946 3.146737 18.781654 10.261429 4.594529 -10.080873 -25.221609 10.941857 -18.215996 3.796971 -13.439462 7.754317 11.845014 -4.693233 -7.002916 -25.166338 -15.748425 16.243755 18.028889 -2.639931 -7.624745 2.104852 30.151766 -9.520438 -21.837454
4.567128 17.933739 1.758721 -9.129339 -13.713991 -16.906876 2.878808 18.890379 11.080835 2.942290 -8.307420 -25.651928 11.550332 -18.455883 3.615662 -12.996581 8.484046 11.080476 -4.836061 -6.920547 -23.766272 -16.766745 17.570639 15.786950 -2.819222 -6.727954 2.226978 28.626389 -10.592102 -23.291857
2.828455 17.143898 1.626833 -9.825695 -13.615573 -16.669888 3.080291 19.058014 11.949810 1.345635 -6.531471 -25.731491 12.052213 -18.528122 3.192631 -12.594090 9.291614 10.375257 -5.094045 -6.980591 -22.639711 -17.249781 18.228132 13.544243 -2.861355 -6.437727 2.410504 27.568790 -10.941253 -23.667198
1.339717 16.612411 1.681583 -10.670676 -13.568813 -16.128355 3.187320 18.912907 12.529200 0.242558 -5.221960 -26.197392 12.499531 -18.817350 2.765465 -11.465773 9.878734 9.295405 -5.429084 -6.951695 -21.800291 -18.420364 19.846851 11.795204 -3.167308 -5.952039 2.811282 25.425179 -11.145818 -23.454119
-0.350958 16.288406 1.702048 -11.282059 -13.539576 -15.359000 3.518323 18.793373 13.163174 -0.635406 -4.208079 -26.532024 12.878300 -19.017193 2.416831 -10.500673 10.249099 8.554504 -5.733325 -6.865795 -21.438299 -19.371073 21.157906 10.533431 -3.347170 -6.120584 2.818783 23.895880 -11.455368 -22.932396
-1.209564 16.199028 1.665438 -11.574489 -13.634424 -14.938883 3.602117 18.711649 13.519295 -1.218302 -3.492030 -26.906397 13.250268 -19.060228 2.023931 -9.943400 10.595387 7.963304 -5.992064 -6.767291 -20.779003 -19.211933 21.641500 9.945213 -3.452835 -6.097141 3.075950 23.133696 -12.747788 -22.663324
-1.692383 16.178461 1.458723 -11.649606 -13.695423 -14.734791 3.643406 18.675243 13.911548 -1.925765 -3.662769 -27.036186 13.140693 -19.200634 1.729404 -9.454686 10.625123 7.673983 -6.240910 -6.946249 -20.383989 -19.482138 21.705252 9.685821 -3.601429 -6.234115 3.214588 22.757483 -13.321264 -22.512640
-1.640279 16.154493 2.015620 -11.376596 -13.715345 -14.434386 3.871612 18.467178 13.842460 -1.590902 -3.917816 -26.960091 13.488181 -19.302673 1.624899 -9.040149 10.384540 7.638497 -6.297686 -6.814973 -20.356573 -18.809351 22.142435 9.884377 -3.652585 -6.093292 3.386694 22.555658 -13.389969 -22.316660
-0.108116 16.149733 5.758689 -9.207558 -13.837771 -13.111780 5.194256 17.071516 13.613661 -0.505888 -6.335380 -25.414558 14.773858 -19.845772 1.575133 -6.590370 8.614413 7.678702 -6.526243 -6.780398 -20.283033 -13.778813 23.927305 11.950478 -4.308448 -5.545683 4.090926 22.391808 -13.765777 -22.190296
0.688816 15.271690 10.848906 -6.424509 -13.927259 -11.400416 6.581189 14.981697 13.643978 1.439537 -10.127537 -22.565750 15.570568 -19.776398 1.806906 -2.683507 6.624957 6.803797 -6.789292 -7.055201 -20.664219 -4.795212 26.986238 15.166672 -5.070642 -6.012503 5.073163 22.042198 -15.642957 -19.093275
2.316973 15.640509 15.941334 -0.402752 -14.630825 -8.775306 7.511222 10.824375 14.546791 1.141164 -15.183002 -19.299986 14.027048 -18.822746 3.270911 3.872213 4.999921 4.428254 -6.764739 -7.939654 -18.786711 4.626354 29.812246 17.197191 -6.865790 -7.038813 7.730721 20.304037 -15.228925 -13.042012
4.403912 17.628294 21.021339 2.687258 -16.344606 -4.250997 5.055417 3.108187 14.357323 -1.066738 -19.185455 -16.340916 8.238652 -18.954346 8.249213 11.882169 1.908778 0.092046 -6.244099 -9.680679 -17.311152 11.537772 31.699356 16.674593 -6.390047 -9.677265 11.401048 19.375408 -17.692995 -2.382449
3.217806 17.440020 21.141619 3.524373 -18.301870 -1.457571 0.762663 -1.855716 14.040655 -2.007076 -18.232805 -13.633735 3.080717 -18.910908 8.542895 16.839094 3.997248 -5.088985 -8.708071 -10.658587 -16.341745 10.314677 31.741503 13.899950 -8.758907 -12.520340 12.628193 14.980677 -20.041702 4.108626
1.473847 16.454844 19.378460 2.207565 -20.120028 -0.012345 -4.697410 -5.423599 12.792801 -2.442649 -17.265327 -11.543416 -2.223634 -18.277733 7.014705 16.215687 7.930294 -8.223721 -12.642633 -12.042600 -14.282191 5.833779 26.974762 7.705149 -8.358128 -17.196217 12.511972 15.872944 -21.035479 9.631922
-1.798309 15.355583 15.665588 -1.374830 -21.077971 1.088705 -9.381063 -7.992584 13.269155 -7.320021 -15.068041 -10.666572 -5.540525 -18.063477 6.114747 15.156207 9.745446 -9.069566 -14.661858 -13.781009 -6.979071 6.417171 22.534361 3.566999 -7.982904 -17.643211 15.410761 16.725594 -17.786528 13.774982
-2.275806 14.889396 10.370680 -2.743505 -20.832716 1.551465 -11.344180 -8.712282 14.958612 -11.313062 -10.244070 -10.963311 -9.082862 -15.532808 8.442258 12.273599 10.057564 -11.299313 -14.229604 -16.333738 3.478271 2.371175 20.620977 -1.649672 -4.779031 -15.219498 20.830080 17.730932 -10.329051 19.423254
-2.174599 14.412252 7.550084 -2.754901 -20.711828 1.747375 -12.394597 -9.237680 16.004908 -12.775829 -8.176167 -11.123446 -10.841835 -13.567427 9.733558 10.069318 9.681857 -11.139517 -14.371085 -17.646992 4.646950 0.288863 19.602089 -2.481319 -4.044701 -15.280625 22.128563 18.171892 -9.412578 21.308783
-2.430142 14.282375 7.223204 -2.672482 -20.819347 1.797435 -12.652701 -9.353741 16.077826 -12.994961 -7.681061 -11.129969 -10.878564 -13.470410 9.880057 9.800910 9.548106 -11.119449 -14.459708 -17.760193 4.566732 0.253440 19.266850 -2.926902 -3.852812 -15.441493 22.330645 18.556664 -9.278097 21.783854
-2.629246 13.690207 8.256810 -3.367152 -19.942009 2.100725 -11.705859 -9.444373 16.755638 -13.140960 -7.337387 -11.183514 -10.221553 -14.192022 9.814871 10.723138 9.387071 -11.486493 -14.485790 -17.131447 4.729983 1.910535 18.916445 -3.035338 -3.855677 -16.467983 21.319714 19.433796 -9.576709 21.355986
-3.267429 13.142265 10.196341 -3.932514 -19.181913 2.462908 -10.591723 -9.667601 17.491100 -13.649055 -7.010705 -11.323215 -9.232353 -15.376749 9.591087 12.069526 8.839950 -11.596198 -14.461982 -16.641092 4.550399 4.492268 18.329134 -3.793191 -3.982751 -17.896799 20.064896 20.423168 -8.986625 21.586245
-4.117198 12.785563 11.480136 -3.568676 -18.759958 2.797034 -9.539178 -9.688572 18.171144 -13.998762 -7.519464 -11.724280 -8.546247 -16.286606 9.787349 13.363966 7.857017 -10.861470 -14.270104 -15.933880 4.724212 6.707430 17.969652 -4.036940 -4.433620 -19.286850 18.541132 20.732132 -9.365322 20.753176
-4.573963 11.468334 12.921522 -4.024527 -18.322283 2.402469 -9.096625 -9.549974 18.763073 -15.054928 -6.718424 -11.109793 -7.065908 -17.367697 9.441374 16.252823 7.758655 -10.583781 -14.990403 -14.609296 4.121552 8.358038 18.646175 -4.694489 -4.966203 -20.532368 16.819344 20.439800 -9.930253 19.647942
-5.261181 10.273430 14.299750 -3.485254 -17.585398 2.460671 -8.140338 -9.754194 19.732710 -15.294223 -5.963662 -9.808767 -5.813890 -17.986134 9.506833 18.908506 7.925640 -10.374684 -14.965556 -14.420995 2.552399 8.959029 18.355742 -6.218781 -5.891417 -22.787577 15.079587 19.821903 -10.132930 19.372345
-5.559922 9.081627 15.442071 -4.448364 -16.934191 2.344250 -7.643476 -9.822197 20.625479 -16.254036 -4.536624 -8.170904 -5.199490 -18.552731 9.428288 20.489866 8.118484 -9.790282 -15.006150 -14.779750 1.374957 9.440780 19.479563 -6.842171 -6.769444 -24.749126 13.929894 18.651764 -11.054804 19.830561
-5.659452 7.469150 16.275141 -5.349558 -16.255424 2.035021 -7.696198 -10.094341 21.125257 -16.630196 -3.491346 -7.160261 -5.401224 -18.936874 9.478945 22.286068 8.408454 -10.245461 -15.966502 -14.425178 1.112679 10.377720 19.225077 -6.224350 -7.491459 -25.282845 12.997088 18.086250 -13.087068 18.737156
-6.394218 6.364346 16.957920 -5.920560 -15.818361 2.148535 -7.860578 -10.532148 21.253370 -16.383957 -2.664812 -6.519074 -5.183448 -19.339602 9.450963 22.912321 8.312216 -9.762741 -16.227385 -14.462420 0.497537 10.090457 19.854815 -6.722765 -7.490192 -25.714622 12.079068 17.287567 -14.532245 18.348715
-6.411605 6.012357 16.897854 -6.310670 -15.495818 1.980613 -7.682993 -10.306058 21.363417 -16.255140 -2.334013 -6.350074 -5.289089 -19.278708 9.194716 23.231745 8.554120 -9.773816 -16.475752 -14.441105 0.079692 10.232175 20.248957 -6.767220 -7.302456 -25.891119 11.630536 17.117622 -15.632190 18.128372
-6.510891 5.904247 16.995169 -6.315545 -15.416398 2.056101 -7.649943 -10.396656 21.414240 -16.178844 -2.289326 -6.269407 -5.431075 -19.245647 9.034274 23.409880 8.835881 -10.060896 -16.578615 -14.503354 -0.096809 10.056539 20.375952 -6.934881 -7.207166 -25.996342 11.513577 17.079376 -15.812910 18.214535
-6.514832 5.905780 17.002848 -6.316767 -15.423023 2.049908 -7.654034 -10.392927 21.407213 -16.183842 -2.298174 -6.264078 -5.433333 -19.247477 9.041027 23.406168 8.837020 -10.067489 -16.577280 -14.498973 -0.095049 10.055737 20.376184 -6.937858 -7.205687 -25.997158 11.513970 17.079939 -15.814132 18.216444
-6.514832 5.905780 17.002848 -6.316767 -15.423023 2.049908 -7.654034 -10.392927 21.407213 -16.183842 -2.298174 -6.264078 -5.433333 -19.247477 9.041027 23.406168 8.837020 -10.067489 -16.577280 -14.498973 -0.095049 10.055737 20.376184 -6.937858 -7.205687 -25.997158 11.513970 17.079939 -15.814132 18.216444
-6.514832 5.905780 17.002848 -6.316767 -15.423023 2.049908 -7.654034 -10.392927 21.407213 -16.183842 -2.298174 -6.264078 -5.433333 -19.247477 9.041027 23.406168 8.837020 -10.067489 -16.577280 -14.498973 -0.095049 10.055737 20.376184 -6.937858 -7.205687 -25.997158 11.513970 17.079939 -15.814132 18.216444
-6.515595 5.903971 17.000629 -6.307996 -15.423189 2.049932 -7.652419 -10.392574 21.410334 -16.184702 -2.301250 -6.265802 -5.431804 -19.242725 9.043019 23.407373 8.836663 -10.069661 -16.571985 -14.498880 -0.097065 10.052727 20.376671 -6.930290 -7.209969 -25.998615 11.511193 17.072063 -15.815070 18.217836
-6.516740 5.903842 17.000404 -6.303833 -15.423892 2.050049 -7.651747 -10.392681 21.411179 -16.185108 -2.298901 -6.265206 -5.433247 -19.245571 9.042895 23.407629 8.836154 -10.069218 -16.574026 -14.499310 -0.094575 10.067389 20.358252 -6.907953 -7.225768 -26.000198 11.511664 17.074686 -15.817638 18.205103
-6.517277 5.903202 16.999895 -6.304169 -15.423751 2.049407 -7.651752 -10.391697 21.410858 -16.184366 -2.298769 -6.264983 -5.432338 -19.245171 9.041370 23.407015 8.837066 -10.068824 -16.574631 -14.498886 -0.096226 10.065404 20.361826 -6.912351 -7.221626 -26.000294 11.512410 17.075146 -15.814956 18.211954
-15.683923 1.240212 13.809980 0.039565 -15.160773 -1.226300 -4.886931 -3.457663 20.463480 -6.795074 -10.668811 -7.970704 3.760888 -7.942556 3.008147 21.945566 16.191912 -7.343666 -10.863731 -12.980616 0.724208 1.583437 16.248173 9.779747 -20.259657 -23.467625 9.762180 2.766801 -17.210882 7.448976
-15.683923 1.240212 13.809980 0.039565 -15.160773 -1.226300 -4.886931 -3.457663 20.463480 -6.795074 -10.668811 -7.970704 3.760888 -7.942556 3.008147 21.945566 16.191912 -7.343666 -10.863731 -12.980616 0.724208 1.583437 16.248173 9.779747 -20.259657 -23.467625 9.762180 2.766801 -17.210882 7.448976
-15.683923 1.240212 13.809980 0.039565 -15.160773 -1.226300 -4.886931 -3.457663 20.463480 -6.795074 -10.668811 -7.970704 3.760888 -7.942556 3.008147 21.945566 16.191912 -7.343666 -10.863731 -12.980616 0.724208 1.583437 16.248173 9.779747 -20.259657 -23.467625 9.762180 2.766801 -17.210882 7.448976
-15.099840 1.168469 13.857034 -1.050064 -15.332161 -1.557678 -5.392874 -3.257949 20.002340 -6.414224 -10.086067 -7.395332 3.522672 -8.599839 2.771620 21.307173 16.037758 -7.140338 -12.148060 -12.631851 2.108202 2.624267 15.731588 8.341231 -19.736023 -21.759222 10.983609 3.712618 -16.462835 7.014308
-15.436859 1.037270 13.695776 -0.741391 -15.416140 -1.650046 -5.356738 -3.067281 20.011660 -6.296511 -10.098852 -7.483568 3.531551 -8.523991 2.676105 21.316256 16.062794 -7.044232 -12.041386 -12.800814 1.664028 2.539824 15.793137 8.420686 -19.759010 -22.112215 10.760361 3.638916 -16.863895 7.248984
-15.458815 1.020959 13.685129 -0.714462 -15.417965 -1.659308 -5.349798 -3.050649 20.012186 -6.278691 -10.113039 -7.487452 3.540466 -8.506704 2.674751 21.317102 16.069128 -7.044250 -12.028463 -12.801908 1.668012 2.556934 15.788272 8.433370 -19.758341 -22.112602 10.764350 3.648258 -16.869261 7.260983
-15.459114 1.022381 13.685645 -0.718821 -15.418240 -1.659692 -5.350289 -3.049930 20.010698 -6.278393 -10.116276 -7.485451 3.543820 -8.506048 2.680146 21.310921 16.067722 -7.049796 -12.032082 -12.793633 1.674882 2.559940 15.790919 8.425262 -19.748234 -22.109343 10.767923 3.657679 -16.858505 7.265172
-15.474128 1.008368 13.685118 -0.715048 -15.418990 -1.654370 -5.341790 -3.034398 19.996141 -6.216056 -10.106976 -7.468956 3.513106 -8.537096 2.687093 21.303637 16.054604 -7.037474 -12.055894 -12.800376 1.654682 2.591906 15.806583 8.345398 -19.687836 -22.118891 10.775850 3.716821 -16.874281 7.320754
-15.468827 1.014588 13.689329 -0.709633 -15.417185 -1.652880 -5.340594 -3.041510 19.999014 -6.223802 -10.106897 -7.472804 3.520785 -8.529835 2.686483 21.301779 16.056574 -7.043627 -12.048941 -12.798113 1.650023 2.576190 15.810004 8.342789 -19.692535 -22.117760 10.777030 3.707875 -16.865858 7.313732
-15.472872 1.011441 13.687372 -0.706068 -15.417753 -1.654560 -5.340077 -3.038563 19.998932 -6.221241 -10.107388 -7.474792 3.522815 -8.527874 2.685769 21.302000 16.057627 -7.043313 -12.047083 -12.797732 1.654047 2.573077 15.804682 8.357450 -19.704453 -22.117870 10.775964 3.698302 -16.861835 7.306551
-15.482082 1.005707 13.685701 -0.697017 -15.418739 -1.656469 -5.337229 -3.033226 19.998808 -6.212131 -10.112768 -7.472869 3.525217 -8.522946 2.683386 21.300823 16.060516 -7.041221 -12.046300 -12.798223 1.645748 2.580467 15.812700 8.336444 -19.685450 -22.116810 10.778111 3.714041 -16.870649 7.320158
-15.477795 1.005467 13.686776 -0.714289 -15.419237 -1.654731 -5.342061 -3.034336 19.995890 -6.212813 -10.101466 -7.474524 3.520618 -8.534203 2.685511 21.302357 16.056860 -7.043648 -12.051620 -12.798506 1.648709 2.582665 15.808527 8.345491 -19.691462 -22.116917 10.777362 3.711131 -16.868656 7.315371
-15.459139 1.020701 13.692875 -0.720796 -15.416958 -1.648691 -5.345293 -3.050447 20.000746 -6.234436 -10.102275 -7.474364 3.522990 -8.529158 2.690361 21.304377 16.056993 -7.051835 -12.045013 -12.798152 1.645054 2.582755 15.814026 8.333385 -19.682352 -22.121639 10.778621 3.716141 -16.865774 7.327624
