-9.141954 -12.545862 14.092215 -1.645811 -13.362647 -11.608368 -22.341614 -10.962908 10.069184 6.476899 2.612100 7.619359 2.593678 6.124811 8.042900 3.462369 28.334768 -1.642221 -5.726964 -16.130951 -4.756907 -3.650326 19.039221 0.078237 -27.575705 -14.430504 11.103256 -10.233802 -0.852820 -2.413537
-9.149664 -12.571397 14.040955 -1.749793 -13.274953 -11.597439 -22.239777 -10.924062 10.247630 6.409211 2.823192 7.510479 2.816007 5.973836 7.953329 3.700028 28.407238 -1.625344 -5.760189 -16.004551 -4.681652 -3.805513 19.281759 0.125222 -27.547970 -14.269722 11.283319 -10.372000 -0.998505 -2.359804
-9.436005 -12.289179 14.188556 -1.597445 -13.462068 -11.198198 -22.429745 -11.312337 10.091481 6.596838 3.086584 7.353498 3.113030 5.778040 7.759322 3.900469 28.602211 -1.780583 -5.765544 -15.741876 -4.713405 -4.436599 19.516943 0.349118 -27.402166 -14.039128 11.580543 -10.614966 -1.133797 -2.106848
-10.233134 -11.808497 14.586347 -1.587474 -13.952026 -10.950172 -22.822155 -11.553871 9.390471 6.869696 3.373277 7.216751 3.374940 5.710343 7.332945 4.170287 29.044037 -2.110195 -5.788039 -15.545780 -4.796976 -5.448595 19.040806 0.625365 -27.264965 -14.495753 11.412443 -10.529887 -1.631711 -1.856405
-11.041201 -11.281000 14.862844 -1.759130 -14.054012 -10.570594 -22.564392 -11.538185 9.228963 6.837880 4.124589 6.994572 4.305377 5.368543 7.069832 4.580305 29.284559 -2.299253 -6.141427 -14.606148 -4.615984 -7.154847 17.647913 0.711721 -27.076818 -14.852407 11.402977 -9.842543 -1.898408 -1.681940
-12.099474 -10.632709 15.253183 -2.208102 -13.861417 -10.118320 -21.715631 -11.218340 9.299083 6.903781 4.700986 6.245778 4.969642 4.958860 6.506413 4.932692 29.522621 -2.484047 -6.456151 -13.778852 -4.150875 -8.056228 15.980761 0.647706 -27.058962 -15.552086 11.104795 -8.936222 -1.927138 -1.782227
-12.867259 -10.351737 15.655596 -2.719518 -13.451351 -9.784068 -20.754044 -10.907170 9.736720 6.822453 5.246199 5.783551 5.753507 4.691734 6.397550 5.045766 29.719866 -2.872397 -6.847918 -12.638728 -3.272570 -8.660963 13.871677 0.437311 -27.122929 -16.149792 11.134551 -7.964427 -2.912023 -1.804584
-13.609645 -10.248943 15.812450 -3.225166 -13.093946 -9.777727 -19.829758 -10.253578 10.098187 6.434820 6.027980 5.014961 6.645199 4.279942 5.981289 5.221601 30.067980 -3.526947 -7.509530 -11.324502 -2.729425 -8.867734 12.830437 -0.090572 -27.249439 -16.259674 11.223385 -7.726994 -3.689555 -1.887009
-14.056429 -9.798017 15.813763 -3.636165 -12.675978 -9.331108 -18.940483 -9.984430 10.530308 6.602552 6.386764 4.659318 7.219272 3.962824 5.998092 5.315679 29.800011 -3.509115 -7.711656 -10.553876 -2.401287 -8.990255 12.381051 -0.169740 -27.251099 -16.335100 11.256431 -7.687806 -3.694139 -1.739184
-14.365668 -9.692506 15.932592 -3.755704 -12.656815 -9.230182 -18.748182 -9.908696 10.607073 6.489573 6.521550 4.324253 7.610190 3.656586 6.014104 5.283615 29.521284 -3.297220 -7.725873 -10.164096 -1.851342 -8.928473 12.271616 -0.320799 -27.203897 -16.251629 11.373300 -7.756339 -3.837755 -1.705605
-14.513857 -9.731274 16.093056 -3.882263 -12.519234 -9.222537 -18.502954 -9.811224 10.701692 6.411343 6.693098 4.217175 7.889065 3.536522 6.000345 5.419174 29.440475 -3.287900 -7.762300 -9.912946 -1.687924 -8.849515 12.271845 -0.375005 -27.198647 -16.336306 11.306387 -7.808687 -3.888667 -1.710529
-15.564469 -9.995892 16.829008 -4.865529 -11.629669 -9.204123 -16.792646 -8.925129 11.554037 5.686253 7.371589 4.038878 9.321275 2.982769 6.431444 5.893111 28.557367 -2.837295 -8.015478 -8.607552 -0.640431 -7.302927 11.886618 -0.874589 -27.530457 -16.725624 11.257464 -7.883525 -4.090305 -1.695382
-17.854101 -10.799825 19.124243 -6.861814 -9.904029 -9.001669 -13.387309 -7.499510 13.384619 3.844105 7.789809 3.810304 11.011339 1.911334 7.108872 6.309006 27.719358 -2.745760 -8.126167 -6.647021 3.291805 -2.981755 11.548230 -1.901211 -27.282730 -17.186930 11.301806 -6.473369 -4.088141 -2.699126
-17.402590 -12.700108 20.338634 -8.289933 -7.804065 -9.368288 -10.341905 -6.092388 15.654231 2.214084 8.473429 4.673171 12.614902 1.870018 8.291400 8.862495 24.980818 -0.338130 -6.801002 -7.474713 5.450207 1.547064 11.933945 -3.010699 -27.616863 -18.128138 10.450248 -5.889674 -6.680040 -4.488997
-15.354084 -16.126478 21.611801 -9.868318 -5.625686 -10.367475 -8.735362 -5.558956 16.978670 1.639112 8.005279 6.411897 13.804369 2.430168 10.400815 10.685571 21.513815 2.071983 -4.786742 -8.965824 2.631472 5.104722 12.270412 -5.440656 -29.116976 -18.293020 8.566445 -6.744641 -9.623307 -6.597765
-10.779510 -18.373322 21.352634 -9.848756 -4.528215 -11.765246 -8.710532 -5.628201 16.695782 3.037789 6.292863 8.995411 14.049814 3.873148 14.594349 8.357141 18.016809 3.417832 -3.127633 -9.181854 3.195608 7.958620 13.089812 -8.399459 -30.797531 -17.977516 7.615135 -8.973471 -6.982900 -6.484241
-4.767384 -19.999128 15.913822 -10.771007 -3.632921 -16.264572 -11.231015 -3.961947 16.017271 3.274989 2.638382 11.484256 10.813244 5.669569 17.296204 3.088185 15.630662 5.466520 -1.088197 -12.673795 -0.334270 9.101940 12.908054 -9.952819 -31.267563 -16.586143 5.771224 -7.152936 1.821904 -8.644312
-0.811865 -20.037169 8.818769 -12.224504 -3.933814 -21.009909 -15.206014 -1.927912 14.528242 2.849495 -3.493459 12.258504 7.968384 6.554597 18.456902 -1.832097 12.383504 8.958256 -0.856070 -14.789016 -3.600796 6.917432 5.917156 -12.656919 -31.213654 -16.705566 2.240295 -0.952612 9.249863 -13.188826
2.341949 -18.498505 3.802766 -11.805922 -5.635619 -24.168829 -19.236423 -0.939537 12.103792 3.565041 -6.624211 11.055282 5.391552 6.720296 17.781666 -7.225923 12.089419 10.632092 -1.227319 -16.331457 -7.634994 6.677541 -0.518942 -11.421285 -31.901188 -21.805044 -3.018661 3.986325 11.559769 -15.358744
4.103196 -16.874731 1.408349 -10.624028 -7.149351 -25.421019 -21.430752 -0.508533 10.574028 4.068500 -7.947262 9.825479 4.282472 6.511915 17.550400 -10.007228 11.988355 11.288219 -1.259449 -16.597940 -7.996754 5.290972 -4.756714 -10.403381 -31.810539 -23.409348 -3.711721 6.572215 11.625992 -15.236317
4.555391 -16.671595 1.124421 -10.468736 -7.298103 -25.661419 -21.601725 -0.352026 10.413530 4.134924 -8.153526 9.689503 4.216038 6.402351 17.479988 -10.241263 11.981320 11.404407 -1.214595 -16.615515 -7.826850 5.145320 -5.165363 -10.428938 -31.730000 -23.415323 -3.675765 6.879283 11.428391 -15.297965
4.412521 -17.153179 1.441833 -10.827123 -6.963311 -25.607786 -21.424202 -0.487187 10.680376 4.109813 -7.462058 9.902114 4.201954 6.585621 17.466713 -10.225919 12.456215 10.971505 -1.337244 -16.641575 -7.528433 5.769281 -4.707636 -10.644095 -31.902885 -23.595892 -3.847597 6.517982 11.444493 -15.337149
4.197764 -17.921179 2.040214 -11.040598 -6.448286 -25.055243 -21.251886 -1.168031 11.063846 4.396330 -6.740735 10.232076 4.271665 6.786656 17.420555 -9.730208 12.996087 10.473209 -1.451209 -16.538912 -6.877862 6.665059 -4.005271 -11.028316 -32.053406 -23.895916 -4.078739 6.034783 10.679141 -15.469647
2.952195 -18.933962 3.692255 -11.586540 -5.825356 -24.154543 -20.700291 -2.035688 11.554939 4.428691 -5.603620 11.214593 4.401375 7.204537 17.593382 -8.298390 13.701746 9.659750 -1.465947 -16.552357 -5.392781 8.105464 -1.989527 -12.129969 -32.119503 -23.101797 -3.547468 4.750412 9.521594 -15.706929
1.674692 -19.843788 5.430875 -12.127605 -5.319551 -23.354631 -20.082268 -2.730580 12.049188 4.237979 -4.600242 11.665695 4.893383 7.256324 17.667328 -6.675130 14.057191 9.061699 -1.145054 -16.553951 -3.045920 9.264117 0.370576 -13.295938 -31.580151 -20.520157 -1.642667 3.653617 9.319869 -15.863167
-0.256095 -20.402845 7.409925 -11.896111 -5.437263 -21.745951 -20.057507 -4.260124 12.172599 4.471385 -3.122198 11.930539 5.351896 7.350661 17.764290 -5.364167 14.839406 8.141396 -1.008415 -16.217894 -1.352827 9.821822 2.368304 -13.919594 -31.354427 -18.983181 -0.212057 2.306505 8.235461 -15.623766
-1.576183 -20.726416 9.054893 -11.917774 -5.204084 -20.588461 -19.213453 -4.857599 12.643717 4.405501 -1.707818 11.979985 6.216809 7.158392 17.861609 -3.915800 15.051366 7.719503 -0.880464 -15.676139 -0.414388 10.545343 4.679965 -14.229691 -31.479012 -18.057241 0.983926 0.318567 5.500659 -15.011906
-3.247164 -20.654118 10.464446 -11.614701 -5.419109 -19.273645 -18.724701 -5.599260 12.780886 4.451790 -0.172584 12.411127 6.414824 7.521116 17.662558 -2.386355 16.322741 6.316795 -1.119408 -15.337394 -0.377422 11.275969 6.288200 -13.392839 -31.628056 -17.651445 1.999930 -1.007019 3.527463 -14.086645
-4.649169 -20.878635 11.608568 -11.685789 -5.330939 -18.407835 -18.232471 -6.060346 13.056208 4.253191 0.973925 12.389325 6.739264 7.520081 17.353796 -1.268373 17.145506 5.593738 -1.228223 -15.013656 -0.386634 11.784592 7.288987 -12.916904 -31.797535 -17.718945 2.392991 -1.931957 2.081891 -13.514403
-5.295080 -20.839382 12.082277 -11.750954 -5.291803 -18.012438 -17.886496 -6.136081 13.214375 4.138867 1.655816 12.476733 6.642595 7.696513 17.210030 -0.697463 17.813877 4.862839 -1.294021 -14.978627 -0.408664 11.905044 8.055113 -12.704520 -31.814178 -17.622856 2.686105 -2.655672 0.898040 -13.149090
-5.446616 -20.836706 12.183955 -11.742672 -5.345955 -17.978516 -17.905401 -6.163568 13.190903 4.092346 1.663237 12.487113 6.607980 7.739114 17.176712 -0.603313 17.899761 4.727056 -1.369184 -14.904089 -0.504657 11.944400 8.265501 -12.556641 -31.806641 -17.628109 2.739280 -2.792517 0.785323 -13.031097
-5.912583 -20.886494 12.683230 -11.861567 -5.279923 -17.727415 -17.603876 -6.208150 13.338881 3.977686 1.946682 12.642642 6.819290 7.702842 17.133698 -0.018251 18.022223 4.549236 -1.390258 -14.781981 -0.634574 12.348985 9.216721 -12.375219 -31.817511 -17.689327 2.742488 -3.441941 -0.309226 -12.882692
-6.978820 -20.778252 13.882597 -11.970772 -5.153129 -16.966486 -16.620687 -6.220136 13.756510 3.685721 2.631740 12.846440 7.046115 7.617555 16.932400 1.217908 18.641214 3.665965 -1.464615 -14.553456 -0.100286 12.719493 10.400158 -12.153926 -31.725706 -17.280983 3.438140 -4.330550 -1.892271 -12.461509
-8.286385 -20.836426 15.224510 -12.148807 -4.770753 -15.935376 -15.391870 -6.374022 14.369724 3.454203 3.414568 12.890724 7.693667 7.395632 16.733774 2.653391 19.052572 2.884082 -1.617901 -13.967417 0.608276 13.908643 11.678201 -11.146620 -31.798761 -17.393166 4.239524 -5.407809 -3.755290 -11.513348
-10.217304 -20.461969 17.116234 -12.143570 -5.161949 -15.151457 -14.524926 -6.352618 14.546561 2.694274 4.066973 12.633290 8.123946 7.130727 16.483501 3.591911 20.041601 1.387359 -1.932690 -13.089706 1.304946 14.622137 12.889313 -10.321804 -31.778753 -17.508301 4.873516 -6.490976 -5.070043 -10.607042
-11.649813 -19.964886 18.564358 -11.779196 -5.448666 -13.991687 -13.824256 -6.744612 14.753073 2.603240 4.558908 12.261312 9.100101 6.723094 15.975759 4.674900 20.467960 0.555735 -2.640483 -11.906123 1.880651 13.671957 12.855743 -8.831718 -31.431824 -17.800404 5.683309 -6.791461 -6.060441 -9.342365
-13.357656 -19.297392 19.722244 -11.545835 -5.972118 -13.208041 -13.365989 -6.810831 14.728460 2.199357 5.015770 11.605419 9.633518 6.158118 15.125439 5.738589 21.090500 -0.325513 -3.104107 -11.281140 2.868549 11.905284 11.805470 -7.856439 -30.975212 -17.694984 6.992698 -6.536345 -6.970257 -8.188655
-14.289112 -18.482077 19.058887 -8.469069 -6.403353 -11.827452 -12.998403 -8.086802 16.739864 -1.077940 7.196515 8.769677 8.500314 5.491523 13.696940 9.801409 20.156126 1.295046 -1.873109 -13.881619 3.766868 6.519126 13.552700 -6.004261 -28.665415 -20.063599 5.287796 -6.438552 -5.474630 -7.715018
-14.422425 -17.393080 19.012154 -7.775017 -6.892102 -11.331802 -12.847877 -8.059629 16.640244 -0.820739 7.252790 8.224746 8.675408 5.010094 12.955676 9.991858 20.782957 0.754131 -2.493461 -13.468692 2.110246 3.870300 12.386724 -4.920469 -28.320776 -20.496500 5.211792 -5.643291 -5.209848 -7.387780
-14.452064 -16.496805 18.951138 -7.088678 -7.321165 -10.846365 -12.925415 -8.274052 16.492136 -0.285699 7.515289 7.130337 8.741309 4.263759 11.805149 10.139691 21.507067 0.856968 -2.582958 -13.585782 0.801078 1.874502 12.435478 -4.400591 -28.089163 -20.331907 5.355658 -5.824913 -4.432624 -6.997950
-14.589490 -15.848013 18.881458 -8.111906 -8.019267 -11.074953 -13.623372 -7.632092 15.024734 1.842090 7.195875 6.643129 9.751067 3.979542 10.387987 7.864755 23.646662 0.290187 -4.019138 -11.867478 -1.541677 1.549598 11.612943 -3.306581 -28.796352 -19.765759 6.268517 -5.721366 -4.648129 -6.390896
-13.683990 -15.298249 18.324287 -6.744834 -8.744293 -10.805627 -14.717529 -8.316228 14.218540 3.488108 6.370434 6.109072 9.655098 3.869065 9.877297 6.588437 24.250126 0.113705 -4.886616 -11.016884 -2.230830 0.614569 12.348881 -2.816962 -28.782202 -19.580336 6.590104 -6.477155 -3.625137 -5.724219
-13.034482 -14.403399 17.760662 -5.548221 -9.584665 -10.354614 -15.884885 -9.110703 13.356193 4.723385 5.785918 5.752651 9.164875 3.958009 9.622262 5.823308 24.691431 -0.196298 -5.229161 -10.810571 -2.817739 -0.151997 12.954024 -2.179051 -28.671642 -19.087585 7.204518 -6.825163 -3.128090 -5.115030
-12.941271 -13.933755 17.346493 -4.959764 -10.289081 -10.167715 -17.018244 -9.683267 12.641716 5.258920 5.051676 5.595209 8.481082 3.948172 9.396184 5.217457 25.146032 -0.419485 -5.377045 -10.959894 -3.269479 -0.839759 13.193115 -1.851480 -28.611916 -18.520170 7.782363 -6.892137 -3.090931 -4.867153
-12.411814 -13.722516 16.754547 -4.477378 -10.832481 -10.252982 -18.001425 -9.978039 12.062960 5.574256 4.828746 5.794779 8.020213 4.098300 9.327176 4.960364 25.453522 -0.522351 -5.563182 -11.167943 -3.589068 -0.948321 14.229391 -1.604578 -28.408871 -17.633415 8.351390 -7.256778 -2.743022 -4.714342
-12.237351 -13.630303 16.358164 -4.377967 -11.004437 -10.312844 -18.423367 -10.054356 11.874403 5.649061 4.616119 6.103186 7.434212 4.378212 9.257850 4.905134 25.727846 -0.725351 -5.663108 -11.517531 -3.838951 -0.969337 14.885893 -1.240916 -28.230236 -17.149227 8.727321 -7.477829 -2.772525 -4.503468
-12.122186 -13.595290 16.159641 -4.115396 -11.280547 -10.415871 -18.891354 -10.177334 11.583606 5.641719 4.211324 6.290637 6.834333 4.734536 9.206178 4.766402 25.929571 -0.979617 -5.664299 -11.945211 -3.901969 -1.134939 15.459349 -0.913710 -28.064415 -16.809164 9.060725 -7.741368 -2.770805 -4.258608
-11.933817 -13.723331 16.050497 -4.092940 -11.439833 -10.503479 -19.331085 -10.380773 11.433068 5.660506 3.829999 6.570770 6.173698 5.126208 9.180103 4.588420 26.158983 -1.119301 -5.602618 -12.585692 -3.829743 -0.849002 15.938910 -0.675442 -28.043762 -16.649895 9.319172 -8.063887 -2.773425 -3.972576
-11.927319 -13.741871 15.908987 -4.045671 -11.559275 -10.554415 -19.626413 -10.481191 11.279831 5.729129 3.646668 6.743328 5.758812 5.350137 9.213149 4.489678 26.226068 -1.179759 -5.533316 -12.948705 -3.859582 -0.794933 16.073864 -0.515542 -28.028467 -16.565128 9.446909 -8.122643 -2.674069 -3.841756
-11.753149 -13.806789 15.811482 -4.025495 -11.649869 -10.613875 -19.935757 -10.637444 11.173579 5.744614 3.507390 6.821378 5.563864 5.417424 9.293987 4.437075 26.160913 -1.178885 -5.527383 -13.071491 -3.844645 -0.678211 16.233038 -0.434575 -28.006363 -16.397602 9.561423 -8.167479 -2.704638 -3.871121
