1.023824 -15.682175 18.032310 -21.524902 -5.960804 -16.446777 -20.572252 -10.699669 11.523882 -3.322198 8.739883 14.685729 -0.993845 -4.764905 21.455143 0.706475 13.844478 2.427363 -5.368509 -15.620632 -3.906141 16.590206 13.202466 -24.563005 -21.172543 -21.230778 3.258746 7.572687 4.874844 -1.769678
1.622342 -15.714115 17.549423 -21.439125 -6.013492 -16.809229 -20.938614 -10.657334 11.375355 -3.212269 8.069132 14.576448 -0.953790 -4.922958 21.597702 0.184514 13.235686 3.091355 -5.279357 -15.673577 -3.970901 16.450422 12.355017 -24.775583 -21.167463 -21.352242 2.969926 8.314946 5.934084 -2.091406
3.038604 -15.487497 16.304893 -21.229614 -6.146345 -17.649019 -21.514515 -10.255754 11.103052 -3.002209 6.857352 14.553028 -1.346833 -4.834360 21.889524 -1.001871 12.421933 3.824634 -5.224444 -15.975166 -4.000572 15.757325 11.128742 -25.185989 -21.050388 -21.280031 2.683490 9.234715 7.835576 -2.475009
4.826041 -15.572475 14.691360 -21.342854 -5.917320 -18.845989 -22.088308 -9.655900 10.987770 -2.874340 5.173312 14.093264 -1.739877 -5.056832 22.047253 -2.631197 11.288630 5.109820 -5.038086 -16.386530 -4.052749 15.015763 9.304589 -25.863012 -20.958933 -21.762098 1.719014 10.591365 9.970620 -3.241954
6.113941 -15.232456 12.956117 -21.212824 -6.203256 -19.919041 -23.031200 -9.164253 10.520923 -2.831383 3.714518 14.067887 -2.701738 -4.744238 21.955791 -4.323508 11.061896 5.525194 -5.299296 -16.912771 -5.520154 14.303929 7.227861 -25.500113 -20.961430 -23.114788 0.092511 12.294816 11.911023 -3.901805
8.110283 -14.688825 10.963166 -21.414553 -6.058939 -21.488674 -23.061153 -7.687503 10.399590 -2.979891 2.202732 13.779370 -3.165051 -4.839173 21.850546 -5.649626 10.278256 6.421535 -5.460842 -17.179535 -7.009765 13.670962 5.388104 -25.197838 -21.151651 -24.393843 -1.261847 13.505705 13.042235 -4.252382
9.450226 -13.804042 9.426197 -21.076200 -6.435057 -22.347973 -23.465193 -6.871601 9.939083 -2.789693 1.209128 13.359803 -3.566420 -4.975282 21.815613 -7.167068 9.921674 6.990343 -5.693982 -17.168112 -8.557191 12.717423 3.197758 -24.658903 -21.489204 -25.675665 -2.281558 14.697863 14.081031 -4.269997
10.772902 -12.824106 7.912001 -20.632103 -6.966774 -23.271215 -23.888393 -5.960118 9.466382 -2.753330 0.099159 12.424945 -3.649767 -5.458630 21.680027 -8.602277 9.240597 7.761031 -5.611902 -17.178473 -9.776872 11.314522 1.227584 -23.862627 -21.420723 -26.242001 -2.634596 16.002243 15.230357 -4.139779
10.969196 -12.054228 7.319120 -20.421431 -7.493640 -23.829222 -24.077667 -5.283612 9.075802 -3.055488 -0.636954 12.093953 -3.720716 -5.688565 21.729038 -9.225928 8.728902 8.232176 -5.510299 -17.245245 -10.311454 10.426892 0.348480 -23.482779 -21.313349 -26.055508 -2.409569 16.519287 15.963578 -3.948463
11.100489 -11.567635 6.987494 -20.044624 -7.849322 -23.893845 -24.280407 -5.147783 8.800375 -3.047826 -1.334995 11.896633 -3.678411 -5.919311 21.745785 -9.317328 8.243463 8.680578 -5.413291 -17.198896 -10.593917 9.790848 -0.152477 -23.222919 -21.177698 -25.977299 -2.266750 16.839603 15.911120 -3.854882
10.662137 -11.771996 7.280290 -20.207588 -7.687111 -23.646160 -24.095612 -5.309501 8.966077 -3.102591 -1.110495 12.022635 -3.609061 -5.809238 21.811043 -9.057519 8.268644 8.546830 -5.432521 -17.188297 -10.746304 9.949351 0.276329 -23.229856 -21.243502 -25.930609 -2.286922 16.545773 16.125113 -3.815009
8.851246 -13.366446 9.518028 -21.247120 -6.261641 -22.373388 -22.019291 -5.777872 10.493191 -3.683861 0.199185 13.164931 -2.574443 -5.454485 21.986320 -6.091796 8.291425 7.986298 -5.471806 -16.934875 -10.805215 11.247516 4.591464 -23.870100 -21.324150 -24.539627 -1.811434 13.926065 16.093061 -3.872760
5.645480 -14.863781 14.483000 -21.615917 -4.655180 -19.270117 -18.065697 -6.722918 12.864212 -4.410649 3.492089 14.398703 0.086967 -5.694989 22.643990 -0.431617 8.569059 6.385407 -4.997706 -15.496134 -7.059178 11.481275 10.574217 -24.401773 -20.719994 -20.364506 3.030488 9.277247 13.842566 -1.412340
1.852468 -14.795844 21.482819 -20.133957 -4.468862 -14.577458 -14.314628 -8.805325 14.178827 -3.886978 9.568340 13.645041 2.860652 -6.282258 21.507076 4.198469 11.535491 3.225479 -5.665989 -13.217183 -3.362386 13.576892 17.701174 -22.045282 -20.697630 -19.843678 6.878743 3.024863 6.011272 2.941532
-3.177886 -13.420180 25.917419 -18.747423 -4.267909 -9.218202 -11.201781 -11.181776 15.991752 -3.523999 14.169065 10.491253 5.570372 -7.696641 17.403265 11.292445 12.956918 3.871241 -7.160991 -12.159368 1.441550 9.685472 20.340601 -22.423716 -19.476582 -20.968197 7.874076 -0.799840 -4.701429 4.434025
-5.788714 -11.570404 25.166689 -16.660622 -3.918969 -5.752515 -10.018179 -12.615983 17.879934 -3.023710 15.530293 8.207049 6.000150 -8.488380 14.464675 14.066834 15.441468 2.382114 -10.011036 -9.957451 4.296234 3.101097 20.479752 -22.636286 -16.786507 -19.924189 9.201563 0.055256 -7.348247 4.213117
-6.908842 -8.205272 23.449987 -14.035501 -5.469209 -3.711883 -11.041110 -13.922220 17.279753 -1.628195 15.857147 6.416872 4.810547 -8.114253 12.527879 13.106916 17.914904 0.787562 -13.528739 -7.196486 5.920909 -3.286859 20.649046 -21.339533 -15.353462 -20.094917 10.331809 -0.754382 -4.868680 6.992570
-6.943219 -6.340904 21.975430 -11.750071 -6.484092 -1.908120 -12.781203 -16.090322 16.349777 0.620464 15.329583 5.432375 3.230871 -7.524337 11.161641 11.311833 20.248365 -1.272955 -16.283781 -5.245681 4.611682 -8.508150 21.231817 -19.801228 -14.559492 -19.705883 11.137651 -1.854434 -2.407667 9.736919
-4.923892 -5.379871 20.007477 -9.879789 -8.443604 -2.313873 -16.217697 -17.339836 14.450239 2.064085 14.723124 5.866978 1.250837 -6.484884 10.432560 10.792716 21.408514 -1.748673 -16.289038 -7.250875 2.302489 -12.469631 21.754786 -18.833441 -14.087269 -18.014378 12.016034 -2.496601 0.077576 10.700302
-3.838506 -5.164008 19.403402 -8.970845 -9.340633 -2.444507 -17.949724 -18.194529 13.555954 2.817150 14.222848 5.992660 -0.200106 -5.888861 9.918708 10.442863 22.101831 -1.924681 -16.001001 -8.843966 1.580052 -13.979223 21.838606 -18.448923 -13.846186 -17.136230 12.616533 -2.567702 0.896922 11.008795
-3.638940 -5.172185 19.217510 -8.872573 -9.401488 -2.407507 -18.146963 -18.318077 13.512549 2.968585 14.071295 6.068552 -0.498355 -5.773689 9.889120 10.326267 22.158667 -1.884211 -15.945281 -9.162254 1.386488 -14.111314 21.896839 -18.376989 -13.872092 -17.033676 12.691245 -2.617917 0.979986 11.049013
-3.225070 -5.327916 19.046309 -8.706210 -9.340117 -2.420188 -18.318636 -18.490047 13.495548 3.212423 13.999985 6.438143 -0.846298 -5.515166 9.913620 10.315790 22.409269 -2.112618 -15.971049 -9.515753 1.008090 -14.148285 21.948092 -18.357172 -13.912582 -16.917797 12.695795 -2.508688 1.254333 10.923239
-2.591038 -5.843200 18.870111 -8.290414 -9.595057 -2.743757 -19.161453 -18.860542 13.161963 3.282865 13.749111 6.803215 -1.424949 -5.174522 9.863252 10.223479 22.583424 -2.042043 -15.880461 -10.309234 0.468517 -14.335193 22.085955 -18.434259 -14.006088 -16.628370 12.779834 -2.497792 1.862409 10.786823
-1.923946 -5.991310 18.679579 -7.838065 -9.911419 -2.755000 -20.026344 -19.461880 12.851764 3.611994 13.084692 7.387860 -2.369079 -4.632514 10.074064 10.235777 22.117949 -1.144983 -15.314645 -11.755002 -0.285329 -14.494420 22.752787 -18.140589 -13.998249 -16.353146 12.794760 -2.736365 2.990220 10.894036
-0.875230 -6.343089 17.992695 -7.251945 -10.121377 -2.844682 -20.972294 -20.001785 12.541227 4.010932 12.577883 7.818478 -3.199813 -4.136843 10.148448 10.258323 21.798431 -0.674582 -15.085278 -12.816182 -1.530176 -13.936727 24.269995 -18.033823 -14.138935 -15.615932 12.878744 -3.455221 4.111279 10.808590
0.154731 -6.990898 17.468344 -6.872817 -10.253464 -3.251672 -21.802717 -20.334187 12.537140 3.905885 12.091527 8.527728 -3.926542 -3.669499 10.630939 9.954305 21.420033 -0.319601 -14.829905 -13.755554 -1.771567 -12.962083 25.737146 -18.171890 -14.151420 -14.837103 13.169303 -4.235855 4.064040 10.747351
1.087788 -7.460021 17.065552 -6.605130 -10.256696 -3.636391 -22.230663 -20.411736 12.594664 3.944406 11.460711 8.780249 -4.745405 -3.312583 10.889610 9.629163 21.085188 -0.070307 -14.685291 -14.512687 -1.999268 -11.654929 26.788437 -18.313364 -14.350101 -14.335154 13.354909 -4.868304 4.087876 10.658783
1.824876 -7.788307 16.580385 -6.621009 -9.812566 -3.768853 -21.922228 -20.238108 13.068935 3.895573 11.139436 8.889422 -5.011238 -3.196579 11.252765 9.392180 20.614275 0.351031 -14.681476 -14.718486 -2.078337 -10.322733 27.118204 -18.494715 -14.525650 -13.880342 13.509073 -4.726434 4.462581 10.288344
2.094330 -7.976740 16.322287 -6.745869 -9.585448 -4.033622 -21.670284 -19.880543 13.252564 3.821081 10.753021 9.101810 -5.368125 -2.908293 11.438443 9.133922 20.402254 0.498099 -14.656546 -15.031106 -1.941152 -9.452174 26.825871 -18.796534 -14.746668 -14.078145 13.234514 -4.469510 4.720562 9.952129
2.112465 -7.938263 16.421915 -6.667559 -9.718586 -4.098639 -21.825508 -19.915190 13.032723 3.806340 10.552332 9.212891 -5.628276 -2.772675 11.516997 8.933048 20.305899 0.515305 -14.634459 -15.183139 -1.915111 -9.301970 26.561979 -18.853518 -14.776758 -14.234327 13.057710 -4.326212 4.960095 9.868310
2.066422 -7.928196 16.479721 -6.715503 -9.696809 -4.113643 -21.768232 -19.874903 13.033087 3.785774 10.586279 9.212119 -5.589112 -2.785032 11.543210 8.938282 20.288340 0.505675 -14.662607 -15.122915 -1.922231 -9.301992 26.590822 -18.856424 -14.758646 -14.209098 13.062335 -4.316687 5.046602 9.857801
2.065472 -7.928793 16.479332 -6.714597 -9.696867 -4.114034 -21.767944 -19.874123 13.033040 3.786714 10.586338 9.212108 -5.589218 -2.785106 11.543565 8.938394 20.288115 0.505280 -14.662438 -15.122912 -1.922277 -9.302103 26.590969 -18.856489 -14.758549 -14.209019 13.062325 -4.316633 5.046511 9.857765
2.065836 -7.928584 16.479912 -6.715170 -9.696821 -4.113654 -21.767843 -19.874226 13.032421 3.787994 10.586613 9.211989 -5.589466 -2.785435 11.543979 8.938509 20.287798 0.505150 -14.662378 -15.123031 -1.922182 -9.302442 26.590929 -18.856207 -14.758583 -14.208778 13.062350 -4.316692 5.046254 9.857334
2.062150 -7.930363 16.478542 -6.710657 -9.697311 -4.114833 -21.766542 -19.871643 13.032475 3.791039 10.586613 9.211989 -5.589466 -2.785435 11.543979 8.938509 20.287798 0.505150 -14.662378 -15.123031 -1.922159 -9.301250 26.590015 -18.854628 -14.759220 -14.208853 13.061553 -4.317452 5.045591 9.856671
2.061073 -7.931381 16.477657 -6.710323 -9.697371 -4.115614 -21.766790 -19.871061 13.032864 3.789921 10.586481 9.212087 -5.589318 -2.785350 11.543660 8.938385 20.288025 0.505336 -14.662489 -15.122943 -1.922508 -9.301540 26.590956 -18.855629 -14.758663 -14.208477 13.061765 -4.317335 5.045779 9.856565
2.061028 -7.931393 16.477608 -6.710294 -9.697369 -4.115622 -21.766775 -19.871082 13.032957 3.789693 10.586409 9.212018 -5.589272 -2.785204 11.543675 8.938428 20.288042 0.505334 -14.662400 -15.122945 -1.922508 -9.301540 26.590956 -18.855629 -14.758663 -14.208477 13.061765 -4.317335 5.045779 9.856565
2.063062 -7.931389 16.476658 -6.709593 -9.698457 -4.116140 -21.768936 -19.872070 13.032527 3.787904 10.587056 9.212672 -5.587891 -2.785585 11.545018 8.937668 20.287916 0.504263 -14.663801 -15.120564 -1.889410 -9.274611 26.582582 -18.852512 -14.755621 -14.215540 13.067063 -4.300673 5.041420 9.854364
-1.032583 -7.437862 19.685490 -9.613425 -13.932688 -9.227592 -25.151108 -16.586187 8.411850 0.597746 7.855626 10.547051 -5.511071 -5.331542 14.190871 4.476556 23.103706 -4.832308 -9.925003 -16.022799 -4.282411 2.202546 20.799074 -14.854769 -17.148201 -14.738725 15.668162 1.185635 5.840793 10.377130
-1.032583 -7.437862 19.685490 -9.613425 -13.932688 -9.227592 -25.151108 -16.586187 8.411850 0.597746 7.855626 10.547051 -5.511071 -5.331542 14.190871 4.476556 23.103706 -4.832308 -9.925003 -16.022799 -4.282411 2.202546 20.799074 -14.854769 -17.148201 -14.738725 15.668162 1.185635 5.840793 10.377130
-1.032583 -7.437862 19.685490 -9.613425 -13.932688 -9.227592 -25.151108 -16.586187 8.411850 0.597746 7.855626 10.547051 -5.511071 -5.331542 14.190871 4.476556 23.103706 -4.832308 -9.925003 -16.022799 -4.282411 2.202546 20.799074 -14.854769 -17.148201 -14.738725 15.668162 1.185635 5.840793 10.377130
-0.862401 -7.007799 20.393417 -11.443232 -13.655563 -9.127834 -24.982424 -16.436531 7.723242 1.524526 7.930923 11.201916 -5.017485 -5.743052 13.721616 3.016006 24.055447 -5.546555 -11.240825 -14.818344 -5.812373 2.651547 20.556564 -13.868071 -18.142521 -13.846049 16.250290 0.620721 5.210880 9.710740
-0.803715 -7.101138 20.324404 -11.346088 -13.533483 -9.070026 -24.863979 -16.399504 7.696057 2.071398 7.937119 11.237128 -4.922277 -5.731894 13.673652 2.853672 24.138258 -5.575487 -11.340355 -14.715614 -5.812887 3.167061 20.411423 -13.926653 -18.203455 -13.837423 16.315346 0.769934 5.230003 9.762188
-0.814989 -7.106966 20.324486 -11.343203 -13.535492 -9.072851 -24.863083 -16.393288 7.692792 2.081032 7.928945 11.234972 -4.917328 -5.720302 13.675887 2.850406 24.143465 -5.583523 -11.331491 -14.713984 -5.815609 3.169896 20.405703 -13.907854 -18.212826 -13.844803 16.308712 0.765778 5.224180 9.758524
-0.810444 -7.108671 20.320894 -11.335140 -13.528746 -9.065699 -24.858322 -16.400175 7.700422 2.088107 7.941023 11.237268 -4.895638 -5.724558 13.674556 2.852904 24.140497 -5.587331 -11.339594 -14.696994 -5.807085 3.164181 20.408842 -13.911361 -18.208263 -13.848247 16.304314 0.764518 5.228693 9.759041
-0.837204 -7.121055 20.314224 -11.307360 -13.532846 -9.078782 -24.848934 -16.377697 7.699943 2.104084 7.933769 11.235555 -4.894312 -5.709808 13.666988 2.842333 24.154505 -5.586750 -11.344511 -14.692152 -5.803473 3.144870 20.387924 -13.874927 -18.237566 -13.845575 16.305803 0.742459 5.226186 9.741051
-0.814446 -7.107315 20.322876 -11.322970 -13.530540 -9.071018 -24.854454 -16.394936 7.701838 2.084225 7.932734 11.237948 -4.897955 -5.713425 13.666307 2.842522 24.154062 -5.583921 -11.348775 -14.692033 -5.803383 3.134611 20.399570 -13.883730 -18.235298 -13.839022 16.303724 0.733475 5.224562 9.731093
-0.812901 -7.106271 20.323076 -11.326104 -13.530290 -9.070488 -24.855524 -16.396412 7.702126 2.081332 7.928906 11.237949 -4.895226 -5.709064 13.664477 2.842162 24.156094 -5.583512 -11.346623 -14.692009 -5.804516 3.133463 20.399302 -13.882195 -18.236313 -13.838594 16.304195 0.732615 5.224518 9.730799
-0.823450 -7.112755 20.318373 -11.316807 -13.531128 -9.074594 -24.852737 -16.388386 7.701927 2.089745 7.930649 11.238284 -4.898410 -5.712016 13.667432 2.843046 24.153330 -5.584095 -11.347364 -14.692267 -5.802545 3.137272 20.393505 -13.876316 -18.239452 -13.841942 16.303886 0.734433 5.226165 9.733883
-0.826524 -7.114586 20.317719 -11.315552 -13.531397 -9.075394 -24.851744 -16.385767 7.701014 2.093720 7.934228 11.238675 -4.901213 -5.716211 13.668960 2.843090 24.151236 -5.584692 -11.349556 -14.692751 -5.803040 3.136952 20.394030 -13.877153 -18.238953 -13.841702 16.304169 0.734847 5.226869 9.733685
-0.816307 -7.109575 20.323288 -11.326660 -13.531186 -9.070612 -24.854568 -16.393200 7.699677 2.087700 7.938144 11.239255 -4.907034 -5.723121 13.673821 2.844202 24.145452 -5.586874 -11.351698 -14.693701 -5.801373 3.147414 20.394468 -13.881983 -18.234484 -13.847310 16.301224 0.740077 5.231232 9.736961
