10.963433 -8.075596 2.099377 3.218461 -5.533127 -15.533311 -0.415926 7.897460 18.372931 14.342745 -18.311914 1.274345 21.512651 -1.373055 11.329696 -2.788530 2.328524 19.427298 -2.549702 -5.711091 8.935937 -3.806957 15.816662 16.376341 -22.163765 -15.415459 3.008028 3.713221 36.796265 -9.789040
10.837340 -8.057081 1.955199 2.875668 -5.222126 -15.451856 -0.133820 7.980109 18.575109 14.338568 -18.108013 1.023687 21.636810 -1.288177 11.143206 -2.714140 2.290280 19.640951 -2.512576 -5.827694 8.842732 -4.215200 16.105173 16.460283 -21.870867 -15.363498 2.928142 3.801114 36.714195 -9.938890
10.588547 -7.947797 1.555900 2.183598 -4.666168 -15.452913 0.392124 8.303558 18.968103 14.361404 -17.533998 0.151391 21.885048 -1.410337 10.705266 -2.362274 1.845637 20.179361 -2.633215 -6.012344 9.034192 -4.432507 16.540054 16.761566 -21.319027 -15.116985 2.878091 4.329135 36.512669 -10.479277
10.083164 -7.868608 1.049932 0.972912 -3.940179 -15.587389 1.221790 9.059451 19.432907 14.448227 -16.621525 -1.078233 22.310558 -1.735429 10.200850 -2.213811 1.479169 20.573149 -2.746068 -5.970370 9.823143 -5.457709 17.528946 16.316780 -20.081516 -14.264431 2.965066 5.022992 35.971352 -11.770008
9.445439 -7.665103 0.747763 0.000228 -3.393157 -15.581841 1.972395 9.649300 19.815218 14.224829 -14.981785 -2.480376 22.910883 -2.013719 9.451541 -1.896431 1.899733 20.516060 -2.668593 -5.992256 10.526150 -6.377328 18.340878 15.834160 -19.050690 -13.715565 3.099515 5.483690 35.436478 -12.509352
8.842051 -7.105710 0.688071 -1.014709 -2.864747 -15.595754 2.899710 10.314044 19.945734 14.186029 -13.498349 -3.765089 23.718191 -2.337848 8.848561 -1.335426 1.754660 20.854082 -2.873898 -5.806186 11.250083 -7.181243 18.949785 15.402658 -18.247866 -13.227380 3.406272 5.917377 34.579666 -13.236266
7.711489 -6.823817 0.498551 -2.041896 -2.422040 -15.529583 3.775254 11.053253 20.348291 13.573540 -12.254960 -5.347520 24.199100 -2.447128 8.431056 -0.859780 1.775266 20.764423 -2.742360 -5.650359 11.808797 -7.888955 19.685574 14.191780 -17.352459 -12.140577 3.916237 6.313940 33.340778 -14.403225
6.844512 -6.677496 0.799362 -2.980953 -1.994800 -15.152457 4.486986 11.282415 20.609705 13.374310 -11.207073 -6.212780 24.520344 -2.699186 8.205584 0.161608 1.607894 20.603319 -2.725235 -5.577772 12.085147 -8.048211 20.535206 13.619356 -16.611740 -11.286480 4.315011 6.632608 32.145607 -15.225912
6.294166 -6.565887 0.897593 -3.255081 -1.748060 -14.849189 5.126213 11.526278 20.997908 12.920248 -10.538231 -6.842834 24.800875 -2.925297 8.050862 0.471700 1.667411 20.358452 -2.791328 -5.308899 12.419599 -8.024002 21.294283 13.167844 -16.163355 -10.825392 4.572758 6.666524 31.375237 -15.636706
5.861227 -6.563268 0.917486 -3.359832 -1.668453 -14.631605 5.385842 11.607241 21.216372 12.605751 -9.975803 -7.331110 25.280401 -3.278109 7.807375 0.579807 1.963973 20.121122 -2.869915 -4.960903 12.710456 -7.749436 21.880236 13.285038 -15.864846 -10.554867 4.838909 6.721555 30.704542 -15.698296
5.608315 -6.194219 1.198086 -3.380796 -1.567087 -14.264502 6.046251 11.775542 21.390732 12.575909 -9.932795 -7.644786 25.245382 -3.334194 7.617613 0.814969 2.035086 20.088316 -2.901528 -4.937377 12.779948 -7.527534 21.928970 13.456409 -15.720709 -10.445265 5.007145 6.925507 30.410332 -15.692605
4.412976 -4.508407 2.725703 -3.253983 -1.480864 -13.013280 8.789668 12.786232 21.894697 12.257272 -10.727582 -9.560436 25.154213 -4.250759 6.122542 1.902651 1.977971 19.431473 -3.612211 -5.033770 14.331094 -5.334696 23.541666 15.344169 -14.462998 -9.351540 6.366117 7.969257 28.683605 -15.723847
3.206549 -1.031689 5.449641 0.004878 -2.776165 -9.642088 12.090125 12.614296 22.103781 13.235426 -14.258793 -12.432449 24.028908 -4.021605 4.916087 3.293272 0.968622 16.151964 -4.369179 -6.548126 16.859646 1.554392 28.325945 19.568277 -11.434824 -7.310656 8.379889 10.860703 23.276146 -16.211939
2.028486 6.228651 7.055685 3.514307 -6.539729 -3.737271 12.738021 9.975441 20.781086 13.581140 -17.318132 -18.328663 19.805912 -5.784647 4.837089 7.055630 -1.331683 9.489648 -5.329485 -8.137976 20.267023 6.821445 31.601616 21.591309 -4.447312 -4.513948 12.181088 17.309103 11.221293 -13.189950
0.430770 13.597895 5.904060 6.546749 -11.546593 1.907562 9.961758 6.399014 17.890533 15.216745 -19.102520 -24.541595 14.472271 -6.423335 1.526673 9.469361 0.718972 4.419013 -8.761858 -7.443642 22.305754 4.984091 26.752369 22.656891 -0.328692 -5.875609 16.155048 23.370680 -1.647821 -6.606751
0.358878 20.328259 3.558008 8.291569 -15.795350 5.541567 6.670753 3.419528 14.289768 18.484329 -22.172331 -30.282600 6.355721 -2.768939 0.370619 6.048558 5.478209 1.797558 -9.486561 -7.607131 25.316473 -1.404608 15.352720 20.825018 1.623609 -10.402031 18.486244 27.743671 -12.148872 0.141809
-4.398708 27.066107 -1.016676 4.860091 -19.341490 7.457387 3.016068 2.708194 9.774664 19.521889 -21.451090 -32.468464 -0.222270 0.538384 2.503830 0.227524 10.104510 0.631756 -12.454686 -2.070657 24.430983 -10.658172 3.279284 17.216146 2.804303 -12.503550 18.767822 31.257309 -18.853006 2.799373
-17.002531 26.529715 -10.104414 -1.837598 -16.063038 11.461853 3.913336 2.810008 12.790155 17.427942 -12.630828 -31.966034 -0.853026 7.003145 7.863855 -1.921976 10.425469 -1.376413 -21.015095 10.467404 17.561026 -15.063513 -12.562382 9.590720 -0.491888 -11.467529 21.001434 36.174107 -22.591574 3.405637
-23.843260 23.884237 -14.944503 -6.319369 -10.585325 17.097311 6.369013 -0.339136 17.117233 18.594698 -6.665698 -29.656055 -2.036562 14.890623 13.727334 -0.848446 7.343130 -0.289018 -24.822565 15.656669 15.279703 -19.236704 -19.299109 2.992672 -2.920431 -13.788630 19.355667 35.058472 -27.895437 4.571795
-27.149820 21.118490 -17.138437 -6.414109 -7.840621 20.158401 7.332601 -2.756695 19.962568 19.418407 -3.850590 -27.360817 -3.335677 19.670650 16.900970 0.703899 5.367487 0.359848 -26.248985 16.398064 13.495690 -20.634161 -22.111441 -0.403702 -4.425282 -15.732912 17.441719 33.808327 -32.888569 4.491966
-27.540522 20.693745 -17.393526 -6.137948 -7.712288 20.219612 7.365361 -2.782149 20.117880 19.498787 -3.696956 -27.128578 -3.599724 20.171223 17.310410 0.886483 5.198855 0.497077 -26.209229 16.232901 13.210279 -20.768057 -22.130693 -0.859299 -4.483775 -16.014900 17.123112 33.621056 -33.346527 4.514730
-27.359619 21.297487 -17.242561 -5.858880 -8.247509 20.003786 7.387604 -2.353157 19.700958 19.825237 -3.954392 -27.921635 -3.607085 19.100668 17.064976 0.425632 5.207822 -0.239416 -25.882917 15.954314 13.361117 -20.454523 -21.285500 -0.620413 -3.612339 -15.484160 17.768356 34.362457 -32.507095 5.084764
-27.225430 22.036947 -17.179779 -5.043406 -9.714857 18.905655 6.727545 -1.268495 18.444592 20.064098 -4.797769 -29.184038 -3.362852 17.607681 16.528923 -0.255957 5.774089 -1.422913 -25.329138 15.522908 14.048126 -20.022354 -19.397198 -0.260721 -1.804796 -14.897659 18.714739 35.728844 -30.520342 6.328097
-26.280962 22.840742 -16.758797 -3.861702 -11.259022 16.933201 6.515901 0.687486 17.255657 19.931189 -6.059641 -30.433729 -3.388450 15.767566 15.699943 -0.659803 6.593373 -2.560117 -23.766289 14.201071 13.952481 -19.289789 -17.306759 0.400028 -0.265646 -13.725269 19.460985 36.837757 -28.758080 6.642757
-25.276369 23.360741 -15.792637 -2.176440 -12.850925 15.263061 6.221718 2.190563 15.987356 20.080765 -6.660083 -31.631350 -2.960162 13.254675 15.261628 -1.202593 7.080239 -3.584943 -22.215895 13.300404 14.930840 -18.288921 -15.026500 0.343771 1.278586 -12.239607 20.617664 37.661716 -27.583004 6.923878
-24.410765 23.469938 -15.231175 -0.518165 -14.167736 13.583767 5.899761 3.582679 15.166086 19.835968 -7.281525 -32.563461 -2.221340 11.330161 14.651982 -1.356094 7.512892 -4.401859 -21.190443 12.738304 15.332619 -17.291727 -12.892700 -0.294264 2.882473 -11.464057 21.305977 38.608871 -25.333441 7.550024
-23.989302 23.638216 -14.140266 0.867887 -15.119020 12.382860 6.149508 4.783565 14.576653 19.610250 -7.550459 -33.489601 -1.960477 9.970766 14.267413 -1.719076 7.817553 -4.840248 -20.307472 11.815379 15.515439 -15.604169 -11.222794 -0.568689 4.047331 -11.088481 21.775185 39.595154 -23.531242 8.176947
-24.035656 23.835810 -13.505684 2.123050 -15.932049 11.812606 6.317223 5.446903 14.186081 19.578218 -8.034863 -33.946918 -1.939951 9.208516 14.197453 -1.811988 7.901128 -5.373615 -19.415688 10.907345 15.619085 -14.883323 -9.792002 -1.104105 5.178195 -11.336060 21.893173 40.481087 -23.037090 9.049754
-23.884018 23.721542 -13.469143 3.056839 -16.154041 11.640457 6.484684 5.706743 14.197136 19.916718 -8.319649 -34.312611 -2.184723 8.594045 14.342351 -1.599375 7.606348 -5.660505 -18.630754 9.996163 15.450566 -14.547340 -8.490451 -1.628094 5.965883 -11.429513 21.900223 40.918877 -22.685091 9.633708
-24.058481 23.620909 -13.369390 3.775557 -16.382679 11.425470 6.663880 6.043104 14.188590 20.094025 -8.431800 -34.516087 -2.270372 8.332018 14.488627 -1.584485 7.339795 -5.746326 -18.317665 9.554195 15.546332 -14.638240 -8.020617 -1.817745 6.332297 -11.458759 21.995218 41.095139 -22.535501 10.018421
-23.989931 23.622099 -13.351824 3.840171 -16.383446 11.382607 6.719119 6.094935 14.220194 20.079399 -8.471533 -34.548725 -2.285794 8.283604 14.480765 -1.549030 7.330376 -5.777340 -18.270956 9.473929 15.504084 -14.593315 -7.982830 -1.847628 6.380982 -11.471191 21.983276 41.158043 -22.563150 10.042667
-23.989752 23.622047 -13.351719 3.840098 -16.383423 11.382639 6.719077 6.094864 14.220139 20.079502 -8.471975 -34.548805 -2.285644 8.283924 14.480798 -1.548964 7.330382 -5.777227 -18.270758 9.473899 15.504467 -14.595432 -7.979586 -1.850234 6.383778 -11.470770 21.982733 41.158806 -22.563894 10.043688
-23.985697 23.626726 -13.348127 3.845847 -16.385092 11.385206 6.721205 6.091384 14.221190 20.074917 -8.475082 -34.548908 -2.285537 8.285728 14.481966 -1.548859 7.329165 -5.777214 -18.269676 9.474399 15.502705 -14.601512 -7.971592 -1.853825 6.387787 -11.469837 21.981915 41.157646 -22.561029 10.047440
-23.986326 23.626356 -13.348483 3.845842 -16.385084 11.384851 6.721103 6.091851 14.221172 20.075291 -8.474657 -34.548813 -2.285660 8.285431 14.481887 -1.548942 7.329194 -5.777308 -18.269880 9.474429 15.502521 -14.599257 -7.975451 -1.849994 6.384258 -11.470149 21.982658 41.156502 -22.560137 10.046056
-23.969320 23.643188 -13.338083 3.865151 -16.388775 11.397172 6.728734 6.076689 14.225215 20.063030 -8.486063 -34.552387 -2.275888 8.298738 14.478642 -1.548300 7.331235 -5.776609 -18.262333 9.478810 15.502778 -14.600041 -7.976776 -1.844095 6.380785 -11.467966 21.982204 41.151535 -22.560152 10.040867
-23.970573 23.642271 -13.338473 3.864555 -16.388548 11.396975 6.728516 6.077181 14.224886 20.063877 -8.485160 -34.552418 -2.278503 8.297472 14.481487 -1.547737 7.329176 -5.777668 -18.261766 9.477538 15.504908 -14.602053 -7.975338 -1.843633 6.381360 -11.466280 21.982018 41.150215 -22.563910 10.038977
-23.959555 23.653847 -13.331395 3.874001 -16.392092 11.404055 6.730432 6.066124 14.227435 20.052420 -8.492326 -34.555916 -2.269853 8.308803 14.478266 -1.549024 7.332515 -5.777853 -18.253414 9.478742 15.503809 -14.598996 -7.979052 -1.841976 6.378744 -11.467407 21.982533 41.150444 -22.561813 10.038915
-27.463945 20.622820 -15.661960 5.458797 -16.332399 8.902759 6.623244 9.284002 14.582541 22.304106 -11.353563 -32.363503 -0.987634 9.771143 10.378875 -3.105865 11.009568 -2.518772 -20.383356 9.708138 14.167958 -18.689114 -3.668476 -5.915795 8.744314 -11.250017 21.515099 40.137024 -22.501423 10.501603
-27.463945 20.622820 -15.661960 5.458797 -16.332399 8.902759 6.623244 9.284002 14.582541 22.304106 -11.353563 -32.363503 -0.987634 9.771143 10.378875 -3.105865 11.009568 -2.518772 -20.383356 9.708138 14.167958 -18.689114 -3.668476 -5.915795 8.744314 -11.250017 21.515099 40.137024 -22.501423 10.501603
-27.463945 20.622820 -15.661960 5.458797 -16.332399 8.902759 6.623244 9.284002 14.582541 22.304106 -11.353563 -32.363503 -0.987634 9.771143 10.378875 -3.105865 11.009568 -2.518772 -20.383356 9.708138 14.167958 -18.689114 -3.668476 -5.915795 8.744314 -11.250017 21.515099 40.137024 -22.501423 10.501603
-27.245893 20.679853 -15.603259 4.352180 -16.219957 9.052265 6.389758 9.147989 14.318378 22.398830 -11.160187 -32.545269 -0.990335 9.723627 10.591530 -2.961917 10.907564 -2.742041 -20.220266 9.799639 14.645636 -18.104025 -3.936158 -6.261471 8.954111 -10.968847 21.863575 40.892391 -23.223066 10.710350
-27.302996 20.663000 -15.539062 4.406783 -16.276091 8.965064 6.377733 9.217868 14.279632 22.375204 -11.190048 -32.491871 -1.053084 9.703528 10.651778 -2.967253 10.811353 -2.706956 -20.282167 9.812013 14.619755 -18.271151 -3.865692 -6.229474 8.966228 -11.089743 21.801893 40.810287 -23.227093 10.789108
-27.301508 20.663565 -15.540319 4.404539 -16.274511 8.967566 6.378274 9.215987 14.280845 22.375946 -11.189523 -32.492554 -1.054581 9.705324 10.652287 -2.966401 10.809027 -2.705359 -20.283503 9.812057 14.625015 -18.270596 -3.868798 -6.226026 8.960357 -11.087812 21.802578 40.803722 -23.223019 10.784422
-27.302467 20.663736 -15.537767 4.404569 -16.276382 8.965263 6.377446 9.217569 14.279192 22.374287 -11.190273 -32.492352 -1.053863 9.703344 10.653036 -2.966668 10.810315 -2.707165 -20.281454 9.812371 14.620057 -18.274448 -3.868366 -6.223458 8.959311 -11.090782 21.800465 40.801300 -23.226385 10.786880
-27.302694 20.663767 -15.536747 4.399748 -16.277781 8.964169 6.375954 9.218758 14.277823 22.371185 -11.195678 -32.491280 -1.044105 9.711840 10.645246 -2.969824 10.814145 -2.700926 -20.282236 9.813094 14.614202 -18.276546 -3.867048 -6.243070 8.970549 -11.100359 21.798531 40.812042 -23.227728 10.799461
-27.298994 20.667377 -15.532435 4.396420 -16.276583 8.967163 6.376353 9.214447 14.276905 22.369919 -11.179702 -32.495132 -1.064233 9.689906 10.672166 -2.961509 10.788235 -2.716282 -20.281755 9.813452 14.622762 -18.269930 -3.869779 -6.219644 8.958305 -11.085631 21.802794 40.800873 -23.237795 10.785833
-27.298994 20.667377 -15.532435 4.396420 -16.276583 8.967163 6.376353 9.214447 14.276905 22.369919 -11.179702 -32.495132 -1.064233 9.689906 10.672166 -2.961509 10.788235 -2.716282 -20.281755 9.813452 14.622762 -18.269930 -3.869779 -6.219644 8.958305 -11.085631 21.802794 40.800873 -23.237795 10.785833
-27.302553 20.664076 -15.536027 4.399138 -16.277414 8.964462 6.376126 9.218288 14.277748 22.371155 -11.188134 -32.492275 -1.054211 9.701182 10.657634 -2.965826 10.801684 -2.706922 -20.283039 9.813284 14.619583 -18.270967 -3.870119 -6.228278 8.963215 -11.090725 21.801825 40.806854 -23.236187 10.791138
-27.303724 20.663124 -15.537062 4.401110 -16.277893 8.963691 6.376303 9.219398 14.278347 22.371059 -11.192991 -32.490284 -1.047385 9.708597 10.647453 -2.968823 10.810886 -2.700871 -20.284277 9.812735 14.617116 -18.271685 -3.868835 -6.235117 8.967457 -11.094566 21.800821 40.811150 -23.233244 10.795052
-27.299263 20.667025 -15.532905 4.395695 -16.276520 8.966997 6.376213 9.214890 14.276793 22.370358 -11.183969 -32.494560 -1.062995 9.693190 10.671124 -2.962466 10.790223 -2.714288 -20.280645 9.813326 14.623055 -18.267694 -3.872305 -6.215957 8.957916 -11.086272 21.802462 40.802555 -23.237101 10.785681
