-7.063780 -21.159201 12.097173 -11.843274 -5.786751 -19.153986 -18.035025 -5.218852 13.821150 1.111801 3.218490 10.878045 6.336601 7.269155 15.842634 1.397488 17.902254 6.515320 0.270242 -17.170942 1.060953 11.158545 11.665661 -12.465231 -30.012566 -18.211327 0.986311 -2.873333 2.198850 -14.147989
-6.825578 -21.129351 11.934990 -11.773159 -5.856771 -19.281628 -18.203741 -5.228971 13.744938 1.132674 2.990965 10.851788 6.233131 7.249657 15.871639 1.132818 17.746870 6.661766 0.221955 -17.193308 0.867170 11.069266 11.372676 -12.483088 -30.015125 -18.256275 0.813893 -2.577415 2.674548 -14.324520
-6.464136 -21.196894 11.670095 -11.845785 -5.805512 -19.555248 -18.346935 -5.128694 13.691217 1.146542 2.526410 10.818774 6.387209 7.058801 16.017702 0.813547 17.209467 7.241908 0.342582 -17.212563 0.733921 10.837479 10.789447 -12.676317 -29.982491 -18.150364 0.690470 -2.063835 3.349050 -14.634556
-5.925811 -21.150137 11.315729 -11.819571 -5.790593 -19.838537 -18.469555 -4.967250 13.618704 1.251429 1.924850 10.770732 6.450707 6.879861 16.148495 0.330796 16.595526 7.875215 0.408242 -17.236401 0.654301 10.477273 10.138466 -12.928880 -29.938105 -18.087688 0.554845 -1.564800 4.216609 -14.878581
-5.110798 -20.993113 10.555472 -11.799967 -5.879521 -20.460035 -18.790230 -4.609461 13.448902 1.242475 1.360843 10.840455 6.061484 7.117282 16.303255 -0.257922 16.319284 8.031953 0.439920 -17.562105 0.520921 10.140163 9.454686 -13.053888 -29.953154 -18.090694 0.421945 -1.143397 5.189240 -15.020578
-4.222897 -21.065756 9.732145 -12.000786 -5.665616 -21.199198 -18.845669 -4.057912 13.486658 1.166886 0.371913 10.550756 6.074843 6.941139 16.475643 -1.140235 15.329987 9.073670 0.686829 -17.800795 0.164283 9.848338 8.539694 -13.218533 -30.109636 -18.818897 -0.253422 -0.738897 5.969655 -15.091147
-3.421307 -21.051508 9.013560 -11.988695 -5.704133 -21.703102 -19.393167 -3.971195 13.284557 1.305150 -0.300884 10.413320 5.767557 6.815076 16.479527 -1.862112 15.155136 9.317397 0.660562 -17.928907 -0.356582 9.348163 7.366368 -13.073093 -30.157059 -19.649412 -1.040116 -0.001027 6.906668 -15.239241
-2.888418 -21.038198 8.270748 -12.035437 -5.680775 -22.138910 -19.701410 -3.777609 13.190514 1.356495 -0.921401 10.406457 5.446518 6.815070 16.433014 -2.511369 15.002349 9.572347 0.618102 -18.195013 -1.411637 8.642982 5.863087 -12.629032 -30.333015 -20.973541 -2.190800 0.782680 7.740842 -15.279627
-2.137591 -20.719505 7.142857 -11.752098 -6.037948 -22.742899 -20.469185 -3.569222 12.793642 1.427386 -1.890601 10.429099 4.720099 7.166936 16.390724 -3.479621 14.893748 9.724919 0.397706 -18.487051 -2.499424 8.144464 4.673065 -12.138768 -30.527054 -22.166920 -3.184983 1.412985 8.496822 -15.238997
-1.168497 -20.445601 5.937419 -11.782357 -5.936380 -23.524010 -20.414383 -2.756831 12.820089 1.261306 -2.614562 10.301452 4.467762 7.219162 16.314726 -4.068518 14.414755 10.314826 0.304948 -18.731501 -3.768268 7.478993 3.456859 -11.694972 -30.722094 -23.456554 -4.328326 2.070092 8.980927 -15.312716
-0.219295 -20.166548 4.998323 -11.787106 -5.991046 -24.250673 -20.644716 -2.180824 12.659092 1.254076 -3.461728 10.170711 4.170790 7.196332 16.281948 -4.765799 14.042435 10.696880 0.213286 -18.860201 -5.046374 7.155321 2.834401 -10.981290 -30.839016 -24.632305 -5.325673 2.590243 8.972542 -15.368950
0.562972 -19.737722 4.121836 -11.649725 -6.056625 -24.694326 -20.694149 -1.684316 12.532946 1.355564 -4.096072 9.865376 3.853657 7.155942 16.212082 -5.695545 13.829122 11.103806 0.070079 -18.920477 -6.553859 6.535729 1.971173 -10.550173 -31.048519 -25.876736 -6.485815 3.131154 9.083911 -15.555038
1.054707 -19.251709 3.297652 -11.332995 -6.435249 -25.077162 -21.163025 -1.419636 12.197474 1.405320 -4.486962 9.731732 3.691666 7.148974 16.232067 -6.345855 13.700177 11.238616 -0.095646 -18.830622 -7.332634 5.836839 0.865497 -10.267725 -31.206482 -26.570801 -6.978353 3.666473 9.262978 -15.509073
1.759098 -18.852377 2.306212 -11.314770 -6.604574 -25.753851 -21.333601 -0.773006 12.047228 1.228543 -5.422338 9.055908 3.731028 6.787861 16.179735 -7.176359 12.877654 12.062808 -0.010439 -18.809464 -8.243462 5.102004 -0.178761 -9.928743 -31.163809 -26.777546 -7.281749 4.405919 9.596087 -15.638323
2.285673 -18.273760 1.666813 -10.830999 -7.013634 -25.985037 -21.666908 -0.528664 11.723042 1.415426 -5.614942 8.789551 3.552065 6.720139 16.105425 -7.769012 12.931614 12.067134 -0.078016 -18.838503 -9.091475 4.237600 -0.601556 -9.674400 -31.124397 -26.876930 -7.413066 4.627030 10.149897 -15.506508
2.454878 -17.898865 1.316686 -10.798813 -7.253903 -26.348871 -21.756054 -0.111665 11.520572 1.295764 -6.100193 8.579357 3.489367 6.612904 16.161507 -8.339901 12.627617 12.440291 0.067582 -18.965090 -9.648768 3.554801 -1.071723 -9.391515 -31.036865 -26.910305 -7.480117 4.938238 10.352211 -15.473829
2.500288 -17.516069 1.087540 -10.642051 -7.516432 -26.551748 -21.820297 0.171538 11.340284 1.132715 -6.327214 8.464502 3.530190 6.528491 16.156580 -8.286227 12.359498 12.610801 0.036511 -18.928667 -10.112463 3.156523 -1.186185 -9.207431 -30.965790 -26.797646 -7.450300 5.072839 10.544837 -15.463593
2.656867 -17.225336 0.989274 -10.325436 -7.716028 -26.489038 -21.958336 0.117147 11.141666 1.308605 -6.785519 8.320783 3.565063 6.375488 16.132668 -8.266845 12.048470 12.929141 0.052665 -18.855486 -10.334909 2.763938 -1.459545 -9.019377 -30.878857 -26.784363 -7.385839 5.252508 10.421278 -15.398830
2.653490 -17.035015 0.764703 -10.280558 -7.851360 -26.606632 -22.004105 0.303764 11.072788 1.166684 -7.015296 8.221765 3.537755 6.339187 16.146404 -8.337586 11.888936 13.048009 0.122481 -18.900415 -10.484039 2.521327 -1.590352 -8.936901 -30.798859 -26.720484 -7.362503 5.403248 10.422693 -15.424403
2.512284 -16.977856 0.780035 -10.177136 -7.950925 -26.489260 -22.135252 0.162569 10.991400 1.223691 -7.109743 8.198065 3.499255 6.327973 16.140200 -8.390383 11.875134 13.068757 0.135905 -18.910837 -10.549829 2.396140 -1.669429 -8.859026 -30.776058 -26.692913 -7.313167 5.439828 10.418435 -15.372862
2.207145 -17.232771 1.056619 -10.437450 -7.700845 -26.361773 -21.829784 0.141592 11.233207 1.099745 -6.821274 8.379345 3.596860 6.454959 16.233042 -8.072092 11.887336 12.930085 0.101010 -18.886591 -10.589158 2.694998 -1.171622 -8.952644 -30.871738 -26.635460 -7.336869 5.090632 10.648804 -15.366796
1.755717 -17.982718 1.777855 -10.969915 -7.029943 -26.021622 -21.046080 0.018099 11.908209 0.921559 -6.437407 8.810916 3.820150 6.669334 16.373323 -7.175372 11.934753 12.515857 0.112032 -18.847040 -10.428785 3.431991 0.051364 -9.362360 -31.013224 -26.407740 -7.359211 4.343954 11.046837 -15.474234
0.396044 -18.829428 3.367641 -11.523512 -6.243036 -25.076944 -19.697227 -0.323514 12.752926 0.575189 -5.493186 9.570602 4.658106 6.626477 16.426268 -5.251497 12.064925 12.215421 0.132573 -18.618216 -9.701016 4.293787 2.392420 -9.637723 -30.999754 -25.495663 -6.660423 2.804100 11.139689 -15.160278
-1.272424 -19.791731 5.540050 -12.174120 -5.222554 -23.734236 -17.878384 -0.735043 13.944941 0.149821 -4.117533 10.524147 5.701609 6.695306 16.770882 -2.261712 12.258823 11.418335 0.384271 -18.112959 -7.341104 4.960106 5.092524 -10.363035 -30.678951 -22.314795 -3.564243 0.868878 12.265402 -14.042818
-2.741213 -20.381180 8.689019 -12.261919 -4.405090 -22.055025 -15.363029 -1.063691 15.189338 -0.133504 -1.968375 10.666744 7.652275 6.067955 17.070583 0.278304 12.424863 10.600856 0.742157 -17.023474 -3.633366 5.226089 8.790071 -11.680040 -29.828878 -18.593922 -0.094048 -1.497301 10.421079 -13.469305
-4.687659 -20.617121 12.426801 -11.534733 -4.184708 -19.800474 -13.320243 -2.059018 15.990726 -0.133096 1.159039 10.350286 9.182870 5.852151 16.971012 2.479928 13.614930 8.906691 0.837270 -15.832936 -1.410002 6.125998 12.502596 -11.208618 -29.544357 -17.181103 2.317971 -4.336310 6.500850 -11.881621
-6.285023 -20.235737 15.309156 -10.254388 -4.342908 -17.149649 -11.852654 -3.421907 16.485395 0.631366 4.022016 9.986362 10.232379 5.590140 15.922318 4.829934 15.551412 7.218846 0.086766 -14.892136 0.583450 8.004437 16.243408 -9.070537 -29.596840 -18.444275 3.375007 -7.594189 2.063823 -9.215619
-7.539987 -19.929926 17.556339 -9.477792 -3.560465 -13.714831 -9.947336 -5.302664 17.552042 2.221312 6.572506 8.698550 11.749504 5.027228 14.536069 7.834184 16.467945 6.753753 -0.913908 -13.513429 3.461992 7.565946 16.606314 -9.130514 -29.333561 -17.352530 5.806783 -8.607801 -0.907876 -7.990754
-10.230516 -19.114786 19.470608 -8.951609 -3.394716 -11.141195 -8.228894 -6.177443 18.596041 2.141802 8.190958 7.240664 13.175437 4.482220 12.721039 11.261937 16.548033 7.324583 -2.064560 -12.387882 7.194870 4.401140 17.133154 -9.989626 -28.495811 -17.229383 7.039299 -10.317030 -5.000744 -7.097317
-11.510023 -18.405676 19.254827 -8.086351 -2.542806 -8.525509 -6.942249 -7.322761 19.978741 3.231010 9.229095 5.941036 14.077331 3.892005 10.699536 13.381811 17.389032 6.988295 -3.943883 -10.806090 9.785411 1.396372 17.680960 -10.069338 -27.012650 -16.460114 8.182120 -10.556444 -6.573915 -6.648650
-12.577436 -17.188574 18.788486 -7.351880 -2.768665 -7.365496 -6.833773 -7.738388 20.317366 3.551745 9.582304 5.176997 13.808274 4.115785 9.526347 13.409747 19.175348 5.652852 -5.540793 -9.552669 11.756849 -1.781630 17.167109 -10.117555 -25.529303 -15.848091 9.086999 -9.432014 -6.651277 -6.591901
-13.023253 -15.534487 17.557680 -6.432089 -2.863970 -5.707016 -6.775827 -8.589721 20.507719 4.800982 9.910810 4.319970 13.695146 3.863241 8.413461 13.085331 20.392466 4.790032 -7.474490 -7.946057 13.551551 -4.538412 16.861576 -9.959297 -24.912052 -16.106855 9.599666 -9.576874 -5.284824 -5.590052
-13.527012 -13.839026 16.781372 -5.125510 -3.848585 -4.747307 -7.641913 -9.402422 19.825016 5.784659 9.791773 3.686610 12.877918 4.371334 7.893749 12.055202 21.797421 3.559467 -9.107529 -6.406868 12.998235 -7.623106 16.510782 -9.249125 -24.627899 -15.620494 10.468371 -10.251393 -4.587871 -4.192415
-14.015327 -12.702959 16.288374 -3.837310 -4.275682 -3.458534 -8.250723 -10.689391 19.453102 7.063368 9.879520 3.194041 12.330783 4.560113 7.173246 11.194725 22.885824 2.591735 -10.890747 -5.017229 10.991464 -10.668946 16.274008 -8.587177 -24.583231 -15.314027 10.799643 -10.639050 -3.902550 -3.072334
-13.873723 -12.044931 15.189323 -3.113979 -4.951335 -3.122007 -9.647614 -11.490378 18.732227 7.999275 9.244520 2.944739 11.564296 4.904615 6.722350 10.031617 24.031767 1.349253 -12.098456 -4.099917 9.730315 -12.731263 16.293861 -7.570049 -24.482565 -15.138675 11.166154 -11.103663 -3.045122 -1.777611
-12.850716 -11.483625 14.171646 -2.213808 -6.109097 -3.724205 -11.507220 -11.820476 17.631529 8.549435 8.940940 3.147369 10.610583 5.321725 6.392236 9.492042 24.712187 1.088047 -12.232296 -4.906182 8.831558 -14.491415 16.433348 -7.145361 -24.352388 -14.466551 11.551750 -11.500917 -1.583735 -1.164637
-11.812346 -11.073551 13.260715 -1.081738 -7.086627 -3.635198 -13.249707 -12.732872 16.703325 9.370750 8.516329 3.382487 9.401663 5.948422 5.978720 9.456761 25.185778 1.027810 -11.977161 -6.387874 8.344119 -16.375866 16.487661 -6.644007 -23.930256 -13.684376 12.114491 -11.450230 -0.455058 -0.769833
-11.112218 -10.944168 12.854965 -0.495175 -7.615486 -3.733566 -14.271679 -13.226355 16.194887 9.799887 8.316353 3.473151 8.717345 6.209352 5.735951 9.219504 25.624006 0.855455 -11.959370 -7.077839 8.147788 -17.104694 16.374470 -6.390749 -23.679764 -13.222544 12.385462 -11.240398 -0.012047 -0.712898
-10.703296 -10.852346 12.647470 -0.157382 -7.975824 -3.755054 -14.973189 -13.597235 15.821116 10.128338 7.930667 3.516724 7.897196 6.450969 5.500083 9.067898 25.904755 0.800363 -11.614076 -8.044520 7.812620 -17.730070 16.454123 -6.337388 -23.674454 -12.776966 12.757579 -11.416057 0.384903 -0.492852
-10.552256 -10.852504 12.521936 -0.059442 -8.063034 -3.727677 -15.182254 -13.729280 15.763120 10.218549 7.865468 3.568366 7.687904 6.501089 5.468673 8.960415 25.964132 0.821934 -11.644863 -8.219316 7.662293 -17.856089 16.493959 -6.237236 -23.679134 -12.686174 12.840335 -11.457555 0.360607 -0.421659
-10.486661 -10.849109 12.458435 -0.031019 -8.051576 -3.710315 -15.187211 -13.740170 15.772086 10.266794 7.797622 3.590788 7.591496 6.557911 5.467042 8.948116 25.939165 0.854578 -11.599689 -8.346330 7.634772 -17.868900 16.514481 -6.253052 -23.668993 -12.649941 12.859906 -11.422188 0.479062 -0.448255
-10.349975 -10.884712 12.336319 0.110617 -8.148092 -3.714177 -15.413227 -13.856600 15.637373 10.354913 7.791387 3.738610 7.490955 6.656575 5.481325 8.942499 26.074789 0.714375 -11.659670 -8.406191 7.483557 -17.818769 16.518064 -6.254641 -23.717640 -12.626898 12.875561 -11.411583 0.622103 -0.453442
-10.126596 -10.988390 12.343760 0.120487 -8.033276 -3.762636 -15.373457 -13.880726 15.719473 10.467514 7.752404 3.963569 7.282743 6.814449 5.507771 8.903058 26.186411 0.594264 -11.706727 -8.591298 7.305597 -17.979967 16.553173 -6.185194 -23.665861 -12.555128 12.873503 -11.297373 0.790984 -0.523863
-9.814174 -11.257778 12.298582 0.246853 -8.012308 -3.845833 -15.628486 -14.074389 15.670684 10.618428 7.664321 4.077837 7.031074 6.987913 5.456552 8.881074 26.245478 0.611492 -11.677548 -8.942335 7.086273 -17.933813 16.550200 -6.179650 -23.686304 -12.453709 12.875010 -11.164163 1.062690 -0.639032
-9.487510 -11.498440 12.170563 0.535660 -8.301935 -4.097899 -16.227957 -14.244578 15.374390 10.542395 7.471519 4.315522 6.615046 7.160455 5.415532 8.806092 26.387163 0.693066 -11.559122 -9.512103 6.724644 -18.036530 16.734774 -6.204297 -23.728136 -12.234906 12.970307 -11.171650 1.351207 -0.728255
-9.277000 -11.549313 12.196022 0.682700 -8.409815 -4.103878 -16.505199 -14.469191 15.295687 10.626183 7.330768 4.539513 6.358617 7.351917 5.486265 8.827430 26.278265 1.061895 -11.404819 -9.940396 6.377698 -18.034306 16.956579 -6.058640 -23.757044 -12.136017 12.976786 -11.216824 1.750182 -0.714903
-8.796694 -11.652424 12.011751 0.984020 -8.605561 -4.112569 -17.076515 -14.847590 15.068213 10.885983 6.840621 4.904809 5.673660 7.741968 5.629613 8.791093 25.914724 1.604429 -11.060003 -10.905143 5.918590 -18.176138 17.569769 -5.953642 -23.705660 -11.885195 12.994265 -11.454188 2.453202 -0.673780
-8.145752 -11.965705 11.552252 1.375875 -8.737208 -4.252772 -17.669138 -15.116504 14.886726 10.997860 6.736531 5.132730 5.374179 7.942705 5.665735 8.912018 25.753542 1.850158 -10.916739 -11.436017 5.248957 -17.810652 18.267063 -5.920775 -23.841198 -11.530544 13.018235 -11.854328 3.023619 -0.712259
-7.767444 -12.000484 11.377650 1.569277 -8.845962 -4.245285 -18.023962 -15.352732 14.733204 11.244194 6.344695 5.328667 4.900882 8.181162 5.720259 8.770757 25.624453 2.019437 -10.802780 -11.926899 4.673037 -17.645554 19.046064 -5.869163 -23.855225 -11.102937 13.103808 -12.172686 3.607876 -0.761186
-7.305528 -12.464872 11.097654 1.810542 -9.028680 -4.426029 -18.764145 -15.734438 14.563154 11.195768 6.096941 5.703413 4.513694 8.470001 5.974026 8.532735 25.458704 2.175039 -10.781542 -12.329034 4.379660 -17.004107 19.882593 -5.857260 -23.921902 -10.730940 13.218883 -12.616795 3.521537 -0.787618
-6.724677 -12.659475 10.829738 1.949471 -8.953084 -4.616621 -18.842144 -15.706959 14.744539 11.172190 5.841350 6.025394 4.160588 8.684269 6.202036 8.428691 25.244333 2.391359 -10.547699 -12.838982 4.386992 -16.647348 20.509285 -5.918463 -23.862505 -10.324397 13.410819 -12.898191 3.596562 -0.814509
-6.170649 -12.973055 10.630687 2.143797 -8.974764 -4.805889 -19.174931 -15.850355 14.714296 11.212074 5.579203 6.226799 3.674269 8.956268 6.284733 8.256936 25.252581 2.303243 -10.539213 -13.222926 4.300965 -16.072323 21.204641 -5.926304 -23.924360 -10.010505 13.580867 -13.360353 3.386272 -0.797637
-5.771447 -13.134863 10.376698 2.223424 -8.920233 -4.957603 -19.249683 -15.806355 14.832081 11.243144 5.224288 6.247991 3.314381 9.122359 6.411037 8.200579 24.919401 2.670029 -10.310707 -13.690588 4.226680 -15.357551 21.553200 -6.026283 -24.050859 -9.863073 13.584033 -13.532037 3.641376 -0.884048
-5.333833 -13.358864 10.166737 2.276313 -8.747995 -5.068052 -19.200483 -15.777372 15.049744 11.190294 4.983308 6.283673 3.121327 9.150800 6.593082 8.081758 24.579809 2.983125 -10.216525 -13.939136 4.247194 -14.508046 21.923441 -6.105631 -24.140297 -9.534997 13.768111 -13.578613 3.824701 -1.013581
-5.040353 -13.480515 9.902529 2.186945 -8.459375 -5.100006 -18.915081 -15.611300 15.330447 11.185307 4.947143 6.346889 3.071291 9.260468 6.734005 8.031381 24.453642 3.122800 -10.319777 -13.902792 4.228426 -14.154107 21.834246 -6.202333 -24.217039 -9.402136 13.804168 -13.410307 4.116801 -1.152706
-4.821487 -13.570739 9.691860 2.171488 -8.423075 -5.315225 -18.907238 -15.419317 15.379679 11.150761 4.808361 6.409575 2.905670 9.475922 6.763649 8.016496 24.366419 3.241952 -10.248858 -14.140966 4.141891 -13.717394 21.741858 -6.336954 -24.379333 -9.390169 13.719441 -13.359299 4.361823 -1.303725
-4.758373 -13.657553 9.632743 2.068105 -8.243828 -5.369577 -18.682766 -15.260015 15.505465 11.100811 4.626538 6.508716 2.706287 9.613102 6.811735 7.923681 24.264938 3.332049 -10.225832 -14.338951 4.249447 -13.403432 21.480589 -6.488971 -24.485392 -9.569536 13.545590 -13.219943 4.453243 -1.436978
-4.787721 -13.652920 9.744801 2.101852 -8.325002 -5.407471 -18.785805 -15.304033 15.374378 11.096748 4.524796 6.596858 2.566260 9.705124 6.861215 7.817964 24.207848 3.323623 -10.230455 -14.418738 4.266425 -13.356290 21.432508 -6.519520 -24.465019 -9.602302 13.484035 -13.151930 4.609530 -1.489226
-4.737595 -13.627044 9.720622 2.166917 -8.377913 -5.437401 -18.839989 -15.293737 15.289748 11.090070 4.445915 6.619103 2.444315 9.741529 6.892292 7.754582 24.151808 3.361025 -10.194708 -14.516504 4.241556 -13.269091 21.210602 -6.536379 -24.525894 -9.724095 13.372022 -13.102486 4.682927 -1.496713
-4.786106 -13.620994 9.773929 2.124665 -8.357118 -5.453545 -18.782688 -15.250318 15.289403 11.074648 4.484099 6.614093 2.489545 9.726040 6.914916 7.762057 24.137213 3.353359 -10.221263 -14.452227 4.217224 -13.276784 21.242064 -6.543600 -24.507301 -9.693989 13.377740 -13.098972 4.778471 -1.500675
-4.786106 -13.620994 9.773929 2.124665 -8.357118 -5.453545 -18.782688 -15.250318 15.289403 11.074648 4.484099 6.614093 2.489545 9.726040 6.914916 7.762057 24.137213 3.353359 -10.221263 -14.452227 4.217224 -13.276784 21.242064 -6.543600 -24.507301 -9.693989 13.377740 -13.098972 4.778471 -1.500675
-4.787073 -13.621298 9.773686 2.126131 -8.357262 -5.453922 -18.782322 -15.249828 15.289774 11.074472 4.484247 6.613706 2.491330 9.726964 6.913508 7.761510 24.138288 3.353405 -10.221027 -14.451882 4.217698 -13.275912 21.240194 -6.538524 -24.510578 -9.693439 13.376740 -13.100700 4.776338 -1.505053
-4.787073 -13.621298 9.773686 2.126131 -8.357262 -5.453922 -18.782322 -15.249828 15.289774 11.074472 4.484247 6.613706 2.491330 9.726964 6.913508 7.761510 24.138288 3.353405 -10.221027 -14.451882 4.217699 -13.275796 21.240175 -6.538404 -24.510571 -9.693405 13.376714 -13.100709 4.776175 -1.505041
-4.784939 -13.620131 9.774307 2.124237 -8.357057 -5.453409 -18.783165 -15.251429 15.290044 11.072024 4.485976 6.614882 2.487852 9.723736 6.915180 7.761937 24.136419 3.353419 -10.222982 -14.452080 4.217661 -13.276024 21.240067 -6.537760 -24.510866 -9.693216 13.376744 -13.101058 4.776453 -1.505224
-4.784939 -13.620131 9.774307 2.124237 -8.357057 -5.453409 -18.783165 -15.251429 15.290044 11.072024 4.486098 6.615134 2.487835 9.723537 6.915135 7.761971 24.136358 3.353338 -10.223081 -14.452084 4.217661 -13.276024 21.240067 -6.537760 -24.510866 -9.693216 13.376744 -13.101058 4.776453 -1.505224
-4.784939 -13.620131 9.774307 2.124237 -8.357057 -5.453409 -18.783165 -15.251429 15.290044 11.072024 4.486098 6.615134 2.487835 9.723537 6.915135 7.761971 24.136358 3.353338 -10.223081 -14.452084 4.217661 -13.276024 21.240067 -6.537760 -24.510866 -9.693216 13.376744 -13.101058 4.776453 -1.505224
-4.784939 -13.620131 9.774307 2.124237 -8.357057 -5.453409 -18.783165 -15.251429 15.290044 11.072024 4.486098 6.615134 2.487835 9.723537 6.915135 7.761971 24.136358 3.353338 -10.223081 -14.452084 4.217658 -13.276139 21.240086 -6.537881 -24.510872 -9.693249 13.376769 -13.101051 4.776615 -1.505237
-4.784057 -13.619857 9.774235 2.123142 -8.356932 -5.453771 -18.783566 -15.251619 15.290597 11.070385 4.484719 6.614680 2.490088 9.725836 6.913868 7.761741 24.137550 3.353548 -10.221939 -14.451659 4.217623 -13.275750 21.240103 -6.537943 -24.510641 -9.693303 13.376756 -13.100826 4.776415 -1.504866
-4.784057 -13.619857 9.774235 2.123142 -8.356932 -5.453771 -18.783566 -15.251619 15.290597 11.070385 4.484719 6.614680 2.490088 9.725836 6.913868 7.761741 24.137550 3.353548 -10.221939 -14.451659 4.217623 -13.275750 21.240103 -6.537943 -24.510641 -9.693303 13.376756 -13.100826 4.776415 -1.504866
-4.784057 -13.619857 9.774235 2.123142 -8.356932 -5.453771 -18.783566 -15.251619 15.290597 11.070385 4.484719 6.614680 2.490088 9.725836 6.913868 7.761741 24.137550 3.353548 -10.221939 -14.451659 4.217623 -13.275750 21.240103 -6.537943 -24.510641 -9.693303 13.376756 -13.100826 4.776415 -1.504866
-4.784057 -13.619857 9.774235 2.123142 -8.356932 -5.453771 -18.783566 -15.251619 15.290597 11.070385 4.485157 6.614608 2.490127 9.725646 6.913590 7.761553 24.137800 3.353722 -10.222200 -14.451681 4.217623 -13.275750 21.240103 -6.537943 -24.510641 -9.693303 13.376756 -13.100826 4.776415 -1.504866
-4.784057 -13.619857 9.774235 2.123142 -8.356932 -5.453771 -18.783566 -15.251619 15.290597 11.070385 4.485157 6.614608 2.490127 9.725646 6.913590 7.761553 24.137800 3.353722 -10.222200 -14.451681 4.217623 -13.275750 21.240103 -6.537943 -24.510641 -9.693303 13.376756 -13.100826 4.776415 -1.504866
-4.783933 -13.619908 9.774193 2.122693 -8.356896 -5.453722 -18.783661 -15.251593 15.290434 11.070684 4.484931 6.614608 2.489593 9.725607 6.914189 7.761724 24.137415 3.353657 -10.222038 -14.451835 4.217842 -13.275783 21.239782 -6.537252 -24.511568 -9.693375 13.376203 -13.101501 4.775383 -1.506544
-4.783933 -13.619908 9.774193 2.122693 -8.356896 -5.453722 -18.783661 -15.251593 15.290434 11.070684 4.484931 6.614608 2.489593 9.725607 6.914189 7.761724 24.137415 3.353657 -10.222038 -14.451835 4.217842 -13.275783 21.239782 -6.537252 -24.511568 -9.693375 13.376203 -13.101501 4.775383 -1.506544
-8.154934 -12.141914 13.590086 0.299250 -13.341767 -10.809516 -22.300499 -12.200897 11.067707 5.123995 2.914089 7.138811 1.269503 5.965286 8.768756 5.040079 26.957546 -1.262028 -4.855824 -17.544085 -3.087919 -4.819206 19.656780 -0.240571 -26.850811 -14.857875 10.692857 -10.441014 0.741377 -2.280602
-8.154934 -12.141914 13.590086 0.299250 -13.341767 -10.809516 -22.300499 -12.200897 11.067707 5.123995 2.914089 7.138811 1.269503 5.965286 8.768756 5.040079 26.957546 -1.262028 -4.855824 -17.544085 -3.087919 -4.819206 19.656780 -0.240571 -26.850811 -14.857875 10.692857 -10.441014 0.741377 -2.280602
-8.154934 -12.141914 13.590086 0.299250 -13.341767 -10.809516 -22.300499 -12.200897 11.067707 5.123995 2.914089 7.138811 1.269503 5.965286 8.768756 5.040079 26.957546 -1.262028 -4.855824 -17.544085 -3.087919 -4.819206 19.656780 -0.240571 -26.850811 -14.857875 10.692857 -10.441014 0.741377 -2.280602
-8.154934 -12.141914 13.590086 0.299250 -13.341767 -10.809516 -22.300499 -12.200897 11.067707 5.123995 2.914089 7.138811 1.269503 5.965286 8.768756 5.040079 26.957546 -1.262028 -4.855824 -17.544085 -3.087919 -4.819206 19.656780 -0.240571 -26.850811 -14.857875 10.692857 -10.441014 0.741377 -2.280602
-8.154934 -12.141914 13.590086 0.299250 -13.341767 -10.809516 -22.300499 -12.200897 11.067707 5.123995 2.914089 7.138811 1.269503 5.965286 8.768756 5.040079 26.957546 -1.262028 -4.855824 -17.544085 -3.087919 -4.819206 19.656780 -0.240571 -26.850811 -14.857875 10.692857 -10.441014 0.741377 -2.280602
-9.250043 -12.396641 14.294994 -1.521768 -13.538702 -11.754196 -22.364717 -10.923833 10.119089 5.771613 2.843135 7.547534 2.380524 5.772076 8.173033 3.752770 28.138447 -1.687875 -5.626064 -16.237469 -5.573112 -4.196609 19.256163 0.255869 -27.647686 -14.911311 10.559625 -10.415170 -1.057137 -2.680590
-9.097466 -12.486612 14.053030 -1.875617 -13.267794 -11.562935 -22.292864 -10.992895 10.192201 6.145667 2.756076 7.585810 2.497567 5.924448 8.130179 3.530108 28.255085 -1.667649 -5.723726 -16.128714 -4.890257 -3.668140 19.018791 0.272659 -27.602196 -14.421003 11.103787 -10.221036 -0.679698 -2.290697
-9.256697 -12.546750 14.140249 -1.716998 -13.342628 -11.645153 -22.260094 -10.865801 10.067097 6.447714 2.653071 7.655595 2.628882 6.077195 8.050062 3.470815 28.336252 -1.646560 -5.770828 -16.064533 -4.850042 -3.595966 19.116070 -0.011390 -27.473948 -14.431604 11.097131 -10.147085 -0.723379 -2.321565
-9.227714 -12.555786 14.123615 -1.650568 -13.340506 -11.633186 -22.262112 -10.890174 10.077950 6.476815 2.632827 7.648338 2.631016 6.093792 8.081338 3.451839 28.317060 -1.669362 -5.770486 -16.054497 -4.801639 -3.722953 19.112782 0.068713 -27.559284 -14.399955 11.080935 -10.277579 -0.787400 -2.460947
-9.263545 -12.577968 14.110376 -1.630819 -13.345052 -11.643456 -22.254942 -10.864336 10.075787 6.507422 2.625344 7.634913 2.642751 6.110292 8.079515 3.453483 28.321278 -1.665203 -5.755186 -16.056610 -4.817731 -3.713842 19.097300 0.059404 -27.547405 -14.411096 11.084251 -10.251087 -0.776812 -2.437773
-9.258850 -12.575733 14.113506 -1.630878 -13.345743 -11.642207 -22.256668 -10.868539 10.076000 6.502549 2.629951 7.631622 2.645066 6.110942 8.078049 3.453046 28.322458 -1.665282 -5.753143 -16.059259 -4.855970 -3.732672 19.087353 0.063705 -27.561440 -14.433792 11.066551 -10.263140 -0.796957 -2.432620
-9.211162 -12.554294 14.119749 -1.666364 -13.334187 -11.621773 -22.266842 -10.902721 10.079416 6.486021 2.642413 7.633479 2.642856 6.096220 8.076856 3.453904 28.320032 -1.663788 -5.760125 -16.056484 -4.824594 -3.680610 19.077372 0.046674 -27.557606 -14.398495 11.102881 -10.239336 -0.787691 -2.430721
-9.242468 -12.574278 14.108978 -1.630335 -13.338212 -11.633583 -22.254402 -10.876788 10.077459 6.517347 2.631104 7.631348 2.650084 6.107496 8.079276 3.452334 28.322754 -1.667355 -5.751357 -16.055826 -4.826490 -3.678633 19.078732 0.044870 -27.556992 -14.400800 11.099936 -10.238804 -0.789675 -2.431072
-9.241459 -12.573784 14.109297 -1.631668 -13.338036 -11.633234 -22.254711 -10.877408 10.077360 6.516851 2.631015 7.631685 2.649548 6.107106 8.079491 3.452365 28.322638 -1.667221 -5.751643 -16.055851 -4.825574 -3.679225 19.076172 0.047335 -27.559441 -14.401057 11.099079 -10.239729 -0.791060 -2.434569
-9.233548 -12.570550 14.113387 -1.650115 -13.334870 -11.626657 -22.258030 -10.882240 10.070163 6.527411 2.620885 7.620665 2.665209 6.131336 8.071099 3.448512 28.336172 -1.659465 -5.739498 -16.052662 -4.817685 -3.670040 19.075624 0.072010 -27.565577 -14.395869 11.102931 -10.241774 -0.775116 -2.426558
-9.219151 -12.559373 14.113644 -1.653668 -13.330890 -11.620645 -22.259859 -10.896969 10.079605 6.501253 2.635984 7.639945 2.620940 6.090828 8.084742 3.465235 28.309801 -1.653065 -5.763444 -16.060551 -4.820388 -3.654549 19.098068 0.059691 -27.550804 -14.398993 11.101314 -10.239835 -0.793474 -2.400285
-9.218363 -12.558895 14.114397 -1.652667 -13.330637 -11.620649 -22.259142 -10.896805 10.079258 6.503463 2.634869 7.639493 2.622791 6.093015 8.083502 3.464610 28.311239 -1.652925 -5.762646 -16.060038 -4.819098 -3.657861 19.094196 0.068692 -27.558603 -14.397742 11.101916 -10.245111 -0.792920 -2.405531
-9.220400 -12.559772 14.113019 -1.648952 -13.330878 -11.621673 -22.258295 -10.895209 10.080168 6.503456 2.632720 7.639823 2.624420 6.095901 8.081819 3.464298 28.313353 -1.651107 -5.761834 -16.060045 -4.817782 -3.659911 19.090307 0.068969 -27.561008 -14.399025 11.101491 -10.245581 -0.791636 -2.409628
-9.221210 -12.560193 14.112501 -1.648841 -13.330927 -11.622082 -22.258268 -10.894580 10.080266 6.503689 2.633928 7.639537 2.624442 6.095079 8.081502 3.464096 28.313524 -1.651044 -5.762349 -16.059893 -4.817866 -3.660877 19.090155 0.062258 -27.559748 -14.398206 11.101628 -10.245693 -0.793955 -2.412162
-9.220536 -12.559857 14.112947 -1.648837 -13.330894 -11.621737 -22.258255 -10.895082 10.080170 6.503609 2.632746 7.639915 2.624103 6.095731 8.082015 3.464352 28.313148 -1.651160 -5.761887 -16.060053 -4.816974 -3.661116 19.089516 0.070447 -27.562841 -14.398375 11.101356 -10.247483 -0.792862 -2.412454
-9.179948 -12.537020 14.127792 -1.699938 -13.325835 -11.608253 -22.275066 -10.926722 10.081161 6.464235 2.626275 7.628187 2.643558 6.112956 8.076183 3.461274 28.322821 -1.654413 -5.748058 -16.058485 -4.819958 -3.646286 19.081940 0.067049 -27.556860 -14.403999 11.102857 -10.229828 -0.785362 -2.398586
-9.195841 -12.546790 14.119315 -1.687376 -13.327474 -11.613844 -22.272381 -10.915063 10.081071 6.475179 2.630816 7.630344 2.640577 6.108890 8.076831 3.463667 28.320784 -1.653807 -5.750926 -16.060698 -4.820360 -3.645297 19.082140 0.071782 -27.559774 -14.402342 11.103133 -10.233423 -0.785227 -2.401748
-9.195732 -12.546648 14.120867 -1.689545 -13.327152 -11.613691 -22.272017 -10.915203 10.080716 6.475942 2.631702 7.630152 2.640731 6.108624 8.076115 3.463248 28.321447 -1.653282 -5.751517 -16.060579 -4.820612 -3.644965 19.082537 0.070015 -27.558615 -14.402584 11.103147 -10.232533 -0.785284 -2.400814
-9.152273 -12.520293 14.135803 -1.725278 -13.323156 -11.599229 -22.285534 -10.948574 10.084175 6.435849 2.648333 7.631718 2.619284 6.084594 8.090000 3.466039 28.308203 -1.657639 -5.762191 -16.062277 -4.811309 -3.665475 19.075472 0.083125 -27.572891 -14.395841 11.102233 -10.247688 -0.787564 -2.428372
-9.153447 -12.520611 14.136248 -1.712455 -13.323859 -11.600155 -22.282797 -10.948526 10.086035 6.434744 2.650931 7.635119 2.611682 6.081091 8.097945 3.467774 28.300526 -1.661907 -5.762779 -16.064680 -4.809649 -3.666630 19.073847 0.090709 -27.578754 -14.394129 11.101701 -10.253272 -0.788270 -2.433977
-9.153447 -12.520611 14.136248 -1.712455 -13.323859 -11.600155 -22.282797 -10.948526 10.086035 6.434744 2.651920 7.635348 2.610546 6.079625 8.099220 3.468088 28.299349 -1.662912 -5.763118 -16.064917 -4.809605 -3.667088 19.074085 0.090527 -27.578894 -14.394142 11.101666 -10.253717 -0.788179 -2.433980
