-14.680373 -27.191050 6.608381 -3.275998 -5.493675 -20.778704 -14.910340 0.398235 15.399571 8.362709 0.169548 6.784006 11.327163 16.127232 10.968692 3.617732 20.364025 11.171638 5.981903 -19.985121 8.767486 2.167377 13.539491 -0.710606 -35.657814 -19.877234 -4.891864 -13.411063 1.159831 -22.131334
-13.884005 -27.264338 6.051937 -3.148010 -5.427522 -21.087023 -15.203046 0.396664 15.313956 8.652773 -0.520301 6.706321 11.382143 16.036922 11.098033 3.032893 19.640623 11.941381 5.988931 -20.028734 8.405249 2.031758 12.591328 -0.935414 -35.696815 -20.024113 -5.313953 -12.581005 2.123604 -22.627008
-12.274044 -27.077372 4.792812 -2.988395 -5.409430 -21.885244 -15.642386 0.798515 15.115295 8.998697 -1.743203 6.722623 10.998418 16.171379 11.392421 1.859407 18.709002 12.751802 6.049970 -20.412674 8.013620 1.294327 11.190928 -1.344150 -35.742817 -20.133976 -5.728431 -11.718538 3.762498 -23.019587
-10.352570 -27.252783 2.997141 -3.087442 -5.008137 -22.932428 -16.164139 1.266655 15.126314 9.268797 -3.434656 6.266047 10.527611 16.053543 11.517312 0.336872 17.419266 14.180728 6.201012 -20.972647 7.492031 0.695027 9.319487 -1.529847 -35.825386 -21.426739 -7.073383 -10.458256 5.705750 -23.435011
-9.100273 -26.959282 0.912083 -2.789675 -5.285971 -23.808987 -17.254074 1.554869 14.735244 9.384186 -4.929658 6.234964 9.479682 16.473457 11.384135 -1.191022 17.091570 14.711201 5.929987 -21.626825 5.921143 -0.249087 6.944633 -0.747349 -35.898750 -23.137318 -8.787669 -8.656513 7.857356 -23.885618
-7.279826 -26.410318 -1.263120 -2.897737 -5.208167 -25.280807 -17.410854 2.933204 14.626193 9.163195 -6.527182 5.979831 8.842803 16.493013 11.269584 -2.437563 16.268759 15.656316 5.774333 -22.060373 3.038236 -0.990976 5.107346 0.131096 -36.321033 -25.211121 -10.867003 -7.472600 8.231237 -24.320307
-5.964584 -25.505861 -2.889715 -2.543604 -5.559014 -26.079962 -17.807156 3.712385 14.197580 9.356543 -7.603922 5.557900 8.357127 16.431170 11.238458 -3.986849 15.892447 16.211641 5.511447 -22.054628 -0.083100 -2.381160 3.023125 1.201128 -36.862495 -27.677948 -12.952461 -6.413479 8.022717 -24.471148
-4.667521 -24.543972 -4.478296 -2.159443 -6.059597 -26.959063 -18.263487 4.576404 13.735954 9.454499 -8.674774 4.606677 8.373807 15.853994 11.093692 -5.447382 15.241633 16.963926 5.623224 -21.996183 -1.658871 -4.068286 1.129410 2.113601 -36.780659 -28.316767 -13.475368 -5.267308 8.917121 -24.324224
-4.476394 -23.759281 -5.114990 -1.919315 -6.605754 -27.499990 -18.479671 5.237240 13.341663 9.149544 -9.363029 4.214788 8.359445 15.635834 11.099720 -6.032565 14.721396 17.471163 5.694670 -22.028513 -2.766847 -5.215981 0.497197 2.523657 -36.646641 -28.032238 -13.374236 -4.867138 9.377926 -24.274506
-4.316823 -23.261522 -5.456812 -1.528691 -6.953790 -27.528345 -18.675587 5.349584 13.066861 9.198359 -10.077908 3.991859 8.346166 15.464344 11.100110 -6.086032 14.252857 17.895430 5.759940 -21.987398 -3.246950 -5.864437 0.127364 2.752653 -36.478859 -27.817421 -13.259550 -4.549459 9.267425 -24.306671
-4.765959 -23.466677 -5.161179 -1.700897 -6.796040 -27.291651 -18.494890 5.195548 13.232830 9.124077 -9.843760 4.138213 8.440036 15.568126 11.181870 -5.828618 14.251484 17.786278 5.741478 -21.967007 -3.249374 -5.708085 0.464277 2.755137 -36.547512 -27.849396 -13.258372 -4.820237 9.547968 -24.187044
-6.590438 -25.075586 -2.835843 -2.780512 -5.360900 -26.069334 -16.375401 4.772048 14.764124 8.478105 -8.602342 5.381446 9.388157 15.937349 11.408873 -2.903252 14.263083 17.216610 5.758320 -21.827732 -2.344158 -3.939143 4.404966 1.916757 -36.653854 -26.471169 -12.473252 -7.171097 10.181363 -24.084328
-9.658267 -26.580566 2.518002 -3.476541 -3.618725 -23.157904 -12.140855 4.066612 17.120926 7.822173 -5.148938 6.553385 12.415533 15.426945 12.100938 2.399616 14.745229 15.434628 6.203063 -19.997862 3.382026 -3.435133 10.648808 0.172499 -35.706047 -20.646290 -6.398105 -11.956322 8.877846 -21.720020
-13.739709 -26.339174 9.476096 -1.583933 -3.926643 -18.474249 -8.828540 1.887014 18.183531 8.108918 0.928800 5.871988 15.145266 14.577009 10.948172 7.103103 18.087214 11.829041 5.599233 -17.611868 8.195271 -1.110122 18.852606 2.708714 -34.933300 -19.974401 -2.658967 -17.943281 1.279732 -17.603338
-17.745077 -24.810450 14.878603 0.183224 -3.399132 -12.732313 -5.002637 -0.641551 19.838198 9.929123 4.396063 3.761163 18.575155 13.202567 8.489078 13.015935 19.304842 10.863818 2.889958 -13.481419 15.070257 -2.965177 18.663092 0.914403 -34.520103 -16.632431 3.124165 -20.455046 -5.371589 -15.346780
-19.511793 -22.625011 14.970154 2.101600 -2.701041 -8.592671 -3.145896 -2.433518 21.447130 11.996678 5.107398 2.568660 19.468277 12.900066 6.150635 14.712811 21.562281 8.595595 -1.838477 -9.183530 21.052595 -7.663293 18.760380 0.944028 -31.123760 -13.884752 6.674393 -18.755547 -6.747640 -14.894071
-20.265272 -19.068544 13.155493 4.287857 -3.937541 -6.140818 -3.986646 -3.961594 20.640718 14.427528 5.144515 1.324136 18.716835 12.930168 4.517067 12.435014 24.405956 5.948236 -5.513390 -5.816443 20.720135 -13.489205 16.663950 1.128319 -30.890133 -12.819612 8.601359 -19.178837 -5.704287 -12.958143
-20.839838 -17.064974 11.806346 5.805814 -5.102538 -4.552842 -5.917213 -5.890343 19.309299 16.622353 4.618262 0.548297 17.420300 13.246744 3.384546 9.965229 26.938139 3.500730 -8.469548 -3.564228 17.381779 -17.873583 16.431074 2.311968 -30.864347 -10.650805 10.579663 -19.657362 -3.089333 -11.030006
-18.853579 -16.068447 9.855240 7.662192 -7.049617 -4.941132 -9.306882 -7.120550 17.424971 18.094414 4.035650 1.056392 15.488358 14.219821 2.650907 9.451320 28.167669 2.997680 -8.496900 -5.527561 15.421090 -21.812002 16.839596 3.265040 -30.422680 -9.187302 11.394170 -20.438675 -0.958919 -9.971942
-17.755650 -15.837096 9.236372 8.585116 -7.922230 -5.057648 -10.977902 -7.951364 16.591295 18.825844 3.451132 1.206694 13.974708 14.852808 2.182060 9.060232 28.793264 2.838425 -8.204359 -7.151144 14.573756 -23.343508 17.066114 3.567744 -30.192570 -8.283844 11.904584 -20.620649 -0.132991 -9.731992
-17.588694 -15.808087 9.106598 8.695364 -8.030676 -5.055476 -11.179772 -8.043276 16.514296 18.928429 3.319268 1.274457 13.689767 14.928016 2.147055 8.943421 28.854353 2.864112 -8.189116 -7.422025 14.319873 -23.470877 17.161999 3.607440 -30.197758 -8.141502 11.995906 -20.668879 -0.053819 -9.677641
-17.212877 -15.951121 8.995474 8.866936 -8.022925 -5.106468 -11.382833 -8.195900 16.445475 19.136978 3.226727 1.643020 13.321182 15.217556 2.188020 8.905074 29.073381 2.634295 -8.249465 -7.767666 14.096742 -23.485237 17.181578 3.670663 -30.189278 -8.048833 12.034657 -20.526672 0.227168 -9.752522
-16.556360 -16.469952 8.810728 9.280958 -8.252858 -5.410787 -12.209339 -8.580372 16.130392 19.228769 3.035383 1.994981 12.793877 15.497227 2.110128 8.824067 29.289499 2.671716 -8.203148 -8.490298 13.435555 -23.568148 17.252756 3.710990 -30.310074 -7.680048 12.209857 -20.479561 0.818932 -9.846954
-15.913754 -16.595888 8.627779 9.725128 -8.577039 -5.412583 -13.058517 -9.168961 15.815763 19.553907 2.428936 2.582802 11.901244 16.060604 2.307595 8.860206 28.835955 3.580747 -7.734104 -9.837871 12.544199 -23.834066 17.960817 4.086389 -30.281307 -7.352441 12.253447 -20.678623 2.002371 -9.744576
-14.882474 -16.938410 7.952588 10.304937 -8.790716 -5.501123 -13.988050 -9.699913 15.512009 19.913284 1.956491 2.993204 11.100640 16.523880 2.389605 8.859227 28.527605 4.030003 -7.485375 -10.891528 11.223513 -23.516764 19.485386 4.132214 -30.406437 -6.515397 12.372601 -21.448963 3.312699 -9.837091
-13.826916 -17.581711 7.417603 10.716636 -8.941835 -5.899095 -14.844550 -10.051332 15.489524 19.827354 1.414211 3.664945 10.269770 17.017876 2.820016 8.474276 28.185514 4.401684 -7.251182 -11.844836 10.742939 -22.506544 20.881880 4.045010 -30.485113 -5.692166 12.661799 -22.111605 3.417698 -9.997602
-12.879043 -18.044790 6.971400 10.983039 -8.908864 -6.224937 -15.252828 -10.161897 15.564536 19.920208 0.767917 3.869446 9.381257 17.462973 3.015512 8.261754 27.832548 4.729936 -7.008591 -12.745892 10.743065 -21.213018 21.931005 3.922152 -30.656063 -5.218334 12.870635 -22.805334 3.272548 -10.053281
-12.146723 -18.353329 6.490341 10.984568 -8.495434 -6.354940 -14.978864 -10.000369 15.987882 19.891638 0.440758 3.965020 9.108301 17.612614 3.337630 8.064283 27.369627 5.161911 -7.016827 -12.965310 10.801412 -20.013674 22.186571 3.772844 -30.783468 -4.793643 13.065066 -22.654140 3.623435 -10.332162
-11.898581 -18.543091 6.251914 10.847448 -8.256727 -6.615142 -14.716525 -9.650848 16.179657 19.821781 0.030550 4.170726 8.694761 17.957497 3.466308 7.859972 27.150148 5.285339 -6.985925 -13.363095 11.054862 -19.104713 21.846346 3.442394 -31.006561 -5.055202 12.779041 -22.487030 3.774358 -10.587926
-11.893473 -18.516899 6.357245 10.929964 -8.384236 -6.684920 -14.865041 -9.682337 15.967424 19.805027 -0.146029 4.284962 8.455727 18.045437 3.535464 7.655645 27.073534 5.285655 -6.932072 -13.537694 10.956401 -18.973551 21.509480 3.440884 -31.057119 -5.200554 12.616710 -22.309570 4.065651 -10.649594
-11.931131 -18.511755 6.408525 10.888195 -8.360518 -6.700643 -14.809575 -9.644123 15.970950 19.781227 -0.108346 4.279339 8.501478 18.033316 3.556468 7.667614 27.054922 5.290192 -6.952616 -13.486360 10.938442 -18.983730 21.520203 3.443664 -31.035130 -5.187097 12.618987 -22.292723 4.158918 -10.641962
-11.927313 -18.508776 6.409801 10.884264 -8.360005 -6.699266 -14.810391 -9.646314 15.970636 19.779800 -0.107747 4.277305 8.504144 18.034939 3.555302 7.667663 27.056374 5.289796 -6.950581 -13.486358 10.937989 -18.981237 21.520586 3.440950 -31.032070 -5.188406 12.619052 -22.289896 4.159130 -10.638689
-11.927313 -18.508776 6.409801 10.884264 -8.360005 -6.699266 -14.810391 -9.646314 15.970636 19.779800 -0.107719 4.277299 8.504119 18.034891 3.555288 7.667675 27.056343 5.289838 -6.950613 -13.486352 10.937989 -18.981237 21.520586 3.440950 -31.032070 -5.188406 12.619052 -22.289896 4.159130 -10.638689
-11.927313 -18.508776 6.409801 10.884264 -8.360005 -6.699266 -14.810391 -9.646314 15.970636 19.779800 -0.107719 4.277299 8.504119 18.034891 3.555288 7.667675 27.056343 5.289838 -6.950613 -13.486352 10.938163 -18.981016 21.520201 3.441670 -31.032469 -5.188385 12.619102 -22.289991 4.159263 -10.639038
-11.927313 -18.508776 6.409801 10.884264 -8.360005 -6.699266 -14.810391 -9.646314 15.970636 19.779800 -0.107719 4.277299 8.504119 18.034891 3.555288 7.667675 27.056343 5.289838 -6.950613 -13.486352 10.938163 -18.981016 21.520201 3.441670 -31.032469 -5.188385 12.619102 -22.289991 4.159263 -10.639038
-11.927313 -18.508776 6.409801 10.884264 -8.360005 -6.699266 -14.810391 -9.646314 15.970636 19.779800 -0.107719 4.277299 8.504119 18.034891 3.555288 7.667675 27.056343 5.289838 -6.950613 -13.486352 10.938163 -18.981016 21.520201 3.441670 -31.032469 -5.188385 12.619102 -22.289991 4.159263 -10.639038
-11.927313 -18.508776 6.409801 10.884264 -8.360005 -6.699266 -14.810391 -9.646314 15.970636 19.779800 -0.107719 4.277299 8.504119 18.034891 3.555288 7.667675 27.056343 5.289838 -6.950613 -13.486352 10.938163 -18.981016 21.520201 3.441670 -31.032469 -5.188385 12.619102 -22.289991 4.159263 -10.639038
-14.849836 -18.129646 7.482193 8.907114 -12.042488 -11.595360 -18.612194 -7.208678 13.269383 13.314096 0.167820 3.454727 6.639400 14.607126 3.260900 7.245670 29.136011 4.109519 -0.726319 -19.529562 5.198014 -12.824651 21.429066 10.447090 -30.770882 -17.773937 4.731798 -18.862957 -0.770532 -9.045972
-14.849836 -18.129646 7.482193 8.907114 -12.042488 -11.595360 -18.612194 -7.208678 13.269383 13.314096 0.167820 3.454727 6.639400 14.607126 3.260900 7.245670 29.136011 4.109519 -0.726319 -19.529562 5.198014 -12.824651 21.429066 10.447090 -30.770882 -17.773937 4.731798 -18.862957 -0.770532 -9.045972
-14.849836 -18.129646 7.482193 8.907114 -12.042488 -11.595360 -18.612194 -7.208678 13.269383 13.314096 0.167820 3.454727 6.639400 14.607126 3.260900 7.245670 29.136011 4.109519 -0.726319 -19.529562 5.198014 -12.824651 21.429066 10.447090 -30.770882 -17.773937 4.731798 -18.862957 -0.770532 -9.045972
-15.660271 -18.276125 7.764878 6.931641 -12.404173 -12.078079 -19.037994 -6.283005 12.090095 14.708597 -0.521344 3.450283 7.516865 15.198103 2.884998 6.181587 30.440947 3.545844 -0.344105 -19.017046 4.631562 -12.755429 20.746229 11.797641 -32.145016 -17.019375 4.825591 -19.429661 -0.867831 -10.267447
-16.127636 -18.583633 7.587647 7.238486 -12.508952 -12.300474 -19.048346 -6.001697 12.070675 14.701639 -0.511725 3.499178 7.622683 15.190548 2.889426 6.117084 30.563818 3.367772 -0.275552 -18.933046 4.488387 -12.684829 20.771229 11.861752 -32.497601 -16.500767 4.977172 -19.800133 -1.220833 -10.808540
-16.135275 -18.587423 7.586959 7.247639 -12.511429 -12.309784 -19.046501 -5.992375 12.071299 14.699467 -0.494931 3.496720 7.623622 15.174841 2.893488 6.108619 30.568525 3.354325 -0.279233 -18.927366 4.487990 -12.687497 20.763037 11.882867 -32.512569 -16.498028 4.976321 -19.807169 -1.223466 -10.826102
-16.137617 -18.585680 7.590712 7.255036 -12.511746 -12.315487 -19.040932 -5.986207 12.072433 14.692835 -0.484701 3.495661 7.628051 15.164097 2.898908 6.108037 30.569601 3.347810 -0.273971 -18.926403 4.490066 -12.680581 20.763159 11.872648 -32.509518 -16.474773 4.987631 -19.801815 -1.215271 -10.834291
-16.137398 -18.586824 7.600866 7.273990 -12.512015 -12.310921 -19.034359 -5.990383 12.068874 14.705153 -0.528262 3.495649 7.644715 15.208561 2.896906 6.103132 30.582537 3.358442 -0.254191 -18.921322 4.464967 -12.680024 20.779230 11.881437 -32.518265 -16.455322 4.979528 -19.821384 -1.265745 -10.852537
-16.130835 -18.578382 7.601143 7.268030 -12.512041 -12.308513 -19.035711 -5.995064 12.071126 14.697783 -0.505691 3.505016 7.628922 15.181454 2.893398 6.107981 30.575294 3.359518 -0.272912 -18.923342 4.484648 -12.679110 20.774075 11.890015 -32.516266 -16.469328 4.976808 -19.820683 -1.244691 -10.838898
-16.130835 -18.578382 7.601143 7.268030 -12.512041 -12.308513 -19.035711 -5.995064 12.071126 14.697783 -0.504831 3.504852 7.628530 15.180769 2.893950 6.108027 30.574770 3.359013 -0.272980 -18.923338 4.484315 -12.679168 20.775492 11.888130 -32.514908 -16.469448 4.976906 -19.820133 -1.244534 -10.837355
-16.133001 -18.580980 7.602806 7.268477 -12.511185 -12.308868 -19.034649 -5.995064 12.072759 14.692607 -0.511666 3.503518 7.629251 15.189491 2.901934 6.108802 30.572447 3.354767 -0.263288 -18.926771 4.482860 -12.681993 20.781500 11.882902 -32.511467 -16.469549 4.975217 -19.819035 -1.246840 -10.836050
-16.131495 -18.582190 7.601603 7.273262 -12.511463 -12.310358 -19.035645 -5.995224 12.072847 14.693107 -0.525259 3.499513 7.647195 15.208311 2.887596 6.104113 30.586756 3.362277 -0.258003 -18.923119 4.481349 -12.682697 20.782270 11.882624 -32.510857 -16.469454 4.974862 -19.818790 -1.245870 -10.836060
-16.139261 -18.585936 7.597796 7.277029 -12.512299 -12.311986 -19.034554 -5.990795 12.072925 14.697729 -0.500701 3.500112 7.626447 15.178926 2.902015 6.107841 30.570387 3.352590 -0.268252 -18.926443 4.478480 -12.668973 20.781395 11.875891 -32.500038 -16.472393 4.975073 -19.806381 -1.248466 -10.826273
