-23.655663 6.561798 4.993596 -26.978067 50.307537 -10.779433 12.642084 -20.343033 2.626468 -13.966427 -23.583549 8.907789 19.513063 -48.952560 33.999561 -10.329910 -0.269263 -16.642832 1.384185 2.598605 -25.877563 4.796300 16.577660 -26.488684 46.570305 -0.211215 23.143173 -22.943213 7.426223 -5.175223
-23.596161 7.947876 4.283478 -27.028625 49.703762 -11.199742 12.830661 -20.680841 2.341367 -12.853235 -23.832882 9.661199 18.884029 -49.184353 33.537800 -10.860081 0.780985 -16.333456 1.358921 3.616977 -25.792410 5.144392 15.636159 -26.429379 46.032692 -1.118594 23.895897 -23.000628 7.578543 -4.273905
-23.593451 10.653307 2.764609 -26.742331 48.475632 -11.782174 12.989737 -20.895895 1.894920 -10.277308 -24.324383 10.960594 16.944519 -49.296101 32.444706 -11.762178 2.533900 -15.592162 1.408192 5.951184 -25.863316 5.673019 13.509337 -26.135031 45.086945 -2.731486 25.212837 -22.755478 8.151119 -2.438269
-22.775934 13.118383 1.191274 -26.319733 47.271038 -12.733385 13.849926 -20.480864 1.529706 -7.329119 -23.912636 12.413327 14.834405 -49.345612 30.874481 -12.786013 4.240898 -14.983344 1.210304 8.330983 -25.922136 5.966281 10.564922 -25.852224 43.810776 -4.624799 26.780411 -22.265627 8.987455 -0.229399
-21.775953 15.155420 -0.038529 -26.458258 46.363731 -13.586982 15.014990 -19.436296 1.647327 -4.622654 -22.824203 13.418913 12.480895 -49.046185 29.377224 -13.810043 5.897989 -14.328539 0.767376 10.696128 -25.484873 6.457708 7.657515 -25.148451 42.633739 -6.131804 28.146450 -21.051037 9.465106 2.288840
-21.326218 17.111670 -0.950302 -26.078733 45.914871 -14.131123 16.135006 -17.909134 2.084744 -1.995830 -21.926388 14.661002 10.583110 -48.927090 27.869646 -14.545554 7.254781 -13.441863 0.345276 13.050673 -24.713022 7.654228 5.580030 -24.271595 41.930027 -7.024158 29.031376 -19.699539 10.282968 4.341189
-20.197617 18.465891 -3.091875 -25.492670 44.986801 -14.190567 16.936619 -16.315475 2.542143 0.538575 -20.547415 15.588260 8.251902 -48.642117 26.170115 -15.246828 8.510461 -12.588715 0.441078 15.004086 -22.722382 8.628944 3.605006 -23.443365 40.605061 -7.561724 29.584026 -18.636827 10.781129 6.260653
-18.536768 19.706120 -4.830455 -24.837173 43.841377 -14.724280 17.786041 -14.729407 2.832199 3.187146 -19.034168 16.495701 6.507640 -48.456062 24.696424 -15.883659 9.687060 -11.671608 0.538523 16.559244 -20.892017 9.126342 1.323633 -22.579384 39.008286 -8.377431 30.201635 -17.703999 11.458974 8.199929
-17.286060 20.318342 -6.149026 -24.312500 43.002922 -14.994872 18.547297 -13.838319 2.928415 4.626884 -18.076185 16.664085 4.824864 -48.111271 23.824511 -16.512781 10.811648 -10.871835 0.871906 17.768738 -19.829157 8.983946 -0.659035 -22.018471 37.729275 -8.699987 30.472006 -17.348274 11.981342 9.205039
-16.313707 20.520575 -7.017261 -23.883318 42.415131 -15.080482 18.845530 -13.261914 2.991677 5.332291 -17.188950 16.648546 3.314319 -47.807949 23.000780 -16.938253 11.518387 -10.218513 1.133923 18.697294 -19.306013 9.002019 -1.951023 -21.719290 36.901688 -8.953985 30.696127 -17.050358 12.343516 10.105436
-16.151012 20.531723 -7.691112 -23.783360 42.046005 -15.159477 19.029327 -13.159266 3.104417 5.545970 -16.937523 16.514196 2.611363 -47.749462 22.563332 -17.201502 11.945210 -10.312141 1.236776 18.701565 -19.140703 8.853105 -2.510896 -21.850916 36.220028 -8.984368 30.766140 -17.322618 12.378369 10.309569
-16.643749 20.481197 -11.237775 -23.734144 40.289825 -15.537538 19.755960 -13.385235 3.912328 6.222238 -16.865669 16.253969 -0.450518 -47.867401 20.534504 -18.686602 14.013297 -11.331209 1.865105 18.596708 -18.596992 8.268341 -3.984276 -22.737911 33.718262 -9.337502 31.172668 -19.126003 11.904177 11.212729
-18.489985 19.694315 -18.077179 -23.690155 37.198917 -15.724597 20.605415 -14.151782 5.250567 6.670356 -16.860493 15.294260 -6.739603 -47.920429 16.590755 -19.858421 15.699800 -14.211185 3.375283 16.357050 -18.429214 6.729430 -7.987184 -23.772272 29.610909 -9.008394 31.181255 -22.092402 11.755782 12.319627
-20.226927 16.875261 -27.814785 -22.781698 34.188225 -13.275703 19.157557 -14.097369 6.877006 6.126297 -16.696396 14.218795 -15.149501 -47.403046 12.704638 -19.027559 14.134227 -17.752918 5.942123 12.438280 -19.603254 2.991536 -15.256763 -24.808733 23.942705 -5.895312 28.933077 -25.633474 12.639695 12.457914
-18.000870 13.611188 -36.907928 -20.514565 31.079136 -8.207829 12.083623 -14.320534 7.474916 5.374172 -14.224657 10.860778 -23.209431 -44.166561 11.585936 -16.876667 9.629736 -18.832529 9.770351 8.640914 -17.651463 -0.224419 -22.604961 -23.169340 18.892334 0.046787 23.101282 -27.373270 15.100061 10.995839
-14.468333 12.497526 -42.597015 -20.047745 28.289047 -2.884124 3.065197 -14.050425 8.825342 3.385567 -11.149401 7.956974 -31.569157 -37.099190 13.623140 -13.692404 2.186411 -20.156324 12.572678 6.920300 -16.215981 0.442934 -27.403999 -20.840382 17.228922 6.878903 15.074715 -26.754311 20.319054 9.450156
-9.480292 9.216080 -44.876682 -19.405485 25.941343 2.052711 -6.437045 -14.321885 9.347812 0.633170 -6.147710 4.610927 -38.151131 -29.952126 16.297510 -8.787416 -6.871306 -20.331137 13.887662 4.288757 -11.063640 -1.173452 -28.873274 -17.672087 16.159275 12.980188 7.554266 -27.157982 23.544136 5.190095
-3.904612 7.304111 -44.969646 -19.563616 24.161795 6.064381 -12.097997 -15.204464 6.904980 -2.021294 -1.160248 -1.110978 -40.846050 -22.671442 20.959585 -6.692172 -9.390142 -21.394926 12.334014 0.515034 -3.637973 -2.454644 -28.240526 -13.501099 17.155741 15.048718 3.153311 -28.642557 24.791084 0.879814
0.813918 5.101812 -43.777946 -19.383991 23.718292 9.095558 -15.172689 -15.199039 4.787459 -5.095369 2.348749 -4.807762 -41.941345 -18.486629 24.712389 -4.657794 -8.556533 -20.600800 10.499227 -3.537129 2.829921 -4.919945 -27.833574 -9.451256 18.980570 16.000540 2.048742 -29.153881 24.279692 -3.955259
2.988246 3.280259 -43.317017 -19.077003 23.709425 10.637973 -15.847920 -14.405839 3.775997 -6.908756 3.907583 -7.655080 -41.504692 -16.395483 27.086458 -4.042006 -8.114085 -19.421936 9.875943 -5.256485 5.574632 -6.601667 -27.062702 -7.444079 20.660585 16.409811 2.147976 -27.985718 23.864555 -7.167041
3.269226 3.097462 -43.127045 -19.022032 23.866478 11.004559 -15.848779 -14.192611 3.549774 -7.171776 4.113953 -8.151873 -41.310936 -16.130228 27.710970 -3.819829 -7.902458 -19.089073 9.656672 -5.755303 5.791254 -6.783400 -27.006533 -7.208219 20.926126 16.457529 2.273193 -27.847488 23.714756 -7.640399
2.945069 3.435469 -42.561516 -19.042780 24.471210 11.258877 -15.966885 -14.224193 3.450273 -7.022207 3.560205 -8.457379 -40.959278 -16.082949 28.578377 -3.658813 -7.754683 -18.970934 9.473991 -5.888607 5.786959 -6.317138 -26.649820 -6.631708 22.020607 15.930848 2.289060 -27.994183 24.010723 -7.892957
2.173028 3.897489 -41.374611 -19.123335 25.593002 11.739390 -15.976084 -13.924156 3.325241 -6.403161 1.837889 -8.658997 -40.354416 -16.267370 30.196609 -3.397479 -7.554572 -18.111860 9.230979 -5.125265 5.002780 -5.680233 -26.415340 -5.884874 23.571877 15.209370 2.397672 -27.858810 24.636442 -7.990448
0.304613 4.467750 -39.708275 -19.423800 27.457300 12.176029 -15.213154 -13.412663 3.570460 -6.111450 -0.356108 -8.526230 -39.000553 -16.827467 31.961578 -2.863872 -7.717229 -17.188099 8.859509 -4.216827 3.145034 -5.200137 -25.644138 -5.188528 26.154022 14.277580 2.615386 -26.967302 25.789762 -8.573167
-1.687183 4.505026 -37.623196 -19.288380 29.842926 12.165678 -14.190437 -12.754039 4.221194 -6.145642 -3.073516 -7.942546 -37.470810 -17.945375 33.543884 -1.817086 -7.726327 -16.251383 8.007680 -2.971855 0.956819 -4.685112 -24.863089 -4.336673 29.088600 13.319697 3.003454 -25.429417 27.117947 -9.316870
-4.080406 3.695675 -35.669476 -19.136330 32.138084 11.980601 -13.089616 -12.164966 4.996960 -6.071460 -5.215129 -7.562720 -35.605442 -19.157850 34.746494 -0.496892 -7.777352 -15.212985 7.091411 -2.120782 -0.834225 -4.504976 -23.436966 -3.504076 32.381828 12.142396 3.401300 -24.049932 28.245239 -10.510877
-6.834897 2.958785 -32.867092 -19.642389 34.558041 11.658205 -11.707439 -11.166552 5.841238 -6.737543 -7.273478 -6.606975 -33.335518 -21.059011 35.380920 0.363591 -7.514480 -14.291171 6.050652 -1.557768 -3.173549 -4.587726 -21.915367 -2.515079 36.372208 10.733644 3.975975 -21.863960 29.459167 -11.459290
-10.168480 2.252254 -30.614651 -20.480280 36.716801 11.166368 -9.754332 -10.384804 6.282465 -6.873927 -9.403214 -5.301063 -30.692738 -23.007750 36.382008 1.442331 -7.308941 -13.421084 4.954473 -1.466282 -5.142551 -4.888444 -20.795109 -1.935176 39.552155 9.272664 4.863149 -20.298826 30.290560 -12.557759
-12.223285 1.508071 -29.106607 -21.153973 37.851349 10.809294 -8.803397 -10.096462 6.483486 -6.986935 -10.830805 -4.648789 -28.799513 -24.476019 36.875404 2.287756 -7.249583 -13.034930 4.208899 -1.266928 -6.487008 -4.799524 -19.115562 -2.307704 41.259361 8.206242 5.773539 -19.684385 30.159603 -12.837870
-12.959886 1.117959 -27.967947 -21.398046 38.491150 10.443674 -8.376038 -10.139122 6.459712 -7.039718 -11.441108 -4.345903 -27.530136 -25.159943 37.231701 2.716802 -7.232598 -13.072586 3.669472 -1.246450 -6.910656 -4.853421 -17.843611 -2.694873 41.979412 7.949768 5.943197 -19.466135 29.963980 -13.095338
-12.959715 0.892737 -27.958778 -21.349993 38.541565 10.517719 -8.379664 -10.118834 6.408390 -7.066315 -11.487719 -4.396671 -27.609819 -25.204325 37.221870 2.856863 -7.207366 -12.993504 3.579048 -1.224958 -6.977078 -4.865228 -17.909462 -2.701631 41.997810 8.045386 5.936244 -19.379492 29.968311 -13.020530
-12.068524 0.073066 -29.089426 -20.812050 38.094414 11.278015 -8.792611 -9.721557 6.066443 -6.679256 -11.222514 -4.782680 -29.159641 -24.901615 36.890026 3.187763 -6.867024 -12.316904 3.285295 -0.644783 -6.742538 -5.200911 -19.598288 -2.173770 41.605797 9.024066 5.705039 -18.651831 29.982843 -12.274977
-9.930976 -2.189837 -30.492809 -19.835438 37.168781 12.506788 -9.840410 -9.216263 5.146581 -6.145818 -9.772749 -6.387822 -32.218353 -24.169291 36.025005 4.247611 -6.436162 -11.332685 2.747967 -0.889381 -5.509645 -6.160618 -21.881968 -1.916949 40.049835 11.876382 4.606761 -17.278116 29.490582 -11.256585
-7.197278 -5.319172 -32.544495 -19.001297 35.729252 14.413495 -11.437542 -8.594314 3.621304 -5.665817 -7.405654 -8.829521 -35.550148 -23.384594 34.670780 5.895007 -6.222293 -9.803008 2.263382 -1.441220 -4.038899 -7.444955 -23.508144 -2.187960 38.098629 15.430421 3.311191 -16.102152 28.018509 -9.963944
-4.416064 -9.013191 -33.974861 -19.029783 33.772869 16.593216 -12.527707 -6.971629 1.534692 -4.793447 -4.310073 -11.347643 -38.842270 -22.683321 32.846340 7.812236 -6.341018 -7.577582 1.434584 -1.794257 -2.118031 -9.682036 -26.365387 -3.165293 34.489773 20.180347 2.427731 -13.886892 26.430004 -7.961071
-1.519219 -13.814029 -35.514965 -17.862883 32.070484 17.752636 -11.907356 -4.219231 0.203862 -2.871260 -0.021120 -13.793999 -42.879559 -22.346701 30.421112 10.877407 -6.358650 -4.977375 0.840346 -3.206473 -1.098693 -12.622229 -28.998449 -4.298802 30.626528 24.779612 2.107476 -11.384476 24.273907 -5.766055
1.597415 -19.907772 -38.043262 -16.742514 29.883144 17.908949 -8.889392 1.033972 1.364174 -0.946656 5.248403 -14.882324 -45.249630 -24.271963 26.703711 13.916974 -5.193784 0.459223 1.313213 -4.395730 0.010520 -17.584005 -30.346516 -6.976095 26.531990 26.882708 3.897843 -6.850536 22.369524 -4.425948
5.800400 -23.030407 -39.683765 -13.391714 28.300720 16.623024 -4.615491 5.640814 5.114123 0.067370 13.610190 -12.354679 -44.567341 -25.521500 23.726988 14.698194 -3.378197 11.635903 8.488733 -6.292434 4.646688 -20.590874 -32.864208 -7.845378 22.323418 26.928539 7.124614 -1.137029 21.400330 -2.466203
10.996768 -24.686800 -41.045052 -15.145819 23.575039 16.237957 2.284608 13.122979 5.300404 2.052900 20.499054 -12.935852 -42.805119 -28.520973 18.218351 13.319796 0.511902 20.319338 11.467092 -4.846871 7.460015 -26.084085 -32.621647 -9.622706 19.839453 24.734320 13.838593 7.215984 20.447474 -1.589097
19.323507 -25.545799 -37.008018 -14.167518 21.714781 14.526801 5.877146 20.280182 3.668449 7.895076 28.799368 -18.601254 -38.583969 -31.542473 10.645783 10.574026 3.829457 25.772497 9.794502 -1.010153 12.852965 -30.439125 -28.577864 -9.441642 18.329630 22.457214 16.714685 14.240715 19.337866 2.021803
26.637894 -31.578686 -27.705370 -12.040606 24.194799 12.321972 8.950460 23.515234 -2.725364 14.467193 36.588371 -25.693621 -29.718102 -32.920036 5.917931 12.867091 -0.747460 25.298452 -0.331095 7.658788 23.299307 -37.645847 -22.155453 -5.454205 20.426916 19.313385 18.534517 18.075651 12.935907 5.967356
36.475277 -33.547272 -17.815378 -11.549819 24.053297 6.984026 13.523701 22.012371 -5.817469 9.900903 45.501968 -21.052265 -16.241798 -34.168751 3.696746 15.782908 -5.364246 24.716810 -9.377101 10.895172 33.452381 -34.538174 -11.828557 -5.065633 21.045412 18.658020 18.871014 21.943384 5.870086 8.997086
39.745674 -26.507198 -11.198536 -10.858443 24.601978 -1.477405 18.964798 19.912992 -6.498659 10.215388 46.608978 -13.544237 -6.039169 -34.149529 4.353975 10.440402 -1.395058 23.843719 -12.005286 18.419485 35.889534 -23.779001 -8.362896 -6.576110 22.091640 10.485703 23.136177 23.553827 3.197081 12.585976
41.200321 -15.900955 -7.965073 -11.523810 23.424644 -8.141663 24.672905 17.943504 -6.883184 12.838260 46.878048 -7.607233 0.552164 -33.110714 2.899491 2.505684 4.539531 20.743071 -12.267289 25.554907 38.179241 -11.030901 -5.081138 -10.705483 19.420740 3.846356 24.994465 21.984030 -1.347445 18.730133
39.486423 -6.065197 -6.670901 -12.069264 20.569651 -16.321947 31.479950 12.868715 -7.494236 17.794191 46.568695 -0.090330 5.090293 -32.166233 1.282658 -7.178937 10.356256 15.527202 -12.878433 31.803530 35.722504 -4.726626 -3.226998 -14.039858 16.480625 -4.699235 30.198671 14.568914 -5.817674 25.342777
37.840771 3.370005 -10.901059 -12.376055 16.993282 -23.236238 35.231396 8.590527 -6.542436 20.642735 46.517467 7.670114 6.882571 -31.556835 -0.330223 -16.842020 15.213726 11.040591 -10.891292 33.892643 35.049797 2.904111 -2.376582 -15.562788 12.487422 -11.537694 36.393764 7.315582 -4.407697 28.057076
36.084671 9.672903 -15.783926 -11.727065 14.121181 -28.569366 37.537273 3.680756 -4.703299 21.387514 44.050747 12.140516 7.067844 -32.237907 -1.800071 -25.276423 22.469584 7.583744 -7.960808 34.399216 33.661316 7.455260 -3.251354 -13.177506 11.763766 -17.072557 40.535107 0.846064 0.291556 29.611097
32.654144 14.734084 -20.569199 -10.985662 12.036892 -32.668472 38.770405 -1.607184 -1.921640 20.314489 39.882523 14.765877 5.703011 -32.121338 -2.151476 -33.042191 28.678263 3.043033 -4.052211 32.883301 30.322987 8.986642 -5.572262 -10.684358 13.064912 -22.603018 42.932182 -4.780372 4.374673 28.494331
30.564789 16.795687 -23.574055 -10.989290 10.657527 -34.916061 39.137329 -5.894967 -0.578880 17.489016 37.219330 15.288730 4.905896 -31.676849 -1.487915 -37.807156 32.254978 0.139229 -1.153821 30.409647 28.202444 8.375736 -8.204665 -8.290960 14.387712 -26.445940 43.525177 -8.999417 7.919075 25.964947
29.143476 17.394438 -24.816132 -11.068441 10.368245 -36.260475 39.560211 -8.281411 0.158399 15.624578 35.986282 15.494224 4.578750 -31.966715 -1.522010 -39.808456 34.038807 -1.602420 -0.030361 28.834984 26.851477 7.859410 -9.259247 -7.262856 14.942142 -27.598131 43.286396 -11.283425 9.819598 24.511435
