13.389915 -0.890352 15.116364 -16.879658 46.942493 3.366606 9.578142 30.967810 23.570078 15.996211 10.560002 -0.752221 -1.237443 -5.055744 56.975609 -0.259643 -2.528865 30.514925 17.377674 26.228621 7.976879 6.701088 -3.890086 7.217350 55.537319 11.291797 2.511031 27.488962 19.935362 22.580769
13.160082 -1.117037 15.248176 -17.081486 46.738068 3.449591 9.793962 30.760941 23.446016 16.005398 10.377458 -1.020416 -1.005968 -5.248939 57.000706 -0.196090 -2.475887 30.380453 17.164227 26.218384 7.823181 6.555472 -3.781070 7.019752 55.573547 11.215390 2.553121 27.443909 19.705318 22.525734
12.615457 -1.296181 15.542401 -17.582932 46.577419 3.455556 10.101514 30.386499 23.014345 16.015884 9.837516 -1.255460 -0.616131 -5.707248 57.124271 0.014237 -2.518568 30.171022 16.675539 26.402378 7.480262 6.288007 -3.200112 6.617966 55.786610 11.082018 2.720677 27.239021 19.162155 22.532211
12.022550 -1.825307 15.862916 -18.000948 46.335949 3.326506 10.778345 29.984901 22.653313 15.888792 9.458879 -1.564325 0.079352 -6.089954 57.255386 0.358903 -2.115968 29.977669 16.408352 26.219347 7.029065 6.029854 -2.566230 6.101436 55.953144 10.812069 2.961913 26.964119 18.532063 22.521873
11.286416 -2.155411 16.154741 -18.724592 46.010555 3.167987 11.292444 29.563717 21.915913 15.833601 8.879878 -1.726249 0.664893 -6.765282 57.307343 0.690952 -2.251559 29.474577 15.623882 26.091501 6.294835 5.548504 -1.695167 5.298800 56.076679 10.598348 3.182903 26.723440 17.669060 22.586899
10.341570 -2.540470 16.576162 -19.799780 45.838959 2.856175 11.898623 29.070028 20.829809 15.697543 8.258159 -1.878800 1.630019 -7.763742 57.303493 1.008371 -2.461405 28.681677 14.197161 25.892794 5.555217 4.729003 -0.453525 4.048753 56.343307 10.082901 3.700853 26.472939 16.354567 22.063517
9.067689 -3.047717 16.846821 -21.047749 45.473404 2.374582 12.234621 27.919283 19.299896 15.462006 7.495198 -2.425330 2.786450 -8.917394 56.996998 1.178921 -2.449100 27.198368 12.272588 25.499676 5.051845 3.856508 1.182338 2.464037 56.282722 9.624380 3.874837 25.370481 14.370730 21.482979
7.754026 -3.512692 17.318989 -22.461761 45.310200 2.027047 12.390691 27.066671 17.628670 15.494668 6.641695 -3.317090 3.952900 -9.983803 56.704201 1.533561 -2.952745 25.721748 9.898635 25.400555 4.212158 2.169653 2.529083 1.006881 56.280529 8.895618 4.002101 24.294630 12.178778 21.006973
6.866208 -4.124917 17.920853 -23.431347 45.204060 1.675856 12.563320 26.247307 16.324530 15.293261 6.165274 -3.949826 4.992585 -11.179914 56.199669 2.265208 -3.497387 24.456903 7.561080 25.184832 3.466673 0.875600 3.798483 -0.331756 56.048607 8.507136 4.517794 23.167042 10.472418 20.298527
5.882790 -3.967647 18.608419 -24.504965 45.102703 1.259733 12.603225 25.083155 15.097537 14.989444 5.480612 -4.206265 6.274051 -12.386385 56.126560 2.869893 -4.344387 23.032305 5.150157 24.723585 2.478770 0.377278 5.229228 -1.334855 56.429646 7.956151 5.225029 22.139687 9.432477 19.467073
5.133769 -4.001728 19.572006 -25.426340 45.151402 0.744913 12.547165 23.840090 13.818966 14.385542 4.973639 -4.350570 7.586802 -13.481786 56.112133 3.449543 -4.832914 21.792055 3.149942 24.163523 1.453802 0.202270 6.468962 -2.727558 56.531998 8.231566 5.555235 21.711243 8.562272 18.335297
4.455290 -4.234639 20.419064 -26.313431 45.268131 0.240336 12.548408 22.668396 12.598709 13.542489 4.437593 -4.489256 9.201524 -14.585667 56.281437 4.166439 -5.582574 20.628408 1.229417 23.514002 0.195490 -0.505768 8.134943 -3.572691 57.240952 8.057713 6.162973 20.810616 7.815659 17.382227
3.491755 -4.403923 21.217318 -27.237309 45.605587 -0.441578 12.579015 21.600309 11.482282 12.698131 3.835304 -4.500451 11.218287 -15.789536 56.584759 4.498254 -6.017944 19.255234 -0.653402 22.741488 -0.810424 -0.779481 9.802992 -4.556518 57.911514 7.360683 6.746310 19.713053 6.867947 16.458740
2.626900 -4.808551 21.754475 -28.075998 45.562210 -0.881899 12.557289 20.372797 10.386690 11.836519 3.360424 -4.454200 12.740438 -16.768057 56.636509 4.770938 -6.258364 17.858414 -2.238067 21.770479 -1.348593 -1.270203 11.283491 -5.294138 58.577446 6.882018 7.176376 18.835747 5.956470 15.283854
1.878340 -5.270443 22.243652 -28.674921 45.619495 -1.296225 12.298901 19.224850 9.321223 11.362919 3.092414 -4.534902 13.873759 -17.546974 56.629688 4.967017 -6.415733 16.959278 -3.551976 21.029324 -1.867060 -1.781304 12.295639 -5.949646 58.675720 6.694446 7.490288 18.140095 5.343494 14.572896
1.361861 -5.806390 22.547831 -29.093351 45.629486 -1.817645 12.105363 18.265949 8.414586 10.788350 3.196105 -4.850276 15.108303 -18.288317 56.458466 5.285856 -6.429602 16.275780 -4.996953 20.320662 -2.206303 -2.563244 13.483002 -6.490124 58.812103 6.335550 7.921536 17.247581 4.523398 14.232940
0.947436 -6.040719 22.640877 -29.538517 45.449421 -2.106190 11.948432 17.626423 7.557060 10.715510 2.980855 -5.245542 15.823363 -18.942265 56.133400 5.494268 -6.386198 15.536746 -6.323799 20.147491 -2.381734 -3.043627 14.334565 -6.940242 58.805038 6.099455 8.103207 16.525291 3.825648 13.933464
0.717419 -6.239211 22.671024 -29.870790 45.272640 -2.364014 11.916884 17.077291 6.973433 10.595785 2.945831 -5.585996 16.347376 -19.371643 55.979733 5.641862 -6.254558 15.050215 -7.128249 19.747286 -2.704384 -3.639940 14.716739 -7.139983 58.896332 5.939768 8.370749 16.214388 3.537600 13.824666
0.654383 -6.184487 22.579674 -30.130156 45.026138 -2.535932 11.951199 16.689911 6.647209 10.481893 2.950114 -5.638778 16.602062 -19.703068 55.767464 5.655652 -6.114321 14.673886 -7.637417 19.584944 -2.850303 -3.936420 14.771775 -7.330297 58.755577 5.749466 8.660143 15.862393 3.335236 13.733833
0.665411 -6.195972 22.572472 -30.257755 44.873711 -2.550055 11.912812 16.522142 6.481527 10.394540 2.945965 -5.650605 16.725630 -19.827852 55.693817 5.701167 -6.165305 14.475474 -7.846910 19.490278 -2.858914 -4.038584 14.878017 -7.452610 58.692322 5.712872 8.746643 15.699752 3.198193 13.637620
0.708454 -6.460958 22.668692 -30.206173 44.871159 -2.637264 12.005657 16.637724 6.143428 10.923493 2.969059 -5.842364 16.729940 -19.721354 55.650505 5.520267 -6.162639 14.397347 -8.088899 19.827072 -2.763521 -4.168731 14.911418 -7.292781 58.833035 5.415444 8.862713 15.839152 3.083616 13.846846
1.128145 -6.955629 23.137203 -30.064575 44.589203 -2.756504 12.377767 16.742870 5.599358 11.902820 3.303246 -6.608248 17.102551 -19.191486 55.441124 5.141919 -6.105682 13.810782 -8.812913 20.713118 -2.190311 -4.874058 15.178757 -6.939770 58.957520 4.632101 9.579940 15.827246 2.654391 13.901374
1.319892 -7.559152 23.411325 -29.655024 43.696926 -3.278591 12.956347 15.650133 4.750810 13.661026 3.632633 -7.548217 17.761223 -18.945801 54.792339 4.525751 -5.169743 13.149410 -9.784237 21.891739 -1.269804 -5.329783 15.053455 -6.665201 58.896252 2.950614 10.674672 16.050474 2.156561 13.496075
1.843525 -8.270864 24.314690 -29.371778 42.993656 -3.961908 12.979952 14.086805 2.996927 15.685651 4.594488 -7.888864 18.878025 -18.935305 53.642727 4.089394 -3.640855 12.233388 -10.885713 22.774519 0.500145 -5.722091 15.413995 -6.732734 58.386501 1.105400 11.902263 16.087597 1.011195 13.153428
2.785382 -8.474072 25.263861 -28.415613 42.479519 -4.982243 12.421308 12.316318 0.563994 19.226686 5.783298 -8.256254 18.993759 -18.703869 51.453110 2.678335 -1.260697 11.355287 -12.250077 24.922762 2.669635 -5.458915 15.251475 -7.647044 57.053638 -0.272234 12.758813 16.413662 -0.746944 13.169414
4.065659 -8.343380 25.774738 -27.660654 40.291325 -7.004489 12.303625 9.055318 -2.339315 23.198828 7.707712 -7.521310 19.675459 -19.460537 48.470577 2.536320 1.348777 9.804689 -14.392518 26.602919 5.297984 -3.387136 14.581337 -9.377556 54.576981 -1.661929 13.887272 16.572245 -2.009622 12.829417
6.791838 -8.201653 26.260420 -27.099884 37.335003 -8.625671 11.787396 6.054321 -4.723716 26.087244 10.078722 -6.927292 20.909815 -20.851488 44.852798 2.751218 4.578559 8.436941 -16.875271 28.246410 8.244223 -0.163312 13.425447 -11.509385 50.991570 -1.641706 15.531940 17.913626 -3.344992 13.273374
9.143873 -7.389548 26.512915 -27.886126 33.974403 -10.248587 14.102165 3.843626 -6.209097 27.407701 12.972162 -5.380762 21.578672 -22.284784 40.311016 2.326404 8.215301 6.237092 -18.714355 28.992399 10.824347 3.043347 11.793137 -13.909811 46.644043 -1.737162 17.434280 18.962208 -4.956573 14.909688
11.751728 -6.062863 25.151159 -28.217356 29.515604 -11.477895 17.330051 2.030302 -6.320218 28.680458 17.212124 -2.657836 20.350883 -22.377831 34.245926 1.558163 11.531887 4.183196 -19.149555 31.001532 12.642606 6.360203 9.315157 -16.622866 40.694553 -0.824754 18.848490 19.121040 -5.890549 18.273991
14.480101 -3.554517 22.576675 -27.558685 25.106232 -14.050972 20.763945 0.062386 -5.496584 29.842707 20.082825 0.963885 18.812870 -21.987768 30.453474 0.632458 13.656863 2.760212 -18.370789 32.894943 14.347848 9.606445 7.151699 -18.516796 35.837944 -1.460801 21.043612 18.394482 -5.720692 21.004972
14.882314 -1.559056 18.728588 -27.567593 20.648239 -15.845834 25.324409 -1.170543 -2.680457 29.677919 22.052202 6.014082 18.115156 -22.269236 27.235123 0.883874 15.852551 2.680634 -16.563585 35.300888 15.869576 12.104868 5.327651 -20.087770 31.213793 -2.816459 23.632835 16.668259 -6.021710 24.528231
14.212824 -0.257950 12.817920 -26.949083 17.354650 -18.233625 29.449024 -0.132778 0.886668 29.821114 22.739073 10.034106 16.393036 -23.965960 23.534363 0.271771 18.701391 2.808598 -15.465025 36.609039 16.974188 15.349005 3.488470 -20.463171 27.419529 -4.194313 25.443926 14.554414 -4.991228 27.711697
13.525067 1.682080 6.728925 -26.482027 14.272794 -20.407112 32.406601 0.782757 3.783230 30.656897 22.688971 13.773986 11.719080 -25.653208 19.305700 -0.704677 22.614836 4.323379 -13.021356 37.352188 17.746601 19.503565 0.813461 -20.467787 24.042189 -5.040473 26.212343 12.140467 -3.021243 30.565113
12.835166 3.581383 1.835390 -25.978529 12.352433 -22.205566 34.045757 1.681690 6.240408 31.843479 22.183199 16.887276 7.835160 -26.246262 17.599115 -3.455017 25.545139 5.508745 -10.470336 37.743320 16.119593 21.454441 -4.291662 -20.767582 21.360096 -7.371826 28.669592 10.816160 0.092822 32.091396
11.609173 4.954226 -3.845428 -25.850023 10.258378 -23.413984 35.841541 2.936978 8.524897 33.109573 21.987772 19.152611 3.552303 -25.750628 15.575759 -6.663799 28.290829 5.370090 -6.951760 38.092293 14.110051 22.226898 -9.771688 -20.793524 19.150826 -11.064931 31.335585 9.257837 3.816951 31.936743
10.775558 6.487250 -9.925313 -26.171059 7.714369 -24.438028 36.619183 3.910678 10.826889 32.842934 22.783745 21.205194 -1.213049 -25.870579 12.621667 -9.115243 30.513201 4.749552 -4.751818 37.431259 12.486120 20.808336 -15.363618 -20.012375 18.170307 -15.426570 33.214378 8.206218 6.414101 30.678175
10.462932 8.006469 -15.085428 -26.923790 4.680666 -25.271063 37.852989 3.596393 13.049517 30.484520 22.970062 22.931490 -5.338859 -26.444452 9.520432 -11.283864 32.401306 2.982312 -2.983213 36.097263 12.309890 18.804392 -19.638105 -17.973730 18.283016 -19.872486 34.643764 6.928056 9.054500 28.114941
10.601233 9.259493 -18.690041 -27.315935 2.684758 -26.016708 38.492428 3.029593 14.593104 28.257223 23.124083 24.094341 -8.676092 -26.690920 7.355476 -12.925220 33.739983 1.817415 -1.827632 35.147221 12.220955 16.862654 -22.755764 -16.473461 18.633396 -22.661703 35.280144 5.961290 10.607284 26.030046
11.026113 9.820660 -20.783703 -27.311977 1.406546 -26.783722 38.668842 2.096344 15.512033 26.517511 23.494286 24.602331 -10.117044 -26.819094 6.340016 -14.026344 34.793690 1.035633 -1.301894 34.198460 12.343277 15.251955 -24.294912 -15.597751 18.926676 -24.116766 35.731030 5.755095 11.144294 24.670292
11.146846 9.931985 -21.411175 -27.198048 1.035264 -26.995110 38.646049 1.747039 15.807584 26.116098 23.677853 24.639568 -10.713881 -26.966656 5.950620 -14.178736 35.130753 0.977749 -1.217582 33.908184 12.273520 14.652167 -24.966480 -15.238554 19.014641 -24.580681 35.775097 5.669347 11.355516 24.351456
11.221405 9.942377 -21.401939 -27.153227 1.011693 -27.110479 38.653118 1.659972 15.791021 26.149391 23.769194 24.661703 -10.698884 -26.920603 5.866024 -14.286043 35.233162 0.913508 -1.188488 33.897972 12.340689 14.666346 -24.964497 -15.226894 18.962969 -24.660408 35.817692 5.653833 11.344783 24.383921
11.549485 10.019970 -21.386477 -26.976192 0.908846 -27.342329 38.708916 1.529239 15.847743 26.234959 23.914145 24.579130 -10.640684 -26.681763 5.814480 -14.681701 35.441895 0.660953 -1.103271 33.976875 12.524142 14.854267 -24.936127 -15.089467 18.962843 -24.787819 35.752132 5.609267 11.503360 24.444201
11.933237 10.122666 -21.371698 -26.787207 0.783612 -27.604208 38.567513 1.192531 15.846900 26.267315 24.123432 24.378662 -10.688713 -26.466806 5.621768 -15.042332 35.773418 0.416263 -0.994494 33.969482 12.936301 15.032645 -24.754538 -14.967245 18.882103 -25.077286 35.807247 5.337826 11.590412 24.343904
12.578174 10.143984 -21.314575 -26.477329 0.670642 -27.858932 38.479828 1.039200 15.814704 26.354181 24.413279 24.164120 -10.549270 -26.253078 5.510056 -15.405255 36.188721 0.437534 -0.930858 34.142624 13.489839 15.135988 -24.643095 -14.755463 18.770071 -25.240063 35.814564 5.265795 11.658892 24.429852
13.273725 10.054498 -21.074366 -26.103968 0.528284 -28.306019 38.284561 0.412044 15.704269 26.186195 24.828550 23.944511 -10.055027 -25.962273 5.422953 -16.077646 36.815823 0.048595 -0.957167 34.181595 14.487898 15.081388 -24.259047 -14.448487 18.734123 -25.688623 35.857906 4.776050 11.517026 24.079960
13.961544 9.985793 -20.950022 -25.499142 0.270262 -29.113352 38.081100 -0.543675 15.611057 26.271433 25.353149 23.532759 -9.574174 -25.621111 5.245117 -16.986803 37.659122 -0.508789 -0.947163 33.960075 15.558497 14.814852 -24.221333 -13.804094 18.726767 -26.254385 35.869915 4.531828 11.401803 23.951073
14.870355 9.599577 -20.720932 -24.940012 0.023162 -29.875080 38.094330 -1.151103 15.366400 26.345610 26.359358 22.858786 -8.755224 -25.196779 5.231765 -17.708334 38.509457 -0.742172 -1.137536 33.550049 16.508537 14.693440 -23.821918 -13.105462 18.947803 -26.884743 35.884399 4.171020 11.331687 23.811625
15.904469 9.312468 -20.492254 -24.570627 -0.327731 -30.355539 37.929802 -1.781498 14.890676 26.312712 27.370726 22.301674 -7.877073 -24.945786 5.268358 -18.288784 39.445454 -0.750918 -1.327888 32.965176 17.549753 14.614131 -22.952225 -12.585851 19.327112 -27.478455 35.743748 3.442477 10.987442 23.211100
16.986872 9.078338 -20.183048 -24.083744 -0.700753 -31.068563 37.952671 -2.536713 14.285859 26.411886 28.541748 21.980246 -6.844743 -24.550865 5.105129 -19.085720 40.538776 -1.218241 -1.453436 32.445343 18.712524 14.631860 -22.152130 -11.946788 19.554165 -28.129133 35.710258 2.784653 10.558940 22.915289
18.200857 9.009527 -19.938301 -23.393265 -1.253108 -31.929140 37.964920 -3.584166 13.905306 26.499527 29.485954 21.528143 -5.693915 -24.029131 4.914145 -20.099394 41.688385 -2.146106 -1.471929 31.882471 20.131178 14.481642 -21.855974 -11.118567 19.548628 -28.644987 35.708935 2.174437 10.431964 22.732359
19.367447 8.835610 -19.731228 -22.636726 -1.631612 -32.759129 37.995411 -4.373930 13.772673 26.526819 30.462660 21.233383 -4.735232 -23.789106 4.676480 -20.945553 42.839966 -2.758278 -1.622229 31.237379 21.525110 14.210406 -21.345154 -10.388638 19.640652 -29.509460 35.916046 1.636235 10.018518 22.527660
20.386847 8.713803 -19.879173 -21.895515 -2.092415 -33.379993 37.783611 -5.159568 13.776348 26.379574 31.605469 21.388969 -4.108994 -23.610653 4.054782 -21.760328 43.753624 -3.602311 -1.671502 30.671612 23.013569 13.844938 -20.790674 -9.670335 19.642162 -30.451582 36.059212 0.759307 9.754398 22.140512
21.402327 8.622447 -19.498760 -21.098108 -2.184741 -34.095333 37.451420 -6.196359 13.598066 25.862356 32.538635 21.253141 -2.795067 -23.306215 3.844779 -22.519743 44.559036 -4.415401 -1.862929 30.007029 24.149815 13.462618 -20.217491 -8.850896 20.001820 -31.320963 36.125027 -0.067714 9.660473 21.506859
22.226337 8.491459 -18.893297 -20.356518 -2.409528 -35.192677 37.280136 -7.878552 13.140151 25.414549 33.329945 21.075191 -0.949649 -22.848387 3.798773 -23.543079 45.434555 -5.574658 -2.191098 29.440630 25.508001 13.369550 -19.356236 -8.385960 19.913143 -32.249981 36.437229 -1.055285 9.277274 20.926250
22.798084 8.450020 -18.773687 -20.001469 -2.859563 -35.850018 37.228291 -9.025517 12.690336 25.250620 34.122066 20.814127 -0.044801 -22.581963 3.501033 -24.193026 46.176575 -6.242271 -2.413124 28.985029 26.328518 13.705895 -18.644291 -7.765632 19.862154 -32.713043 36.099365 -2.026443 9.321449 21.150391
23.069723 8.594486 -18.548080 -19.831614 -3.184200 -36.407391 37.294006 -10.096189 12.319672 24.962587 34.601654 20.413000 0.905974 -22.374887 3.521888 -24.676336 46.795139 -6.722947 -2.712260 28.532019 27.103287 13.754645 -17.714931 -7.298034 19.919243 -33.188705 35.804451 -2.872842 9.117171 21.017899
23.508841 8.676129 -18.173615 -19.755241 -3.500689 -36.914539 37.492592 -10.988103 11.884384 24.726034 35.188107 19.975546 1.913927 -22.056192 3.570810 -25.378613 47.567276 -7.340546 -2.943933 28.015900 27.929531 13.708656 -17.095478 -6.659748 20.093466 -33.514351 35.406521 -3.422576 8.994202 20.962496
23.671787 8.785930 -17.856960 -19.753090 -3.747516 -37.391430 37.702248 -11.783041 11.610110 24.487288 35.637608 19.609365 2.605391 -21.976500 3.472806 -25.822588 48.197563 -7.828406 -3.210372 27.520298 28.251669 13.604155 -16.640364 -6.420372 20.033142 -33.854008 35.427773 -3.992759 8.931237 20.751310
23.741468 8.833191 -17.690361 -19.766216 -3.854057 -37.582241 37.829357 -12.098595 11.439623 24.437452 35.795479 19.328461 2.917438 -21.932573 3.495671 -26.019960 48.510349 -8.036555 -3.330467 27.240740 28.586546 13.483867 -16.253206 -6.133554 20.204266 -33.951508 35.186790 -4.171361 8.728250 20.767887
23.673624 8.876037 -17.615440 -19.821156 -3.895896 -37.689629 37.898495 -12.276312 11.345343 24.432068 35.759010 19.192581 3.067005 -21.940210 3.534036 -26.131575 48.614216 -8.178936 -3.429279 27.170946 28.551228 13.380027 -16.178967 -6.104847 20.252247 -34.037064 35.190643 -4.271592 8.669383 20.752230
23.828684 8.865841 -17.533659 -19.799385 -3.884054 -37.627346 37.806572 -12.198240 11.281878 24.461088 35.844734 19.176943 3.143065 -21.879875 3.597533 -26.053194 48.479706 -8.158129 -3.496788 27.235004 28.666416 13.430321 -16.108479 -6.048796 20.313337 -34.022453 35.102203 -4.173601 8.613050 20.817760
24.133539 8.772936 -17.271233 -19.795053 -3.813806 -37.384449 37.627888 -11.902199 11.064822 24.661097 35.920933 19.119843 3.290121 -21.749144 3.763170 -25.789017 48.052681 -8.032966 -3.675729 27.584892 28.774828 13.496912 -15.964922 -6.171244 20.315765 -33.834042 35.130177 -3.753532 8.398470 21.054703
24.649399 8.614778 -16.907610 -19.667046 -3.665805 -37.068726 37.259201 -11.426092 10.763987 24.969168 36.304852 18.990601 3.771257 -21.512350 3.950713 -25.367680 47.400612 -7.927595 -4.174397 28.002396 29.056980 13.666542 -15.458019 -6.540087 20.273003 -33.503277 35.199341 -3.172969 7.846610 21.307491
25.170334 8.509789 -16.051672 -19.665886 -3.297575 -36.707977 37.050709 -10.673644 10.180734 25.736309 36.681442 18.740002 4.223364 -21.334885 4.184483 -24.881407 46.830067 -7.518661 -4.700865 28.810904 29.531923 13.705822 -14.874256 -6.740551 20.283827 -33.048096 35.263237 -2.367921 7.356213 21.803669
25.919115 8.312368 -14.957767 -19.635555 -2.886855 -36.197910 36.714947 -9.852769 9.442965 26.528036 37.269890 18.275187 4.831698 -21.138617 4.428295 -23.993954 45.937248 -6.933331 -5.424220 29.547531 30.412434 13.683541 -14.099253 -7.081878 20.113169 -32.165302 35.138847 -1.327117 6.600357 22.415390
26.700712 8.036045 -13.664430 -19.608303 -2.217872 -35.613441 36.458893 -8.719353 8.621601 27.407610 37.793781 18.013525 5.311434 -21.008268 4.584451 -22.676651 44.666908 -6.151538 -6.228408 30.421995 31.161762 13.893195 -13.066204 -7.528625 20.062456 -31.141533 34.946976 -0.051753 5.810658 22.930977
27.438622 7.744581 -12.395906 -19.527336 -1.329609 -35.052441 36.087559 -7.486942 7.756275 28.512060 38.265366 17.530472 5.927305 -20.952051 4.947171 -21.192055 43.350048 -5.106106 -7.163857 31.400677 31.771776 14.104630 -11.936479 -7.872440 20.189289 -29.978666 34.249619 1.013655 4.911180 23.784607
28.179834 6.915605 -10.859289 -19.435009 -0.335919 -34.436939 35.859089 -6.624211 6.610591 29.058542 39.038387 16.710478 7.206272 -20.862341 5.438869 -19.703430 41.935005 -4.398268 -8.601626 31.942352 32.425804 14.306823 -10.501050 -8.442930 20.145672 -28.562437 33.461418 1.870115 3.690186 24.645901
29.403812 5.844183 -9.098330 -19.352064 0.580581 -33.303673 35.060394 -5.650428 5.250020 29.801306 40.164246 15.720440 8.109734 -20.915712 5.622004 -17.840925 40.104351 -3.554944 -10.339124 32.650734 33.453999 13.958313 -9.430686 -9.073105 19.756674 -26.922165 32.882336 3.106879 2.503699 25.365204
30.685091 4.384927 -6.794795 -19.389383 1.623676 -32.107025 34.724350 -4.309491 3.749568 30.507063 41.100803 14.230118 8.719311 -21.003067 6.017961 -15.426506 37.922325 -2.310042 -12.323981 33.401657 34.303658 13.146001 -8.499562 -9.210080 20.030424 -25.078011 31.959476 4.800947 1.579594 25.918594
31.617731 2.587927 -4.976894 -19.729858 2.417710 -30.834946 34.556057 -2.864104 2.435718 30.394629 42.283802 12.737850 8.915555 -21.136194 6.481577 -13.277921 35.793243 -1.158667 -14.147119 33.621284 35.379532 11.806808 -7.913327 -9.473924 20.060799 -23.249287 31.150217 6.533128 0.498125 25.933008
32.173855 0.723977 -2.866488 -19.826836 3.513468 -29.601419 34.263100 -1.584939 1.275396 30.448605 42.809128 11.004387 9.520037 -20.967010 7.369030 -11.314671 33.546970 -0.459131 -15.432921 33.588989 36.162037 10.497845 -7.073800 -9.596916 20.768959 -21.923771 30.435425 8.159250 -0.378646 25.165150
32.091877 -1.048927 -1.382934 -20.131332 4.602727 -28.267899 33.876125 -0.366766 0.382375 30.371943 43.343468 10.181578 9.668432 -21.182863 7.593668 -9.144636 31.317184 0.278226 -16.440441 33.327019 36.176098 9.265432 -6.745686 -9.783363 21.380697 -20.173027 29.461393 9.873799 -1.084855 24.716152
32.343113 -3.391497 -0.240055 -20.276176 5.686354 -27.024298 33.499420 1.173518 -0.473680 29.926771 44.124199 8.855916 9.693126 -21.246836 7.955356 -7.361136 29.680416 1.609710 -17.341610 32.969162 36.853443 7.927133 -6.224636 -10.035620 21.633543 -18.203577 28.271080 11.710047 -1.955622 24.180515
36.211586 -1.672379 0.079751 -18.135210 13.500267 -29.786659 28.035244 10.249985 0.779928 24.615263 46.659550 7.128397 5.531443 -19.229977 16.337448 -13.509575 19.976599 11.607488 -17.392033 30.752523 37.382095 5.410770 2.137270 -13.809749 17.387966 -11.004973 30.577042 9.482526 -5.068539 27.988298
36.492012 -4.407746 2.409672 -17.879410 15.147578 -27.653313 27.298725 11.529219 0.874786 23.599260 46.635601 4.924698 5.203446 -19.284124 16.994591 -10.848403 18.715267 13.517819 -17.122894 30.188690 37.889050 2.557384 2.203455 -13.055223 19.134726 -9.451993 28.875441 12.333711 -5.626580 26.871061
36.994171 -7.420720 4.196468 -17.151890 17.187298 -25.673470 26.594896 13.419872 1.407150 22.078465 46.350269 2.491690 5.293699 -19.705883 17.864506 -8.148825 17.613441 15.594019 -17.241627 29.582232 38.673386 0.648194 3.032031 -11.481437 21.889029 -7.619016 26.569153 15.479434 -5.513279 25.549065
37.539410 -10.368843 5.397822 -16.703835 18.829258 -23.170132 25.432281 15.403958 1.819609 20.651394 46.160271 -0.603670 5.098935 -19.804550 18.959803 -5.630054 16.573404 17.857439 -17.068584 28.875868 39.219757 -1.047190 3.064167 -9.976357 23.907991 -5.287352 24.766861 18.459719 -4.526403 24.279026
37.904423 -12.705259 5.757172 -16.581472 19.862579 -20.648148 23.920013 17.120052 2.193253 19.252874 45.821983 -3.129382 4.882411 -19.667597 20.118114 -3.476268 15.272816 19.192646 -16.776587 27.806179 39.239479 -2.273721 3.346007 -8.356586 25.946211 -2.625208 23.133661 20.811506 -2.998914 23.371864
37.412991 -16.101088 4.420817 -17.040140 20.918291 -17.684519 22.716198 19.533339 0.705183 19.027109 44.703552 -6.425238 2.721585 -20.817627 19.889673 0.535022 14.958035 19.733334 -19.163979 26.752035 38.882160 -4.927253 0.989844 -7.133570 27.828678 -0.787744 23.740915 23.327667 -2.649491 20.175468
37.506901 -17.918768 4.538167 -16.971151 21.988529 -15.425896 21.423491 20.967310 0.510411 18.211941 44.570461 -8.231308 2.532024 -20.722738 20.846283 2.810152 13.236316 20.637501 -18.943104 25.171640 38.893471 -5.986408 0.111362 -6.238141 28.514009 0.885995 23.409538 24.626894 -0.367465 17.771503
37.885899 -20.243259 4.008387 -17.177902 22.380547 -12.974652 19.476286 22.366341 0.589839 17.164724 44.425758 -10.250263 1.485693 -20.405653 21.682041 5.147987 10.723841 21.600527 -18.689651 23.690311 38.486496 -8.306718 -1.602464 -5.549584 29.293779 2.214383 22.213268 26.019163 1.100086 15.692006
37.788277 -22.609941 3.443502 -17.407869 22.577473 -10.862217 18.081198 22.968788 0.302924 16.118391 44.479778 -12.021258 0.235615 -20.376394 22.264914 7.235356 8.554782 22.085688 -18.980328 21.970472 37.967743 -12.127810 -2.157548 -4.521050 30.255512 3.333064 21.780815 26.329536 1.838366 13.914043
37.427803 -25.146866 3.143258 -17.700907 23.081270 -8.835972 16.806681 23.742764 0.260426 15.054321 44.355434 -13.432122 -0.781105 -20.460714 23.168400 9.197947 6.551510 22.658686 -18.976221 19.986755 37.580849 -15.038160 -1.998837 -3.111949 31.829720 4.933753 21.316187 26.757065 2.853382 12.112727
36.864746 -27.275488 2.582616 -17.786036 23.380173 -7.238467 15.611849 24.020489 0.301260 14.228360 43.723442 -14.668849 -1.933309 -20.713623 24.121054 10.908338 4.887768 23.652222 -18.851788 18.676279 36.842537 -17.575245 -2.031969 -1.368866 32.772953 7.118340 20.585936 26.955265 4.270533 12.115114
36.577229 -29.266502 1.888462 -17.797054 23.994120 -5.349006 14.453613 24.960142 0.709164 13.369585 43.669491 -16.387373 -3.543917 -20.889351 24.711996 12.388890 3.753495 24.864052 -18.548420 16.989281 36.207508 -20.314358 -2.340789 -0.124855 33.297283 9.200066 19.706861 27.188757 5.235485 11.625080
36.400494 -30.961330 0.612291 -17.873482 23.860571 -3.492742 13.511269 25.568205 1.225157 12.484134 44.090385 -18.377165 -5.192690 -20.879480 24.800676 13.789411 3.117093 25.597191 -18.213417 15.212592 35.956646 -22.654360 -2.552540 0.769065 33.099258 11.379319 19.024429 27.090631 6.044200 11.325801
36.447365 -32.507431 -0.408385 -18.069246 23.939671 -1.327315 12.502117 26.643456 1.928905 11.322816 44.290447 -19.741411 -6.744524 -20.925648 25.109037 15.375760 2.196093 26.576777 -17.726198 13.561582 35.222698 -24.543289 -2.820916 1.305644 33.005867 13.739438 17.954998 27.111156 6.869869 11.259364
35.650627 -33.639256 -1.819106 -18.321190 23.614248 0.302174 11.717930 27.235519 2.405635 11.333718 43.869946 -21.374413 -8.154351 -20.969570 25.510807 16.528919 1.337260 27.242733 -17.197170 12.385762 34.752762 -26.108648 -3.219992 1.152034 32.729782 15.583381 16.849712 27.304468 7.132229 10.867654
34.693943 -34.335201 -3.235174 -18.859362 23.496655 2.040999 10.530600 28.008230 2.598430 11.290397 42.926517 -22.764050 -10.287076 -21.129501 25.710728 17.460142 0.650493 27.623756 -16.236530 10.888062 33.830742 -27.485107 -4.206224 0.915308 32.329788 17.417503 15.538500 27.380260 7.593145 10.596068
34.349190 -34.701035 -5.064667 -19.311075 22.872116 3.463452 9.344559 28.509840 2.617180 11.154946 42.531670 -24.650440 -12.832239 -21.122999 25.459599 18.013359 0.353282 27.862932 -15.335885 9.441325 33.305744 -28.590755 -5.261276 0.213258 31.308840 18.877432 14.882205 27.229326 7.682216 10.127028
34.047287 -34.815853 -6.130583 -19.895952 22.564640 5.036329 8.299529 29.163958 2.573472 10.627198 41.972580 -25.798149 -14.368379 -21.009478 25.807310 18.255632 0.041625 28.139185 -14.538171 8.245940 32.667995 -29.302540 -6.353484 -0.244638 30.765602 20.240696 13.938107 27.259296 7.987715 9.898272
33.643810 -34.678368 -7.064968 -20.228390 22.490948 6.246257 7.388075 29.634525 2.707845 10.485449 41.466019 -26.683598 -15.632858 -20.957380 26.133007 18.435957 -0.093839 28.389444 -14.034194 7.608695 31.753916 -30.147230 -7.243398 -0.803383 30.465647 21.382515 13.518383 27.516079 8.424106 9.570521
33.100773 -34.441925 -8.344291 -20.626905 22.080885 7.305474 6.752930 30.113132 2.802840 10.785866 40.912773 -27.373611 -17.129045 -20.775562 26.324408 18.426311 -0.073961 28.571535 -13.267700 7.000848 30.761122 -30.491489 -8.286028 -1.265095 30.091639 22.353765 13.106714 27.606730 8.928593 9.424581
32.039677 -34.431778 -9.103520 -21.100275 22.148520 8.295235 6.251520 30.489962 2.983142 10.824964 39.910870 -27.691698 -18.122065 -20.717577 26.743984 18.180962 0.330035 28.809118 -12.303222 6.378455 29.742411 -30.796497 -9.257786 -1.430926 29.942381 22.899406 12.782567 27.461260 9.569633 9.158300
31.330505 -34.239464 -9.893528 -21.365999 22.236557 9.006972 5.824031 30.798462 3.389948 10.649655 39.172112 -27.669455 -19.063578 -20.844896 26.778889 18.044006 0.561950 28.837177 -11.530433 5.778966 28.814695 -30.798611 -10.047780 -1.794452 29.710934 23.363228 12.616897 27.252140 10.078722 8.945838
30.631220 -34.060406 -10.455246 -21.673637 22.307247 9.710346 5.317676 31.134180 3.678169 10.656840 38.574589 -27.959288 -20.041576 -20.745972 26.793022 17.850698 0.781040 28.756649 -10.880546 5.247269 28.055346 -30.781610 -10.707495 -1.992459 29.512459 23.830219 12.387918 27.042536 10.545547 8.713611
30.102825 -33.884689 -10.985809 -21.891607 22.230797 10.112084 4.992517 31.370813 3.922069 10.783589 38.141361 -28.138853 -20.725220 -20.671057 26.776510 17.714426 0.959810 28.686714 -10.421567 4.959490 27.480837 -30.873051 -11.216112 -2.251917 29.226294 24.136244 12.369593 26.896593 10.827916 8.560472
29.851645 -33.805496 -11.163297 -22.028170 22.233477 10.282125 4.812688 31.350378 3.981097 10.692508 37.868382 -28.167540 -21.028278 -20.696724 26.752340 17.612490 1.053623 28.477190 -10.259130 4.779990 27.184797 -30.906853 -11.367350 -2.465128 29.064899 24.303307 12.356585 26.811350 10.881869 8.539121
29.772013 -33.721313 -11.337546 -22.083628 22.145697 10.340011 4.671364 31.294252 3.991054 10.739659 37.763172 -28.185682 -21.241007 -20.700846 26.671431 17.554153 1.101181 28.369081 -10.174128 4.709728 27.128557 -30.883823 -11.428759 -2.562290 28.900394 24.376579 12.365047 26.691576 10.917763 8.496460
