-21.134119 2.350160 -7.264373 -26.046930 26.348417 10.307099 -4.484481 -24.077044 25.977150 5.731573 -17.543398 -1.834017 -7.313858 -18.469532 37.012085 12.621656 9.264105 -20.781952 22.333771 3.038021 -11.702849 -0.372046 -14.797510 -19.161299 42.452042 -13.674795 -8.641499 -16.658808 19.883417 -13.220834
-20.234531 2.530866 -8.720471 -25.722980 25.503784 10.609579 -4.769942 -23.563745 25.918758 6.354977 -16.675756 -1.999160 -9.099064 -17.720377 36.113407 12.120597 9.322752 -20.895775 22.793667 3.459282 -10.770728 -0.463007 -16.404161 -18.634995 41.173679 -13.442031 -9.081016 -16.496197 20.355385 -12.506890
-18.849827 2.875709 -11.145760 -25.078032 24.242744 10.944621 -4.983641 -23.239412 25.627729 7.209014 -15.294678 -2.238564 -11.811911 -16.444092 34.609512 11.310826 9.088635 -21.656414 23.550415 3.885233 -9.362684 0.073505 -18.656618 -18.146164 39.085831 -13.292934 -9.168536 -17.046080 20.394373 -11.395738
-17.272175 3.249261 -14.129068 -24.743839 22.293287 11.620532 -5.552848 -23.242968 24.943470 8.086373 -13.791124 -2.412766 -14.897771 -15.200752 32.751900 10.799483 8.570263 -22.764526 24.109577 4.283211 -8.152274 0.794346 -21.331551 -18.434917 36.038177 -11.969277 -9.678419 -17.390083 20.500412 -9.755537
-14.868722 3.356509 -17.137663 -24.285730 19.970188 12.345623 -6.843038 -23.954973 24.032389 8.215615 -12.510554 -2.609876 -18.130619 -14.871995 30.296995 10.524773 8.171827 -23.659821 25.050259 4.184813 -7.552560 1.219453 -24.316240 -20.125338 31.834259 -9.641899 -10.198165 -18.296824 20.073593 -7.724485
-11.920840 3.453473 -20.560116 -22.592791 17.933891 12.649634 -7.541958 -25.232962 22.623800 8.852497 -10.640804 -2.698120 -21.569235 -14.251151 27.523668 9.738490 8.398972 -24.725945 25.664022 4.515392 -6.767197 1.329838 -27.312059 -21.682840 27.723806 -7.678332 -10.029428 -19.265888 18.700493 -5.402956
-9.194261 3.465724 -24.363739 -20.004904 16.943764 13.550517 -6.249762 -27.781002 19.424681 8.418994 -8.274625 -2.962097 -24.260681 -13.879332 24.676170 9.296772 8.434878 -26.333395 25.990244 3.989042 -5.521741 1.116764 -29.995636 -22.889858 24.116451 -4.674883 -9.903939 -21.147169 15.740983 -3.825870
-7.098415 2.923168 -27.061958 -18.667124 15.648770 13.966220 -6.343182 -29.563951 18.249205 7.320463 -6.440860 -2.664205 -25.903343 -13.506367 22.875422 9.365872 7.673046 -27.135555 26.656082 3.361805 -4.749296 0.865659 -31.349421 -23.758318 21.800106 -2.611396 -10.497301 -22.442249 13.869319 -2.648518
-6.110323 2.550212 -28.157211 -18.258770 14.392979 13.478382 -6.446023 -30.503216 17.984804 6.882937 -5.036418 -2.496282 -26.839485 -13.304729 21.404900 8.771585 7.830656 -27.615307 27.068274 3.201532 -4.022065 0.362820 -32.171371 -24.550308 19.714258 -1.474061 -10.745182 -23.125093 12.661716 -1.911632
-5.729827 2.365883 -28.819508 -18.110950 13.793116 13.327450 -6.468524 -30.689419 17.889782 6.957996 -4.257714 -2.398079 -27.540760 -13.142512 20.720600 8.460118 7.961401 -27.726181 27.264788 3.345535 -3.809279 0.157597 -32.696350 -24.827391 18.817690 -1.101858 -10.812945 -23.132822 12.174432 -1.029050
-5.803864 2.494145 -28.962498 -18.033949 13.817966 13.462646 -6.491824 -30.699242 17.900583 6.931612 -4.055780 -2.270513 -27.876051 -13.114101 20.529999 8.430441 7.913914 -27.573366 27.559772 3.396554 -3.856186 0.231353 -33.022518 -24.894844 18.451601 -0.813706 -10.920650 -23.219011 12.148937 -0.875313
-5.826323 3.149903 -30.571508 -17.470753 13.540466 14.181385 -6.704552 -29.963081 18.469732 7.309402 -3.005445 -0.898530 -29.635798 -12.979679 19.884615 8.993459 6.890114 -26.641941 29.042992 3.349078 -4.193283 0.332451 -34.444149 -24.705732 17.553556 0.214108 -11.445947 -23.185427 12.215107 -0.493803
-6.421759 3.404882 -33.519985 -15.822725 13.118809 14.179235 -7.564188 -28.203938 20.628094 10.650491 -2.293562 0.182535 -32.893162 -12.739114 18.100792 9.222141 6.025689 -23.821400 31.107304 5.597844 -6.063258 -0.707000 -37.312435 -24.149984 17.197315 1.069587 -11.783365 -21.218876 13.489317 0.485955
-6.974998 2.755960 -35.861496 -13.509951 14.611609 14.609870 -6.515475 -24.742737 22.948807 14.451029 -2.143403 2.142489 -36.270287 -13.066201 15.674502 10.057127 4.789937 -20.643650 32.982372 9.122576 -8.782006 -3.281311 -41.567226 -24.486242 16.014547 0.664262 -10.426847 -19.554716 13.486346 3.671782
-6.915421 -0.572414 -39.133381 -10.944795 15.005401 14.298087 -3.980841 -20.952991 24.743338 17.720114 0.621537 2.318155 -40.057823 -14.823725 11.128295 11.024688 5.112700 -18.068895 33.627735 10.634296 -7.615632 -6.211572 -44.334373 -25.087763 13.360036 -0.635872 -8.724238 -19.721569 11.697529 6.500672
-3.833930 -1.592793 -39.009808 -9.414739 14.598310 13.519643 -4.582666 -16.837030 27.130606 19.937082 3.256992 0.289990 -41.385292 -18.629257 6.057847 11.095096 8.750116 -17.317797 31.434517 11.103408 -2.406008 -4.051516 -44.371281 -25.961998 9.351240 0.891844 -8.627848 -17.196152 11.579352 8.514367
1.802090 -1.067541 -38.343605 -7.733562 13.101854 12.909377 -6.236073 -16.148363 27.251141 21.277048 7.098371 -5.188210 -42.075012 -17.242739 3.909683 11.611389 8.812345 -17.786959 27.026119 13.703089 2.582165 -2.802751 -45.978359 -24.871157 7.557034 2.624353 -9.079780 -13.076694 13.583040 9.566829
6.579537 -4.124625 -40.716076 -8.860945 8.219705 12.812160 -6.478923 -16.493586 24.624659 21.150896 11.934884 -9.819721 -44.074650 -14.463136 1.703662 11.883195 6.499912 -17.532373 26.261242 15.292901 8.155081 -5.649560 -46.735168 -22.507849 5.509360 5.875014 -12.795629 -10.967591 13.648570 11.077249
8.595534 -7.983116 -42.311367 -9.993014 4.244549 12.931532 -5.765018 -16.722767 20.601542 23.653921 16.759813 -12.658380 -45.148491 -11.695070 0.245837 11.132675 6.155081 -17.932344 25.912077 15.897769 11.471682 -9.796820 -48.125130 -22.448509 2.390475 4.998116 -12.206466 -10.752126 12.379040 12.608236
10.011689 -10.031627 -43.543968 -10.477676 1.606827 11.698012 -3.625096 -17.039936 18.284697 24.546776 18.760908 -13.395027 -44.851345 -10.366311 -0.513103 10.016806 6.857561 -18.549444 24.786531 16.676413 13.661483 -12.196598 -48.708225 -23.237888 -0.130789 3.883576 -10.923962 -11.563340 11.248911 12.740916
9.894419 -10.194613 -43.931496 -10.536662 1.295875 11.433609 -3.218198 -17.174753 18.207550 24.501162 19.069632 -13.321103 -44.847012 -10.273644 -0.657236 9.822370 7.015544 -18.591085 24.686708 16.884054 13.802838 -12.251853 -48.876331 -23.244118 -0.321267 3.554772 -10.614789 -11.792250 11.096152 12.770757
8.954803 -9.572208 -44.109783 -10.778779 1.481895 11.771143 -3.540854 -16.804953 18.194693 25.919214 18.090187 -13.184382 -45.558216 -10.228512 -0.413812 9.626114 6.848473 -18.059189 25.182386 18.133833 12.209535 -11.481801 -49.911507 -23.502443 -0.450995 3.274342 -10.402813 -11.714489 11.484311 14.015374
7.880522 -8.724650 -43.689178 -11.213177 1.818934 12.469862 -4.082640 -15.913189 17.848314 28.141047 16.598408 -12.829792 -46.372379 -10.201056 -0.097718 9.267896 6.593277 -17.392754 25.868999 20.081984 10.119445 -10.476912 -50.840435 -24.084660 -0.665887 2.719562 -9.819575 -11.571796 11.661045 15.545182
6.418025 -6.959629 -43.464905 -11.583490 2.305418 12.970443 -4.340479 -14.896467 17.797808 31.196653 14.578856 -12.396743 -47.504044 -9.960596 0.428729 8.544123 6.614193 -16.334423 26.676367 22.906572 7.628232 -8.762432 -51.994255 -24.125080 -0.300513 1.979799 -9.482131 -10.760233 12.029471 18.599941
4.716761 -4.006106 -42.240173 -12.213481 3.336808 13.454749 -4.938584 -14.205109 17.512781 34.790180 11.317094 -11.950580 -48.682056 -9.671312 1.448970 7.759162 6.434505 -14.838326 27.385391 27.161360 4.292598 -6.158600 -52.861858 -24.013918 1.029824 1.143362 -8.944906 -10.110768 12.839616 21.546347
2.369635 -1.591391 -40.574001 -12.564676 5.090692 14.079841 -4.790291 -12.805524 17.278585 38.312508 8.181707 -11.192100 -48.903458 -9.075072 3.255988 6.843732 6.340911 -13.068816 27.817066 31.497099 0.816337 -3.088310 -52.966702 -23.071054 3.845396 -0.125968 -8.571187 -9.024133 14.381525 23.476072
0.189523 1.623369 -38.474922 -13.014532 7.088325 13.987411 -3.598236 -12.149313 16.565760 41.377674 4.974452 -10.095276 -47.920738 -8.620991 5.441865 6.310135 5.939541 -12.031712 27.497948 35.303280 -1.576823 0.145274 -52.287907 -22.431234 6.077294 -1.323466 -7.735508 -8.030012 15.132435 24.976728
-1.762102 3.988630 -36.514259 -13.289349 8.840949 13.633754 -2.562908 -11.928215 16.320414 43.531979 1.813656 -8.367437 -45.793880 -8.886658 7.866541 5.937979 6.066863 -11.418372 27.002985 37.756592 -3.528660 2.386796 -51.994747 -22.193703 7.666505 -3.069469 -6.549831 -7.448305 15.683475 26.516626
-3.228647 5.619586 -34.713085 -13.583244 10.399176 13.546884 -1.958717 -11.931179 16.156446 44.508041 -0.416848 -7.008571 -43.853306 -9.291493 9.589666 5.536341 6.487252 -10.897902 26.609844 39.300297 -5.227597 4.297649 -51.305599 -22.254358 9.086325 -4.359510 -5.451080 -7.272516 15.513080 27.750660
-3.897129 6.547757 -33.817089 -13.826564 10.983270 13.164464 -1.393372 -12.057369 15.956233 45.128819 -1.656310 -6.121342 -42.774166 -9.541519 10.499496 5.336458 6.721098 -10.623751 26.351719 40.179535 -5.983457 5.125969 -50.847301 -22.469036 9.572825 -5.060910 -4.765374 -7.260573 15.212165 28.412024
-4.125582 6.891548 -33.569927 -13.922263 11.149525 13.038065 -1.196247 -12.066376 15.918987 45.310028 -2.013188 -5.825207 -42.324123 -9.683546 10.778362 5.327042 6.741720 -10.554749 26.281885 40.300705 -6.220023 5.400304 -50.661060 -22.434046 9.869623 -5.273016 -4.609385 -7.205785 15.204000 28.496536
-4.867000 7.416309 -32.790413 -14.124502 11.735876 12.805822 -0.953626 -12.135742 16.065481 45.402832 -2.981491 -5.079122 -41.310341 -10.133407 11.423320 5.439118 6.710702 -10.507154 26.167896 40.421593 -6.828823 5.865326 -49.886505 -22.286398 10.862811 -5.795103 -4.382401 -7.150798 15.248653 28.303083
-6.189509 8.454226 -31.397022 -14.539641 12.899733 12.454779 -0.562654 -12.433799 16.439558 44.946793 -4.860542 -3.638517 -39.843437 -11.058819 12.537568 5.857397 6.696904 -10.267043 26.040985 40.459213 -8.028856 6.645856 -48.533958 -21.880526 12.918938 -6.744933 -3.951614 -7.079047 15.391599 27.648930
-7.495741 9.935660 -29.843248 -15.222358 13.967140 11.890736 0.435726 -12.739074 16.725233 44.284843 -7.043260 -1.633473 -37.785378 -12.275899 13.939015 6.103336 7.139036 -9.869808 25.867758 40.417820 -9.503239 7.630542 -46.954659 -21.474863 15.353703 -7.955256 -3.036430 -7.127162 15.521200 26.441864
-8.885699 11.856726 -27.691305 -15.975316 15.375107 10.779045 1.791387 -13.552868 17.349974 42.439384 -9.266076 0.604497 -35.042854 -13.599598 15.813778 6.448727 7.457328 -8.913008 25.986010 40.024986 -11.017008 8.802639 -45.151775 -21.093672 17.899061 -9.578668 -1.704640 -7.212849 15.638198 24.932930
-10.572440 14.215160 -25.151556 -17.096624 16.990948 9.405294 3.535186 -14.367878 18.061626 40.248554 -11.127888 3.712042 -31.448498 -15.033637 17.970394 6.452509 7.936427 -7.898926 26.409081 39.393913 -13.025886 10.503858 -43.171314 -20.717304 20.973974 -11.591767 -0.199405 -7.679430 16.245350 22.912952
-12.817392 17.378677 -22.022722 -18.402044 19.132990 8.084650 5.626964 -14.606586 18.230276 38.738853 -12.589355 6.869073 -27.517008 -16.059296 20.081652 6.097016 8.965899 -7.659924 25.656258 39.369976 -15.893628 11.861893 -40.282372 -21.614811 23.880150 -13.716043 1.464996 -8.160718 16.997780 20.825411
-13.703712 20.869114 -10.362732 -21.023638 22.310694 0.977935 0.818373 -12.487290 28.086109 37.594162 -15.256991 13.950420 -19.960587 -15.327676 29.358797 3.592388 14.854317 -8.326304 24.611826 33.948753 -15.090303 15.597405 -27.635988 -21.981899 26.926916 -16.962856 -0.714850 -2.267480 26.254675 23.177589
-15.793036 22.359989 -4.514199 -23.158833 24.739296 -1.118127 3.883781 -13.832959 27.542587 34.272018 -18.177084 16.684267 -13.220081 -17.374521 32.288456 3.806105 15.197132 -9.773995 22.816608 32.927086 -18.248434 17.994465 -21.336596 -24.824556 30.304529 -18.529585 1.364947 -3.216686 24.508892 21.263906
-18.631189 21.921396 1.384767 -25.179008 27.250580 -2.664760 6.524331 -15.996586 26.543480 29.242674 -20.917318 18.130116 -6.750091 -19.550997 34.262821 4.759280 14.689491 -11.842275 20.621771 30.897524 -20.772144 19.025480 -14.610515 -27.578892 33.472767 -18.251709 2.280966 -4.086222 21.869867 17.901581
-23.137823 17.706045 4.932497 -26.614651 29.271063 -2.945439 10.247416 -18.698032 25.554853 24.354927 -23.592972 17.768118 -1.432646 -23.282633 34.471806 7.259718 16.260504 -15.160808 16.714401 27.421764 -24.311735 16.504122 -11.271466 -30.255880 37.733337 -19.046566 2.733159 -5.108284 17.180569 12.807233
-24.902514 15.263239 7.808640 -28.331245 29.784878 -3.474521 10.207568 -21.123846 24.919493 19.747919 -24.010765 16.721216 3.900000 -24.673048 35.569530 8.732096 14.833865 -17.775719 14.526540 23.589968 -26.061602 15.005382 -6.815056 -32.837029 39.292492 -19.085808 3.769433 -6.094665 14.977508 9.471570
-26.327662 13.015923 10.440491 -29.886263 30.154009 -4.147201 10.230011 -23.350456 24.451435 15.412715 -25.024185 15.947462 8.401633 -26.049482 36.911369 9.355980 14.752582 -19.112019 13.050542 20.686049 -28.033070 13.542873 -3.260932 -35.611217 40.116173 -19.379671 5.224680 -7.083013 12.968501 6.394881
-26.386972 10.981794 12.632735 -30.594637 30.570606 -5.019589 10.740507 -25.406055 23.755335 11.665267 -26.104229 15.409250 12.117589 -27.416954 37.623878 9.293067 15.318767 -20.704506 11.822705 18.378325 -28.827387 12.011016 0.173429 -37.590000 40.569870 -19.649263 6.093983 -8.687362 10.722506 3.703310
-26.653090 9.250075 14.138640 -31.029764 30.920031 -5.363716 11.139876 -26.690624 23.497869 8.319010 -26.085083 14.266479 15.258063 -28.204243 37.833153 9.390688 15.450539 -22.875938 10.950656 15.068729 -28.894566 10.752163 3.112699 -39.002098 41.190441 -19.518246 6.606461 -10.150862 9.160335 0.872514
-26.567091 7.185230 15.571067 -31.384882 30.910784 -5.398304 10.903346 -27.869917 23.206556 4.940803 -26.274685 13.358228 18.398285 -28.989996 38.515213 9.464130 15.503322 -24.317070 10.527680 12.145391 -28.198967 9.579076 5.988704 -39.994648 41.620178 -18.968794 6.628765 -11.406517 7.966486 -1.920636
-26.544336 5.090283 17.047400 -32.025242 31.140156 -5.502700 11.353408 -28.399572 23.051016 2.235405 -25.554682 12.457541 20.741066 -29.359394 39.054794 9.569468 15.383883 -25.303665 10.225408 9.741162 -27.254911 8.500835 8.189042 -40.239254 42.285160 -18.426466 6.504038 -11.871087 6.889750 -4.184184
-25.798405 2.993364 18.120590 -32.621708 31.360231 -5.452210 11.739992 -28.477974 23.035944 -0.203091 -24.424818 11.484623 22.659906 -29.389257 39.568893 10.026674 14.772986 -26.139189 9.722642 7.607433 -26.126589 7.204741 9.869089 -40.470036 42.460304 -17.607941 6.148006 -12.213772 5.937691 -6.174095
-25.414242 1.650643 18.976133 -32.786015 31.726671 -5.260453 11.957550 -28.298447 23.007034 -1.561543 -23.909243 10.829379 23.785339 -29.317930 40.074757 10.281274 14.380990 -26.519861 9.400161 6.593257 -25.677557 6.368837 10.929690 -40.492790 42.946285 -17.227907 5.985234 -12.150290 5.524536 -7.509923
-25.284586 1.037875 19.314110 -32.803802 31.890694 -5.157037 12.098596 -28.097017 23.013811 -2.092907 -23.502810 10.473329 24.267796 -29.286594 40.172089 10.466026 14.207746 -26.734402 9.173216 5.995897 -25.446695 6.038643 11.530923 -40.510704 43.254318 -17.046179 5.871314 -12.105159 5.372207 -8.184262
