32.252495 -32.395256 -5.651031 -14.079684 18.319977 27.707472 15.619544 18.648142 6.553643 13.754692 37.774021 -28.297970 -21.096365 -20.749632 26.751608 17.644476 1.105923 28.435465 -10.274997 4.687417 27.734003 -28.646465 -16.416035 -16.479204 25.625141 10.176264 -3.221045 35.598465 7.032560 3.803955
31.979269 -32.840115 -5.495378 -14.186032 18.353731 27.607510 15.710563 18.401672 6.298997 13.765513 37.751656 -28.366886 -20.896122 -21.147261 26.616848 17.869659 1.287548 28.388611 -10.673921 4.500439 27.622372 -28.935635 -16.273565 -16.794479 25.523487 10.278134 -3.043718 35.584106 6.810858 3.549919
31.669771 -33.440468 -5.287883 -14.277494 18.262711 27.268187 15.776144 17.704077 5.797759 13.589108 37.724216 -28.536201 -20.418518 -21.677013 26.405479 18.135979 1.510707 28.099718 -11.374807 4.174854 27.585575 -29.448542 -15.967754 -17.341675 25.196239 10.275393 -2.683492 35.331921 6.279514 3.208453
31.425571 -34.325176 -4.880575 -14.377361 18.250591 27.019186 15.809587 16.835432 5.174568 13.171283 37.717030 -28.723486 -19.736650 -22.433170 26.097681 18.472305 1.813432 27.515129 -12.294214 3.532751 27.597157 -30.250326 -15.286006 -17.975758 25.063854 10.227991 -2.215694 34.886452 5.547725 2.429423
31.054886 -35.455677 -4.588890 -14.492775 18.172070 26.684740 15.871990 15.768375 4.445595 12.760005 37.802399 -29.131386 -18.930521 -23.416811 25.580894 18.801546 2.276460 26.768682 -13.407087 2.595362 27.370899 -31.332373 -14.676367 -18.720726 25.004593 9.950979 -1.553123 34.359436 4.771601 1.479531
30.385141 -36.501625 -4.180254 -14.524386 18.338392 26.331726 15.801340 14.660492 3.825091 12.581437 37.780945 -29.338091 -17.968822 -24.306776 25.122076 19.127676 2.570393 25.830633 -14.456063 1.830119 27.430389 -32.215889 -13.829421 -19.714586 24.650379 9.964022 -0.934034 33.649242 3.737192 0.593473
29.984011 -37.525440 -3.612127 -14.477379 18.371992 25.729132 15.924753 13.300894 3.012311 12.257453 37.639545 -29.816792 -16.691040 -24.815567 25.055260 19.276297 2.842489 24.619261 -15.474154 1.011344 27.477209 -33.018055 -12.681026 -20.560398 24.598272 9.733904 -0.319410 32.774727 2.646830 -0.567349
29.632158 -38.848976 -2.955181 -14.468595 18.426756 25.306171 15.935575 11.959505 2.443740 11.676369 37.814415 -30.054338 -15.415211 -25.477909 24.836973 19.588175 3.136460 23.464247 -16.467096 -0.149207 27.435362 -33.818661 -11.724515 -21.265387 24.707949 9.408077 0.222908 31.909710 1.727584 -1.750801
29.386421 -40.483871 -2.268084 -14.700635 18.475388 24.904764 16.234100 10.678946 1.799058 10.647620 37.730522 -30.283293 -13.844480 -26.016268 24.929352 19.656317 3.350716 22.330547 -17.371838 -1.188762 27.561697 -34.879364 -10.524127 -22.003847 25.030413 9.065524 0.848882 31.098442 0.701469 -3.196290
28.800760 -41.933365 -1.722547 -14.804246 18.597042 24.477676 16.240236 9.144141 1.370312 9.581811 37.225426 -30.695042 -13.026560 -26.313601 25.022551 19.717215 3.187307 21.312330 -17.927700 -1.854754 27.005400 -36.012291 -9.811156 -22.588947 25.328213 8.817132 1.083603 30.382111 -0.064870 -4.043842
28.732822 -43.569572 -1.055837 -14.727401 18.599041 23.921354 16.241411 7.546475 1.081351 7.955870 37.234325 -31.202259 -12.132889 -26.802803 24.728626 19.741411 3.324066 20.060654 -18.794889 -2.732280 27.003180 -37.057968 -8.770541 -23.246811 25.346006 8.381899 1.582583 29.148455 -0.913334 -5.446139
28.766779 -44.761200 -0.627888 -14.618676 18.521641 23.122263 16.358341 5.877729 0.809325 6.467421 37.377762 -31.573408 -10.768867 -27.091280 24.673676 19.815207 3.361973 18.703011 -19.754650 -3.532112 27.356630 -38.039524 -7.868121 -23.864000 25.016262 7.813978 2.107716 27.810871 -1.747607 -6.630311
28.330847 -45.311344 -0.284518 -14.334250 18.541611 22.381918 16.099380 4.276567 0.655001 5.710748 36.963493 -31.642040 -9.806881 -27.501755 24.526587 19.818163 3.234311 17.085270 -20.555046 -4.373621 27.235655 -38.555424 -6.943073 -24.229677 25.002655 7.222996 2.238612 26.335297 -2.435583 -7.468706
27.720705 -45.854355 0.088522 -14.162960 18.665045 21.769228 16.106524 2.795412 0.458311 4.832237 36.284172 -31.737291 -8.971075 -27.665625 24.895302 19.940279 3.165040 15.967448 -20.968143 -5.079883 26.977093 -38.944881 -6.405309 -24.617899 24.942648 6.789545 2.446203 25.386086 -2.870572 -8.020753
27.300985 -46.572220 0.389564 -14.043066 18.704123 21.206314 16.224558 1.597606 0.277590 3.701261 36.070404 -31.676680 -7.887815 -28.096268 24.766840 19.932543 3.607621 14.687588 -21.615858 -6.139452 26.946705 -39.209843 -5.764458 -24.879564 24.834833 6.479994 2.511213 24.224455 -3.212947 -8.841949
26.855408 -46.824799 0.866366 -13.848313 19.073580 20.637791 16.143526 0.531912 0.229245 2.846191 35.716515 -31.336943 -6.970125 -28.382217 24.971863 20.007799 3.820441 13.883696 -22.004271 -6.770099 26.619328 -39.342461 -5.368239 -25.055691 24.926094 6.257722 2.542101 23.462711 -3.380180 -9.311418
26.612732 -46.902695 1.102057 -13.743468 19.189230 20.247717 15.985808 -0.426484 0.076006 2.240677 35.389214 -31.142866 -6.382007 -28.542198 25.140001 20.065723 3.914703 13.245188 -22.353451 -7.103595 26.375879 -39.326202 -5.081282 -25.253069 24.851738 6.120408 2.514209 22.759975 -3.523118 -9.511770
26.296026 -47.022705 1.417954 -13.588980 19.469318 19.882328 15.828066 -1.176397 0.063821 1.766869 35.104607 -30.987066 -5.826643 -28.715918 25.256506 20.047806 3.998789 12.754018 -22.593313 -7.294487 26.370611 -39.316471 -4.581000 -25.384277 25.040804 5.832753 2.686846 22.327913 -3.672114 -9.950969
26.237524 -47.245499 1.387065 -13.506396 19.486742 19.674467 15.831179 -1.547631 0.088954 1.392374 35.055363 -30.890221 -5.542655 -28.811399 25.286905 20.089031 4.096629 12.536283 -22.755838 -7.411090 26.334412 -39.400314 -4.433960 -25.391785 25.177452 5.647823 2.780072 22.078911 -3.728145 -10.192827
26.169840 -47.186913 1.407006 -13.460041 19.507843 19.553091 15.761035 -1.800959 0.034219 1.367346 34.987999 -30.840031 -5.350882 -28.868298 25.306860 20.071409 4.138372 12.410393 -22.867390 -7.369769 26.353647 -39.413834 -4.361599 -25.432800 25.149435 5.517188 2.886494 21.893387 -3.774873 -10.320298
26.332954 -47.013073 1.943303 -13.494581 19.687645 19.268995 16.071201 -1.792654 -0.082840 1.384370 35.079933 -30.344265 -4.832860 -29.058029 25.328209 20.127764 4.087516 12.419795 -23.147495 -7.125461 26.587950 -39.253242 -3.748211 -25.596191 25.225410 5.443232 3.160311 21.918207 -4.096029 -10.388702
26.591223 -46.359238 3.558221 -13.399537 20.333557 18.582682 16.565887 -1.734113 -0.520955 2.120848 35.086239 -29.303064 -3.775094 -29.219860 25.682076 20.249260 3.601650 12.841073 -23.595585 -5.899762 26.840122 -38.326847 -2.408131 -26.104542 25.164227 5.300240 3.679043 22.137400 -4.776235 -9.863517
26.751312 -44.227489 5.876514 -13.569462 21.165480 17.077051 17.228893 -2.692096 -1.156964 2.442071 34.394493 -26.565004 -1.762477 -29.579866 26.269558 19.514870 3.501899 12.999524 -24.201706 -3.914425 27.061647 -35.963745 0.231882 -27.322824 25.169592 5.116761 4.601230 22.276464 -6.257221 -9.118937
26.310276 -41.848934 8.872258 -13.289964 22.797703 14.593330 18.546898 -3.481759 -2.082216 3.978554 34.296936 -24.658504 1.431568 -29.900682 27.188263 18.914141 3.758138 13.109394 -25.697906 -1.952401 26.695347 -32.581558 2.665035 -28.174763 25.611624 3.931913 5.557525 22.303411 -7.108890 -7.270803
25.174911 -37.784218 12.698738 -13.407924 24.824312 11.765652 20.491045 -2.884943 -3.269118 7.655925 33.505974 -21.003016 5.149831 -30.089012 28.160770 17.051065 4.359116 13.254807 -26.875942 2.560454 26.263418 -27.448792 5.123570 -28.867252 26.298275 2.164260 7.205470 23.758944 -7.582083 -3.849943
24.251900 -31.815371 14.925652 -13.754992 26.538599 7.821903 22.918739 -2.136482 -4.338013 11.490947 32.417465 -15.904675 9.276020 -30.020147 29.489264 14.457338 4.664270 13.438626 -27.372252 7.842478 24.791599 -21.120426 7.275677 -29.449911 27.266514 0.001747 9.371986 24.743626 -7.942833 1.068226
22.333908 -25.538050 17.083584 -13.964158 30.035700 4.647740 25.256557 0.114070 -3.874395 13.841573 30.803711 -12.354958 13.717926 -27.980515 32.438118 11.381639 3.554307 12.852795 -27.168447 12.830197 22.063467 -14.198348 8.553221 -28.706331 29.381582 -1.773858 10.874248 26.065613 -7.601748 7.156652
20.805584 -18.681974 20.496136 -13.746833 33.448589 -0.329363 26.220667 -0.198186 -4.685773 16.634365 27.018202 -8.703977 17.622068 -25.268160 35.228508 7.646450 2.788219 10.715101 -27.405123 19.991102 18.043570 -7.889369 11.511045 -27.443527 32.109093 -4.840972 10.924060 25.123259 -8.606750 15.381047
18.132914 -11.540432 23.525597 -13.587100 36.870594 -3.783524 26.399096 -1.143113 -5.920040 21.965494 21.803501 -6.135102 18.985249 -22.156809 37.446758 1.810714 4.973546 9.364274 -24.076797 28.198612 13.992814 -3.049988 13.344597 -26.136375 33.842270 -8.150777 9.828749 21.303080 -9.351467 22.962006
15.502862 -3.913278 23.015114 -12.465268 38.193676 -5.571507 24.039579 -3.108712 -6.785874 28.089636 17.402399 -4.946628 17.631121 -18.874798 38.365833 -4.200943 7.442262 6.007420 -20.250843 33.038361 10.610846 1.003378 14.644043 -24.655790 34.654526 -10.903459 7.944821 15.794785 -8.734662 29.015564
14.492307 3.259314 18.458183 -10.526392 36.764694 -6.884824 20.270920 -4.493426 -6.627983 35.906406 14.602655 -4.020153 14.508074 -15.289878 38.611187 -8.769071 8.815943 2.140369 -15.825931 36.737404 10.418442 3.712875 15.577594 -22.029484 35.150425 -13.488140 6.787022 10.058782 -7.085322 33.588200
16.443535 7.785341 12.992208 -9.830198 33.577377 -9.073428 16.082930 -7.833193 -8.004188 38.752052 15.208425 -2.176856 12.197847 -12.085570 37.795788 -12.204632 8.712891 -3.317986 -12.973249 36.491585 11.612782 6.936934 14.637472 -19.761856 33.971359 -16.179028 5.970410 3.542253 -5.574337 36.803288
20.013597 9.816751 8.818728 -8.783832 32.158367 -11.219565 12.186164 -10.210875 -9.335003 36.656387 17.885332 -1.298955 11.739962 -9.350849 37.195545 -15.074234 7.953810 -8.020213 -10.493157 33.537384 14.485703 8.151670 13.998826 -17.754490 32.604923 -16.606844 4.199471 -1.762168 -4.414175 36.261570
24.134699 11.997284 5.872356 -9.162064 28.689816 -12.785810 9.902813 -14.173927 -10.803273 32.780296 21.790266 -1.784246 10.760685 -7.128687 34.811089 -17.702440 8.186079 -11.723929 -9.267197 30.814001 18.332088 8.755668 13.381457 -16.664379 29.473986 -16.794960 1.478175 -7.117473 -3.406615 35.828815
29.835373 14.015981 4.918466 -9.181743 25.979708 -13.778311 6.516205 -18.745590 -11.979886 26.868671 25.500765 -2.133901 10.128349 -4.337118 33.452896 -19.634998 7.618062 -16.406815 -8.534939 27.828421 22.566290 8.573080 12.021653 -16.350981 25.731714 -16.220091 -0.011366 -12.464138 -5.049888 35.259800
35.389198 15.059755 4.991787 -8.653089 24.049019 -14.604589 2.817789 -22.301634 -12.049358 20.602709 30.475050 -1.933223 9.912258 -1.316725 31.750332 -20.411716 4.921612 -20.640394 -7.631988 25.086775 26.897432 8.023499 10.583717 -14.086434 24.447605 -14.463618 -1.907193 -16.301516 -6.754889 33.988411
38.785320 14.965786 3.910683 -8.211756 22.313999 -14.916018 0.621116 -24.493732 -12.142675 16.505167 33.990868 -1.441573 9.294135 0.785682 30.027121 -20.616272 2.242695 -24.958269 -7.045655 22.579424 30.282413 7.369503 8.548331 -11.251953 23.751314 -13.337331 -3.697952 -18.938976 -6.875788 32.596195
40.964451 14.727837 2.082565 -7.834103 20.659721 -14.855115 -1.076658 -25.302206 -12.167925 14.679700 36.245384 -1.613708 8.135208 1.627475 28.253098 -20.788605 0.485783 -27.677753 -6.428283 20.305363 33.029716 6.545542 6.971290 -9.361334 22.794527 -12.607766 -5.630114 -20.966917 -7.227698 32.046047
41.644630 14.354018 0.498838 -7.950263 19.051453 -15.125967 -2.114892 -26.563789 -12.289573 13.459601 37.049831 -1.626784 8.151567 1.787292 27.242477 -21.257807 0.041359 -29.171196 -5.798953 19.364817 34.150993 5.799513 6.523106 -9.038827 21.926577 -12.443796 -5.857701 -22.520603 -7.716413 31.153692
41.978306 14.183078 -0.448247 -7.956535 18.223385 -15.180827 -2.552569 -27.004124 -12.163916 13.115367 37.616222 -1.812765 7.679110 2.016066 26.791327 -21.454807 -0.051818 -29.700022 -5.662777 19.013132 34.732388 5.289362 6.043646 -8.774423 21.444960 -12.208449 -6.220630 -23.063015 -7.854328 30.931271
41.821293 14.266139 -0.120144 -7.939163 18.423403 -15.201979 -2.467795 -27.125042 -12.269909 13.203044 37.313911 -1.779675 7.854817 1.849570 26.861797 -21.514977 0.020273 -29.691809 -5.819196 19.187860 34.542969 5.386361 6.142378 -8.819062 21.574816 -12.336168 -6.139686 -22.951365 -7.827115 30.974316
41.605507 14.514694 0.415821 -8.162269 18.667122 -15.199237 -2.312250 -27.025373 -12.696564 13.514483 36.934391 -1.802913 8.119717 1.658821 27.132053 -21.554779 0.139956 -29.440935 -6.148727 19.404665 34.228153 5.583023 6.351300 -8.939694 21.813478 -12.555525 -6.021138 -22.726967 -7.947779 31.204296
41.212822 14.776094 0.975618 -8.274483 19.127476 -15.480617 -2.173726 -27.037487 -13.198397 13.986701 36.552002 -1.824889 8.157432 1.469299 27.501253 -21.500219 0.321372 -29.128000 -6.743510 19.617060 33.762177 5.498299 6.320643 -9.091238 22.132954 -12.897977 -6.016129 -22.181896 -7.992881 31.425570
40.092850 15.027569 1.608440 -8.716801 19.599442 -15.905125 -1.737443 -27.040920 -14.194628 14.748148 35.952999 -2.097385 8.588005 1.239357 28.075682 -21.796276 0.755685 -28.618406 -7.582015 20.091120 33.021629 5.583979 6.373611 -9.239670 22.708193 -13.481648 -5.974080 -21.436258 -8.077582 31.886686
39.115303 15.206819 2.386125 -8.944693 20.328907 -16.203123 -1.360804 -26.910820 -14.783566 15.165227 35.247200 -2.263556 9.333949 0.765806 28.750092 -22.169672 1.492385 -27.777208 -8.515002 20.719648 31.963795 5.824896 6.992120 -9.799390 23.467695 -14.314908 -5.729936 -20.859173 -8.521857 32.033798
37.859985 15.391651 2.959962 -9.436100 20.817545 -16.463989 -0.898633 -26.864779 -15.349313 15.781109 33.950882 -2.274999 9.825709 -0.054114 29.292147 -22.390467 2.348583 -27.225222 -9.594419 21.262039 30.783480 5.527292 7.353813 -10.433833 23.983679 -15.067430 -5.185538 -20.456591 -8.950023 31.875767
36.196877 15.535383 3.520060 -10.243256 21.351566 -16.918467 -0.667525 -26.671453 -16.424425 17.046568 32.755043 -2.801733 9.909757 -0.925587 29.711987 -22.881779 3.444273 -26.332937 -10.288634 21.735834 29.012318 5.437224 7.986260 -11.722851 24.429243 -16.364304 -4.383327 -19.822515 -9.340768 32.158016
34.485481 15.423680 3.679735 -11.266790 21.453928 -17.171656 -0.095189 -26.353899 -17.585007 18.226137 31.516903 -3.530904 10.283418 -1.823834 30.158001 -23.178272 4.513626 -25.521843 -11.121453 21.953487 27.960823 5.371086 9.117928 -12.642577 25.142967 -17.589493 -3.824811 -19.835117 -10.343545 32.332066
32.530113 15.079440 3.639947 -11.761067 21.626579 -17.399286 0.994496 -25.948774 -17.868128 19.271181 30.409067 -4.214800 10.467160 -3.083535 30.156961 -23.522928 6.001802 -24.691002 -12.113546 22.105238 26.710045 5.225039 9.903203 -13.726615 25.628265 -18.707699 -3.478452 -19.498199 -10.772567 32.349903
31.009722 15.235274 3.546787 -12.798667 21.360138 -17.597101 1.726498 -25.999975 -19.031235 20.252699 29.436245 -5.130758 10.685785 -4.577874 29.963209 -23.968811 7.932673 -24.550875 -13.358231 21.731993 25.760157 5.019343 10.439853 -14.946568 25.654133 -19.611870 -3.090348 -19.386175 -11.859473 32.376106
29.302786 15.016977 3.400188 -13.817326 21.379772 -18.088497 2.518712 -26.002787 -20.242258 21.256399 27.889280 -5.594621 10.998234 -6.162807 29.947605 -24.379770 9.486103 -24.315233 -14.541959 21.738501 24.423019 5.132349 10.768629 -15.931473 25.985439 -20.717793 -2.701778 -19.029886 -12.206961 32.342686
27.593006 14.693020 2.964602 -14.939725 21.264025 -18.276241 3.315613 -25.642775 -21.285402 22.007387 26.597885 -6.132052 11.097564 -7.716578 29.404093 -24.431854 10.856517 -24.199501 -15.878890 21.836645 23.356920 5.283420 11.036583 -17.103727 25.891392 -21.747192 -2.252125 -18.703613 -12.388951 32.120731
26.025187 14.307257 2.442982 -16.239077 20.863388 -18.450182 3.984011 -25.579462 -22.933184 22.853544 25.575071 -6.621478 11.407711 -8.995194 29.080912 -24.493753 12.016532 -24.222692 -17.153294 21.607826 22.428886 5.228207 11.378413 -18.279512 25.642908 -22.548277 -1.670505 -18.921619 -12.953455 31.729305
24.885664 13.957117 1.788879 -17.566530 20.348063 -18.649803 4.506658 -25.328962 -24.194826 23.171955 24.791162 -7.022069 11.849080 -9.943627 28.747477 -24.688467 12.535816 -24.458178 -18.255350 21.650145 21.789234 5.095526 11.623229 -19.242216 25.467724 -23.137909 -1.195985 -19.030598 -13.572751 31.321333
23.712896 13.582414 0.932143 -18.303551 20.225063 -18.911987 5.161782 -24.828175 -24.792717 23.387060 23.655266 -7.122642 12.033403 -10.484342 28.967876 -25.059259 12.770675 -24.670156 -18.625874 21.660543 21.171215 5.015248 11.701896 -20.181288 25.194498 -23.649031 -0.856984 -18.971739 -14.084686 31.013018
22.802111 13.252644 0.654731 -19.238749 19.907122 -19.233931 5.466236 -24.864431 -26.046331 23.794508 22.826477 -7.284300 12.428756 -10.961373 29.100733 -25.455956 13.062854 -25.040461 -19.054096 21.633299 20.683468 4.994758 11.915565 -20.924858 25.034750 -24.097963 -0.538383 -19.175428 -14.558148 30.795452
21.891394 13.080360 0.272021 -19.836966 19.691486 -19.423958 6.047976 -24.841808 -26.662642 24.066919 22.130640 -7.494888 12.599139 -11.285704 29.211874 -25.841131 13.351711 -25.493504 -19.400982 21.631979 20.272419 4.993620 12.102682 -21.535412 24.920536 -24.483191 -0.427528 -19.492092 -14.973149 30.727692
21.450386 12.967121 -0.033305 -20.190016 19.514536 -19.636045 6.243979 -24.934362 -27.145952 24.127954 21.744282 -7.492271 12.480525 -11.675932 29.022106 -25.953217 13.597690 -25.843447 -19.619717 21.493967 19.941078 4.811512 12.136457 -22.069818 24.585356 -24.702969 -0.281765 -19.868008 -15.307843 30.614080
21.018290 12.865503 -0.129129 -20.486431 19.356541 -19.848930 6.408279 -25.098354 -27.627153 24.341320 21.300261 -7.553599 12.370537 -11.928524 28.919720 -26.080704 13.778191 -26.045263 -19.751579 21.542290 19.650944 4.631907 12.299047 -22.362352 24.484903 -24.861902 -0.208184 -20.134197 -15.560597 30.618919
20.912697 12.767006 -0.126588 -20.514072 19.333792 -19.941553 6.461942 -25.213451 -27.750719 24.401648 21.221384 -7.570140 12.419661 -12.005713 28.883839 -26.090319 13.868263 -26.138786 -19.828350 21.493380 19.639008 4.617038 12.376711 -22.492975 24.367783 -24.875509 -0.113101 -20.260618 -15.664093 30.589045
20.683777 12.814972 -0.150652 -20.483391 19.367594 -19.915916 6.561488 -25.139824 -27.714939 24.801516 21.054920 -7.504783 12.300007 -12.030557 28.877954 -26.136755 14.012814 -25.875832 -19.766006 21.810884 19.340187 4.777205 12.312088 -22.558210 24.387901 -25.035486 -0.049237 -20.059780 -15.411096 30.873751
20.299002 12.702476 0.037673 -20.158953 19.821739 -19.802229 6.886507 -24.590481 -27.541712 25.800100 20.512239 -7.554207 12.383614 -12.148171 29.030016 -26.296818 14.348144 -25.180651 -19.767849 22.459984 18.606157 5.292523 12.229196 -22.295290 25.065550 -25.549526 -0.029686 -19.217825 -14.504544 31.155207
19.366852 12.410062 0.336847 -19.831593 20.428289 -19.750927 7.462306 -23.678652 -27.333448 27.670118 19.370968 -7.538647 12.211970 -12.454606 29.140022 -26.532278 14.819869 -24.122091 -19.673244 23.707338 17.598793 5.505986 12.523871 -22.132786 26.052311 -26.418989 0.336794 -18.130100 -13.662316 31.340302
18.123020 12.263369 1.086743 -19.714109 20.775478 -19.840380 8.753952 -22.552200 -27.122536 30.284437 18.672691 -7.515804 12.187695 -12.940610 29.101070 -26.374762 15.678264 -22.251564 -19.601318 25.196558 17.145418 5.298222 12.763072 -22.181973 26.367382 -26.858418 1.266934 -16.189644 -12.886483 31.906786
17.555138 12.086067 2.062078 -19.338619 21.805744 -19.978571 9.115902 -21.311172 -27.174654 32.598358 18.321264 -6.990668 12.121201 -13.042390 29.135323 -25.927149 15.975358 -20.479429 -19.162165 26.727144 17.842302 5.410540 13.397817 -21.337307 27.241711 -27.369389 2.801512 -14.224926 -12.655645 31.554459
16.785055 11.810068 3.234744 -18.589533 23.390469 -19.864908 10.034184 -19.165836 -26.790100 35.440327 17.969994 -7.253500 13.054708 -12.829495 30.425961 -25.437946 16.480127 -17.401997 -18.557873 28.442295 17.726994 5.867472 14.216003 -21.403479 28.253134 -27.415270 4.166022 -12.156076 -12.968517 31.562431
16.398846 10.868546 4.731173 -17.030699 25.039812 -19.464544 11.998672 -16.990477 -25.160700 37.875011 17.262642 -8.092534 13.047505 -11.937204 32.184444 -24.511938 17.122442 -13.322553 -17.132195 30.532995 17.939796 5.353883 14.831367 -21.591404 28.880646 -27.560711 5.741375 -10.000996 -13.403163 32.147697
15.569983 8.623663 6.161973 -15.367393 27.338789 -20.434683 13.989265 -15.352894 -24.737127 39.709026 16.460052 -8.779846 14.169219 -10.712584 34.935192 -24.099609 17.898731 -9.364742 -16.007879 33.041348 18.724861 4.057636 15.857288 -20.777136 30.808546 -28.543322 7.280732 -7.634926 -13.258058 31.647322
16.089497 5.912445 6.916059 -13.893846 29.131506 -21.901936 15.888565 -13.097295 -23.354761 39.797791 17.228987 -9.793727 14.709125 -10.495049 35.658615 -22.766037 18.129162 -6.085258 -15.637404 35.106522 20.472322 2.938158 16.145405 -20.149612 31.022074 -27.950769 7.951128 -4.846044 -13.130396 32.191498
18.952755 3.467415 8.338097 -12.203269 30.911118 -22.347116 17.288408 -10.376670 -22.029749 37.951458 20.277952 -11.172894 15.843296 -10.092729 36.176968 -21.640942 18.284269 -3.480685 -15.414081 34.520294 21.376928 0.865985 15.786824 -20.285009 30.796928 -26.955950 8.626826 -1.567440 -13.628785 31.709848
22.047390 -0.152008 10.254243 -10.761201 31.760977 -22.393291 18.519611 -9.393379 -20.136541 33.934509 23.254946 -12.377833 16.905659 -10.384252 36.091782 -19.610655 18.232170 -0.181575 -15.442187 34.147873 22.702311 -0.292755 16.207430 -22.015955 29.181257 -25.003008 10.094911 1.639592 -14.248434 30.730022
25.707802 -2.195766 11.571667 -8.839182 33.245411 -22.197678 19.449734 -7.039517 -18.042252 30.762932 24.955412 -11.430357 16.822338 -11.134229 35.470913 -17.790928 17.940695 2.015810 -15.201938 33.703407 24.744692 -1.318575 15.048745 -22.592449 27.238081 -23.125902 10.722340 4.838133 -13.826094 30.764244
30.953669 -4.156257 13.030775 -6.380037 33.864937 -22.167673 19.651115 -6.081560 -15.803892 26.767466 30.477575 -11.602451 15.873171 -11.500061 34.099613 -14.682693 17.361059 4.613467 -15.489473 31.039993 28.150394 -3.557269 14.129687 -21.857811 26.344290 -20.755606 10.865489 8.289191 -13.085934 28.753283
35.021595 -7.109694 13.421987 -4.527526 33.376740 -19.448120 21.162663 -2.988614 -12.373696 24.079248 35.086948 -13.162275 14.579773 -11.334910 32.265991 -11.284224 17.955196 7.894587 -15.133258 30.133865 31.561659 -6.611946 13.604306 -19.248281 27.272615 -18.174049 10.752502 12.184533 -12.327882 28.211414
37.420738 -10.584142 12.965457 -9.913980 26.561150 -9.697030 28.593626 7.806082 -3.298662 18.543642 40.541332 -8.957801 10.739239 -16.195267 28.854685 -5.692361 15.513681 18.000372 -14.339452 25.206444 34.850647 -1.853398 6.661179 -14.647367 29.479630 -13.767128 10.457033 25.523279 0.897706 19.604193
39.806789 -15.267642 10.380004 -9.162026 24.854378 -4.604675 29.471331 13.190304 0.073309 17.945807 44.420773 -9.689123 7.399905 -17.194309 26.000923 -0.287258 12.525336 21.750343 -15.534034 24.818769 38.520645 -5.291929 3.188423 -13.895906 27.063141 -9.645426 10.392173 29.851675 2.920574 18.154831
41.617439 -19.181723 5.885702 -8.454806 22.243225 -0.064640 26.628010 13.544063 2.028164 16.683111 45.868748 -9.582450 0.752541 -19.969336 21.757519 4.980129 8.767047 22.833723 -16.105059 22.395077 38.659439 -11.117168 -1.652031 -14.957081 23.491722 -6.047584 10.022568 31.154165 3.630705 16.512846
41.151505 -24.062653 0.915275 -7.816408 19.663774 4.061345 24.107498 11.683472 3.888119 14.848415 47.498959 -7.898017 -5.631203 -23.145372 17.755320 10.010221 5.871082 22.640816 -17.084051 18.290953 37.196850 -16.134319 -6.129948 -17.379105 20.023199 -3.447881 9.466662 31.639353 3.380114 14.064309
41.996941 -27.682375 -3.444502 -8.220129 15.623934 8.682650 22.332909 10.084075 4.551676 13.262148 49.006779 -8.389211 -11.995278 -24.672098 14.486521 13.278481 4.272512 21.541643 -17.186409 12.982621 37.411964 -21.944056 -10.767391 -19.182726 16.254633 -0.924309 8.785366 30.112051 2.947799 9.735262
41.665001 -32.977432 -7.968839 -9.006066 12.171503 13.657419 21.805912 8.060039 3.903150 10.422383 50.986248 -10.391128 -16.996210 -27.066454 10.568967 17.271742 3.886986 18.457432 -20.696012 7.763446 38.144985 -28.848957 -14.516013 -21.467558 13.648445 1.223170 7.149328 27.664436 0.189666 4.200768
40.485607 -35.349590 -13.126587 -7.962163 10.712955 16.067873 20.445961 7.930971 6.365225 9.755012 50.118267 -12.296382 -22.292240 -28.645317 7.041933 18.950439 4.023195 16.556784 -20.043228 4.808752 38.470364 -30.949108 -17.777782 -21.456987 12.273025 3.054954 5.116315 25.385820 1.675412 0.566582
38.621140 -34.686440 -18.994904 -6.765041 9.844391 17.074503 17.504225 6.535568 7.662806 11.744082 46.412521 -12.765386 -30.361908 -29.703400 3.953279 18.598331 3.948553 13.267635 -18.530533 4.306769 37.482777 -31.963301 -22.972956 -18.981062 12.674171 2.987885 2.205301 23.242775 5.281425 -1.009508
36.511852 -33.201115 -22.834957 -5.408389 10.152359 18.286444 14.037352 4.875050 8.457490 14.762002 44.944988 -16.241064 -35.869850 -28.465948 3.556410 17.839020 3.525514 10.917834 -16.971802 3.165080 36.859570 -32.967117 -26.986116 -17.621756 12.033509 3.398309 -0.380465 20.799145 8.105618 -1.554855
35.065891 -30.384922 -27.677507 -4.477966 9.633317 19.784687 10.157637 3.448516 10.342820 15.008350 42.124477 -18.187838 -40.714161 -25.872526 4.805439 15.638638 2.589004 9.068471 -13.713368 3.298252 34.263512 -31.992426 -31.825108 -15.677734 11.891943 3.057910 -3.163258 19.292757 12.644231 -0.938719
33.140736 -25.808075 -31.518526 -3.556176 9.499061 20.162603 7.497812 1.733391 12.600883 14.983191 39.115078 -19.803690 -44.185616 -23.202564 6.593751 12.098465 3.245477 7.109544 -9.915740 2.498757 31.612089 -29.472538 -35.617210 -14.460298 11.454032 2.632403 -5.818813 16.871483 15.410613 0.413785
31.179331 -22.716753 -34.578293 -3.588453 9.042134 21.212683 4.690439 -0.080782 14.146178 14.127362 37.643845 -20.327122 -47.758011 -20.139793 9.327223 9.217718 3.288371 5.515330 -6.272299 0.335610 29.409340 -26.466267 -38.664230 -14.544586 10.350534 3.994385 -8.179418 14.512075 16.785889 1.603252
28.081066 -20.927923 -37.004368 -3.029949 9.488693 21.869385 1.608361 -2.109780 15.948223 14.912085 35.134007 -20.029331 -50.726486 -16.798399 12.004157 6.543508 1.655439 4.293870 -2.904839 0.926351 27.284023 -22.833523 -40.690151 -14.401305 9.683858 6.021516 -10.822126 12.875686 18.434380 3.160533
25.190447 -18.965939 -38.608467 -2.583521 9.659000 22.443586 -1.557905 -4.154299 16.452002 16.941687 31.794186 -19.715315 -53.572823 -14.792315 13.037680 4.380217 0.464227 3.310551 0.166343 2.512110 24.760471 -19.124092 -42.276287 -14.620823 9.229946 7.610631 -12.642368 11.052882 18.698772 5.265807
22.211794 -16.502445 -40.573956 -2.559422 9.731529 23.112724 -3.978545 -6.057461 16.490849 20.278763 28.962507 -19.503456 -56.084248 -13.513899 13.700233 2.189244 0.272755 1.839510 3.185810 3.570484 21.358120 -15.417203 -45.164837 -15.508221 7.873611 8.694888 -14.774432 7.288255 19.378191 8.776170
20.103359 -14.549258 -42.235268 -3.378670 9.071251 23.360241 -5.578335 -7.784811 16.226835 22.013235 25.958347 -17.961981 -58.150677 -13.520844 13.805003 0.151903 1.342174 0.518905 5.438344 4.766113 19.127193 -12.782133 -46.643871 -16.364408 6.802890 8.871174 -16.219360 4.097809 19.709259 10.891953
17.795469 -12.827072 -43.243217 -4.359430 8.739391 23.529497 -6.491479 -8.980102 15.714029 23.761284 23.123016 -16.736509 -60.156796 -13.903574 13.943851 -1.034732 2.043232 -0.277942 6.522987 6.286351 16.961020 -11.399641 -48.498535 -16.829613 6.092166 8.743963 -16.692730 2.041275 19.748230 13.025043
15.943608 -10.709937 -42.818390 -4.998903 8.681310 23.001772 -6.659383 -9.948025 15.011860 26.289703 20.041586 -15.677948 -62.007900 -14.208577 13.621276 -2.531444 2.206198 -0.890877 7.657228 9.126616 13.936034 -9.893941 -49.249924 -18.041697 5.056532 8.064404 -16.668886 1.283523 19.535534 16.213755
14.159231 -8.172218 -42.655334 -5.376784 8.684137 22.670122 -7.317930 -10.801234 14.463023 29.665335 17.033638 -15.013409 -63.144936 -14.171212 13.908229 -4.218796 2.622931 -0.759710 8.663556 12.474328 10.983483 -7.692917 -49.952061 -18.932861 4.200952 7.389954 -16.950182 0.906613 19.499491 20.299500
12.663897 -5.745654 -42.302753 -5.531841 8.872438 22.049486 -7.499625 -10.980261 13.965540 33.778488 14.964997 -14.313375 -63.769936 -13.925655 14.243505 -6.236756 3.474065 -0.478585 9.440152 15.600388 9.072709 -5.841310 -49.971046 -20.041420 3.434716 6.282461 -16.333941 0.494931 19.140156 23.435432
11.386241 -3.206417 -40.962700 -5.803607 9.356105 21.005388 -6.842355 -11.045538 13.159828 37.250443 12.731418 -12.919704 -63.776413 -13.722415 14.562757 -8.475227 4.344187 -0.435070 10.058978 18.857494 7.320148 -4.031267 -50.105824 -21.007557 2.913154 4.524981 -15.034465 0.138936 19.213570 25.871729
9.887697 -1.298077 -40.268513 -5.816125 10.082372 20.185137 -5.883792 -10.812729 13.063598 39.569801 11.250664 -11.513823 -63.011166 -13.515278 15.081254 -10.169651 4.921968 -0.360417 10.488748 21.122395 5.942582 -2.539027 -50.181515 -21.493177 2.871803 2.785864 -13.819556 -0.275681 19.353827 27.643894
8.885880 0.448825 -39.560352 -5.914480 10.684999 19.392199 -5.054934 -11.031996 12.900993 40.794640 9.531312 -9.723873 -62.181698 -13.630733 15.543100 -11.373622 5.293377 -0.478939 10.600081 23.297028 4.326540 -1.227114 -50.050598 -21.716190 3.494882 1.247816 -12.829820 -0.666295 19.580780 28.587900
8.076654 1.422839 -39.341667 -5.790231 11.133455 18.637131 -4.223743 -11.148970 13.017639 41.697376 8.449365 -8.547796 -61.782654 -14.031957 15.517999 -12.185035 5.897058 -1.004790 10.510936 24.293867 3.500908 -0.584571 -49.977482 -21.962917 3.631845 -0.058346 -12.032138 -0.976340 19.603725 29.330580
7.464786 2.031374 -39.332760 -5.683106 11.499864 18.213020 -3.724620 -11.360497 13.209909 41.970840 7.826553 -7.991540 -61.320580 -14.211807 15.632771 -12.636859 6.195195 -1.485560 10.243261 24.805084 3.019068 -0.175135 -49.770569 -22.012348 3.947161 -0.678079 -11.762348 -1.218421 19.624718 29.659397
7.393698 2.244371 -39.262592 -5.651872 11.590153 18.078350 -3.544758 -11.396829 13.214456 42.054592 7.668229 -7.864956 -61.192631 -14.240434 15.698354 -12.808065 6.318672 -1.639929 10.151246 24.986631 2.942430 -0.046573 -49.718910 -21.972157 4.057795 -0.870367 -11.681721 -1.306513 19.664364 29.695173
