-26.284328 2.168705 9.331525 -34.655987 42.659061 -18.429146 6.418058 -17.084623 12.042850 -8.712777 -23.513184 10.563487 24.283171 -29.295361 40.199570 10.448564 14.266030 -26.685883 9.165864 6.085252 -26.290529 0.804327 22.612965 -30.508806 42.558075 -6.443184 17.379452 -19.204330 17.619625 -0.211997
-26.366802 2.707561 8.975062 -34.726204 42.380592 -18.606916 6.515673 -17.249029 11.930058 -8.280665 -23.697563 10.884304 23.877382 -29.372469 39.984844 10.207306 14.677361 -26.579865 9.213999 6.538965 -26.262985 0.893469 22.143484 -30.542610 42.238735 -6.792186 17.729252 -19.251173 17.644703 0.134307
-26.256292 3.560467 8.639390 -34.711498 42.064243 -18.851278 6.586666 -17.405603 11.780907 -7.660666 -23.764498 11.300611 23.637014 -29.469358 39.754089 9.925060 15.255715 -26.441240 9.139472 7.114969 -26.225706 1.180236 21.639252 -30.458687 42.018848 -7.332527 18.159670 -19.255259 17.774817 0.668804
-26.250479 4.758603 7.842744 -34.648750 41.425018 -19.102903 6.628037 -17.578070 11.580099 -6.667820 -23.995123 12.049146 22.573759 -29.498116 39.201057 9.529462 16.083839 -26.103891 9.260411 8.173411 -26.151939 1.444487 20.751049 -30.344530 41.520039 -7.978747 18.733284 -19.269705 17.899582 1.471131
-26.246948 6.300337 7.119269 -34.396469 40.887981 -19.397434 6.718433 -17.557100 11.346449 -5.117849 -24.224838 12.629452 21.726542 -29.567179 38.636749 9.013977 16.963175 -25.770279 9.198871 9.395467 -26.331310 1.813220 19.499071 -30.151518 41.076809 -8.918103 19.486319 -19.035189 18.323744 2.486584
-25.657751 7.641902 6.113107 -34.105598 40.188972 -19.731691 6.924049 -17.462563 11.172691 -3.853206 -23.956856 13.289705 20.667713 -29.582693 37.755154 8.562559 17.701704 -25.691679 9.116233 10.331122 -26.331865 2.026299 18.000626 -30.010616 40.377865 -9.807953 20.219376 -18.894512 18.835133 3.407284
-25.240044 9.050247 5.414429 -33.966312 39.806133 -20.163683 7.579678 -17.075554 10.981831 -2.375934 -23.849304 14.115432 19.612783 -29.578224 37.040306 7.989286 18.555824 -25.293207 9.027599 11.755471 -26.418242 2.216141 16.524761 -29.808031 39.866768 -10.774612 21.051439 -18.601904 19.181417 4.618420
-24.682364 10.273521 4.670474 -33.985920 39.356918 -20.480238 8.081243 -16.634886 10.906317 -0.908272 -23.277210 14.678668 18.346869 -29.364937 36.276711 7.465950 19.300009 -24.995941 8.871427 12.982490 -26.331806 2.390554 15.071392 -29.421532 39.408550 -11.610987 21.758690 -18.124619 19.422228 5.751573
-24.086832 11.312867 4.157784 -33.959927 38.976612 -20.920643 8.643427 -16.138700 11.015684 0.330861 -22.749727 15.327259 17.065119 -29.303881 35.310658 6.898215 20.121405 -24.682770 8.817369 14.154903 -25.920961 2.610219 13.647144 -29.047400 38.722488 -12.229918 22.337969 -17.521885 19.632629 7.077950
-23.594975 12.397598 3.598914 -33.697952 38.638744 -21.194883 9.158404 -15.456535 11.097701 1.701617 -22.561550 16.106689 16.328049 -29.403881 34.678268 6.411007 20.906847 -24.157349 8.737495 15.470502 -25.562494 3.049599 12.620907 -28.691978 38.288383 -12.768744 22.828724 -16.959091 19.959557 8.170090
-23.300684 13.636909 3.113667 -33.434685 38.385323 -21.358938 9.476557 -14.686977 11.368130 3.152664 -22.047489 16.687038 15.459716 -29.393990 34.062950 6.169713 21.588833 -23.674290 8.537424 16.466705 -25.071295 3.569445 11.517254 -28.237997 37.823639 -13.147995 23.194019 -16.188396 20.423820 9.224145
-22.830944 14.529943 2.001188 -33.137169 37.879009 -21.337753 9.736610 -13.877829 11.700718 4.489378 -21.458179 17.184799 14.407838 -29.289217 33.253490 5.813194 22.300039 -23.179287 8.512656 17.557444 -24.215015 4.189759 10.617179 -27.885416 37.283455 -13.497180 23.529636 -15.685369 20.780441 10.154467
-22.113552 15.140498 1.007167 -32.931198 37.393574 -21.308323 10.095750 -13.267412 11.763972 5.516404 -20.696785 17.383963 13.330081 -29.140144 32.478703 5.501035 22.947809 -22.800417 8.529815 18.371267 -22.992584 4.604465 9.760721 -27.643438 36.364063 -13.639057 23.703581 -15.358258 20.981239 10.850865
-21.387384 15.858547 0.303050 -32.635643 37.035492 -21.361162 10.413848 -12.527579 11.825124 6.638075 -19.728561 17.634844 12.327122 -28.985315 31.545965 5.192184 23.519655 -22.359808 8.483256 19.195814 -22.114498 5.041953 8.694812 -27.315744 35.557564 -14.046281 24.057959 -14.826342 21.278292 11.905766
-20.544287 16.430601 -0.620912 -32.276989 36.478260 -21.586805 10.972192 -11.919125 11.849204 7.732752 -19.102470 17.915325 11.366502 -28.888426 30.863802 4.729123 24.352322 -21.828613 8.633181 20.110065 -21.236549 5.204894 7.518174 -26.950260 34.706810 -14.376261 24.322268 -14.514828 21.675488 12.682777
-19.870285 16.822744 -1.300383 -31.978268 36.106453 -21.730457 11.391469 -11.321420 12.003777 8.536687 -18.555290 17.985001 10.430212 -28.675243 30.372612 4.328246 24.988945 -21.335632 8.778028 20.861828 -20.701700 5.264884 6.398632 -26.777098 33.957897 -14.480065 24.570728 -14.200181 21.999584 13.199550
-19.253170 17.089298 -2.027709 -31.737577 35.637497 -21.836388 11.731518 -10.913586 12.036255 9.202800 -18.110033 18.064068 9.541780 -28.522961 29.894175 3.972870 25.606970 -20.940220 8.896956 21.510847 -20.209703 5.255853 5.500671 -26.580967 33.280731 -14.556997 24.697462 -14.088857 22.211578 13.705646
-18.693771 17.291193 -2.586023 -31.496933 35.255783 -21.930017 11.991232 -10.501133 12.117471 9.744161 -17.618771 18.126665 8.699193 -28.356834 29.438768 3.673528 26.038877 -20.538782 9.036839 22.139475 -19.825754 5.385808 4.827863 -26.423010 32.794056 -14.739451 24.855722 -13.961104 22.400036 14.228554
-18.262888 17.325205 -2.957751 -31.310957 35.023212 -21.925499 12.002861 -10.275353 12.183462 9.949937 -17.243050 18.050432 7.987093 -28.202969 29.055693 3.480886 26.369204 -20.237354 9.129428 22.554773 -19.696135 5.399312 4.208377 -26.354530 32.364475 -14.759856 24.916777 -13.837136 22.553219 14.616500
-18.146080 17.401464 -3.127167 -31.239231 34.941509 -21.961027 12.080322 -10.179896 12.227299 10.093587 -17.139650 18.058134 7.734849 -28.156603 28.945124 3.413541 26.492159 -20.164757 9.161033 22.680389 -19.637625 5.397254 4.009254 -26.344204 32.203323 -14.811077 24.982687 -13.839674 22.597618 14.735127
-18.083647 17.356857 -3.636119 -31.178118 34.681526 -21.997631 12.190845 -10.155116 12.301519 10.179646 -16.983534 17.914948 7.307326 -28.144423 28.614304 3.222215 26.781414 -20.338387 9.225780 22.572958 -19.538960 5.276463 3.610093 -26.488878 31.678541 -14.797689 24.985622 -14.120723 22.608826 14.830983
-18.265440 17.281836 -5.016482 -31.108757 33.970974 -22.107891 12.365113 -10.288177 12.637791 10.267432 -16.921532 17.765881 6.299553 -28.204039 27.841454 2.646564 27.552073 -20.673180 9.451710 22.538744 -19.278875 5.101973 3.072870 -26.890837 30.665806 -14.883820 25.120453 -14.814417 22.334188 15.200838
-18.675524 17.361710 -7.163985 -31.077391 33.046581 -22.361778 12.999236 -10.329553 13.114212 10.856429 -16.718555 17.657570 4.382568 -28.281971 26.455780 1.835644 28.650640 -21.439312 9.725182 22.569277 -18.958717 4.723665 2.006675 -27.333002 29.281057 -15.135733 25.369329 -15.979731 22.153006 15.697230
-19.532942 17.267908 -10.116815 -31.084740 31.741922 -22.671463 13.639096 -10.559991 13.837894 11.212466 -16.226406 17.315590 1.749344 -28.294399 24.465797 1.080402 29.663925 -22.928148 10.139157 21.699839 -18.339958 4.267570 0.603692 -27.753160 27.494022 -15.216056 25.428444 -17.682154 21.879631 16.171436
-20.802687 16.485733 -14.051435 -31.073580 30.048935 -22.617887 14.028181 -10.908423 14.573592 11.377488 -16.428930 16.874830 -1.489722 -28.404411 22.451612 0.762528 30.064981 -24.390326 11.122596 20.267603 -18.942438 3.058358 -1.955988 -28.336853 25.391321 -14.875690 25.291897 -19.148762 21.965559 16.755381
-21.874031 15.404607 -17.857615 -31.097673 28.630377 -21.948912 13.677229 -11.258914 15.298986 10.606778 -16.944954 16.629908 -4.911395 -28.472506 20.813936 0.876311 29.842598 -26.187809 12.182086 18.303953 -20.252722 1.490450 -5.086156 -29.245735 22.842642 -13.751830 24.643419 -20.965816 22.215240 17.094994
-22.570335 13.768699 -23.362717 -30.405500 27.029442 -20.346012 12.254965 -10.762375 16.304396 10.982572 -16.262157 15.805097 -9.623101 -27.851185 18.801474 1.506575 28.766714 -27.806692 13.589383 15.972243 -20.296543 -0.774102 -8.638308 -29.750263 19.475698 -11.556643 22.863575 -22.710037 22.767963 16.609226
-22.465244 11.991527 -28.538816 -29.578455 25.443460 -17.774862 9.093512 -10.349198 17.005783 11.289567 -15.403317 14.491842 -13.676725 -26.680920 17.862394 2.388824 27.031746 -28.480734 15.411541 13.955686 -19.445269 -3.087800 -12.399171 -29.387890 16.336668 -9.321997 20.604221 -23.798000 23.598949 16.026236
-20.764357 10.003060 -32.508495 -28.919556 23.386120 -15.055689 4.919602 -10.979516 16.861582 10.060950 -13.993659 12.594416 -17.881454 -24.616486 17.605518 3.409767 24.629818 -28.527882 17.526329 12.453517 -18.436316 -4.021926 -15.787163 -28.033024 14.382448 -5.996137 16.917755 -24.017006 25.239634 15.595798
-18.806408 8.571040 -35.457867 -27.193714 22.529057 -12.399055 0.994971 -12.386795 15.689555 9.769165 -12.185490 10.517657 -22.175728 -22.301664 17.665344 4.027259 22.545729 -26.802353 20.880531 11.363515 -17.761015 -3.940390 -18.897696 -25.900261 14.023458 -2.593616 12.805033 -24.383080 26.756069 16.028765
-17.232393 6.401890 -36.804600 -23.383989 24.070011 -9.663345 -3.621416 -14.092370 15.143057 9.631143 -10.735355 9.073301 -25.401453 -20.632833 17.761919 5.325656 19.236715 -26.204300 24.407772 8.771442 -17.020525 -4.684175 -20.950159 -22.754303 15.620790 0.955535 7.917592 -24.989140 27.474983 15.816814
-14.479818 3.881681 -37.998779 -19.242970 25.799658 -6.466793 -7.698709 -15.476719 14.132394 8.819837 -8.903319 7.050412 -28.644413 -19.284998 17.419668 6.960779 15.742005 -24.926722 27.865654 6.685256 -15.391344 -5.764546 -22.654751 -19.407757 17.234871 4.823998 3.851638 -25.615097 27.122225 14.595342
-11.219869 2.213283 -38.868584 -16.514490 26.455694 -3.931406 -11.740806 -17.189274 12.870088 6.735144 -6.971930 4.256090 -30.875761 -17.962875 17.374218 8.158203 13.264351 -23.534676 30.121349 4.957405 -12.074674 -7.232248 -23.510118 -15.909925 17.847033 8.630980 -0.752367 -27.008177 26.498211 13.509362
-8.214267 0.941334 -39.854397 -14.722419 26.409714 -1.782054 -14.719085 -18.236361 11.816046 5.410890 -4.353370 0.358605 -32.396599 -15.656633 18.151054 8.800861 11.003425 -23.086893 31.178457 3.091920 -8.640517 -7.740159 -24.043201 -12.646024 18.975807 10.539830 -3.283992 -28.221458 25.586975 12.341935
-4.495638 0.300647 -39.783768 -13.453455 26.666550 0.536887 -16.922407 -18.497828 10.411958 3.380464 -2.655782 -2.642681 -32.460136 -14.415856 19.140570 9.240217 10.603059 -22.663555 31.211830 1.040404 -4.352045 -8.127554 -24.015541 -9.771771 20.233208 11.629719 -4.487040 -29.993237 23.990440 10.294097
-1.262986 -0.752390 -39.514935 -12.498445 27.180668 2.887342 -18.309303 -19.146105 8.219690 1.401134 -0.974407 -5.313440 -32.156494 -13.117798 20.474855 10.152082 10.155994 -21.897820 30.924152 -1.383059 -0.422660 -9.097474 -24.175892 -7.327511 21.115334 12.830235 -4.887387 -31.124502 22.217823 7.811489
1.183120 -1.654650 -38.704807 -11.809436 27.622223 4.349698 -19.429434 -19.296705 6.669923 0.102439 0.582176 -7.785665 -32.480923 -11.742506 21.666084 10.702375 10.250603 -21.061485 30.512608 -3.149930 2.464139 -9.842277 -24.440062 -5.172450 22.308832 13.680134 -4.978073 -31.218742 21.052284 5.913682
3.042134 -1.663125 -38.638847 -11.837448 27.466543 5.583567 -19.747299 -19.039276 5.235445 -0.431369 1.798635 -9.630981 -32.203022 -10.745316 22.618164 11.013637 10.547854 -20.657921 29.942596 -4.474552 4.657103 -10.108138 -24.229094 -3.973307 23.219116 13.906831 -4.602527 -30.819798 20.326761 4.176923
3.550441 -2.120686 -38.549881 -12.064916 27.410320 6.304095 -19.635307 -18.841547 4.499079 -1.303073 2.399652 -10.816227 -32.022995 -10.335579 23.276047 11.424483 10.514343 -20.041988 29.855419 -5.490133 5.619743 -10.630750 -23.847462 -3.351314 23.989136 14.372969 -4.535925 -30.525728 19.738195 2.577051
3.970091 -2.287737 -38.455856 -12.029813 27.429346 6.667329 -19.534798 -18.704506 4.107309 -1.557248 2.691196 -11.304223 -31.962280 -10.144009 23.513899 11.555415 10.574373 -19.860792 29.695650 -5.878313 5.890357 -10.801872 -23.839966 -3.143451 24.213860 14.575787 -4.419021 -30.402161 19.412659 2.160726
3.842176 -2.147401 -38.408062 -12.071001 27.560608 6.763199 -19.576443 -18.684429 4.129611 -1.555942 2.603647 -11.331380 -31.898129 -10.171925 23.652683 11.612545 10.588306 -19.812145 29.672665 -5.926465 5.867528 -10.751529 -23.843430 -3.072259 24.351198 14.541141 -4.405184 -30.422327 19.467487 2.031414
3.600662 -1.969331 -38.306412 -12.182207 27.720852 6.875617 -19.626339 -18.769466 4.092134 -1.557774 2.379543 -11.389776 -31.766596 -10.227069 23.826994 11.657678 10.587505 -19.885666 29.604944 -5.931772 5.842526 -10.579978 -23.743273 -2.878202 24.774590 14.364356 -4.390858 -30.525642 19.594782 1.827583
3.513311 -1.701116 -37.947411 -12.177727 28.134718 7.087657 -19.629553 -18.740641 3.917118 -1.464547 2.060773 -11.679681 -31.522808 -10.179711 24.321266 11.757741 10.580401 -19.860258 29.447105 -5.960265 5.826599 -10.213543 -23.585175 -2.543652 25.468050 14.060438 -4.275648 -30.565260 19.761019 1.616798
3.024431 -1.426571 -37.394791 -12.281812 28.736069 7.440996 -19.606291 -18.514261 3.837451 -1.207780 1.294132 -11.928999 -31.246244 -10.194142 24.974447 11.883462 10.516267 -19.724522 29.261444 -5.661197 5.414559 -9.901652 -23.621506 -2.206383 26.223970 13.729987 -4.204209 -30.596537 20.097839 1.445422
2.719214 -1.057193 -36.816376 -12.428838 29.228054 7.639879 -19.646175 -18.446581 3.729132 -0.945218 0.334775 -11.872028 -30.885387 -10.361413 25.634104 11.901077 10.589828 -19.437138 29.136276 -5.099850 5.046466 -9.362045 -23.516012 -1.843103 27.061644 13.470347 -4.106026 -30.451195 20.396795 1.292830
1.918772 -0.614821 -35.953285 -12.579138 30.080904 7.745450 -19.337627 -18.266962 3.816689 -0.800622 -0.723293 -11.859885 -30.355238 -10.554709 26.430754 12.061348 10.478280 -19.123888 29.023535 -4.691826 4.152242 -8.959170 -23.174082 -1.611369 28.171082 13.020229 -3.991636 -30.160641 20.930637 0.993877
0.873138 -0.217547 -35.366920 -12.664347 31.179422 8.111678 -18.927900 -17.926123 4.025164 -0.719738 -1.804042 -11.573661 -29.681925 -10.868311 27.282776 12.505827 10.329345 -18.656548 28.782478 -4.209072 3.360658 -8.591764 -22.732536 -1.187039 29.659584 12.618813 -3.846795 -29.698660 21.426006 0.410248
0.103760 -0.016435 -34.532150 -12.544415 32.419670 8.455699 -18.635584 -17.405426 4.390308 -0.922985 -3.055157 -11.041013 -28.662601 -11.268218 28.291019 13.166018 9.956081 -18.076134 28.327927 -3.558002 2.400663 -8.317303 -22.371180 -0.841779 30.878489 12.516122 -3.878524 -29.244883 21.874104 -0.127459
-0.868172 0.174268 -33.589626 -12.538528 33.617161 8.524713 -18.019295 -16.889694 4.787192 -1.019772 -4.659953 -10.413703 -27.940676 -11.911064 29.141804 13.773607 9.862339 -17.324575 27.866341 -2.481551 1.376178 -7.945255 -21.854834 -0.349598 32.631725 11.842804 -3.410394 -28.288870 22.484764 -0.723320
-1.757883 -0.205526 -32.899929 -12.307992 34.858276 8.871982 -17.685516 -16.190762 5.329303 -1.101682 -5.838525 -10.015200 -27.087700 -12.645589 29.620232 14.378434 9.734492 -16.864231 27.364388 -1.901496 0.463638 -7.847761 -21.159861 0.182864 34.391098 11.574163 -3.502807 -27.434776 23.093609 -1.371445
-2.843856 -0.567171 -31.923378 -12.026917 36.279324 8.985757 -17.117531 -15.590051 5.880646 -1.192927 -6.888534 -9.373816 -26.056108 -13.539777 29.927055 14.957414 9.666684 -16.649071 26.701042 -1.422519 0.054802 -7.751009 -20.521896 0.896509 36.071857 11.248535 -3.491313 -26.860151 23.462448 -2.149482
-4.318558 -0.707667 -30.768354 -12.095114 37.719555 9.035594 -16.321747 -14.765560 6.462603 -1.282510 -8.109980 -8.863953 -25.209984 -14.531054 30.150074 15.246014 9.922230 -16.224613 26.221996 -0.932087 -0.954924 -7.451466 -19.620026 1.465976 38.155075 10.426257 -3.030423 -25.871929 23.967495 -2.781908
-5.527749 -1.109326 -29.395279 -12.471464 38.829201 8.909395 -15.496899 -14.122343 6.897460 -1.958939 -9.020554 -8.402114 -23.915001 -15.597972 30.439804 15.964057 9.933732 -15.722911 25.606895 -1.030384 -2.051516 -7.173444 -18.947603 1.878407 39.725922 9.976329 -2.999083 -24.930777 24.554607 -3.173612
-7.081449 -1.368547 -28.355814 -13.060536 39.761547 8.711476 -14.492029 -13.500656 7.186603 -2.250660 -9.871022 -7.786279 -22.537174 -16.547483 30.996693 16.474298 10.128760 -15.289568 24.977901 -1.148206 -3.031480 -7.008145 -18.301786 2.249833 41.291702 9.400799 -2.695780 -23.938324 25.116175 -3.844430
-8.779912 -1.569468 -27.207294 -13.506576 40.911316 8.522637 -13.605472 -13.179788 7.417411 -2.329928 -11.006853 -7.375690 -21.446465 -17.380070 31.618031 16.977057 10.225682 -14.976079 24.441767 -1.120855 -3.931433 -6.894917 -17.683189 2.500942 42.763908 8.538373 -2.174160 -23.362492 25.473034 -4.588090
-9.803404 -1.937365 -26.578144 -14.007349 41.379944 8.421358 -13.208708 -12.913523 7.590315 -2.625774 -11.665790 -7.099055 -20.509611 -18.048260 31.910742 17.487314 10.168943 -14.866966 23.984400 -1.098789 -4.546167 -6.769458 -16.780901 2.290855 43.578358 8.165723 -1.771948 -22.876539 25.453758 -4.981460
-10.681619 -2.201883 -25.667219 -14.232360 42.068562 8.182533 -12.754243 -12.726389 7.822117 -2.683672 -12.350754 -6.813760 -19.674212 -18.669502 32.161911 17.748793 10.159423 -14.755315 23.654797 -0.762790 -5.289955 -6.705433 -16.064289 2.251542 44.483807 7.621715 -1.349139 -22.466091 25.499310 -5.028342
-11.103764 -2.420142 -24.815668 -14.299510 42.606113 7.949404 -12.506448 -12.738766 7.880826 -2.880342 -12.744388 -6.550668 -18.967510 -19.080467 32.330544 18.009027 10.098499 -14.839307 23.259136 -0.625158 -5.530830 -6.860537 -15.267722 2.176805 45.079601 7.555888 -1.339378 -22.289318 25.321404 -5.264830
-11.279525 -2.629293 -24.382677 -14.330975 42.859119 7.832432 -12.393852 -12.782355 7.837342 -2.942717 -12.982955 -6.380802 -18.546610 -19.362694 32.380486 18.133297 10.079091 -14.842325 23.131229 -0.508589 -5.695508 -6.868863 -14.711111 2.029365 45.354179 7.522604 -1.339211 -22.223009 25.194565 -5.348545
-11.340816 -2.702364 -24.249191 -14.333055 42.961071 7.817046 -12.366360 -12.796336 7.830200 -2.958896 -13.038013 -6.376473 -18.476988 -19.435738 32.387642 18.199955 10.054491 -14.790823 23.102917 -0.444737 -5.790493 -6.807377 -14.549569 1.965489 45.431221 7.550524 -1.338094 -22.190695 25.149267 -5.315401
-11.296669 -2.808277 -24.382040 -14.308064 42.910454 7.923811 -12.372916 -12.748592 7.785319 -3.001035 -13.021377 -6.445346 -18.616837 -19.398876 32.371891 18.294888 10.049313 -14.761022 23.031700 -0.449318 -5.763629 -6.871551 -14.782313 2.027561 45.374386 7.661237 -1.339531 -22.113409 25.180883 -5.278627
-11.084071 -2.864391 -24.825485 -14.305684 42.690845 8.203150 -12.421371 -12.445143 7.764582 -2.881952 -12.959349 -6.524805 -19.226305 -19.283054 32.290688 18.425690 10.198998 -14.455017 22.939499 -0.181745 -5.755060 -6.790524 -15.489883 2.119733 45.161972 7.959631 -1.279665 -21.713861 25.315786 -4.981483
-10.643130 -3.385058 -25.758209 -14.048848 42.355110 8.717299 -12.485456 -12.097315 7.512468 -2.627689 -12.649725 -6.905660 -20.171442 -19.073116 32.039455 18.796251 10.296360 -14.110251 22.693150 0.042748 -5.583471 -6.929897 -16.596069 2.249988 44.688797 8.521268 -1.267094 -21.271721 25.331383 -4.505890
-10.151302 -4.040474 -26.388250 -13.718618 42.201561 9.246151 -12.444494 -11.784200 7.097055 -2.598402 -11.959329 -7.547883 -21.345919 -18.588001 31.784245 19.383589 10.257360 -13.888387 22.280699 -0.004922 -5.207456 -7.061020 -17.634041 2.183990 43.989529 9.865464 -1.443880 -20.607832 25.105356 -4.329844
-9.012464 -5.165332 -27.625765 -13.429431 41.414482 9.941792 -12.601248 -11.244999 6.585627 -2.435641 -11.017259 -8.590773 -23.209112 -18.032593 31.150545 19.906858 10.228245 -13.373568 22.185020 0.260699 -4.578118 -7.407756 -19.073879 1.980990 42.700474 11.361250 -1.621557 -19.789476 24.890091 -3.800721
-7.844514 -6.670570 -29.004137 -13.016356 40.591835 10.927013 -13.162614 -10.778705 6.014244 -2.324043 -9.840635 -9.893441 -25.046371 -17.254890 30.440655 20.544962 10.098268 -13.116234 21.800180 0.423985 -4.067651 -7.787807 -20.015341 1.402897 41.308140 13.101372 -1.932650 -18.895437 24.443100 -3.231079
-6.832404 -8.309946 -30.128889 -12.885894 39.724327 11.667900 -13.523644 -10.175198 5.433361 -1.953522 -8.566079 -10.804327 -26.518194 -16.851564 29.788321 21.480377 10.032370 -12.603863 21.281830 0.345658 -3.508283 -8.620020 -21.210085 1.036958 40.204739 14.950638 -2.135017 -17.998905 23.717587 -2.748731
-5.187234 -10.059213 -31.255669 -13.016374 38.416470 12.725736 -14.227254 -9.296062 4.663673 -1.814720 -7.061038 -12.052439 -28.018660 -16.383381 29.118586 22.574928 9.735285 -11.525725 20.768122 0.158376 -2.498938 -9.655787 -22.688805 0.279784 38.008423 17.204800 -2.387374 -17.033390 23.003443 -2.001933
-4.078309 -11.613059 -32.006218 -13.339540 37.555893 14.078055 -14.501375 -8.102191 3.582723 -1.540291 -5.436540 -13.309443 -29.680321 -15.903008 28.078659 23.518160 9.384424 -10.696725 20.036322 0.512322 -1.856700 -10.855857 -24.070833 -0.470842 35.942463 19.946705 -2.799937 -15.778002 22.156319 -0.850525
-2.529413 -13.508775 -32.837166 -13.318118 36.646187 15.138840 -14.366419 -6.924923 2.407550 -1.330499 -3.560361 -14.557415 -31.713367 -15.361087 26.815992 24.519901 9.016485 -10.010412 19.322248 1.003135 -1.232594 -12.080888 -25.085546 -1.183871 34.136200 22.328999 -2.809025 -14.345839 21.456297 -0.306387
-0.997144 -16.391531 -33.913723 -13.008314 35.638412 16.285658 -13.704741 -4.977724 1.737306 -1.002618 -1.251346 -15.646106 -33.659298 -15.163470 25.213854 26.314703 8.214496 -8.974484 18.722157 0.667415 -0.954890 -13.781914 -26.842171 -2.143451 32.043430 25.185711 -2.719096 -12.566428 20.871931 -0.004584
0.519540 -19.592068 -35.094330 -12.786794 34.397728 16.942272 -12.305678 -2.762820 1.805379 -0.648527 1.443521 -16.711788 -35.353508 -15.363239 23.660027 28.500313 7.429559 -6.804822 18.131933 0.491743 -0.803408 -15.928654 -28.189949 -3.768943 29.778931 26.873301 -1.546167 -10.272535 20.622093 -0.055514
2.528267 -21.962259 -36.357536 -13.051771 32.509594 16.952484 -10.871425 -0.114796 2.449476 0.008449 4.036324 -16.960621 -36.061634 -16.077871 22.283821 30.114618 7.235649 -3.742045 18.236629 0.517828 0.079030 -18.018707 -29.052225 -5.629542 27.134600 27.739931 0.429155 -7.409037 20.399567 -0.521596
3.788283 -24.349304 -37.317719 -14.346797 30.267895 16.422703 -8.795510 3.217876 3.666609 0.230544 7.270543 -16.089487 -36.418282 -17.033199 20.212486 31.497110 6.924707 -0.141973 18.718748 0.850351 1.975599 -20.329309 -29.324287 -7.792751 24.060793 27.905502 2.177332 -4.343421 21.503323 -1.178746
5.646898 -22.912792 -38.594444 -15.411472 26.423611 15.015973 -5.931134 7.214912 7.846982 0.683722 12.480138 -13.145338 -37.062664 -14.441642 20.706581 31.615730 5.866215 3.130588 18.982313 0.972505 4.647301 -21.212225 -29.491671 -10.388284 20.151190 25.413496 4.843544 -0.039956 25.673233 -2.080110
7.592208 -23.388262 -38.942024 -17.501949 23.407867 14.474031 -3.270519 10.970919 9.310140 0.749257 16.311642 -12.446465 -37.849342 -14.888292 19.058022 32.024929 7.774406 7.476769 19.497581 1.443721 5.903427 -23.321783 -28.921291 -12.380471 18.103157 24.173990 8.106307 4.352817 27.031378 -2.563950
10.508992 -24.104483 -39.527985 -20.093430 19.310400 13.705708 -1.312076 15.351830 10.110735 2.850753 19.667114 -13.422473 -36.867371 -14.861612 18.311378 30.928673 10.514364 11.279873 19.758398 2.098094 7.508340 -26.341200 -28.630922 -13.360579 16.313589 22.347149 10.899987 8.762414 28.254505 -2.308411
13.613492 -25.363703 -37.751469 -21.209183 16.733015 11.882715 -0.165595 19.812824 10.896667 6.550231 24.330204 -15.722690 -35.500614 -15.125872 16.291361 29.446976 13.737584 14.922928 18.825693 2.495540 9.973586 -29.042328 -26.633924 -14.400634 14.064890 21.413630 12.334599 12.468922 28.235691 -0.783069
17.567707 -27.874094 -33.901386 -21.231991 15.353183 9.922469 -0.367953 22.978153 10.904668 10.596584 28.830452 -18.515987 -33.897644 -15.358131 13.577868 29.198990 15.223593 16.413950 16.060551 4.708652 13.028384 -31.628736 -24.593781 -13.387783 14.343666 19.655886 12.901226 16.274591 28.536469 1.687831
20.524237 -31.501060 -29.637781 -20.992575 15.679881 7.725992 1.301507 24.442265 7.144669 15.017484 32.181408 -22.443268 -31.098249 -15.703208 11.152634 30.751368 15.810355 15.678398 10.644758 8.498565 17.685432 -36.996262 -21.422953 -11.665535 15.018621 17.186560 13.274917 18.109928 25.213812 5.798276
24.276613 -34.876770 -24.052990 -18.933910 17.593563 6.405610 3.051904 25.691502 4.875265 18.032854 37.052872 -23.286888 -25.579437 -15.235337 10.654315 32.775822 13.102521 16.613081 6.850603 11.703845 23.049103 -40.495045 -16.607716 -9.441521 17.011045 15.489332 13.146620 20.604794 21.585699 8.289606
28.322033 -36.549103 -20.043362 -17.755285 18.226503 3.863659 5.663893 25.342865 3.267182 17.777864 40.809830 -22.158640 -19.854593 -15.159944 9.832623 34.916477 9.685075 15.663980 2.420708 14.008698 28.547800 -40.677258 -11.479591 -8.254635 18.355207 14.722280 13.349082 23.270971 17.463779 10.174394
34.209518 -36.836773 -13.788137 -17.903698 18.054857 1.029567 7.988023 23.661453 1.273482 12.868344 45.502628 -19.090742 -12.065126 -16.084963 8.719273 35.716400 8.660898 15.218614 -1.911386 14.993744 33.034927 -37.576252 -6.136001 -8.995451 17.529114 14.476619 13.908390 24.359886 13.762078 11.928945
36.713058 -34.691647 -10.200008 -17.286234 18.428732 -3.012655 11.118160 22.669201 1.048301 11.800148 47.160587 -14.429328 -6.498308 -16.880590 8.872000 33.362572 11.126518 15.165406 -4.131975 17.212936 34.788422 -33.652714 -4.423895 -9.307867 17.819838 10.622140 16.509352 25.324322 12.715329 13.317996
37.975368 -29.577644 -7.312428 -17.238554 18.451181 -7.160266 13.203896 21.652588 0.621770 13.263667 47.215321 -10.500624 -2.823573 -17.102188 10.562229 28.342545 13.332305 16.141493 -4.928611 19.752966 35.812901 -26.501692 -2.315004 -10.690940 18.205814 6.196917 17.864252 25.847891 11.576488 15.439376
39.082737 -24.505865 -5.252988 -17.564007 18.291527 -10.390378 15.246772 20.773872 0.291003 14.339981 47.364517 -7.766686 -0.558546 -17.415985 11.239731 22.517725 14.989424 15.898454 -7.159781 23.559320 37.492519 -19.424801 -1.162157 -12.840713 16.867298 2.653435 18.324287 26.062880 10.339394 17.824575
39.332241 -18.932869 -4.099818 -18.125237 17.081839 -13.801652 18.829706 19.920250 0.481043 15.861762 47.605728 -5.895156 1.572906 -17.012079 10.829878 16.237906 15.988957 13.861643 -10.594427 27.773405 38.329906 -13.755988 1.045549 -14.912894 15.382668 -0.623717 19.634808 24.571936 7.765934 21.353870
38.531544 -13.940072 -2.645132 -18.455284 15.877015 -17.558474 22.470167 18.139111 0.409284 18.536551 46.881134 -3.670345 3.431853 -16.216307 10.304245 10.790803 17.611067 10.732408 -13.486526 33.145958 36.802898 -9.836825 2.282898 -16.541916 14.567261 -4.225624 21.427748 21.929504 5.778671 25.557589
37.499638 -9.194383 -2.671073 -18.685040 14.276570 -22.352308 25.725271 15.230000 0.477491 20.934246 46.876987 0.341268 5.101291 -14.593438 10.236430 5.222619 18.352587 7.821165 -13.813978 36.703701 35.979153 -7.507520 2.904425 -18.402754 12.279196 -9.226326 24.872385 17.265755 3.504733 27.741713
36.568241 -4.244867 -4.609136 -18.911409 12.402965 -25.998226 27.711611 13.149920 1.135694 23.093287 47.359501 6.076347 6.264776 -13.909891 8.993638 1.088924 20.165211 4.951966 -12.163058 37.682625 35.926941 -3.000842 3.747406 -20.203331 9.652031 -12.784419 27.974974 12.801034 3.256717 29.035294
35.747562 0.068706 -6.927661 -19.138643 10.614537 -29.309540 29.383650 11.244449 1.682023 23.869722 47.015041 9.953685 7.565253 -13.510706 7.930638 -2.429479 24.062984 2.421045 -9.868750 38.034363 35.304337 0.194941 3.903318 -20.030025 8.207334 -16.086512 30.977018 9.922227 4.978652 30.533855
34.972042 3.357079 -9.005424 -19.005547 8.971325 -32.101566 30.666697 8.964603 2.250327 24.726408 45.476097 12.053325 8.156247 -13.773084 6.471139 -5.070225 29.057579 0.190221 -7.739484 38.320015 34.609337 2.925306 3.334007 -19.025951 7.494576 -18.789707 33.009052 6.950668 7.327936 31.992506
34.175903 6.445213 -11.641446 -18.532440 7.533654 -34.868992 31.303457 6.030798 3.408943 24.981834 44.441372 13.797169 9.160879 -13.255112 5.599644 -7.623867 33.988472 -1.635408 -4.550006 38.496120 33.855522 4.612817 2.979176 -17.747023 7.236101 -21.552200 34.866772 3.514612 9.883775 32.289463
32.353565 9.290654 -14.348750 -17.813715 6.583574 -37.390850 31.868019 3.420385 5.375492 24.933321 42.288059 15.816824 8.932026 -12.927971 5.027979 -11.147952 38.137959 -3.994797 -1.667487 38.054508 32.114906 5.853413 2.119215 -16.626190 7.479556 -24.254038 35.952881 0.711925 12.169940 32.437977
30.555557 11.444183 -16.331545 -18.028036 5.190199 -39.203629 32.313778 0.875294 6.584012 24.150429 40.094063 17.180201 8.206132 -12.846713 4.821202 -14.179883 41.603458 -6.311978 1.062995 36.574856 30.326998 6.039197 0.845454 -15.357057 8.453948 -27.370033 37.138775 -2.080536 14.194942 31.473978
29.660036 12.617834 -17.943241 -18.241018 4.059309 -40.517624 32.282406 -1.383333 7.421424 22.693642 38.843468 17.638533 7.655980 -12.474832 4.760718 -16.515194 43.726879 -8.028982 3.196683 35.102924 29.538534 5.506077 -0.677796 -14.100059 8.904633 -29.732822 37.733589 -4.348314 15.998394 30.140738
28.296337 13.340040 -19.321737 -18.238739 3.621250 -41.651978 32.577271 -3.156973 8.298351 21.543762 37.528355 17.874207 7.439357 -12.242794 5.205286 -18.209551 45.517693 -9.064944 4.832045 34.120556 28.268402 5.491093 -1.616813 -12.945340 9.867325 -31.270283 37.724243 -6.412439 17.702515 28.932264
27.477291 13.748717 -20.300861 -18.260761 3.357263 -42.560257 32.732410 -4.580461 8.962674 20.230673 36.820438 18.105381 7.344812 -12.157759 5.168760 -19.380331 46.690842 -10.332760 5.771816 33.168411 27.307964 5.306955 -2.246710 -12.365192 10.152238 -32.069561 37.610565 -7.939556 18.857624 28.024485
26.838665 13.886867 -20.593088 -18.382504 3.254355 -43.076939 32.956127 -5.459371 9.121947 19.850719 36.302231 17.982967 7.129225 -12.329419 5.075333 -19.893064 47.669090 -10.795243 6.410842 32.598640 26.945318 4.989109 -2.686080 -11.891230 10.388591 -32.447662 37.443943 -8.740227 19.621002 27.524252
26.537500 13.985996 -20.796644 -18.449442 3.175530 -43.234936 33.087273 -5.707288 9.229675 19.710890 36.128822 17.993174 7.086806 -12.414012 4.977110 -20.032158 48.015209 -10.959016 6.590170 32.397514 26.754780 4.832871 -2.802735 -11.815903 10.446707 -32.516659 37.468319 -8.967651 19.826658 27.244217
