0.910711 7.802286 -33.893417 -5.216401 17.895208 15.440834 -1.349325 -12.734917 15.871124 43.576500 -3.046110 -6.941873 -39.414345 -16.362215 4.189897 0.480635 10.212570 -9.550426 31.859215 37.899971 -3.174499 4.888926 -46.627316 -20.749792 11.182364 -7.059195 -9.114539 -3.136476 21.443493 29.343571
1.098474 7.477633 -34.215763 -5.124989 17.733723 15.677547 -1.653222 -12.691865 15.967825 43.309982 -2.739973 -7.326032 -39.796535 -16.228861 3.954260 0.568092 10.024590 -9.604355 31.993927 37.634491 -2.904573 4.582052 -46.734558 -20.708883 10.943323 -6.739239 -9.449229 -3.140493 21.544975 29.102194
1.420040 7.013980 -34.794895 -4.951207 17.495903 16.005648 -2.025820 -12.616842 16.094742 42.974998 -2.037826 -7.903382 -40.498451 -15.957035 3.532765 0.676594 9.847425 -9.677381 32.177349 37.200436 -2.459302 4.049135 -47.069191 -20.615284 10.528306 -6.296411 -9.855520 -3.122325 21.623104 28.915503
1.953380 6.314313 -35.690884 -4.776621 16.851337 16.250553 -2.384632 -12.560098 16.255272 42.476074 -1.078650 -8.657162 -41.388203 -15.644951 2.840992 0.803938 9.605784 -9.881961 32.373955 36.577202 -1.698843 3.114396 -47.563522 -20.562231 9.743409 -5.649635 -10.342079 -3.154062 21.554871 28.644726
2.676637 5.431528 -36.793903 -4.736589 15.871242 16.414705 -2.601261 -12.660907 16.159763 41.831951 0.090737 -9.594175 -42.110580 -15.291762 2.098790 0.966106 9.324460 -10.130185 32.503605 35.726105 -0.959451 2.101523 -47.849316 -20.636536 8.923426 -4.796300 -10.956167 -3.215754 21.498882 28.150896
3.845654 4.261310 -37.991234 -4.587468 14.713806 16.629742 -2.835916 -12.771224 16.045765 40.702232 1.679755 -10.875440 -43.221592 -14.910427 1.002283 1.055773 9.130445 -10.170032 32.841846 34.800770 0.290246 0.985120 -48.159992 -20.705107 7.864029 -3.921449 -11.590913 -3.285425 21.357391 27.786713
4.679108 3.131499 -39.133572 -4.450280 13.753470 16.823654 -3.240683 -12.967533 16.229845 39.385349 2.977712 -11.910790 -43.860069 -14.946254 -0.149722 1.233635 8.895544 -10.283606 33.142536 33.683998 1.219868 -0.233386 -48.351681 -20.917904 6.934078 -3.114405 -12.278055 -3.376858 21.411018 27.144798
5.612246 1.538355 -40.340702 -4.326236 12.648156 16.845440 -3.564969 -13.367741 16.452473 37.761776 4.432992 -12.691406 -44.207005 -15.245261 -1.371339 1.397416 8.700999 -10.731006 33.509270 31.889315 2.727241 -2.050043 -48.538563 -21.329750 5.659419 -2.548553 -12.777735 -3.822302 21.143314 26.126900
6.575308 -0.080905 -41.515923 -4.097703 11.706182 16.835802 -3.580901 -13.688324 16.659533 36.089149 6.320957 -13.327339 -44.562702 -15.432064 -2.642616 1.789267 8.548529 -11.409928 33.592243 29.796892 4.017187 -3.961631 -48.614399 -21.704685 4.516329 -2.117739 -13.164569 -4.499725 20.701075 25.113478
7.293398 -1.105218 -42.455647 -3.913374 10.918966 16.242765 -3.229373 -14.565983 16.781771 34.500702 7.884399 -13.986942 -44.835579 -15.778242 -3.861343 2.108309 8.249793 -11.987526 33.950035 27.971048 5.458891 -5.713966 -48.577656 -22.201544 3.263978 -1.929238 -13.298646 -5.211567 20.237278 24.092493
7.951542 -2.432843 -43.467506 -3.798970 10.165634 15.888738 -2.946498 -15.115503 17.134790 32.599892 9.645837 -14.712865 -44.771843 -16.126495 -4.922657 2.581453 7.907138 -12.276353 34.373363 26.035662 6.659194 -7.552433 -48.231060 -22.851913 2.070794 -1.842108 -13.406123 -5.752913 19.732327 23.012142
8.816138 -3.848836 -43.987988 -3.573643 9.638850 15.527508 -2.467569 -15.390836 17.498749 30.455774 11.238763 -15.119713 -44.055805 -16.530922 -5.628733 3.108216 7.747880 -12.774633 34.318401 23.955770 7.556087 -9.208327 -47.746281 -23.270655 1.337570 -1.386733 -13.882631 -6.049967 19.425198 21.793571
9.595155 -4.925694 -44.650887 -3.389024 9.065280 15.067721 -1.914976 -16.006525 17.469679 28.872042 12.862157 -15.434689 -43.669250 -16.809011 -6.388758 3.496539 7.691039 -13.242250 34.148129 22.222170 9.095129 -10.420552 -47.508846 -23.604374 0.304477 -1.206199 -13.810378 -6.259207 19.100637 20.871504
10.162023 -5.831532 -44.490646 -3.272164 8.961001 14.931021 -1.635737 -16.520231 17.241074 27.364115 13.928848 -15.976586 -43.078724 -16.932903 -6.725262 3.867164 7.388322 -13.609991 33.939480 20.927137 10.282637 -11.389314 -46.758282 -23.871452 -0.062888 -1.052877 -13.774455 -6.574686 18.818657 19.470314
11.011330 -6.708026 -44.672428 -3.134543 8.513261 14.568169 -1.185206 -17.020727 17.053579 25.981634 14.946198 -16.497015 -42.385468 -17.082287 -7.087982 4.027678 7.276994 -14.047510 33.767101 19.605869 11.793358 -12.323403 -46.101295 -24.044825 -0.594157 -0.792387 -13.855877 -7.011093 18.499537 18.046085
11.465734 -7.211972 -44.765774 -3.112229 8.291811 14.388536 -1.015289 -17.444946 17.010878 24.893606 15.956524 -16.800072 -41.874744 -17.054207 -7.214608 4.223841 7.330960 -14.389091 33.446129 18.433941 12.744026 -12.859073 -45.583344 -24.069212 -0.741342 -0.626690 -13.826360 -7.286382 18.233631 16.999285
12.011085 -7.446526 -44.743492 -3.059329 8.200880 14.210536 -0.957095 -17.843943 16.929422 24.008005 16.525137 -17.005787 -41.521534 -17.008175 -7.265162 4.478251 7.244267 -14.628896 33.146969 17.666769 13.494117 -13.130972 -45.063881 -23.968092 -0.671755 -0.368218 -13.893994 -7.312805 17.895645 16.385849
12.626359 -7.791430 -44.596569 -3.007540 8.049368 14.019266 -0.832472 -18.175365 16.871172 23.001301 17.213800 -17.238937 -41.076206 -16.953314 -7.312925 4.725109 7.170584 -14.859684 32.854618 16.846277 14.526106 -13.541847 -44.352970 -23.951910 -0.747873 -0.238917 -13.778737 -7.417900 17.514500 15.487400
12.882994 -7.951679 -44.533661 -2.985951 7.988391 13.940281 -0.758637 -18.286749 16.850067 22.566467 17.479635 -17.235437 -40.866844 -17.008305 -7.384070 4.826897 7.186024 -15.065641 32.672009 16.421759 14.984147 -13.665368 -44.013523 -23.966141 -0.802229 -0.088633 -13.796779 -7.482115 17.332285 15.074165
12.920785 -7.993405 -44.496033 -2.980339 8.010553 13.946207 -0.778291 -18.339537 16.834734 22.418016 17.523216 -17.282612 -40.847771 -16.985565 -7.377512 4.895877 7.128898 -15.100067 32.628136 16.312700 15.124228 -13.740688 -43.920155 -23.961138 -0.821065 -0.021779 -13.834344 -7.498909 17.281754 14.943938
12.717314 -7.902411 -44.314606 -2.948757 8.343170 14.106971 -0.956314 -18.216749 17.047813 22.409746 17.160007 -17.333660 -40.881481 -17.018208 -7.165760 5.037537 6.936836 -15.013372 32.747433 16.314587 14.841018 -13.482467 -43.923702 -23.853632 -0.517360 0.124749 -14.042701 -7.321688 17.535526 14.976037
12.169545 -7.673769 -44.050293 -2.933288 9.057272 14.582329 -1.523481 -17.883863 17.657640 22.390240 16.325752 -17.410069 -40.834335 -17.164967 -6.565011 5.213828 6.718848 -14.715446 33.033245 16.449669 14.108721 -12.873803 -44.008259 -23.449408 0.479352 0.426642 -14.584898 -6.873812 18.326546 14.837568
11.362216 -7.225602 -43.429787 -2.784248 10.511376 15.387403 -2.580876 -17.264830 18.927568 21.901966 14.929374 -17.186363 -41.152122 -17.463802 -5.465237 6.224390 6.225655 -14.400704 33.135433 16.218140 12.865895 -11.605321 -44.071983 -22.698694 2.300601 0.777507 -15.105932 -6.430943 19.043312 14.612693
10.421229 -5.958498 -42.581829 -2.708899 12.121229 15.971909 -3.443803 -16.774342 20.533669 21.135071 12.655354 -16.502195 -41.408211 -17.987106 -4.329678 7.191682 5.598483 -14.882711 32.828762 15.821250 11.450826 -9.644720 -43.813797 -22.029051 4.480524 1.183890 -15.238365 -6.325541 19.601601 13.716794
8.583663 -4.464350 -42.395130 -2.756934 13.806298 16.502512 -3.884212 -16.053211 22.339531 20.456966 9.843079 -14.814449 -41.190331 -18.231369 -1.987103 8.150309 5.901376 -15.719920 31.570415 15.515681 9.655090 -7.474553 -44.306625 -21.548628 6.460607 1.489644 -14.410143 -6.708010 19.997278 11.947053
5.762280 -3.223304 -41.805016 -2.734906 15.544077 15.977561 -2.882491 -15.523641 24.047855 20.243759 7.925800 -12.381327 -39.928326 -19.170246 -1.069945 8.328289 6.512609 -16.958281 30.289356 15.740439 6.859854 -5.938112 -44.356693 -22.262573 8.030042 0.116547 -12.234644 -7.470966 19.857090 11.019396
2.064650 -2.778244 -41.315620 -2.528743 17.552080 15.357502 -1.807652 -15.742378 25.247610 20.505129 5.354003 -9.963941 -38.834766 -20.878944 -0.534383 8.298251 7.437279 -17.956333 30.009640 15.479615 3.230806 -5.457015 -44.332352 -24.101728 8.371749 -1.521002 -10.261482 -9.966287 18.907913 10.643996
-1.082710 -2.953371 -41.846310 -3.261780 18.225576 15.498130 -1.394751 -15.931602 25.870508 20.483303 3.257636 -6.499559 -38.267536 -22.013515 0.232937 8.360155 7.627814 -18.982235 30.963097 14.439076 0.034128 -5.997390 -44.308174 -25.094282 8.788061 -2.919069 -9.626315 -12.003749 18.208971 11.157554
-3.223522 -2.652988 -41.536911 -4.993019 18.276472 15.916192 -1.768010 -16.813805 25.337292 19.393589 1.595552 -3.642925 -38.298378 -21.792723 2.315278 8.594027 8.004239 -18.869360 32.207615 12.816850 -3.068040 -7.135756 -44.149029 -25.184486 10.357308 -3.442149 -9.549505 -13.775934 17.650789 9.468017
-5.090533 -1.876822 -40.443558 -6.814958 18.174362 16.560383 -2.959970 -18.213448 24.137297 19.409357 -0.156073 -1.697397 -38.126904 -20.588484 4.734119 9.672724 5.955928 -17.892023 33.361351 12.613464 -5.892185 -7.947056 -44.091785 -25.347498 11.348284 -3.443576 -10.138148 -15.003061 17.466454 8.801208
-6.108534 -0.800843 -38.900429 -9.007537 17.288403 16.692141 -4.352371 -20.321333 23.136662 18.160734 -1.147466 -0.384680 -36.909710 -17.999275 7.932194 10.006339 4.090516 -18.839952 33.378689 12.040936 -7.422629 -7.457367 -43.848057 -25.000067 13.039907 -3.137201 -9.704229 -16.567308 16.564127 6.719794
-6.784915 0.389958 -37.732723 -10.926566 16.274466 16.543047 -5.273466 -22.584805 22.073553 16.750172 -2.539734 0.418589 -35.852005 -16.835354 10.593576 9.331012 4.368516 -17.961847 35.032532 11.316666 -8.134751 -5.696227 -43.252354 -24.833830 14.228065 -1.630157 -9.983467 -17.419235 16.436184 4.335300
-7.075730 1.660553 -36.548290 -12.738507 15.454215 16.197325 -6.521029 -24.861685 21.410025 15.307544 -3.436396 0.324269 -34.277210 -16.444326 12.712379 9.236034 4.587479 -19.180555 34.864544 9.852984 -8.473198 -3.611675 -41.830383 -24.328976 15.976735 -0.212158 -10.472409 -18.109987 16.285120 2.280659
-6.862525 2.512853 -35.329357 -14.257636 14.508295 15.745058 -7.215864 -26.667551 20.602144 13.371817 -2.918952 -0.054741 -32.495060 -16.213615 13.804250 9.191603 4.897499 -21.360338 33.398811 7.439847 -7.015520 -1.553544 -39.963837 -24.296633 16.115812 1.292560 -11.051775 -19.502680 15.496400 -0.102221
-6.663896 2.627838 -33.848816 -15.305305 14.307975 15.511437 -7.021725 -27.953737 19.275076 11.639904 -2.590492 -0.076805 -31.344547 -16.197489 14.738445 9.438809 5.107019 -22.752373 32.460346 5.382438 -5.689638 0.287115 -38.132538 -24.044476 17.065392 1.327093 -10.795343 -20.126894 15.161007 -1.854187
-6.099366 2.498069 -32.272232 -16.142799 14.343828 15.231171 -6.517378 -28.754711 18.292685 9.752297 -2.665075 -0.081037 -30.040030 -15.883648 15.754746 9.393432 5.168631 -24.509108 31.123186 4.492965 -4.879965 1.495786 -36.636948 -24.357265 17.531002 1.143791 -10.227616 -21.378321 13.788787 -2.666492
-5.840797 2.354154 -30.814737 -16.623158 14.880997 15.346089 -6.300474 -29.330015 17.543650 8.253242 -3.009500 0.198401 -28.308546 -15.866277 17.088346 9.685843 5.166454 -25.759531 30.403793 3.014419 -4.155009 1.804769 -35.399483 -24.832455 17.604893 0.981636 -9.795913 -22.034208 13.078546 -3.613596
-5.392437 2.200745 -30.100130 -16.900372 15.047204 15.270606 -6.118864 -29.782490 17.023609 7.210140 -3.360583 -0.193850 -27.297693 -15.705956 17.762482 9.515518 5.700578 -26.232550 29.733480 2.705416 -3.562838 2.103758 -34.503975 -25.100332 17.745378 0.884598 -9.245236 -22.487730 12.268965 -4.296348
-5.547452 2.274714 -29.537291 -17.020422 15.396870 15.160664 -6.037435 -30.057068 16.823088 7.112516 -3.743982 -0.394338 -26.775770 -15.796275 18.039557 9.374524 6.028430 -26.462206 29.350426 2.710370 -3.577797 2.292526 -34.006012 -25.134216 18.119968 0.666463 -9.168202 -22.530756 12.015464 -4.030593
-5.452224 2.201830 -29.515646 -17.060417 15.342712 15.077798 -6.001665 -30.216734 16.700191 7.001577 -3.829600 -0.534631 -26.600494 -15.799573 18.147808 9.350270 6.143991 -26.585569 29.141552 2.628786 -3.618702 2.199909 -33.850609 -25.115887 18.304119 0.542898 -9.108391 -22.543940 11.834002 -3.897149
-5.452723 2.253788 -29.413658 -17.036245 15.429965 15.084129 -5.995835 -30.226360 16.694201 6.976008 -3.879246 -0.482179 -26.517138 -15.816196 18.271158 9.431747 6.102695 -26.582235 29.121210 2.541257 -3.618185 2.254856 -33.796150 -25.079590 18.437019 0.475778 -9.060143 -22.563993 11.884871 -4.029794
-5.591763 2.380339 -28.992870 -17.117840 15.724293 15.167274 -6.024617 -30.145296 16.732109 6.816453 -4.164928 -0.542344 -26.192335 -15.870317 18.577581 9.569568 6.031538 -26.592129 29.003777 2.446627 -3.644576 2.247291 -33.521027 -24.905754 18.916376 0.332167 -9.028808 -22.562847 12.062528 -4.476103
-5.820187 2.602374 -28.721443 -17.217600 15.954201 15.255516 -6.012166 -29.991732 16.813608 6.849195 -4.603832 -0.826925 -25.691681 -15.879580 19.068649 9.690150 5.939965 -26.393711 28.973627 2.427649 -3.789223 2.360304 -33.132080 -24.790180 19.490105 0.036672 -8.947806 -22.421904 12.494909 -5.092335
-6.102144 2.886237 -28.238983 -17.193377 16.589293 15.490926 -5.942050 -29.772007 16.772799 6.976481 -5.182086 -1.077496 -25.081263 -16.001631 19.661919 9.872707 5.708329 -26.196896 28.869446 2.576117 -3.942033 2.717109 -32.855690 -24.374762 20.410067 -0.465068 -8.850262 -22.274513 13.027036 -5.455913
-6.583033 3.206526 -27.508802 -17.288620 17.412947 15.939736 -5.929735 -29.246845 16.797218 7.037702 -5.993454 -1.365548 -24.543436 -16.225075 20.240923 10.090919 5.420220 -25.800753 28.807816 3.002224 -4.338467 3.059762 -32.482983 -23.812719 21.657131 -1.185602 -8.562395 -21.690315 13.837614 -5.957533
-6.983339 3.424150 -26.457865 -17.604458 17.910671 16.041555 -5.992839 -28.858181 16.850462 6.990952 -6.395036 -1.495643 -23.720718 -16.615368 20.728241 10.358348 5.349385 -25.361958 28.684711 3.074090 -4.163157 3.096502 -31.769360 -23.351404 22.649576 -1.947682 -8.233368 -21.215836 14.546102 -6.921358
-8.149836 4.018611 -25.200741 -18.080315 18.861763 16.009443 -5.658639 -28.256390 17.208664 7.160883 -7.393311 -1.104766 -22.489370 -17.164230 21.802767 10.530670 5.596612 -24.662825 28.594131 3.271034 -4.636712 3.549336 -31.183783 -22.780437 24.224096 -3.152202 -7.512625 -20.544991 15.455208 -7.646871
-9.082246 4.213582 -23.801376 -18.499783 19.767273 16.160559 -5.531371 -27.726337 17.351820 7.069885 -8.217374 -0.543170 -21.246006 -17.495508 22.950005 11.063825 5.232762 -24.000645 28.525982 3.194775 -4.941544 3.685136 -30.679670 -22.014599 25.824726 -3.937485 -7.159735 -19.797903 16.256887 -8.727805
-10.493894 4.584650 -21.962196 -19.126680 20.932655 16.031958 -5.021207 -27.262800 17.629492 6.895188 -9.087734 0.419021 -19.888554 -18.024670 24.359409 11.658188 5.265238 -22.820786 28.619576 3.060343 -5.502834 4.168990 -29.673357 -21.095657 28.243620 -5.027030 -6.638057 -19.069563 17.114685 -10.239509
-11.844118 4.733553 -20.420002 -19.752579 22.029585 16.030220 -4.580674 -26.908501 17.979580 6.446466 -9.942683 0.935402 -18.474222 -18.474318 25.506687 12.297296 4.977121 -21.852160 28.649582 2.875764 -5.872469 4.269260 -28.728523 -20.032135 30.414394 -5.627922 -6.648651 -18.475779 17.914536 -11.732349
-13.123345 4.839875 -18.734953 -20.033083 23.471386 16.008612 -3.971970 -26.447060 18.397215 5.950303 -10.548964 1.518482 -17.068533 -19.183710 26.194818 12.770366 4.955983 -20.970263 28.848858 2.307326 -6.243790 4.362977 -27.495134 -19.306629 32.401993 -6.458785 -6.395114 -18.037796 18.478827 -13.166781
-13.967383 4.826640 -17.409575 -20.130619 24.620012 15.870304 -3.383181 -26.218048 18.720238 5.118455 -10.806028 2.477806 -15.641806 -19.518925 27.051792 13.184817 5.044605 -20.140547 28.892841 1.462528 -6.843241 4.522362 -26.166204 -18.702326 34.452187 -7.149471 -5.903993 -17.330427 18.808411 -14.845063
-15.075644 5.152439 -16.076677 -20.001616 26.086918 15.673481 -2.607639 -26.043516 18.899363 5.339595 -11.467694 2.935737 -14.328108 -19.764343 28.051605 13.161054 5.386402 -19.589642 28.641832 1.673068 -7.462966 4.717826 -25.129745 -17.996181 36.490475 -8.088244 -5.320032 -16.843906 19.067543 -15.797130
-15.875344 5.352930 -14.392467 -20.109625 27.312721 15.397403 -2.067611 -26.072298 18.993471 4.881271 -12.088008 3.207244 -12.782204 -20.316687 28.902332 13.334504 5.768952 -19.215111 28.176805 1.523483 -8.201340 4.819799 -23.839622 -17.801586 38.211739 -8.622982 -4.854245 -16.609610 19.029087 -16.915323
-16.326355 4.977559 -13.330981 -20.064692 28.195139 15.324852 -1.923628 -26.057653 19.267553 4.320831 -12.724608 3.251773 -11.500292 -20.875866 29.676170 13.776824 5.830536 -18.866325 27.846642 1.127057 -8.731169 4.673525 -22.653320 -17.796162 39.478046 -8.943132 -4.596164 -16.568022 18.881924 -17.922977
-16.925606 5.036592 -12.121364 -20.170988 29.058609 15.070493 -1.601872 -26.225246 19.328545 4.159132 -13.462495 3.531937 -10.107261 -21.491173 30.503168 13.930314 6.150211 -18.499491 27.415394 1.177836 -9.569330 4.830444 -21.554073 -17.902952 40.800228 -9.265057 -4.227834 -16.269693 18.735443 -18.371460
-17.579409 4.544184 -10.923175 -20.387312 29.677752 15.138560 -1.782198 -26.593229 19.255800 3.518367 -14.065321 3.522360 -8.847117 -22.090185 31.018818 14.404675 6.083773 -18.349390 27.142391 0.673387 -9.950435 4.369313 -20.431768 -18.143160 41.610397 -8.950397 -4.439507 -16.226089 18.566740 -19.234612
-18.120220 4.491601 -10.019046 -20.599558 30.267128 15.078263 -1.660823 -26.834780 19.277521 3.102604 -14.524954 3.568881 -7.839805 -22.482117 31.523239 14.733062 6.012335 -18.408672 26.851332 0.251402 -10.417729 4.359698 -19.533464 -18.427517 42.337624 -9.133663 -4.196829 -16.221245 18.389475 -19.724365
-18.534807 4.359992 -9.427425 -20.674925 30.653162 14.915639 -1.520947 -27.116205 19.205339 2.984680 -14.888640 3.638555 -7.174088 -22.735304 31.819391 14.854331 5.972550 -18.430223 26.704407 0.175815 -10.759320 4.422948 -18.831476 -18.707676 42.770584 -9.253132 -4.059535 -16.248869 18.262592 -19.957081
-18.611652 4.256282 -9.320482 -20.711409 30.738163 14.968938 -1.526479 -27.177988 19.139105 2.914773 -14.947469 3.578609 -7.129910 -22.751553 31.918140 14.958132 5.949489 -18.423424 26.621374 0.116106 -10.799721 4.369205 -18.655153 -18.725397 42.928177 -9.277033 -4.044300 -16.267853 18.222706 -20.069450
-18.611635 4.254241 -9.319098 -20.710825 30.738882 14.969288 -1.524874 -27.177235 19.138840 2.915851 -14.947590 3.576165 -7.129058 -22.750509 31.919544 14.956938 5.951387 -18.422373 26.622004 0.116202 -10.799895 4.368012 -18.655437 -18.725016 42.928970 -9.277536 -4.044449 -16.266666 18.222122 -20.069206
-18.611635 4.254241 -9.319098 -20.710825 30.738882 14.969288 -1.524874 -27.177235 19.138840 2.915851 -14.947590 3.576165 -7.129058 -22.750509 31.919544 14.956938 5.951387 -18.422373 26.622004 0.116202 -10.799895 4.368012 -18.655437 -18.725016 42.928970 -9.277536 -4.044449 -16.266666 18.222122 -20.069206
-18.611635 4.254241 -9.319098 -20.710825 30.738882 14.969288 -1.524874 -27.177235 19.138840 2.915851 -14.947590 3.576165 -7.129058 -22.750509 31.919544 14.956938 5.951387 -18.422373 26.622004 0.116202 -10.799895 4.368012 -18.655437 -18.725016 42.928970 -9.277536 -4.044449 -16.266666 18.222122 -20.069206
-18.611635 4.254241 -9.319098 -20.710825 30.738882 14.969288 -1.524874 -27.177235 19.138840 2.915851 -14.947590 3.576165 -7.129058 -22.750509 31.919544 14.956938 5.951387 -18.422373 26.622004 0.116202 -10.799895 4.368012 -18.655437 -18.725016 42.928970 -9.277536 -4.044449 -16.266666 18.222122 -20.069206
-18.611635 4.254241 -9.319098 -20.710825 30.738882 14.969288 -1.524874 -27.177235 19.138840 2.915851 -14.947590 3.576165 -7.129058 -22.750509 31.919544 14.956938 5.951387 -18.422373 26.622004 0.116202 -10.799895 4.368012 -18.655437 -18.725016 42.928970 -9.277536 -4.044449 -16.266666 18.222122 -20.069206
-18.611776 4.254673 -9.318050 -20.710863 30.737938 14.971244 -1.524170 -27.177561 19.140459 2.916077 -14.948270 3.578123 -7.130587 -22.751478 31.918184 14.956870 5.951425 -18.422722 26.622629 0.116503 -10.800926 4.367699 -18.654993 -18.724262 42.928642 -9.277031 -4.043835 -16.267811 18.223923 -20.069143
-18.612642 4.253716 -9.318168 -20.711357 30.737377 14.971413 -1.523822 -27.178600 19.139944 2.915968 -14.948547 3.578110 -7.129663 -22.751974 31.917831 14.957240 5.951869 -18.424059 26.622368 0.116006 -10.801845 4.366585 -18.654373 -18.724419 42.929317 -9.277748 -4.044779 -16.267950 18.221924 -20.067776
-18.612642 4.253716 -9.318168 -20.711357 30.737377 14.971413 -1.523822 -27.178600 19.139944 2.915968 -14.948547 3.578110 -7.129663 -22.751974 31.917831 14.957240 5.951869 -18.424059 26.622368 0.116006 -10.801845 4.366585 -18.654373 -18.724419 42.929317 -9.277748 -4.044779 -16.267950 18.221924 -20.067776
-18.612976 4.253568 -9.319167 -20.710855 30.737301 14.970612 -1.523468 -27.179003 19.140738 2.915441 -14.947939 3.578566 -7.128463 -22.751770 31.917429 14.957886 5.952335 -18.424988 26.622746 0.114897 -10.800792 4.368396 -18.654505 -18.725164 42.928635 -9.277790 -4.045085 -16.268555 18.222271 -20.070179
-18.612976 4.253568 -9.319167 -20.710855 30.737301 14.970612 -1.523468 -27.179003 19.140738 2.915441 -14.947939 3.578566 -7.128463 -22.751770 31.917429 14.957886 5.952335 -18.424988 26.622746 0.114897 -10.800792 4.368396 -18.654505 -18.725164 42.928635 -9.277790 -4.045085 -16.268555 18.222271 -20.070179
-18.612976 4.253568 -9.319167 -20.710855 30.737301 14.970612 -1.523468 -27.179003 19.140738 2.915441 -14.947939 3.578566 -7.128463 -22.751770 31.917429 14.957886 5.952335 -18.424988 26.622746 0.114897 -10.800792 4.368396 -18.654505 -18.725164 42.928635 -9.277790 -4.045085 -16.268555 18.222271 -20.070179
-18.612516 4.255544 -9.318803 -20.711691 30.736320 14.972220 -1.524107 -27.179350 19.140905 2.915601 -14.948227 3.578356 -7.128411 -22.752329 31.917030 14.958047 5.951976 -18.425653 26.621433 0.115318 -10.800426 4.368835 -18.654301 -18.724924 42.928677 -9.277411 -4.044735 -16.268564 18.223110 -20.070827
-18.612516 4.255544 -9.318803 -20.711691 30.736320 14.972220 -1.524107 -27.179350 19.140905 2.915601 -14.948227 3.578356 -7.128411 -22.752329 31.917030 14.958047 5.951976 -18.425653 26.621433 0.115318 -10.800426 4.368835 -18.654301 -18.724924 42.928677 -9.277411 -4.044735 -16.268564 18.223110 -20.070827
-18.611420 4.256831 -9.317401 -20.712347 30.735867 14.973684 -1.525802 -27.179371 19.140100 2.916502 -14.948579 3.578889 -7.129504 -22.752291 31.916927 14.958870 5.949904 -18.425585 26.620893 0.117191 -10.801542 4.368421 -18.654184 -18.723890 42.928684 -9.276777 -4.043538 -16.269373 18.225111 -20.068964
-16.347677 6.746981 -9.403116 -17.789156 33.607529 15.666517 -0.854452 -28.223953 16.237978 1.236727 -17.668333 -4.855199 -3.883666 -23.499252 30.665766 8.264979 4.546808 -16.677395 30.560141 5.552730 -10.307877 1.697316 -13.461552 -18.659754 41.178631 -11.674061 -7.963279 -17.565596 21.616245 -13.435958
-16.347677 6.746981 -9.403116 -17.789156 33.607529 15.666517 -0.854452 -28.223953 16.237978 1.236727 -17.668333 -4.855199 -3.883666 -23.499252 30.665766 8.264979 4.546808 -16.677395 30.560141 5.552730 -10.307877 1.697316 -13.461552 -18.659754 41.178631 -11.674061 -7.963279 -17.565596 21.616245 -13.435958
-16.347677 6.746981 -9.403116 -17.789156 33.607529 15.666517 -0.854452 -28.223953 16.237978 1.236727 -17.668333 -4.855199 -3.883666 -23.499252 30.665766 8.264979 4.546808 -16.677395 30.560141 5.552730 -10.307877 1.697316 -13.461552 -18.659754 41.178631 -11.674061 -7.963279 -17.565596 21.616245 -13.435958
-16.347677 6.746981 -9.403116 -17.789156 33.607529 15.666517 -0.854452 -28.223953 16.237978 1.236727 -17.668333 -4.855199 -3.883666 -23.499252 30.665766 8.264979 4.546808 -16.677395 30.560141 5.552730 -10.307877 1.697316 -13.461552 -18.659754 41.178631 -11.674061 -7.963279 -17.565596 21.616245 -13.435958
-16.347677 6.746981 -9.403116 -17.789156 33.607529 15.666517 -0.854452 -28.223953 16.237978 1.236727 -17.668333 -4.855199 -3.883666 -23.499252 30.665766 8.264979 4.546808 -16.677395 30.560141 5.552730 -10.307877 1.697316 -13.461552 -18.659754 41.178631 -11.674061 -7.963279 -17.565596 21.616245 -13.435958
-17.783527 5.547009 -9.819489 -18.076006 33.597553 16.086365 0.919775 -28.006294 16.675385 1.350098 -19.085270 -5.402962 -3.776541 -26.133211 29.236412 9.613382 6.711634 -17.004717 28.950882 5.308871 -11.746842 -0.453471 -14.777214 -19.207811 42.391113 -13.599107 -8.500415 -16.662916 19.677689 -13.302586
-17.941904 5.322594 -9.872166 -17.955420 33.594757 16.018297 1.190102 -27.912926 16.983450 1.453956 -19.049408 -5.528563 -3.733500 -26.071394 29.377914 9.685522 6.870450 -16.896336 28.975843 5.216228 -11.729662 -0.382327 -14.630659 -19.119431 42.665047 -13.587610 -8.552276 -16.747566 19.617786 -13.433118
-17.953106 5.403598 -9.850962 -18.069042 33.583656 15.972695 1.144310 -27.868734 16.921644 1.502853 -19.056343 -5.593961 -3.738215 -26.112471 29.223223 9.698768 6.646157 -16.937464 29.016872 5.430902 -11.686542 -0.302315 -14.617937 -19.155117 42.665657 -13.679996 -8.611735 -16.680353 19.860363 -13.486606
-17.920847 5.418514 -9.764794 -18.041801 33.538143 16.044792 1.129593 -27.958206 16.936415 1.572559 -19.061920 -5.560304 -3.722900 -26.082748 29.175623 9.754436 6.669856 -16.998779 29.073732 5.461947 -11.728448 -0.376032 -14.626958 -19.155350 42.644249 -13.689850 -8.617705 -16.699682 19.786060 -13.382226
-17.911968 5.418626 -9.743476 -18.041864 33.532219 16.051094 1.126069 -27.971287 16.937117 1.584326 -19.064026 -5.549379 -3.730759 -26.083914 29.160061 9.762751 6.670110 -16.999434 29.093130 5.470968 -11.749185 -0.404252 -14.631913 -19.155851 42.636448 -13.687561 -8.613470 -16.693260 19.778332 -13.339246
-17.909895 5.420973 -9.742730 -18.044926 33.529888 16.052479 1.125880 -27.971407 16.933863 1.582893 -19.063873 -5.549996 -3.730538 -26.082985 29.161013 9.762264 6.670799 -16.999273 29.092878 5.470632 -11.748016 -0.401874 -14.633397 -19.154663 42.636402 -13.686712 -8.612907 -16.694891 19.777267 -13.339946
-17.912001 5.420259 -9.743629 -18.043457 33.534798 16.051979 1.128139 -27.968073 16.936543 1.579962 -19.065256 -5.552962 -3.729561 -26.089012 29.161692 9.758084 6.677273 -16.985264 29.099148 5.466559 -11.747190 -0.409162 -14.629405 -19.152292 42.636314 -13.685820 -8.616567 -16.692404 19.792320 -13.339788
-17.913713 5.418265 -9.743746 -18.044521 33.534428 16.051470 1.125504 -27.967129 16.940084 1.578890 -19.063877 -5.555407 -3.729694 -26.087198 29.158176 9.758644 6.671241 -16.993532 29.095432 5.468786 -11.749700 -0.412895 -14.628987 -19.154856 42.633732 -13.689503 -8.616561 -16.690191 19.791004 -13.336839
-17.913858 5.418149 -9.744057 -18.044643 33.534615 16.051184 1.125810 -27.966585 16.939922 1.578733 -19.064060 -5.554743 -3.730310 -26.087391 29.157574 9.759280 6.670579 -16.993849 29.095396 5.468987 -11.749562 -0.412479 -14.628950 -19.154884 42.633347 -13.689291 -8.616227 -16.690365 19.791536 -13.337094
-17.914169 5.421327 -9.740592 -18.014896 33.549149 16.052982 1.138155 -27.955656 16.993044 1.583436 -19.058481 -5.536093 -3.725397 -26.077026 29.150679 9.790352 6.687215 -16.978025 29.138063 5.466691 -11.751957 -0.423193 -14.631205 -19.154543 42.637859 -13.692019 -8.635562 -16.694719 19.764421 -13.305845
-17.916513 5.415765 -9.750962 -18.017176 33.549934 16.048504 1.134910 -27.955690 16.979044 1.583680 -19.059465 -5.532639 -3.730165 -26.083704 29.152510 9.782166 6.678532 -16.978302 29.124254 5.463005 -11.751210 -0.408115 -14.633881 -19.160633 42.632648 -13.692151 -8.623484 -16.693445 19.785635 -13.331277
-17.914709 5.418731 -9.749870 -18.018505 33.548851 16.051968 1.132761 -27.954865 16.978880 1.584077 -19.059357 -5.532458 -3.730504 -26.084036 29.152542 9.784310 6.676334 -16.977829 29.123562 5.464076 -11.750098 -0.407637 -14.635037 -19.160360 42.633797 -13.693181 -8.622074 -16.692240 19.788792 -13.336654
-17.914860 5.417514 -9.750467 -18.018148 33.549435 16.051769 1.133711 -27.953886 16.979443 1.583355 -19.058220 -5.532194 -3.728456 -26.084455 29.152561 9.785010 6.677168 -16.978611 29.123451 5.462104 -11.749551 -0.407228 -14.635325 -19.160418 42.634201 -13.693141 -8.622732 -16.691975 19.788773 -13.337609
-17.914843 5.415998 -9.750071 -18.015234 33.551079 16.054667 1.133439 -27.951759 16.983519 1.583785 -19.057922 -5.532539 -3.728789 -26.083624 29.152599 9.785658 6.676545 -16.977863 29.123301 5.463179 -11.749553 -0.406985 -14.635533 -19.160244 42.634068 -13.693091 -8.622003 -16.691887 19.789833 -13.338174
-17.916183 5.417334 -9.748685 -18.018341 33.550392 16.054319 1.133241 -27.948936 16.987076 1.582867 -19.057989 -5.533062 -3.728889 -26.083464 29.152855 9.785398 6.676766 -16.978010 29.122911 5.463567 -11.749282 -0.407374 -14.635570 -19.159428 42.634541 -13.692742 -8.622602 -16.692133 19.788860 -13.337071
-17.912613 5.423378 -9.743333 -18.012299 33.549271 16.053289 1.133165 -27.955963 16.993084 1.585053 -19.057837 -5.524189 -3.734981 -26.082804 29.148554 9.782848 6.682809 -16.974503 29.133400 5.464414 -11.753801 -0.417370 -14.633642 -19.154961 42.634514 -13.690039 -8.623449 -16.694225 19.782024 -13.319474
-17.916561 5.420310 -9.753500 -18.008106 33.554913 16.048903 1.131612 -27.950218 16.996042 1.583266 -19.057043 -5.522902 -3.733812 -26.083212 29.149427 9.784500 6.678828 -16.975016 29.130518 5.463629 -11.754997 -0.417209 -14.635070 -19.155918 42.633255 -13.692225 -8.625487 -16.695986 19.777540 -13.313331
-17.914160 5.422665 -9.747686 -18.009371 33.553013 16.050327 1.131390 -27.953171 16.994581 1.584501 -19.057232 -5.525187 -3.733394 -26.083445 29.149504 9.784788 6.680895 -16.974491 29.130894 5.464209 -11.755195 -0.416796 -14.633107 -19.156378 42.632607 -13.691266 -8.625505 -16.696108 19.776232 -13.311400
-17.913511 5.420205 -9.744896 -18.020844 33.546543 16.048170 1.131348 -27.957481 16.979429 1.585833 -19.060049 -5.535094 -3.731595 -26.082615 29.152695 9.777749 6.688490 -16.973177 29.130096 5.462669 -11.753748 -0.412670 -14.634707 -19.154192 42.633873 -13.687607 -8.619960 -16.696606 19.792278 -13.328094
-17.913555 5.420962 -9.745183 -18.022446 33.545452 16.047625 1.131031 -27.958828 16.977961 1.585324 -19.060289 -5.536027 -3.730792 -26.082716 29.152956 9.777729 6.688933 -16.973843 29.129524 5.462311 -11.753921 -0.412989 -14.634666 -19.154299 42.633926 -13.687677 -8.620162 -16.696587 19.791807 -13.327884
-17.913538 5.420910 -9.744955 -18.021013 33.546196 16.048222 1.131575 -27.957777 16.979332 1.586349 -19.060457 -5.535255 -3.731779 -26.082720 29.152357 9.778398 6.688494 -16.973423 29.130547 5.462929 -11.753291 -0.411626 -14.634125 -19.153770 42.633564 -13.686760 -8.619189 -16.696711 19.793642 -13.328233
