-1.408595 4.523086 -30.031883 -11.516248 12.011099 9.275075 -7.209737 -10.557509 23.944803 47.289104 -1.603966 -3.242760 -44.572392 -7.730557 13.992857 3.719822 15.587193 -11.416563 24.597839 34.567146 -3.174499 4.888926 -46.627316 -20.749792 11.182364 -7.059195 -9.114539 -3.136476 21.443493 29.343571
-0.961917 3.739762 -31.018818 -11.275459 11.569058 9.852109 -7.907041 -10.230770 24.326422 46.772259 -0.638989 -4.087585 -45.556961 -7.339914 13.401263 3.884504 15.211607 -11.563089 24.939322 33.853962 -2.459302 4.049135 -47.069191 -20.615284 10.528306 -6.296411 -9.855520 -3.122325 21.623104 28.915503
0.213836 2.240834 -33.099575 -11.163387 9.853376 10.229054 -8.356262 -10.157363 24.398699 45.746628 1.587349 -5.649778 -47.364456 -6.648178 11.956007 4.196355 14.503559 -12.011997 25.502895 32.280403 -0.959451 2.101523 -47.849316 -20.636536 8.923426 -4.796300 -10.956167 -3.215754 21.498882 28.150896
2.132182 -0.184350 -35.359470 -11.151083 7.555191 10.440859 -9.098719 -10.052017 24.995134 43.391319 4.357623 -7.544828 -49.456390 -6.042220 9.968623 4.425117 14.063949 -12.412547 26.012613 30.498363 1.219868 -0.233386 -48.351681 -20.917904 6.934078 -3.114405 -12.278055 -3.376858 21.411018 27.144798
4.046283 -3.365669 -37.402145 -11.537656 4.908219 10.143711 -10.032564 -10.378953 26.046236 40.150215 7.627249 -8.665404 -50.555573 -6.166716 7.715709 5.099885 14.019353 -13.826060 25.826366 26.939318 4.017187 -3.961631 -48.614399 -21.704685 4.516329 -2.117739 -13.164569 -4.499725 20.701075 25.113478
5.423504 -5.874544 -38.773125 -12.530738 2.230367 8.548565 -10.362854 -11.505450 27.230768 36.855156 10.889189 -9.741745 -50.767479 -6.405746 5.919009 6.100246 13.674171 -15.446663 25.658873 22.933590 6.659194 -7.552433 -48.231060 -22.851913 2.070794 -1.842108 -13.406123 -5.752913 19.732327 23.012142
6.859938 -8.644794 -39.927673 -12.536514 0.705058 7.406204 -9.390403 -12.368012 27.671110 33.504181 14.012286 -10.697251 -49.899273 -6.689766 4.878948 7.047479 13.603918 -16.634274 25.080048 19.123728 9.095129 -10.420552 -47.508846 -23.604374 0.304477 -1.206199 -13.810378 -6.259207 19.100637 20.871504
8.186818 -10.470676 -39.802868 -12.612165 -0.075812 6.699088 -8.776506 -13.436396 27.383247 30.675501 16.112135 -11.718388 -48.780762 -6.729966 4.497564 7.757460 13.470569 -17.553083 24.231609 16.483057 11.793358 -12.323403 -46.101295 -24.044825 -0.594157 -0.792387 -13.855877 -7.011093 18.499537 18.046085
9.129968 -11.265808 -39.959209 -12.484553 -0.349551 6.359828 -8.338630 -14.444022 27.076067 28.616526 17.718699 -12.234488 -48.002144 -6.586793 4.353737 8.249410 13.385263 -18.192696 23.576616 14.562435 13.494117 -13.130972 -45.063881 -23.968092 -0.671755 -0.368218 -13.893994 -7.312805 17.895645 16.385849
9.978719 -11.785439 -39.800419 -12.358216 -0.521540 6.123369 -8.004352 -14.998499 26.871813 27.087317 18.673424 -12.495925 -47.390713 -6.546185 4.250143 8.597065 13.285582 -18.651743 23.117699 13.340740 14.984147 -13.665368 -44.013523 -23.966141 -0.802229 -0.088633 -13.796779 -7.482115 17.332285 15.074165
9.826908 -11.728658 -39.579552 -12.339101 -0.188979 6.285614 -8.230225 -14.912841 27.086214 26.942030 18.334488 -12.583515 -47.402252 -6.554225 4.481974 8.807943 13.055600 -18.610626 23.172855 13.251739 14.841018 -13.482467 -43.923702 -23.853632 -0.517360 0.124749 -14.042701 -7.321688 17.535526 14.976037
8.609005 -10.947379 -38.812355 -11.913018 2.131025 7.769966 -9.881449 -13.923484 28.840780 26.404705 15.995494 -12.592405 -47.292202 -7.271642 5.968684 9.822062 12.316634 -17.829346 23.709038 13.304835 12.865895 -11.605321 -44.071983 -22.698694 2.300601 0.777507 -15.105932 -6.430943 19.043312 14.612693
6.284976 -7.972042 -38.631302 -9.546569 7.297579 10.280459 -9.860176 -13.377174 30.610956 24.116421 11.178055 -10.450138 -46.798706 -9.023231 8.109902 11.417667 10.859552 -18.403851 23.709969 12.964475 9.655090 -7.474553 -44.306625 -21.548628 6.460607 1.489644 -14.410143 -6.708010 19.997278 11.947053
0.384527 -5.775382 -37.845222 -8.293522 11.843349 9.897486 -7.641834 -13.510913 32.741108 23.748938 6.277894 -6.536791 -44.137844 -12.934043 8.378610 11.345942 12.270023 -19.755451 23.295923 12.668446 3.230806 -5.457015 -44.332352 -24.101728 8.371749 -1.521002 -10.261482 -9.966287 18.907913 10.643996
-4.936169 -4.417860 -38.421013 -10.119437 13.537143 11.251319 -6.298743 -14.840057 31.839512 21.364668 2.445105 -1.407951 -42.026031 -15.263795 9.598232 10.597308 11.643534 -20.526131 26.898342 10.850445 -3.068040 -7.135756 -44.149029 -25.184486 10.357308 -3.442149 -9.549505 -13.775934 17.650789 9.468017
-7.001374 -1.322690 -37.750439 -12.895253 13.587246 14.227861 -6.405805 -16.800179 28.558943 18.420639 -0.750643 0.874667 -39.735210 -13.595698 12.248645 11.264248 5.797686 -21.804703 29.372387 11.756732 -7.422629 -7.457367 -43.848057 -25.000067 13.039907 -3.137201 -9.704229 -16.567308 16.564127 6.719794
-6.391014 3.872388 -36.156219 -14.849092 13.454916 15.198631 -8.016134 -21.623112 25.529802 13.753230 -3.662841 0.542388 -36.569801 -13.451364 14.615545 9.447999 4.914054 -23.625719 30.939739 10.926046 -8.473198 -3.611675 -41.830383 -24.328976 15.976735 -0.212158 -10.472409 -18.109987 16.285120 2.280659
-5.468540 5.658626 -33.937035 -17.083601 12.758307 15.465432 -7.907633 -25.560896 22.153748 8.571139 -3.488421 -1.671711 -33.197578 -13.261219 16.784389 8.451716 5.637568 -25.655561 30.118992 7.545557 -5.689638 0.287115 -38.132538 -24.044476 17.065392 1.327093 -10.795343 -20.126894 15.161007 -1.854187
-4.774279 5.826210 -30.935656 -17.965965 13.668017 15.142833 -7.112583 -27.181461 20.526361 5.431543 -4.252238 -2.613512 -29.560858 -13.474427 19.155621 8.421282 6.182555 -27.204605 28.616997 5.577206 -4.155009 1.804769 -35.399483 -24.832455 17.604893 0.981636 -9.795913 -22.034208 13.078546 -3.613596
-4.300044 5.649133 -29.619167 -18.155407 14.244022 14.992425 -7.095948 -28.280968 19.504499 4.737575 -4.832472 -3.650449 -27.726904 -13.637655 19.830339 7.992039 6.469095 -27.852947 27.962952 5.337568 -3.577797 2.292526 -34.006012 -25.134216 18.119968 0.666463 -9.168202 -22.530756 12.015464 -4.030593
-4.259197 5.484525 -29.502254 -18.162210 14.279799 14.916851 -7.016268 -28.550201 19.293818 4.680157 -4.957971 -3.824120 -27.363310 -13.679984 20.042728 8.019895 6.465015 -27.969934 27.781345 5.179350 -3.618185 2.254856 -33.796150 -25.079590 18.437019 0.475778 -9.060143 -22.563993 11.884871 -4.029794
-4.627326 5.441881 -28.842726 -18.311979 14.732865 15.066199 -7.251268 -28.583916 19.372669 4.718100 -5.633766 -3.974217 -26.588560 -13.815113 20.771610 8.322013 6.263869 -27.645300 27.728266 5.044490 -3.789223 2.360304 -33.132080 -24.790180 19.490105 0.036672 -8.947806 -22.421904 12.494909 -5.092335
-5.586053 5.727377 -27.469324 -18.757526 15.894304 15.490562 -7.233140 -27.871748 19.460794 5.133521 -6.944510 -4.098545 -25.689701 -14.030101 22.186489 8.933761 5.952823 -26.959133 27.509348 5.330687 -4.338467 3.059762 -32.482983 -23.812719 21.657131 -1.185602 -8.562395 -21.690315 13.837614 -5.957533
-7.326031 6.630122 -25.226326 -20.201057 17.130112 15.666402 -6.918818 -26.580856 19.989244 5.144203 -8.452347 -4.188777 -23.955063 -14.543089 23.687582 9.025331 6.377778 -25.844597 27.228258 5.819343 -4.636712 3.549336 -31.183783 -22.780437 24.224096 -3.152202 -7.512625 -20.544991 15.455208 -7.646871
-9.466568 8.063951 -22.140339 -21.810547 19.173540 16.055180 -5.938800 -25.002871 20.470278 4.177279 -10.478053 -3.446722 -21.174902 -15.184993 26.138783 9.678464 6.315479 -24.000828 27.086147 5.865208 -5.502834 4.168990 -29.673357 -21.095657 28.243620 -5.027030 -6.638057 -19.069563 17.114685 -10.239509
-11.887696 9.083584 -19.078123 -23.106251 21.567146 16.314999 -4.453135 -23.769781 20.982687 3.302742 -12.368435 -3.143226 -17.534477 -16.088995 28.585325 10.416154 5.994305 -22.592888 26.933395 5.228589 -6.243790 4.362977 -27.495134 -19.306629 32.401993 -6.458785 -6.395114 -18.037796 18.478827 -13.166781
-13.615486 10.004271 -16.389429 -23.291187 24.376577 16.435675 -2.607555 -22.945410 21.061497 2.456316 -13.626934 -2.693351 -14.310317 -16.588581 30.718384 10.715833 6.280598 -21.779005 26.121813 5.212812 -7.462966 4.717826 -25.129745 -17.996181 36.490475 -8.088244 -5.320032 -16.843906 19.067543 -15.797130
-14.791780 10.156639 -13.627421 -23.342775 26.647697 16.327385 -1.718895 -22.640274 21.450998 1.135450 -14.816217 -2.491373 -11.295731 -17.674259 32.282734 11.186778 6.494013 -21.171265 25.517460 4.611761 -8.731169 4.673525 -22.653320 -17.796162 39.478046 -8.943132 -4.596164 -16.568022 18.881924 -17.922977
-15.867901 10.126982 -11.402246 -23.440615 28.346670 16.451809 -1.303551 -22.892906 21.355341 -0.066269 -16.120117 -2.378747 -8.815153 -18.854324 33.527416 11.882785 6.542611 -20.815512 24.839087 4.211249 -9.950435 4.369313 -20.431768 -18.143160 41.610397 -8.950397 -4.439507 -16.226089 18.566740 -19.234612
-16.668510 10.047090 -9.889627 -23.613157 29.381361 16.209124 -1.015296 -23.277836 21.372719 -0.739181 -16.920118 -2.296425 -7.189852 -19.503077 34.267036 12.295212 6.358772 -21.053888 24.329063 3.890031 -10.759320 4.422948 -18.831476 -18.707676 42.770584 -9.253132 -4.059535 -16.248869 18.262592 -19.957081
-16.703236 9.943221 -9.784568 -23.629097 29.473885 16.270733 -1.024314 -23.328117 21.297651 -0.811149 -16.982576 -2.366413 -7.142346 -19.527870 34.348480 12.386642 6.335445 -21.050282 24.247564 3.855216 -10.799895 4.368012 -18.655437 -18.725016 42.928970 -9.277536 -4.044449 -16.266666 18.222122 -20.069206
-16.703236 9.943221 -9.784568 -23.629097 29.473885 16.270733 -1.024314 -23.328117 21.297651 -0.811149 -16.982576 -2.366413 -7.142346 -19.527870 34.348480 12.386642 6.335445 -21.050282 24.247564 3.855216 -10.799895 4.368012 -18.655437 -18.725016 42.928970 -9.277536 -4.044449 -16.266666 18.222122 -20.069206
-16.703236 9.943221 -9.784568 -23.629097 29.473885 16.270733 -1.024314 -23.328117 21.297651 -0.811149 -16.982576 -2.366413 -7.142346 -19.527870 34.348480 12.386642 6.335445 -21.050282 24.247564 3.855216 -10.799895 4.368012 -18.655437 -18.725016 42.928970 -9.277536 -4.044449 -16.266666 18.222122 -20.069206
-16.704248 9.942700 -9.783638 -23.629646 29.472374 16.272863 -1.023261 -23.329494 21.298759 -0.811030 -16.983526 -2.364470 -7.142950 -19.529337 34.346760 12.386944 6.335930 -21.051970 24.247936 3.855017 -10.801845 4.366585 -18.654373 -18.724419 42.929317 -9.277748 -4.044779 -16.267950 18.221924 -20.067776
-16.704580 9.942551 -9.784637 -23.629139 29.472313 16.272060 -1.022905 -23.329885 21.299551 -0.811555 -16.982910 -2.364011 -7.141750 -19.529131 34.346344 12.387594 6.336394 -21.052896 24.248306 3.853909 -10.800792 4.368396 -18.654505 -18.725164 42.928635 -9.277790 -4.045085 -16.268555 18.222271 -20.070179
-16.704580 9.942551 -9.784637 -23.629139 29.472313 16.272060 -1.022905 -23.329885 21.299551 -0.811555 -16.982910 -2.364011 -7.141750 -19.529131 34.346344 12.387594 6.336394 -21.052896 24.248306 3.853909 -10.800792 4.368396 -18.654505 -18.725164 42.928635 -9.277790 -4.045085 -16.268555 18.222271 -20.070179
-16.704117 9.944528 -9.784266 -23.629967 29.471321 16.273672 -1.023544 -23.330235 21.299717 -0.811398 -16.983210 -2.364223 -7.141701 -19.529701 34.345959 12.387756 6.336038 -21.053553 24.246992 3.854329 -10.800426 4.368835 -18.654301 -18.724924 42.928677 -9.277411 -4.044735 -16.268564 18.223110 -20.070827
-19.641958 4.105594 -6.877967 -26.016220 26.484869 10.055667 -6.318502 -24.269447 25.116417 5.241743 -16.362488 -2.096058 -6.906116 -16.024927 38.282745 10.675524 6.929306 -20.733742 23.728956 3.403752 -10.307877 1.697316 -13.461552 -18.659754 41.178631 -11.674061 -7.963279 -17.565596 21.616245 -13.435958
-19.641958 4.105594 -6.877967 -26.016220 26.484869 10.055667 -6.318502 -24.269447 25.116417 5.241743 -16.362488 -2.096058 -6.906116 -16.024927 38.282745 10.675524 6.929306 -20.733742 23.728956 3.403752 -10.307877 1.697316 -13.461552 -18.659754 41.178631 -11.674061 -7.963279 -17.565596 21.616245 -13.435958
-19.641958 4.105594 -6.877967 -26.016220 26.484869 10.055667 -6.318502 -24.269447 25.116417 5.241743 -16.362488 -2.096058 -6.906116 -16.024927 38.282745 10.675524 6.929306 -20.733742 23.728956 3.403752 -10.307877 1.697316 -13.461552 -18.659754 41.178631 -11.674061 -7.963279 -17.565596 21.616245 -13.435958
-21.288364 2.164676 -7.301138 -25.915409 26.582853 10.321315 -4.246310 -24.130190 25.799704 5.592797 -17.497501 -1.863219 -7.378444 -18.467983 37.245045 12.715856 9.206050 -20.643225 22.174484 2.805802 -11.729662 -0.382327 -14.630659 -19.119431 42.665047 -13.587610 -8.552276 -16.747566 19.617786 -13.433118
-21.212303 2.237797 -7.167499 -26.089783 26.440836 10.340970 -4.469723 -24.149584 25.838181 5.654846 -17.605749 -1.935760 -7.242235 -18.507128 37.119617 12.698431 9.209879 -20.781797 22.202021 2.991798 -11.728448 -0.376032 -14.626958 -19.155350 42.644249 -13.689850 -8.617705 -16.699682 19.786060 -13.382226
-21.203331 2.239781 -7.142296 -26.093540 26.433052 10.346825 -4.472988 -24.164873 25.834982 5.668284 -17.606052 -1.926443 -7.249203 -18.502478 37.107147 12.705626 9.212369 -20.786613 22.215382 2.999794 -11.748016 -0.401874 -14.633397 -19.154663 42.636402 -13.686712 -8.612907 -16.694891 19.777267 -13.339946
-21.205139 2.235487 -7.143313 -26.101957 26.426105 10.341623 -4.487160 -24.156790 25.851612 5.667444 -17.607544 -1.932319 -7.249096 -18.505602 37.108719 12.700802 9.217644 -20.780918 22.220440 2.993351 -11.749700 -0.412895 -14.628987 -19.154856 42.633732 -13.689503 -8.616561 -16.690191 19.791004 -13.336839
-21.205204 2.239754 -7.140264 -26.075603 26.437553 10.342180 -4.475951 -24.144569 25.905912 5.671725 -17.603453 -1.913445 -7.245447 -18.496305 37.101196 12.732259 9.233295 -20.763287 22.265278 2.991805 -11.751957 -0.423193 -14.631205 -19.154543 42.637859 -13.692019 -8.635562 -16.694719 19.764421 -13.305845
-21.206659 2.239218 -7.148192 -26.083048 26.435980 10.341066 -4.481777 -24.140581 25.895584 5.670920 -17.604214 -1.912006 -7.251874 -18.501986 37.103672 12.725597 9.223226 -20.763697 22.247746 2.991552 -11.750098 -0.407637 -14.635037 -19.160360 42.633797 -13.693181 -8.622074 -16.692240 19.788792 -13.336654
-21.206961 2.236584 -7.148337 -26.079781 26.438375 10.343674 -4.481002 -24.137539 25.900183 5.670792 -17.602444 -1.911741 -7.250199 -18.501303 37.103813 12.727266 9.223235 -20.763823 22.247297 2.990519 -11.749553 -0.406985 -14.635533 -19.160244 42.634068 -13.693091 -8.622003 -16.691887 19.789833 -13.338174
-21.203712 2.241836 -7.142987 -26.073204 26.437508 10.342406 -4.480867 -24.144909 25.905909 5.673364 -17.602797 -1.901462 -7.254989 -18.501923 37.099277 12.724761 9.228845 -20.759893 22.260540 2.989481 -11.753801 -0.417370 -14.633642 -19.154961 42.634514 -13.690039 -8.623449 -16.694225 19.782024 -13.319474
-21.205261 2.241119 -7.147345 -26.070278 26.441275 10.339447 -4.482643 -24.142103 25.907404 5.672809 -17.602200 -1.902463 -7.253401 -18.502583 37.100216 12.726699 9.226932 -20.759869 22.258032 2.989277 -11.755195 -0.416796 -14.633107 -19.156378 42.632607 -13.691266 -8.625505 -16.696108 19.776232 -13.311400
-21.204659 2.239418 -7.144837 -26.083363 26.433701 10.336746 -4.483001 -24.147772 25.890779 5.673635 -17.605251 -1.913296 -7.250801 -18.501862 37.103664 12.719643 9.234960 -20.759233 22.256662 2.987380 -11.753921 -0.412989 -14.634666 -19.154299 42.633926 -13.687677 -8.620162 -16.696587 19.791807 -13.327884
