-26.284328 2.168705 9.331525 -34.655987 42.659061 -18.429146 6.418058 -17.084623 12.042850 -8.712777 -24.441086 6.885186 29.791374 -39.142555 28.911411 6.748768 8.782673 -23.347101 17.793053 9.796664 -25.877563 4.796300 16.577660 -26.488684 46.570305 -0.211215 23.143173 -22.943213 7.426223 -5.175223
-26.256292 3.560467 8.639390 -34.711498 42.064243 -18.851278 6.586666 -17.405603 11.780907 -7.660666 -24.691532 7.628888 29.162861 -39.367428 28.450211 6.216011 9.809278 -23.059717 17.746258 10.835034 -25.792410 5.144392 15.636159 -26.429379 46.032692 -1.118594 23.895897 -23.000628 7.578543 -4.273905
-26.246948 6.300337 7.119269 -34.396469 40.887981 -19.397434 6.718433 -17.557100 11.346449 -5.117849 -25.181911 8.920372 27.227201 -39.479195 27.366520 5.302207 11.569805 -22.308325 17.795267 13.163033 -25.863316 5.673019 13.509337 -26.135031 45.086945 -2.731486 25.212837 -22.755478 8.151119 -2.438269
-25.240044 9.050247 5.414429 -33.966312 39.806133 -20.163683 7.579678 -17.075554 10.981831 -2.375934 -24.773062 10.380058 25.116549 -39.532696 25.792244 4.283982 13.284060 -21.695578 17.605122 15.537216 -25.922136 5.966281 10.564922 -25.852224 43.810776 -4.624799 26.780411 -22.265627 8.987455 -0.229399
-24.086832 11.312867 4.157784 -33.959927 38.976612 -20.920643 8.643427 -16.138700 11.015684 0.330861 -23.686508 11.396481 22.752050 -39.232662 24.276854 3.276653 14.901620 -21.082918 17.142216 17.917498 -25.484873 6.457708 7.657515 -25.148451 42.633739 -6.131804 28.146450 -21.051037 9.465106 2.288840
-23.300684 13.636909 3.113667 -33.434685 38.385323 -21.358938 9.476557 -14.686977 11.368130 3.152664 -22.789745 12.644066 20.853754 -39.110657 22.763119 2.543494 16.259769 -20.202614 16.723564 20.274240 -24.713022 7.654228 5.580030 -24.271595 41.930027 -7.024158 29.031376 -19.699539 10.282968 4.341189
-22.113552 15.140498 1.007167 -32.931198 37.393574 -21.308323 10.095750 -13.267412 11.763972 5.516404 -21.412008 13.571193 18.521788 -38.826469 21.063030 1.841441 17.518084 -19.349152 16.821291 22.226957 -22.722382 8.628944 3.605006 -23.443365 40.605061 -7.561724 29.584026 -18.636827 10.781129 6.260653
-20.544287 16.430601 -0.620912 -32.276989 36.478260 -21.586805 10.972192 -11.919125 11.849204 7.732752 -19.899097 14.478037 16.775257 -38.638912 19.587505 1.206102 18.687225 -18.436092 16.914398 23.789429 -20.892017 9.126342 1.323633 -22.579384 39.008286 -8.377431 30.201635 -17.703999 11.458974 8.199929
-19.253170 17.089298 -2.027709 -31.737577 35.637497 -21.836388 11.731518 -10.913586 12.036255 9.202800 -18.939512 14.632799 15.097804 -38.294151 18.727745 0.565188 19.813917 -17.629520 17.239738 24.998178 -19.829157 8.983946 -0.659035 -22.018471 37.729275 -8.699987 30.472006 -17.348274 11.981342 9.205039
-18.262888 17.325205 -2.957751 -31.310957 35.023212 -21.925499 12.002861 -10.275353 12.183462 9.949937 -18.049629 14.616877 13.587579 -37.991695 17.905745 0.136063 20.518845 -16.976795 17.497604 25.924910 -19.306013 9.002019 -1.951023 -21.719290 36.901688 -8.953985 30.696127 -17.050358 12.343516 10.105436
-18.083647 17.356857 -3.636119 -31.178118 34.681526 -21.997631 12.190845 -10.155116 12.301519 10.179646 -17.799438 14.483755 12.884524 -37.931747 17.467104 -0.125191 20.945532 -17.070730 17.602478 25.930725 -19.140703 8.853105 -2.510896 -21.850916 36.220028 -8.984368 30.766140 -17.322618 12.378369 10.309569
-18.675524 17.361710 -7.163985 -31.077391 33.046581 -22.361778 12.999236 -10.329553 13.114212 10.856429 -17.725149 14.225604 9.820095 -38.044159 15.436549 -1.604563 23.007891 -18.090723 18.232784 25.829018 -18.596992 8.268341 -3.984276 -22.737911 33.718262 -9.337502 31.172668 -19.126003 11.904177 11.212729
-20.802687 16.485733 -14.051435 -31.073580 30.048935 -22.617887 14.028181 -10.908423 14.573592 11.377488 -17.717062 13.270766 3.533262 -38.087837 11.489151 -2.759680 24.676523 -20.978010 19.747124 23.599907 -18.429214 6.729430 -7.987184 -23.772272 29.610909 -9.008394 31.181255 -22.092402 11.755782 12.319627
-22.570335 13.768699 -23.362717 -30.405500 27.029442 -20.346012 12.254965 -10.762375 16.304396 10.982572 -17.555786 12.195505 -4.874908 -37.585732 7.606892 -1.942039 23.137417 -24.505394 22.315639 19.662363 -19.603254 2.991536 -15.256763 -24.808733 23.942705 -5.895312 28.933077 -25.633474 12.639695 12.457914
-20.764357 10.003060 -32.508495 -28.919556 23.386120 -15.055689 4.919602 -10.979516 16.861582 10.060950 -15.083407 8.839274 -12.936391 -34.336658 6.484118 0.223708 18.613178 -25.597754 26.145796 15.878839 -17.651463 -0.224419 -22.604961 -23.169340 18.892334 0.046787 23.101282 -27.373270 15.100061 10.995839
-17.232393 6.401890 -36.804600 -23.383989 24.070011 -9.663345 -3.621416 -14.092370 15.143057 9.631143 -12.051218 5.977831 -21.310829 -27.301584 8.562716 3.374777 11.240729 -26.893906 28.982147 14.089755 -16.215981 0.442934 -27.403999 -20.840382 17.228922 6.878903 15.074715 -26.754311 20.319054 9.450156
-11.219869 2.213283 -38.868584 -16.514490 26.455694 -3.931406 -11.740806 -17.189274 12.870088 6.735144 -7.043202 2.606254 -28.004406 -20.137625 11.230034 8.109315 2.173856 -27.194153 30.189415 11.373300 -11.063684 -1.173434 -28.873255 -17.672016 16.159203 12.979780 7.554302 -27.158371 23.543968 5.190725
-4.495638 0.300647 -39.783768 -13.453455 26.666550 0.536887 -16.922407 -18.497828 10.411958 3.380464 -1.986677 -2.906573 -30.830645 -12.849787 15.808592 10.190569 -0.645553 -28.297697 28.521450 7.650064 -3.637973 -2.454644 -28.240526 -13.501099 17.155741 15.048718 3.153311 -28.642557 24.791084 0.879814
1.183120 -1.654650 -38.704807 -11.809436 27.622223 4.349698 -19.429434 -19.296705 6.669923 0.102439 1.594568 -6.528985 -31.910303 -8.606342 19.692778 12.143515 -0.038793 -27.319643 26.697525 3.686941 2.829921 -4.919945 -27.833574 -9.451256 18.980570 16.000540 2.048742 -29.153881 24.279692 -3.955259
3.550441 -2.120686 -38.549881 -12.064916 27.410320 6.304095 -19.635307 -18.841547 4.499079 -1.303073 3.127760 -9.340706 -31.478346 -6.494315 22.157619 12.697515 0.450842 -26.048191 26.146715 1.980580 5.574632 -6.601667 -27.062702 -7.444079 20.660585 16.409811 2.147976 -27.985718 23.864555 -7.167041
3.842176 -2.147401 -38.408062 -12.071001 27.560608 6.763199 -19.576443 -18.684429 4.129611 -1.555942 3.318107 -9.838679 -31.289909 -6.231509 22.801371 12.901715 0.686832 -25.687605 25.946396 1.484583 5.791254 -6.783400 -27.006533 -7.208219 20.926126 16.457529 2.273193 -27.847488 23.714756 -7.640399
3.513311 -1.701116 -37.947411 -12.177727 28.134718 7.087657 -19.629553 -18.740641 3.917118 -1.464547 2.743391 -10.151455 -30.938334 -6.189445 23.687321 13.046608 0.862965 -25.566580 25.769806 1.349768 5.786959 -6.317138 -26.649820 -6.631708 22.020607 15.930848 2.289060 -27.994183 24.010723 -7.892957
2.719214 -1.057193 -36.816376 -12.428838 29.228054 7.639879 -19.646175 -18.446581 3.729132 -0.945218 0.993864 -10.341271 -30.341669 -6.380297 25.325716 13.292298 1.100602 -24.719366 25.538143 2.099339 5.002780 -5.680233 -26.415340 -5.884874 23.571877 15.209370 2.397672 -27.858810 24.636442 -7.990448
0.873138 -0.217547 -35.366920 -12.664347 31.179422 8.111678 -18.927900 -17.926123 4.025164 -0.719738 -1.198870 -10.175458 -28.999020 -6.938111 27.104555 13.824401 0.915586 -23.801168 25.160439 3.010972 3.145034 -5.200137 -25.644138 -5.188528 26.154022 14.277580 2.615386 -26.967302 25.789762 -8.573167
-0.868172 0.174268 -33.589626 -12.538528 33.617161 8.524713 -18.019295 -16.889694 4.787192 -1.019772 -3.880195 -9.517982 -27.460039 -8.074301 28.681953 14.857271 0.834139 -22.876091 24.225929 4.259827 0.956819 -4.685112 -24.863089 -4.336673 29.088600 13.319697 3.003454 -25.429417 27.117947 -9.316870
-2.843856 -0.567171 -31.923378 -12.026917 36.279324 8.985757 -17.117531 -15.590051 5.880646 -1.192927 -5.949214 -9.023277 -25.578138 -9.334352 29.871895 16.087120 0.666793 -21.880732 23.137924 5.070124 -0.834225 -4.504976 -23.436966 -3.504076 32.381828 12.142396 3.401300 -24.049932 28.245239 -10.510877
-5.527749 -1.109326 -29.395279 -12.471464 38.829201 8.909395 -15.496899 -14.122343 6.897460 -1.958939 -8.032244 -8.028689 -23.332581 -11.260446 30.513807 17.003803 0.915202 -20.943693 22.121819 5.625479 -3.173549 -4.587726 -21.915367 -2.515079 36.372208 10.733644 3.975975 -21.863960 29.459167 -11.459290
-8.779912 -1.569468 -27.207294 -13.506576 40.911316 8.522637 -13.605472 -13.179788 7.417411 -2.329928 -10.177195 -6.740826 -20.761202 -13.203353 31.523235 18.182062 1.063668 -20.049103 21.052708 5.726890 -5.142551 -4.888444 -20.795109 -1.935176 39.552155 9.272664 4.863149 -20.298826 30.290560 -12.557759
-10.681619 -2.201883 -25.667219 -14.232360 42.068562 8.182533 -12.754243 -12.726389 7.822117 -2.683672 -11.622150 -6.097618 -18.895924 -14.682309 32.026535 19.066759 1.079075 -19.630253 20.307266 5.954305 -6.487008 -4.799524 -19.115562 -2.307704 41.259361 8.206242 5.773539 -19.684385 30.159603 -12.837870
-11.279525 -2.629293 -24.382677 -14.330975 42.859119 7.832432 -12.393852 -12.782355 7.837342 -2.942717 -12.224259 -5.765149 -17.631174 -15.378470 32.389725 19.487261 1.049161 -19.645140 19.759745 5.986453 -6.910656 -4.853421 -17.843611 -2.694873 41.979412 7.949768 5.943197 -19.466135 29.963980 -13.095338
-11.299559 -2.816445 -24.379377 -14.304978 42.912945 7.919681 -12.372411 -12.749413 7.787988 -2.996314 -12.271290 -5.811718 -17.719776 -15.426465 32.382076 19.632473 1.054012 -19.562136 19.667385 6.007654 -6.977544 -4.865114 -17.909735 -2.701264 41.998085 8.044898 5.935616 -19.379265 29.968071 -13.018235
-10.643130 -3.385058 -25.758209 -14.048848 42.355110 8.717299 -12.485456 -12.097315 7.512468 -2.627689 -12.034953 -6.224123 -19.297813 -15.122832 32.059792 20.023577 1.386100 -18.861357 19.401833 6.625443 -6.742538 -5.200911 -19.598288 -2.173770 41.605797 9.024066 5.705039 -18.651831 29.982843 -12.274977
-9.012464 -5.165332 -27.625765 -13.429431 41.414482 9.941792 -12.601248 -11.244999 6.585627 -2.435641 -10.625557 -7.819610 -22.421041 -14.404861 31.260593 21.169081 1.696231 -17.781258 18.922440 6.449886 -5.509645 -6.160618 -21.881968 -1.916949 40.049835 11.876382 4.606761 -17.278116 29.490582 -11.256585
-6.832404 -8.309946 -30.128889 -12.885894 39.724327 11.667900 -13.523644 -10.175198 5.433361 -1.953522 -8.306863 -10.276984 -25.765106 -13.663459 29.992609 22.820986 1.844585 -16.230618 18.429049 5.855339 -4.038899 -7.444955 -23.508144 -2.187960 38.098629 15.430421 3.311191 -16.102152 28.018509 -9.963944
-4.078309 -11.613059 -32.006218 -13.339540 37.555893 14.078055 -14.501375 -8.102191 3.582723 -1.540291 -5.194689 -12.816475 -28.972950 -13.036490 28.272745 24.688725 1.752054 -13.987132 17.550154 5.303493 -2.118031 -9.682036 -26.365387 -3.165293 34.489773 20.180347 2.427731 -13.886892 26.430004 -7.961071
-0.997144 -16.391531 -33.913723 -13.008314 35.638412 16.285658 -13.704741 -4.977724 1.737306 -1.002618 -0.776542 -15.229321 -32.916504 -12.781924 25.896437 27.667240 1.760345 -11.322968 16.876833 3.744639 -1.098693 -12.622229 -28.998449 -4.298802 30.626528 24.779612 2.107476 -11.384476 24.273907 -5.766055
2.528267 -21.962259 -36.357536 -13.051771 32.509594 16.952484 -10.871425 -0.114796 2.449476 0.008449 4.384654 -16.212196 -35.517387 -14.889572 21.953596 30.673233 3.104190 -5.705244 17.457903 2.777503 0.010520 -17.584005 -30.346516 -6.976095 26.531990 26.882708 3.897843 -6.850536 22.369524 -4.425948
5.646898 -22.912792 -38.594444 -15.411472 26.423611 15.015973 -5.931134 7.214912 7.846982 0.683722 12.843011 -13.907229 -35.656532 -16.697203 18.418068 30.684944 3.855841 4.605955 22.589327 0.865046 4.646688 -20.590874 -32.864208 -7.845378 22.323418 26.928539 7.124614 -1.137029 21.400330 -2.466203
10.508992 -24.104483 -39.527985 -20.093430 19.310400 13.705708 -1.312076 15.351830 10.110735 2.850753 19.844585 -14.703206 -33.836594 -19.662518 13.278296 29.469007 7.181901 13.587201 25.282328 2.146603 7.460015 -26.084085 -32.621647 -9.622706 19.839453 24.734320 13.838593 7.215984 20.447474 -1.589097
17.567707 -27.874094 -33.901386 -21.231991 15.353183 9.922469 -0.367953 22.978153 10.904668 10.596584 28.049221 -20.822960 -29.568567 -22.815992 5.750608 26.570141 11.201494 19.076122 23.282909 5.699833 12.852965 -30.439125 -28.577864 -9.441642 18.329630 22.457214 16.714685 14.240715 19.337866 2.021803
24.276613 -34.876770 -24.052990 -18.933910 17.593563 6.405610 3.051904 25.691502 4.875265 18.032854 36.298309 -27.372248 -19.888906 -23.679205 1.178466 29.015053 7.554139 19.248402 14.991270 14.120028 23.299307 -37.645847 -22.155453 -5.454205 20.426916 19.313385 18.534517 18.075651 12.935907 5.967356
34.208950 -36.836563 -13.788053 -17.903919 18.054909 1.029387 7.988715 23.661325 1.273138 12.868518 44.928928 -23.188105 -6.432744 -24.349318 -1.109991 32.078365 2.439058 17.729452 6.222261 17.834307 33.452187 -34.538250 -11.828884 -5.065217 21.046007 18.657959 18.871067 21.943470 5.870305 8.996758
37.975368 -29.577644 -7.312428 -17.238554 18.451181 -7.160266 13.203896 21.652588 0.621770 13.263667 46.368946 -14.459591 2.703468 -25.742661 0.304350 24.828146 7.129157 18.984743 3.349967 22.972355 35.889534 -23.779001 -8.362896 -6.576110 22.091640 10.485703 23.136177 23.553827 3.197081 12.585976
39.332241 -18.932869 -4.099818 -18.125237 17.081839 -13.801652 18.829706 19.920250 0.481043 15.861762 46.872322 -10.010275 7.377040 -25.968090 0.354703 12.715355 9.743263 16.561663 -2.296412 30.656698 38.179241 -11.030901 -5.081138 -10.705483 19.420740 3.846356 24.994465 21.984030 -1.347445 18.730133
37.499638 -9.194383 -2.671073 -18.685040 14.276570 -22.352308 25.725271 15.230000 0.477491 20.934246 46.335712 -3.663110 11.229381 -23.832281 -0.355803 1.802050 11.878695 10.273868 -5.489593 39.276909 35.722504 -4.726626 -3.226998 -14.039858 16.480625 -4.699235 30.198671 14.568914 -5.817674 25.342777
35.747562 0.068706 -6.927661 -19.138643 10.614537 -29.309540 29.383650 11.244449 1.682023 23.869722 46.343922 5.645231 13.845548 -22.928610 -3.017282 -6.145634 17.539021 4.928485 -1.365704 40.943573 35.049797 2.904111 -2.376582 -15.562788 12.487422 -11.537694 36.393764 7.315582 -4.407697 28.057076
34.175903 6.445213 -11.641446 -18.532440 7.533654 -34.868992 31.303457 6.030798 3.408943 24.981834 43.718159 9.665048 15.568646 -22.787760 -5.604495 -11.521096 27.374903 0.858606 4.133406 41.700508 33.661316 7.455260 -3.251354 -13.177506 11.763766 -17.072557 40.535107 0.846064 0.291556 29.611097
30.555557 11.444183 -16.331545 -18.028036 5.190199 -39.203629 32.313778 0.875294 6.584012 24.150429 39.469929 12.998361 14.620897 -22.545671 -6.586804 -17.917292 34.885765 -3.792008 9.787681 39.779469 30.322987 8.986642 -5.572262 -10.684358 13.064912 -22.603018 42.932182 -4.780372 4.374673 28.494331
28.296337 13.340040 -19.321737 -18.238739 3.621250 -41.651978 32.577271 -3.156973 8.298351 21.543762 36.911163 13.702999 14.070298 -21.861742 -6.133009 -22.105412 38.743896 -6.706280 13.541772 37.370819 28.202444 8.375736 -8.204665 -8.290960 14.387712 -26.445940 43.525177 -8.999417 7.919075 25.964947
26.838665 13.886867 -20.593088 -18.382504 3.254355 -43.076939 32.956127 -5.459371 9.121947 19.850719 35.640652 13.836712 13.784231 -21.948772 -6.318848 -23.852871 40.871326 -8.473626 15.134406 35.983116 26.851477 7.859410 -9.259247 -7.262856 14.942142 -27.598131 43.286396 -11.283425 9.819598 24.511435
