26.608665 13.954174 -20.853973 -18.383125 3.249658 -43.128719 33.020084 -5.505495 9.345060 19.721823 35.514427 13.954288 13.605720 -22.014652 -6.397494 -23.858488 41.109501 -8.403642 15.431437 35.888435 26.691191 7.817035 -9.432155 -7.211682 14.929436 -27.562759 43.357632 -11.440241 10.150616 24.258881
26.537199 13.856800 -21.095329 -18.255791 3.399281 -43.047333 32.927570 -5.262132 9.578621 19.734011 35.398922 14.220908 13.373950 -22.017765 -6.381519 -23.689899 40.954723 -8.163831 15.657755 36.157490 26.536730 7.997590 -9.592775 -7.400815 14.857479 -27.528297 43.581795 -11.298926 10.350954 24.226833
26.404997 13.743127 -21.452185 -18.187536 3.597976 -42.663815 32.776970 -4.618696 9.876476 19.943022 35.062607 14.469393 12.890252 -22.082781 -6.266949 -23.317850 40.629051 -7.606577 15.943445 36.596207 26.217428 8.197624 -9.909455 -7.662941 14.834944 -27.227083 43.732792 -10.868443 10.575000 24.309885
25.955111 13.528062 -21.880527 -18.175797 3.892945 -42.302280 32.739166 -3.827338 10.333622 20.201679 34.517406 14.682619 12.178647 -22.336123 -6.230221 -22.596603 40.453384 -6.847881 16.473886 37.020828 25.748436 8.488820 -10.110781 -7.994524 14.818448 -26.923605 44.063301 -10.491939 10.951125 24.293554
25.654476 13.410735 -22.157574 -18.272936 4.282023 -41.749729 32.649887 -2.704428 10.815065 20.571199 33.989521 14.996768 11.396696 -22.553650 -6.233942 -22.026403 40.224819 -6.223188 17.048611 37.392387 25.277172 8.663587 -10.506774 -8.416792 14.724819 -26.551729 44.438065 -10.045462 11.219627 24.335300
25.077023 13.412311 -22.391886 -18.506948 4.786145 -41.068733 32.592354 -1.520766 11.440243 20.837637 32.987583 15.173538 10.588825 -22.932547 -6.036260 -21.272974 39.804432 -5.451404 17.477123 37.849453 24.633099 8.595677 -10.924747 -8.918296 14.880515 -25.946512 44.692844 -9.211226 11.361949 24.340124
24.357286 13.581314 -22.863485 -19.011139 5.103826 -40.139111 32.718834 -0.006499 12.069351 21.316729 32.166195 15.297687 9.153734 -23.304760 -6.038730 -20.129227 39.153805 -4.348401 17.967075 38.441578 23.438757 8.649089 -11.639850 -9.560158 14.862883 -25.063564 44.769863 -8.214934 11.630824 24.777908
23.402035 13.680358 -23.099964 -19.644932 5.442946 -39.386078 32.992794 1.230632 12.455832 21.791586 31.280603 15.242095 8.084243 -23.597692 -5.777885 -19.166845 38.530510 -3.307356 18.290913 39.044594 22.356298 8.622684 -12.012597 -10.494693 14.622727 -24.204092 44.942867 -7.350464 11.435594 25.176418
22.380245 13.713996 -22.975397 -20.230461 6.031921 -38.703938 33.051338 2.074944 12.502945 22.073698 30.155724 14.929022 7.292149 -23.781191 -5.345548 -18.023478 37.707588 -2.466268 18.642832 39.511044 21.100306 8.913446 -12.297461 -11.174521 14.611580 -23.209631 44.926594 -6.503267 11.585146 25.462812
21.263544 13.829783 -23.170595 -20.879126 6.580977 -37.750957 32.961811 3.188913 12.708500 22.135202 29.142467 14.753831 6.249262 -23.770601 -4.934265 -16.801004 36.514740 -1.484222 19.101397 40.254513 19.939245 9.179462 -12.698658 -11.835840 14.482898 -22.212503 44.871258 -5.886889 11.787568 25.715717
20.058844 13.959496 -23.472130 -21.648193 7.139005 -36.691998 32.977573 4.490027 13.128680 22.099939 28.109642 14.982749 5.046231 -23.966303 -4.670448 -15.598150 35.272091 -0.617326 19.479084 40.951191 18.399513 9.218856 -13.092644 -12.841702 14.327424 -21.375441 45.013153 -5.253582 11.747366 25.881702
18.965927 14.183533 -23.842583 -22.192793 7.583304 -35.789223 32.943569 5.569839 13.707071 22.161409 26.979759 15.531098 3.968701 -24.287994 -4.424075 -14.661471 33.979950 0.031794 19.797894 41.735252 17.224705 9.200150 -13.796269 -13.468924 14.173602 -20.747780 44.994595 -4.702080 11.907500 26.153488
17.853958 14.331489 -24.134581 -22.610167 7.998233 -35.067707 33.021519 6.496927 14.165110 22.302172 25.959391 16.062597 3.033276 -24.561115 -4.322470 -13.910811 32.799145 0.347422 20.000391 42.438240 16.231037 9.161222 -14.617611 -13.831038 14.024593 -20.388794 45.054527 -4.059283 12.018641 26.763771
16.995693 14.672114 -24.301302 -23.136446 8.372087 -34.039268 32.753124 7.377346 14.404995 22.336367 25.026634 16.690403 1.978956 -24.817957 -4.300080 -13.230390 31.648327 0.510748 20.294449 42.873558 15.183846 9.078921 -15.243751 -14.318397 13.966086 -19.723749 44.840542 -3.519003 12.089166 27.116440
16.350840 14.695586 -24.290894 -23.806444 8.617748 -33.117592 32.834511 8.297822 14.510286 22.128212 24.440704 16.904068 1.000473 -25.080975 -4.386452 -12.250364 30.627344 0.953250 20.357307 43.070305 14.129556 9.154294 -15.425000 -14.674327 14.251184 -19.161020 44.630695 -3.026048 12.249700 27.333214
15.691155 14.810581 -24.469620 -24.212723 8.773246 -32.514706 32.925411 8.942333 14.739262 22.132271 23.984615 16.986134 0.261617 -25.258797 -4.390925 -11.564864 29.796246 1.297885 20.463329 43.087021 13.214011 9.143316 -15.823606 -14.801032 14.482759 -18.746681 44.422871 -2.467107 12.393474 27.725544
15.139485 14.855505 -24.488039 -24.475035 8.938896 -32.146645 32.908848 9.139203 14.943598 21.899603 23.672102 17.185617 -0.016786 -25.348103 -4.340374 -11.265276 29.218220 1.149338 20.546110 42.874969 12.664655 9.061896 -15.928368 -14.969460 14.673687 -18.608397 44.411129 -2.350210 12.405807 27.647606
14.769053 14.823771 -24.477928 -24.712831 9.073197 -31.737658 32.984642 9.510074 15.075788 21.721327 23.395035 17.393908 -0.106701 -25.558697 -4.300835 -10.948471 28.828079 1.229319 20.483700 42.835503 12.287701 8.954715 -16.102497 -15.177126 14.723074 -18.404827 44.485054 -2.097066 12.404181 27.571169
14.507187 14.733398 -24.385992 -24.861702 9.243913 -31.460804 32.910480 9.666607 15.092889 21.593548 23.259447 17.512236 -0.192972 -25.690874 -4.262449 -10.611609 28.493206 1.364296 20.490599 42.773075 12.096534 8.795599 -16.147360 -15.300713 14.742661 -18.262428 44.533642 -1.998790 12.319818 27.491373
14.443665 14.716704 -24.374880 -24.907936 9.279016 -31.371147 32.935726 9.758155 15.132160 21.524920 23.161118 17.518005 -0.224744 -25.715689 -4.210751 -10.529885 28.384232 1.384195 20.494080 42.788597 12.033976 8.782894 -16.151402 -15.313375 14.795554 -18.177391 44.490269 -1.966004 12.344151 27.459890
14.429217 14.572341 -23.572887 -24.915728 9.675988 -31.401175 32.963844 9.852118 14.760645 21.856342 23.053965 17.598047 0.626763 -25.730618 -3.722464 -10.163878 27.960293 1.610951 20.149923 43.125923 12.082822 9.162678 -15.620842 -15.525494 14.849450 -17.837843 44.497585 -1.758789 12.146808 27.734852
14.268833 13.953696 -21.259626 -24.785782 10.994226 -31.015930 32.940731 10.536210 13.843763 23.259481 22.807461 17.577690 2.292492 -25.976931 -2.577432 -8.510344 26.513107 2.942764 19.133730 44.336346 11.764643 10.208246 -14.509663 -16.091810 14.936225 -16.568546 44.089092 -1.112213 11.740793 28.880978
14.029546 12.667989 -17.856417 -24.499292 13.024369 -30.451294 32.630810 11.170341 12.612780 24.847458 22.657171 16.771566 5.912804 -26.091415 -0.450059 -6.395426 24.791183 4.294167 17.439690 45.322441 11.619568 11.991206 -12.078480 -17.195021 15.180050 -14.522582 43.725384 0.275486 10.869826 29.923964
14.098744 11.030263 -13.046444 -23.878542 15.784074 -29.790627 31.964380 11.403503 10.605746 26.921453 22.531458 15.474909 10.232335 -25.900869 2.319012 -4.517497 22.765207 5.447205 14.781495 46.631729 12.030618 13.811403 -8.083327 -18.296967 16.270239 -11.978053 42.658123 1.953589 8.971226 30.930523
14.889795 9.203946 -6.923085 -23.150654 18.822580 -28.800043 30.945618 10.619576 8.105966 27.481630 22.683626 14.265859 15.280329 -25.235615 5.294511 -2.666303 19.638184 5.590202 11.938846 46.844635 12.899971 15.098878 -3.128553 -19.330828 17.945070 -9.295632 40.298737 3.683181 5.771461 31.653881
16.153549 7.138630 -0.975463 -23.581030 20.941475 -26.993931 29.435963 10.014919 5.372827 26.768431 24.020983 12.718444 19.521093 -25.281862 7.589874 -0.192832 15.764682 5.482036 7.543677 45.886944 13.750592 14.384214 1.738445 -20.052273 19.830936 -6.256948 37.722477 5.466055 1.811167 31.689198
17.039732 5.443759 4.778139 -24.374304 22.551102 -24.802540 27.837599 9.351570 2.636156 25.980295 24.699059 10.186185 22.363008 -25.407978 9.912994 1.006818 11.059443 4.983353 2.681665 44.583389 14.987362 13.421054 6.066255 -20.303717 22.333378 -3.200375 33.598053 7.319093 -1.712310 31.431648
16.973354 2.185114 10.342099 -24.078083 25.331726 -22.240551 26.002508 8.711603 1.226414 24.608795 25.106627 6.862369 25.239216 -25.539936 13.745977 1.533652 7.232981 5.225502 -1.555485 42.849236 15.309998 10.570143 8.642499 -20.317196 25.940641 -1.951197 30.612572 10.045276 -4.637641 29.367382
15.769067 -2.026257 15.736216 -23.509390 28.832850 -19.717939 24.139233 7.715936 -0.004991 23.870502 23.928772 0.633603 26.822315 -25.375648 18.758825 2.071043 5.170707 6.923561 -4.588005 41.222858 15.302261 8.964952 11.143612 -20.349430 30.073671 -0.780524 26.517258 11.927225 -7.298797 27.098499
14.087348 -6.130396 20.071194 -21.607180 33.711956 -16.845266 21.735067 8.341159 0.981923 24.382397 20.480009 -5.198336 26.730608 -25.738998 23.059353 2.029164 3.608350 7.920062 -6.811806 39.313103 13.898998 5.948697 13.072406 -19.665014 34.626362 0.146661 21.333584 13.952990 -10.569343 25.361988
10.732443 -10.138460 22.794622 -20.965172 37.361263 -14.270533 19.302612 8.184340 1.761110 24.619694 17.236507 -8.682603 27.009832 -25.615484 27.213425 2.845402 2.324929 9.623503 -6.093627 36.897377 12.192102 3.809957 13.357985 -18.151836 39.108173 0.918964 16.974125 15.680800 -11.566726 23.164955
7.737257 -12.323986 24.869604 -20.579966 39.813316 -11.419957 17.534468 7.614350 3.671229 23.822966 12.714266 -10.815555 26.865376 -25.783806 31.575802 3.150946 0.452956 10.067743 -5.849690 35.226166 9.693078 1.716898 13.663836 -15.810473 45.650398 -0.537421 13.525964 16.927418 -10.996390 20.356647
4.539012 -13.216803 25.311878 -20.427629 41.096653 -8.355872 16.804853 7.599848 6.669740 22.741789 9.640934 -11.613465 27.223276 -25.365211 34.284595 4.761050 -1.277660 10.324096 -4.842798 33.978279 6.721426 -1.627907 13.662263 -13.587737 50.188728 -1.397020 11.217156 16.335358 -9.877641 18.082417
2.056733 -12.860479 25.282795 -21.850191 41.973698 -5.949593 17.197466 8.103189 8.348232 19.920338 7.337190 -11.514114 27.261389 -24.033611 36.998569 6.220863 -2.783467 10.600940 -2.048094 31.853220 3.888466 -4.470423 14.121719 -11.717576 53.763611 -1.834586 9.502520 15.424021 -8.726116 17.281391
1.373341 -12.133389 25.806742 -23.282635 42.740040 -3.491223 17.240870 9.601804 10.172790 16.359575 4.995193 -12.755879 26.711620 -23.801500 39.365421 6.758836 -4.384285 11.213210 -0.993099 30.362532 1.858540 -5.158543 14.544894 -9.800004 57.036884 -1.053879 7.508211 15.966365 -7.303336 16.715153
0.719151 -11.050624 25.373419 -25.222282 42.294479 -2.258360 17.779156 10.912444 11.334463 13.591542 3.812472 -11.513605 26.272589 -23.305723 41.126057 8.222679 -7.010713 11.788889 0.932387 29.589415 -0.067477 -4.828684 13.892170 -8.503793 58.166531 0.456847 7.006319 16.481697 -4.320044 15.903262
0.439567 -9.932985 24.949142 -26.057423 42.496899 -1.037353 17.551666 12.335332 12.511212 12.157557 2.627451 -10.931783 25.693880 -22.749910 42.663662 9.476212 -9.208459 12.525619 2.364244 29.275917 -2.126463 -4.480207 12.815351 -8.033856 59.079861 1.626910 6.114514 16.985121 -2.492138 15.602125
0.653515 -8.637162 24.933928 -26.923449 42.996452 0.078502 16.673346 13.545565 13.311260 10.395028 1.965123 -9.864009 24.778414 -22.935236 43.197441 9.940621 -10.855400 13.033764 2.879652 29.043678 -3.055460 -3.785035 12.452288 -8.505817 59.430637 2.752212 5.146954 17.607513 -1.803330 15.360560
0.562846 -7.719969 24.864395 -27.256678 43.234245 0.619206 16.012861 13.638146 13.815683 9.383856 1.570911 -8.895391 24.371737 -23.668205 43.324471 10.306679 -11.401343 13.519032 2.970398 28.503134 -3.598183 -2.955848 12.197313 -9.035062 59.493790 3.432879 4.441760 17.900278 -1.419390 14.991857
0.650125 -7.311140 24.894495 -27.360329 43.256073 0.799222 15.752010 13.576138 14.103201 8.859055 1.447524 -8.743652 24.347464 -23.687843 43.368614 10.449435 -11.720323 13.352368 2.976434 28.367472 -3.779188 -2.792133 12.128570 -9.326456 59.290997 3.782188 4.311954 17.868647 -1.393271 14.877528
0.663625 -7.256801 24.896029 -27.258070 43.385494 0.810289 15.723002 13.719506 14.202968 8.977939 1.473705 -8.683031 24.201956 -23.575527 43.461071 10.389334 -11.737549 13.565456 3.149866 28.465322 -3.725996 -2.617047 12.056184 -9.250022 59.381756 3.800270 4.176042 18.039339 -1.306449 14.956925
0.844768 -7.163743 25.028191 -26.979822 43.661713 1.034453 15.464051 14.097128 14.472597 9.181907 1.442827 -8.717183 23.889095 -23.244747 43.647648 10.254275 -11.978106 13.768026 3.512538 28.633026 -3.537228 -2.180958 12.097246 -9.178115 59.497368 4.082289 3.872882 18.436199 -1.183173 15.059218
1.248933 -6.774091 24.936783 -26.713333 43.822247 1.269622 15.088675 14.658457 14.737748 9.402497 1.552431 -8.647278 23.444080 -22.633848 43.993382 9.825905 -12.321891 14.102448 4.114566 29.011393 -3.257875 -1.817510 11.765306 -9.234379 59.148365 4.316925 3.854194 18.828547 -0.977963 15.211453
1.875824 -6.343565 24.776463 -26.243837 44.114632 1.486189 14.760861 15.385183 15.306540 9.617078 1.798965 -8.757794 22.912626 -21.881771 44.434353 9.396310 -12.319946 14.743155 5.269756 28.979589 -3.201127 -1.337520 10.910924 -8.948084 59.004890 4.682380 3.732473 19.802689 -0.197881 15.473643
2.467464 -5.669473 24.328287 -25.797091 44.206833 1.785931 14.518023 16.364758 15.902616 10.395785 1.841172 -8.779143 21.868660 -21.173578 45.018124 8.693299 -12.265283 15.662216 6.611971 29.213852 -2.828184 -0.625495 9.755572 -8.456631 58.749577 4.992711 3.434232 20.537439 0.667415 15.747434
3.314941 -5.090043 23.599508 -25.292839 44.239857 1.993325 14.471608 17.681124 16.674400 11.089040 2.209203 -8.880330 20.846266 -20.544270 45.512447 8.388207 -12.293014 16.964428 7.814414 29.751642 -2.370802 0.146252 8.724074 -7.850549 58.463745 5.414645 3.011042 21.190746 1.392627 16.488922
4.242488 -4.520665 22.951616 -24.746468 44.354923 2.240047 14.382159 19.199150 17.316767 12.075751 2.796966 -8.846683 19.315504 -19.946743 45.679005 7.866472 -12.172896 18.619160 9.244387 30.266882 -1.785788 0.745444 7.095909 -7.077495 57.699886 5.803573 2.790793 22.035543 2.493868 17.493286
5.269631 -4.140034 22.017879 -24.059641 44.343773 2.630452 14.158413 20.870144 18.074087 13.018878 3.285857 -8.677236 16.976231 -18.995693 45.207802 7.247859 -11.910352 19.958920 10.936490 30.896242 -0.811184 1.081990 5.391832 -6.066797 56.864410 6.728156 2.264339 23.033745 3.576517 18.541912
5.988776 -3.687661 21.141930 -23.382774 44.497002 3.003804 14.007133 22.555704 18.993994 13.840291 3.901604 -8.412850 14.987875 -18.062559 44.909355 5.955824 -11.170257 20.960838 12.545992 31.513182 0.676246 1.833025 3.964617 -4.870124 56.286869 7.177470 1.573472 23.904373 4.632004 19.380352
6.736266 -3.628594 20.200188 -22.565315 44.668617 3.352853 13.888025 24.037134 19.937456 14.427336 4.424155 -8.539291 13.663304 -17.098845 45.206432 4.844782 -10.518166 22.365343 14.294246 31.850368 2.081358 2.622659 2.945184 -3.429418 56.216656 7.403933 1.190913 24.626513 5.984357 19.839634
7.582127 -3.683511 19.399635 -21.689854 44.756100 3.683141 13.738735 25.318941 20.765730 14.809514 4.944225 -9.105996 12.037045 -15.795870 45.596127 3.318281 -10.076597 23.509081 16.135132 32.691719 3.202093 2.858757 1.657193 -2.482715 55.974354 7.769998 0.133356 25.483837 6.593657 20.660044
8.264277 -3.093853 18.806231 -20.871120 44.916607 4.020816 13.498665 26.276829 21.800831 15.092405 5.276168 -9.115344 10.829904 -14.133709 46.360802 1.732916 -9.848728 24.476976 18.664867 33.372066 3.841716 3.690087 0.445728 -1.594231 56.100971 8.068200 -0.900939 26.378157 7.419529 21.354527
9.109344 -2.695719 17.935961 -20.060141 44.736126 4.132398 13.375707 26.983315 22.574627 15.279467 5.782731 -9.257155 9.851259 -12.530236 47.187000 0.415263 -9.677829 25.566145 20.984083 34.011826 4.548873 4.543871 -0.947717 -0.266489 56.244064 8.170574 -1.316880 27.118538 8.760936 21.977455
9.935328 -2.594307 17.362869 -19.014317 44.945995 4.266939 13.114993 27.828856 23.451769 15.668173 6.467509 -8.885202 8.870546 -11.093036 47.695591 0.169268 -9.840177 26.799536 23.207920 34.723412 5.396374 5.630027 -1.992195 1.265983 56.667820 8.729880 -1.724654 28.056183 10.410304 22.307758
10.584720 -2.549422 16.650381 -18.227358 44.825916 4.358644 12.788137 28.089157 24.079739 15.766338 7.103201 -8.658198 7.996204 -10.264117 47.686363 -0.247806 -9.620296 27.611927 24.706326 34.887424 6.297758 6.467246 -2.939271 2.391331 56.478260 9.187606 -2.270916 28.180307 11.538715 22.599617
11.074527 -2.525586 16.278049 -17.710743 44.903851 4.452361 12.667009 28.391108 24.646353 15.728164 7.606156 -8.525490 7.343771 -10.087870 47.312622 -0.790945 -9.023018 28.170609 25.314238 34.786987 7.086599 7.144887 -3.780228 3.235423 56.497150 9.323771 -2.723601 28.412212 12.378631 22.576485
11.588110 -2.204066 15.916275 -17.192911 45.188042 4.629616 12.207002 28.878407 25.211552 15.802747 8.001595 -8.134233 6.742529 -10.010272 47.012547 -1.235663 -8.859183 28.500181 25.606739 34.631638 7.578531 7.449299 -4.611098 3.658632 56.224823 9.480124 -3.190449 28.627270 12.790862 22.681917
12.148336 -1.983425 15.595884 -16.594563 45.350079 4.671683 11.934344 29.257776 25.826355 15.742592 8.482910 -7.829375 6.416716 -9.843572 46.685509 -1.407406 -8.668814 28.790459 26.009815 34.453827 8.016785 7.607386 -5.279694 3.952655 55.892384 9.329188 -3.295563 28.662094 13.156780 22.643559
12.319717 -1.834539 15.443440 -16.421894 45.391853 4.630521 11.827012 29.330936 25.980572 15.753118 8.644376 -7.492189 6.226044 -9.705014 46.532978 -1.360793 -8.611474 28.943228 26.368465 34.503113 8.163866 7.788969 -5.479772 4.102351 55.749344 9.365381 -3.334606 28.690039 13.368487 22.737986
12.464092 -1.913838 15.269112 -16.303082 45.312901 4.553798 11.837401 29.328033 26.031225 15.692159 8.832976 -7.506730 6.112516 -9.605901 46.428841 -1.399331 -8.591180 28.966013 26.463602 34.470730 8.336240 7.640745 -5.651021 4.282638 55.696152 9.329282 -3.367154 28.744190 13.435029 22.787931
12.464117 -1.914042 15.268451 -16.301842 45.313881 4.554346 11.838211 29.328171 26.030708 15.692615 8.833124 -7.507316 6.112020 -9.604528 46.430088 -1.398791 -8.591115 28.965216 26.462410 34.470860 8.336240 7.640745 -5.651021 4.282638 55.696152 9.329282 -3.367154 28.744190 13.435029 22.787931
12.464092 -1.913838 15.269112 -16.303082 45.312901 4.553798 11.837401 29.328033 26.031225 15.692159 8.832976 -7.506730 6.112516 -9.605901 46.428841 -1.399331 -8.591180 28.966013 26.463602 34.470730 8.336240 7.640745 -5.651021 4.282638 55.696152 9.329282 -3.367154 28.744190 13.435029 22.787931
12.464252 -1.913687 15.269926 -16.302986 45.312042 4.553319 11.839211 29.327080 26.031725 15.693505 8.834150 -7.504135 6.113704 -9.606379 46.428425 -1.397896 -8.590524 28.967535 26.464800 34.469414 8.336608 7.639837 -5.651308 4.282641 55.696281 9.328009 -3.367679 28.743326 13.433731 22.788677
12.464279 -1.913884 15.269265 -16.301748 45.313026 4.553867 11.840024 29.327219 26.031210 15.693959 8.834294 -7.504718 6.113205 -9.605000 46.429642 -1.397357 -8.590462 28.966745 26.463610 34.469543 8.336608 7.639837 -5.651308 4.282641 55.696281 9.328009 -3.367679 28.743326 13.433731 22.788677
12.463899 -1.914050 15.271172 -16.303823 45.311661 4.552752 11.838580 29.327002 26.032038 15.693546 8.833885 -7.504265 6.114419 -9.607079 46.428135 -1.398359 -8.590621 28.968512 26.465687 34.469738 8.336608 7.639837 -5.651308 4.282641 55.696281 9.328009 -3.367679 28.743326 13.433731 22.788677
12.463933 -1.914248 15.270509 -16.302589 45.312668 4.553299 11.839388 29.327135 26.031521 15.694008 8.833928 -7.504133 6.113532 -9.605734 46.429279 -1.397510 -8.590069 28.968670 26.466015 34.468945 8.336383 7.640326 -5.651305 4.282569 55.695885 9.328442 -3.367276 28.743469 13.434404 22.788280
12.464397 -1.913571 15.270023 -16.301807 45.312935 4.554532 11.840014 29.327091 26.031347 15.694449 8.834294 -7.504718 6.113205 -9.605000 46.429642 -1.397357 -8.590462 28.966745 26.463610 34.469543 8.336608 7.639837 -5.651308 4.282641 55.696281 9.328009 -3.367679 28.743326 13.433731 22.788677
12.462083 -1.915231 15.268645 -16.304155 45.310680 4.553816 11.841788 29.325983 26.029184 15.694376 8.834959 -7.505020 6.114008 -9.603718 46.430325 -1.397089 -8.590886 28.966492 26.464190 34.471397 8.337062 7.641231 -5.651023 4.282072 55.696445 9.328835 -3.368704 28.744375 13.433675 22.787836
12.463216 -1.914463 15.269806 -16.304087 45.310631 4.553472 11.839828 29.325975 26.030695 15.693951 8.834797 -7.503435 6.114120 -9.605640 46.429203 -1.397404 -8.590981 28.968592 26.466114 34.470043 8.337074 7.641511 -5.651474 4.282305 55.696541 9.328414 -3.368575 28.744438 13.434225 22.787502
12.463216 -1.914463 15.269806 -16.304087 45.310631 4.553472 11.839828 29.325975 26.030695 15.693951 8.834695 -7.502717 6.113733 -9.605659 46.429123 -1.397101 -8.590497 28.969568 26.467632 34.469124 8.336856 7.641999 -5.651471 4.282234 55.696125 9.328847 -3.368167 28.744577 13.434905 22.787104
12.463245 -1.914664 15.269143 -16.302853 45.311619 4.554023 11.840652 29.326105 26.030174 15.694406 8.834847 -7.503301 6.113236 -9.604286 46.430328 -1.396561 -8.590434 28.968767 26.466438 34.469254 8.336856 7.641999 -5.651471 4.282234 55.696125 9.328847 -3.368167 28.744577 13.434905 22.787104
12.463914 -1.913091 15.271336 -16.304264 45.310909 4.554173 11.839606 29.325855 26.030668 15.694481 8.834797 -7.503435 6.114120 -9.605640 46.429203 -1.397404 -8.590981 28.968592 26.466114 34.470043 8.337074 7.641511 -5.651474 4.282305 55.696541 9.328414 -3.368575 28.744438 13.434225 22.787502
12.462776 -1.913862 15.270189 -16.304333 45.310955 4.554513 11.841560 29.325869 26.029158 15.694907 8.834862 -7.504306 6.113622 -9.603747 46.430244 -1.396788 -8.590401 28.967459 26.465710 34.470474 8.336839 7.641719 -5.651029 4.281998 55.696026 9.329268 -3.368297 28.744522 13.434353 22.787439
12.462743 -1.913663 15.270850 -16.305567 45.309948 4.553965 11.840750 29.325731 26.029673 15.694447 8.834711 -7.503721 6.114116 -9.605119 46.429035 -1.397328 -8.590464 28.968243 26.466900 34.470352 8.336839 7.641719 -5.651029 4.281998 55.696026 9.329268 -3.368297 28.744522 13.434353 22.787439
14.012163 -0.528332 15.508550 -17.138380 46.300785 2.627804 8.577144 30.551609 24.030172 15.842784 9.784247 -6.051206 10.886087 -8.241267 46.032200 4.340905 -2.778937 30.876764 35.065815 30.870218 8.164111 6.246353 -3.084135 6.821391 55.137173 11.125843 1.627433 27.536440 20.136200 23.000975
14.012163 -0.528332 15.508550 -17.138380 46.300785 2.627804 8.577144 30.551609 24.030172 15.842784 9.784247 -6.051206 10.886087 -8.241267 46.032200 4.340905 -2.778937 30.876764 35.065815 30.870218 8.164111 6.246353 -3.084135 6.821391 55.137173 11.125843 1.627433 27.536440 20.136200 23.000975
14.012163 -0.528332 15.508550 -17.138380 46.300785 2.627804 8.577144 30.551609 24.030172 15.842784 9.784247 -6.051206 10.886087 -8.241267 46.032200 4.340905 -2.778937 30.876764 35.065815 30.870218 8.164111 6.246353 -3.084135 6.821391 55.137173 11.125843 1.627433 27.536440 20.136200 23.000975
14.012163 -0.528332 15.508550 -17.138380 46.300785 2.627804 8.577144 30.551609 24.030172 15.842784 9.784247 -6.051206 10.886087 -8.241267 46.032200 4.340905 -2.778937 30.876764 35.065815 30.870218 8.164111 6.246353 -3.084135 6.821391 55.137173 11.125843 1.627433 27.536440 20.136200 23.000975
14.012163 -0.528332 15.508550 -17.138380 46.300785 2.627804 8.577144 30.551609 24.030172 15.842784 9.784247 -6.051206 10.886087 -8.241267 46.032200 4.340905 -2.778937 30.876764 35.065815 30.870218 8.164111 6.246353 -3.084135 6.821391 55.137173 11.125843 1.627433 27.536440 20.136200 23.000975
13.503666 -1.064086 14.960491 -16.798418 46.848545 3.202852 9.467485 31.062170 23.794018 15.991536 9.619013 -5.873330 10.253173 -8.835622 45.581856 5.131503 -1.557862 31.261780 35.375484 30.477301 8.053127 6.286094 -4.111789 7.613000 55.748959 11.359184 2.487412 27.445549 19.880226 22.608099
13.474314 -0.986534 14.850037 -16.644672 46.957233 3.441913 9.791959 31.056992 23.723494 15.969266 9.615341 -5.830708 10.275830 -8.775740 45.686916 5.222618 -1.503894 31.153103 35.318501 30.597826 8.155109 6.486848 -4.029144 7.506999 55.676243 11.316689 2.532410 27.551788 20.009579 22.573856
13.525536 -0.993369 14.985549 -16.672068 46.941673 3.344300 9.614911 31.016703 23.772814 15.951825 9.567845 -5.850647 10.303666 -8.824436 45.568794 5.129866 -1.703180 31.113995 35.376102 30.792706 8.161797 6.558366 -4.000685 7.414327 55.520191 11.275724 2.485564 27.548569 20.010948 22.633615
13.532257 -0.971994 14.952082 -16.702574 46.921597 3.332301 9.621626 31.012787 23.686247 15.958212 9.569236 -5.871556 10.318186 -8.800575 45.555676 5.128384 -1.710242 31.077021 35.356571 30.823322 8.157639 6.529587 -3.998011 7.431248 55.518890 11.289330 2.481378 27.518847 19.989452 22.663553
13.531689 -0.970094 14.950769 -16.725216 46.901482 3.319194 9.603368 31.017942 23.669117 15.969817 9.570925 -5.873901 10.316595 -8.808822 45.536865 5.130993 -1.721356 31.077621 35.372921 30.825357 8.162720 6.530319 -3.994339 7.424658 55.515820 11.288687 2.489335 27.522387 19.988598 22.654095
13.536379 -0.965624 14.948407 -16.718601 46.906929 3.320938 9.608587 31.008289 23.659700 15.961435 9.571080 -5.865937 10.318456 -8.804498 45.541855 5.133810 -1.716734 31.070038 35.359676 30.823277 8.162554 6.529629 -3.996628 7.424743 55.513657 11.289563 2.488662 27.521326 19.987349 22.655003
13.534972 -0.962599 14.945067 -16.726440 46.897076 3.322288 9.608393 31.009193 23.667118 15.958503 9.569580 -5.855790 10.313966 -8.810596 45.540035 5.130680 -1.717353 31.075960 35.367123 30.818274 8.163646 6.528788 -3.993145 7.425391 55.518780 11.282101 2.485404 27.520206 19.989368 22.650316
13.533985 -0.966117 14.949233 -16.726587 46.897991 3.318758 9.602340 31.014761 23.675123 15.962054 9.570707 -5.860133 10.314647 -8.809864 45.538921 5.130588 -1.718151 31.076078 35.365253 30.821432 8.162605 6.530088 -3.994675 7.422451 55.513660 11.282614 2.486564 27.522249 19.994291 22.648323
13.533990 -0.965509 14.949950 -16.726656 46.898151 3.319017 9.602702 31.015011 23.675482 15.962276 9.570202 -5.859463 10.314444 -8.810547 45.538017 5.132466 -1.718390 31.075552 35.365116 30.821066 8.162676 6.530325 -3.994528 7.422482 55.513584 11.282568 2.486857 27.522270 19.994673 22.648540
13.534410 -0.950471 14.947746 -16.748138 46.888763 3.315285 9.594593 31.018671 23.659914 15.950893 9.582354 -5.825401 10.314112 -8.817546 45.539764 5.146612 -1.718648 31.093292 35.393120 30.800661 8.169655 6.542125 -3.995382 7.411276 55.512253 11.282623 2.493392 27.528955 20.001987 22.627457
13.528449 -0.961227 14.947887 -16.733519 46.895226 3.318087 9.598389 31.017197 23.678450 15.958949 9.580314 -5.834064 10.316356 -8.813794 45.543240 5.146437 -1.718135 31.094248 35.395687 30.805254 8.165336 6.539356 -3.998442 7.420015 55.517323 11.287051 2.490632 27.531555 19.999079 22.641407
13.527754 -0.961343 14.949109 -16.734793 46.894421 3.317219 9.598513 31.016508 23.678772 15.958353 9.579920 -5.835639 10.317307 -8.814020 45.543209 5.145399 -1.718713 31.094810 35.395546 30.807573 8.164881 6.538764 -3.998512 7.420145 55.517105 11.287002 2.490345 27.531151 19.998774 22.642719
13.528148 -0.961279 14.948409 -16.734907 46.894196 3.317768 9.598783 31.017046 23.679003 15.957327 9.580782 -5.834439 10.316635 -8.812893 45.544048 5.146072 -1.718205 31.094385 35.394524 30.806486 8.165360 6.538681 -3.998322 7.420183 55.516850 11.286934 2.490309 27.530741 19.998325 22.642826
13.528457 -0.961215 14.948545 -16.734627 46.894333 3.317676 9.598564 31.017029 23.678930 15.957658 9.579930 -5.836809 10.316275 -8.811608 45.543880 5.146050 -1.718277 31.094297 35.394550 30.810205 8.164327 6.538206 -3.998857 7.422618 55.517979 11.288357 2.489720 27.531610 20.000036 22.645454
13.528267 -0.961850 14.948869 -16.734253 46.894157 3.318061 9.599323 31.016972 23.679617 15.958049 9.579930 -5.836809 10.316275 -8.811608 45.543880 5.146050 -1.718277 31.094297 35.394550 30.810205 8.165452 6.538141 -3.996038 7.420944 55.516861 11.286708 2.489038 27.532089 20.003656 22.641808
13.528313 -0.962136 14.947021 -16.736397 46.889580 3.318646 9.600761 31.012589 23.676197 15.956654 9.585128 -5.824624 10.314987 -8.815366 45.545246 5.142035 -1.717155 31.097557 35.396294 30.798573 8.170524 6.542584 -3.993995 7.415801 55.516464 11.283203 2.490879 27.530565 20.003269 22.630947
13.529387 -0.958308 14.947398 -16.739803 46.889946 3.316665 9.596793 31.014355 23.671137 15.956396 9.583588 -5.825549 10.315705 -8.816534 45.543953 5.144389 -1.717448 31.097887 35.396523 30.800198 8.169018 6.545808 -3.994938 7.416440 55.515530 11.285473 2.491355 27.531099 20.006798 22.630901
13.528944 -0.960578 14.947584 -16.738670 46.890499 3.316531 9.597600 31.014320 23.672003 15.956740 9.585695 -5.823722 10.316562 -8.815830 45.543911 5.141843 -1.718260 31.095148 35.395237 30.799595 8.171186 6.543693 -3.993635 7.414499 55.515755 11.283315 2.491680 27.530283 20.003685 22.628605
13.528774 -0.958545 14.945859 -16.738655 46.890491 3.316772 9.597435 31.014158 23.674965 15.955279 9.582445 -5.830033 10.320655 -8.809532 45.540684 5.151124 -1.718892 31.090065 35.399734 30.808123 8.170585 6.537910 -3.990061 7.418214 55.518120 11.284162 2.492752 27.530777 20.002901 22.635416
13.528069 -0.958753 14.944606 -16.738941 46.890591 3.316082 9.597260 31.014557 23.674467 15.954657 9.582750 -5.831720 10.321491 -8.810028 45.541401 5.149813 -1.718050 31.089746 35.397869 30.806904 8.170512 6.538571 -3.990031 7.417748 55.517818 11.284019 2.492202 27.530331 20.002476 22.635017
13.528045 -0.959216 14.944901 -16.738235 46.890285 3.316382 9.597631 31.014061 23.675083 15.955464 9.582706 -5.829743 10.320691 -8.809678 45.541222 5.150936 -1.718321 31.091045 35.400936 30.807201 8.171104 6.538266 -3.989747 7.418406 55.518921 11.283809 2.492892 27.531050 20.003109 22.634762
