14.386538 0.239917 15.462408 -7.580377 48.724567 14.237645 20.209232 24.188452 25.942297 14.693655 9.633780 -4.369481 4.442644 -13.844436 46.748932 -3.414291 -8.597798 32.434761 24.835331 29.218193 7.913719 4.020265 1.981096 3.187139 51.719601 7.253690 -3.014473 29.991375 28.521181 25.809607
14.156868 0.086660 15.606500 -7.843326 48.688248 14.236180 20.372122 24.220798 25.745270 14.578923 9.470657 -4.626842 4.663468 -14.011037 46.797394 -3.338671 -8.534431 32.302395 24.610138 29.185915 7.768885 3.877020 2.075252 2.988718 51.759819 7.185757 -2.966923 29.962147 28.298613 25.704285
13.778543 0.010910 16.139078 -8.421937 48.437378 14.334905 20.557941 23.872141 25.246714 14.729824 8.965847 -4.836474 5.027048 -14.421180 46.955406 -3.108711 -8.568978 32.062828 24.089355 29.329166 7.446340 3.632092 2.619237 2.605417 51.977989 7.071137 -2.796751 29.753450 27.752157 25.652544
13.118206 -0.175083 16.248219 -9.598181 47.909370 14.119451 21.000345 23.474636 23.987875 14.527697 8.603799 -5.135904 5.716119 -14.769876 47.125973 -2.756846 -8.131169 31.873734 23.792850 29.122793 7.021973 3.381971 3.234955 2.119775 52.189713 6.832108 -2.557626 29.481882 27.112339 25.528057
12.369072 -0.024694 16.567738 -11.275892 46.852726 14.173885 21.482323 22.920847 22.596151 14.512163 8.069468 -5.252252 6.261396 -15.366864 47.251938 -2.395643 -8.215339 31.372898 22.966087 28.933292 6.332784 2.928285 4.020362 1.386438 52.366112 6.687468 -2.337457 29.244616 26.239794 25.418377
11.543493 -0.257552 17.243820 -12.771160 46.561474 13.962025 21.884254 22.381359 21.048140 14.383800 7.520810 -5.338111 7.163691 -16.293865 47.309597 -2.028846 -8.349662 30.654621 21.535072 28.646124 5.627928 2.144926 5.127867 0.220778 52.684223 6.264234 -1.787412 29.030655 24.926899 24.703545
10.184403 -0.334373 17.414995 -14.932657 45.775623 13.680908 22.146643 21.457951 18.817051 14.366213 6.809277 -5.812284 8.243021 -17.362570 47.091122 -1.813455 -8.241715 29.218023 19.583118 28.149347 5.159086 1.348670 6.655030 -1.254218 52.702427 5.909344 -1.564331 27.904970 22.870064 23.937878
8.963559 -1.125827 18.014874 -16.503832 45.638214 13.156366 22.284916 20.638374 16.739950 14.368168 5.999367 -6.638345 9.290803 -18.357206 46.868423 -1.395566 -8.668533 27.769817 17.178846 27.974077 4.360546 -0.259970 7.942764 -2.631763 52.764442 5.267547 -1.381163 26.769060 20.546045 23.321049
7.822326 -2.030210 18.132538 -18.285986 44.816681 12.422158 22.378176 19.141214 14.132917 14.279924 5.579951 -7.167043 10.146883 -19.456575 46.427933 -0.573142 -9.167649 26.565264 14.849288 27.711588 3.668009 -1.467099 9.157799 -3.892962 52.562542 4.955240 -0.808982 25.581711 18.711527 22.516241
6.902034 -2.035461 18.784349 -19.565538 44.681049 11.866836 22.281048 17.750324 12.324872 13.934268 4.928504 -7.341926 11.360621 -20.617105 46.397343 0.086364 -9.988547 25.187351 12.443788 27.221346 2.713980 -1.919939 10.640940 -4.846894 53.001110 4.409006 -0.094205 24.524048 17.574223 21.622429
6.126670 -2.444712 19.684059 -20.202940 45.024006 11.405017 22.209072 16.792179 11.104262 13.544525 4.444057 -7.454989 12.652048 -21.665539 46.416161 0.671082 -10.493484 23.957247 10.463914 26.659660 1.724429 -2.005701 11.861676 -6.191893 53.118999 4.749869 0.192667 24.042459 16.610481 20.505117
5.339827 -3.358406 20.442965 -20.564537 45.245239 11.027544 22.231081 15.513716 10.281122 13.041064 3.913777 -7.542340 14.257727 -22.749464 46.603756 1.366607 -11.203612 22.871050 8.580957 26.017878 0.515281 -2.663990 13.427402 -7.015090 53.793022 4.635706 0.834809 23.104010 15.748120 19.584904
4.526999 -4.063001 21.365744 -21.170404 45.521988 10.525307 22.198257 14.114191 9.247850 12.251844 3.341205 -7.541416 16.253168 -23.889315 46.952702 1.673768 -11.603553 21.567106 6.722833 25.250774 -0.499290 -2.866982 15.040383 -8.000748 54.430481 3.934980 1.444945 21.942141 14.731589 18.665277
3.544934 -4.935640 22.097784 -21.433628 45.700188 10.138976 22.296085 12.571550 8.633143 11.357413 2.921527 -7.466024 17.714882 -24.823795 46.996254 1.951304 -11.811932 20.217735 5.114089 24.309404 -1.061756 -3.369168 16.456511 -8.739359 55.054813 3.418619 1.870337 21.066425 13.810802 17.546906
2.668518 -5.308317 22.874809 -21.638132 45.747112 9.827509 22.195114 11.018275 7.879080 11.021635 2.707313 -7.571667 18.810993 -25.567419 46.983337 2.126526 -11.992713 19.338633 3.835280 23.586321 -1.587136 -3.891098 17.409452 -9.410218 55.116280 3.180744 2.240098 20.398720 13.173480 16.932899
1.891279 -6.015434 23.329021 -22.035688 45.454136 9.560792 22.433161 9.884369 7.237057 10.736085 2.838976 -7.943112 20.023052 -26.266382 46.830090 2.404642 -12.020854 18.671751 2.437472 22.885084 -1.913339 -4.698326 18.531488 -9.943801 55.241837 2.812242 2.703829 19.503580 12.326655 16.610886
1.334445 -6.095551 23.433701 -22.342409 45.195728 9.351819 22.359789 9.106288 6.578290 10.855540 2.661641 -8.369962 20.710926 -26.874315 46.526569 2.611405 -12.009066 17.972033 1.128659 22.735081 -2.114935 -5.239970 19.349298 -10.425469 55.197670 2.535731 2.910853 18.762243 11.604720 16.362661
0.940214 -6.459794 23.772713 -22.320097 45.005772 9.251356 22.448624 8.142776 6.319870 10.925228 2.634209 -8.763694 21.223061 -27.277105 46.373520 2.731733 -11.886322 17.501059 0.334058 22.372519 -2.456470 -5.855070 19.745314 -10.649228 55.273479 2.375014 3.164192 18.414064 11.308730 16.258287
0.867138 -6.477848 23.801382 -22.411417 44.844627 9.036025 22.528288 7.692214 6.064702 10.805527 2.626351 -8.820549 21.479845 -27.601292 46.175507 2.739941 -11.755767 17.137829 -0.170179 22.231838 -2.655438 -6.179384 19.823915 -10.853905 55.136559 2.168722 3.417602 18.054008 11.147704 16.155998
0.866673 -6.498352 23.804008 -22.487906 44.712288 9.021364 22.476036 7.501438 5.931228 10.703876 2.616534 -8.841422 21.609049 -27.725359 46.106953 2.781206 -11.809327 16.941416 -0.375807 22.141611 -2.672822 -6.289961 19.923944 -10.983989 55.064640 2.122309 3.500949 17.897305 11.028709 16.073116
0.897869 -6.838203 23.871593 -22.182871 44.838867 8.860733 22.594044 7.487114 5.743982 11.195806 2.653984 -9.050167 21.602036 -27.618967 46.043369 2.585357 -11.799455 16.867416 -0.596563 22.469290 -2.587383 -6.406504 19.939812 -10.825993 55.196152 1.814018 3.643119 18.046646 10.902678 16.284866
1.360067 -8.021349 24.262846 -21.176231 45.420788 8.359076 22.716564 7.519307 5.457353 12.046515 3.006957 -9.837374 21.982422 -27.116512 45.792313 2.181542 -11.742104 16.287695 -1.279248 23.351301 -2.011794 -7.094305 20.192829 -10.408340 55.355560 1.036221 4.339067 18.047316 10.451901 16.343693
1.735983 -9.446580 24.524178 -19.313318 46.000729 7.312733 22.932878 6.649539 5.459341 13.602931 3.397156 -10.799703 22.485186 -26.793674 45.136936 1.560962 -10.823277 15.626705 -2.183773 24.519751 -1.061525 -7.524794 20.072290 -10.099391 55.292042 -0.613464 5.418644 18.252190 9.964093 15.908286
2.666521 -10.693362 25.505617 -17.350363 46.819489 5.785858 22.541775 5.568500 4.967510 15.447967 4.357611 -11.058419 23.540678 -26.627096 44.180809 1.105716 -9.317555 14.721993 -3.274022 25.365576 0.790265 -7.943959 20.406940 -10.202331 54.703945 -2.415620 6.782575 18.178360 8.732015 15.473385
3.692487 -11.167577 25.734133 -15.870272 46.586246 4.281755 21.951254 4.193846 3.421328 18.813229 5.432778 -11.423651 23.720520 -26.288834 42.228943 -0.376115 -6.887009 13.848869 -4.667466 27.541826 2.893267 -7.737416 20.129223 -11.204079 53.306824 -3.821074 7.793418 18.664501 7.098914 15.565486
5.275751 -10.498352 24.986460 -14.803174 45.541992 2.340663 21.637341 3.234833 1.774872 21.287149 7.188942 -10.768844 24.637291 -27.138742 39.226295 -0.658644 -4.387436 12.203146 -6.723228 29.320669 5.514725 -5.734031 19.486933 -13.032074 50.669910 -5.235487 8.758929 19.074944 6.198977 15.470252
8.677010 -9.646361 24.920225 -13.321600 44.666969 0.894477 21.709169 3.012524 -0.020687 22.856565 9.532731 -10.358087 26.052990 -28.592438 35.416656 -0.567064 -1.536544 10.572979 -9.161384 31.142080 8.456650 -2.536118 18.671528 -15.400047 46.810360 -5.455301 10.115338 20.449072 5.285085 16.208483
12.776567 -6.280873 24.052898 -13.510532 42.314220 -1.315370 23.115805 2.773862 -2.382181 22.632238 12.437148 -8.943499 26.897602 -30.143780 30.624208 -1.136036 1.854578 8.153064 -10.977250 32.009861 11.123750 0.731434 17.417528 -17.938280 42.346657 -5.711292 11.790072 21.377342 3.928471 17.808914
15.982018 -3.105907 22.836006 -14.210944 40.006699 -2.925912 25.695671 4.304787 -2.806500 21.790224 16.724640 -6.315769 26.027822 -30.709349 24.121655 -1.959243 5.025661 6.081010 -11.290643 34.066860 12.965353 4.115683 15.266071 -20.783220 36.449169 -4.951355 13.260257 21.430264 2.955474 20.991037
20.133835 1.298394 20.938789 -14.744848 36.929176 -5.177752 26.988974 4.443313 -3.586571 20.907404 19.653957 -2.838734 24.840740 -30.777161 20.063856 -2.920812 7.215279 4.858087 -10.389924 35.820057 14.615763 7.252430 13.403993 -22.828413 31.582991 -5.752141 15.437699 20.695656 3.180737 23.717157
23.377687 6.977976 17.506468 -15.165354 33.001610 -8.005251 28.508629 4.047298 -3.926834 21.344299 21.514801 1.875444 24.190527 -31.475868 16.613533 -2.692105 9.576828 5.241900 -8.321658 38.276329 16.117922 9.477764 11.764607 -24.568138 26.916697 -7.234691 18.121046 19.048279 2.968712 27.150330
24.489262 11.481619 12.737848 -15.381411 28.548666 -9.450878 31.456125 3.905736 -1.145546 22.777880 22.128492 5.640820 22.742168 -33.499298 12.619747 -3.453269 12.554863 5.426651 -7.238933 39.664516 17.149401 12.564130 9.873984 -24.996555 23.104427 -8.705921 19.951612 17.099903 4.177450 30.424948
25.066687 14.639045 7.793619 -14.673915 26.069824 -10.589417 33.678493 4.820238 2.894352 23.754589 22.023254 9.267823 18.228697 -35.482536 7.957105 -4.533553 16.370077 6.855312 -4.732674 40.564003 17.778461 16.622364 7.138524 -25.034405 19.772343 -9.646951 20.744720 14.949466 6.348780 33.310123
23.535748 16.731659 1.067169 -13.699560 23.918331 -12.652187 35.598442 5.163237 7.306425 24.377567 21.420572 12.273414 14.294018 -36.207428 6.088538 -7.286852 19.304192 8.073315 -2.142762 41.055580 16.076897 18.593491 1.925345 -25.310394 17.043865 -12.032049 23.111406 13.872397 9.767181 34.899822
22.781532 19.582682 -5.236056 -12.516263 22.418236 -14.396995 37.146618 5.701099 9.694979 25.788651 21.194506 14.693042 10.238032 -35.661842 4.173641 -10.480533 21.738846 7.815087 1.433139 41.486084 14.102024 19.280281 -3.587007 -25.300114 14.748694 -15.737453 25.648521 12.310911 13.668833 34.842354
21.455124 21.418554 -12.805927 -12.679702 19.951481 -16.373030 38.273136 6.179247 11.587573 24.960045 21.936800 16.883718 5.483150 -35.825985 1.232282 -12.935163 23.936708 7.364083 3.802407 40.893505 12.515419 17.850245 -9.058463 -24.588161 13.670653 -20.122431 27.465599 11.153482 16.343840 33.575062
21.123219 22.562634 -18.012756 -13.371480 17.291241 -16.890678 38.919125 6.197433 13.325220 22.956078 22.059681 18.604494 1.320575 -36.436378 -1.959449 -15.156678 25.836128 5.730499 5.741213 39.649227 12.287178 15.812520 -13.230062 -22.604696 13.740657 -24.700628 28.850456 9.822823 19.021397 31.135805
20.998436 23.159702 -21.785757 -13.930071 15.275370 -17.339003 39.365932 5.978315 14.017196 21.130354 22.147409 19.762598 -2.096505 -36.645439 -4.168568 -16.895002 27.158762 4.617170 7.073905 38.798126 12.150070 13.819206 -16.310673 -21.150152 14.022347 -27.604109 29.421684 8.894183 20.660164 29.226675
21.145164 23.417078 -23.840187 -14.003988 14.240300 -18.102934 39.603855 5.211061 14.554197 19.423969 22.494980 20.260498 -3.617565 -36.723976 -5.200176 -18.054192 28.179585 3.809057 7.707745 37.879288 12.243016 12.169887 -17.813475 -20.315613 14.275607 -29.123001 29.844919 8.711361 21.239676 27.922640
21.176050 23.390480 -24.557144 -13.911439 13.938027 -18.256708 39.581322 5.049993 14.787341 19.086035 22.667753 20.281681 -4.243990 -36.849548 -5.575754 -18.228262 28.526043 3.762345 7.833665 37.574799 12.173739 11.562987 -18.485268 -19.967522 14.354784 -29.599180 29.887579 8.632768 21.463402 27.592274
21.261723 23.415165 -24.555479 -13.875073 13.909714 -18.350212 39.582611 4.954345 14.753953 19.115612 22.758890 20.304741 -4.230996 -36.801300 -5.658450 -18.336103 28.628090 3.699667 7.865135 37.565430 12.242827 11.574724 -18.481966 -19.958431 14.302299 -29.679434 29.931473 8.619809 21.452969 27.620176
21.524269 23.530209 -24.648458 -13.759813 13.787862 -18.556202 39.743504 4.880908 14.823106 19.151295 22.919975 20.229321 -4.165908 -36.561916 -5.710921 -18.723982 28.834553 3.450865 7.944646 37.632942 12.432058 11.760271 -18.458963 -19.823515 14.295883 -29.802475 29.866613 8.575665 21.611172 27.675388
21.934288 23.629425 -24.711416 -13.535131 13.643511 -18.856947 39.725128 4.536625 14.857607 19.176260 23.159056 20.045479 -4.199951 -36.334148 -5.897872 -19.078085 29.153212 3.194017 8.045383 37.605247 12.849274 11.932661 -18.272589 -19.706640 14.204878 -30.097084 29.909311 8.301960 21.702744 27.583910
22.547028 23.706190 -24.762489 -13.311642 13.422363 -19.111053 39.829556 4.411440 14.794204 19.284735 23.493599 19.855688 -4.016889 -36.101204 -6.000520 -19.441105 29.547564 3.192026 8.090703 37.754230 13.393637 12.022464 -18.134647 -19.511766 14.085992 -30.284575 29.906815 8.224545 21.780636 27.676575
23.207624 23.655352 -24.664623 -12.960884 13.243803 -19.544964 39.749447 3.843694 14.644500 19.161274 23.938812 19.642132 -3.489573 -35.799618 -6.083170 -20.111515 30.170357 2.790671 8.043464 37.771790 14.373926 11.939117 -17.735912 -19.213306 14.052005 -30.770309 29.936029 7.735258 21.660280 27.340002
23.839703 23.786154 -24.830065 -12.422715 12.975898 -20.418528 39.691193 3.055887 14.768879 19.257950 24.482868 19.232342 -3.007307 -35.447308 -6.254706 -21.013926 31.012253 2.229371 8.045176 37.531990 15.424906 11.642652 -17.679365 -18.564610 14.069803 -31.363844 29.946833 7.474604 21.545221 27.206104
24.797205 23.666479 -24.749323 -11.896116 12.541948 -21.412373 39.864708 2.214355 14.667465 19.337189 25.501312 18.511492 -2.173852 -34.999710 -6.264205 -21.742090 31.855480 1.979313 7.807048 37.142658 16.367447 11.524249 -17.289835 -17.846409 14.324293 -31.991730 29.975885 7.119166 21.471565 27.027082
26.101391 23.513315 -24.353975 -11.330436 12.273459 -22.039429 39.648853 1.390430 14.407876 19.112213 26.531006 17.917547 -1.297684 -34.730587 -6.216466 -22.323313 32.820927 1.968672 7.578238 36.540489 17.405138 11.451447 -16.440008 -17.294186 14.742823 -32.556526 29.840260 6.408242 21.125376 26.393557
27.084269 23.312252 -23.939672 -10.635060 12.044504 -22.928473 39.473755 0.315672 13.908141 19.091612 27.733221 17.562630 -0.243731 -34.331974 -6.376222 -23.109823 33.952286 1.504249 7.390276 35.994095 18.577793 11.489175 -15.676277 -16.631346 14.993499 -33.160698 29.819462 5.773709 20.696077 26.050934
28.195665 23.017691 -23.600546 -9.725725 11.551546 -24.152372 39.258545 -1.289052 13.516980 18.788828 28.693377 17.092825 0.906045 -33.801758 -6.559521 -24.123936 35.125496 0.567344 7.346113 35.403320 20.005226 11.348569 -15.408944 -15.778341 15.011068 -33.642403 29.832336 5.159187 20.557577 25.816608
29.521776 22.492571 -22.985359 -8.840256 11.210057 -25.314800 39.295822 -2.603421 13.158627 18.592392 29.701136 16.828947 1.885336 -33.527985 -6.765128 -24.966682 36.269043 -0.105893 7.155672 34.715065 21.421749 11.088727 -14.954746 -15.011058 15.121849 -34.459267 30.051088 4.605029 20.121964 25.566374
30.530394 22.092985 -22.519743 -8.153903 10.864931 -26.252775 39.304523 -3.788012 12.876205 18.495291 30.880079 17.030218 2.544812 -33.292896 -7.334982 -25.776363 37.133614 -1.052958 7.066350 34.098152 22.904339 10.743324 -14.447871 -14.263716 15.133253 -35.378799 30.206825 3.691632 19.838961 25.134121
31.228544 21.980825 -21.880510 -7.632787 10.646972 -27.032499 38.901558 -5.257240 12.244884 17.961065 31.850195 16.944166 3.898893 -32.948555 -7.516861 -26.533447 37.877064 -1.988508 6.824831 33.402798 24.042479 10.390471 -13.903945 -13.431749 15.507122 -36.216560 30.304829 2.844625 19.715786 24.442175
31.883970 21.602728 -21.093300 -7.096902 10.329267 -28.126829 39.097912 -6.910265 11.639442 17.743063 32.655109 16.783834 5.762744 -32.459991 -7.545918 -27.557335 38.730820 -3.233938 6.445706 32.813057 25.417715 10.330658 -13.018988 -12.971789 15.424735 -37.125233 30.637302 1.811190 19.276821 23.851795
32.584461 21.153109 -20.655521 -6.562850 9.866498 -28.959433 39.376282 -8.093077 11.217926 17.570738 33.463097 16.549753 6.675570 -32.177143 -7.846015 -28.202297 39.447845 -3.968080 6.193986 32.346024 26.279669 10.701941 -12.287375 -12.337179 15.398942 -37.548927 30.322367 0.776848 19.246971 24.036888
32.691975 20.887629 -20.304909 -6.502266 9.425881 -29.832514 39.685848 -9.418934 10.548783 17.221455 33.946342 16.163067 7.628782 -31.960567 -7.831869 -28.692455 40.052563 -4.488608 5.879581 31.905508 27.105976 10.790966 -11.310948 -11.862541 15.454391 -38.008701 30.012236 -0.136196 18.991722 23.914268
32.995850 20.925903 -19.810946 -6.390605 9.134002 -30.334099 39.801643 -10.249203 9.972663 17.036661 34.529182 15.739255 8.629385 -31.638189 -7.793104 -29.400524 40.812904 -5.104790 5.664057 31.407408 27.974123 10.792468 -10.642659 -11.229420 15.610494 -38.330997 29.605782 -0.765359 18.811607 23.888016
33.145710 20.999908 -19.298555 -6.367648 8.868948 -30.725283 39.887188 -10.950361 9.586784 16.930946 34.985352 15.401342 9.308762 -31.542957 -7.893242 -29.835180 41.426163 -5.627368 5.385073 30.912134 28.329687 10.731133 -10.166843 -10.979053 15.552614 -38.647369 29.613331 -1.397182 18.702780 23.680107
33.163059 21.065006 -19.006483 -6.469630 8.654189 -30.926291 40.047943 -11.238465 9.167775 17.061653 35.144115 15.137395 9.612984 -31.498112 -7.879910 -30.030161 41.729881 -5.836481 5.270695 30.650417 28.674574 10.617867 -9.752617 -10.694299 15.727378 -38.747509 29.366583 -1.597570 18.475502 23.715744
33.084953 21.083023 -18.944220 -6.521083 8.594427 -31.022429 40.143692 -11.393148 9.046305 17.074984 35.111267 15.009045 9.752925 -31.501833 -7.844199 -30.137575 41.828243 -5.979225 5.174300 30.584272 28.644077 10.513485 -9.669282 -10.665900 15.778239 -38.828396 29.369703 -1.708339 18.403965 23.701160
33.230614 21.062218 -18.858915 -6.499882 8.587639 -30.939898 40.038052 -11.327397 8.991860 17.120729 35.191807 14.991105 9.835137 -31.446257 -7.775918 -30.059084 41.696541 -5.957493 5.107211 30.641171 28.758581 10.568866 -9.596242 -10.613074 15.838095 -38.814964 29.285172 -1.614899 18.344896 23.763767
33.575306 20.960331 -18.590752 -6.425525 8.697498 -30.719633 39.814171 -11.081286 8.917606 17.357349 35.272907 14.934690 9.988473 -31.310776 -7.597170 -29.787401 41.268631 -5.848417 4.914406 30.966228 28.862265 10.636697 -9.436983 -10.747100 15.840086 -38.631622 29.329414 -1.213870 18.107563 23.999105
34.170120 20.759884 -18.231062 -6.201208 8.824542 -30.381639 39.496410 -10.719008 8.864203 17.740034 35.674072 14.806628 10.487952 -31.058477 -7.373427 -29.353148 40.615063 -5.751044 4.400755 31.342113 29.120262 10.796476 -8.917137 -11.129860 15.814341 -38.315521 29.421961 -0.622493 17.546700 24.243484
34.796143 20.668386 -17.487911 -6.154034 9.070603 -30.053225 39.225178 -10.147485 8.505459 18.438526 36.076321 14.541884 10.904112 -30.885286 -7.125503 -28.830990 40.059395 -5.294023 3.889062 32.086479 29.601564 10.851300 -8.311930 -11.348619 15.837076 -37.827290 29.500055 0.201449 17.035694 24.716486
35.409855 20.358564 -16.658947 -6.246494 9.229704 -29.418787 38.729092 -9.421340 7.942117 19.286114 36.673939 14.065127 11.461349 -30.700247 -6.878842 -27.899609 39.183010 -4.659023 3.176078 32.778522 30.488804 10.828882 -7.527457 -11.678324 15.666379 -36.952030 29.352890 1.236329 16.284489 25.350063
36.169510 19.926409 -15.635436 -6.324726 9.535711 -28.697918 38.378597 -8.423759 7.409923 20.128483 37.170086 13.770070 11.851269 -30.613251 -6.756564 -26.549301 37.981598 -3.755130 2.408317 33.657944 31.229246 11.025729 -6.504813 -12.132781 15.611111 -35.929913 29.166651 2.543140 15.511315 25.871269
36.833282 19.496014 -14.654892 -6.518626 9.949404 -27.922085 37.890068 -7.161566 6.704195 21.224838 37.648209 13.295391 12.361059 -30.572018 -6.417957 -24.990568 36.673496 -2.646382 1.485636 34.616264 31.816782 11.228971 -5.420472 -12.488284 15.696718 -34.752060 28.450747 3.632725 14.623655 26.738602
37.747520 18.724606 -13.086364 -6.394171 10.851258 -27.338926 37.314320 -6.165195 5.938977 21.969217 38.373341 12.448542 13.574080 -30.523487 -5.981863 -23.468363 35.283119 -1.885880 0.052085 35.189011 32.448273 11.396541 -4.034368 -13.088173 15.588905 -33.302330 27.663887 4.503935 13.388352 27.631306
38.963844 17.381495 -11.279430 -6.374125 11.659102 -26.096430 36.491405 -4.932597 5.163352 22.705233 39.507046 11.489169 14.412906 -30.506138 -5.760483 -21.593090 33.424496 -1.068773 -1.688872 35.887836 33.534397 11.083917 -3.004970 -13.715454 15.169551 -31.566916 27.078642 5.729938 12.125665 28.362263
40.373119 15.671502 -9.284691 -6.510566 12.565813 -24.617245 35.814991 -3.238358 3.777608 23.512457 40.422016 10.026569 15.083064 -30.493902 -5.266189 -19.293129 31.261961 0.113003 -3.699925 36.649845 34.475651 10.314302 -2.164715 -13.769182 15.493676 -29.607779 26.198240 7.400911 11.121478 28.832743
41.573925 13.594652 -7.697616 -7.094225 13.344082 -22.900265 35.073818 -1.322505 2.038468 23.618322 41.554138 8.551210 15.351584 -30.544235 -4.698210 -17.268324 29.175955 1.218683 -5.549344 36.897720 35.568195 9.021052 -1.547954 -14.024460 15.598303 -27.776794 25.522446 9.092674 9.910953 28.762424
42.427921 11.811891 -5.541005 -7.226083 14.349244 -21.552309 34.284199 -0.008009 0.767228 23.815247 42.117851 6.773583 15.905426 -30.269743 -3.733844 -15.290656 26.932562 1.854054 -6.911723 36.817287 36.383308 7.789153 -0.681540 -14.118838 16.378935 -26.431623 24.908813 10.663896 8.917818 27.930450
42.638386 10.113267 -3.766524 -7.611346 15.444253 -20.062014 33.516678 1.485974 -0.315271 24.042429 42.688419 5.906848 16.051323 -30.434435 -3.406025 -13.079079 24.762972 2.585692 -7.983003 36.426590 36.403355 6.591227 -0.378656 -14.281548 17.017223 -24.665104 24.010956 12.360783 8.147408 27.466337
43.174538 7.975522 -2.101401 -7.787976 16.633764 -18.917871 32.806328 3.087755 -1.368198 23.777916 43.513527 4.605171 16.069286 -30.420462 -2.895362 -11.224637 23.141310 3.831511 -8.986597 35.910099 37.059349 5.260769 0.052042 -14.489590 17.300432 -22.700441 22.882366 14.231599 7.247015 26.922853
41.262280 3.342291 3.677155 -13.119265 11.870438 -14.756145 35.244228 1.126191 -4.839736 25.605619 46.506756 3.534405 11.462811 -27.687334 6.202448 -17.125887 13.676388 13.980815 -9.127721 33.182644 37.653004 3.420315 7.963590 -18.334183 12.646878 -14.931306 25.194426 12.233834 4.387623 30.668001
40.895481 0.154620 5.312681 -12.877362 14.275549 -13.630432 34.530571 3.330297 -4.960565 24.703182 46.509708 1.438355 10.974551 -27.577471 7.008769 -14.364779 12.404167 15.819267 -8.955940 32.586708 38.164528 0.638563 7.936522 -17.486132 14.458261 -13.316457 23.566339 15.039351 3.685997 29.556608
41.034309 -3.404148 6.654322 -12.349415 16.866217 -12.157689 33.834869 6.094985 -4.476484 22.901468 46.233047 -0.922487 10.965183 -27.862288 8.018520 -11.610546 11.362431 17.915590 -9.147712 31.964634 38.960861 -1.233585 8.784137 -15.899002 17.213316 -11.450300 21.306917 18.115795 3.664937 28.255249
40.872017 -7.163774 7.154715 -11.639432 18.741299 -10.510955 33.240719 8.280562 -3.790692 21.426857 46.062481 -3.962207 10.613194 -27.795830 9.258229 -9.035392 10.321838 20.263119 -8.948491 31.234278 39.514614 -2.879999 8.791930 -14.328659 19.285978 -9.078090 19.528439 21.040876 4.558290 26.991024
41.122715 -9.953799 7.579938 -11.202563 19.951756 -8.220485 31.875675 10.024114 -2.672986 19.730307 45.710434 -6.399843 10.302572 -27.603910 10.480043 -6.808400 9.027710 21.725773 -8.600796 30.178030 39.591782 -4.069265 9.076424 -12.620004 21.405220 -6.326487 17.889868 23.322123 5.975332 26.049824
40.019379 -14.215149 5.946328 -10.408590 21.464888 -5.047719 31.738997 12.079054 -2.976570 19.311190 44.468822 -10.029630 8.804120 -29.704897 9.444814 -2.956777 8.707558 22.287867 -10.766033 28.999718 39.071388 -7.321978 6.961836 -11.445664 23.318342 -5.108157 18.332272 25.902901 6.443546 23.163620
40.268902 -16.283813 6.244138 -9.276808 22.535303 -3.103647 30.418344 12.988144 -1.367620 18.518225 44.156231 -11.958724 8.475357 -29.403675 10.544327 -0.682072 6.918349 22.943764 -10.770085 27.714893 39.052841 -8.546408 6.261171 -10.462530 24.343458 -3.417301 18.039577 27.015188 8.395937 20.677971
40.007710 -19.296055 5.453272 -8.493528 23.368395 -0.732459 29.094797 13.933623 0.004918 17.879757 43.916122 -13.971289 7.420553 -29.121279 11.328072 1.655632 4.313162 23.915052 -10.539496 26.447556 38.621826 -10.956784 4.616518 -9.770796 25.249102 -2.114914 16.846355 28.422134 9.923347 18.493118
39.682674 -22.823835 5.309012 -7.623471 23.929224 1.598646 28.267952 14.258533 1.244213 17.341858 43.945801 -15.676764 6.139918 -29.097511 11.959150 3.793781 2.256387 24.459101 -10.928422 24.755045 38.096901 -14.816063 3.965065 -8.669943 26.248606 -0.928833 16.414774 28.731470 10.544217 16.733635
39.445560 -25.834373 5.380854 -7.187664 23.961252 4.429459 27.726534 14.394341 2.827971 16.151911 43.783295 -17.025145 5.096433 -29.173359 12.953952 5.804070 0.357027 25.072969 -11.010575 22.773413 37.590843 -17.720266 4.043649 -7.223068 27.902267 0.708662 15.982632 29.083115 11.362547 15.000237
38.665924 -27.785105 5.409937 -7.439256 23.223928 7.105434 27.321306 14.117379 3.732040 15.828568 43.138626 -18.270634 3.967849 -29.393332 13.969914 7.510750 -1.293989 26.058233 -10.943803 21.498112 36.783272 -20.280176 3.950280 -5.430125 28.927307 2.977528 15.248924 29.224850 12.598697 15.084224
38.528313 -29.111382 5.456831 -8.083334 22.439392 10.148057 26.330175 14.153946 4.193120 15.456203 43.060459 -20.077986 2.304212 -29.478804 14.651282 8.947451 -2.370450 27.293961 -10.634425 19.845116 36.083630 -23.087763 3.603648 -4.096823 29.605143 5.079944 14.452841 29.374889 13.387528 14.576427
38.601921 -29.982155 4.942370 -8.880440 21.136896 12.876015 25.059425 13.916515 4.318357 15.069959 43.479298 -22.120403 0.659171 -29.377043 14.818486 10.299284 -2.988148 27.970562 -10.346295 18.092724 35.810860 -25.457039 3.388888 -3.184788 29.498531 7.263695 13.870155 29.230455 14.052879 14.253257
38.939583 -30.660276 4.350119 -9.780910 20.300722 15.565594 23.592096 14.518118 4.374862 14.325372 43.705322 -23.639870 -0.882090 -29.398317 15.159089 11.901466 -3.932992 28.939102 -9.888186 16.415342 35.055431 -27.417940 3.029143 -2.631758 29.449909 9.663854 12.840340 29.311560 14.813571 14.161097
38.328674 -31.382376 3.208313 -10.727964 19.166861 17.555897 22.293131 14.569593 4.077131 14.705224 43.253361 -25.299320 -2.342994 -29.378141 15.615058 13.073772 -4.763313 29.608047 -9.454815 15.300012 34.549740 -29.012783 2.512114 -2.725937 29.254576 11.497491 11.746862 29.493809 15.016230 13.787219
37.407436 -32.284912 2.013935 -11.557781 18.712915 19.593584 21.073324 15.172626 4.032101 14.921668 42.301456 -26.647444 -4.501862 -29.519241 15.815305 14.029806 -5.458750 29.956150 -8.554212 13.842448 33.663761 -30.470831 1.467805 -2.927607 28.880722 13.336939 10.413366 29.584969 15.475683 13.477784
36.946972 -33.039997 0.124403 -11.928761 18.349283 20.900248 20.027412 15.887843 4.065453 14.676427 41.942619 -28.489904 -6.998935 -29.520357 15.587277 14.593521 -5.729273 30.174469 -7.689944 12.337899 33.171856 -31.615675 0.406446 -3.556021 27.940136 14.783108 9.692045 29.439728 15.582580 13.001479
36.634960 -33.373650 -1.004131 -12.274247 18.411150 22.392733 19.035843 16.797348 4.338786 13.948025 41.412060 -29.576563 -8.459841 -29.469908 15.874916 14.843927 -6.050035 30.404015 -6.932933 11.132148 32.558922 -32.290451 -0.563416 -3.975916 27.441975 16.194857 8.706484 29.454723 15.803031 12.698592
36.182732 -33.316196 -1.934220 -12.535408 18.457148 23.527399 18.163656 17.300920 4.648912 13.712925 40.908478 -30.439075 -9.665292 -29.457380 16.159185 15.036755 -6.202884 30.647278 -6.458696 10.516965 31.715563 -33.137909 -1.443646 -4.461992 27.197376 17.322931 8.234862 29.685446 16.238964 12.333631
35.613789 -33.238777 -2.998387 -12.933534 18.243452 24.656864 17.635864 17.878836 4.967284 13.743171 40.380928 -31.116556 -11.135439 -29.327963 16.278460 15.037039 -6.188993 30.794243 -5.708941 9.908203 30.771097 -33.496048 -2.485222 -4.901688 26.833563 18.272530 7.803714 29.756437 16.744640 12.181374
34.592888 -33.048378 -3.708802 -13.359984 18.285418 25.721048 17.112631 18.230974 5.330413 13.854661 39.358429 -31.447477 -12.165083 -29.316492 16.665581 14.805114 -5.775463 31.029572 -4.740281 9.295441 29.806194 -33.839382 -3.459306 -5.049614 26.683685 18.806156 7.476499 29.619829 17.367224 11.946815
33.866371 -32.775330 -4.416043 -13.517844 18.378603 26.397964 16.650661 18.499031 5.973988 13.741676 38.546104 -31.464378 -13.293294 -29.477749 16.681301 14.671305 -5.471769 31.051765 -3.942598 8.738896 28.924280 -33.857311 -4.251557 -5.385678 26.462090 19.294277 7.290692 29.426584 17.861721 11.745399
33.176590 -32.541012 -4.917438 -13.752697 18.441067 27.108215 16.163704 18.719070 6.309929 13.743226 37.878571 -31.780489 -14.362795 -29.447243 16.668325 14.483899 -5.199639 30.984886 -3.265646 8.242357 28.182869 -33.850380 -4.902953 -5.598287 26.242811 19.763018 7.046282 29.243364 18.347708 11.537959
32.656017 -32.373299 -5.429740 -13.925596 18.361959 27.498693 15.871440 18.856384 6.527566 13.822544 37.367966 -31.966629 -15.076537 -29.427431 16.655748 14.347055 -4.999945 30.931719 -2.773217 7.991237 27.617031 -33.934063 -5.402476 -5.870777 25.945686 20.057968 7.032528 29.120937 18.643684 11.397582
32.412628 -32.312645 -5.596513 -14.024528 18.361778 27.642418 15.686762 18.780088 6.597563 13.730475 37.067276 -31.993458 -15.362913 -29.485678 16.640581 14.246149 -4.902020 30.753183 -2.584666 7.817816 27.320263 -33.962139 -5.565035 -6.083135 25.789679 20.217560 7.032342 29.054380 18.709410 11.370967
32.329617 -32.221291 -5.767123 -14.050980 18.283716 27.704004 15.572252 18.697422 6.610610 13.762960 36.951893 -32.006256 -15.568123 -29.497562 16.570038 14.193274 -4.854198 30.654337 -2.496572 7.747349 27.259768 -33.933128 -5.633818 -6.188602 25.617887 20.288946 7.050554 28.939215 18.751106 11.328173
