13.389915 -0.890352 15.116364 -16.879658 46.942493 3.366606 9.578142 30.967810 23.570078 15.996211 10.560002 -0.752221 -1.237443 -5.055744 56.975609 -0.259643 -2.528865 30.514925 17.377674 26.228621 7.976879 6.701088 -3.890086 7.217350 55.537319 11.291797 2.511031 27.488962 19.935362 22.580769
12.615457 -1.296181 15.542401 -17.582932 46.577419 3.455556 10.101514 30.386499 23.014345 16.015884 9.837516 -1.255460 -0.616131 -5.707248 57.124271 0.014237 -2.518568 30.171022 16.675539 26.402378 7.480262 6.288007 -3.200112 6.617966 55.786610 11.082018 2.720677 27.239021 19.162155 22.532211
11.286416 -2.155411 16.154741 -18.724592 46.010555 3.167987 11.292444 29.563717 21.915913 15.833601 8.879878 -1.726249 0.664893 -6.765282 57.307343 0.690952 -2.251559 29.474577 15.623882 26.091501 6.294835 5.548504 -1.695167 5.298800 56.076679 10.598348 3.182903 26.723440 17.669060 22.586899
9.067689 -3.047717 16.846821 -21.047749 45.473404 2.374582 12.234621 27.919283 19.299896 15.462006 7.495198 -2.425330 2.786450 -8.917394 56.996998 1.178921 -2.449100 27.198368 12.272588 25.499676 5.051845 3.856508 1.182338 2.464037 56.282722 9.624380 3.874837 25.370481 14.370730 21.482979
6.866208 -4.124917 17.920853 -23.431347 45.204060 1.675856 12.563320 26.247307 16.324530 15.293261 6.165274 -3.949826 4.992585 -11.179914 56.199669 2.265208 -3.497387 24.456903 7.561080 25.184832 3.466673 0.875600 3.798483 -0.331756 56.048607 8.507136 4.517794 23.167042 10.472418 20.298527
5.133769 -4.001728 19.572006 -25.426340 45.151402 0.744913 12.547165 23.840090 13.818966 14.385542 4.973639 -4.350570 7.586802 -13.481786 56.112133 3.449543 -4.832914 21.792055 3.149942 24.163523 1.453802 0.202270 6.468962 -2.727558 56.531998 8.231566 5.555235 21.711243 8.562272 18.335297
3.491755 -4.403923 21.217318 -27.237309 45.605587 -0.441578 12.579015 21.600309 11.482282 12.698131 3.835304 -4.500451 11.218287 -15.789536 56.584759 4.498254 -6.017944 19.255234 -0.653402 22.741488 -0.810424 -0.779481 9.802992 -4.556518 57.911514 7.360683 6.746310 19.713053 6.867947 16.458740
1.878340 -5.270443 22.243652 -28.674921 45.619495 -1.296225 12.298901 19.224850 9.321223 11.362919 3.092414 -4.534902 13.873759 -17.546974 56.629688 4.967017 -6.415733 16.959278 -3.551976 21.029324 -1.867060 -1.781304 12.295639 -5.949646 58.675720 6.694446 7.490288 18.140095 5.343494 14.572896
0.947436 -6.040719 22.640877 -29.538517 45.449421 -2.106190 11.948432 17.626423 7.557060 10.715510 2.980855 -5.245542 15.823363 -18.942265 56.133400 5.494268 -6.386198 15.536746 -6.323799 20.147491 -2.381734 -3.043627 14.334565 -6.940242 58.805038 6.099455 8.103207 16.525291 3.825648 13.933464
0.654383 -6.184487 22.579674 -30.130156 45.026138 -2.535932 11.951199 16.689911 6.647209 10.481893 2.950114 -5.638778 16.602062 -19.703068 55.767464 5.655652 -6.114321 14.673886 -7.637417 19.584944 -2.850303 -3.936420 14.771775 -7.330297 58.755577 5.749466 8.660143 15.862393 3.335236 13.733833
0.708454 -6.460958 22.668692 -30.206173 44.871159 -2.637264 12.005657 16.637724 6.143428 10.923493 2.969059 -5.842364 16.729940 -19.721354 55.650505 5.520267 -6.162639 14.397347 -8.088899 19.827072 -2.763521 -4.168731 14.911418 -7.292781 58.833035 5.415444 8.862713 15.839152 3.083616 13.846846
1.319892 -7.559152 23.411325 -29.655024 43.696926 -3.278591 12.956347 15.650133 4.750810 13.661026 3.632633 -7.548217 17.761223 -18.945801 54.792339 4.525751 -5.169743 13.149410 -9.784237 21.891739 -1.269804 -5.329783 15.053455 -6.665201 58.896252 2.950614 10.674672 16.050474 2.156561 13.496075
2.785382 -8.474072 25.263861 -28.415613 42.479519 -4.982243 12.421308 12.316318 0.563994 19.226686 5.783298 -8.256254 18.993759 -18.703869 51.453110 2.678335 -1.260697 11.355287 -12.250077 24.922762 2.669635 -5.458915 15.251475 -7.647044 57.053638 -0.272234 12.758813 16.413662 -0.746944 13.169414
6.791838 -8.201653 26.260420 -27.099884 37.335003 -8.625671 11.787396 6.054321 -4.723716 26.087244 10.078722 -6.927292 20.909815 -20.851488 44.852798 2.751218 4.578559 8.436941 -16.875271 28.246410 8.244223 -0.163312 13.425447 -11.509385 50.991570 -1.641706 15.531940 17.913626 -3.344992 13.273374
11.751728 -6.062863 25.151159 -28.217356 29.515604 -11.477895 17.330051 2.030302 -6.320218 28.680458 17.212124 -2.657836 20.350883 -22.377831 34.245926 1.558163 11.531887 4.183196 -19.149555 31.001532 12.642606 6.360203 9.315157 -16.622866 40.694553 -0.824754 18.848490 19.121040 -5.890549 18.273991
14.882314 -1.559056 18.728588 -27.567593 20.648239 -15.845834 25.324409 -1.170543 -2.680457 29.677919 22.052202 6.014082 18.115156 -22.269236 27.235123 0.883874 15.852551 2.680634 -16.563585 35.300888 15.869576 12.104868 5.327651 -20.087770 31.213793 -2.816459 23.632835 16.668259 -6.021710 24.528231
13.525067 1.682080 6.728925 -26.482027 14.272794 -20.407112 32.406601 0.782757 3.783230 30.656897 22.688971 13.773986 11.719080 -25.653208 19.305700 -0.704677 22.614836 4.323379 -13.021356 37.352188 17.746601 19.503565 0.813461 -20.467787 24.042189 -5.040473 26.212343 12.140467 -3.021243 30.565113
11.609173 4.954226 -3.845428 -25.850023 10.258378 -23.413984 35.841541 2.936978 8.524897 33.109573 21.987772 19.152611 3.552303 -25.750628 15.575759 -6.663799 28.290829 5.370090 -6.951760 38.092293 14.110051 22.226898 -9.771688 -20.793524 19.150826 -11.064931 31.335585 9.257837 3.816951 31.936743
10.462932 8.006469 -15.085428 -26.923790 4.680666 -25.271063 37.852989 3.596393 13.049517 30.484520 22.970062 22.931490 -5.338859 -26.444452 9.520432 -11.283864 32.401306 2.982312 -2.983213 36.097263 12.309890 18.804392 -19.638105 -17.973730 18.283016 -19.872486 34.643764 6.928056 9.054500 28.114941
11.026113 9.820660 -20.783703 -27.311977 1.406546 -26.783722 38.668842 2.096344 15.512033 26.517511 23.494286 24.602331 -10.117044 -26.819094 6.340016 -14.026344 34.793690 1.035633 -1.301894 34.198460 12.343277 15.251955 -24.294912 -15.597751 18.926676 -24.116766 35.731030 5.755095 11.144294 24.670292
11.221405 9.942377 -21.401939 -27.153227 1.011693 -27.110479 38.653118 1.659972 15.791021 26.149391 23.769194 24.661703 -10.698884 -26.920603 5.866024 -14.286043 35.233162 0.913508 -1.188488 33.897972 12.340689 14.666346 -24.964497 -15.226894 18.962969 -24.660408 35.817692 5.653833 11.344783 24.383921
11.933237 10.122666 -21.371698 -26.787207 0.783612 -27.604208 38.567513 1.192531 15.846900 26.267315 24.123432 24.378662 -10.688713 -26.466806 5.621768 -15.042332 35.773418 0.416263 -0.994494 33.969482 12.936301 15.032645 -24.754538 -14.967245 18.882103 -25.077286 35.807247 5.337826 11.590412 24.343904
13.273725 10.054498 -21.074366 -26.103968 0.528284 -28.306019 38.284561 0.412044 15.704269 26.186195 24.828550 23.944511 -10.055027 -25.962273 5.422953 -16.077646 36.815823 0.048595 -0.957167 34.181595 14.487898 15.081388 -24.259047 -14.448487 18.734123 -25.688623 35.857906 4.776050 11.517026 24.079960
14.870355 9.599577 -20.720932 -24.940012 0.023162 -29.875080 38.094330 -1.151103 15.366400 26.345610 26.359358 22.858786 -8.755224 -25.196779 5.231765 -17.708334 38.509457 -0.742172 -1.137536 33.550049 16.508537 14.693440 -23.821918 -13.105462 18.947803 -26.884743 35.884399 4.171020 11.331687 23.811625
16.986872 9.078338 -20.183048 -24.083744 -0.700753 -31.068563 37.952671 -2.536713 14.285859 26.411886 28.541748 21.980246 -6.844743 -24.550865 5.105129 -19.085720 40.538776 -1.218241 -1.453436 32.445343 18.712524 14.631860 -22.152130 -11.946788 19.554165 -28.129133 35.710258 2.784653 10.558940 22.915289
19.367447 8.835610 -19.731228 -22.636726 -1.631612 -32.759129 37.995411 -4.373930 13.772673 26.526819 30.462660 21.233383 -4.735232 -23.789106 4.676480 -20.945553 42.839966 -2.758278 -1.622229 31.237379 21.525110 14.210406 -21.345154 -10.388638 19.640652 -29.509460 35.916046 1.636235 10.018518 22.527660
21.402327 8.622447 -19.498760 -21.098108 -2.184741 -34.095333 37.451420 -6.196359 13.598066 25.862356 32.538635 21.253141 -2.795067 -23.306215 3.844779 -22.519743 44.559036 -4.415401 -1.862929 30.007029 24.149815 13.462618 -20.217491 -8.850896 20.001820 -31.320963 36.125027 -0.067714 9.660473 21.506859
22.798084 8.450020 -18.773687 -20.001469 -2.859563 -35.850018 37.228291 -9.025517 12.690336 25.250620 34.122066 20.814127 -0.044801 -22.581963 3.501033 -24.193026 46.176575 -6.242271 -2.413124 28.985029 26.328518 13.705895 -18.644291 -7.765632 19.862154 -32.713043 36.099365 -2.026443 9.321449 21.150391
23.508841 8.676129 -18.173615 -19.755241 -3.500689 -36.914539 37.492592 -10.988103 11.884384 24.726034 35.188107 19.975546 1.913927 -22.056192 3.570810 -25.378613 47.567276 -7.340546 -2.943933 28.015900 27.929531 13.708656 -17.095478 -6.659748 20.093466 -33.514351 35.406521 -3.422576 8.994202 20.962496
23.741468 8.833191 -17.690361 -19.766216 -3.854057 -37.582241 37.829357 -12.098595 11.439623 24.437452 35.795479 19.328461 2.917438 -21.932573 3.495671 -26.019960 48.510349 -8.036555 -3.330467 27.240740 28.586546 13.483867 -16.253206 -6.133554 20.204266 -33.951508 35.186790 -4.171361 8.728250 20.767887
23.828684 8.865841 -17.533659 -19.799385 -3.884054 -37.627346 37.806572 -12.198240 11.281878 24.461088 35.844734 19.176943 3.143065 -21.879875 3.597533 -26.053194 48.479706 -8.158129 -3.496788 27.235004 28.666416 13.430321 -16.108479 -6.048796 20.313337 -34.022453 35.102203 -4.173601 8.613050 20.817760
24.649399 8.614778 -16.907610 -19.667046 -3.665805 -37.068726 37.259201 -11.426092 10.763987 24.969168 36.304852 18.990601 3.771257 -21.512350 3.950713 -25.367680 47.400612 -7.927595 -4.174397 28.002396 29.056980 13.666542 -15.458019 -6.540087 20.273003 -33.503277 35.199341 -3.172969 7.846610 21.307491
25.919115 8.312368 -14.957767 -19.635555 -2.886855 -36.197910 36.714947 -9.852769 9.442965 26.528036 37.269890 18.275187 4.831698 -21.138617 4.428295 -23.993954 45.937248 -6.933331 -5.424220 29.547531 30.412434 13.683541 -14.099253 -7.081878 20.113169 -32.165302 35.138847 -1.327117 6.600357 22.415390
27.438622 7.744581 -12.395906 -19.527336 -1.329609 -35.052441 36.087559 -7.486942 7.756275 28.512060 38.265366 17.530472 5.927305 -20.952051 4.947171 -21.192055 43.350048 -5.106106 -7.163857 31.400677 31.771776 14.104630 -11.936479 -7.872440 20.189289 -29.978666 34.249619 1.013655 4.911180 23.784607
29.403812 5.844183 -9.098330 -19.352064 0.580581 -33.303673 35.060394 -5.650428 5.250020 29.801306 40.164246 15.720440 8.109734 -20.915712 5.622004 -17.840925 40.104351 -3.554944 -10.339124 32.650734 33.453999 13.958313 -9.430686 -9.073105 19.756674 -26.922165 32.882336 3.106879 2.503699 25.365204
31.617731 2.587927 -4.976894 -19.729858 2.417710 -30.834946 34.556057 -2.864104 2.435718 30.394629 42.283802 12.737850 8.915555 -21.136194 6.481577 -13.277921 35.793243 -1.158667 -14.147119 33.621284 35.379532 11.806808 -7.913327 -9.473924 20.060799 -23.249287 31.150217 6.533128 0.498125 25.933008
32.091877 -1.048927 -1.382934 -20.131332 4.602727 -28.267899 33.876125 -0.366766 0.382375 30.371943 43.343468 10.181578 9.668432 -21.182863 7.593668 -9.144636 31.317184 0.278226 -16.440441 33.327019 36.176098 9.265432 -6.745686 -9.783363 21.380697 -20.173027 29.461393 9.873799 -1.084855 24.716152
36.211586 -1.672379 0.079751 -18.135210 13.500267 -29.786659 28.035244 10.249985 0.779928 24.615263 46.659550 7.128397 5.531443 -19.229977 16.337448 -13.509575 19.976599 11.607488 -17.392033 30.752523 37.382095 5.410770 2.137270 -13.809749 17.387966 -11.004973 30.577042 9.482526 -5.068539 27.988298
36.994171 -7.420720 4.196468 -17.151890 17.187298 -25.673470 26.594896 13.419872 1.407150 22.078465 46.350269 2.491690 5.293699 -19.705883 17.864506 -8.148825 17.613441 15.594019 -17.241627 29.582232 38.673386 0.648194 3.032031 -11.481437 21.889029 -7.619016 26.569153 15.479434 -5.513279 25.549065
37.904423 -12.705259 5.757172 -16.581472 19.862579 -20.648148 23.920013 17.120052 2.193253 19.252874 45.821983 -3.129382 4.882411 -19.667597 20.118114 -3.476268 15.272816 19.192646 -16.776587 27.806179 39.239479 -2.273721 3.346007 -8.356586 25.946211 -2.625208 23.133661 20.811506 -2.998914 23.371864
37.506901 -17.918768 4.538167 -16.971151 21.988529 -15.425896 21.423491 20.967310 0.510411 18.211941 44.570461 -8.231308 2.532024 -20.722738 20.846283 2.810152 13.236316 20.637501 -18.943104 25.171640 38.893471 -5.986408 0.111362 -6.238141 28.514009 0.885995 23.409538 24.626894 -0.367465 17.771503
37.788277 -22.609941 3.443502 -17.407869 22.577473 -10.862217 18.081198 22.968788 0.302924 16.118391 44.479778 -12.021258 0.235615 -20.376394 22.264914 7.235356 8.554782 22.085688 -18.980328 21.970472 37.967743 -12.127810 -2.157548 -4.521050 30.255512 3.333064 21.780815 26.329536 1.838366 13.914043
36.864746 -27.275488 2.582616 -17.786036 23.380173 -7.238467 15.611849 24.020489 0.301260 14.228360 43.723442 -14.668849 -1.933309 -20.713623 24.121054 10.908338 4.887768 23.652222 -18.851788 18.676279 36.842537 -17.575245 -2.031969 -1.368866 32.772953 7.118340 20.585936 26.955265 4.270533 12.115114
36.400494 -30.961330 0.612291 -17.873482 23.860571 -3.492742 13.511269 25.568205 1.225157 12.484134 44.090385 -18.377165 -5.192690 -20.879480 24.800676 13.789411 3.117093 25.597191 -18.213417 15.212592 35.956646 -22.654360 -2.552540 0.769065 33.099258 11.379319 19.024429 27.090631 6.044200 11.325801
35.650627 -33.639256 -1.819106 -18.321190 23.614248 0.302174 11.717930 27.235519 2.405635 11.333718 43.869946 -21.374413 -8.154351 -20.969570 25.510807 16.528919 1.337260 27.242733 -17.197170 12.385762 34.752762 -26.108648 -3.219992 1.152034 32.729782 15.583381 16.849712 27.304468 7.132229 10.867654
34.349190 -34.701035 -5.064667 -19.311075 22.872116 3.463452 9.344559 28.509840 2.617180 11.154946 42.531670 -24.650440 -12.832239 -21.122999 25.459599 18.013359 0.353282 27.862932 -15.335885 9.441325 33.305744 -28.590755 -5.261276 0.213258 31.308840 18.877432 14.882205 27.229326 7.682216 10.127028
33.643810 -34.678368 -7.064968 -20.228390 22.490948 6.246257 7.388075 29.634525 2.707845 10.485449 41.466019 -26.683598 -15.632858 -20.957380 26.133007 18.435957 -0.093839 28.389444 -14.034194 7.608695 31.753916 -30.147230 -7.243398 -0.803383 30.465647 21.382515 13.518383 27.516079 8.424106 9.570521
32.039677 -34.431778 -9.103520 -21.100275 22.148520 8.295235 6.251520 30.489962 2.983142 10.824964 39.910870 -27.691698 -18.122065 -20.717577 26.743984 18.180962 0.330035 28.809118 -12.303222 6.378455 29.742411 -30.796497 -9.257786 -1.430926 29.942381 22.899406 12.782567 27.461260 9.569633 9.158300
30.631220 -34.060406 -10.455246 -21.673637 22.307247 9.710346 5.317676 31.134180 3.678169 10.656840 38.574589 -27.959288 -20.041576 -20.745972 26.793022 17.850698 0.781040 28.756649 -10.880546 5.247269 28.055346 -30.781610 -10.707495 -1.992459 29.512459 23.830219 12.387918 27.042536 10.545547 8.713611
29.851645 -33.805496 -11.163297 -22.028170 22.233477 10.282125 4.812688 31.350378 3.981097 10.692508 37.868382 -28.167540 -21.028278 -20.696724 26.752340 17.612490 1.053623 28.477190 -10.259130 4.779990 27.184797 -30.906853 -11.367350 -2.465128 29.064899 24.303307 12.356585 26.811350 10.881869 8.539121
