29.699234 -33.894978 -11.224708 -22.098192 22.211628 10.355750 4.743654 31.274546 3.936543 10.711243 37.256657 -29.855604 -11.851385 -12.387455 21.662069 33.256126 9.916936 22.359106 4.519056 10.817444 27.594370 -25.589359 -22.204582 -12.855853 28.912140 14.257660 2.092265 33.352589 -0.795759 0.977588
29.082342 -34.936275 -10.874779 -22.101509 22.294872 9.800521 4.988281 30.220728 3.236606 10.538095 37.234966 -30.074692 -11.069901 -13.230699 21.310194 33.799530 10.172923 21.827597 3.338691 10.399198 27.426161 -26.372877 -21.701435 -13.714006 28.517027 14.313980 2.615468 33.114048 -1.537939 0.433459
28.261480 -36.973240 -10.228893 -22.145645 22.318518 8.950578 5.270458 28.260494 2.091224 9.801243 37.234081 -30.801733 -9.516805 -14.758078 20.615557 34.580929 10.654958 20.353678 1.312307 8.964187 27.231958 -28.277634 -20.295542 -15.016758 28.428625 13.856169 3.710579 32.131683 -3.081255 -1.207080
27.257711 -39.055958 -9.269728 -22.065691 22.454147 7.850237 5.269444 25.758308 0.776211 9.249198 36.859596 -31.764545 -7.333848 -15.991323 20.255636 35.162018 11.174238 18.298359 -0.587365 7.494555 27.326729 -30.012861 -18.207647 -16.831402 28.099094 13.492319 4.944465 30.578428 -5.230708 -3.164116
26.710094 -42.020477 -7.870725 -22.344217 22.574804 7.077613 5.445891 23.086035 -0.555151 7.371178 36.862133 -32.242870 -4.469185 -17.028578 20.193724 35.725983 11.424568 15.925530 -2.364488 5.354566 27.414976 -31.911818 -16.013233 -18.297388 28.589233 12.734329 6.191993 28.955658 -7.201415 -5.790596
26.148050 -44.899990 -6.850329 -22.426472 22.806780 6.157718 5.393732 20.126577 -1.332893 4.477006 36.329796 -33.223454 -2.661540 -17.621784 20.109461 35.868420 11.337401 13.575833 -3.646097 3.934274 26.884462 -34.169571 -14.110156 -19.545034 29.017323 12.006123 6.875903 26.988811 -8.847728 -7.994422
25.851139 -46.480614 -6.256623 -22.069122 22.864447 4.707122 5.287052 17.167727 -1.918074 2.197758 36.202888 -33.501415 -0.269052 -18.020222 19.966152 35.901428 11.206246 10.425052 -5.075178 2.280053 27.066999 -35.809803 -12.106139 -20.581173 28.793148 10.752158 7.451484 24.275684 -10.284648 -9.919747
24.908865 -47.860706 -5.408651 -21.722818 23.229418 3.532758 5.327355 14.613364 -2.469212 0.233846 35.363274 -33.513962 1.597926 -18.642183 20.178442 35.961037 11.481675 7.854353 -6.360300 0.366476 26.802599 -36.491726 -10.978410 -21.142147 28.789930 10.120987 7.739605 22.211786 -11.085837 -11.416390
24.328039 -48.304424 -4.554464 -21.365641 23.864054 2.655396 4.962242 12.769604 -2.633403 -1.220192 34.716637 -32.980007 3.073495 -19.108595 20.620371 36.055485 11.668119 6.467194 -7.185941 -0.662980 26.253244 -36.547043 -10.360207 -21.462111 28.876324 9.909596 7.800128 20.731857 -11.483798 -12.230091
23.996212 -48.658932 -4.292363 -21.106991 24.169937 2.130390 4.775820 11.729237 -2.558215 -2.042657 34.392883 -32.683346 3.889374 -19.399694 20.761135 36.071339 11.820428 5.801973 -7.586258 -0.954575 26.255344 -36.605076 -9.777516 -21.535919 29.257492 9.510799 8.065951 20.033783 -11.721539 -12.971593
24.118731 -48.456856 -3.704852 -21.093050 24.339252 1.788308 5.025592 11.489575 -2.671679 -2.044338 34.377037 -32.217060 4.540300 -19.637915 20.846655 36.069893 11.849369 5.768903 -7.952442 -0.641527 26.515717 -36.478409 -9.120620 -21.712963 29.323456 9.316711 8.440170 19.887114 -12.073917 -13.158678
24.425610 -45.990749 0.006773 -21.142910 25.565527 -0.147262 6.614061 10.704580 -3.496475 -0.788575 33.678772 -28.516279 7.445400 -20.155914 21.889530 35.200619 11.300664 6.414411 -9.085033 2.463909 27.094446 -33.502773 -5.294005 -23.362803 29.266603 8.993381 9.848619 20.132181 -14.143879 -11.974223
23.471775 -39.143726 7.462017 -21.765696 28.165754 -4.609928 9.241429 10.041806 -5.825809 4.830034 32.812298 -22.383192 13.809605 -21.187107 24.254183 31.472815 12.171179 7.560934 -12.071486 8.372577 26.359818 -25.236719 -0.350064 -24.884714 30.492989 6.041155 12.685585 21.397827 -16.004162 -6.735463
20.236771 -26.715916 13.925094 -23.496328 30.840546 -9.674296 15.068465 11.335551 -5.927409 12.642983 30.670336 -12.109041 21.501472 -21.107965 28.411968 24.213678 11.297873 8.482492 -13.363996 16.987499 21.561956 -12.568397 2.723444 -24.753983 33.489853 1.677106 16.486080 23.894831 -15.754155 4.645223
16.517179 -8.323052 22.375427 -28.055925 31.664738 -12.531584 16.909412 9.033268 -7.357884 20.964130 24.096703 -1.899605 25.720942 -19.340218 35.604958 10.422741 12.388593 9.924952 -11.615260 25.784431 13.666060 -1.039277 7.407962 -22.071344 37.897495 -4.230736 15.338804 19.009497 -17.908442 20.425991
13.817666 7.091382 20.198322 -28.128428 27.096378 -12.555679 11.770712 2.768130 -7.300307 35.852528 18.182144 2.232926 19.625633 -14.461576 38.479595 -5.146276 14.010112 2.962878 -7.103541 30.802641 10.140553 6.231933 9.362468 -17.517593 39.917877 -8.952386 12.639030 7.614223 -16.451431 30.264301
20.166374 12.401378 13.104937 -25.867781 20.659103 -14.996555 4.937337 -5.527836 -9.125883 38.708534 21.514557 5.833966 14.762263 -11.661145 36.188019 -13.457712 12.724362 -6.926418 -5.894648 25.246677 14.189758 10.675040 7.951832 -13.479344 37.195473 -12.072351 9.993926 -4.116270 -13.874661 33.154560
29.643572 14.998542 9.469026 -23.591089 15.220969 -17.352020 -0.983301 -15.656713 -11.393909 30.293539 28.993826 5.298862 12.784289 -7.124227 32.532501 -17.636833 11.270468 -14.747677 -5.236005 20.495092 21.797560 11.073347 5.833337 -12.381004 30.109467 -12.327567 6.370597 -14.567342 -14.177212 31.944012
38.345127 14.790519 7.313088 -19.951647 13.273033 -17.380396 -4.921579 -22.939049 -13.523932 19.224676 36.878811 5.979292 11.395655 -2.205605 29.406031 -20.017042 5.129868 -23.414867 -4.271559 15.979209 29.939520 9.538397 3.831645 -8.397351 26.540836 -10.370329 0.844780 -20.503021 -13.342072 30.575459
41.013508 14.363590 2.572486 -19.305462 10.297494 -16.592701 -6.238875 -24.835484 -14.293114 15.788732 39.727425 5.920049 9.940007 -1.121549 26.362659 -20.791182 2.604493 -27.938711 -3.114966 13.043893 33.857296 7.650598 2.612191 -6.832897 24.069738 -9.912018 -2.124066 -23.832249 -12.865243 29.322161
41.061550 14.233446 1.742836 -19.252447 9.806142 -16.551332 -6.301353 -25.252186 -14.348798 15.451756 40.043526 5.906548 9.608809 -0.967413 25.925945 -21.089424 2.372415 -28.600893 -3.167682 12.936908 34.276867 7.166225 2.388690 -6.693688 23.691065 -9.832547 -2.457980 -24.246593 -12.955913 29.186142
40.477333 14.312119 3.009937 -19.508167 10.508108 -17.138302 -6.129041 -25.021040 -14.862652 16.336542 39.198105 5.887414 9.867500 -1.170647 26.581863 -21.319559 2.363852 -28.249805 -4.187323 13.637902 33.470802 7.475731 2.317530 -6.737837 24.437132 -10.290073 -2.106014 -23.615021 -13.492573 29.518112
38.998211 14.355473 5.087339 -20.077122 11.902102 -18.270157 -6.154759 -24.950144 -16.222040 17.520336 37.735298 5.756342 10.778387 -1.597451 27.817114 -22.021553 3.325886 -26.747643 -5.505807 15.136041 31.671364 8.050736 2.614755 -7.238093 25.938814 -11.597432 -1.407055 -22.365269 -14.477978 30.021168
36.143444 14.123035 6.668636 -20.952347 13.234885 -19.309244 -5.679165 -24.613237 -17.311775 19.386002 35.126850 4.310020 11.174517 -2.734840 29.229612 -23.189505 4.352068 -25.182737 -7.749734 17.052465 28.644617 7.481568 3.354025 -8.852251 27.252718 -13.430407 0.086458 -21.430717 -15.873110 30.227295
33.018993 13.542447 7.181820 -22.117254 14.067009 -20.638979 -4.907741 -24.065611 -18.792120 21.583437 32.748203 2.472718 11.549092 -4.602557 29.797398 -23.635094 6.309700 -23.252819 -9.788578 18.266123 26.087948 7.144701 4.891230 -10.656994 28.800760 -15.634985 1.471653 -21.053041 -17.814358 30.158237
29.568819 12.856956 7.060161 -23.805338 13.944452 -21.709192 -3.398108 -23.422926 -20.073580 23.979452 29.533400 0.504434 11.577998 -7.123744 29.267776 -24.097553 8.823647 -23.167629 -12.744340 19.574118 23.567451 7.058378 5.581342 -12.683543 29.550205 -17.636656 2.665610 -20.672623 -19.832626 30.111616
25.781988 11.678057 6.243600 -25.217640 13.595053 -22.426880 -2.068681 -23.314508 -20.820875 25.988138 26.890099 -1.762614 11.804346 -9.610345 28.395939 -24.428370 11.168261 -23.677887 -16.057312 20.006645 21.477196 7.136494 5.886635 -14.622449 29.722696 -19.355194 3.960391 -20.748495 -21.087429 29.266768
23.045343 10.889682 5.259718 -26.194923 13.149120 -22.970690 -1.211955 -23.249071 -21.361378 27.213242 24.780708 -3.094530 12.143794 -10.822282 28.483973 -24.904648 11.901485 -23.952927 -17.489502 20.363518 20.250582 6.952342 6.117223 -16.444416 29.345549 -20.354044 4.848498 -20.824957 -22.418171 28.518463
20.922789 10.364033 4.565128 -27.334944 12.757382 -23.692350 -0.332437 -23.303053 -22.198132 28.048128 22.973274 -4.267293 12.521128 -11.855929 28.599783 -25.449854 12.523741 -24.982027 -18.897020 20.715221 19.436102 6.971265 6.511489 -17.745378 29.130816 -21.073591 5.305244 -21.359377 -23.443707 28.141026
19.981361 10.238885 4.105223 -27.949301 12.475018 -24.192045 -0.010666 -23.477818 -22.886007 28.301321 22.019432 -4.928864 12.358850 -12.368575 28.380682 -25.800699 13.181101 -25.612387 -19.335358 20.792326 18.866667 6.617707 6.696549 -18.548624 28.737974 -21.371328 5.542131 -21.979094 -24.088623 27.964342
19.612204 10.236255 4.030189 -28.036507 12.389392 -24.235134 0.126559 -23.410097 -22.731400 28.724913 21.770166 -4.898016 12.292487 -12.473243 28.328709 -25.848997 13.438682 -25.455082 -19.348106 21.057512 18.584524 6.755492 6.675436 -18.679264 28.720823 -21.475363 5.741442 -21.888155 -24.028782 28.185167
17.916821 9.698464 4.400902 -28.184261 12.760836 -24.192616 1.225889 -21.694471 -21.875227 31.422928 20.152496 -5.002002 12.214593 -12.911818 28.657711 -26.300213 14.484918 -23.570715 -19.069811 22.724424 17.175180 7.568739 6.653021 -17.959387 30.607952 -22.378750 6.201428 -20.142094 -22.747044 28.350899
16.233471 9.140229 6.119343 -27.531544 14.065355 -24.592573 2.867914 -19.144016 -20.835588 36.016319 19.217678 -4.207384 12.158288 -13.410010 28.862555 -25.955870 16.220776 -19.553347 -17.667006 25.182026 17.660654 7.770422 7.666095 -17.112253 31.790028 -23.194267 8.531846 -16.591026 -22.061630 28.731930
14.610333 8.159673 9.068027 -27.204334 16.461639 -24.210968 5.640400 -15.234661 -20.669085 41.222401 19.020973 -3.467404 13.197479 -13.010695 31.903866 -24.418541 17.533955 -11.698353 -14.884992 27.231295 17.645069 7.619414 9.390848 -17.478756 33.348320 -23.579191 11.251753 -12.449363 -22.725105 29.609947
16.212629 4.885697 12.746809 -26.584932 18.518288 -24.243540 8.408385 -11.364983 -20.796391 43.377869 19.948296 -3.223826 15.398055 -12.615553 35.289913 -22.611010 19.453691 -4.013773 -12.814187 30.119881 20.330034 5.261478 10.348807 -15.769773 35.524529 -23.669064 13.341329 -7.403806 -22.426388 29.416010
22.193363 -0.965509 16.569082 -26.364706 19.415724 -23.871847 10.961701 -7.537716 -21.367388 37.851173 25.275883 -4.901421 17.658581 -12.948161 35.315971 -19.939245 20.079351 1.103080 -12.119637 28.939901 22.676977 1.945612 10.041807 -17.511833 33.595070 -20.571636 15.564862 -0.732009 -23.185358 27.835133
28.664221 -5.704308 17.551790 -24.913448 19.380928 -23.640589 14.424335 -2.727043 -18.378227 31.085493 33.744518 -4.694360 19.094698 -12.864724 34.921329 -16.131876 20.607481 5.063165 -10.951011 23.513876 28.252365 -0.977729 7.970852 -17.286591 30.817272 -16.052601 16.151711 5.701408 -22.193211 25.685654
34.652096 -11.909345 12.194202 -16.740343 24.465647 -20.615675 20.125547 13.558446 0.376966 18.923038 40.217937 -10.711804 14.274239 -11.635428 27.465557 0.828842 18.930960 16.334284 -7.724010 29.058804 34.664570 0.066628 0.639720 -10.103485 34.203037 -9.806046 15.501667 23.083408 -7.826883 16.679615
38.961349 -20.488810 3.385022 -17.062891 21.548794 -12.325794 18.056309 22.528280 2.779950 15.257070 45.412884 -10.855584 6.808914 -14.263718 18.273888 15.631965 15.557275 19.280926 -5.222275 25.994921 38.348404 -9.443567 -7.296428 -10.890471 27.805038 -2.524871 15.249115 28.834885 -5.031979 13.953726
39.420887 -29.010891 -7.435498 -16.903885 17.624590 -7.302367 12.234795 21.308304 3.294369 11.018842 48.595734 -9.001568 -3.849173 -16.042267 10.227534 28.027227 10.512210 15.914304 -3.323438 19.099859 37.286655 -19.740164 -16.875179 -14.837934 20.497007 3.222493 13.589642 27.883490 -5.452066 7.454981
37.692547 -37.049030 -18.540436 -15.916764 15.324554 -2.013513 9.432222 20.581686 3.540981 6.346333 49.613861 -13.791083 -12.778789 -18.923033 2.297401 35.117249 11.779294 10.066686 -4.084111 11.529794 38.835518 -27.910513 -23.799513 -17.145868 16.334984 7.358314 10.063399 23.017317 -6.089904 -2.569337
33.518723 -35.319260 -28.942860 -13.225348 14.717652 -0.248374 2.548368 17.571718 5.643854 10.905831 44.124588 -18.318640 -25.994091 -18.731228 -1.258742 34.371181 11.986605 4.083879 -1.045145 10.084188 37.171146 -30.105358 -33.160297 -13.702197 15.386634 7.760468 4.926835 18.324028 -0.165921 -4.293662
29.657976 -28.419989 -36.930847 -12.248899 13.713895 0.865830 -4.278762 15.067887 10.274767 11.876342 38.231636 -21.553219 -34.071701 -13.493044 1.593982 29.081852 12.171101 0.376097 6.596651 9.342399 31.925003 -27.163101 -41.753014 -10.688752 14.671061 7.281324 -0.135134 14.332991 6.600619 -2.274434
25.121662 -23.149649 -42.883030 -11.763061 13.911450 3.021169 -10.675834 11.863299 13.388865 11.502528 34.113274 -22.108414 -40.691200 -7.065355 6.905508 23.842527 10.629133 -2.449738 13.514303 7.952149 27.398527 -21.009693 -46.532097 -10.380186 13.474082 10.373647 -5.513028 10.314931 9.274297 1.077496
19.136902 -18.857458 -47.734497 -11.131618 14.337222 4.717241 -15.119432 7.898052 13.207617 15.854812 28.072001 -21.411484 -45.962315 -3.838325 8.577414 19.323729 9.165187 -4.954349 19.537281 10.504177 21.066381 -14.188092 -50.352703 -12.155749 11.185396 11.987381 -9.763301 5.054741 10.602883 7.737230
14.618307 -15.071157 -50.189045 -11.706736 14.465515 5.402073 -17.006205 4.198468 11.550615 19.532816 22.327690 -18.667824 -49.921261 -4.163377 8.819009 16.006634 10.954101 -7.140781 22.774715 13.280602 16.749825 -10.003792 -53.920216 -13.492113 9.167411 12.509250 -11.766280 -0.076943 11.513577 11.306183
11.424999 -10.149761 -49.546513 -13.061734 13.941470 4.464674 -18.650396 3.088005 11.082476 25.696016 16.215885 -16.980824 -52.878853 -4.403608 8.814226 12.808018 11.567695 -7.584647 24.910320 19.554089 10.976930 -6.291862 -55.412170 -15.056516 7.962735 11.212279 -12.253093 -1.873084 11.140092 18.371861
8.554555 -5.052301 -47.717495 -14.290311 13.962210 2.384841 -18.485415 3.326930 10.538259 33.247742 11.888563 -14.907017 -53.507484 -3.952344 9.470998 8.561981 13.334170 -7.206833 26.348309 25.991858 7.371807 -2.802428 -55.954807 -16.964737 6.923430 7.992647 -9.841054 -2.479996 10.734416 24.078297
5.645451 -1.521229 -46.143543 -14.448318 15.208502 0.264304 -16.483313 2.924748 10.293145 37.287849 8.689183 -11.718131 -51.907722 -3.851459 10.448970 5.686418 14.292106 -7.225705 26.917946 30.460133 4.355557 0.469192 -56.154907 -17.807367 7.470664 5.097739 -7.099143 -3.077667 10.980922 25.725056
3.939137 -0.042172 -45.722771 -14.230437 16.089235 -1.201884 -15.042701 2.387543 10.604156 38.774406 6.981320 -10.004597 -51.037949 -4.419315 10.540631 4.416768 15.200896 -8.237387 26.565556 31.982632 3.147103 1.824392 -56.034248 -17.946529 7.996416 3.421141 -5.830865 -3.655041 10.827010 26.204849
