-17.847656 5.532883 -9.858825 -17.985775 33.451504 15.993654 1.140270 -27.913614 17.051804 1.656138 -16.683453 -0.095878 -17.445210 -28.195194 42.017738 -4.330044 0.364671 -14.106363 6.084755 -4.182078 -11.702849 -0.372046 -14.797510 -19.161299 42.452042 -13.674795 -8.641499 -16.658808 19.883417 -13.220834
-16.991528 5.627525 -11.366487 -17.760410 32.467545 16.235069 0.915696 -27.478462 16.952196 2.344035 -15.816103 -0.259076 -19.249413 -27.452358 41.132622 -4.825974 0.416236 -14.184192 6.564862 -3.776820 -10.770728 -0.463007 -16.404161 -18.634995 41.173679 -13.442031 -9.081016 -16.496197 20.355385 -12.506890
-15.744256 5.798361 -13.838258 -17.410797 30.962908 16.460484 0.688674 -27.185913 16.732962 3.291055 -14.427176 -0.466707 -21.985287 -26.188061 39.633953 -5.639640 0.135379 -14.949330 7.308992 -3.358795 -9.362684 0.073505 -18.656618 -18.146164 39.085831 -13.292934 -9.168536 -17.046080 20.394373 -11.395738
-14.318490 5.801317 -16.770979 -17.369204 28.576191 16.827774 -0.221996 -27.088171 16.436815 4.393163 -12.904985 -0.565206 -25.070858 -24.974398 37.787277 -6.171747 -0.424971 -16.058823 7.825369 -2.968744 -8.152274 0.794346 -21.331551 -18.434917 36.038177 -11.969277 -9.678419 -17.390083 20.500412 -9.755537
-12.340112 5.702495 -19.602913 -17.538340 25.711048 17.127611 -1.806483 -27.259697 16.270491 5.058364 -11.612126 -0.697503 -28.281651 -24.673418 35.346867 -6.458912 -0.814386 -16.916536 8.743947 -3.078176 -7.552560 1.219453 -24.316240 -20.125338 31.834259 -9.641899 -10.198165 -18.296824 20.073593 -7.724485
-9.819527 5.650752 -22.919971 -17.132412 22.637058 16.949549 -3.064127 -27.800192 16.051510 6.059580 -9.735391 -0.748523 -31.759127 -24.042576 32.573189 -7.271873 -0.624472 -17.978773 9.336270 -2.706849 -6.767197 1.329838 -27.312059 -21.682840 27.723806 -7.678332 -10.029428 -19.265888 18.700493 -5.402956
-7.445395 5.313170 -26.128710 -16.641466 20.027864 16.767521 -3.976774 -28.558733 16.100286 6.053715 -7.363123 -1.028784 -34.474163 -23.659357 29.743858 -7.720455 -0.621443 -19.570215 9.651858 -3.222228 -5.521741 1.116764 -29.995636 -22.889858 24.116451 -4.674883 -9.903939 -21.147169 15.740983 -3.825870
-5.575729 5.020882 -28.438871 -16.278765 18.041006 16.658325 -4.778050 -29.187416 16.260046 5.624074 -5.518002 -0.738190 -36.133091 -23.284605 27.952818 -7.662807 -1.395954 -20.370733 10.316482 -3.870140 -4.749296 0.865659 -31.349421 -23.758318 21.800106 -2.611396 -10.497301 -22.442249 13.869319 -2.648518
-4.711184 4.523293 -29.686031 -16.202955 16.487608 16.007071 -5.056697 -30.010246 16.298487 5.320005 -4.110385 -0.567479 -37.082798 -23.084480 26.474163 -8.260025 -1.243348 -20.865791 10.727447 -4.042368 -4.022065 0.362820 -32.171371 -24.550308 19.714258 -1.474061 -10.745182 -23.125093 12.661716 -1.911632
-4.233169 4.372236 -30.405106 -16.061331 15.882290 15.858565 -5.162414 -30.101456 16.316036 5.343904 -3.333746 -0.468290 -37.786572 -22.926817 25.786816 -8.577828 -1.106320 -20.983799 10.917684 -3.903110 -3.809279 0.157597 -32.696350 -24.827391 18.817690 -1.101858 -10.812945 -23.132822 12.174432 -1.029050
-4.293059 4.464047 -30.568737 -16.048609 15.843704 15.974766 -5.241659 -29.917757 16.495983 5.359317 -3.131618 -0.337139 -38.121452 -22.900248 25.597076 -8.609791 -1.151188 -20.830881 11.210963 -3.852327 -3.856186 0.231353 -33.022518 -24.894844 18.451601 -0.813706 -10.920650 -23.219011 12.148937 -0.875313
-4.301376 4.938120 -32.090397 -15.813067 15.082229 16.297256 -5.931068 -28.760252 17.936184 6.077464 -2.085071 1.069207 -39.872150 -22.776468 24.947464 -8.060063 -2.155266 -19.906618 12.685521 -3.906579 -4.193283 0.332451 -34.444149 -24.705732 17.553556 0.214108 -11.445947 -23.185427 12.215107 -0.493803
-5.036119 5.354078 -34.724632 -14.879398 14.516109 16.461891 -7.163800 -26.677671 20.473381 9.085588 -1.390831 2.186643 -43.129829 -22.549191 23.164494 -7.856791 -2.970967 -17.082285 14.751948 -1.665976 -6.063258 -0.707000 -37.312435 -24.149984 17.197315 1.069587 -11.783365 -21.218876 13.489317 0.485955
-5.895093 4.223650 -37.472221 -13.510252 14.747064 16.831741 -6.939147 -22.715519 23.537718 12.969457 -1.275106 4.142755 -46.521713 -22.858736 20.750519 -6.994303 -4.194890 -13.895044 16.668140 1.894349 -8.782006 -3.281311 -41.567226 -24.486242 16.014547 0.664262 -10.426847 -19.554716 13.486346 3.671782
-6.399914 -0.358908 -39.445110 -11.177469 15.440364 16.467392 -5.290821 -17.097662 26.792412 17.239290 1.476154 4.308148 -50.311790 -24.630447 16.222599 -6.037620 -3.845043 -11.295987 17.312637 3.404808 -7.615632 -6.211572 -44.334373 -25.087763 13.360036 -0.635872 -8.724238 -19.721569 11.697529 6.500672
-4.765736 -3.870239 -42.128803 -7.930738 15.580776 14.127357 -3.262683 -13.681941 30.951376 19.201891 4.116994 2.290168 -51.648975 -28.439873 11.150191 -5.986429 -0.249923 -10.581252 15.068370 3.882169 -2.406008 -4.051516 -44.371281 -25.961998 9.351240 0.891844 -8.627848 -17.196152 11.579352 8.514367
1.253899 -3.913181 -41.246738 -4.359859 15.740686 12.968135 -4.087433 -12.285863 32.479610 20.468431 7.959975 -3.166626 -52.350422 -27.067520 9.001943 -5.478443 -0.170919 -11.028197 10.664672 6.461661 2.582165 -2.802751 -45.978359 -24.871157 7.557034 2.624353 -9.079780 -13.076694 13.583040 9.566829
8.053292 -5.993459 -41.570587 -3.264148 12.841840 12.845465 -6.580459 -12.680969 30.952236 21.000881 12.796650 -7.783310 -54.352184 -24.293133 6.788253 -5.210977 -2.478067 -10.782280 9.902802 8.043827 8.155081 -5.649560 -46.735168 -22.507849 5.509360 5.875014 -12.795629 -10.967591 13.648570 11.077249
12.500724 -7.247756 -41.610226 -3.306251 9.773135 12.111594 -7.544097 -13.877090 28.284313 22.335743 17.621273 -10.618082 -55.428391 -21.525070 5.330794 -5.960461 -2.830391 -11.179369 9.546742 8.654588 11.471682 -9.796820 -48.125130 -22.448509 2.390475 4.998116 -12.206466 -10.752126 12.379040 12.608236
14.572458 -7.369210 -41.882954 -3.529542 7.649347 10.771477 -6.546728 -14.980346 26.502298 22.890093 19.618484 -11.359405 -55.128464 -20.197922 4.574380 -7.071921 -2.120214 -11.788576 8.426518 9.433225 13.661483 -12.196598 -48.708225 -23.237888 -0.130789 3.883576 -10.923962 -11.563340 11.248911 12.740916
14.844237 -7.374975 -42.043079 -3.508474 7.365018 10.637646 -6.408462 -15.043627 26.318441 23.050234 19.930914 -11.289887 -55.118488 -20.097500 4.434804 -7.262765 -1.973762 -11.833128 8.322803 9.648180 13.802838 -12.251853 -48.876331 -23.244118 -0.321267 3.554772 -10.614789 -11.792250 11.096152 12.770757
14.244886 -6.897501 -42.175438 -3.392645 7.782804 10.972329 -6.660522 -14.378060 26.607990 24.257828 18.954264 -11.151825 -55.829926 -20.052856 4.676222 -7.461974 -2.141118 -11.302671 8.817646 10.895856 12.209535 -11.481801 -49.911507 -23.502443 -0.450995 3.274342 -10.402813 -11.714489 11.484311 14.015374
13.472831 -6.096206 -42.113041 -3.243535 8.336374 11.501137 -7.019015 -13.350110 26.945009 25.952841 17.465847 -10.800056 -56.641132 -20.023638 4.990274 -7.824857 -2.394204 -10.638778 9.503112 12.843949 10.119445 -10.476912 -50.840435 -24.084660 -0.665887 2.719562 -9.819575 -11.571796 11.661045 15.545182
12.248369 -4.198833 -42.169189 -3.239777 9.049704 12.278210 -8.093272 -12.476865 27.382864 28.714033 15.444086 -10.364430 -57.770172 -19.780003 5.511458 -8.545327 -2.360753 -9.580500 10.323963 15.669135 7.628232 -8.762432 -51.994255 -24.125080 -0.300513 1.979799 -9.482131 -10.760233 12.029471 18.599941
11.341536 -1.351998 -40.698051 -3.162239 10.554323 13.027536 -9.322042 -11.420663 27.445349 32.524574 12.167890 -9.914892 -58.949062 -19.487900 6.530574 -9.314891 -2.521428 -8.080462 11.062672 19.921478 4.292598 -6.158600 -52.861858 -24.013918 1.029824 1.143362 -8.944906 -10.110768 12.839616 21.546347
10.535872 1.183128 -38.225800 -3.002920 12.491007 13.857408 -9.926347 -9.823810 27.004377 36.344795 9.023274 -9.162519 -59.175449 -18.886166 8.343724 -10.216700 -2.609232 -6.297950 11.515802 24.265978 0.816337 -3.088310 -52.966702 -23.071054 3.845396 -0.125968 -8.571187 -9.024133 14.381525 23.476072
8.953601 4.244726 -35.539745 -3.015135 14.879809 14.009923 -9.670870 -8.671649 26.437277 39.852543 5.820991 -8.068610 -58.199917 -18.435266 10.527585 -10.758450 -3.015852 -5.253348 11.185828 28.084452 -1.576823 0.145274 -52.287907 -22.431234 6.077294 -1.323466 -7.735508 -8.030012 15.132435 24.976728
6.762814 6.716295 -33.366905 -3.300703 16.962269 13.889183 -9.348986 -8.245204 26.298136 42.338703 2.668381 -6.339899 -56.068771 -18.703022 12.951098 -11.134630 -2.900069 -4.640032 10.675030 30.545866 -3.528660 2.386796 -51.994747 -22.193703 7.666505 -3.069469 -6.549831 -7.448305 15.683475 26.516626
5.449335 8.137993 -31.567112 -3.447866 18.596203 13.753677 -8.890484 -8.175342 26.192295 43.274742 0.437293 -4.972861 -54.128304 -19.107643 14.672475 -11.532971 -2.480695 -4.124125 10.284154 32.087318 -5.227597 4.297649 -51.305599 -22.254358 9.086325 -4.359510 -5.451080 -7.272516 15.513080 27.750660
4.951676 8.863360 -30.750061 -3.640518 19.108315 13.381193 -8.340617 -8.209764 25.993856 43.861858 -0.804238 -4.085435 -53.050007 -19.357553 15.584481 -11.730846 -2.246706 -3.849913 10.028602 32.964108 -5.983457 5.125969 -50.847301 -22.469036 9.572825 -5.060910 -4.765374 -7.260573 15.212165 28.412024
4.776746 9.135878 -30.532564 -3.741463 19.222672 13.248266 -8.159105 -8.240012 25.956480 43.989250 -1.160794 -3.788698 -52.597336 -19.500790 15.862453 -11.739096 -2.220537 -3.781714 9.959777 33.080971 -6.220023 5.400304 -50.661060 -22.434046 9.869623 -5.273016 -4.609385 -7.205785 15.204000 28.496536
3.955842 9.675304 -29.766441 -3.952707 19.880430 13.012097 -7.789859 -8.355701 26.098478 43.896168 -2.128660 -3.042711 -51.583572 -19.950994 16.507376 -11.627419 -2.252763 -3.734379 9.844174 33.201946 -6.828823 5.865326 -49.886505 -22.286398 10.862811 -5.795103 -4.382401 -7.150798 15.248653 28.303083
2.330287 10.736241 -28.248150 -4.470260 21.159086 12.708680 -7.108997 -8.625846 26.330631 43.304787 -4.005324 -1.602857 -50.115284 -20.876993 17.620531 -11.210540 -2.269597 -3.495327 9.711479 33.241268 -8.028856 6.645856 -48.533958 -21.880526 12.918938 -6.744933 -3.951614 -7.079047 15.391599 27.648930
0.793526 12.043683 -26.758701 -5.232863 22.132156 12.049363 -5.497973 -8.973312 26.444452 42.313904 -6.187283 0.401854 -48.056705 -22.095081 19.021690 -10.966618 -1.830310 -3.099785 9.533484 33.200047 -9.503239 7.630542 -46.954659 -21.474863 15.353703 -7.955256 -3.036430 -7.127162 15.521200 26.441864
-1.041953 13.914474 -24.721075 -6.162204 23.480366 11.157992 -3.569075 -9.313367 26.810617 40.747551 -8.409096 2.640957 -45.315529 -23.420073 20.896296 -10.624887 -1.513635 -2.145817 9.647616 32.802521 -11.017008 8.802639 -45.151775 -21.093672 17.899061 -9.578668 -1.704640 -7.212849 15.638198 24.932930
-2.878670 16.463392 -21.942711 -7.359174 25.064281 9.908068 -1.305620 -9.557658 27.015835 39.257278 -10.272957 5.748709 -41.723000 -24.854748 23.053782 -10.621307 -1.033386 -1.133458 10.071607 32.166512 -13.025886 10.503858 -43.171314 -20.717304 20.973974 -11.591767 -0.199405 -7.679430 16.245350 22.912952
-4.645797 19.500381 -18.812836 -8.700665 26.566402 8.408653 1.264335 -9.587515 26.993782 38.068008 -11.738358 8.907138 -37.794357 -25.881441 25.166376 -10.976150 0.000359 -0.894830 9.323359 32.136208 -15.893628 11.861893 -40.282372 -21.614811 23.880150 -13.716043 1.464996 -8.160718 16.997780 20.825411
-11.179322 24.132811 -14.197576 -12.491398 30.271864 7.740387 7.308534 -16.462940 18.069860 33.914581 -14.260451 15.906409 -29.729488 -24.686739 34.729374 -12.859113 6.908316 -0.872432 9.932487 26.115238 -15.090303 15.597405 -27.635988 -21.981899 26.926916 -16.962856 -0.714850 -2.267480 26.254675 23.177589
-13.372295 25.766840 -8.280406 -14.797942 32.812931 5.724148 10.522482 -17.944235 17.326683 30.215937 -17.181747 18.642471 -22.984760 -26.736444 37.658653 -12.648495 7.254471 -2.323312 8.133016 25.091040 -18.248434 17.994465 -21.336596 -24.824556 30.304529 -18.529585 1.364947 -3.216686 24.508892 21.263906
-16.132763 25.321547 -2.364592 -16.892962 35.225319 4.147685 13.103369 -20.140251 16.443689 24.870985 -19.921808 20.086145 -16.511726 -28.916079 39.635525 -11.698524 6.744708 -4.390996 5.929525 23.061193 -20.772144 19.025480 -14.610515 -27.578892 33.472767 -18.251709 2.280966 -4.086222 21.869867 17.901581
-20.435730 21.270535 1.220876 -18.983263 36.726734 3.885660 16.335777 -22.055870 16.314398 19.535656 -22.738012 19.824568 -11.594107 -33.049061 39.466270 -9.653773 7.221797 -8.609780 0.358646 20.319994 -24.311735 16.504122 -11.271466 -30.255880 37.733337 -19.046566 2.733159 -5.108284 17.180569 12.807233
-22.159573 18.823950 3.934444 -20.415018 37.525856 3.559772 16.617849 -24.450472 15.416104 14.874967 -23.149677 18.766932 -6.361179 -34.488976 40.643261 -8.318664 5.847842 -11.036166 -1.820700 16.366468 -26.061602 15.005382 -6.815056 -32.837029 39.292492 -19.085808 3.769433 -6.094665 14.977508 9.471570
-23.700047 16.613083 6.502600 -21.896833 38.035839 3.055361 16.828732 -26.784679 14.760134 10.346128 -24.161085 17.986780 -1.871943 -35.868191 42.000732 -7.710124 5.747214 -12.356963 -3.314322 13.463889 -28.033070 13.542873 -3.260932 -35.611217 40.116173 -19.379671 5.224680 -7.083013 12.968501 6.394881
-24.106554 14.624486 8.474696 -22.840878 38.181900 2.228021 17.358992 -28.818991 14.194971 6.635265 -25.239691 17.446505 1.845218 -37.231544 42.712749 -7.769179 6.307140 -13.957733 -4.546235 11.158710 -28.827387 12.011016 0.173429 -37.590000 40.569870 -19.649263 6.093983 -8.687362 10.722506 3.703310
-24.259022 13.002624 9.932793 -23.243301 38.431385 2.061509 17.616123 -30.239616 13.762987 3.318800 -25.220415 16.287622 4.979281 -38.011646 42.925461 -7.705516 6.398657 -16.168077 -5.470284 7.864899 -28.894566 10.752163 3.112699 -39.002098 41.190441 -19.518246 6.606461 -10.150862 9.160335 0.872514
-23.957647 11.179832 11.335939 -23.553137 38.522346 2.123119 17.253222 -31.372400 13.500130 -0.079898 -25.419014 15.378685 8.123200 -38.809742 43.607376 -7.628599 6.487409 -17.589855 -5.866889 4.927989 -28.198967 9.579076 5.988704 -39.994648 41.620178 -18.968794 6.628765 -11.406517 7.966486 -1.920636
-23.836063 9.431349 12.689454 -24.285751 38.799686 2.155235 17.642616 -31.764553 13.508249 -2.917477 -24.699635 14.477440 10.466033 -39.179272 44.147610 -7.523722 6.368504 -18.575567 -6.168567 2.523482 -27.254911 8.500835 8.189042 -40.239254 42.285160 -18.426466 6.504038 -11.871087 6.889750 -4.184184
-23.082489 7.384825 13.764677 -24.896955 39.036285 2.220613 17.982122 -31.790230 13.558258 -5.385440 -23.563677 13.501851 12.387688 -39.197044 44.661713 -7.058434 5.733241 -19.426292 -6.681459 0.402790 -26.126589 7.204741 9.869089 -40.470036 42.460304 -17.607941 6.148006 -12.213772 5.937691 -6.174095
-22.762724 6.042146 14.638031 -25.091221 39.387222 2.401607 18.188606 -31.578751 13.557115 -6.816673 -23.051920 12.842771 13.511777 -39.124969 45.166843 -6.812442 5.342816 -19.813082 -7.007837 -0.609398 -25.677557 6.368837 10.929690 -40.492790 42.946285 -17.227907 5.985234 -12.150290 5.524536 -7.509923
-22.650640 5.434490 14.974393 -25.119926 39.546413 2.499361 18.323641 -31.360924 13.590389 -7.353018 -22.644112 12.500038 13.986519 -39.101921 45.261574 -6.615661 5.169319 -20.015062 -7.225325 -1.211560 -25.446695 6.038643 11.530923 -40.510704 43.254318 -17.046179 5.871314 -12.105159 5.372207 -8.184262
